#Clock	ItemsCollected
#Clock	Items
1	0
2	0
3	0
4	0
5	0
6	0
7	0
8	0
9	0
10	0
11	0
12	0
13	0
14	0
15	0
16	0
17	0
18	0
19	0
20	0
21	0
22	0
23	0
24	0
25	0
26	0
27	0
28	0
29	0
30	0
31	0
32	0
33	0
34	0
35	0
36	0
37	0
38	0
39	0
40	0
41	0
42	0
43	0
44	0
45	0
46	0
47	0
48	0
49	0
50	0
51	0
52	0
53	0
54	0
55	0
56	0
57	0
58	0
59	0
60	0
61	0
62	0
63	0
64	0
65	0
66	0
67	0
68	0
69	0
70	0
71	0
72	0
73	0
74	0
75	0
76	0
77	0
78	0
79	0
80	0
81	0
82	0
83	0
84	0
85	0
86	0
87	0
88	0
89	0
90	0
91	0
92	0
93	0
94	0
95	0
96	0
97	0
98	0
99	0
100	0
101	0
102	0
103	0
104	0
105	0
106	0
107	0
108	0
109	0
110	0
111	0
112	0
113	0
114	0
115	0
116	0
117	0
118	0
119	0
120	0
121	0
122	0
123	0
124	0
125	0
126	0
127	0
128	0
129	0
130	0
131	0
132	0
133	0
134	0
135	0
136	0
137	0
138	0
139	0
140	0
141	0
142	0
143	0
144	0
145	0
146	0
147	0
148	0
149	0
150	0
151	0
152	0
153	0
154	0
155	0
156	0
157	0
158	0
159	0
160	0
161	0
162	0
163	0
164	0
165	0
166	0
167	0
168	0
169	0
170	0
171	0
172	0
173	0
174	0
175	0
176	0
177	0
178	0
179	0
180	0
181	0
182	0
183	0
184	0
185	0
186	0
187	0
188	0
189	0
190	0
191	0
192	0
193	0
194	0
195	0
196	0
197	0
198	0
199	0
200	0
201	0
202	0
203	0
204	0
205	0
206	0
207	0
208	0
209	0
210	0
211	0
212	0
213	0
214	0
215	0
216	0
217	0
218	0
219	0
220	0
221	0
222	0
223	0
224	0
225	0
226	0
227	0
228	0
229	0
230	0
231	0
232	0
233	0
234	0
235	0
236	0
237	0
238	0
239	0
240	0
241	0
242	0
243	0
244	0
245	0
246	0
247	0
248	0
249	0
250	0
251	0
252	0
253	0
254	0
255	0
256	0
257	0
258	0
259	0
260	0
261	0
262	0
263	0
264	0
265	0
266	0
267	0
268	0
269	0
270	0
271	0
272	0
273	0
274	0
275	0
276	0
277	0
278	0
279	0
280	0
281	0
282	0
283	0
284	0
285	0
286	0
287	0
288	0
289	0
290	0
291	0
292	0
293	0
294	0
295	0
296	0
297	0
298	0
299	0
300	0
301	0
302	0
303	0
304	0
305	0
306	0
307	0
308	0
309	0
310	0
311	0
312	0
313	0
314	0
315	0
316	0
317	0
318	0
319	0
320	0
321	0
322	0
323	0
324	0
325	0
326	0
327	0
328	0
329	0
330	0
331	0
332	0
333	0
334	0
335	0
336	0
337	0
338	0
339	0
340	0
341	0
342	0
343	0
344	0
345	0
346	0
347	0
348	0
349	0
350	0
351	0
352	0
353	0
354	0
355	0
356	0
357	0
358	0
359	0
360	0
361	0
362	0
363	0
364	0
365	0
366	0
367	0
368	0
369	0
370	0
371	0
372	0
373	0
374	0
375	0
376	0
377	0
378	0
379	0
380	0
381	0
382	0
383	0
384	0
385	0
386	0
387	0
388	0
389	0
390	0
391	0
392	0
393	0
394	0
395	0
396	0
397	0
398	0
399	0
400	0
401	0
402	0
403	0
404	0
405	0
406	0
407	0
408	0
409	0
410	0
411	0
412	0
413	0
414	0
415	0
416	0
417	0
418	0
419	0
420	0
421	0
422	0
423	0
424	0
425	0
426	0
427	0
428	0
429	0
430	0
431	0
432	0
433	0
434	0
435	0
436	0
437	0
438	0
439	0
440	0
441	0
442	0
443	0
444	0
445	0
446	0
447	0
448	0
449	0
450	0
451	0
452	0
453	0
454	0
455	0
456	0
457	0
458	0
459	0
460	0
461	0
462	0
463	0
464	0
465	0
466	0
467	0
468	0
469	0
470	0
471	0
472	0
473	0
474	0
475	0
476	0
477	0
478	0
479	0
480	0
481	0
482	0
483	0
484	0
485	0
486	0
487	0
488	0
489	0
490	0
491	0
492	0
493	0
494	0
495	0
496	0
497	0
498	0
499	0
500	0
501	0
502	0
503	0
504	0
505	0
506	0
507	0
508	0
509	0
510	0
511	0
512	0
513	0
514	0
515	0
516	0
517	0
518	0
519	0
520	0
521	0
522	0
523	0
524	0
525	0
526	0
527	0
528	0
529	0
530	0
531	0
532	0
533	0
534	0
535	0
536	0
537	0
538	0
539	0
540	0
541	0
542	0
543	0
544	0
545	0
546	0
547	0
548	0
549	0
550	0
551	0
552	0
553	0
554	0
555	0
556	0
557	0
558	0
559	0
560	0
561	0
562	0
563	0
564	0
565	0
566	0
567	0
568	0
569	0
570	0
571	0
572	0
573	0
574	0
575	0
576	0
577	0
578	0
579	0
580	0
581	0
582	0
583	0
584	0
585	0
586	0
587	0
588	0
589	0
590	0
591	0
592	0
593	0
594	0
595	0
596	0
597	0
598	0
599	0
600	0
601	0
602	0
603	0
604	0
605	0
606	0
607	0
608	0
609	0
610	0
611	0
612	0
613	0
614	0
615	0
616	0
617	0
618	0
619	0
620	0
621	0
622	0
623	0
624	0
625	0
626	0
627	0
628	0
629	0
630	0
631	0
632	0
633	0
634	0
635	0
636	0
637	0
638	0
639	0
640	0
641	0
642	0
643	0
644	0
645	0
646	0
647	0
648	0
649	0
650	0
651	0
652	0
653	0
654	0
655	0
656	0
657	0
658	0
659	0
660	0
661	0
662	0
663	0
664	0
665	0
666	0
667	0
668	0
669	0
670	0
671	0
672	0
673	0
674	0
675	0
676	0
677	0
678	0
679	0
680	0
681	0
682	0
683	0
684	0
685	0
686	0
687	0
688	0
689	0
690	0
691	0
692	0
693	0
694	0
695	0
696	0
697	0
698	0
699	0
700	0
701	0
702	0
703	0
704	0
705	0
706	0
707	0
708	0
709	0
710	0
711	0
712	0
713	0
714	0
715	0
716	0
717	0
718	0
719	0
720	0
721	0
722	0
723	0
724	0
725	0
726	0
727	0
728	0
729	0
730	0
731	0
732	0
733	0
734	0
735	0
736	0
737	0
738	0
739	0
740	0
741	0
742	0
743	0
744	0
745	0
746	0
747	0
748	0
749	0
750	0
751	0
752	0
753	0
754	0
755	0
756	0
757	0
758	0
759	0
760	0
761	0
762	0
763	0
764	0
765	0
766	0
767	0
768	0
769	0
770	0
771	0
772	0
773	0
774	0
775	0
776	0
777	0
778	0
779	0
780	0
781	0
782	0
783	0
784	0
785	0
786	0
787	0
788	0
789	0
790	0
791	0
792	0
793	0
794	0
795	0
796	0
797	0
798	0
799	0
800	0
801	0
802	0
803	0
804	0
805	0
806	0
807	0
808	0
809	0
810	0
811	0
812	0
813	0
814	0
815	0
816	0
817	0
818	0
819	0
820	0
821	0
822	0
823	0
824	0
825	0
826	0
827	0
828	0
829	0
830	0
831	0
832	0
833	0
834	0
835	0
836	0
837	0
838	0
839	0
840	0
841	0
842	0
843	0
844	0
845	0
846	0
847	0
848	0
849	0
850	0
851	0
852	0
853	0
854	0
855	0
856	0
857	0
858	0
859	0
860	0
861	0
862	0
863	0
864	0
865	0
866	0
867	0
868	0
869	0
870	0
871	0
872	0
873	0
874	0
875	0
876	0
877	0
878	0
879	0
880	0
881	0
882	0
883	0
884	0
885	0
886	0
887	0
888	0
889	0
890	0
891	0
892	0
893	0
894	0
895	0
896	0
897	0
898	0
899	0
900	0
901	0
902	0
903	0
904	0
905	0
906	0
907	0
908	0
909	0
910	0
911	0
912	0
913	0
914	0
915	0
916	0
917	0
918	0
919	0
920	0
921	0
922	0
923	0
924	0
925	0
926	0
927	0
928	0
929	0
930	0
931	0
932	0
933	0
934	0
935	0
936	0
937	0
938	0
939	0
940	0
941	0
942	0
943	0
944	0
945	0
946	0
947	0
948	0
949	0
950	0
951	0
952	0
953	0
954	0
955	0
956	0
957	0
958	0
959	0
960	0
961	0
962	0
963	0
964	0
965	0
966	0
967	0
968	0
969	0
970	0
971	0
972	0
973	0
974	0
975	0
976	0
977	0
978	0
979	0
980	0
981	0
982	0
983	0
984	0
985	0
986	0
987	0
988	0
989	0
990	0
991	0
992	0
993	0
994	0
995	0
996	0
997	0
998	0
999	0
1000	0
1001	0
1002	0
1003	0
1004	0
1005	0
1006	0
1007	0
1008	0
1009	0
1010	0
1011	0
1012	0
1013	0
1014	0
1015	0
1016	0
1017	0
1018	0
1019	0
1020	0
1021	0
1022	0
1023	0
1024	0
1025	0
1026	0
1027	0
1028	0
1029	0
1030	0
1031	0
1032	0
1033	0
1034	0
1035	0
1036	0
1037	0
1038	0
1039	0
1040	0
1041	0
1042	0
1043	0
1044	0
1045	0
1046	0
1047	0
1048	0
1049	0
1050	0
1051	0
1052	0
1053	0
1054	0
1055	0
1056	0
1057	0
1058	0
1059	0
1060	0
1061	0
1062	0
1063	0
1064	0
1065	0
1066	0
1067	0
1068	0
1069	0
1070	0
1071	0
1072	0
1073	0
1074	0
1075	0
1076	0
1077	0
1078	0
1079	0
1080	0
1081	0
1082	0
1083	0
1084	0
1085	0
1086	0
1087	0
1088	0
1089	0
1090	0
1091	0
1092	0
1093	0
1094	0
1095	0
1096	0
1097	0
1098	0
1099	0
1100	0
1101	0
1102	0
1103	0
1104	0
1105	0
1106	0
1107	0
1108	0
1109	0
1110	0
1111	0
1112	0
1113	0
1114	0
1115	0
1116	0
1117	0
1118	0
1119	0
1120	0
1121	0
1122	0
1123	0
1124	0
1125	0
1126	0
1127	0
1128	0
1129	0
1130	0
1131	0
1132	0
1133	0
1134	0
1135	0
1136	0
1137	0
1138	0
1139	0
1140	0
1141	0
1142	0
1143	0
1144	0
1145	0
1146	0
1147	0
1148	0
1149	0
1150	0
1151	0
1152	0
1153	0
1154	0
1155	0
1156	0
1157	0
1158	0
1159	0
1160	0
1161	0
1162	0
1163	0
1164	0
1165	0
1166	0
1167	0
1168	0
1169	0
1170	0
1171	0
1172	0
1173	0
1174	0
1175	0
1176	0
1177	0
1178	0
1179	0
1180	0
1181	0
1182	0
1183	0
1184	0
1185	0
1186	0
1187	0
1188	0
1189	0
1190	0
1191	0
1192	0
1193	0
1194	0
1195	0
1196	0
1197	0
1198	0
1199	0
1200	0
1201	0
1202	0
1203	0
1204	0
1205	0
1206	0
1207	0
1208	0
1209	0
1210	0
1211	0
1212	0
1213	0
1214	0
1215	0
1216	0
1217	0
1218	0
1219	0
1220	0
1221	0
1222	0
1223	0
1224	0
1225	0
1226	0
1227	0
1228	0
1229	0
1230	0
1231	0
1232	0
1233	0
1234	0
1235	0
1236	0
1237	0
1238	0
1239	0
1240	0
1241	0
1242	0
1243	0
1244	0
1245	0
1246	0
1247	0
1248	0
1249	0
1250	0
1251	0
1252	0
1253	0
1254	0
1255	0
1256	0
1257	0
1258	0
1259	0
1260	0
1261	0
1262	0
1263	0
1264	0
1265	0
1266	0
1267	0
1268	0
1269	0
1270	0
1271	0
1272	0
1273	0
1274	0
1275	0
1276	0
1277	0
1278	0
1279	0
1280	0
1281	0
1282	0
1283	0
1284	0
1285	0
1286	0
1287	0
1288	0
1289	0
1290	0
1291	0
1292	0
1293	0
1294	0
1295	0
1296	0
1297	0
1298	0
1299	0
1300	0
1301	0
1302	0
1303	0
1304	0
1305	0
1306	0
1307	0
1308	0
1309	0
1310	0
1311	0
1312	0
1313	0
1314	0
1315	0
1316	0
1317	0
1318	0
1319	0
1320	0
1321	0
1322	0
1323	0
1324	0
1325	0
1326	0
1327	0
1328	0
1329	0
1330	0
1331	0
1332	0
1333	0
1334	0
1335	0
1336	0
1337	0
1338	0
1339	0
1340	0
1341	0
1342	0
1343	0
1344	0
1345	0
1346	0
1347	0
1348	0
1349	0
1350	0
1351	0
1352	0
1353	0
1354	0
1355	0
1356	0
1357	0
1358	0
1359	0
1360	0
1361	0
1362	0
1363	0
1364	0
1365	0
1366	0
1367	0
1368	0
1369	0
1370	0
1371	0
1372	0
1373	0
1374	0
1375	0
1376	0
1377	0
1378	0
1379	0
1380	0
1381	0
1382	0
1383	0
1384	0
1385	0
1386	0
1387	0
1388	0
1389	0
1390	0
1391	0
1392	0
1393	0
1394	0
1395	0
1396	0
1397	0
1398	0
1399	0
1400	0
1401	0
1402	0
1403	0
1404	0
1405	0
1406	0
1407	0
1408	0
1409	0
1410	0
1411	0
1412	0
1413	0
1414	0
1415	0
1416	0
1417	0
1418	0
1419	0
1420	0
1421	0
1422	0
1423	0
1424	0
1425	0
1426	0
1427	0
1428	0
1429	0
1430	0
1431	0
1432	0
1433	0
1434	0
1435	0
1436	0
1437	0
1438	0
1439	0
1440	0
1441	0
1442	0
1443	0
1444	0
1445	0
1446	0
1447	0
1448	0
1449	0
1450	0
1451	0
1452	0
1453	0
1454	0
1455	0
1456	0
1457	0
1458	0
1459	0
1460	0
1461	0
1462	0
1463	0
1464	0
1465	0
1466	0
1467	0
1468	0
1469	0
1470	0
1471	0
1472	0
1473	0
1474	0
1475	0
1476	0
1477	0
1478	0
1479	0
1480	0
1481	0
1482	0
1483	0
1484	0
1485	0
1486	0
1487	0
1488	0
1489	0
1490	0
1491	0
1492	0
1493	0
1494	0
1495	0
1496	0
1497	0
1498	0
1499	0
1500	0
1501	0
1502	0
1503	0
1504	0
1505	0
1506	0
1507	0
1508	0
1509	0
1510	0
1511	0
1512	0
1513	0
1514	0
1515	0
1516	0
1517	0
1518	0
1519	0
1520	0
1521	0
1522	0
1523	0
1524	0
1525	0
1526	0
1527	0
1528	0
1529	0
1530	0
1531	0
1532	0
1533	0
1534	0
1535	0
1536	0
1537	0
1538	0
1539	0
1540	0
1541	0
1542	0
1543	0
1544	0
1545	0
1546	0
1547	0
1548	0
1549	0
1550	0
1551	0
1552	0
1553	0
1554	0
1555	0
1556	0
1557	0
1558	0
1559	0
1560	0
1561	0
1562	0
1563	0
1564	0
1565	0
1566	0
1567	0
1568	0
1569	0
1570	0
1571	0
1572	0
1573	0
1574	0
1575	0
1576	0
1577	0
1578	0
1579	0
1580	0
1581	0
1582	0
1583	0
1584	0
1585	0
1586	0
1587	0
1588	0
1589	0
1590	0
1591	0
1592	0
1593	0
1594	0
1595	0
1596	0
1597	0
1598	0
1599	0
1600	0
1601	0
1602	0
1603	0
1604	0
1605	0
1606	0
1607	0
1608	0
1609	0
1610	0
1611	0
1612	0
1613	0
1614	0
1615	0
1616	0
1617	0
1618	0
1619	0
1620	0
1621	0
1622	0
1623	0
1624	0
1625	0
1626	0
1627	0
1628	0
1629	0
1630	0
1631	0
1632	0
1633	0
1634	0
1635	0
1636	0
1637	0
1638	0
1639	0
1640	0
1641	0
1642	0
1643	0
1644	0
1645	0
1646	0
1647	0
1648	0
1649	0
1650	0
1651	0
1652	0
1653	0
1654	0
1655	0
1656	0
1657	0
1658	0
1659	0
1660	0
1661	0
1662	0
1663	0
1664	0
1665	0
1666	0
1667	0
1668	0
1669	0
1670	0
1671	0
1672	0
1673	0
1674	0
1675	0
1676	0
1677	0
1678	0
1679	0
1680	0
1681	0
1682	0
1683	0
1684	0
1685	0
1686	0
1687	0
1688	0
1689	0
1690	0
1691	0
1692	0
1693	0
1694	0
1695	0
1696	0
1697	0
1698	0
1699	0
1700	0
1701	0
1702	0
1703	0
1704	0
1705	0
1706	0
1707	0
1708	0
1709	0
1710	0
1711	0
1712	0
1713	0
1714	0
1715	0
1716	0
1717	0
1718	0
1719	0
1720	0
1721	0
1722	0
1723	0
1724	0
1725	0
1726	0
1727	0
1728	0
1729	0
1730	0
1731	0
1732	0
1733	0
1734	0
1735	0
1736	0
1737	0
1738	0
1739	0
1740	0
1741	0
1742	0
1743	0
1744	0
1745	0
1746	0
1747	0
1748	0
1749	0
1750	0
1751	0
1752	0
1753	0
1754	0
1755	0
1756	0
1757	0
1758	0
1759	0
1760	0
1761	0
1762	0
1763	0
1764	0
1765	0
1766	0
1767	0
1768	0
1769	0
1770	0
1771	0
1772	0
1773	0
1774	0
1775	0
1776	0
1777	0
1778	0
1779	0
1780	0
1781	0
1782	0
1783	0
1784	0
1785	0
1786	0
1787	0
1788	0
1789	0
1790	0
1791	0
1792	0
1793	0
1794	0
1795	0
1796	0
1797	0
1798	0
1799	0
1800	0
1801	0
1802	0
1803	0
1804	0
1805	0
1806	0
1807	0
1808	0
1809	0
1810	0
1811	0
1812	0
1813	0
1814	0
1815	0
1816	0
1817	0
1818	0
1819	0
1820	0
1821	0
1822	0
1823	0
1824	0
1825	0
1826	0
1827	0
1828	0
1829	0
1830	0
1831	0
1832	0
1833	0
1834	0
1835	0
1836	0
1837	0
1838	0
1839	0
1840	0
1841	0
1842	0
1843	0
1844	0
1845	0
1846	0
1847	0
1848	0
1849	0
1850	0
1851	0
1852	0
1853	0
1854	0
1855	0
1856	0
1857	0
1858	0
1859	0
1860	0
1861	0
1862	0
1863	0
1864	0
1865	0
1866	0
1867	0
1868	0
1869	0
1870	0
1871	0
1872	0
1873	0
1874	0
1875	0
1876	0
1877	0
1878	0
1879	0
1880	0
1881	0
1882	0
1883	0
1884	0
1885	0
1886	0
1887	0
1888	0
1889	0
1890	0
1891	0
1892	0
1893	0
1894	0
1895	0
1896	0
1897	0
1898	0
1899	0
1900	0
1901	0
1902	0
1903	0
1904	0
1905	0
1906	0
1907	0
1908	0
1909	0
1910	0
1911	0
1912	0
1913	0
1914	0
1915	0
1916	0
1917	0
1918	0
1919	0
1920	0
1921	0
1922	0
1923	0
1924	0
1925	0
1926	0
1927	0
1928	0
1929	0
1930	0
1931	0
1932	0
1933	0
1934	0
1935	0
1936	0
1937	0
1938	0
1939	0
1940	0
1941	0
1942	0
1943	0
1944	0
1945	0
1946	0
1947	0
1948	0
1949	0
1950	0
1951	0
1952	0
1953	0
1954	0
1955	0
1956	0
1957	0
1958	0
1959	0
1960	0
1961	0
1962	0
1963	0
1964	0
1965	0
1966	0
1967	0
1968	0
1969	0
1970	0
1971	0
1972	0
1973	0
1974	0
1975	0
1976	0
1977	0
1978	0
1979	0
1980	0
1981	0
1982	0
1983	0
1984	0
1985	0
1986	0
1987	0
1988	0
1989	0
1990	0
1991	0
1992	0
1993	0
1994	0
1995	0
1996	0
1997	0
1998	0
1999	0
2000	0
2001	0
2002	0
2003	0
2004	0
2005	0
2006	0
2007	0
2008	0
2009	0
2010	0
2011	0
2012	0
2013	0
2014	0
2015	0
2016	0
2017	0
2018	0
2019	0
2020	0
2021	0
2022	0
2023	0
2024	0
2025	0
2026	0
2027	0
2028	0
2029	0
2030	0
2031	0
2032	0
2033	0
2034	0
2035	0
2036	0
2037	0
2038	0
2039	0
2040	0
2041	0
2042	0
2043	0
2044	0
2045	0
2046	0
2047	0
2048	0
2049	0
2050	0
2051	0
2052	0
2053	0
2054	0
2055	0
2056	0
2057	0
2058	0
2059	0
2060	0
2061	0
2062	0
2063	0
2064	0
2065	0
2066	0
2067	0
2068	0
2069	0
2070	0
2071	0
2072	0
2073	0
2074	0
2075	0
2076	0
2077	0
2078	0
2079	0
2080	0
2081	0
2082	0
2083	0
2084	0
2085	0
2086	0
2087	0
2088	0
2089	0
2090	0
2091	0
2092	0
2093	0
2094	0
2095	0
2096	0
2097	0
2098	0
2099	0
2100	0
2101	0
2102	0
2103	0
2104	0
2105	0
2106	0
2107	0
2108	0
2109	0
2110	0
2111	0
2112	0
2113	0
2114	0
2115	0
2116	0
2117	0
2118	0
2119	0
2120	0
2121	0
2122	0
2123	0
2124	0
2125	0
2126	0
2127	0
2128	0
2129	0
2130	0
2131	0
2132	0
2133	0
2134	0
2135	0
2136	0
2137	0
2138	0
2139	0
2140	0
2141	0
2142	0
2143	0
2144	0
2145	0
2146	0
2147	0
2148	0
2149	0
2150	0
2151	0
2152	0
2153	0
2154	0
2155	0
2156	0
2157	0
2158	0
2159	0
2160	0
2161	0
2162	0
2163	0
2164	0
2165	0
2166	0
2167	0
2168	0
2169	0
2170	0
2171	0
2172	0
2173	0
2174	0
2175	0
2176	0
2177	0
2178	0
2179	0
2180	0
2181	0
2182	0
2183	0
2184	0
2185	0
2186	0
2187	0
2188	0
2189	0
2190	0
2191	0
2192	0
2193	0
2194	0
2195	0
2196	0
2197	0
2198	0
2199	0
2200	0
2201	0
2202	0
2203	0
2204	0
2205	0
2206	0
2207	0
2208	0
2209	0
2210	0
2211	0
2212	0
2213	0
2214	0
2215	0
2216	0
2217	0
2218	0
2219	0
2220	0
2221	0
2222	0
2223	0
2224	0
2225	0
2226	0
2227	0
2228	0
2229	0
2230	0
2231	0
2232	0
2233	0
2234	0
2235	0
2236	0
2237	0
2238	0
2239	0
2240	0
2241	0
2242	0
2243	0
2244	0
2245	0
2246	0
2247	0
2248	0
2249	0
2250	0
2251	0
2252	0
2253	0
2254	0
2255	0
2256	0
2257	0
2258	0
2259	0
2260	0
2261	0
2262	0
2263	0
2264	0
2265	0
2266	0
2267	0
2268	0
2269	0
2270	0
2271	0
2272	0
2273	0
2274	0
2275	0
2276	0
2277	0
2278	0
2279	0
2280	0
2281	0
2282	0
2283	0
2284	0
2285	0
2286	0
2287	0
2288	0
2289	0
2290	0
2291	0
2292	0
2293	0
2294	0
2295	0
2296	0
2297	0
2298	0
2299	0
2300	0
2301	0
2302	0
2303	0
2304	0
2305	0
2306	0
2307	0
2308	0
2309	0
2310	0
2311	0
2312	0
2313	0
2314	0
2315	0
2316	0
2317	0
2318	0
2319	0
2320	0
2321	0
2322	0
2323	0
2324	0
2325	0
2326	0
2327	0
2328	0
2329	0
2330	0
2331	0
2332	0
2333	0
2334	0
2335	0
2336	0
2337	0
2338	0
2339	0
2340	0
2341	0
2342	0
2343	0
2344	0
2345	0
2346	0
2347	0
2348	0
2349	0
2350	0
2351	0
2352	0
2353	0
2354	0
2355	0
2356	0
2357	0
2358	0
2359	0
2360	0
2361	0
2362	0
2363	0
2364	0
2365	0
2366	0
2367	0
2368	0
2369	0
2370	0
2371	0
2372	0
2373	0
2374	0
2375	0
2376	0
2377	0
2378	0
2379	0
2380	0
2381	0
2382	0
2383	0
2384	0
2385	0
2386	0
2387	0
2388	0
2389	0
2390	0
2391	0
2392	0
2393	0
2394	0
2395	0
2396	0
2397	0
2398	0
2399	0
2400	0
2401	0
2402	0
2403	0
2404	0
2405	0
2406	0
2407	0
2408	0
2409	0
2410	0
2411	0
2412	0
2413	0
2414	0
2415	0
2416	0
2417	0
2418	0
2419	0
2420	0
2421	0
2422	0
2423	0
2424	0
2425	0
2426	0
2427	0
2428	0
2429	0
2430	0
2431	0
2432	0
2433	0
2434	0
2435	0
2436	0
2437	0
2438	0
2439	0
2440	0
2441	0
2442	0
2443	0
2444	0
2445	0
2446	0
2447	0
2448	0
2449	0
2450	0
2451	0
2452	0
2453	0
2454	0
2455	0
2456	0
2457	0
2458	0
2459	0
2460	0
2461	0
2462	0
2463	0
2464	0
2465	0
2466	0
2467	0
2468	0
2469	0
2470	0
2471	0
2472	0
2473	0
2474	0
2475	0
2476	0
2477	0
2478	0
2479	0
2480	0
2481	0
2482	0
2483	0
2484	0
2485	0
2486	0
2487	0
2488	0
2489	0
2490	0
2491	0
2492	0
2493	0
2494	0
2495	0
2496	0
2497	0
2498	0
2499	0
2500	0
2501	0
2502	0
2503	0
2504	0
2505	0
2506	0
2507	0
2508	1
2509	1
2510	1
2511	1
2512	1
2513	1
2514	1
2515	1
2516	1
2517	1
2518	1
2519	1
2520	1
2521	1
2522	1
2523	1
2524	1
2525	1
2526	1
2527	1
2528	1
2529	1
2530	1
2531	1
2532	1
2533	1
2534	1
2535	1
2536	1
2537	1
2538	1
2539	1
2540	1
2541	1
2542	1
2543	1
2544	1
2545	1
2546	1
2547	1
2548	1
2549	1
2550	1
2551	1
2552	1
2553	1
2554	1
2555	1
2556	1
2557	1
2558	1
2559	1
2560	1
2561	1
2562	1
2563	1
2564	1
2565	1
2566	1
2567	1
2568	1
2569	1
2570	1
2571	1
2572	1
2573	1
2574	1
2575	1
2576	1
2577	1
2578	1
2579	1
2580	1
2581	1
2582	1
2583	1
2584	1
2585	1
2586	1
2587	1
2588	1
2589	1
2590	1
2591	1
2592	1
2593	1
2594	1
2595	1
2596	1
2597	1
2598	1
2599	1
2600	1
2601	1
2602	1
2603	1
2604	1
2605	1
2606	1
2607	1
2608	1
2609	1
2610	1
2611	1
2612	1
2613	1
2614	1
2615	1
2616	1
2617	1
2618	1
2619	1
2620	1
2621	1
2622	1
2623	1
2624	1
2625	1
2626	1
2627	1
2628	1
2629	1
2630	1
2631	1
2632	1
2633	1
2634	1
2635	1
2636	1
2637	1
2638	1
2639	1
2640	1
2641	1
2642	1
2643	1
2644	1
2645	1
2646	1
2647	1
2648	1
2649	1
2650	1
2651	1
2652	1
2653	1
2654	1
2655	1
2656	1
2657	1
2658	1
2659	1
2660	1
2661	1
2662	1
2663	1
2664	1
2665	1
2666	1
2667	1
2668	1
2669	1
2670	1
2671	1
2672	1
2673	1
2674	1
2675	1
2676	1
2677	1
2678	1
2679	1
2680	1
2681	1
2682	1
2683	1
2684	1
2685	1
2686	1
2687	1
2688	1
2689	1
2690	1
2691	1
2692	1
2693	1
2694	1
2695	1
2696	1
2697	1
2698	1
2699	1
2700	1
2701	1
2702	1
2703	1
2704	1
2705	1
2706	1
2707	1
2708	1
2709	1
2710	1
2711	1
2712	1
2713	1
2714	1
2715	1
2716	1
2717	1
2718	1
2719	1
2720	1
2721	1
2722	1
2723	1
2724	1
2725	1
2726	1
2727	1
2728	1
2729	1
2730	1
2731	1
2732	1
2733	1
2734	1
2735	1
2736	1
2737	1
2738	1
2739	1
2740	1
2741	1
2742	1
2743	1
2744	1
2745	1
2746	1
2747	1
2748	1
2749	1
2750	1
2751	1
2752	1
2753	1
2754	1
2755	1
2756	1
2757	1
2758	1
2759	1
2760	1
2761	1
2762	1
2763	1
2764	1
2765	1
2766	1
2767	1
2768	1
2769	1
2770	1
2771	1
2772	1
2773	1
2774	1
2775	1
2776	1
2777	1
2778	1
2779	1
2780	1
2781	1
2782	1
2783	1
2784	1
2785	1
2786	1
2787	1
2788	1
2789	1
2790	1
2791	1
2792	1
2793	1
2794	1
2795	1
2796	1
2797	1
2798	1
2799	1
2800	1
2801	1
2802	1
2803	1
2804	1
2805	1
2806	1
2807	1
2808	1
2809	1
2810	1
2811	1
2812	1
2813	1
2814	1
2815	1
2816	1
2817	1
2818	1
2819	1
2820	1
2821	1
2822	1
2823	1
2824	1
2825	1
2826	1
2827	1
2828	1
2829	1
2830	1
2831	1
2832	1
2833	1
2834	1
2835	1
2836	1
2837	1
2838	1
2839	1
2840	1
2841	1
2842	1
2843	1
2844	1
2845	1
2846	1
2847	1
2848	1
2849	1
2850	1
2851	1
2852	1
2853	1
2854	1
2855	1
2856	1
2857	1
2858	1
2859	1
2860	1
2861	1
2862	1
2863	1
2864	1
2865	1
2866	1
2867	1
2868	1
2869	1
2870	1
2871	1
2872	1
2873	1
2874	1
2875	1
2876	1
2877	1
2878	1
2879	1
2880	1
2881	1
2882	1
2883	1
2884	1
2885	1
2886	1
2887	1
2888	1
2889	1
2890	1
2891	1
2892	1
2893	1
2894	1
2895	1
2896	1
2897	1
2898	1
2899	1
2900	1
2901	1
2902	1
2903	1
2904	1
2905	1
2906	1
2907	1
2908	1
2909	1
2910	1
2911	1
2912	1
2913	1
2914	1
2915	1
2916	1
2917	1
2918	1
2919	1
2920	1
2921	1
2922	1
2923	1
2924	1
2925	1
2926	1
2927	1
2928	1
2929	1
2930	1
2931	1
2932	1
2933	1
2934	1
2935	1
2936	1
2937	1
2938	1
2939	1
2940	1
2941	1
2942	1
2943	1
2944	1
2945	1
2946	1
2947	1
2948	1
2949	1
2950	1
2951	1
2952	1
2953	1
2954	1
2955	1
2956	1
2957	1
2958	1
2959	1
2960	1
2961	1
2962	1
2963	1
2964	1
2965	1
2966	1
2967	1
2968	1
2969	1
2970	1
2971	1
2972	1
2973	1
2974	1
2975	1
2976	1
2977	1
2978	1
2979	1
2980	1
2981	1
2982	1
2983	1
2984	1
2985	1
2986	1
2987	1
2988	1
2989	1
2990	1
2991	1
2992	1
2993	1
2994	1
2995	1
2996	1
2997	1
2998	1
2999	1
3000	1
3001	1
3002	1
3003	1
3004	1
3005	1
3006	1
3007	1
3008	1
3009	1
3010	1
3011	1
3012	1
3013	1
3014	1
3015	1
3016	1
3017	1
3018	1
3019	1
3020	1
3021	1
3022	1
3023	1
3024	1
3025	1
3026	1
3027	1
3028	1
3029	1
3030	1
3031	1
3032	1
3033	1
3034	1
3035	1
3036	1
3037	1
3038	1
3039	1
3040	1
3041	1
3042	1
3043	1
3044	1
3045	1
3046	1
3047	1
3048	1
3049	1
3050	1
3051	1
3052	1
3053	1
3054	1
3055	1
3056	1
3057	1
3058	1
3059	1
3060	1
3061	1
3062	1
3063	1
3064	1
3065	1
3066	1
3067	1
3068	1
3069	1
3070	1
3071	1
3072	1
3073	1
3074	1
3075	1
3076	1
3077	1
3078	1
3079	1
3080	1
3081	1
3082	1
3083	1
3084	1
3085	1
3086	1
3087	1
3088	1
3089	1
3090	1
3091	1
3092	1
3093	1
3094	1
3095	1
3096	1
3097	1
3098	1
3099	1
3100	1
3101	1
3102	1
3103	1
3104	1
3105	1
3106	1
3107	1
3108	1
3109	1
3110	1
3111	1
3112	1
3113	1
3114	1
3115	1
3116	1
3117	1
3118	1
3119	1
3120	1
3121	1
3122	1
3123	1
3124	1
3125	1
3126	1
3127	1
3128	1
3129	1
3130	1
3131	1
3132	1
3133	1
3134	1
3135	1
3136	1
3137	1
3138	1
3139	1
3140	1
3141	1
3142	1
3143	1
3144	1
3145	1
3146	1
3147	1
3148	1
3149	1
3150	1
3151	1
3152	1
3153	1
3154	1
3155	1
3156	1
3157	1
3158	1
3159	1
3160	1
3161	1
3162	1
3163	1
3164	1
3165	1
3166	1
3167	1
3168	1
3169	1
3170	1
3171	1
3172	1
3173	1
3174	1
3175	1
3176	1
3177	1
3178	1
3179	1
3180	1
3181	1
3182	1
3183	1
3184	1
3185	1
3186	1
3187	1
3188	1
3189	1
3190	1
3191	1
3192	1
3193	1
3194	1
3195	1
3196	1
3197	1
3198	1
3199	1
3200	1
3201	1
3202	1
3203	1
3204	1
3205	1
3206	1
3207	1
3208	1
3209	1
3210	1
3211	1
3212	1
3213	1
3214	1
3215	1
3216	1
3217	1
3218	1
3219	1
3220	1
3221	1
3222	1
3223	1
3224	1
3225	1
3226	1
3227	1
3228	1
3229	1
3230	1
3231	1
3232	1
3233	1
3234	1
3235	1
3236	1
3237	1
3238	1
3239	1
3240	1
3241	1
3242	1
3243	1
3244	1
3245	1
3246	1
3247	1
3248	1
3249	1
3250	1
3251	1
3252	1
3253	1
3254	1
3255	1
3256	1
3257	1
3258	1
3259	1
3260	1
3261	1
3262	1
3263	1
3264	1
3265	1
3266	1
3267	1
3268	1
3269	1
3270	1
3271	1
3272	1
3273	1
3274	1
3275	1
3276	1
3277	1
3278	1
3279	1
3280	1
3281	1
3282	1
3283	1
3284	1
3285	1
3286	1
3287	1
3288	1
3289	1
3290	1
3291	1
3292	1
3293	1
3294	1
3295	1
3296	1
3297	1
3298	1
3299	1
3300	1
3301	1
3302	1
3303	1
3304	1
3305	1
3306	1
3307	1
3308	1
3309	1
3310	1
3311	1
3312	1
3313	1
3314	1
3315	1
3316	1
3317	1
3318	1
3319	1
3320	1
3321	1
3322	1
3323	1
3324	1
3325	1
3326	1
3327	1
3328	1
3329	1
3330	1
3331	1
3332	1
3333	1
3334	1
3335	1
3336	1
3337	1
3338	1
3339	1
3340	1
3341	1
3342	1
3343	1
3344	1
3345	1
3346	1
3347	1
3348	1
3349	1
3350	1
3351	1
3352	1
3353	1
3354	1
3355	1
3356	1
3357	1
3358	1
3359	1
3360	1
3361	1
3362	1
3363	1
3364	1
3365	1
3366	1
3367	1
3368	1
3369	1
3370	1
3371	1
3372	1
3373	1
3374	1
3375	1
3376	1
3377	1
3378	1
3379	1
3380	1
3381	1
3382	1
3383	1
3384	1
3385	1
3386	1
3387	1
3388	1
3389	1
3390	1
3391	1
3392	1
3393	1
3394	1
3395	1
3396	1
3397	1
3398	1
3399	1
3400	1
3401	1
3402	1
3403	1
3404	1
3405	1
3406	1
3407	1
3408	1
3409	1
3410	1
3411	1
3412	1
3413	1
3414	1
3415	1
3416	1
3417	1
3418	1
3419	1
3420	1
3421	1
3422	1
3423	1
3424	1
3425	1
3426	1
3427	1
3428	1
3429	1
3430	1
3431	1
3432	1
3433	1
3434	1
3435	1
3436	1
3437	1
3438	1
3439	1
3440	1
3441	1
3442	1
3443	1
3444	1
3445	1
3446	1
3447	1
3448	1
3449	1
3450	1
3451	1
3452	1
3453	1
3454	1
3455	1
3456	1
3457	1
3458	1
3459	1
3460	1
3461	1
3462	1
3463	1
3464	1
3465	1
3466	1
3467	1
3468	1
3469	1
3470	1
3471	1
3472	1
3473	1
3474	1
3475	1
3476	1
3477	1
3478	1
3479	1
3480	1
3481	1
3482	1
3483	1
3484	1
3485	1
3486	1
3487	1
3488	1
3489	1
3490	1
3491	1
3492	1
3493	1
3494	1
3495	1
3496	1
3497	1
3498	1
3499	1
3500	1
3501	1
3502	1
3503	1
3504	1
3505	1
3506	1
3507	1
3508	1
3509	1
3510	1
3511	1
3512	1
3513	1
3514	1
3515	1
3516	1
3517	1
3518	1
3519	1
3520	1
3521	1
3522	1
3523	1
3524	1
3525	1
3526	1
3527	1
3528	1
3529	1
3530	1
3531	1
3532	1
3533	1
3534	1
3535	1
3536	1
3537	1
3538	1
3539	1
3540	1
3541	1
3542	1
3543	1
3544	1
3545	1
3546	1
3547	1
3548	1
3549	1
3550	1
3551	1
3552	1
3553	1
3554	1
3555	1
3556	1
3557	1
3558	1
3559	1
3560	1
3561	1
3562	1
3563	1
3564	1
3565	1
3566	1
3567	1
3568	1
3569	1
3570	1
3571	1
3572	1
3573	1
3574	1
3575	1
3576	1
3577	1
3578	1
3579	1
3580	1
3581	1
3582	1
3583	1
3584	1
3585	1
3586	1
3587	1
3588	1
3589	1
3590	1
3591	1
3592	1
3593	1
3594	1
3595	1
3596	1
3597	1
3598	1
3599	1
3600	1
3601	1
3602	1
3603	1
3604	1
3605	1
3606	1
3607	1
3608	1
3609	1
3610	1
3611	1
3612	1
3613	1
3614	1
3615	1
3616	1
3617	1
3618	1
3619	1
3620	1
3621	1
3622	1
3623	1
3624	1
3625	1
3626	1
3627	1
3628	1
3629	1
3630	1
3631	1
3632	1
3633	1
3634	1
3635	1
3636	1
3637	1
3638	1
3639	1
3640	1
3641	1
3642	1
3643	1
3644	1
3645	1
3646	1
3647	1
3648	1
3649	1
3650	1
3651	1
3652	1
3653	1
3654	1
3655	1
3656	1
3657	1
3658	1
3659	1
3660	1
3661	1
3662	1
3663	1
3664	1
3665	1
3666	1
3667	1
3668	1
3669	1
3670	1
3671	1
3672	1
3673	1
3674	1
3675	1
3676	1
3677	1
3678	1
3679	1
3680	1
3681	1
3682	1
3683	1
3684	1
3685	1
3686	1
3687	1
3688	1
3689	1
3690	1
3691	1
3692	1
3693	1
3694	1
3695	1
3696	1
3697	1
3698	1
3699	1
3700	1
3701	1
3702	1
3703	1
3704	1
3705	1
3706	1
3707	1
3708	1
3709	1
3710	1
3711	1
3712	1
3713	1
3714	1
3715	1
3716	1
3717	1
3718	1
3719	1
3720	1
3721	1
3722	1
3723	1
3724	1
3725	1
3726	1
3727	1
3728	1
3729	1
3730	1
3731	1
3732	1
3733	1
3734	1
3735	1
3736	1
3737	1
3738	1
3739	1
3740	1
3741	1
3742	1
3743	1
3744	1
3745	1
3746	1
3747	1
3748	1
3749	1
3750	1
3751	1
3752	1
3753	1
3754	1
3755	1
3756	1
3757	1
3758	1
3759	1
3760	1
3761	1
3762	1
3763	1
3764	1
3765	1
3766	1
3767	1
3768	1
3769	1
3770	1
3771	1
3772	1
3773	1
3774	1
3775	1
3776	1
3777	1
3778	1
3779	1
3780	1
3781	1
3782	1
3783	1
3784	1
3785	1
3786	1
3787	1
3788	1
3789	1
3790	1
3791	1
3792	1
3793	1
3794	1
3795	1
3796	1
3797	1
3798	1
3799	1
3800	1
3801	1
3802	1
3803	1
3804	1
3805	1
3806	1
3807	1
3808	1
3809	1
3810	1
3811	1
3812	1
3813	1
3814	1
3815	1
3816	1
3817	1
3818	1
3819	1
3820	1
3821	1
3822	1
3823	1
3824	1
3825	1
3826	1
3827	1
3828	1
3829	1
3830	1
3831	1
3832	1
3833	1
3834	1
3835	1
3836	1
3837	1
3838	1
3839	1
3840	1
3841	1
3842	1
3843	1
3844	1
3845	1
3846	1
3847	1
3848	1
3849	1
3850	1
3851	1
3852	1
3853	1
3854	1
3855	1
3856	1
3857	1
3858	1
3859	1
3860	1
3861	1
3862	1
3863	1
3864	1
3865	1
3866	1
3867	1
3868	1
3869	1
3870	1
3871	1
3872	1
3873	1
3874	1
3875	1
3876	1
3877	1
3878	1
3879	1
3880	1
3881	1
3882	1
3883	1
3884	1
3885	1
3886	1
3887	1
3888	1
3889	1
3890	1
3891	1
3892	1
3893	1
3894	1
3895	1
3896	1
3897	1
3898	1
3899	1
3900	1
3901	1
3902	1
3903	1
3904	1
3905	1
3906	1
3907	1
3908	1
3909	1
3910	1
3911	1
3912	1
3913	1
3914	1
3915	1
3916	1
3917	1
3918	1
3919	1
3920	1
3921	1
3922	1
3923	1
3924	1
3925	1
3926	1
3927	1
3928	1
3929	1
3930	1
3931	1
3932	1
3933	1
3934	1
3935	1
3936	1
3937	1
3938	1
3939	1
3940	1
3941	1
3942	1
3943	1
3944	1
3945	1
3946	1
3947	1
3948	1
3949	1
3950	1
3951	1
3952	1
3953	1
3954	1
3955	1
3956	1
3957	1
3958	1
3959	1
3960	1
3961	1
3962	1
3963	1
3964	1
3965	1
3966	1
3967	1
3968	1
3969	1
3970	1
3971	1
3972	1
3973	1
3974	1
3975	1
3976	1
3977	1
3978	1
3979	1
3980	1
3981	1
3982	1
3983	1
3984	1
3985	1
3986	1
3987	1
3988	1
3989	1
3990	1
3991	1
3992	1
3993	1
3994	1
3995	1
3996	1
3997	1
3998	1
3999	1
4000	1
4001	1
4002	1
4003	1
4004	1
4005	1
4006	1
4007	1
4008	1
4009	1
4010	1
4011	1
4012	1
4013	1
4014	1
4015	1
4016	1
4017	1
4018	1
4019	1
4020	1
4021	1
4022	1
4023	1
4024	1
4025	1
4026	1
4027	1
4028	1
4029	1
4030	1
4031	1
4032	1
4033	1
4034	1
4035	1
4036	1
4037	1
4038	1
4039	1
4040	1
4041	1
4042	1
4043	1
4044	1
4045	1
4046	1
4047	1
4048	1
4049	1
4050	1
4051	1
4052	1
4053	1
4054	1
4055	1
4056	1
4057	1
4058	1
4059	1
4060	1
4061	1
4062	1
4063	1
4064	1
4065	1
4066	1
4067	1
4068	1
4069	1
4070	1
4071	1
4072	1
4073	1
4074	1
4075	1
4076	1
4077	1
4078	1
4079	1
4080	1
4081	1
4082	1
4083	1
4084	1
4085	1
4086	1
4087	1
4088	1
4089	1
4090	1
4091	1
4092	1
4093	1
4094	1
4095	1
4096	1
4097	1
4098	1
4099	1
4100	1
4101	1
4102	1
4103	1
4104	1
4105	1
4106	1
4107	1
4108	1
4109	1
4110	1
4111	1
4112	1
4113	1
4114	1
4115	1
4116	1
4117	1
4118	1
4119	1
4120	1
4121	1
4122	1
4123	1
4124	1
4125	1
4126	1
4127	1
4128	1
4129	1
4130	1
4131	1
4132	1
4133	1
4134	1
4135	1
4136	1
4137	1
4138	1
4139	1
4140	1
4141	1
4142	1
4143	1
4144	1
4145	1
4146	1
4147	1
4148	1
4149	1
4150	1
4151	1
4152	1
4153	1
4154	1
4155	1
4156	1
4157	1
4158	1
4159	1
4160	1
4161	1
4162	1
4163	1
4164	1
4165	1
4166	1
4167	1
4168	1
4169	1
4170	1
4171	1
4172	1
4173	1
4174	1
4175	1
4176	1
4177	1
4178	1
4179	1
4180	1
4181	1
4182	1
4183	1
4184	1
4185	1
4186	1
4187	1
4188	1
4189	1
4190	1
4191	1
4192	1
4193	1
4194	1
4195	1
4196	1
4197	1
4198	1
4199	1
4200	1
4201	1
4202	1
4203	1
4204	1
4205	1
4206	1
4207	1
4208	1
4209	1
4210	1
4211	1
4212	1
4213	1
4214	1
4215	1
4216	1
4217	1
4218	1
4219	1
4220	1
4221	1
4222	1
4223	1
4224	1
4225	1
4226	1
4227	1
4228	1
4229	1
4230	1
4231	1
4232	1
4233	1
4234	1
4235	1
4236	1
4237	1
4238	1
4239	1
4240	1
4241	1
4242	1
4243	1
4244	1
4245	1
4246	1
4247	1
4248	1
4249	1
4250	1
4251	1
4252	1
4253	1
4254	1
4255	1
4256	1
4257	1
4258	1
4259	1
4260	1
4261	1
4262	1
4263	1
4264	1
4265	1
4266	1
4267	1
4268	1
4269	1
4270	1
4271	1
4272	1
4273	1
4274	1
4275	1
4276	1
4277	1
4278	1
4279	1
4280	1
4281	1
4282	1
4283	1
4284	1
4285	1
4286	1
4287	1
4288	1
4289	1
4290	1
4291	1
4292	1
4293	1
4294	1
4295	1
4296	1
4297	1
4298	1
4299	1
4300	1
4301	1
4302	1
4303	1
4304	1
4305	1
4306	1
4307	1
4308	1
4309	1
4310	1
4311	1
4312	1
4313	1
4314	1
4315	1
4316	1
4317	1
4318	1
4319	1
4320	1
4321	1
4322	1
4323	1
4324	1
4325	1
4326	1
4327	1
4328	1
4329	1
4330	1
4331	1
4332	1
4333	1
4334	1
4335	1
4336	1
4337	1
4338	1
4339	1
4340	1
4341	1
4342	1
4343	1
4344	1
4345	1
4346	1
4347	1
4348	1
4349	1
4350	1
4351	1
4352	1
4353	1
4354	1
4355	1
4356	1
4357	1
4358	1
4359	1
4360	1
4361	1
4362	1
4363	1
4364	1
4365	1
4366	1
4367	1
4368	1
4369	1
4370	1
4371	1
4372	1
4373	1
4374	1
4375	1
4376	1
4377	1
4378	1
4379	1
4380	1
4381	1
4382	1
4383	1
4384	1
4385	1
4386	1
4387	1
4388	1
4389	1
4390	1
4391	1
4392	1
4393	1
4394	1
4395	1
4396	1
4397	1
4398	1
4399	1
4400	1
4401	1
4402	1
4403	1
4404	1
4405	1
4406	1
4407	1
4408	1
4409	1
4410	1
4411	1
4412	1
4413	1
4414	1
4415	1
4416	1
4417	1
4418	1
4419	1
4420	1
4421	1
4422	1
4423	1
4424	1
4425	1
4426	1
4427	1
4428	1
4429	1
4430	1
4431	1
4432	1
4433	1
4434	1
4435	1
4436	1
4437	1
4438	1
4439	1
4440	1
4441	1
4442	1
4443	1
4444	1
4445	1
4446	1
4447	1
4448	1
4449	1
4450	1
4451	1
4452	1
4453	1
4454	1
4455	1
4456	1
4457	1
4458	1
4459	1
4460	1
4461	1
4462	1
4463	1
4464	1
4465	1
4466	1
4467	1
4468	1
4469	1
4470	1
4471	1
4472	1
4473	1
4474	1
4475	1
4476	1
4477	1
4478	1
4479	1
4480	1
4481	1
4482	1
4483	1
4484	1
4485	1
4486	1
4487	1
4488	1
4489	1
4490	1
4491	1
4492	1
4493	1
4494	1
4495	1
4496	1
4497	1
4498	1
4499	1
4500	1
4501	1
4502	1
4503	1
4504	1
4505	1
4506	1
4507	1
4508	1
4509	1
4510	1
4511	1
4512	1
4513	1
4514	1
4515	1
4516	1
4517	1
4518	1
4519	1
4520	1
4521	1
4522	1
4523	1
4524	1
4525	1
4526	1
4527	1
4528	1
4529	1
4530	1
4531	1
4532	1
4533	1
4534	1
4535	1
4536	1
4537	1
4538	1
4539	1
4540	1
4541	1
4542	1
4543	1
4544	1
4545	1
4546	1
4547	1
4548	1
4549	1
4550	1
4551	1
4552	1
4553	1
4554	1
4555	1
4556	1
4557	1
4558	1
4559	1
4560	1
4561	1
4562	1
4563	1
4564	1
4565	1
4566	1
4567	1
4568	1
4569	1
4570	1
4571	1
4572	1
4573	1
4574	1
4575	1
4576	1
4577	1
4578	1
4579	1
4580	1
4581	1
4582	1
4583	1
4584	1
4585	1
4586	1
4587	1
4588	1
4589	1
4590	1
4591	1
4592	1
4593	1
4594	1
4595	1
4596	1
4597	1
4598	1
4599	1
4600	1
4601	1
4602	1
4603	1
4604	1
4605	1
4606	1
4607	1
4608	1
4609	1
4610	1
4611	1
4612	1
4613	1
4614	1
4615	1
4616	1
4617	1
4618	1
4619	1
4620	1
4621	1
4622	1
4623	1
4624	1
4625	1
4626	1
4627	1
4628	1
4629	1
4630	1
4631	1
4632	1
4633	1
4634	1
4635	1
4636	1
4637	1
4638	1
4639	1
4640	1
4641	1
4642	1
4643	1
4644	1
4645	1
4646	1
4647	1
4648	1
4649	1
4650	1
4651	1
4652	1
4653	1
4654	1
4655	1
4656	1
4657	1
4658	1
4659	1
4660	1
4661	1
4662	1
4663	1
4664	1
4665	1
4666	1
4667	1
4668	1
4669	1
4670	1
4671	1
4672	1
4673	1
4674	1
4675	1
4676	1
4677	1
4678	1
4679	1
4680	1
4681	1
4682	1
4683	1
4684	1
4685	1
4686	1
4687	1
4688	1
4689	1
4690	1
4691	1
4692	1
4693	1
4694	1
4695	1
4696	1
4697	1
4698	1
4699	1
4700	1
4701	1
4702	1
4703	1
4704	1
4705	1
4706	1
4707	1
4708	1
4709	1
4710	1
4711	1
4712	1
4713	1
4714	1
4715	1
4716	1
4717	1
4718	1
4719	1
4720	1
4721	1
4722	1
4723	1
4724	1
4725	1
4726	1
4727	1
4728	1
4729	1
4730	1
4731	1
4732	1
4733	1
4734	1
4735	1
4736	1
4737	1
4738	1
4739	1
4740	1
4741	1
4742	1
4743	1
4744	1
4745	1
4746	1
4747	1
4748	1
4749	1
4750	1
4751	1
4752	1
4753	1
4754	1
4755	1
4756	1
4757	1
4758	1
4759	1
4760	1
4761	1
4762	1
4763	1
4764	1
4765	1
4766	1
4767	1
4768	1
4769	1
4770	1
4771	1
4772	1
4773	1
4774	1
4775	1
4776	1
4777	1
4778	1
4779	1
4780	1
4781	1
4782	1
4783	1
4784	1
4785	1
4786	1
4787	1
4788	1
4789	1
4790	1
4791	1
4792	1
4793	1
4794	1
4795	1
4796	1
4797	1
4798	1
4799	1
4800	1
4801	1
4802	1
4803	1
4804	1
4805	1
4806	1
4807	1
4808	1
4809	1
4810	1
4811	1
4812	1
4813	1
4814	1
4815	1
4816	1
4817	1
4818	1
4819	1
4820	1
4821	1
4822	1
4823	1
4824	1
4825	1
4826	1
4827	1
4828	1
4829	1
4830	1
4831	1
4832	1
4833	1
4834	1
4835	1
4836	1
4837	1
4838	1
4839	1
4840	1
4841	1
4842	1
4843	1
4844	1
4845	1
4846	1
4847	1
4848	1
4849	1
4850	1
4851	1
4852	1
4853	1
4854	1
4855	1
4856	1
4857	1
4858	1
4859	1
4860	1
4861	1
4862	1
4863	1
4864	1
4865	1
4866	1
4867	1
4868	1
4869	1
4870	1
4871	1
4872	1
4873	1
4874	1
4875	1
4876	1
4877	1
4878	1
4879	1
4880	1
4881	1
4882	1
4883	1
4884	1
4885	1
4886	1
4887	1
4888	1
4889	1
4890	1
4891	1
4892	1
4893	1
4894	1
4895	1
4896	1
4897	1
4898	1
4899	1
4900	1
4901	1
4902	1
4903	1
4904	1
4905	1
4906	1
4907	1
4908	2
4909	2
4910	2
4911	2
4912	2
4913	2
4914	2
4915	2
4916	2
4917	2
4918	2
4919	2
4920	2
4921	2
4922	2
4923	2
4924	2
4925	2
4926	2
4927	2
4928	2
4929	2
4930	2
4931	2
4932	2
4933	2
4934	2
4935	2
4936	2
4937	2
4938	2
4939	2
4940	2
4941	2
4942	2
4943	2
4944	2
4945	2
4946	2
4947	2
4948	2
4949	2
4950	2
4951	2
4952	2
4953	2
4954	2
4955	2
4956	2
4957	2
4958	2
4959	2
4960	2
4961	2
4962	2
4963	2
4964	2
4965	2
4966	2
4967	2
4968	2
4969	2
4970	2
4971	2
4972	2
4973	2
4974	2
4975	2
4976	2
4977	2
4978	2
4979	2
4980	2
4981	2
4982	2
4983	2
4984	2
4985	2
4986	2
4987	2
4988	2
4989	2
4990	2
4991	2
4992	2
4993	2
4994	2
4995	2
4996	2
4997	2
4998	2
4999	2
5000	2
5001	2
5002	2
5003	2
5004	2
5005	2
5006	2
5007	2
5008	2
5009	3
5010	3
5011	3
5012	3
5013	3
5014	3
5015	3
5016	3
5017	3
5018	3
5019	3
5020	3
5021	3
5022	3
5023	3
5024	3
5025	3
5026	3
5027	3
5028	3
5029	3
5030	3
5031	3
5032	3
5033	3
5034	3
5035	3
5036	3
5037	3
5038	3
5039	3
5040	3
5041	3
5042	3
5043	3
5044	3
5045	3
5046	3
5047	3
5048	3
5049	3
5050	3
5051	3
5052	3
5053	3
5054	3
5055	3
5056	3
5057	3
5058	3
5059	3
5060	3
5061	3
5062	3
5063	3
5064	3
5065	3
5066	3
5067	3
5068	3
5069	3
5070	3
5071	3
5072	3
5073	3
5074	3
5075	3
5076	3
5077	3
5078	3
5079	3
5080	3
5081	3
5082	3
5083	3
5084	3
5085	3
5086	3
5087	3
5088	3
5089	3
5090	3
5091	3
5092	3
5093	3
5094	3
5095	3
5096	3
5097	3
5098	3
5099	3
5100	3
5101	3
5102	3
5103	3
5104	3
5105	3
5106	3
5107	3
5108	3
5109	3
5110	3
5111	3
5112	3
5113	3
5114	3
5115	3
5116	3
5117	3
5118	3
5119	3
5120	3
5121	3
5122	3
5123	3
5124	3
5125	3
5126	3
5127	3
5128	3
5129	3
5130	3
5131	3
5132	3
5133	3
5134	3
5135	3
5136	3
5137	3
5138	3
5139	3
5140	3
5141	3
5142	3
5143	3
5144	3
5145	3
5146	3
5147	3
5148	3
5149	3
5150	3
5151	3
5152	3
5153	3
5154	3
5155	3
5156	3
5157	3
5158	3
5159	3
5160	3
5161	3
5162	3
5163	3
5164	3
5165	3
5166	3
5167	3
5168	3
5169	3
5170	3
5171	3
5172	3
5173	3
5174	3
5175	3
5176	3
5177	3
5178	3
5179	3
5180	3
5181	3
5182	3
5183	3
5184	3
5185	3
5186	3
5187	3
5188	3
5189	3
5190	3
5191	3
5192	3
5193	3
5194	3
5195	3
5196	3
5197	3
5198	3
5199	3
5200	3
5201	3
5202	3
5203	3
5204	3
5205	3
5206	3
5207	3
5208	3
5209	3
5210	3
5211	3
5212	3
5213	3
5214	3
5215	3
5216	3
5217	3
5218	3
5219	3
5220	3
5221	3
5222	3
5223	3
5224	3
5225	3
5226	3
5227	3
5228	3
5229	3
5230	3
5231	3
5232	3
5233	3
5234	3
5235	3
5236	3
5237	3
5238	3
5239	3
5240	3
5241	3
5242	3
5243	3
5244	3
5245	3
5246	3
5247	3
5248	3
5249	3
5250	3
5251	3
5252	3
5253	3
5254	3
5255	3
5256	3
5257	3
5258	3
5259	3
5260	3
5261	3
5262	3
5263	3
5264	3
5265	3
5266	3
5267	3
5268	3
5269	3
5270	3
5271	3
5272	3
5273	3
5274	3
5275	3
5276	3
5277	3
5278	3
5279	3
5280	3
5281	3
5282	3
5283	3
5284	3
5285	3
5286	3
5287	3
5288	3
5289	3
5290	3
5291	3
5292	3
5293	3
5294	3
5295	3
5296	3
5297	3
5298	3
5299	3
5300	3
5301	4
5302	4
5303	4
5304	4
5305	4
5306	4
5307	4
5308	4
5309	4
5310	4
5311	4
5312	4
5313	4
5314	4
5315	4
5316	4
5317	4
5318	4
5319	4
5320	4
5321	4
5322	4
5323	4
5324	4
5325	4
5326	4
5327	4
5328	4
5329	4
5330	4
5331	4
5332	4
5333	4
5334	4
5335	4
5336	4
5337	4
5338	4
5339	4
5340	4
5341	4
5342	4
5343	4
5344	4
5345	4
5346	4
5347	4
5348	4
5349	4
5350	4
5351	4
5352	4
5353	4
5354	4
5355	4
5356	4
5357	4
5358	4
5359	4
5360	4
5361	4
5362	4
5363	4
5364	4
5365	4
5366	4
5367	4
5368	4
5369	4
5370	4
5371	4
5372	4
5373	4
5374	4
5375	4
5376	4
5377	4
5378	4
5379	4
5380	4
5381	4
5382	4
5383	4
5384	4
5385	4
5386	4
5387	4
5388	4
5389	4
5390	4
5391	4
5392	4
5393	4
5394	4
5395	4
5396	4
5397	4
5398	4
5399	4
5400	4
5401	4
5402	4
5403	4
5404	4
5405	4
5406	4
5407	4
5408	4
5409	4
5410	4
5411	4
5412	4
5413	4
5414	4
5415	4
5416	4
5417	4
5418	4
5419	4
5420	4
5421	4
5422	4
5423	4
5424	4
5425	4
5426	4
5427	4
5428	4
5429	4
5430	4
5431	4
5432	4
5433	4
5434	4
5435	4
5436	4
5437	4
5438	4
5439	4
5440	4
5441	4
5442	4
5443	4
5444	4
5445	4
5446	4
5447	4
5448	4
5449	4
5450	4
5451	4
5452	4
5453	4
5454	4
5455	4
5456	4
5457	4
5458	4
5459	4
5460	4
5461	4
5462	4
5463	4
5464	4
5465	4
5466	4
5467	4
5468	4
5469	4
5470	4
5471	4
5472	4
5473	4
5474	4
5475	4
5476	4
5477	4
5478	4
5479	4
5480	4
5481	4
5482	4
5483	4
5484	4
5485	4
5486	4
5487	4
5488	4
5489	4
5490	4
5491	4
5492	4
5493	4
5494	4
5495	4
5496	4
5497	4
5498	4
5499	4
5500	4
5501	4
5502	4
5503	4
5504	4
5505	4
5506	4
5507	4
5508	4
5509	4
5510	4
5511	4
5512	4
5513	4
5514	4
5515	4
5516	4
5517	4
5518	4
5519	4
5520	4
5521	4
5522	4
5523	4
5524	4
5525	4
5526	4
5527	4
5528	4
5529	4
5530	4
5531	4
5532	4
5533	4
5534	4
5535	4
5536	4
5537	4
5538	4
5539	4
5540	4
5541	4
5542	4
5543	4
5544	4
5545	4
5546	4
5547	4
5548	4
5549	4
5550	4
5551	4
5552	4
5553	4
5554	4
5555	4
5556	4
5557	4
5558	4
5559	4
5560	4
5561	4
5562	4
5563	4
5564	4
5565	4
5566	4
5567	4
5568	4
5569	4
5570	4
5571	4
5572	4
5573	4
5574	4
5575	4
5576	4
5577	4
5578	4
5579	4
5580	4
5581	4
5582	4
5583	4
5584	4
5585	4
5586	4
5587	4
5588	4
5589	4
5590	4
5591	4
5592	4
5593	4
5594	4
5595	4
5596	4
5597	4
5598	4
5599	4
5600	4
5601	4
5602	4
5603	4
5604	4
5605	4
5606	4
5607	4
5608	4
5609	4
5610	4
5611	4
5612	4
5613	4
5614	4
5615	4
5616	4
5617	4
5618	4
5619	4
5620	4
5621	4
5622	4
5623	4
5624	4
5625	4
5626	4
5627	4
5628	4
5629	4
5630	4
5631	4
5632	4
5633	4
5634	4
5635	4
5636	4
5637	4
5638	4
5639	4
5640	4
5641	4
5642	4
5643	4
5644	4
5645	4
5646	4
5647	4
5648	4
5649	4
5650	4
5651	4
5652	4
5653	4
5654	4
5655	4
5656	4
5657	4
5658	4
5659	4
5660	4
5661	4
5662	4
5663	4
5664	4
5665	4
5666	4
5667	4
5668	4
5669	4
5670	4
5671	4
5672	4
5673	4
5674	4
5675	4
5676	4
5677	4
5678	4
5679	4
5680	4
5681	4
5682	4
5683	4
5684	4
5685	4
5686	4
5687	4
5688	4
5689	4
5690	4
5691	4
5692	4
5693	4
5694	4
5695	4
5696	4
5697	4
5698	4
5699	4
5700	4
5701	4
5702	4
5703	4
5704	4
5705	4
5706	4
5707	4
5708	4
5709	4
5710	4
5711	4
5712	4
5713	4
5714	4
5715	4
5716	4
5717	4
5718	4
5719	4
5720	4
5721	4
5722	4
5723	4
5724	4
5725	4
5726	4
5727	4
5728	4
5729	4
5730	4
5731	4
5732	4
5733	4
5734	4
5735	4
5736	4
5737	4
5738	4
5739	4
5740	4
5741	4
5742	4
5743	4
5744	4
5745	4
5746	4
5747	4
5748	5
5749	5
5750	5
5751	5
5752	5
5753	5
5754	5
5755	5
5756	5
5757	5
5758	5
5759	5
5760	5
5761	5
5762	5
5763	5
5764	5
5765	5
5766	5
5767	5
5768	5
5769	5
5770	5
5771	5
5772	5
5773	5
5774	5
5775	5
5776	5
5777	5
5778	5
5779	5
5780	5
5781	5
5782	5
5783	5
5784	5
5785	5
5786	5
5787	5
5788	5
5789	5
5790	5
5791	5
5792	5
5793	5
5794	5
5795	5
5796	5
5797	5
5798	5
5799	5
5800	5
5801	5
5802	5
5803	5
5804	5
5805	5
5806	5
5807	5
5808	5
5809	5
5810	5
5811	5
5812	5
5813	5
5814	5
5815	5
5816	5
5817	5
5818	5
5819	5
5820	5
5821	5
5822	5
5823	5
5824	5
5825	5
5826	5
5827	5
5828	5
5829	5
5830	5
5831	5
5832	5
5833	5
5834	5
5835	5
5836	5
5837	5
5838	5
5839	5
5840	5
5841	5
5842	5
5843	5
5844	5
5845	5
5846	5
5847	5
5848	5
5849	5
5850	5
5851	5
5852	5
5853	5
5854	5
5855	5
5856	5
5857	5
5858	5
5859	5
5860	5
5861	5
5862	5
5863	5
5864	5
5865	5
5866	5
5867	5
5868	5
5869	5
5870	5
5871	5
5872	5
5873	5
5874	5
5875	5
5876	5
5877	5
5878	5
5879	5
5880	5
5881	5
5882	5
5883	5
5884	5
5885	5
5886	5
5887	5
5888	5
5889	5
5890	5
5891	5
5892	5
5893	5
5894	5
5895	5
5896	5
5897	5
5898	5
5899	5
5900	5
5901	5
5902	5
5903	5
5904	5
5905	5
5906	5
5907	5
5908	5
5909	5
5910	5
5911	5
5912	5
5913	6
5914	6
5915	6
5916	6
5917	6
5918	6
5919	6
5920	6
5921	6
5922	6
5923	6
5924	6
5925	6
5926	6
5927	6
5928	6
5929	6
5930	6
5931	6
5932	6
5933	6
5934	6
5935	6
5936	6
5937	6
5938	6
5939	6
5940	6
5941	6
5942	6
5943	6
5944	6
5945	6
5946	6
5947	6
5948	6
5949	6
5950	6
5951	6
5952	6
5953	6
5954	6
5955	6
5956	6
5957	6
5958	6
5959	6
5960	6
5961	6
5962	6
5963	6
5964	6
5965	6
5966	6
5967	6
5968	6
5969	6
5970	6
5971	6
5972	6
5973	6
5974	6
5975	6
5976	6
5977	6
5978	6
5979	6
5980	6
5981	6
5982	6
5983	6
5984	6
5985	6
5986	6
5987	6
5988	6
5989	6
5990	6
5991	6
5992	6
5993	6
5994	6
5995	6
5996	6
5997	6
5998	6
5999	6
6000	6
6001	6
6002	6
6003	6
6004	6
6005	6
6006	6
6007	6
6008	6
6009	6
6010	6
6011	6
6012	6
6013	6
6014	6
6015	6
6016	6
6017	6
6018	6
6019	6
6020	6
6021	6
6022	6
6023	6
6024	6
6025	6
6026	6
6027	6
6028	6
6029	6
6030	6
6031	6
6032	6
6033	6
6034	6
6035	6
6036	6
6037	6
6038	6
6039	6
6040	6
6041	6
6042	6
6043	6
6044	6
6045	6
6046	6
6047	6
6048	6
6049	6
6050	6
6051	6
6052	6
6053	6
6054	6
6055	6
6056	6
6057	6
6058	6
6059	6
6060	6
6061	6
6062	6
6063	6
6064	6
6065	6
6066	6
6067	6
6068	6
6069	6
6070	6
6071	6
6072	6
6073	6
6074	6
6075	6
6076	6
6077	6
6078	6
6079	6
6080	6
6081	6
6082	6
6083	6
6084	6
6085	6
6086	6
6087	6
6088	6
6089	6
6090	6
6091	6
6092	6
6093	6
6094	6
6095	6
6096	6
6097	6
6098	6
6099	6
6100	6
6101	6
6102	6
6103	6
6104	6
6105	6
6106	6
6107	6
6108	6
6109	6
6110	6
6111	6
6112	6
6113	6
6114	6
6115	6
6116	6
6117	6
6118	6
6119	6
6120	6
6121	6
6122	6
6123	6
6124	6
6125	6
6126	6
6127	6
6128	6
6129	6
6130	6
6131	6
6132	6
6133	6
6134	6
6135	6
6136	6
6137	6
6138	6
6139	6
6140	6
6141	6
6142	6
6143	6
6144	6
6145	6
6146	6
6147	6
6148	6
6149	6
6150	6
6151	6
6152	6
6153	6
6154	6
6155	6
6156	6
6157	6
6158	6
6159	6
6160	6
6161	6
6162	6
6163	6
6164	6
6165	6
6166	6
6167	6
6168	6
6169	6
6170	6
6171	6
6172	6
6173	6
6174	6
6175	6
6176	6
6177	6
6178	6
6179	6
6180	6
6181	6
6182	6
6183	6
6184	6
6185	6
6186	6
6187	6
6188	6
6189	6
6190	6
6191	6
6192	6
6193	6
6194	6
6195	6
6196	6
6197	6
6198	6
6199	6
6200	6
6201	6
6202	6
6203	6
6204	6
6205	6
6206	6
6207	6
6208	6
6209	6
6210	6
6211	6
6212	6
6213	6
6214	6
6215	6
6216	6
6217	6
6218	6
6219	6
6220	6
6221	6
6222	6
6223	6
6224	6
6225	6
6226	6
6227	6
6228	6
6229	6
6230	6
6231	6
6232	6
6233	6
6234	6
6235	6
6236	6
6237	6
6238	6
6239	6
6240	6
6241	6
6242	6
6243	6
6244	6
6245	6
6246	6
6247	6
6248	6
6249	6
6250	6
6251	6
6252	6
6253	6
6254	6
6255	6
6256	6
6257	6
6258	6
6259	6
6260	6
6261	6
6262	6
6263	6
6264	6
6265	6
6266	6
6267	6
6268	6
6269	6
6270	6
6271	6
6272	6
6273	6
6274	6
6275	6
6276	6
6277	6
6278	6
6279	6
6280	6
6281	6
6282	6
6283	6
6284	6
6285	6
6286	6
6287	6
6288	6
6289	6
6290	6
6291	6
6292	6
6293	6
6294	6
6295	6
6296	6
6297	6
6298	6
6299	6
6300	6
6301	6
6302	6
6303	6
6304	6
6305	6
6306	6
6307	6
6308	6
6309	6
6310	6
6311	6
6312	6
6313	6
6314	6
6315	6
6316	6
6317	6
6318	6
6319	6
6320	6
6321	6
6322	6
6323	6
6324	6
6325	6
6326	6
6327	6
6328	6
6329	6
6330	6
6331	6
6332	6
6333	6
6334	6
6335	6
6336	6
6337	6
6338	6
6339	6
6340	6
6341	6
6342	6
6343	6
6344	6
6345	6
6346	6
6347	6
6348	6
6349	6
6350	6
6351	6
6352	6
6353	6
6354	6
6355	6
6356	6
6357	6
6358	6
6359	6
6360	6
6361	6
6362	6
6363	6
6364	6
6365	6
6366	6
6367	6
6368	6
6369	6
6370	6
6371	6
6372	6
6373	6
6374	6
6375	6
6376	6
6377	6
6378	6
6379	6
6380	6
6381	6
6382	6
6383	6
6384	6
6385	6
6386	6
6387	6
6388	6
6389	6
6390	6
6391	6
6392	6
6393	6
6394	6
6395	6
6396	6
6397	6
6398	6
6399	6
6400	6
6401	6
6402	6
6403	6
6404	6
6405	6
6406	6
6407	6
6408	6
6409	6
6410	6
6411	6
6412	6
6413	6
6414	6
6415	6
6416	6
6417	6
6418	6
6419	6
6420	6
6421	6
6422	6
6423	6
6424	6
6425	6
6426	6
6427	6
6428	6
6429	6
6430	6
6431	6
6432	6
6433	6
6434	6
6435	6
6436	6
6437	6
6438	6
6439	6
6440	6
6441	6
6442	6
6443	6
6444	6
6445	6
6446	6
6447	6
6448	6
6449	6
6450	6
6451	6
6452	6
6453	6
6454	6
6455	6
6456	6
6457	6
6458	6
6459	6
6460	6
6461	6
6462	6
6463	6
6464	6
6465	6
6466	6
6467	6
6468	6
6469	6
6470	6
6471	6
6472	6
6473	6
6474	6
6475	6
6476	6
6477	6
6478	6
6479	6
6480	6
6481	6
6482	6
6483	6
6484	6
6485	6
6486	6
6487	6
6488	6
6489	6
6490	6
6491	6
6492	6
6493	6
6494	6
6495	6
6496	6
6497	6
6498	6
6499	6
6500	6
6501	6
6502	6
6503	6
6504	6
6505	6
6506	6
6507	6
6508	6
6509	6
6510	6
6511	6
6512	6
6513	6
6514	6
6515	6
6516	6
6517	6
6518	6
6519	6
6520	6
6521	6
6522	6
6523	6
6524	6
6525	6
6526	6
6527	6
6528	6
6529	6
6530	6
6531	6
6532	6
6533	6
6534	6
6535	6
6536	6
6537	6
6538	6
6539	6
6540	6
6541	6
6542	6
6543	6
6544	6
6545	6
6546	6
6547	6
6548	6
6549	6
6550	6
6551	6
6552	6
6553	6
6554	6
6555	6
6556	6
6557	6
6558	6
6559	6
6560	6
6561	6
6562	6
6563	6
6564	6
6565	6
6566	6
6567	6
6568	6
6569	6
6570	6
6571	6
6572	6
6573	6
6574	6
6575	6
6576	6
6577	6
6578	6
6579	6
6580	6
6581	6
6582	6
6583	6
6584	6
6585	6
6586	6
6587	6
6588	6
6589	6
6590	6
6591	6
6592	6
6593	6
6594	6
6595	6
6596	7
6597	7
6598	7
6599	7
6600	7
6601	7
6602	7
6603	7
6604	7
6605	7
6606	7
6607	7
6608	7
6609	7
6610	7
6611	7
6612	7
6613	7
6614	7
6615	7
6616	7
6617	7
6618	7
6619	7
6620	7
6621	7
6622	7
6623	7
6624	7
6625	7
6626	7
6627	7
6628	7
6629	7
6630	7
6631	7
6632	7
6633	7
6634	7
6635	7
6636	7
6637	7
6638	7
6639	7
6640	7
6641	7
6642	7
6643	7
6644	7
6645	7
6646	7
6647	7
6648	7
6649	7
6650	7
6651	7
6652	7
6653	7
6654	7
6655	7
6656	7
6657	7
6658	7
6659	7
6660	7
6661	7
6662	7
6663	7
6664	7
6665	7
6666	7
6667	7
6668	7
6669	7
6670	7
6671	7
6672	7
6673	7
6674	7
6675	7
6676	7
6677	7
6678	7
6679	7
6680	7
6681	7
6682	7
6683	7
6684	7
6685	7
6686	7
6687	7
6688	7
6689	7
6690	7
6691	7
6692	7
6693	7
6694	7
6695	7
6696	7
6697	7
6698	7
6699	7
6700	7
6701	7
6702	7
6703	7
6704	7
6705	7
6706	7
6707	7
6708	7
6709	7
6710	7
6711	7
6712	7
6713	7
6714	7
6715	7
6716	7
6717	7
6718	7
6719	7
6720	7
6721	7
6722	7
6723	7
6724	7
6725	7
6726	7
6727	7
6728	7
6729	7
6730	7
6731	7
6732	7
6733	7
6734	7
6735	7
6736	7
6737	7
6738	7
6739	7
6740	7
6741	7
6742	7
6743	7
6744	7
6745	7
6746	7
6747	7
6748	7
6749	7
6750	7
6751	7
6752	7
6753	7
6754	7
6755	7
6756	7
6757	7
6758	7
6759	7
6760	7
6761	7
6762	7
6763	7
6764	7
6765	7
6766	7
6767	7
6768	7
6769	7
6770	7
6771	7
6772	7
6773	7
6774	7
6775	7
6776	7
6777	7
6778	7
6779	7
6780	7
6781	7
6782	7
6783	7
6784	7
6785	7
6786	7
6787	7
6788	7
6789	7
6790	7
6791	7
6792	7
6793	7
6794	7
6795	7
6796	7
6797	7
6798	7
6799	7
6800	7
6801	7
6802	7
6803	7
6804	7
6805	7
6806	7
6807	7
6808	7
6809	7
6810	7
6811	7
6812	7
6813	7
6814	7
6815	7
6816	7
6817	7
6818	7
6819	7
6820	7
6821	7
6822	7
6823	7
6824	7
6825	7
6826	7
6827	7
6828	7
6829	7
6830	7
6831	7
6832	7
6833	7
6834	7
6835	7
6836	7
6837	7
6838	7
6839	7
6840	7
6841	7
6842	7
6843	7
6844	7
6845	7
6846	7
6847	7
6848	7
6849	7
6850	7
6851	7
6852	7
6853	7
6854	7
6855	7
6856	7
6857	7
6858	7
6859	7
6860	7
6861	7
6862	7
6863	7
6864	7
6865	7
6866	7
6867	7
6868	7
6869	7
6870	7
6871	7
6872	7
6873	7
6874	7
6875	7
6876	7
6877	7
6878	7
6879	7
6880	7
6881	7
6882	7
6883	7
6884	7
6885	7
6886	7
6887	7
6888	7
6889	7
6890	7
6891	7
6892	7
6893	7
6894	7
6895	7
6896	7
6897	7
6898	7
6899	7
6900	7
6901	7
6902	7
6903	7
6904	7
6905	7
6906	7
6907	7
6908	7
6909	7
6910	7
6911	7
6912	7
6913	7
6914	7
6915	7
6916	7
6917	7
6918	7
6919	7
6920	7
6921	7
6922	7
6923	7
6924	7
6925	7
6926	7
6927	7
6928	7
6929	7
6930	7
6931	7
6932	7
6933	7
6934	7
6935	7
6936	7
6937	7
6938	7
6939	7
6940	7
6941	7
6942	7
6943	7
6944	7
6945	7
6946	7
6947	7
6948	7
6949	7
6950	7
6951	7
6952	7
6953	7
6954	7
6955	7
6956	7
6957	7
6958	7
6959	7
6960	7
6961	7
6962	7
6963	7
6964	7
6965	7
6966	7
6967	7
6968	7
6969	7
6970	7
6971	7
6972	7
6973	7
6974	7
6975	7
6976	7
6977	7
6978	7
6979	7
6980	7
6981	7
6982	7
6983	7
6984	7
6985	7
6986	7
6987	7
6988	7
6989	7
6990	7
6991	7
6992	7
6993	7
6994	7
6995	7
6996	7
6997	7
6998	7
6999	7
7000	7
7001	7
7002	7
7003	7
7004	7
7005	7
7006	7
7007	7
7008	7
7009	7
7010	7
7011	7
7012	7
7013	7
7014	7
7015	7
7016	7
7017	7
7018	7
7019	7
7020	7
7021	7
7022	7
7023	7
7024	7
7025	7
7026	7
7027	7
7028	7
7029	7
7030	7
7031	7
7032	7
7033	7
7034	7
7035	7
7036	7
7037	7
7038	7
7039	7
7040	7
7041	7
7042	7
7043	7
7044	7
7045	7
7046	7
7047	7
7048	7
7049	7
7050	7
7051	7
7052	7
7053	7
7054	7
7055	7
7056	7
7057	7
7058	7
7059	7
7060	7
7061	7
7062	7
7063	7
7064	7
7065	7
7066	7
7067	7
7068	7
7069	7
7070	7
7071	7
7072	7
7073	7
7074	7
7075	7
7076	7
7077	7
7078	7
7079	7
7080	7
7081	7
7082	7
7083	7
7084	7
7085	7
7086	7
7087	7
7088	7
7089	7
7090	7
7091	7
7092	7
7093	7
7094	7
7095	7
7096	7
7097	7
7098	7
7099	7
7100	7
7101	7
7102	7
7103	7
7104	7
7105	7
7106	7
7107	7
7108	7
7109	7
7110	7
7111	7
7112	7
7113	7
7114	7
7115	7
7116	7
7117	7
7118	7
7119	7
7120	7
7121	7
7122	7
7123	7
7124	7
7125	7
7126	7
7127	7
7128	7
7129	7
7130	7
7131	7
7132	7
7133	7
7134	7
7135	7
7136	7
7137	7
7138	7
7139	7
7140	7
7141	7
7142	7
7143	7
7144	7
7145	7
7146	7
7147	7
7148	7
7149	7
7150	7
7151	7
7152	7
7153	7
7154	7
7155	7
7156	7
7157	7
7158	7
7159	7
7160	7
7161	7
7162	7
7163	7
7164	7
7165	7
7166	7
7167	7
7168	7
7169	7
7170	7
7171	7
7172	7
7173	7
7174	7
7175	7
7176	7
7177	7
7178	7
7179	7
7180	7
7181	7
7182	7
7183	7
7184	7
7185	7
7186	7
7187	7
7188	7
7189	7
7190	7
7191	7
7192	7
7193	7
7194	7
7195	7
7196	7
7197	7
7198	7
7199	7
7200	7
7201	7
7202	7
7203	7
7204	7
7205	7
7206	7
7207	7
7208	7
7209	7
7210	7
7211	7
7212	7
7213	7
7214	7
7215	7
7216	7
7217	7
7218	7
7219	7
7220	7
7221	7
7222	7
7223	7
7224	7
7225	7
7226	7
7227	7
7228	7
7229	7
7230	7
7231	7
7232	7
7233	7
7234	7
7235	7
7236	7
7237	7
7238	7
7239	7
7240	7
7241	7
7242	7
7243	7
7244	7
7245	7
7246	7
7247	7
7248	7
7249	7
7250	7
7251	7
7252	7
7253	7
7254	7
7255	7
7256	7
7257	7
7258	7
7259	7
7260	7
7261	7
7262	7
7263	7
7264	7
7265	7
7266	7
7267	7
7268	7
7269	7
7270	7
7271	7
7272	7
7273	7
7274	7
7275	7
7276	7
7277	7
7278	7
7279	7
7280	7
7281	7
7282	7
7283	7
7284	7
7285	7
7286	7
7287	7
7288	7
7289	7
7290	7
7291	7
7292	7
7293	7
7294	7
7295	7
7296	7
7297	7
7298	7
7299	7
7300	7
7301	7
7302	7
7303	7
7304	7
7305	7
7306	7
7307	7
7308	7
7309	7
7310	7
7311	7
7312	7
7313	7
7314	7
7315	7
7316	7
7317	7
7318	7
7319	7
7320	7
7321	7
7322	7
7323	7
7324	7
7325	7
7326	7
7327	7
7328	7
7329	7
7330	7
7331	7
7332	7
7333	7
7334	7
7335	7
7336	7
7337	7
7338	7
7339	7
7340	7
7341	7
7342	7
7343	7
7344	7
7345	7
7346	7
7347	7
7348	7
7349	7
7350	7
7351	7
7352	7
7353	7
7354	7
7355	7
7356	7
7357	7
7358	7
7359	7
7360	7
7361	7
7362	7
7363	7
7364	7
7365	7
7366	7
7367	7
7368	7
7369	7
7370	7
7371	7
7372	7
7373	7
7374	7
7375	7
7376	7
7377	7
7378	7
7379	7
7380	7
7381	7
7382	7
7383	7
7384	7
7385	7
7386	7
7387	7
7388	7
7389	7
7390	7
7391	7
7392	7
7393	7
7394	7
7395	7
7396	7
7397	7
7398	7
7399	7
7400	7
7401	7
7402	7
7403	7
7404	7
7405	7
7406	7
7407	7
7408	7
7409	7
7410	7
7411	7
7412	7
7413	7
7414	7
7415	7
7416	7
7417	7
7418	7
7419	7
7420	7
7421	7
7422	7
7423	7
7424	7
7425	7
7426	7
7427	7
7428	7
7429	7
7430	7
7431	7
7432	7
7433	7
7434	7
7435	7
7436	7
7437	7
7438	7
7439	7
7440	7
7441	7
7442	7
7443	7
7444	7
7445	7
7446	7
7447	7
7448	7
7449	7
7450	7
7451	7
7452	7
7453	7
7454	7
7455	7
7456	7
7457	7
7458	7
7459	7
7460	7
7461	7
7462	7
7463	7
7464	7
7465	7
7466	7
7467	7
7468	7
7469	7
7470	7
7471	7
7472	7
7473	7
7474	7
7475	7
7476	7
7477	7
7478	7
7479	7
7480	7
7481	7
7482	7
7483	7
7484	7
7485	7
7486	7
7487	7
7488	7
7489	7
7490	7
7491	7
7492	7
7493	7
7494	7
7495	7
7496	7
7497	7
7498	7
7499	7
7500	7
7501	7
7502	7
7503	7
7504	7
7505	7
7506	7
7507	7
7508	7
7509	7
7510	7
7511	7
7512	7
7513	7
7514	7
7515	7
7516	7
7517	7
7518	7
7519	7
7520	7
7521	7
7522	7
7523	7
7524	7
7525	7
7526	7
7527	7
7528	7
7529	7
7530	7
7531	7
7532	7
7533	7
7534	7
7535	7
7536	7
7537	7
7538	7
7539	7
7540	7
7541	7
7542	7
7543	7
7544	7
7545	7
7546	7
7547	7
7548	7
7549	7
7550	7
7551	7
7552	7
7553	7
7554	7
7555	7
7556	7
7557	7
7558	7
7559	7
7560	7
7561	7
7562	7
7563	7
7564	7
7565	7
7566	7
7567	7
7568	7
7569	7
7570	7
7571	7
7572	7
7573	7
7574	7
7575	7
7576	7
7577	7
7578	7
7579	7
7580	7
7581	7
7582	7
7583	7
7584	7
7585	7
7586	7
7587	7
7588	7
7589	7
7590	7
7591	7
7592	7
7593	7
7594	7
7595	7
7596	7
7597	7
7598	7
7599	7
7600	7
7601	7
7602	7
7603	7
7604	7
7605	7
7606	7
7607	7
7608	7
7609	7
7610	7
7611	7
7612	7
7613	7
7614	7
7615	7
7616	7
7617	7
7618	7
7619	7
7620	7
7621	7
7622	7
7623	7
7624	7
7625	7
7626	7
7627	7
7628	7
7629	7
7630	7
7631	7
7632	7
7633	7
7634	7
7635	7
7636	7
7637	7
7638	7
7639	7
7640	7
7641	7
7642	7
7643	7
7644	7
7645	7
7646	7
7647	7
7648	7
7649	7
7650	7
7651	7
7652	7
7653	7
7654	7
7655	7
7656	7
7657	7
7658	7
7659	7
7660	7
7661	7
7662	7
7663	7
7664	7
7665	7
7666	7
7667	7
7668	7
7669	7
7670	7
7671	7
7672	7
7673	7
7674	7
7675	7
7676	7
7677	7
7678	7
7679	7
7680	7
7681	7
7682	7
7683	7
7684	7
7685	7
7686	7
7687	7
7688	7
7689	7
7690	7
7691	7
7692	7
7693	7
7694	7
7695	7
7696	7
7697	7
7698	7
7699	7
7700	7
7701	7
7702	7
7703	7
7704	7
7705	7
7706	7
7707	7
7708	7
7709	7
7710	7
7711	7
7712	7
7713	7
7714	7
7715	7
7716	7
7717	7
7718	7
7719	7
7720	7
7721	7
7722	7
7723	7
7724	7
7725	7
7726	7
7727	7
7728	7
7729	7
7730	7
7731	7
7732	7
7733	7
7734	7
7735	7
7736	7
7737	7
7738	7
7739	7
7740	7
7741	7
7742	7
7743	7
7744	7
7745	7
7746	7
7747	7
7748	7
7749	7
7750	7
7751	7
7752	7
7753	7
7754	7
7755	7
7756	7
7757	7
7758	7
7759	7
7760	7
7761	7
7762	7
7763	7
7764	7
7765	7
7766	7
7767	7
7768	7
7769	7
7770	7
7771	7
7772	7
7773	7
7774	7
7775	7
7776	7
7777	7
7778	7
7779	7
7780	7
7781	7
7782	7
7783	7
7784	7
7785	7
7786	7
7787	7
7788	7
7789	7
7790	7
7791	7
7792	7
7793	7
7794	7
7795	7
7796	7
7797	7
7798	7
7799	7
7800	7
7801	7
7802	7
7803	7
7804	7
7805	7
7806	7
7807	7
7808	7
7809	7
7810	7
7811	7
7812	7
7813	7
7814	7
7815	7
7816	7
7817	7
7818	7
7819	7
7820	7
7821	7
7822	7
7823	7
7824	7
7825	7
7826	7
7827	7
7828	7
7829	7
7830	7
7831	7
7832	7
7833	7
7834	7
7835	7
7836	7
7837	7
7838	7
7839	7
7840	7
7841	7
7842	7
7843	7
7844	7
7845	7
7846	7
7847	7
7848	7
7849	7
7850	7
7851	7
7852	7
7853	7
7854	7
7855	7
7856	7
7857	7
7858	7
7859	7
7860	7
7861	7
7862	7
7863	7
7864	7
7865	7
7866	7
7867	7
7868	7
7869	7
7870	7
7871	7
7872	7
7873	7
7874	7
7875	7
7876	7
7877	7
7878	7
7879	7
7880	7
7881	7
7882	7
7883	7
7884	7
7885	7
7886	7
7887	7
7888	7
7889	7
7890	7
7891	7
7892	7
7893	7
7894	7
7895	7
7896	7
7897	7
7898	7
7899	7
7900	7
7901	7
7902	7
7903	7
7904	7
7905	7
7906	7
7907	7
7908	7
7909	7
7910	7
7911	7
7912	7
7913	7
7914	7
7915	7
7916	7
7917	7
7918	7
7919	7
7920	7
7921	7
7922	7
7923	7
7924	7
7925	7
7926	7
7927	7
7928	7
7929	7
7930	7
7931	7
7932	7
7933	7
7934	7
7935	7
7936	7
7937	7
7938	7
7939	7
7940	7
7941	7
7942	7
7943	7
7944	7
7945	7
7946	7
7947	7
7948	7
7949	7
7950	7
7951	7
7952	7
7953	7
7954	7
7955	7
7956	7
7957	7
7958	7
7959	7
7960	7
7961	7
7962	7
7963	7
7964	7
7965	7
7966	7
7967	7
7968	7
7969	7
7970	7
7971	7
7972	7
7973	7
7974	7
7975	7
7976	7
7977	7
7978	7
7979	7
7980	7
7981	7
7982	7
7983	7
7984	7
7985	7
7986	7
7987	7
7988	7
7989	7
7990	7
7991	7
7992	7
7993	7
7994	7
7995	7
7996	7
7997	7
7998	7
7999	7
8000	7
8001	7
8002	7
8003	7
8004	7
8005	7
8006	7
8007	7
8008	7
8009	7
8010	7
8011	7
8012	7
8013	7
8014	7
8015	7
8016	7
8017	7
8018	7
8019	7
8020	7
8021	7
8022	7
8023	7
8024	7
8025	7
8026	7
8027	7
8028	7
8029	7
8030	7
8031	7
8032	7
8033	7
8034	7
8035	7
8036	7
8037	7
8038	7
8039	7
8040	7
8041	7
8042	7
8043	7
8044	7
8045	7
8046	7
8047	7
8048	7
8049	7
8050	7
8051	7
8052	7
8053	7
8054	7
8055	7
8056	7
8057	7
8058	7
8059	7
8060	7
8061	7
8062	7
8063	7
8064	7
8065	7
8066	7
8067	7
8068	7
8069	7
8070	7
8071	7
8072	7
8073	7
8074	7
8075	7
8076	7
8077	7
8078	7
8079	7
8080	7
8081	7
8082	7
8083	7
8084	7
8085	7
8086	7
8087	7
8088	7
8089	7
8090	7
8091	7
8092	7
8093	7
8094	7
8095	7
8096	7
8097	7
8098	7
8099	7
8100	7
8101	7
8102	7
8103	7
8104	7
8105	7
8106	7
8107	7
8108	7
8109	7
8110	7
8111	7
8112	7
8113	7
8114	7
8115	7
8116	7
8117	7
8118	7
8119	7
8120	7
8121	7
8122	7
8123	7
8124	7
8125	7
8126	7
8127	7
8128	7
8129	7
8130	7
8131	7
8132	7
8133	7
8134	7
8135	7
8136	7
8137	7
8138	7
8139	7
8140	7
8141	7
8142	7
8143	7
8144	7
8145	7
8146	7
8147	7
8148	7
8149	7
8150	7
8151	7
8152	7
8153	7
8154	7
8155	7
8156	7
8157	7
8158	7
8159	7
8160	7
8161	7
8162	7
8163	7
8164	7
8165	7
8166	7
8167	7
8168	8
8169	8
8170	8
8171	8
8172	8
8173	8
8174	8
8175	8
8176	8
8177	8
8178	8
8179	8
8180	8
8181	8
8182	8
8183	8
8184	8
8185	8
8186	8
8187	8
8188	8
8189	8
8190	8
8191	8
8192	8
8193	8
8194	8
8195	8
8196	8
8197	8
8198	8
8199	8
8200	8
8201	8
8202	8
8203	8
8204	8
8205	8
8206	8
8207	8
8208	8
8209	8
8210	8
8211	8
8212	8
8213	8
8214	8
8215	8
8216	8
8217	8
8218	8
8219	8
8220	8
8221	8
8222	8
8223	8
8224	8
8225	8
8226	8
8227	8
8228	8
8229	8
8230	8
8231	8
8232	8
8233	8
8234	8
8235	8
8236	8
8237	8
8238	8
8239	8
8240	8
8241	8
8242	8
8243	8
8244	8
8245	8
8246	8
8247	8
8248	8
8249	8
8250	8
8251	8
8252	8
8253	8
8254	8
8255	8
8256	8
8257	8
8258	8
8259	8
8260	8
8261	8
8262	8
8263	8
8264	8
8265	8
8266	8
8267	8
8268	8
8269	8
8270	8
8271	8
8272	8
8273	8
8274	8
8275	8
8276	8
8277	8
8278	8
8279	8
8280	8
8281	8
8282	8
8283	8
8284	8
8285	8
8286	8
8287	8
8288	8
8289	8
8290	8
8291	8
8292	8
8293	8
8294	8
8295	8
8296	8
8297	8
8298	8
8299	8
8300	8
8301	8
8302	8
8303	8
8304	8
8305	8
8306	8
8307	8
8308	8
8309	8
8310	8
8311	8
8312	8
8313	8
8314	8
8315	8
8316	8
8317	8
8318	8
8319	8
8320	8
8321	8
8322	8
8323	8
8324	8
8325	8
8326	8
8327	8
8328	8
8329	8
8330	8
8331	8
8332	8
8333	8
8334	8
8335	8
8336	8
8337	8
8338	8
8339	8
8340	8
8341	8
8342	8
8343	8
8344	8
8345	8
8346	8
8347	8
8348	8
8349	8
8350	8
8351	8
8352	8
8353	8
8354	8
8355	8
8356	8
8357	8
8358	8
8359	8
8360	8
8361	8
8362	8
8363	8
8364	8
8365	8
8366	8
8367	8
8368	8
8369	8
8370	8
8371	8
8372	8
8373	8
8374	8
8375	8
8376	8
8377	8
8378	8
8379	8
8380	8
8381	8
8382	8
8383	8
8384	8
8385	8
8386	8
8387	8
8388	8
8389	8
8390	8
8391	8
8392	8
8393	8
8394	8
8395	8
8396	8
8397	8
8398	8
8399	8
8400	8
8401	8
8402	8
8403	8
8404	8
8405	8
8406	8
8407	8
8408	8
8409	8
8410	8
8411	8
8412	8
8413	8
8414	8
8415	8
8416	8
8417	8
8418	8
8419	8
8420	8
8421	8
8422	8
8423	8
8424	8
8425	8
8426	8
8427	8
8428	8
8429	8
8430	8
8431	8
8432	8
8433	8
8434	8
8435	8
8436	8
8437	8
8438	8
8439	8
8440	8
8441	8
8442	8
8443	8
8444	8
8445	8
8446	8
8447	8
8448	8
8449	8
8450	8
8451	8
8452	8
8453	8
8454	8
8455	8
8456	8
8457	8
8458	8
8459	8
8460	8
8461	8
8462	8
8463	8
8464	8
8465	8
8466	8
8467	8
8468	8
8469	8
8470	8
8471	8
8472	8
8473	8
8474	8
8475	8
8476	8
8477	8
8478	8
8479	8
8480	8
8481	8
8482	8
8483	8
8484	8
8485	8
8486	8
8487	8
8488	8
8489	8
8490	8
8491	8
8492	8
8493	8
8494	8
8495	8
8496	8
8497	8
8498	8
8499	8
8500	8
8501	8
8502	8
8503	8
8504	8
8505	8
8506	8
8507	8
8508	8
8509	8
8510	8
8511	8
8512	8
8513	8
8514	8
8515	8
8516	8
8517	8
8518	8
8519	8
8520	8
8521	8
8522	8
8523	8
8524	8
8525	8
8526	8
8527	8
8528	8
8529	8
8530	8
8531	8
8532	8
8533	8
8534	8
8535	8
8536	8
8537	8
8538	8
8539	8
8540	8
8541	8
8542	8
8543	8
8544	8
8545	8
8546	8
8547	8
8548	8
8549	8
8550	8
8551	8
8552	8
8553	8
8554	8
8555	8
8556	8
8557	8
8558	8
8559	8
8560	8
8561	8
8562	8
8563	8
8564	8
8565	8
8566	8
8567	8
8568	8
8569	8
8570	8
8571	8
8572	8
8573	8
8574	8
8575	8
8576	8
8577	8
8578	8
8579	8
8580	8
8581	8
8582	8
8583	8
8584	8
8585	8
8586	8
8587	8
8588	8
8589	8
8590	8
8591	8
8592	8
8593	8
8594	8
8595	8
8596	8
8597	8
8598	8
8599	8
8600	8
8601	8
8602	8
8603	8
8604	8
8605	8
8606	8
8607	8
8608	8
8609	8
8610	8
8611	8
8612	8
8613	8
8614	8
8615	8
8616	8
8617	8
8618	8
8619	8
8620	8
8621	8
8622	8
8623	8
8624	8
8625	8
8626	8
8627	8
8628	8
8629	8
8630	8
8631	8
8632	8
8633	8
8634	8
8635	8
8636	8
8637	8
8638	8
8639	8
8640	8
8641	8
8642	8
8643	8
8644	8
8645	8
8646	8
8647	8
8648	8
8649	8
8650	8
8651	8
8652	8
8653	8
8654	8
8655	8
8656	8
8657	8
8658	8
8659	8
8660	8
8661	8
8662	8
8663	8
8664	8
8665	8
8666	8
8667	8
8668	8
8669	8
8670	8
8671	8
8672	8
8673	8
8674	8
8675	8
8676	8
8677	8
8678	8
8679	8
8680	8
8681	8
8682	8
8683	8
8684	8
8685	8
8686	8
8687	8
8688	8
8689	8
8690	8
8691	8
8692	8
8693	8
8694	8
8695	8
8696	8
8697	8
8698	8
8699	8
8700	8
8701	8
8702	8
8703	8
8704	8
8705	8
8706	8
8707	8
8708	8
8709	8
8710	8
8711	8
8712	8
8713	8
8714	8
8715	8
8716	8
8717	8
8718	8
8719	8
8720	8
8721	8
8722	8
8723	8
8724	8
8725	8
8726	8
8727	8
8728	8
8729	8
8730	8
8731	8
8732	8
8733	8
8734	8
8735	8
8736	8
8737	8
8738	8
8739	8
8740	8
8741	8
8742	8
8743	8
8744	8
8745	8
8746	8
8747	8
8748	8
8749	8
8750	8
8751	8
8752	8
8753	8
8754	8
8755	8
8756	8
8757	8
8758	8
8759	8
8760	8
8761	8
8762	8
8763	8
8764	8
8765	8
8766	8
8767	8
8768	8
8769	8
8770	8
8771	8
8772	8
8773	8
8774	8
8775	8
8776	8
8777	8
8778	8
8779	8
8780	8
8781	8
8782	8
8783	8
8784	8
8785	8
8786	8
8787	8
8788	8
8789	8
8790	8
8791	8
8792	8
8793	8
8794	8
8795	8
8796	8
8797	8
8798	8
8799	8
8800	8
8801	8
8802	8
8803	8
8804	8
8805	8
8806	8
8807	8
8808	8
8809	8
8810	8
8811	8
8812	8
8813	8
8814	8
8815	8
8816	8
8817	8
8818	8
8819	8
8820	8
8821	8
8822	8
8823	8
8824	8
8825	8
8826	8
8827	8
8828	8
8829	8
8830	8
8831	8
8832	8
8833	8
8834	8
8835	8
8836	8
8837	8
8838	8
8839	8
8840	8
8841	8
8842	8
8843	8
8844	8
8845	8
8846	8
8847	8
8848	8
8849	8
8850	8
8851	8
8852	8
8853	8
8854	8
8855	8
8856	8
8857	8
8858	8
8859	8
8860	8
8861	8
8862	8
8863	8
8864	8
8865	8
8866	8
8867	8
8868	8
8869	8
8870	8
8871	8
8872	8
8873	8
8874	8
8875	8
8876	8
8877	8
8878	8
8879	8
8880	8
8881	8
8882	8
8883	8
8884	8
8885	8
8886	8
8887	8
8888	8
8889	8
8890	8
8891	8
8892	8
8893	8
8894	8
8895	8
8896	8
8897	8
8898	8
8899	8
8900	8
8901	8
8902	8
8903	8
8904	8
8905	8
8906	8
8907	8
8908	8
8909	8
8910	8
8911	8
8912	8
8913	8
8914	8
8915	8
8916	8
8917	8
8918	8
8919	8
8920	8
8921	8
8922	8
8923	8
8924	8
8925	8
8926	8
8927	8
8928	8
8929	8
8930	8
8931	8
8932	8
8933	8
8934	8
8935	8
8936	8
8937	8
8938	8
8939	8
8940	8
8941	8
8942	8
8943	8
8944	8
8945	8
8946	8
8947	8
8948	8
8949	8
8950	8
8951	8
8952	8
8953	8
8954	8
8955	8
8956	8
8957	8
8958	8
8959	8
8960	8
8961	8
8962	8
8963	8
8964	8
8965	8
8966	8
8967	8
8968	8
8969	8
8970	8
8971	8
8972	8
8973	8
8974	8
8975	8
8976	8
8977	8
8978	8
8979	8
8980	8
8981	8
8982	8
8983	8
8984	8
8985	8
8986	8
8987	8
8988	8
8989	8
8990	8
8991	8
8992	8
8993	8
8994	8
8995	8
8996	8
8997	8
8998	8
8999	8
9000	8
9001	8
9002	8
9003	8
9004	8
9005	8
9006	8
9007	8
9008	8
9009	8
9010	8
9011	8
9012	8
9013	8
9014	8
9015	8
9016	8
9017	8
9018	8
9019	8
9020	8
9021	8
9022	8
9023	8
9024	8
9025	8
9026	8
9027	8
9028	8
9029	8
9030	8
9031	8
9032	8
9033	8
9034	8
9035	8
9036	8
9037	8
9038	8
9039	8
9040	8
9041	8
9042	8
9043	8
9044	8
9045	8
9046	8
9047	8
9048	8
9049	8
9050	8
9051	8
9052	8
9053	8
9054	8
9055	8
9056	8
9057	8
9058	8
9059	8
9060	8
9061	8
9062	8
9063	8
9064	8
9065	8
9066	8
9067	8
9068	8
9069	8
9070	8
9071	8
9072	8
9073	8
9074	8
9075	8
9076	8
9077	8
9078	8
9079	8
9080	8
9081	8
9082	8
9083	8
9084	8
9085	8
9086	8
9087	8
9088	8
9089	8
9090	8
9091	8
9092	8
9093	8
9094	8
9095	8
9096	8
9097	8
9098	8
9099	8
9100	8
9101	8
9102	8
9103	8
9104	8
9105	8
9106	8
9107	8
9108	8
9109	8
9110	8
9111	8
9112	8
9113	8
9114	8
9115	8
9116	8
9117	8
9118	8
9119	8
9120	8
9121	8
9122	8
9123	8
9124	8
9125	8
9126	8
9127	8
9128	8
9129	8
9130	8
9131	8
9132	8
9133	8
9134	8
9135	8
9136	8
9137	8
9138	8
9139	8
9140	8
9141	8
9142	8
9143	8
9144	8
9145	8
9146	8
9147	8
9148	8
9149	8
9150	8
9151	8
9152	8
9153	8
9154	8
9155	8
9156	8
9157	8
9158	8
9159	8
9160	8
9161	8
9162	8
9163	8
9164	8
9165	8
9166	8
9167	8
9168	8
9169	8
9170	8
9171	8
9172	8
9173	8
9174	8
9175	8
9176	8
9177	8
9178	8
9179	8
9180	8
9181	8
9182	8
9183	8
9184	8
9185	8
9186	8
9187	8
9188	8
9189	8
9190	8
9191	8
9192	8
9193	8
9194	8
9195	8
9196	8
9197	8
9198	8
9199	8
9200	8
9201	8
9202	8
9203	8
9204	8
9205	8
9206	8
9207	8
9208	8
9209	8
9210	8
9211	8
9212	8
9213	8
9214	8
9215	8
9216	8
9217	8
9218	8
9219	8
9220	8
9221	8
9222	8
9223	8
9224	8
9225	8
9226	8
9227	8
9228	8
9229	8
9230	8
9231	8
9232	8
9233	8
9234	8
9235	8
9236	8
9237	8
9238	8
9239	8
9240	8
9241	8
9242	8
9243	8
9244	8
9245	8
9246	8
9247	8
9248	8
9249	8
9250	8
9251	8
9252	8
9253	8
9254	8
9255	8
9256	8
9257	8
9258	8
9259	8
9260	8
9261	8
9262	8
9263	8
9264	8
9265	8
9266	8
9267	8
9268	8
9269	8
9270	8
9271	8
9272	8
9273	8
9274	8
9275	8
9276	8
9277	8
9278	8
9279	8
9280	8
9281	8
9282	8
9283	8
9284	8
9285	8
9286	8
9287	8
9288	8
9289	8
9290	8
9291	8
9292	8
9293	8
9294	8
9295	8
9296	8
9297	8
9298	8
9299	8
9300	8
9301	8
9302	8
9303	8
9304	8
9305	8
9306	8
9307	8
9308	8
9309	8
9310	8
9311	8
9312	8
9313	8
9314	8
9315	8
9316	8
9317	8
9318	8
9319	8
9320	8
9321	8
9322	8
9323	8
9324	8
9325	8
9326	8
9327	8
9328	8
9329	8
9330	8
9331	8
9332	8
9333	8
9334	8
9335	8
9336	8
9337	8
9338	8
9339	8
9340	8
9341	8
9342	8
9343	8
9344	8
9345	8
9346	8
9347	8
9348	8
9349	8
9350	8
9351	8
9352	8
9353	8
9354	8
9355	8
9356	8
9357	8
9358	8
9359	8
9360	8
9361	8
9362	8
9363	8
9364	8
9365	8
9366	8
9367	8
9368	8
9369	8
9370	8
9371	8
9372	8
9373	8
9374	8
9375	8
9376	8
9377	8
9378	8
9379	8
9380	8
9381	8
9382	8
9383	8
9384	8
9385	8
9386	8
9387	8
9388	8
9389	8
9390	8
9391	8
9392	8
9393	8
9394	8
9395	8
9396	8
9397	8
9398	8
9399	8
9400	8
9401	8
9402	8
9403	8
9404	8
9405	8
9406	8
9407	8
9408	8
9409	8
9410	8
9411	8
9412	8
9413	8
9414	8
9415	8
9416	8
9417	8
9418	8
9419	8
9420	8
9421	8
9422	8
9423	8
9424	8
9425	8
9426	8
9427	8
9428	8
9429	8
9430	8
9431	8
9432	8
9433	8
9434	8
9435	8
9436	8
9437	8
9438	8
9439	8
9440	8
9441	8
9442	8
9443	8
9444	8
9445	8
9446	8
9447	8
9448	8
9449	8
9450	8
9451	8
9452	8
9453	8
9454	8
9455	8
9456	8
9457	8
9458	8
9459	8
9460	8
9461	8
9462	8
9463	8
9464	8
9465	8
9466	8
9467	8
9468	8
9469	8
9470	8
9471	8
9472	8
9473	8
9474	8
9475	8
9476	8
9477	8
9478	8
9479	8
9480	8
9481	8
9482	8
9483	8
9484	8
9485	8
9486	8
9487	8
9488	8
9489	8
9490	8
9491	8
9492	8
9493	8
9494	8
9495	8
9496	8
9497	8
9498	8
9499	8
9500	8
9501	8
9502	8
9503	8
9504	8
9505	8
9506	8
9507	8
9508	8
9509	8
9510	8
9511	8
9512	8
9513	8
9514	8
9515	8
9516	8
9517	8
9518	8
9519	8
9520	8
9521	8
9522	8
9523	8
9524	8
9525	8
9526	8
9527	8
9528	8
9529	8
9530	8
9531	8
9532	8
9533	8
9534	8
9535	8
9536	8
9537	8
9538	8
9539	8
9540	8
9541	8
9542	8
9543	8
9544	8
9545	8
9546	8
9547	8
9548	8
9549	8
9550	8
9551	8
9552	8
9553	8
9554	8
9555	8
9556	8
9557	8
9558	8
9559	8
9560	8
9561	8
9562	8
9563	8
9564	8
9565	8
9566	8
9567	8
9568	8
9569	8
9570	8
9571	8
9572	8
9573	8
9574	8
9575	8
9576	8
9577	8
9578	8
9579	8
9580	8
9581	8
9582	8
9583	8
9584	8
9585	8
9586	8
9587	8
9588	8
9589	8
9590	8
9591	8
9592	8
9593	8
9594	8
9595	8
9596	8
9597	8
9598	8
9599	8
9600	8
9601	8
9602	8
9603	8
9604	8
9605	8
9606	8
9607	8
9608	8
9609	8
9610	8
9611	8
9612	8
9613	8
9614	8
9615	8
9616	8
9617	8
9618	8
9619	8
9620	8
9621	8
9622	8
9623	8
9624	8
9625	8
9626	8
9627	8
9628	8
9629	8
9630	8
9631	8
9632	8
9633	8
9634	8
9635	8
9636	8
9637	8
9638	8
9639	8
9640	8
9641	8
9642	8
9643	8
9644	8
9645	8
9646	8
9647	8
9648	8
9649	8
9650	8
9651	8
9652	8
9653	8
9654	8
9655	8
9656	8
9657	8
9658	8
9659	8
9660	8
9661	8
9662	8
9663	8
9664	8
9665	8
9666	8
9667	8
9668	8
9669	8
9670	8
9671	8
9672	8
9673	8
9674	8
9675	8
9676	8
9677	8
9678	8
9679	8
9680	8
9681	8
9682	8
9683	8
9684	8
9685	8
9686	8
9687	8
9688	8
9689	8
9690	8
9691	8
9692	8
9693	8
9694	8
9695	8
9696	8
9697	8
9698	8
9699	8
9700	8
9701	8
9702	8
9703	8
9704	8
9705	8
9706	8
9707	8
9708	8
9709	8
9710	8
9711	8
9712	8
9713	8
9714	8
9715	8
9716	8
9717	8
9718	8
9719	8
9720	8
9721	8
9722	8
9723	8
9724	8
9725	8
9726	8
9727	8
9728	8
9729	8
9730	8
9731	8
9732	8
9733	8
9734	8
9735	8
9736	8
9737	8
9738	8
9739	8
9740	8
9741	8
9742	8
9743	8
9744	8
9745	8
9746	8
9747	8
9748	8
9749	8
9750	8
9751	8
9752	8
9753	8
9754	8
9755	8
9756	8
9757	8
9758	8
9759	8
9760	8
9761	8
9762	8
9763	8
9764	8
9765	8
9766	8
9767	8
9768	8
9769	8
9770	8
9771	8
9772	8
9773	8
9774	8
9775	8
9776	8
9777	8
9778	8
9779	8
9780	8
9781	8
9782	8
9783	8
9784	8
9785	8
9786	8
9787	8
9788	8
9789	8
9790	8
9791	8
9792	8
9793	8
9794	8
9795	8
9796	8
9797	8
9798	8
9799	8
9800	8
9801	8
9802	8
9803	8
9804	8
9805	8
9806	8
9807	8
9808	8
9809	8
9810	8
9811	8
9812	8
9813	8
9814	8
9815	8
9816	8
9817	8
9818	8
9819	8
9820	8
9821	8
9822	8
9823	8
9824	8
9825	8
9826	8
9827	8
9828	8
9829	8
9830	8
9831	8
9832	8
9833	8
9834	8
9835	8
9836	8
9837	8
9838	8
9839	8
9840	8
9841	8
9842	8
9843	8
9844	8
9845	8
9846	8
9847	8
9848	8
9849	8
9850	8
9851	8
9852	8
9853	8
9854	8
9855	8
9856	8
9857	8
9858	8
9859	8
9860	8
9861	8
9862	8
9863	8
9864	8
9865	8
9866	8
9867	8
9868	8
9869	8
9870	8
9871	8
9872	8
9873	8
9874	8
9875	8
9876	8
9877	8
9878	8
9879	8
9880	8
9881	8
9882	8
9883	8
9884	8
9885	8
9886	8
9887	8
9888	8
9889	8
9890	8
9891	8
9892	8
9893	8
9894	8
9895	8
9896	8
9897	8
9898	8
9899	8
9900	8
9901	8
9902	8
9903	8
9904	8
9905	8
9906	8
9907	8
9908	8
9909	8
9910	8
9911	8
9912	8
9913	8
9914	8
9915	8
9916	8
9917	8
9918	8
9919	8
9920	8
9921	8
9922	8
9923	8
9924	8
9925	8
9926	8
9927	8
9928	8
9929	8
9930	8
9931	8
9932	8
9933	8
9934	8
9935	8
9936	8
9937	8
9938	8
9939	8
9940	8
9941	8
9942	8
9943	8
9944	8
9945	8
9946	8
9947	8
9948	8
9949	8
9950	8
9951	8
9952	8
9953	8
9954	8
9955	8
9956	8
9957	8
9958	8
9959	8
9960	8
9961	8
9962	8
9963	8
9964	8
9965	8
9966	8
9967	8
9968	8
9969	8
9970	8
9971	8
9972	8
9973	8
9974	8
9975	8
9976	8
9977	8
9978	8
9979	8
9980	8
9981	8
9982	8
9983	8
9984	8
9985	8
9986	8
9987	8
9988	8
9989	8
9990	8
9991	8
9992	8
9993	8
9994	8
9995	8
9996	8
9997	8
9998	8
9999	8
10000	8
