#Clock	ItemsCollected
1	0
2	0
3	0
4	0
5	0
6	0
7	0
8	0
9	0
10	0
11	0
12	0
13	0
14	0
15	0
16	0
17	0
18	0
19	0
20	0
21	0
22	0
23	0
24	0
25	0
26	0
27	0
28	0
29	0
30	0
31	0
32	0
33	0
34	0
35	0
36	0
37	0
38	0
39	0
40	0
41	0
42	0
43	0
44	0
45	0
46	0
47	0
48	0
49	0
50	0
51	0
52	0
53	0
54	0
55	0
56	0
57	0
58	0
59	0
60	0
61	0
62	0
63	0
64	0
65	0
66	0
67	0
68	0
69	0
70	0
71	0
72	0
73	0
74	0
75	0
76	0
77	0
78	0
79	0
80	0
81	0
82	0
83	0
84	0
85	0
86	0
87	0
88	0
89	0
90	0
91	0
92	0
93	0
94	0
95	0
96	0
97	0
98	0
99	0
100	0
101	0
102	0
103	0
104	0
105	0
106	0
107	0
108	0
109	0
110	0
111	0
112	0
113	0
114	0
115	0
116	0
117	0
118	0
119	0
120	0
121	0
122	0
123	0
124	0
125	0
126	0
127	0
128	0
129	0
130	0
131	0
132	0
133	0
134	0
135	0
136	0
137	0
138	0
139	0
140	0
141	0
142	0
143	0
144	0
145	0
146	0
147	0
148	0
149	0
150	0
151	0
152	0
153	0
154	0
155	0
156	0
157	0
158	0
159	0
160	0
161	0
162	0
163	0
164	0
165	0
166	0
167	0
168	0
169	0
170	0
171	0
172	0
173	0
174	0
175	0
176	0
177	0
178	0
179	0
180	0
181	0
182	0
183	0
184	0
185	0
186	0
187	0
188	0
189	0
190	0
191	0
192	0
193	0
194	0
195	0
196	0
197	0
198	0
199	0
200	0
201	0
202	0
203	0
204	0
205	0
206	0
207	0
208	0
209	0
210	0
211	0
212	0
213	0
214	0
215	0
216	0
217	0
218	0
219	0
220	0
221	0
222	0
223	0
224	0
225	0
226	0
227	0
228	0
229	0
230	0
231	0
232	0
233	0
234	0
235	0
236	0
237	0
238	0
239	0
240	0
241	0
242	0
243	0
244	0
245	0
246	0
247	0
248	0
249	0
250	0
251	0
252	0
253	0
254	0
255	0
256	0
257	0
258	0
259	0
260	0
261	0
262	0
263	0
264	0
265	0
266	0
267	0
268	0
269	0
270	0
271	0
272	0
273	0
274	0
275	0
276	0
277	0
278	0
279	0
280	0
281	0
282	0
283	0
284	0
285	0
286	0
287	0
288	0
289	0
290	0
291	0
292	0
293	0
294	0
295	0
296	0
297	0
298	0
299	0
300	0
301	0
302	0
303	0
304	0
305	0
306	0
307	0
308	0
309	0
310	0
311	0
312	0
313	0
314	0
315	0
316	0
317	0
318	0
319	0
320	0
321	0
322	0
323	0
324	0
325	0
326	0
327	0
328	0
329	0
330	0
331	0
332	0
333	0
334	0
335	0
336	0
337	0
338	0
339	0
340	0
341	0
342	0
343	0
344	0
345	0
346	0
347	0
348	0
349	0
350	0
351	0
352	0
353	0
354	0
355	0
356	0
357	0
358	0
359	0
360	0
361	0
362	0
363	0
364	0
365	0
366	0
367	0
368	0
369	0
370	0
371	0
372	0
373	0
374	0
375	0
376	0
377	0
378	0
379	0
380	0
381	0
382	0
383	0
384	0
385	0
386	0
387	0
388	0
389	0
390	0
391	0
392	0
393	0
394	0
395	0
396	0
397	0
398	0
399	0
400	0
401	0
402	0
403	0
404	0
405	0
406	0
407	0
408	0
409	0
410	0
411	0
412	0
413	0
414	0
415	0
416	0
417	0
418	0
419	0
420	0
421	0
422	0
423	0
424	0
425	0
426	0
427	0
428	0
429	0
430	0
431	0
432	0
433	0
434	0
435	0
436	0
437	0
438	0
439	0
440	0
441	0
442	0
443	0
444	0
445	0
446	0
447	0
448	0
449	0
450	0
451	0
452	0
453	0
454	0
455	0
456	0
457	0
458	0
459	0
460	0
461	0
462	0
463	0
464	0
465	0
466	0
467	0
468	0
469	0
470	0
471	0
472	0
473	0
474	0
475	0
476	0
477	0
478	0
479	0
480	0
481	0
482	0
483	0
484	0
485	0
486	0
487	0
488	0
489	0
490	0
491	0
492	0
493	0
494	0
495	0
496	0
497	0
498	0
499	0
500	0
501	0
502	0
503	0
504	0
505	0
506	0
507	0
508	0
509	0
510	0
511	0
512	0
513	0
514	0
515	0
516	0
517	0
518	0
519	0
520	0
521	0
522	0
523	0
524	0
525	0
526	0
527	0
528	0
529	0
530	0
531	0
532	0
533	0
534	0
535	0
536	0
537	0
538	0
539	0
540	0
541	0
542	0
543	0
544	0
545	0
546	0
547	0
548	0
549	0
550	0
551	0
552	0
553	0
554	0
555	0
556	0
557	0
558	0
559	0
560	0
561	0
562	0
563	0
564	0
565	0
566	0
567	0
568	0
569	0
570	0
571	0
572	0
573	0
574	0
575	0
576	0
577	0
578	0
579	0
580	0
581	0
582	0
583	0
584	0
585	0
586	0
587	0
588	0
589	0
590	0
591	0
592	0
593	0
594	0
595	0
596	0
597	0
598	0
599	0
600	0
601	0
602	0
603	0
604	0
605	0
606	0
607	0
608	0
609	0
610	0
611	0
612	0
613	0
614	0
615	0
616	0
617	0
618	0
619	0
620	0
621	0
622	0
623	0
624	0
625	0
626	0
627	0
628	0
629	0
630	0
631	0
632	0
633	0
634	0
635	0
636	0
637	0
638	0
639	0
640	0
641	0
642	0
643	0
644	0
645	0
646	0
647	0
648	0
649	0
650	0
651	0
652	0
653	0
654	0
655	0
656	0
657	0
658	0
659	0
660	0
661	0
662	0
663	0
664	0
665	0
666	0
667	0
668	0
669	0
670	0
671	0
672	0
673	0
674	0
675	0
676	0
677	0
678	0
679	0
680	0
681	0
682	0
683	0
684	0
685	0
686	0
687	0
688	0
689	0
690	0
691	0
692	0
693	0
694	0
695	0
696	0
697	0
698	0
699	0
700	0
701	0
702	0
703	0
704	0
705	0
706	0
707	0
708	0
709	0
710	0
711	0
712	0
713	0
714	0
715	0
716	0
717	0
718	0
719	0
720	0
721	0
722	0
723	0
724	0
725	0
726	0
727	0
728	0
729	0
730	0
731	0
732	0
733	0
734	0
735	0
736	0
737	0
738	0
739	0
740	0
741	0
742	0
743	0
744	0
745	0
746	0
747	0
748	0
749	0
750	0
751	0
752	0
753	0
754	0
755	0
756	0
757	0
758	0
759	0
760	0
761	0
762	0
763	0
764	0
765	0
766	0
767	0
768	0
769	0
770	0
771	0
772	0
773	0
774	0
775	0
776	0
777	0
778	0
779	0
780	0
781	0
782	0
783	0
784	0
785	0
786	0
787	0
788	0
789	0
790	0
791	0
792	0
793	0
794	0
795	0
796	0
797	0
798	0
799	0
800	0
801	0
802	0
803	0
804	0
805	0
806	0
807	0
808	0
809	0
810	0
811	0
812	0
813	0
814	0
815	0
816	0
817	0
818	0
819	0
820	0
821	0
822	0
823	0
824	0
825	0
826	0
827	0
828	0
829	0
830	0
831	0
832	0
833	0
834	0
835	0
836	0
837	0
838	0
839	0
840	0
841	0
842	0
843	0
844	0
845	0
846	0
847	0
848	0
849	0
850	0
851	0
852	0
853	0
854	0
855	0
856	0
857	0
858	0
859	0
860	0
861	0
862	0
863	0
864	0
865	0
866	0
867	0
868	0
869	0
870	0
871	0
872	0
873	0
874	0
875	0
876	0
877	0
878	0
879	0
880	0
881	0
882	0
883	0
884	0
885	0
886	0
887	0
888	0
889	0
890	0
891	0
892	0
893	0
894	0
895	0
896	0
897	0
898	0
899	0
900	0
901	0
902	0
903	0
904	0
905	0
906	0
907	0
908	0
909	0
910	0
911	0
912	0
913	0
914	0
915	0
916	0
917	0
918	0
919	0
920	0
921	0
922	0
923	0
924	0
925	0
926	0
927	0
928	0
929	0
930	0
931	0
932	0
933	0
934	0
935	0
936	0
937	0
938	0
939	0
940	0
941	0
942	0
943	0
944	0
945	0
946	0
947	0
948	0
949	0
950	0
951	0
952	0
953	0
954	0
955	0
956	0
957	0
958	0
959	0
960	0
961	0
962	0
963	0
964	0
965	0
966	0
967	0
968	0
969	0
970	0
971	0
972	0
973	0
974	0
975	0
976	0
977	0
978	0
979	0
980	0
981	0
982	0
983	0
984	0
985	0
986	0
987	0
988	0
989	0
990	0
991	0
992	0
993	0
994	0
995	0
996	0
997	0
998	0
999	0
1000	0
1001	0
1002	0
1003	0
1004	0
1005	0
1006	0
1007	0
1008	0
1009	0
1010	0
1011	0
1012	0
1013	0
1014	0
1015	0
1016	0
1017	0
1018	0
1019	0
1020	0
1021	0
1022	0
1023	0
1024	0
1025	0
1026	0
1027	0
1028	0
1029	0
1030	0
1031	0
1032	0
1033	0
1034	0
1035	0
1036	0
1037	0
1038	0
1039	0
1040	0
1041	0
1042	0
1043	0
1044	0
1045	0
1046	0
1047	0
1048	0
1049	0
1050	0
1051	0
1052	0
1053	0
1054	0
1055	0
1056	0
1057	0
1058	0
1059	0
1060	0
1061	0
1062	0
1063	0
1064	0
1065	0
1066	0
1067	0
1068	0
1069	0
1070	0
1071	0
1072	0
1073	0
1074	0
1075	0
1076	0
1077	0
1078	0
1079	0
1080	0
1081	0
1082	0
1083	0
1084	0
1085	0
1086	0
1087	0
1088	0
1089	0
1090	0
1091	0
1092	0
1093	0
1094	0
1095	0
1096	0
1097	0
1098	0
1099	0
1100	0
1101	0
1102	0
1103	0
1104	0
1105	0
1106	0
1107	0
1108	0
1109	0
1110	0
1111	0
1112	0
1113	0
1114	0
1115	0
1116	0
1117	0
1118	0
1119	0
1120	0
1121	0
1122	0
1123	0
1124	0
1125	0
1126	0
1127	0
1128	0
1129	0
1130	0
1131	0
1132	0
1133	0
1134	0
1135	0
1136	0
1137	0
1138	0
1139	0
1140	0
1141	0
1142	0
1143	0
1144	0
1145	0
1146	0
1147	0
1148	0
1149	0
1150	0
1151	0
1152	0
1153	0
1154	0
1155	0
1156	0
1157	0
1158	0
1159	0
1160	0
1161	0
1162	0
1163	0
1164	0
1165	0
1166	0
1167	0
1168	0
1169	0
1170	0
1171	0
1172	0
1173	0
1174	0
1175	0
1176	0
1177	0
1178	0
1179	0
1180	0
1181	0
1182	0
1183	0
1184	0
1185	0
1186	0
1187	0
1188	0
1189	0
1190	0
1191	0
1192	0
1193	0
1194	0
1195	0
1196	0
1197	0
1198	0
1199	0
1200	0
1201	0
1202	0
1203	0
1204	0
1205	0
1206	0
1207	0
1208	0
1209	0
1210	0
1211	0
1212	0
1213	0
1214	0
1215	0
1216	0
1217	0
1218	0
1219	0
1220	0
1221	0
1222	0
1223	0
1224	0
1225	0
1226	0
1227	0
1228	0
1229	0
1230	0
1231	0
1232	0
1233	0
1234	0
1235	0
1236	0
1237	0
1238	0
1239	0
1240	0
1241	0
1242	0
1243	0
1244	0
1245	0
1246	0
1247	0
1248	0
1249	0
1250	0
1251	0
1252	0
1253	0
1254	0
1255	0
1256	0
1257	0
1258	0
1259	0
1260	0
1261	0
1262	0
1263	0
1264	0
1265	0
1266	0
1267	0
1268	0
1269	0
1270	0
1271	0
1272	0
1273	0
1274	0
1275	0
1276	0
1277	0
1278	0
1279	0
1280	0
1281	0
1282	0
1283	0
1284	0
1285	0
1286	0
1287	0
1288	0
1289	0
1290	0
1291	0
1292	0
1293	0
1294	0
1295	0
1296	0
1297	0
1298	0
1299	0
1300	0
1301	0
1302	0
1303	0
1304	0
1305	0
1306	0
1307	0
1308	0
1309	0
1310	0
1311	0
1312	0
1313	0
1314	0
1315	0
1316	0
1317	0
1318	0
1319	0
1320	0
1321	0
1322	0
1323	0
1324	0
1325	0
1326	0
1327	0
1328	0
1329	0
1330	0
1331	0
1332	0
1333	0
1334	0
1335	0
1336	0
1337	0
1338	0
1339	0
1340	0
1341	0
1342	0
1343	0
1344	0
1345	0
1346	0
1347	0
1348	0
1349	0
1350	0
1351	0
1352	0
1353	0
1354	0
1355	0
1356	0
1357	0
1358	0
1359	0
1360	0
1361	0
1362	0
1363	0
1364	0
1365	0
1366	0
1367	0
1368	0
1369	0
1370	0
1371	0
1372	0
1373	0
1374	0
1375	0
1376	0
1377	0
1378	0
1379	0
1380	0
1381	0
1382	0
1383	0
1384	0
1385	0
1386	0
1387	0
1388	0
1389	0
1390	0
1391	0
1392	0
1393	0
1394	0
1395	0
1396	0
1397	0
1398	0
1399	0
1400	0
1401	0
1402	0
1403	0
1404	0
1405	0
1406	0
1407	0
1408	0
1409	0
1410	0
1411	0
1412	0
1413	0
1414	0
1415	0
1416	0
1417	0
1418	0
1419	0
1420	0
1421	0
1422	0
1423	0
1424	0
1425	0
1426	0
1427	0
1428	0
1429	0
1430	0
1431	0
1432	0
1433	0
1434	0
1435	0
1436	0
1437	0
1438	0
1439	0
1440	0
1441	0
1442	0
1443	0
1444	0
1445	0
1446	0
1447	0
1448	0
1449	0
1450	0
1451	0
1452	0
1453	0
1454	0
1455	0
1456	0
1457	0
1458	0
1459	0
1460	0
1461	0
1462	0
1463	0
1464	0
1465	0
1466	0
1467	0
1468	0
1469	0
1470	0
1471	0
1472	0
1473	0
1474	0
1475	0
1476	0
1477	0
1478	0
1479	0
1480	0
1481	0
1482	0
1483	0
1484	0
1485	0
1486	0
1487	0
1488	0
1489	0
1490	0
1491	0
1492	0
1493	0
1494	0
1495	0
1496	0
1497	0
1498	0
1499	0
1500	0
1501	0
1502	0
1503	0
1504	0
1505	0
1506	0
1507	0
1508	0
1509	0
1510	0
1511	0
1512	0
1513	0
1514	0
1515	0
1516	0
1517	0
1518	0
1519	0
1520	0
1521	0
1522	0
1523	0
1524	0
1525	0
1526	0
1527	0
1528	0
1529	0
1530	0
1531	0
1532	0
1533	0
1534	0
1535	0
1536	0
1537	0
1538	0
1539	0
1540	0
1541	0
1542	0
1543	0
1544	0
1545	0
1546	0
1547	0
1548	0
1549	0
1550	0
1551	0
1552	0
1553	0
1554	0
1555	0
1556	0
1557	0
1558	0
1559	0
1560	0
1561	0
1562	0
1563	0
1564	0
1565	0
1566	0
1567	0
1568	0
1569	0
1570	0
1571	0
1572	0
1573	0
1574	0
1575	0
1576	0
1577	0
1578	0
1579	0
1580	0
1581	0
1582	0
1583	0
1584	0
1585	0
1586	0
1587	0
1588	0
1589	0
1590	0
1591	0
1592	0
1593	0
1594	0
1595	0
1596	0
1597	0
1598	0
1599	0
1600	0
1601	0
1602	0
1603	0
1604	0
1605	0
1606	0
1607	0
1608	0
1609	0
1610	0
1611	0
1612	0
1613	0
1614	0
1615	0
1616	0
1617	0
1618	0
1619	0
1620	0
1621	0
1622	0
1623	0
1624	0
1625	0
1626	0
1627	0
1628	0
1629	0
1630	0
1631	0
1632	0
1633	0
1634	0
1635	0
1636	0
1637	0
1638	0
1639	0
1640	0
1641	0
1642	0
1643	0
1644	0
1645	0
1646	0
1647	0
1648	0
1649	0
1650	0
1651	0
1652	0
1653	0
1654	0
1655	0
1656	0
1657	0
1658	0
1659	0
1660	0
1661	0
1662	0
1663	0
1664	0
1665	0
1666	0
1667	0
1668	0
1669	0
1670	0
1671	0
1672	0
1673	0
1674	0
1675	0
1676	0
1677	0
1678	0
1679	0
1680	0
1681	0
1682	0
1683	0
1684	0
1685	0
1686	0
1687	0
1688	0
1689	0
1690	0
1691	0
1692	0
1693	0
1694	0
1695	0
1696	0
1697	0
1698	0
1699	0
1700	0
1701	0
1702	0
1703	0
1704	0
1705	0
1706	0
1707	0
1708	0
1709	0
1710	0
1711	0
1712	0
1713	0
1714	0
1715	0
1716	0
1717	0
1718	0
1719	0
1720	0
1721	0
1722	0
1723	0
1724	0
1725	0
1726	0
1727	0
1728	0
1729	0
1730	0
1731	0
1732	0
1733	0
1734	0
1735	0
1736	0
1737	0
1738	0
1739	0
1740	0
1741	0
1742	0
1743	0
1744	0
1745	0
1746	0
1747	0
1748	0
1749	0
1750	0
1751	0
1752	0
1753	0
1754	0
1755	0
1756	0
1757	0
1758	0
1759	0
1760	0
1761	0
1762	0
1763	0
1764	0
1765	0
1766	0
1767	0
1768	0
1769	0
1770	0
1771	0
1772	0
1773	0
1774	0
1775	0
1776	0
1777	0
1778	0
1779	0
1780	0
1781	0
1782	0
1783	0
1784	0
1785	0
1786	0
1787	0
1788	0
1789	0
1790	0
1791	0
1792	0
1793	0
1794	0
1795	0
1796	0
1797	0
1798	0
1799	0
1800	0
1801	0
1802	0
1803	0
1804	0
1805	0
1806	0
1807	0
1808	0
1809	0
1810	0
1811	0
1812	0
1813	0
1814	0
1815	0
1816	0
1817	0
1818	0
1819	0
1820	0
1821	0
1822	0
1823	0
1824	0
1825	0
1826	0
1827	0
1828	0
1829	0
1830	0
1831	0
1832	0
1833	0
1834	0
1835	0
1836	0
1837	0
1838	0
1839	0
1840	0
1841	0
1842	0
1843	0
1844	0
1845	0
1846	0
1847	0
1848	0
1849	0
1850	0
1851	0
1852	0
1853	0
1854	0
1855	0
1856	0
1857	0
1858	0
1859	0
1860	0
1861	0
1862	0
1863	0
1864	0
1865	0
1866	0
1867	0
1868	0
1869	0
1870	0
1871	0
1872	0
1873	0
1874	0
1875	0
1876	0
1877	0
1878	0
1879	0
1880	0
1881	0
1882	0
1883	0
1884	0
1885	0
1886	0
1887	0
1888	0
1889	0
1890	0
1891	0
1892	0
1893	0
1894	0
1895	0
1896	0
1897	0
1898	0
1899	0
1900	0
1901	0
1902	0
1903	0
1904	0
1905	0
1906	0
1907	0
1908	0
1909	0
1910	0
1911	0
1912	0
1913	0
1914	0
1915	0
1916	0
1917	0
1918	0
1919	0
1920	0
1921	0
1922	0
1923	0
1924	0
1925	0
1926	0
1927	0
1928	0
1929	0
1930	0
1931	0
1932	0
1933	0
1934	0
1935	0
1936	0
1937	0
1938	0
1939	0
1940	0
1941	0
1942	0
1943	0
1944	0
1945	0
1946	0
1947	0
1948	0
1949	0
1950	0
1951	0
1952	0
1953	0
1954	0
1955	0
1956	0
1957	0
1958	0
1959	0
1960	0
1961	0
1962	0
1963	0
1964	0
1965	0
1966	0
1967	0
1968	0
1969	0
1970	0
1971	0
1972	0
1973	0
1974	0
1975	0
1976	0
1977	0
1978	0
1979	0
1980	0
1981	0
1982	0
1983	0
1984	0
1985	0
1986	0
1987	0
1988	0
1989	0
1990	0
1991	0
1992	0
1993	0
1994	0
1995	0
1996	0
1997	0
1998	0
1999	0
2000	0
2001	0
2002	0
2003	0
2004	0
2005	0
2006	0
2007	0
2008	0
2009	0
2010	0
2011	0
2012	0
2013	0
2014	0
2015	0
2016	0
2017	0
2018	0
2019	0
2020	0
2021	0
2022	0
2023	0
2024	0
2025	0
2026	0
2027	0
2028	0
2029	0
2030	0
2031	0
2032	0
2033	0
2034	0
2035	0
2036	0
2037	0
2038	0
2039	0
2040	0
2041	0
2042	0
2043	0
2044	0
2045	0
2046	0
2047	0
2048	0
2049	0
2050	0
2051	0
2052	0
2053	0
2054	0
2055	0
2056	0
2057	0
2058	0
2059	0
2060	0
2061	0
2062	0
2063	0
2064	0
2065	0
2066	0
2067	0
2068	0
2069	0
2070	0
2071	0
2072	0
2073	0
2074	0
2075	0
2076	0
2077	0
2078	0
2079	0
2080	0
2081	0
2082	0
2083	0
2084	0
2085	0
2086	0
2087	0
2088	0
2089	0
2090	0
2091	0
2092	0
2093	0
2094	0
2095	0
2096	0
2097	0
2098	0
2099	0
2100	0
2101	0
2102	0
2103	0
2104	0
2105	0
2106	0
2107	0
2108	0
2109	0
2110	0
2111	0
2112	0
2113	0
2114	0
2115	0
2116	0
2117	0
2118	0
2119	0
2120	0
2121	0
2122	0
2123	0
2124	0
2125	0
2126	0
2127	0
2128	0
2129	0
2130	0
2131	0
2132	0
2133	0
2134	0
2135	0
2136	0
2137	0
2138	0
2139	0
2140	0
2141	0
2142	0
2143	0
2144	0
2145	0
2146	0
2147	0
2148	0
2149	0
2150	0
2151	0
2152	0
2153	0
2154	0
2155	0
2156	0
2157	0
2158	0
2159	0
2160	0
2161	0
2162	0
2163	0
2164	0
2165	0
2166	0
2167	0
2168	0
2169	0
2170	0
2171	0
2172	0
2173	0
2174	0
2175	0
2176	0
2177	1
2178	1
2179	1
2180	1
2181	1
2182	1
2183	1
2184	1
2185	1
2186	1
2187	1
2188	1
2189	1
2190	1
2191	1
2192	1
2193	1
2194	1
2195	1
2196	1
2197	1
2198	1
2199	1
2200	1
2201	1
2202	1
2203	1
2204	1
2205	1
2206	1
2207	1
2208	1
2209	1
2210	1
2211	1
2212	1
2213	1
2214	1
2215	1
2216	1
2217	1
2218	1
2219	1
2220	1
2221	1
2222	1
2223	1
2224	1
2225	1
2226	1
2227	1
2228	1
2229	1
2230	1
2231	1
2232	1
2233	1
2234	1
2235	1
2236	1
2237	1
2238	1
2239	1
2240	1
2241	1
2242	1
2243	1
2244	1
2245	1
2246	1
2247	1
2248	1
2249	1
2250	1
2251	1
2252	1
2253	1
2254	1
2255	1
2256	1
2257	1
2258	1
2259	1
2260	1
2261	1
2262	1
2263	1
2264	1
2265	1
2266	1
2267	1
2268	1
2269	1
2270	1
2271	1
2272	1
2273	1
2274	1
2275	1
2276	1
2277	1
2278	1
2279	1
2280	1
2281	1
2282	1
2283	1
2284	1
2285	1
2286	1
2287	1
2288	1
2289	1
2290	1
2291	1
2292	1
2293	1
2294	1
2295	1
2296	1
2297	1
2298	1
2299	1
2300	1
2301	1
2302	1
2303	1
2304	1
2305	1
2306	1
2307	1
2308	1
2309	1
2310	1
2311	1
2312	1
2313	1
2314	1
2315	1
2316	1
2317	1
2318	1
2319	1
2320	1
2321	1
2322	1
2323	1
2324	1
2325	1
2326	1
2327	1
2328	1
2329	1
2330	1
2331	1
2332	1
2333	1
2334	1
2335	1
2336	1
2337	1
2338	1
2339	1
2340	1
2341	1
2342	1
2343	1
2344	1
2345	1
2346	1
2347	1
2348	1
2349	1
2350	1
2351	1
2352	1
2353	1
2354	1
2355	1
2356	1
2357	1
2358	1
2359	1
2360	1
2361	1
2362	1
2363	1
2364	1
2365	1
2366	1
2367	1
2368	1
2369	1
2370	1
2371	1
2372	1
2373	1
2374	1
2375	1
2376	1
2377	1
2378	1
2379	1
2380	1
2381	1
2382	1
2383	1
2384	1
2385	1
2386	1
2387	1
2388	1
2389	1
2390	1
2391	1
2392	1
2393	1
2394	1
2395	1
2396	1
2397	1
2398	1
2399	1
2400	1
2401	1
2402	1
2403	1
2404	1
2405	1
2406	1
2407	1
2408	1
2409	1
2410	1
2411	1
2412	1
2413	1
2414	1
2415	1
2416	1
2417	1
2418	1
2419	1
2420	1
2421	1
2422	1
2423	1
2424	1
2425	1
2426	1
2427	1
2428	1
2429	1
2430	1
2431	1
2432	1
2433	1
2434	1
2435	1
2436	1
2437	1
2438	1
2439	1
2440	1
2441	1
2442	1
2443	1
2444	1
2445	1
2446	1
2447	1
2448	1
2449	1
2450	1
2451	1
2452	1
2453	1
2454	1
2455	1
2456	1
2457	1
2458	1
2459	1
2460	1
2461	1
2462	1
2463	1
2464	1
2465	1
2466	1
2467	1
2468	1
2469	1
2470	1
2471	1
2472	1
2473	1
2474	1
2475	1
2476	1
2477	1
2478	1
2479	1
2480	1
2481	1
2482	1
2483	1
2484	1
2485	1
2486	1
2487	1
2488	1
2489	1
2490	1
2491	1
2492	1
2493	1
2494	1
2495	1
2496	1
2497	1
2498	1
2499	1
2500	1
2501	1
2502	1
2503	1
2504	1
2505	1
2506	1
2507	1
2508	1
2509	1
2510	1
2511	1
2512	1
2513	1
2514	1
2515	1
2516	1
2517	1
2518	1
2519	1
2520	1
2521	1
2522	1
2523	1
2524	1
2525	1
2526	1
2527	1
2528	1
2529	1
2530	1
2531	1
2532	1
2533	1
2534	1
2535	1
2536	1
2537	1
2538	1
2539	1
2540	1
2541	1
2542	1
2543	1
2544	1
2545	1
2546	1
2547	1
2548	1
2549	1
2550	1
2551	1
2552	1
2553	1
2554	1
2555	1
2556	1
2557	1
2558	1
2559	1
2560	1
2561	1
2562	1
2563	1
2564	1
2565	1
2566	1
2567	1
2568	1
2569	1
2570	1
2571	1
2572	1
2573	1
2574	1
2575	1
2576	1
2577	1
2578	1
2579	1
2580	1
2581	1
2582	1
2583	1
2584	1
2585	1
2586	1
2587	1
2588	1
2589	1
2590	1
2591	1
2592	1
2593	1
2594	1
2595	1
2596	1
2597	1
2598	1
2599	1
2600	1
2601	1
2602	1
2603	1
2604	1
2605	1
2606	1
2607	1
2608	1
2609	1
2610	1
2611	1
2612	1
2613	1
2614	1
2615	1
2616	1
2617	1
2618	1
2619	1
2620	1
2621	1
2622	1
2623	1
2624	1
2625	1
2626	1
2627	1
2628	1
2629	1
2630	1
2631	1
2632	1
2633	1
2634	1
2635	1
2636	1
2637	1
2638	1
2639	1
2640	1
2641	1
2642	1
2643	1
2644	1
2645	1
2646	1
2647	1
2648	1
2649	1
2650	1
2651	1
2652	1
2653	1
2654	1
2655	1
2656	1
2657	1
2658	1
2659	1
2660	1
2661	1
2662	1
2663	1
2664	1
2665	1
2666	1
2667	1
2668	1
2669	1
2670	1
2671	1
2672	1
2673	1
2674	1
2675	1
2676	1
2677	1
2678	1
2679	1
2680	1
2681	1
2682	1
2683	1
2684	1
2685	1
2686	1
2687	1
2688	1
2689	1
2690	1
2691	1
2692	1
2693	1
2694	1
2695	1
2696	1
2697	1
2698	1
2699	1
2700	1
2701	1
2702	1
2703	1
2704	1
2705	1
2706	1
2707	1
2708	1
2709	1
2710	1
2711	1
2712	1
2713	1
2714	1
2715	1
2716	1
2717	1
2718	1
2719	1
2720	1
2721	1
2722	1
2723	1
2724	1
2725	1
2726	1
2727	1
2728	1
2729	1
2730	1
2731	1
2732	1
2733	1
2734	1
2735	1
2736	1
2737	1
2738	1
2739	1
2740	1
2741	1
2742	1
2743	1
2744	1
2745	1
2746	1
2747	1
2748	1
2749	1
2750	1
2751	1
2752	1
2753	1
2754	1
2755	1
2756	1
2757	1
2758	1
2759	1
2760	1
2761	1
2762	1
2763	1
2764	1
2765	1
2766	1
2767	1
2768	1
2769	1
2770	1
2771	1
2772	1
2773	1
2774	1
2775	1
2776	1
2777	1
2778	1
2779	1
2780	1
2781	1
2782	1
2783	1
2784	1
2785	1
2786	1
2787	1
2788	1
2789	1
2790	1
2791	1
2792	1
2793	1
2794	1
2795	1
2796	1
2797	1
2798	1
2799	1
2800	1
2801	1
2802	1
2803	1
2804	1
2805	1
2806	1
2807	1
2808	1
2809	1
2810	1
2811	1
2812	1
2813	1
2814	1
2815	1
2816	1
2817	1
2818	1
2819	1
2820	1
2821	1
2822	1
2823	1
2824	1
2825	1
2826	1
2827	1
2828	1
2829	1
2830	1
2831	1
2832	1
2833	1
2834	1
2835	1
2836	1
2837	1
2838	1
2839	1
2840	1
2841	1
2842	1
2843	1
2844	1
2845	1
2846	1
2847	1
2848	1
2849	1
2850	1
2851	1
2852	1
2853	1
2854	1
2855	1
2856	1
2857	1
2858	1
2859	1
2860	1
2861	1
2862	1
2863	1
2864	1
2865	1
2866	1
2867	1
2868	1
2869	1
2870	1
2871	1
2872	1
2873	1
2874	1
2875	1
2876	1
2877	1
2878	1
2879	1
2880	1
2881	1
2882	1
2883	1
2884	1
2885	1
2886	1
2887	1
2888	1
2889	1
2890	1
2891	1
2892	1
2893	1
2894	1
2895	1
2896	1
2897	1
2898	1
2899	1
2900	1
2901	1
2902	1
2903	1
2904	1
2905	1
2906	1
2907	1
2908	1
2909	1
2910	1
2911	1
2912	1
2913	1
2914	1
2915	1
2916	1
2917	1
2918	1
2919	1
2920	1
2921	1
2922	1
2923	1
2924	1
2925	1
2926	1
2927	1
2928	1
2929	1
2930	1
2931	1
2932	1
2933	1
2934	1
2935	1
2936	1
2937	1
2938	1
2939	1
2940	1
2941	1
2942	1
2943	1
2944	1
2945	1
2946	1
2947	1
2948	1
2949	1
2950	1
2951	1
2952	1
2953	1
2954	1
2955	1
2956	1
2957	1
2958	1
2959	1
2960	1
2961	1
2962	1
2963	1
2964	1
2965	1
2966	1
2967	1
2968	1
2969	1
2970	1
2971	1
2972	1
2973	1
2974	1
2975	1
2976	1
2977	1
2978	1
2979	1
2980	1
2981	1
2982	1
2983	1
2984	1
2985	1
2986	1
2987	1
2988	1
2989	1
2990	1
2991	1
2992	1
2993	1
2994	1
2995	1
2996	1
2997	1
2998	1
2999	1
3000	1
3001	1
3002	1
3003	2
3004	2
3005	2
3006	2
3007	2
3008	2
3009	2
3010	2
3011	2
3012	2
3013	2
3014	2
3015	2
3016	2
3017	2
3018	2
3019	2
3020	2
3021	2
3022	2
3023	2
3024	2
3025	2
3026	2
3027	2
3028	2
3029	2
3030	2
3031	2
3032	2
3033	2
3034	2
3035	2
3036	2
3037	2
3038	2
3039	2
3040	2
3041	2
3042	2
3043	2
3044	2
3045	2
3046	2
3047	2
3048	2
3049	2
3050	2
3051	2
3052	2
3053	2
3054	2
3055	2
3056	2
3057	2
3058	2
3059	2
3060	2
3061	2
3062	2
3063	2
3064	2
3065	2
3066	2
3067	2
3068	2
3069	2
3070	2
3071	2
3072	2
3073	2
3074	2
3075	2
3076	2
3077	2
3078	2
3079	2
3080	2
3081	2
3082	2
3083	2
3084	2
3085	2
3086	2
3087	2
3088	2
3089	2
3090	2
3091	2
3092	2
3093	2
3094	2
3095	2
3096	2
3097	2
3098	2
3099	2
3100	2
3101	2
3102	2
3103	2
3104	2
3105	2
3106	2
3107	2
3108	2
3109	2
3110	2
3111	2
3112	2
3113	2
3114	2
3115	2
3116	2
3117	2
3118	2
3119	2
3120	2
3121	2
3122	2
3123	2
3124	2
3125	2
3126	2
3127	2
3128	2
3129	2
3130	2
3131	2
3132	2
3133	2
3134	2
3135	2
3136	2
3137	2
3138	2
3139	2
3140	2
3141	2
3142	2
3143	2
3144	2
3145	2
3146	2
3147	2
3148	2
3149	2
3150	2
3151	2
3152	2
3153	2
3154	2
3155	2
3156	2
3157	2
3158	2
3159	2
3160	2
3161	2
3162	2
3163	2
3164	2
3165	2
3166	2
3167	2
3168	2
3169	2
3170	2
3171	2
3172	2
3173	2
3174	2
3175	2
3176	2
3177	2
3178	2
3179	2
3180	2
3181	2
3182	2
3183	2
3184	2
3185	2
3186	2
3187	2
3188	2
3189	2
3190	2
3191	2
3192	2
3193	2
3194	2
3195	2
3196	2
3197	2
3198	2
3199	2
3200	2
3201	2
3202	2
3203	2
3204	2
3205	2
3206	2
3207	2
3208	2
3209	2
3210	2
3211	2
3212	2
3213	2
3214	2
3215	2
3216	2
3217	2
3218	2
3219	2
3220	2
3221	2
3222	2
3223	2
3224	2
3225	2
3226	2
3227	2
3228	2
3229	2
3230	2
3231	2
3232	2
3233	2
3234	2
3235	2
3236	2
3237	2
3238	2
3239	2
3240	2
3241	2
3242	2
3243	2
3244	2
3245	2
3246	2
3247	2
3248	2
3249	2
3250	2
3251	2
3252	2
3253	2
3254	2
3255	2
3256	2
3257	2
3258	2
3259	2
3260	2
3261	2
3262	2
3263	2
3264	2
3265	2
3266	2
3267	2
3268	2
3269	2
3270	2
3271	2
3272	2
3273	2
3274	2
3275	2
3276	2
3277	2
3278	2
3279	2
3280	2
3281	2
3282	2
3283	2
3284	2
3285	2
3286	2
3287	2
3288	2
3289	2
3290	2
3291	2
3292	2
3293	2
3294	2
3295	2
3296	2
3297	2
3298	2
3299	2
3300	2
3301	2
3302	2
3303	2
3304	2
3305	2
3306	2
3307	2
3308	2
3309	2
3310	2
3311	2
3312	2
3313	2
3314	2
3315	2
3316	2
3317	2
3318	2
3319	2
3320	2
3321	2
3322	2
3323	2
3324	2
3325	2
3326	2
3327	2
3328	2
3329	2
3330	2
3331	2
3332	2
3333	2
3334	2
3335	2
3336	2
3337	2
3338	2
3339	2
3340	2
3341	2
3342	2
3343	2
3344	2
3345	2
3346	2
3347	2
3348	2
3349	2
3350	2
3351	2
3352	2
3353	2
3354	2
3355	2
3356	2
3357	2
3358	2
3359	2
3360	2
3361	2
3362	2
3363	2
3364	2
3365	2
3366	2
3367	2
3368	2
3369	2
3370	2
3371	2
3372	2
3373	2
3374	2
3375	2
3376	2
3377	2
3378	2
3379	2
3380	2
3381	2
3382	2
3383	2
3384	2
3385	2
3386	2
3387	2
3388	2
3389	2
3390	2
3391	2
3392	2
3393	2
3394	2
3395	2
3396	2
3397	2
3398	2
3399	2
3400	2
3401	2
3402	2
3403	2
3404	2
3405	2
3406	2
3407	2
3408	2
3409	2
3410	2
3411	2
3412	2
3413	2
3414	2
3415	2
3416	2
3417	2
3418	2
3419	2
3420	2
3421	2
3422	2
3423	2
3424	2
3425	2
3426	2
3427	2
3428	2
3429	2
3430	2
3431	2
3432	2
3433	2
3434	2
3435	2
3436	2
3437	2
3438	2
3439	2
3440	2
3441	2
3442	2
3443	2
3444	2
3445	2
3446	2
3447	2
3448	2
3449	2
3450	2
3451	2
3452	2
3453	2
3454	2
3455	2
3456	2
3457	2
3458	2
3459	2
3460	2
3461	2
3462	2
3463	2
3464	2
3465	2
3466	2
3467	2
3468	2
3469	2
3470	2
3471	2
3472	2
3473	2
3474	2
3475	2
3476	2
3477	2
3478	2
3479	2
3480	2
3481	2
3482	2
3483	2
3484	2
3485	2
3486	2
3487	2
3488	2
3489	2
3490	2
3491	2
3492	2
3493	2
3494	2
3495	2
3496	2
3497	2
3498	2
3499	2
3500	2
3501	2
3502	2
3503	2
3504	2
3505	2
3506	2
3507	2
3508	2
3509	2
3510	2
3511	2
3512	2
3513	2
3514	2
3515	2
3516	2
3517	2
3518	2
3519	2
3520	2
3521	2
3522	2
3523	2
3524	2
3525	2
3526	2
3527	2
3528	2
3529	2
3530	2
3531	2
3532	2
3533	2
3534	2
3535	2
3536	2
3537	2
3538	2
3539	2
3540	2
3541	2
3542	2
3543	2
3544	2
3545	2
3546	2
3547	2
3548	2
3549	2
3550	2
3551	2
3552	2
3553	2
3554	2
3555	2
3556	2
3557	2
3558	2
3559	2
3560	2
3561	2
3562	2
3563	2
3564	2
3565	2
3566	2
3567	2
3568	2
3569	2
3570	2
3571	2
3572	2
3573	2
3574	2
3575	2
3576	2
3577	2
3578	2
3579	2
3580	2
3581	2
3582	2
3583	2
3584	2
3585	2
3586	2
3587	2
3588	2
3589	2
3590	2
3591	2
3592	2
3593	2
3594	2
3595	2
3596	2
3597	2
3598	2
3599	2
3600	2
3601	2
3602	2
3603	2
3604	2
3605	2
3606	2
3607	2
3608	2
3609	2
3610	2
3611	2
3612	2
3613	2
3614	2
3615	2
3616	2
3617	2
3618	2
3619	2
3620	2
3621	2
3622	2
3623	2
3624	2
3625	2
3626	2
3627	2
3628	2
3629	2
3630	2
3631	2
3632	2
3633	2
3634	2
3635	2
3636	2
3637	2
3638	2
3639	2
3640	2
3641	2
3642	2
3643	2
3644	2
3645	2
3646	2
3647	2
3648	2
3649	2
3650	2
3651	2
3652	2
3653	2
3654	2
3655	2
3656	2
3657	2
3658	2
3659	2
3660	2
3661	2
3662	2
3663	2
3664	2
3665	2
3666	2
3667	2
3668	2
3669	2
3670	2
3671	2
3672	2
3673	2
3674	2
3675	2
3676	2
3677	2
3678	2
3679	2
3680	2
3681	2
3682	2
3683	2
3684	2
3685	2
3686	2
3687	2
3688	2
3689	2
3690	2
3691	2
3692	2
3693	2
3694	2
3695	2
3696	2
3697	2
3698	2
3699	2
3700	2
3701	2
3702	2
3703	2
3704	2
3705	2
3706	2
3707	2
3708	2
3709	2
3710	2
3711	2
3712	2
3713	2
3714	2
3715	2
3716	2
3717	2
3718	2
3719	2
3720	2
3721	2
3722	2
3723	2
3724	2
3725	2
3726	2
3727	2
3728	2
3729	2
3730	2
3731	2
3732	2
3733	2
3734	2
3735	2
3736	2
3737	2
3738	2
3739	2
3740	2
3741	2
3742	2
3743	2
3744	2
3745	2
3746	2
3747	2
3748	2
3749	2
3750	2
3751	2
3752	2
3753	2
3754	2
3755	2
3756	2
3757	2
3758	2
3759	2
3760	2
3761	2
3762	2
3763	2
3764	2
3765	2
3766	2
3767	2
3768	2
3769	2
3770	2
3771	2
3772	2
3773	2
3774	2
3775	2
3776	2
3777	2
3778	2
3779	2
3780	2
3781	2
3782	2
3783	2
3784	2
3785	2
3786	2
3787	2
3788	2
3789	2
3790	2
3791	2
3792	2
3793	2
3794	2
3795	2
3796	2
3797	2
3798	2
3799	2
3800	2
3801	2
3802	2
3803	2
3804	2
3805	2
3806	2
3807	2
3808	2
3809	2
3810	2
3811	2
3812	2
3813	2
3814	2
3815	2
3816	2
3817	2
3818	2
3819	2
3820	2
3821	2
3822	2
3823	2
3824	2
3825	2
3826	2
3827	2
3828	2
3829	2
3830	2
3831	2
3832	2
3833	2
3834	2
3835	2
3836	2
3837	2
3838	2
3839	2
3840	2
3841	2
3842	2
3843	2
3844	2
3845	2
3846	2
3847	2
3848	2
3849	2
3850	2
3851	2
3852	2
3853	2
3854	2
3855	2
3856	2
3857	2
3858	2
3859	2
3860	2
3861	2
3862	2
3863	2
3864	2
3865	2
3866	2
3867	2
3868	2
3869	2
3870	2
3871	2
3872	2
3873	2
3874	2
3875	2
3876	2
3877	2
3878	2
3879	2
3880	2
3881	2
3882	2
3883	2
3884	2
3885	2
3886	2
3887	2
3888	2
3889	2
3890	2
3891	2
3892	2
3893	2
3894	2
3895	2
3896	2
3897	2
3898	2
3899	2
3900	2
3901	2
3902	2
3903	2
3904	2
3905	2
3906	2
3907	2
3908	2
3909	2
3910	2
3911	2
3912	2
3913	2
3914	2
3915	2
3916	2
3917	2
3918	2
3919	2
3920	2
3921	2
3922	2
3923	2
3924	2
3925	2
3926	2
3927	2
3928	2
3929	2
3930	2
3931	2
3932	2
3933	2
3934	2
3935	2
3936	2
3937	2
3938	2
3939	2
3940	2
3941	2
3942	2
3943	2
3944	2
3945	2
3946	2
3947	2
3948	2
3949	2
3950	2
3951	2
3952	2
3953	2
3954	2
3955	2
3956	2
3957	2
3958	2
3959	2
3960	2
3961	2
3962	2
3963	2
3964	2
3965	2
3966	2
3967	2
3968	2
3969	2
3970	2
3971	2
3972	2
3973	2
3974	2
3975	2
3976	2
3977	2
3978	2
3979	2
3980	2
3981	2
3982	2
3983	2
3984	2
3985	2
3986	2
3987	2
3988	2
3989	2
3990	2
3991	2
3992	2
3993	2
3994	2
3995	2
3996	2
3997	2
3998	2
3999	2
4000	2
4001	2
4002	2
4003	2
4004	2
4005	2
4006	2
4007	2
4008	2
4009	2
4010	2
4011	2
4012	2
4013	2
4014	2
4015	2
4016	2
4017	2
4018	2
4019	2
4020	2
4021	2
4022	2
4023	2
4024	2
4025	2
4026	2
4027	2
4028	2
4029	2
4030	2
4031	2
4032	2
4033	2
4034	2
4035	2
4036	2
4037	2
4038	2
4039	2
4040	2
4041	2
4042	2
4043	2
4044	2
4045	2
4046	2
4047	2
4048	2
4049	2
4050	2
4051	2
4052	2
4053	2
4054	2
4055	2
4056	2
4057	2
4058	2
4059	2
4060	2
4061	2
4062	2
4063	2
4064	2
4065	2
4066	2
4067	2
4068	2
4069	2
4070	2
4071	2
4072	2
4073	2
4074	2
4075	2
4076	2
4077	2
4078	2
4079	2
4080	2
4081	2
4082	2
4083	2
4084	2
4085	2
4086	2
4087	2
4088	2
4089	2
4090	2
4091	2
4092	2
4093	2
4094	2
4095	2
4096	2
4097	2
4098	2
4099	2
4100	2
4101	2
4102	2
4103	2
4104	2
4105	2
4106	2
4107	2
4108	2
4109	2
4110	2
4111	2
4112	2
4113	2
4114	2
4115	2
4116	2
4117	2
4118	2
4119	2
4120	2
4121	2
4122	2
4123	2
4124	2
4125	2
4126	2
4127	2
4128	2
4129	2
4130	2
4131	2
4132	2
4133	2
4134	2
4135	2
4136	2
4137	2
4138	2
4139	2
4140	2
4141	2
4142	2
4143	2
4144	2
4145	2
4146	2
4147	2
4148	2
4149	2
4150	2
4151	2
4152	2
4153	2
4154	2
4155	2
4156	2
4157	2
4158	2
4159	2
4160	2
4161	2
4162	2
4163	2
4164	2
4165	2
4166	2
4167	2
4168	2
4169	2
4170	2
4171	2
4172	2
4173	2
4174	2
4175	2
4176	2
4177	2
4178	2
4179	2
4180	2
4181	2
4182	2
4183	2
4184	2
4185	2
4186	2
4187	2
4188	2
4189	2
4190	2
4191	2
4192	2
4193	2
4194	2
4195	2
4196	2
4197	2
4198	2
4199	2
4200	2
4201	2
4202	2
4203	2
4204	2
4205	2
4206	2
4207	2
4208	2
4209	2
4210	2
4211	2
4212	2
4213	2
4214	2
4215	2
4216	2
4217	2
4218	2
4219	2
4220	2
4221	2
4222	2
4223	2
4224	2
4225	2
4226	2
4227	2
4228	2
4229	2
4230	2
4231	2
4232	2
4233	2
4234	2
4235	2
4236	2
4237	2
4238	2
4239	2
4240	2
4241	2
4242	2
4243	2
4244	2
4245	2
4246	2
4247	2
4248	2
4249	2
4250	2
4251	2
4252	2
4253	2
4254	2
4255	2
4256	2
4257	2
4258	2
4259	2
4260	2
4261	2
4262	2
4263	2
4264	2
4265	2
4266	2
4267	2
4268	2
4269	2
4270	2
4271	2
4272	2
4273	2
4274	2
4275	2
4276	2
4277	2
4278	2
4279	2
4280	2
4281	2
4282	2
4283	2
4284	2
4285	2
4286	2
4287	2
4288	2
4289	2
4290	2
4291	2
4292	2
4293	2
4294	2
4295	2
4296	2
4297	2
4298	2
4299	2
4300	2
4301	2
4302	2
4303	2
4304	2
4305	2
4306	2
4307	2
4308	2
4309	2
4310	2
4311	2
4312	2
4313	2
4314	2
4315	2
4316	2
4317	2
4318	2
4319	2
4320	2
4321	2
4322	2
4323	2
4324	2
4325	2
4326	2
4327	2
4328	2
4329	2
4330	2
4331	2
4332	2
4333	2
4334	2
4335	2
4336	2
4337	2
4338	2
4339	2
4340	2
4341	2
4342	2
4343	2
4344	2
4345	2
4346	2
4347	2
4348	2
4349	2
4350	2
4351	2
4352	2
4353	2
4354	2
4355	2
4356	2
4357	2
4358	2
4359	2
4360	2
4361	2
4362	2
4363	2
4364	2
4365	2
4366	2
4367	2
4368	2
4369	2
4370	2
4371	2
4372	2
4373	2
4374	2
4375	2
4376	2
4377	2
4378	2
4379	2
4380	2
4381	2
4382	2
4383	2
4384	2
4385	2
4386	2
4387	2
4388	2
4389	2
4390	2
4391	2
4392	2
4393	2
4394	2
4395	2
4396	2
4397	2
4398	2
4399	2
4400	2
4401	2
4402	2
4403	2
4404	2
4405	2
4406	2
4407	2
4408	2
4409	2
4410	2
4411	2
4412	2
4413	2
4414	2
4415	2
4416	2
4417	2
4418	2
4419	2
4420	2
4421	3
4422	3
4423	3
4424	3
4425	3
4426	3
4427	3
4428	3
4429	3
4430	3
4431	3
4432	3
4433	3
4434	3
4435	3
4436	3
4437	3
4438	3
4439	3
4440	3
4441	3
4442	3
4443	3
4444	3
4445	3
4446	3
4447	3
4448	3
4449	3
4450	3
4451	3
4452	3
4453	3
4454	3
4455	3
4456	3
4457	3
4458	3
4459	3
4460	3
4461	3
4462	3
4463	3
4464	3
4465	3
4466	3
4467	3
4468	3
4469	3
4470	3
4471	3
4472	3
4473	3
4474	3
4475	3
4476	3
4477	3
4478	3
4479	3
4480	3
4481	3
4482	3
4483	3
4484	3
4485	3
4486	3
4487	3
4488	3
4489	3
4490	3
4491	3
4492	3
4493	3
4494	3
4495	3
4496	3
4497	3
4498	3
4499	3
4500	3
4501	3
4502	3
4503	3
4504	3
4505	3
4506	3
4507	3
4508	3
4509	3
4510	3
4511	3
4512	3
4513	3
4514	3
4515	3
4516	3
4517	3
4518	3
4519	3
4520	3
4521	3
4522	3
4523	3
4524	3
4525	3
4526	3
4527	3
4528	3
4529	3
4530	3
4531	3
4532	3
4533	3
4534	3
4535	3
4536	3
4537	3
4538	3
4539	3
4540	3
4541	3
4542	3
4543	3
4544	3
4545	3
4546	3
4547	3
4548	3
4549	3
4550	3
4551	3
4552	3
4553	3
4554	3
4555	3
4556	3
4557	3
4558	3
4559	3
4560	3
4561	3
4562	3
4563	3
4564	3
4565	3
4566	3
4567	3
4568	3
4569	3
4570	3
4571	3
4572	3
4573	3
4574	3
4575	3
4576	3
4577	3
4578	3
4579	3
4580	3
4581	3
4582	3
4583	3
4584	3
4585	3
4586	3
4587	3
4588	3
4589	3
4590	3
4591	3
4592	3
4593	3
4594	3
4595	3
4596	3
4597	3
4598	3
4599	3
4600	3
4601	3
4602	3
4603	3
4604	3
4605	3
4606	3
4607	3
4608	3
4609	3
4610	3
4611	3
4612	3
4613	3
4614	3
4615	3
4616	3
4617	3
4618	3
4619	3
4620	3
4621	3
4622	3
4623	3
4624	3
4625	3
4626	3
4627	3
4628	3
4629	3
4630	3
4631	3
4632	3
4633	3
4634	3
4635	3
4636	3
4637	3
4638	3
4639	3
4640	3
4641	3
4642	3
4643	3
4644	3
4645	3
4646	3
4647	3
4648	3
4649	3
4650	3
4651	3
4652	3
4653	3
4654	3
4655	3
4656	3
4657	3
4658	3
4659	3
4660	3
4661	3
4662	3
4663	3
4664	3
4665	3
4666	3
4667	3
4668	3
4669	3
4670	3
4671	3
4672	3
4673	3
4674	3
4675	3
4676	3
4677	3
4678	3
4679	3
4680	3
4681	3
4682	3
4683	3
4684	3
4685	3
4686	3
4687	3
4688	3
4689	3
4690	3
4691	3
4692	3
4693	3
4694	3
4695	3
4696	3
4697	3
4698	3
4699	3
4700	3
4701	3
4702	3
4703	3
4704	3
4705	3
4706	3
4707	3
4708	3
4709	3
4710	3
4711	3
4712	3
4713	3
4714	3
4715	3
4716	3
4717	3
4718	3
4719	3
4720	3
4721	3
4722	3
4723	3
4724	3
4725	3
4726	3
4727	3
4728	3
4729	3
4730	3
4731	3
4732	3
4733	3
4734	3
4735	3
4736	3
4737	3
4738	3
4739	3
4740	3
4741	3
4742	3
4743	3
4744	3
4745	3
4746	3
4747	3
4748	3
4749	3
4750	3
4751	3
4752	3
4753	3
4754	3
4755	3
4756	3
4757	3
4758	3
4759	3
4760	3
4761	3
4762	3
4763	3
4764	3
4765	3
4766	3
4767	3
4768	3
4769	3
4770	3
4771	3
4772	3
4773	3
4774	3
4775	3
4776	3
4777	3
4778	3
4779	3
4780	3
4781	3
4782	3
4783	3
4784	3
4785	3
4786	3
4787	3
4788	3
4789	3
4790	3
4791	3
4792	3
4793	3
4794	3
4795	3
4796	3
4797	3
4798	3
4799	3
4800	3
4801	3
4802	3
4803	3
4804	3
4805	3
4806	3
4807	3
4808	3
4809	3
4810	3
4811	3
4812	3
4813	3
4814	3
4815	3
4816	3
4817	3
4818	3
4819	3
4820	3
4821	3
4822	3
4823	3
4824	3
4825	3
4826	3
4827	3
4828	3
4829	3
4830	3
4831	3
4832	3
4833	3
4834	3
4835	3
4836	3
4837	3
4838	3
4839	3
4840	3
4841	3
4842	3
4843	3
4844	3
4845	3
4846	3
4847	3
4848	3
4849	3
4850	3
4851	3
4852	3
4853	3
4854	3
4855	3
4856	3
4857	3
4858	3
4859	3
4860	3
4861	3
4862	3
4863	3
4864	3
4865	3
4866	3
4867	3
4868	3
4869	3
4870	3
4871	3
4872	3
4873	3
4874	3
4875	3
4876	3
4877	3
4878	3
4879	3
4880	3
4881	3
4882	3
4883	3
4884	3
4885	3
4886	3
4887	3
4888	3
4889	3
4890	3
4891	3
4892	3
4893	3
4894	3
4895	3
4896	3
4897	3
4898	3
4899	3
4900	3
4901	3
4902	3
4903	3
4904	3
4905	3
4906	3
4907	3
4908	3
4909	3
4910	3
4911	3
4912	3
4913	3
4914	3
4915	3
4916	3
4917	3
4918	3
4919	3
4920	3
4921	3
4922	3
4923	3
4924	3
4925	3
4926	3
4927	3
4928	3
4929	3
4930	3
4931	3
4932	3
4933	3
4934	3
4935	3
4936	3
4937	3
4938	3
4939	3
4940	3
4941	3
4942	3
4943	3
4944	3
4945	3
4946	3
4947	3
4948	3
4949	3
4950	3
4951	3
4952	3
4953	3
4954	3
4955	3
4956	3
4957	3
4958	3
4959	3
4960	3
4961	3
4962	3
4963	3
4964	3
4965	3
4966	3
4967	3
4968	3
4969	3
4970	3
4971	3
4972	3
4973	3
4974	3
4975	3
4976	3
4977	3
4978	3
4979	3
4980	3
4981	3
4982	3
4983	3
4984	3
4985	3
4986	3
4987	3
4988	3
4989	3
4990	3
4991	3
4992	3
4993	3
4994	3
4995	3
4996	3
4997	3
4998	3
4999	3
5000	3
5001	3
5002	3
5003	3
5004	3
5005	3
5006	3
5007	3
5008	3
5009	3
5010	3
5011	3
5012	3
5013	3
5014	3
5015	3
5016	3
5017	3
5018	3
5019	3
5020	3
5021	3
5022	3
5023	3
5024	3
5025	3
5026	3
5027	3
5028	3
5029	3
5030	3
5031	3
5032	3
5033	3
5034	3
5035	3
5036	3
5037	3
5038	3
5039	3
5040	3
5041	3
5042	3
5043	3
5044	3
5045	3
5046	3
5047	3
5048	3
5049	3
5050	3
5051	3
5052	3
5053	3
5054	3
5055	3
5056	3
5057	3
5058	3
5059	3
5060	3
5061	3
5062	3
5063	3
5064	3
5065	3
5066	3
5067	3
5068	3
5069	3
5070	3
5071	3
5072	3
5073	3
5074	3
5075	3
5076	3
5077	3
5078	3
5079	3
5080	3
5081	3
5082	3
5083	3
5084	3
5085	3
5086	3
5087	3
5088	3
5089	3
5090	3
5091	3
5092	3
5093	3
5094	3
5095	3
5096	3
5097	3
5098	3
5099	3
5100	3
5101	3
5102	3
5103	3
5104	3
5105	3
5106	3
5107	3
5108	3
5109	3
5110	3
5111	3
5112	3
5113	3
5114	3
5115	3
5116	3
5117	3
5118	3
5119	3
5120	3
5121	3
5122	3
5123	3
5124	3
5125	3
5126	3
5127	3
5128	3
5129	3
5130	3
5131	3
5132	3
5133	3
5134	3
5135	3
5136	3
5137	3
5138	3
5139	3
5140	3
5141	3
5142	3
5143	3
5144	3
5145	3
5146	3
5147	3
5148	3
5149	3
5150	3
5151	3
5152	3
5153	3
5154	3
5155	3
5156	3
5157	3
5158	3
5159	3
5160	3
5161	3
5162	3
5163	3
5164	3
5165	3
5166	3
5167	3
5168	3
5169	3
5170	3
5171	3
5172	3
5173	3
5174	3
5175	3
5176	3
5177	3
5178	3
5179	3
5180	3
5181	3
5182	3
5183	3
5184	3
5185	3
5186	3
5187	3
5188	3
5189	3
5190	3
5191	3
5192	3
5193	3
5194	3
5195	3
5196	3
5197	3
5198	3
5199	3
5200	3
5201	3
5202	3
5203	3
5204	3
5205	3
5206	3
5207	3
5208	3
5209	3
5210	3
5211	3
5212	3
5213	3
5214	3
5215	3
5216	3
5217	3
5218	3
5219	3
5220	3
5221	3
5222	3
5223	3
5224	3
5225	3
5226	3
5227	3
5228	3
5229	3
5230	3
5231	3
5232	3
5233	3
5234	3
5235	3
5236	3
5237	3
5238	3
5239	3
5240	3
5241	3
5242	3
5243	3
5244	3
5245	3
5246	3
5247	3
5248	3
5249	3
5250	3
5251	3
5252	3
5253	3
5254	3
5255	3
5256	3
5257	3
5258	3
5259	3
5260	3
5261	3
5262	3
5263	3
5264	3
5265	3
5266	3
5267	3
5268	3
5269	3
5270	3
5271	3
5272	3
5273	3
5274	3
5275	3
5276	3
5277	3
5278	3
5279	3
5280	3
5281	3
5282	3
5283	3
5284	3
5285	3
5286	3
5287	3
5288	3
5289	3
5290	3
5291	3
5292	3
5293	3
5294	3
5295	3
5296	3
5297	3
5298	3
5299	3
5300	3
5301	3
5302	3
5303	3
5304	3
5305	3
5306	3
5307	3
5308	3
5309	3
5310	3
5311	3
5312	3
5313	3
5314	3
5315	3
5316	3
5317	3
5318	3
5319	3
5320	3
5321	3
5322	3
5323	3
5324	3
5325	3
5326	3
5327	3
5328	3
5329	3
5330	3
5331	3
5332	3
5333	3
5334	3
5335	3
5336	3
5337	3
5338	3
5339	3
5340	3
5341	3
5342	3
5343	3
5344	3
5345	3
5346	3
5347	3
5348	3
5349	3
5350	3
5351	3
5352	3
5353	3
5354	3
5355	3
5356	3
5357	3
5358	3
5359	3
5360	3
5361	3
5362	3
5363	3
5364	3
5365	3
5366	3
5367	3
5368	3
5369	3
5370	3
5371	3
5372	3
5373	3
5374	3
5375	3
5376	3
5377	3
5378	3
5379	3
5380	3
5381	3
5382	3
5383	3
5384	3
5385	3
5386	3
5387	3
5388	3
5389	3
5390	3
5391	3
5392	3
5393	3
5394	3
5395	3
5396	3
5397	3
5398	3
5399	3
5400	3
5401	3
5402	3
5403	3
5404	3
5405	3
5406	3
5407	3
5408	3
5409	3
5410	3
5411	3
5412	3
5413	3
5414	3
5415	3
5416	3
5417	3
5418	3
5419	3
5420	3
5421	3
5422	3
5423	3
5424	3
5425	3
5426	3
5427	3
5428	3
5429	3
5430	3
5431	3
5432	3
5433	3
5434	3
5435	3
5436	3
5437	3
5438	3
5439	3
5440	3
5441	3
5442	3
5443	3
5444	3
5445	3
5446	3
5447	3
5448	3
5449	3
5450	3
5451	3
5452	3
5453	3
5454	3
5455	3
5456	3
5457	3
5458	3
5459	3
5460	3
5461	3
5462	3
5463	3
5464	3
5465	3
5466	3
5467	3
5468	3
5469	3
5470	3
5471	3
5472	3
5473	3
5474	3
5475	3
5476	3
5477	3
5478	3
5479	3
5480	3
5481	3
5482	3
5483	3
5484	3
5485	3
5486	3
5487	3
5488	3
5489	3
5490	3
5491	3
5492	3
5493	3
5494	3
5495	3
5496	3
5497	3
5498	3
5499	3
5500	3
5501	3
5502	3
5503	3
5504	3
5505	3
5506	3
5507	3
5508	3
5509	3
5510	3
5511	3
5512	3
5513	3
5514	3
5515	3
5516	3
5517	3
5518	3
5519	3
5520	3
5521	3
5522	3
5523	3
5524	3
5525	3
5526	3
5527	3
5528	3
5529	3
5530	3
5531	3
5532	3
5533	3
5534	3
5535	3
5536	3
5537	3
5538	3
5539	3
5540	3
5541	3
5542	3
5543	3
5544	3
5545	3
5546	3
5547	3
5548	3
5549	3
5550	3
5551	3
5552	3
5553	3
5554	3
5555	3
5556	3
5557	3
5558	3
5559	3
5560	3
5561	3
5562	3
5563	3
5564	3
5565	3
5566	3
5567	3
5568	3
5569	3
5570	3
5571	3
5572	3
5573	3
5574	3
5575	3
5576	3
5577	3
5578	3
5579	3
5580	3
5581	3
5582	3
5583	3
5584	3
5585	3
5586	3
5587	3
5588	3
5589	3
5590	3
5591	3
5592	3
5593	3
5594	3
5595	3
5596	3
5597	3
5598	3
5599	3
5600	3
5601	3
5602	3
5603	3
5604	3
5605	3
5606	3
5607	3
5608	3
5609	3
5610	3
5611	3
5612	3
5613	3
5614	3
5615	3
5616	3
5617	3
5618	3
5619	3
5620	3
5621	3
5622	3
5623	3
5624	3
5625	3
5626	3
5627	3
5628	4
5629	4
5630	4
5631	4
5632	4
5633	4
5634	4
5635	4
5636	4
5637	4
5638	4
5639	4
5640	4
5641	4
5642	4
5643	4
5644	4
5645	4
5646	4
5647	4
5648	4
5649	4
5650	4
5651	4
5652	4
5653	4
5654	4
5655	4
5656	4
5657	4
5658	4
5659	4
5660	4
5661	4
5662	4
5663	4
5664	4
5665	4
5666	4
5667	4
5668	4
5669	4
5670	4
5671	4
5672	4
5673	4
5674	4
5675	4
5676	4
5677	4
5678	4
5679	4
5680	4
5681	4
5682	4
5683	4
5684	4
5685	4
5686	4
5687	4
5688	4
5689	4
5690	4
5691	4
5692	4
5693	4
5694	4
5695	4
5696	4
5697	4
5698	4
5699	4
5700	4
5701	4
5702	4
5703	4
5704	4
5705	4
5706	4
5707	4
5708	4
5709	4
5710	4
5711	4
5712	4
5713	4
5714	4
5715	4
5716	4
5717	4
5718	4
5719	4
5720	4
5721	4
5722	4
5723	4
5724	4
5725	4
5726	4
5727	4
5728	4
5729	4
5730	4
5731	4
5732	4
5733	4
5734	4
5735	4
5736	4
5737	4
5738	4
5739	4
5740	4
5741	4
5742	4
5743	4
5744	4
5745	4
5746	4
5747	4
5748	4
5749	4
5750	4
5751	4
5752	4
5753	4
5754	4
5755	4
5756	4
5757	4
5758	4
5759	4
5760	4
5761	4
5762	4
5763	4
5764	4
5765	4
5766	4
5767	4
5768	4
5769	4
5770	4
5771	4
5772	4
5773	4
5774	4
5775	4
5776	4
5777	4
5778	4
5779	4
5780	4
5781	4
5782	4
5783	4
5784	4
5785	4
5786	4
5787	4
5788	4
5789	4
5790	4
5791	4
5792	4
5793	4
5794	4
5795	4
5796	4
5797	4
5798	4
5799	4
5800	4
5801	4
5802	4
5803	4
5804	4
5805	4
5806	4
5807	4
5808	4
5809	4
5810	4
5811	4
5812	4
5813	4
5814	4
5815	4
5816	4
5817	4
5818	4
5819	4
5820	4
5821	4
5822	4
5823	4
5824	4
5825	4
5826	4
5827	4
5828	4
5829	4
5830	4
5831	4
5832	4
5833	4
5834	4
5835	4
5836	4
5837	4
5838	4
5839	4
5840	4
5841	4
5842	4
5843	4
5844	4
5845	4
5846	4
5847	4
5848	4
5849	4
5850	4
5851	4
5852	4
5853	4
5854	4
5855	4
5856	4
5857	4
5858	4
5859	4
5860	4
5861	4
5862	4
5863	4
5864	4
5865	4
5866	4
5867	4
5868	4
5869	4
5870	4
5871	4
5872	4
5873	4
5874	4
5875	4
5876	4
5877	4
5878	4
5879	4
5880	4
5881	4
5882	4
5883	4
5884	4
5885	4
5886	4
5887	4
5888	4
5889	4
5890	4
5891	4
5892	4
5893	4
5894	4
5895	4
5896	4
5897	4
5898	4
5899	4
5900	4
5901	4
5902	4
5903	4
5904	4
5905	4
5906	4
5907	4
5908	4
5909	4
5910	4
5911	4
5912	4
5913	4
5914	4
5915	4
5916	4
5917	4
5918	4
5919	4
5920	4
5921	4
5922	4
5923	4
5924	4
5925	4
5926	4
5927	4
5928	4
5929	4
5930	4
5931	4
5932	4
5933	4
5934	4
5935	4
5936	4
5937	4
5938	4
5939	4
5940	4
5941	4
5942	4
5943	4
5944	4
5945	4
5946	4
5947	4
5948	4
5949	4
5950	4
5951	4
5952	4
5953	4
5954	4
5955	4
5956	4
5957	4
5958	4
5959	4
5960	4
5961	4
5962	4
5963	4
5964	4
5965	4
5966	4
5967	4
5968	4
5969	4
5970	4
5971	4
5972	4
5973	4
5974	4
5975	4
5976	4
5977	4
5978	4
5979	4
5980	4
5981	4
5982	4
5983	4
5984	4
5985	4
5986	4
5987	4
5988	4
5989	4
5990	4
5991	4
5992	4
5993	4
5994	4
5995	4
5996	4
5997	4
5998	4
5999	4
6000	4
6001	4
6002	4
6003	4
6004	4
6005	4
6006	4
6007	4
6008	4
6009	4
6010	4
6011	4
6012	4
6013	4
6014	4
6015	4
6016	4
6017	4
6018	4
6019	4
6020	4
6021	4
6022	4
6023	4
6024	4
6025	4
6026	4
6027	4
6028	4
6029	4
6030	4
6031	4
6032	4
6033	4
6034	4
6035	4
6036	4
6037	4
6038	4
6039	4
6040	4
6041	4
6042	4
6043	4
6044	4
6045	4
6046	4
6047	4
6048	4
6049	4
6050	4
6051	4
6052	4
6053	4
6054	4
6055	4
6056	4
6057	4
6058	4
6059	4
6060	4
6061	4
6062	4
6063	4
6064	4
6065	4
6066	4
6067	4
6068	4
6069	4
6070	4
6071	4
6072	4
6073	4
6074	4
6075	4
6076	4
6077	4
6078	4
6079	4
6080	4
6081	4
6082	4
6083	4
6084	4
6085	4
6086	4
6087	4
6088	4
6089	4
6090	4
6091	4
6092	4
6093	4
6094	4
6095	4
6096	4
6097	4
6098	4
6099	4
6100	4
6101	4
6102	4
6103	4
6104	4
6105	4
6106	4
6107	4
6108	4
6109	4
6110	4
6111	4
6112	4
6113	4
6114	4
6115	4
6116	4
6117	4
6118	4
6119	4
6120	4
6121	4
6122	4
6123	4
6124	4
6125	4
6126	4
6127	4
6128	4
6129	4
6130	4
6131	4
6132	4
6133	4
6134	4
6135	4
6136	4
6137	4
6138	4
6139	4
6140	4
6141	4
6142	4
6143	4
6144	4
6145	4
6146	4
6147	4
6148	4
6149	4
6150	4
6151	4
6152	4
6153	4
6154	4
6155	4
6156	4
6157	4
6158	4
6159	4
6160	4
6161	4
6162	4
6163	4
6164	4
6165	4
6166	4
6167	4
6168	4
6169	4
6170	4
6171	4
6172	4
6173	4
6174	4
6175	4
6176	4
6177	4
6178	4
6179	4
6180	4
6181	4
6182	4
6183	4
6184	5
6185	5
6186	5
6187	5
6188	5
6189	5
6190	5
6191	5
6192	5
6193	5
6194	5
6195	5
6196	5
6197	5
6198	5
6199	5
6200	5
6201	5
6202	5
6203	5
6204	5
6205	5
6206	5
6207	5
6208	5
6209	5
6210	5
6211	5
6212	5
6213	5
6214	5
6215	5
6216	5
6217	5
6218	5
6219	5
6220	5
6221	5
6222	5
6223	5
6224	5
6225	5
6226	5
6227	5
6228	5
6229	5
6230	5
6231	5
6232	5
6233	5
6234	5
6235	5
6236	5
6237	5
6238	5
6239	5
6240	5
6241	5
6242	5
6243	5
6244	5
6245	5
6246	5
6247	5
6248	5
6249	5
6250	5
6251	5
6252	5
6253	5
6254	5
6255	5
6256	5
6257	5
6258	5
6259	5
6260	5
6261	5
6262	5
6263	5
6264	5
6265	5
6266	5
6267	5
6268	5
6269	5
6270	5
6271	5
6272	5
6273	5
6274	5
6275	5
6276	5
6277	5
6278	5
6279	5
6280	5
6281	5
6282	5
6283	5
6284	5
6285	5
6286	5
6287	5
6288	5
6289	5
6290	5
6291	5
6292	5
6293	5
6294	5
6295	5
6296	5
6297	5
6298	5
6299	5
6300	5
6301	5
6302	5
6303	5
6304	5
6305	5
6306	5
6307	5
6308	5
6309	5
6310	5
6311	5
6312	5
6313	5
6314	5
6315	5
6316	5
6317	5
6318	5
6319	5
6320	5
6321	5
6322	5
6323	5
6324	5
6325	5
6326	5
6327	5
6328	5
6329	5
6330	5
6331	5
6332	5
6333	5
6334	5
6335	5
6336	5
6337	5
6338	5
6339	5
6340	5
6341	5
6342	5
6343	5
6344	5
6345	5
6346	5
6347	5
6348	5
6349	5
6350	5
6351	5
6352	5
6353	5
6354	5
6355	5
6356	5
6357	5
6358	5
6359	5
6360	5
6361	5
6362	5
6363	5
6364	5
6365	5
6366	5
6367	5
6368	5
6369	5
6370	5
6371	5
6372	5
6373	5
6374	5
6375	5
6376	5
6377	5
6378	5
6379	5
6380	5
6381	5
6382	5
6383	5
6384	5
6385	5
6386	5
6387	5
6388	5
6389	5
6390	5
6391	5
6392	5
6393	5
6394	5
6395	5
6396	5
6397	5
6398	5
6399	5
6400	5
6401	5
6402	5
6403	5
6404	5
6405	5
6406	5
6407	5
6408	5
6409	5
6410	5
6411	5
6412	5
6413	5
6414	5
6415	5
6416	5
6417	5
6418	5
6419	5
6420	5
6421	5
6422	5
6423	5
6424	5
6425	5
6426	5
6427	5
6428	5
6429	5
6430	5
6431	5
6432	5
6433	5
6434	5
6435	5
6436	5
6437	5
6438	5
6439	5
6440	5
6441	5
6442	5
6443	5
6444	5
6445	5
6446	5
6447	5
6448	5
6449	5
6450	5
6451	5
6452	5
6453	5
6454	5
6455	5
6456	5
6457	5
6458	5
6459	5
6460	5
6461	5
6462	5
6463	5
6464	5
6465	5
6466	5
6467	5
6468	5
6469	5
6470	5
6471	5
6472	5
6473	5
6474	5
6475	5
6476	5
6477	5
6478	5
6479	5
6480	5
6481	5
6482	5
6483	5
6484	5
6485	5
6486	5
6487	5
6488	5
6489	5
6490	5
6491	5
6492	5
6493	5
6494	5
6495	5
6496	5
6497	5
6498	5
6499	5
6500	5
6501	5
6502	5
6503	5
6504	5
6505	5
6506	5
6507	5
6508	5
6509	5
6510	5
6511	5
6512	5
6513	5
6514	5
6515	5
6516	5
6517	5
6518	5
6519	5
6520	5
6521	5
6522	5
6523	5
6524	5
6525	5
6526	5
6527	5
6528	5
6529	5
6530	5
6531	5
6532	5
6533	5
6534	5
6535	5
6536	5
6537	5
6538	5
6539	5
6540	5
6541	5
6542	5
6543	5
6544	5
6545	5
6546	5
6547	5
6548	5
6549	5
6550	5
6551	5
6552	5
6553	5
6554	5
6555	5
6556	5
6557	5
6558	5
6559	5
6560	5
6561	5
6562	5
6563	5
6564	5
6565	5
6566	5
6567	5
6568	5
6569	5
6570	5
6571	5
6572	5
6573	5
6574	5
6575	5
6576	5
6577	5
6578	5
6579	5
6580	5
6581	5
6582	5
6583	5
6584	5
6585	5
6586	5
6587	5
6588	5
6589	5
6590	5
6591	5
6592	5
6593	5
6594	5
6595	5
6596	5
6597	5
6598	5
6599	5
6600	5
6601	5
6602	5
6603	5
6604	5
6605	5
6606	5
6607	5
6608	5
6609	5
6610	5
6611	5
6612	5
6613	5
6614	5
6615	5
6616	5
6617	5
6618	5
6619	5
6620	5
6621	5
6622	5
6623	5
6624	5
6625	5
6626	5
6627	5
6628	5
6629	5
6630	5
6631	5
6632	5
6633	5
6634	5
6635	5
6636	5
6637	5
6638	5
6639	5
6640	5
6641	5
6642	5
6643	5
6644	5
6645	5
6646	5
6647	5
6648	5
6649	5
6650	5
6651	5
6652	5
6653	5
6654	5
6655	5
6656	5
6657	5
6658	5
6659	5
6660	5
6661	5
6662	5
6663	5
6664	5
6665	5
6666	5
6667	5
6668	5
6669	5
6670	5
6671	5
6672	5
6673	5
6674	5
6675	5
6676	5
6677	5
6678	5
6679	5
6680	5
6681	5
6682	5
6683	5
6684	5
6685	5
6686	5
6687	5
6688	5
6689	5
6690	5
6691	5
6692	5
6693	5
6694	5
6695	5
6696	5
6697	5
6698	5
6699	5
6700	5
6701	5
6702	5
6703	5
6704	5
6705	5
6706	5
6707	5
6708	5
6709	5
6710	5
6711	5
6712	5
6713	5
6714	5
6715	5
6716	5
6717	5
6718	5
6719	5
6720	5
6721	5
6722	5
6723	5
6724	5
6725	5
6726	5
6727	5
6728	5
6729	5
6730	5
6731	5
6732	5
6733	5
6734	5
6735	5
6736	5
6737	5
6738	5
6739	5
6740	5
6741	5
6742	5
6743	5
6744	5
6745	5
6746	5
6747	5
6748	5
6749	5
6750	5
6751	5
6752	5
6753	5
6754	5
6755	5
6756	5
6757	5
6758	5
6759	5
6760	5
6761	5
6762	5
6763	5
6764	5
6765	5
6766	5
6767	5
6768	5
6769	5
6770	5
6771	5
6772	5
6773	5
6774	5
6775	5
6776	5
6777	5
6778	5
6779	5
6780	5
6781	5
6782	5
6783	5
6784	5
6785	5
6786	5
6787	5
6788	5
6789	5
6790	5
6791	5
6792	5
6793	5
6794	5
6795	5
6796	6
6797	6
6798	6
6799	6
6800	6
6801	6
6802	6
6803	6
6804	6
6805	6
6806	6
6807	6
6808	6
6809	6
6810	6
6811	6
6812	6
6813	6
6814	6
6815	6
6816	6
6817	6
6818	6
6819	6
6820	6
6821	6
6822	6
6823	6
6824	6
6825	6
6826	6
6827	6
6828	6
6829	6
6830	6
6831	6
6832	6
6833	6
6834	6
6835	6
6836	6
6837	6
6838	6
6839	6
6840	6
6841	6
6842	6
6843	6
6844	6
6845	6
6846	6
6847	6
6848	6
6849	6
6850	6
6851	6
6852	6
6853	6
6854	6
6855	6
6856	6
6857	6
6858	6
6859	6
6860	6
6861	6
6862	6
6863	6
6864	6
6865	6
6866	6
6867	6
6868	6
6869	6
6870	6
6871	6
6872	6
6873	7
6874	7
6875	7
6876	7
6877	7
6878	7
6879	7
6880	7
6881	7
6882	7
6883	7
6884	7
6885	7
6886	7
6887	7
6888	7
6889	7
6890	7
6891	7
6892	7
6893	7
6894	7
6895	7
6896	7
6897	7
6898	7
6899	7
6900	7
6901	7
6902	7
6903	7
6904	7
6905	7
6906	7
6907	7
6908	7
6909	7
6910	7
6911	7
6912	7
6913	7
6914	7
6915	7
6916	7
6917	7
6918	7
6919	7
6920	7
6921	7
6922	7
6923	7
6924	7
6925	7
6926	7
6927	7
6928	7
6929	7
6930	7
6931	7
6932	7
6933	7
6934	7
6935	7
6936	7
6937	7
6938	7
6939	7
6940	7
6941	7
6942	7
6943	7
6944	7
6945	7
6946	7
6947	7
6948	7
6949	7
6950	7
6951	7
6952	7
6953	7
6954	7
6955	7
6956	7
6957	7
6958	7
6959	7
6960	7
6961	7
6962	7
6963	7
6964	7
6965	7
6966	7
6967	7
6968	7
6969	7
6970	7
6971	7
6972	7
6973	7
6974	7
6975	7
6976	7
6977	7
6978	7
6979	7
6980	7
6981	7
6982	7
6983	7
6984	7
6985	7
6986	7
6987	7
6988	7
6989	7
6990	7
6991	7
6992	7
6993	7
6994	7
6995	7
6996	7
6997	7
6998	7
6999	7
7000	7
7001	7
7002	7
7003	7
7004	7
7005	7
7006	7
7007	7
7008	7
7009	7
7010	7
7011	7
7012	7
7013	7
7014	7
7015	7
7016	7
7017	7
7018	7
7019	7
7020	7
7021	7
7022	7
7023	7
7024	7
7025	7
7026	7
7027	7
7028	7
7029	7
7030	7
7031	7
7032	7
7033	7
7034	7
7035	7
7036	7
7037	7
7038	7
7039	7
7040	7
7041	7
7042	7
7043	7
7044	7
7045	7
7046	7
7047	7
7048	7
7049	7
7050	7
7051	7
7052	7
7053	7
7054	7
7055	7
7056	7
7057	7
7058	7
7059	7
7060	7
7061	7
7062	7
7063	7
7064	7
7065	7
7066	7
7067	7
7068	7
7069	7
7070	7
7071	7
7072	7
7073	7
7074	7
7075	7
7076	7
7077	7
7078	7
7079	7
7080	7
7081	7
7082	7
7083	7
7084	7
7085	7
7086	7
7087	7
7088	7
7089	7
7090	7
7091	7
7092	7
7093	7
7094	7
7095	7
7096	7
7097	7
7098	7
7099	7
7100	7
7101	7
7102	7
7103	7
7104	7
7105	7
7106	7
7107	7
7108	7
7109	7
7110	7
7111	7
7112	7
7113	7
7114	7
7115	7
7116	7
7117	7
7118	7
7119	7
7120	7
7121	7
7122	7
7123	7
7124	7
7125	7
7126	7
7127	7
7128	7
7129	7
7130	7
7131	7
7132	7
7133	7
7134	7
7135	7
7136	7
7137	7
7138	7
7139	7
7140	7
7141	7
7142	7
7143	7
7144	7
7145	7
7146	7
7147	7
7148	7
7149	7
7150	7
7151	7
7152	7
7153	7
7154	7
7155	7
7156	7
7157	7
7158	7
7159	7
7160	7
7161	7
7162	7
7163	7
7164	7
7165	7
7166	7
7167	7
7168	7
7169	7
7170	7
7171	7
7172	7
7173	7
7174	7
7175	7
7176	7
7177	7
7178	7
7179	7
7180	7
7181	7
7182	7
7183	7
7184	7
7185	7
7186	7
7187	7
7188	7
7189	7
7190	7
7191	7
7192	7
7193	7
7194	7
7195	7
7196	7
7197	7
7198	7
7199	7
7200	7
7201	7
7202	7
7203	7
7204	7
7205	7
7206	7
7207	7
7208	7
7209	7
7210	7
7211	7
7212	7
7213	7
7214	7
7215	7
7216	7
7217	7
7218	7
7219	7
7220	7
7221	7
7222	7
7223	7
7224	7
7225	7
7226	7
7227	7
7228	7
7229	7
7230	7
7231	7
7232	7
7233	7
7234	7
7235	7
7236	7
7237	7
7238	7
7239	7
7240	7
7241	7
7242	7
7243	7
7244	7
7245	7
7246	7
7247	7
7248	7
7249	7
7250	7
7251	7
7252	7
7253	7
7254	7
7255	7
7256	7
7257	7
7258	7
7259	7
7260	7
7261	7
7262	7
7263	7
7264	7
7265	7
7266	7
7267	7
7268	7
7269	7
7270	7
7271	7
7272	7
7273	7
7274	7
7275	7
7276	7
7277	7
7278	7
7279	7
7280	7
7281	7
7282	7
7283	7
7284	7
7285	7
7286	7
7287	7
7288	7
7289	7
7290	7
7291	7
7292	7
7293	7
7294	7
7295	7
7296	7
7297	7
7298	7
7299	7
7300	7
7301	7
7302	7
7303	7
7304	7
7305	7
7306	7
7307	7
7308	7
7309	7
7310	7
7311	7
7312	7
7313	7
7314	7
7315	7
7316	7
7317	7
7318	7
7319	7
7320	7
7321	7
7322	7
7323	7
7324	7
7325	7
7326	7
7327	7
7328	7
7329	7
7330	7
7331	7
7332	7
7333	7
7334	7
7335	7
7336	7
7337	7
7338	7
7339	7
7340	7
7341	7
7342	7
7343	7
7344	7
7345	7
7346	7
7347	7
7348	7
7349	7
7350	7
7351	7
7352	7
7353	7
7354	7
7355	7
7356	7
7357	7
7358	7
7359	7
7360	7
7361	7
7362	7
7363	7
7364	7
7365	7
7366	7
7367	7
7368	7
7369	7
7370	7
7371	7
7372	7
7373	7
7374	7
7375	7
7376	7
7377	7
7378	7
7379	7
7380	7
7381	7
7382	7
7383	7
7384	7
7385	7
7386	7
7387	7
7388	7
7389	7
7390	7
7391	7
7392	7
7393	7
7394	7
7395	7
7396	8
7397	8
7398	8
7399	8
7400	8
7401	8
7402	8
7403	8
7404	8
7405	8
7406	8
7407	8
7408	8
7409	8
7410	8
7411	8
7412	8
7413	8
7414	8
7415	8
7416	8
7417	8
7418	8
7419	8
7420	8
7421	8
7422	8
7423	8
7424	8
7425	8
7426	8
7427	8
7428	8
7429	8
7430	8
7431	8
7432	8
7433	8
7434	8
7435	8
7436	8
7437	8
7438	8
7439	8
7440	8
7441	8
7442	8
7443	8
7444	8
7445	8
7446	8
7447	8
7448	8
7449	8
7450	8
7451	8
7452	8
7453	8
7454	8
7455	8
7456	8
7457	8
7458	8
7459	8
7460	8
7461	8
7462	8
7463	8
7464	8
7465	8
7466	8
7467	8
7468	8
7469	8
7470	8
7471	8
7472	8
7473	8
7474	8
7475	8
7476	8
7477	8
7478	8
7479	8
7480	8
7481	8
7482	8
7483	8
7484	8
7485	8
7486	8
7487	8
7488	8
7489	8
7490	8
7491	8
7492	8
7493	8
7494	8
7495	8
7496	8
7497	8
7498	8
7499	8
7500	8
7501	8
7502	8
7503	8
7504	8
7505	8
7506	8
7507	8
7508	8
7509	8
7510	8
7511	8
7512	8
7513	8
7514	8
7515	8
7516	8
7517	8
7518	8
7519	8
7520	8
7521	8
7522	8
7523	8
7524	8
7525	8
7526	8
7527	8
7528	8
7529	8
7530	8
7531	8
7532	8
7533	8
7534	8
7535	8
7536	8
7537	8
7538	8
7539	8
7540	8
7541	8
7542	8
7543	8
7544	8
7545	8
7546	8
7547	8
7548	8
7549	8
7550	8
7551	8
7552	8
7553	8
7554	8
7555	8
7556	8
7557	8
7558	8
7559	8
7560	8
7561	8
7562	8
7563	8
7564	8
7565	8
7566	8
7567	8
7568	8
7569	8
7570	8
7571	8
7572	8
7573	8
7574	8
7575	8
7576	8
7577	8
7578	8
7579	8
7580	8
7581	8
7582	8
7583	8
7584	8
7585	8
7586	8
7587	8
7588	8
7589	8
7590	8
7591	8
7592	8
7593	8
7594	8
7595	8
7596	8
7597	8
7598	8
7599	8
7600	8
7601	8
7602	8
7603	8
7604	8
7605	8
7606	8
7607	8
7608	8
7609	8
7610	8
7611	8
7612	9
7613	9
7614	9
7615	9
7616	9
7617	9
7618	9
7619	9
7620	9
7621	9
7622	9
7623	9
7624	9
7625	9
7626	9
7627	9
7628	9
7629	9
7630	9
7631	9
7632	9
7633	9
7634	9
7635	9
7636	9
7637	9
7638	9
7639	9
7640	9
7641	9
7642	9
7643	9
7644	9
7645	9
7646	9
7647	9
7648	9
7649	9
7650	9
7651	9
7652	9
7653	9
7654	9
7655	9
7656	9
7657	9
7658	9
7659	9
7660	9
7661	9
7662	9
7663	9
7664	9
7665	9
7666	9
7667	9
7668	9
7669	9
7670	9
7671	9
7672	9
7673	9
7674	9
7675	9
7676	9
7677	9
7678	9
7679	9
7680	9
7681	9
7682	9
7683	9
7684	9
7685	9
7686	9
7687	9
7688	9
7689	9
7690	9
7691	9
7692	9
7693	9
7694	9
7695	9
7696	9
7697	9
7698	9
7699	9
7700	9
7701	9
7702	9
7703	9
7704	9
7705	9
7706	9
7707	9
7708	9
7709	9
7710	9
7711	9
7712	9
7713	9
7714	9
7715	9
7716	9
7717	9
7718	9
7719	9
7720	9
7721	9
7722	9
7723	9
7724	9
7725	9
7726	9
7727	9
7728	9
7729	9
7730	9
7731	9
7732	9
7733	9
7734	9
7735	9
7736	9
7737	9
7738	9
7739	9
7740	9
7741	9
7742	9
7743	9
7744	9
7745	9
7746	9
7747	9
7748	9
7749	9
7750	9
7751	9
7752	9
7753	9
7754	9
7755	9
7756	9
7757	9
7758	9
7759	9
7760	9
7761	9
7762	9
7763	9
7764	9
7765	9
7766	9
7767	9
7768	9
7769	9
7770	9
7771	9
7772	9
7773	9
7774	9
7775	9
7776	9
7777	9
7778	9
7779	9
7780	9
7781	9
7782	9
7783	9
7784	9
7785	9
7786	9
7787	9
7788	9
7789	9
7790	9
7791	9
7792	9
7793	9
7794	9
7795	9
7796	9
7797	9
7798	9
7799	9
7800	9
7801	9
7802	9
7803	9
7804	9
7805	9
7806	9
7807	9
7808	9
7809	9
7810	9
7811	9
7812	9
7813	9
7814	9
7815	9
7816	9
7817	9
7818	9
7819	9
7820	9
7821	9
7822	9
7823	9
7824	9
7825	9
7826	9
7827	9
7828	9
7829	9
7830	9
7831	9
7832	9
7833	9
7834	9
7835	9
7836	9
7837	9
7838	9
7839	9
7840	9
7841	9
7842	9
7843	9
7844	9
7845	9
7846	9
7847	9
7848	9
7849	9
7850	9
7851	9
7852	10
7853	10
7854	10
7855	10
7856	10
7857	10
7858	10
7859	10
7860	10
7861	10
7862	10
7863	10
7864	10
7865	10
7866	10
7867	10
7868	10
7869	10
7870	10
7871	10
7872	10
7873	10
7874	10
7875	10
7876	10
7877	10
7878	10
7879	10
7880	10
7881	10
7882	10
7883	10
7884	10
7885	10
7886	10
7887	10
7888	10
7889	10
7890	10
7891	10
7892	10
7893	10
7894	10
7895	10
7896	10
7897	10
7898	10
7899	10
7900	10
7901	10
7902	10
7903	10
7904	10
7905	10
7906	10
7907	10
7908	10
7909	10
7910	10
7911	10
7912	10
7913	10
7914	10
7915	10
7916	10
7917	10
7918	10
7919	10
7920	10
7921	10
7922	10
7923	10
7924	10
7925	10
7926	10
7927	10
7928	10
7929	10
7930	10
7931	10
7932	10
7933	10
7934	10
7935	10
7936	10
7937	10
7938	10
7939	10
7940	10
7941	10
7942	10
7943	10
7944	10
7945	10
7946	10
7947	10
7948	10
7949	10
7950	10
7951	10
7952	10
7953	10
7954	10
7955	10
7956	10
7957	10
7958	10
7959	10
7960	10
7961	10
7962	10
7963	10
7964	10
7965	10
7966	10
7967	10
7968	10
7969	10
7970	10
7971	10
7972	10
7973	10
7974	10
7975	10
7976	10
7977	10
7978	10
7979	10
7980	10
7981	10
7982	10
7983	10
7984	10
7985	10
7986	10
7987	10
7988	10
7989	10
7990	10
7991	10
7992	10
7993	10
7994	10
7995	10
7996	10
7997	10
7998	10
7999	10
8000	10
8001	10
8002	10
8003	10
8004	10
8005	10
8006	10
8007	10
8008	10
8009	10
8010	10
8011	10
8012	10
8013	10
8014	10
8015	10
8016	10
8017	10
8018	10
8019	10
8020	10
8021	10
8022	10
8023	10
8024	10
8025	10
8026	10
8027	10
8028	10
8029	10
8030	10
8031	10
8032	10
8033	10
8034	10
8035	10
8036	10
8037	10
8038	10
8039	10
8040	10
8041	10
8042	10
8043	10
8044	10
8045	10
8046	10
8047	10
8048	10
8049	10
8050	10
8051	10
8052	10
8053	10
8054	10
8055	10
8056	10
8057	10
8058	10
8059	10
8060	10
8061	10
8062	10
8063	10
8064	10
8065	10
8066	10
8067	10
8068	10
8069	10
8070	10
8071	10
8072	10
8073	10
8074	10
8075	10
8076	10
8077	10
8078	10
8079	10
8080	10
8081	10
8082	10
8083	10
8084	10
8085	10
8086	10
8087	10
8088	10
8089	10
8090	10
8091	10
8092	10
8093	10
8094	10
8095	10
8096	10
8097	10
8098	10
8099	10
8100	10
8101	10
8102	10
8103	10
8104	10
8105	10
8106	10
8107	10
8108	10
8109	10
8110	10
8111	10
8112	10
8113	10
8114	10
8115	10
8116	10
8117	10
8118	10
8119	10
8120	10
8121	10
8122	10
8123	10
8124	10
8125	10
8126	10
8127	10
8128	10
8129	10
8130	10
8131	10
8132	10
8133	10
8134	10
8135	10
8136	10
8137	10
8138	10
8139	10
8140	10
8141	10
8142	10
8143	10
8144	10
8145	11
8146	11
8147	11
8148	11
8149	11
8150	11
8151	11
8152	11
8153	11
8154	11
8155	11
8156	11
8157	11
8158	11
8159	11
8160	11
8161	11
8162	11
8163	11
8164	11
8165	11
8166	11
8167	11
8168	11
8169	11
8170	11
8171	11
8172	11
8173	11
8174	11
8175	11
8176	11
8177	11
8178	11
8179	11
8180	11
8181	11
8182	11
8183	11
8184	11
8185	11
8186	11
8187	11
8188	11
8189	11
8190	11
8191	11
8192	11
8193	11
8194	12
8195	12
8196	12
8197	12
8198	12
8199	12
8200	12
8201	12
8202	13
8203	13
8204	13
8205	13
8206	13
8207	13
8208	13
8209	13
8210	13
8211	13
8212	13
8213	13
8214	13
8215	13
8216	13
8217	13
8218	13
8219	13
8220	13
8221	13
8222	13
8223	13
8224	13
8225	13
8226	13
8227	13
8228	13
8229	13
8230	13
8231	13
8232	13
8233	13
8234	13
8235	13
8236	13
8237	13
8238	13
8239	13
8240	13
8241	13
8242	13
8243	13
8244	13
8245	13
8246	13
8247	13
8248	13
8249	13
8250	13
8251	13
8252	13
8253	13
8254	13
8255	13
8256	13
8257	13
8258	13
8259	13
8260	13
8261	13
8262	13
8263	13
8264	13
8265	13
8266	13
8267	13
8268	13
8269	13
8270	13
8271	13
8272	13
8273	13
8274	13
8275	13
8276	13
8277	13
8278	13
8279	13
8280	13
8281	13
8282	13
8283	13
8284	13
8285	13
8286	13
8287	13
8288	13
8289	13
8290	13
8291	13
8292	13
8293	13
8294	13
8295	13
8296	13
8297	13
8298	13
8299	13
8300	13
8301	14
8302	14
8303	14
8304	14
8305	14
8306	14
8307	14
8308	14
8309	14
8310	14
8311	14
8312	14
8313	14
8314	14
8315	14
8316	14
8317	14
8318	14
8319	14
8320	14
8321	14
8322	14
8323	14
8324	14
8325	14
8326	14
8327	14
8328	14
8329	14
8330	14
8331	14
8332	14
8333	14
8334	14
8335	14
8336	14
8337	14
8338	14
8339	14
8340	14
8341	14
8342	14
8343	14
8344	14
8345	14
8346	14
8347	14
8348	14
8349	14
8350	14
8351	14
8352	14
8353	14
8354	14
8355	14
8356	14
8357	14
8358	14
8359	15
8360	15
8361	15
8362	15
8363	15
8364	15
8365	15
8366	15
8367	15
8368	15
8369	15
8370	15
8371	15
8372	15
8373	15
8374	15
8375	15
8376	15
8377	15
8378	15
8379	15
8380	15
8381	15
8382	15
8383	15
8384	15
8385	15
8386	15
8387	15
8388	15
8389	15
8390	15
8391	15
8392	15
8393	15
8394	15
8395	15
8396	15
8397	15
8398	15
8399	15
8400	15
8401	15
8402	15
8403	15
8404	15
8405	15
8406	15
8407	15
8408	15
8409	15
8410	15
8411	15
8412	15
8413	15
8414	15
8415	15
8416	15
8417	15
8418	15
8419	15
8420	15
8421	15
8422	15
8423	15
8424	15
8425	15
8426	15
8427	15
8428	15
8429	15
8430	15
8431	15
8432	15
8433	15
8434	15
8435	15
8436	15
8437	15
8438	15
8439	15
8440	15
8441	15
8442	15
8443	15
8444	15
8445	15
8446	15
8447	15
8448	15
8449	15
8450	15
8451	15
8452	15
8453	15
8454	15
8455	15
8456	15
8457	15
8458	15
8459	15
8460	15
8461	15
8462	15
8463	15
8464	15
8465	15
8466	15
8467	15
8468	15
8469	15
8470	15
8471	15
8472	15
8473	15
8474	15
8475	15
8476	15
8477	15
8478	15
8479	15
8480	15
8481	15
8482	15
8483	15
8484	15
8485	16
8486	16
8487	16
8488	16
8489	16
8490	16
8491	16
8492	16
8493	16
8494	16
8495	16
8496	16
8497	16
8498	16
8499	16
8500	16
8501	16
8502	16
8503	16
8504	16
8505	16
8506	16
8507	16
8508	16
8509	16
8510	16
8511	16
8512	16
8513	16
8514	16
8515	16
8516	16
8517	16
8518	16
8519	16
8520	16
8521	16
8522	16
8523	16
8524	16
8525	16
8526	16
8527	16
8528	16
8529	16
8530	16
8531	16
8532	16
8533	16
8534	16
8535	16
8536	16
8537	16
8538	16
8539	16
8540	16
8541	16
8542	16
8543	16
8544	16
8545	16
8546	16
8547	16
8548	16
8549	16
8550	16
8551	16
8552	16
8553	16
8554	16
8555	16
8556	16
8557	16
8558	16
8559	16
8560	16
8561	16
8562	16
8563	16
8564	16
8565	16
8566	16
8567	16
8568	16
8569	16
8570	16
8571	16
8572	16
8573	16
8574	16
8575	16
8576	16
8577	16
8578	16
8579	16
8580	16
8581	16
8582	16
8583	16
8584	16
8585	16
8586	16
8587	16
8588	16
8589	16
8590	16
8591	16
8592	16
8593	16
8594	16
8595	16
8596	16
8597	16
8598	16
8599	16
8600	16
8601	16
8602	16
8603	16
8604	16
8605	16
8606	16
8607	16
8608	16
8609	16
8610	16
8611	16
8612	16
8613	16
8614	16
8615	16
8616	16
8617	16
8618	16
8619	16
8620	16
8621	16
8622	16
8623	16
8624	16
8625	16
8626	16
8627	16
8628	16
8629	16
8630	16
8631	16
8632	16
8633	16
8634	16
8635	16
8636	16
8637	16
8638	16
8639	16
8640	16
8641	16
8642	16
8643	16
8644	16
8645	16
8646	16
8647	16
8648	16
8649	16
8650	16
8651	16
8652	16
8653	16
8654	16
8655	16
8656	16
8657	16
8658	16
8659	16
8660	16
8661	16
8662	16
8663	16
8664	16
8665	16
8666	16
8667	16
8668	16
8669	16
8670	16
8671	16
8672	16
8673	16
8674	16
8675	16
8676	16
8677	16
8678	16
8679	16
8680	16
8681	16
8682	16
8683	16
8684	16
8685	16
8686	16
8687	16
8688	16
8689	16
8690	16
8691	16
8692	16
8693	16
8694	16
8695	16
8696	16
8697	16
8698	16
8699	16
8700	16
8701	16
8702	16
8703	16
8704	16
8705	16
8706	16
8707	16
8708	16
8709	16
8710	16
8711	16
8712	16
8713	16
8714	16
8715	16
8716	16
8717	16
8718	16
8719	16
8720	16
8721	16
8722	16
8723	16
8724	16
8725	16
8726	16
8727	16
8728	16
8729	16
8730	16
8731	16
8732	16
8733	16
8734	16
8735	16
8736	16
8737	16
8738	16
8739	16
8740	16
8741	16
8742	16
8743	16
8744	16
8745	16
8746	16
8747	16
8748	16
8749	16
8750	16
8751	16
8752	16
8753	16
8754	16
8755	16
8756	16
8757	16
8758	16
8759	16
8760	16
8761	16
8762	16
8763	16
8764	16
8765	16
8766	16
8767	16
8768	16
8769	16
8770	16
8771	16
8772	16
8773	16
8774	16
8775	16
8776	16
8777	16
8778	16
8779	16
8780	16
8781	16
8782	16
8783	16
8784	16
8785	16
8786	16
8787	16
8788	16
8789	16
8790	16
8791	16
8792	16
8793	16
8794	16
8795	16
8796	16
8797	16
8798	16
8799	16
8800	16
8801	16
8802	16
8803	16
8804	16
8805	16
8806	16
8807	16
8808	16
8809	16
8810	16
8811	16
8812	16
8813	16
8814	16
8815	16
8816	16
8817	16
8818	16
8819	16
8820	16
8821	16
8822	16
8823	16
8824	16
8825	16
8826	16
8827	16
8828	16
8829	16
8830	16
8831	16
8832	16
8833	16
8834	16
8835	16
8836	16
8837	16
8838	16
8839	16
8840	16
8841	16
8842	16
8843	16
8844	16
8845	16
8846	16
8847	16
8848	16
8849	16
8850	16
8851	16
8852	16
8853	16
8854	16
8855	16
8856	16
8857	16
8858	16
8859	16
8860	16
8861	16
8862	16
8863	16
8864	16
8865	16
8866	16
8867	16
8868	16
8869	16
8870	16
8871	16
8872	16
8873	16
8874	16
8875	16
8876	16
8877	16
8878	16
8879	16
8880	16
8881	16
8882	16
8883	16
8884	16
8885	16
8886	16
8887	16
8888	16
8889	16
8890	16
8891	16
8892	16
8893	16
8894	16
8895	16
8896	16
8897	16
8898	16
8899	16
8900	16
8901	16
8902	16
8903	16
8904	16
8905	16
8906	16
8907	16
8908	16
8909	16
8910	16
8911	16
8912	16
8913	16
8914	16
8915	16
8916	16
8917	16
8918	16
8919	16
8920	16
8921	16
8922	16
8923	16
8924	16
8925	16
8926	16
8927	16
8928	16
8929	16
8930	16
8931	16
8932	16
8933	16
8934	16
8935	16
8936	16
8937	16
8938	16
8939	16
8940	16
8941	16
8942	16
8943	16
8944	16
8945	16
8946	16
8947	16
8948	16
8949	16
8950	16
8951	16
8952	16
8953	16
8954	16
8955	16
8956	16
8957	16
8958	16
8959	16
8960	16
8961	16
8962	16
8963	16
8964	16
8965	16
8966	16
8967	16
8968	16
8969	16
8970	16
8971	16
8972	16
8973	16
8974	16
8975	16
8976	16
8977	16
8978	16
8979	16
8980	16
8981	16
8982	16
8983	16
8984	16
8985	16
8986	16
8987	16
8988	16
8989	16
8990	16
8991	16
8992	16
8993	16
8994	16
8995	16
8996	16
8997	16
8998	16
8999	16
9000	16
9001	16
9002	16
9003	16
9004	16
9005	16
9006	16
9007	16
9008	16
9009	16
9010	16
9011	16
9012	16
9013	16
9014	16
9015	16
9016	16
9017	16
9018	16
9019	16
9020	16
9021	16
9022	16
9023	16
9024	16
9025	16
9026	16
9027	16
9028	16
9029	16
9030	16
9031	16
9032	16
9033	16
9034	16
9035	16
9036	16
9037	16
9038	16
9039	16
9040	16
9041	16
9042	16
9043	16
9044	16
9045	16
9046	16
9047	16
9048	16
9049	16
9050	16
9051	16
9052	16
9053	16
9054	16
9055	16
9056	16
9057	16
9058	16
9059	16
9060	16
9061	16
9062	16
9063	16
9064	16
9065	16
9066	16
9067	16
9068	16
9069	16
9070	16
9071	16
9072	16
9073	16
9074	16
9075	16
9076	16
9077	16
9078	16
9079	16
9080	16
9081	16
9082	16
9083	16
9084	16
9085	16
9086	16
9087	16
9088	16
9089	16
9090	16
9091	16
9092	16
9093	16
9094	16
9095	16
9096	16
9097	16
9098	16
9099	16
9100	16
9101	16
9102	16
9103	16
9104	16
9105	16
9106	16
9107	16
9108	16
9109	16
9110	16
9111	16
9112	16
9113	16
9114	16
9115	16
9116	16
9117	16
9118	16
9119	16
9120	16
9121	16
9122	16
9123	16
9124	16
9125	16
9126	16
9127	16
9128	16
9129	16
9130	16
9131	16
9132	16
9133	16
9134	16
9135	16
9136	16
9137	16
9138	16
9139	16
9140	16
9141	16
9142	16
9143	16
9144	16
9145	16
9146	16
9147	16
9148	16
9149	16
9150	16
9151	16
9152	16
9153	16
9154	16
9155	16
9156	16
9157	16
9158	16
9159	16
9160	16
9161	16
9162	16
9163	16
9164	16
9165	16
9166	16
9167	16
9168	16
9169	16
9170	16
9171	16
9172	16
9173	16
9174	16
9175	16
9176	16
9177	16
9178	16
9179	16
9180	16
9181	16
9182	17
9183	17
9184	17
9185	17
9186	17
9187	17
9188	17
9189	17
9190	17
9191	17
9192	17
9193	17
9194	17
9195	17
9196	17
9197	17
9198	17
9199	17
9200	17
9201	17
9202	17
9203	17
9204	17
9205	17
9206	17
9207	17
9208	17
9209	17
9210	17
9211	17
9212	17
9213	17
9214	17
9215	17
9216	17
9217	17
9218	17
9219	17
9220	17
9221	17
9222	17
9223	17
9224	17
9225	17
9226	17
9227	17
9228	17
9229	17
9230	17
9231	17
9232	17
9233	17
9234	17
9235	17
9236	17
9237	17
9238	17
9239	17
9240	17
9241	17
9242	17
9243	17
9244	17
9245	17
9246	17
9247	17
9248	17
9249	17
9250	17
9251	17
9252	17
9253	17
9254	17
9255	17
9256	17
9257	17
9258	17
9259	17
9260	17
9261	17
9262	17
9263	17
9264	17
9265	17
9266	17
9267	17
9268	17
9269	17
9270	17
9271	17
9272	17
9273	17
9274	17
9275	17
9276	17
9277	17
9278	17
9279	17
9280	17
9281	17
9282	17
9283	17
9284	17
9285	17
9286	17
9287	17
9288	17
9289	17
9290	17
9291	17
9292	17
9293	17
9294	17
9295	18
9296	18
9297	18
9298	18
9299	18
9300	18
9301	18
9302	18
9303	18
9304	18
9305	18
9306	18
9307	18
9308	18
9309	18
9310	18
9311	18
9312	18
9313	18
9314	18
9315	18
9316	18
9317	18
9318	18
9319	18
9320	18
9321	18
9322	18
9323	18
9324	18
9325	18
9326	18
9327	18
9328	18
9329	18
9330	18
9331	18
9332	18
9333	18
9334	18
9335	18
9336	18
9337	18
9338	18
9339	18
9340	18
9341	18
9342	18
9343	18
9344	18
9345	18
9346	18
9347	18
9348	18
9349	18
9350	18
9351	18
9352	18
9353	18
9354	18
9355	18
9356	18
9357	18
9358	18
9359	18
9360	18
9361	18
9362	18
9363	18
9364	18
9365	18
9366	18
9367	18
9368	18
9369	19
9370	19
9371	19
9372	19
9373	19
9374	19
9375	19
9376	19
9377	19
9378	19
9379	19
9380	19
9381	19
9382	19
9383	19
9384	19
9385	19
9386	19
9387	19
9388	19
9389	19
9390	19
9391	19
9392	19
9393	19
9394	19
9395	19
9396	19
9397	19
9398	19
9399	19
9400	19
9401	19
9402	19
9403	19
9404	19
9405	19
9406	19
9407	19
9408	19
9409	19
9410	19
9411	19
9412	19
9413	19
9414	19
9415	19
9416	19
9417	19
9418	19
9419	19
9420	19
9421	19
9422	19
9423	19
9424	19
9425	19
9426	19
9427	19
9428	19
9429	19
9430	19
9431	19
9432	19
9433	19
9434	19
9435	19
9436	19
9437	19
9438	19
9439	19
9440	19
9441	19
9442	19
9443	19
9444	19
9445	19
9446	19
9447	19
9448	19
9449	19
9450	19
9451	19
9452	19
9453	19
9454	19
9455	19
9456	19
9457	19
9458	19
9459	19
9460	19
9461	19
9462	19
9463	19
9464	19
9465	19
9466	19
9467	19
9468	19
9469	19
9470	19
9471	20
9472	20
9473	20
9474	20
9475	20
9476	20
9477	20
9478	20
9479	20
9480	20
9481	20
9482	20
9483	20
9484	20
9485	20
9486	20
9487	20
9488	20
9489	20
9490	20
9491	20
9492	20
9493	20
9494	20
9495	20
9496	20
9497	20
9498	20
9499	20
9500	20
9501	20
9502	20
9503	20
9504	20
9505	20
9506	20
9507	20
9508	20
9509	20
9510	20
9511	20
9512	20
9513	20
9514	20
9515	20
9516	20
9517	20
9518	20
9519	20
9520	20
9521	20
9522	20
9523	20
9524	20
9525	20
9526	20
9527	20
9528	20
9529	20
9530	20
9531	20
9532	20
9533	20
9534	20
9535	20
9536	20
9537	20
9538	20
9539	20
9540	20
9541	20
9542	20
9543	20
9544	20
9545	20
9546	20
9547	20
9548	20
9549	20
9550	20
9551	20
9552	20
9553	20
9554	20
9555	20
9556	20
9557	20
9558	20
9559	20
9560	20
9561	20
9562	20
9563	20
9564	20
9565	20
9566	20
9567	20
9568	20
9569	20
9570	20
9571	20
9572	20
9573	20
9574	20
9575	20
9576	20
9577	20
9578	20
9579	20
9580	20
9581	20
9582	20
9583	20
9584	20
9585	20
9586	20
9587	20
9588	20
9589	20
9590	20
9591	20
9592	20
9593	20
9594	20
9595	20
9596	20
9597	20
9598	20
9599	20
9600	20
9601	20
9602	20
9603	20
9604	20
9605	20
9606	20
9607	20
9608	20
9609	20
9610	20
9611	20
9612	20
9613	20
9614	20
9615	20
9616	20
9617	20
9618	20
9619	20
9620	20
9621	20
9622	20
9623	20
9624	20
9625	20
9626	20
9627	20
9628	20
9629	20
9630	20
9631	20
9632	20
9633	20
9634	20
9635	20
9636	20
9637	20
9638	20
9639	20
9640	20
9641	20
9642	20
9643	20
9644	20
9645	20
9646	20
9647	20
9648	20
9649	20
9650	20
9651	20
9652	20
9653	20
9654	20
9655	20
9656	20
9657	20
9658	20
9659	20
9660	20
9661	20
9662	20
9663	20
9664	20
9665	20
9666	20
9667	20
9668	20
9669	20
9670	20
9671	20
9672	20
9673	20
9674	20
9675	20
9676	20
9677	20
9678	20
9679	20
9680	20
9681	20
9682	20
9683	20
9684	20
9685	20
9686	20
9687	20
9688	20
9689	20
9690	20
9691	20
9692	20
9693	20
9694	20
9695	20
9696	20
9697	20
9698	20
9699	20
9700	20
9701	20
9702	20
9703	20
9704	20
9705	20
9706	20
9707	20
9708	20
9709	20
9710	20
9711	20
9712	20
9713	20
9714	20
9715	20
9716	20
9717	20
9718	20
9719	20
9720	20
9721	20
9722	20
9723	20
9724	20
9725	20
9726	20
9727	20
9728	20
9729	20
9730	20
9731	20
9732	20
9733	20
9734	20
9735	20
9736	20
9737	20
9738	20
9739	20
9740	20
9741	20
9742	20
9743	20
9744	20
9745	20
9746	20
9747	20
9748	20
9749	20
9750	20
9751	20
9752	20
9753	20
9754	20
9755	20
9756	20
9757	20
9758	20
9759	20
9760	20
9761	20
9762	20
9763	20
9764	20
9765	20
9766	20
9767	20
9768	20
9769	20
9770	20
9771	20
9772	20
9773	20
9774	20
9775	20
9776	20
9777	20
9778	20
9779	20
9780	20
9781	20
9782	20
9783	20
9784	20
9785	20
9786	20
9787	20
9788	20
9789	20
9790	20
9791	20
9792	20
9793	20
9794	20
9795	20
9796	20
9797	20
9798	20
9799	20
9800	20
9801	20
9802	20
9803	20
9804	20
9805	20
9806	20
9807	20
9808	20
9809	20
9810	20
9811	20
9812	20
9813	20
9814	20
9815	20
9816	20
9817	20
9818	20
9819	20
9820	20
9821	20
9822	20
9823	20
9824	20
9825	20
9826	20
9827	20
9828	20
9829	20
9830	20
9831	20
9832	20
9833	20
9834	20
9835	20
9836	20
9837	20
9838	20
9839	20
9840	20
9841	20
9842	20
9843	20
9844	20
9845	20
9846	20
9847	20
9848	20
9849	20
9850	20
9851	20
9852	20
9853	20
9854	20
9855	20
9856	20
9857	20
9858	20
9859	20
9860	20
9861	20
9862	20
9863	20
9864	20
9865	20
9866	20
9867	20
9868	20
9869	20
9870	20
9871	20
9872	20
9873	20
9874	20
9875	20
9876	20
9877	20
9878	20
9879	20
9880	20
9881	20
9882	20
9883	20
9884	20
9885	20
9886	20
9887	20
9888	20
9889	20
9890	20
9891	20
9892	20
9893	20
9894	20
9895	20
9896	20
9897	20
9898	20
9899	20
9900	20
9901	20
9902	20
9903	20
9904	20
9905	20
9906	20
9907	20
9908	20
9909	20
9910	20
9911	20
9912	20
9913	20
9914	20
9915	20
9916	20
9917	20
9918	20
9919	20
9920	20
9921	20
9922	20
9923	20
9924	20
9925	20
9926	20
9927	20
9928	20
9929	20
9930	20
9931	20
9932	20
9933	20
9934	20
9935	20
9936	20
9937	20
9938	20
9939	20
9940	20
9941	20
9942	20
9943	20
9944	20
9945	20
9946	20
9947	20
9948	20
9949	20
9950	20
9951	20
9952	20
9953	20
9954	20
9955	20
9956	20
9957	20
9958	21
9959	21
9960	21
9961	21
9962	21
9963	21
9964	21
9965	21
9966	21
9967	21
9968	21
9969	21
9970	21
9971	21
9972	21
9973	21
9974	21
9975	21
9976	21
9977	21
9978	21
9979	21
9980	21
9981	21
9982	21
9983	21
9984	21
9985	21
9986	21
9987	21
9988	21
9989	21
9990	21
9991	21
9992	21
9993	21
9994	21
9995	21
9996	21
9997	21
9998	21
9999	21
10000	21
