#Clock	ItemsCollected
1	0
2	0
3	0
4	0
5	0
6	0
7	0
8	0
9	0
10	0
11	0
12	0
13	0
14	0
15	0
16	0
17	0
18	0
19	0
20	0
21	0
22	0
23	0
24	0
25	0
26	0
27	0
28	0
29	0
30	0
31	0
32	0
33	0
34	0
35	0
36	0
37	0
38	0
39	0
40	0
41	0
42	0
43	0
44	0
45	0
46	0
47	0
48	0
49	0
50	0
51	0
52	0
53	0
54	0
55	0
56	0
57	0
58	0
59	0
60	0
61	0
62	0
63	0
64	0
65	0
66	0
67	0
68	0
69	0
70	0
71	0
72	0
73	0
74	0
75	0
76	0
77	0
78	0
79	0
80	0
81	0
82	0
83	0
84	0
85	0
86	0
87	0
88	0
89	0
90	0
91	0
92	0
93	0
94	0
95	0
96	0
97	0
98	0
99	0
100	0
101	0
102	0
103	0
104	0
105	0
106	0
107	0
108	0
109	0
110	0
111	0
112	0
113	0
114	0
115	0
116	0
117	0
118	0
119	0
120	0
121	0
122	0
123	0
124	0
125	0
126	0
127	0
128	0
129	0
130	0
131	0
132	0
133	0
134	0
135	0
136	0
137	0
138	0
139	0
140	0
141	0
142	0
143	0
144	0
145	0
146	0
147	0
148	0
149	0
150	0
151	0
152	0
153	0
154	0
155	0
156	0
157	0
158	0
159	0
160	0
161	0
162	0
163	0
164	0
165	0
166	0
167	0
168	0
169	0
170	0
171	0
172	0
173	0
174	0
175	0
176	0
177	0
178	0
179	0
180	0
181	0
182	0
183	0
184	0
185	0
186	0
187	0
188	0
189	0
190	0
191	0
192	0
193	0
194	0
195	0
196	0
197	0
198	0
199	0
200	0
201	0
202	0
203	0
204	0
205	0
206	0
207	0
208	0
209	0
210	0
211	0
212	0
213	0
214	0
215	0
216	0
217	0
218	0
219	0
220	0
221	0
222	0
223	0
224	0
225	0
226	0
227	0
228	0
229	0
230	0
231	0
232	0
233	0
234	0
235	0
236	0
237	0
238	0
239	0
240	0
241	0
242	0
243	0
244	0
245	0
246	0
247	0
248	0
249	0
250	0
251	0
252	0
253	0
254	0
255	0
256	0
257	0
258	0
259	0
260	0
261	0
262	0
263	0
264	0
265	0
266	0
267	0
268	0
269	0
270	0
271	0
272	0
273	0
274	0
275	0
276	0
277	0
278	0
279	0
280	0
281	0
282	0
283	0
284	0
285	0
286	0
287	0
288	0
289	0
290	0
291	0
292	0
293	0
294	0
295	0
296	0
297	0
298	0
299	0
300	0
301	0
302	0
303	0
304	0
305	0
306	0
307	0
308	0
309	0
310	0
311	0
312	0
313	0
314	0
315	0
316	0
317	0
318	0
319	0
320	0
321	0
322	0
323	0
324	0
325	0
326	0
327	0
328	0
329	0
330	0
331	0
332	0
333	0
334	0
335	0
336	0
337	0
338	0
339	0
340	0
341	0
342	0
343	0
344	0
345	0
346	0
347	0
348	0
349	0
350	0
351	0
352	0
353	0
354	0
355	0
356	0
357	0
358	0
359	0
360	0
361	0
362	0
363	0
364	0
365	0
366	0
367	0
368	0
369	0
370	0
371	0
372	0
373	0
374	0
375	0
376	0
377	0
378	0
379	0
380	0
381	0
382	0
383	0
384	0
385	0
386	0
387	0
388	0
389	0
390	0
391	0
392	0
393	0
394	0
395	0
396	0
397	0
398	0
399	0
400	0
401	0
402	0
403	0
404	0
405	0
406	0
407	0
408	0
409	0
410	0
411	0
412	0
413	0
414	0
415	0
416	0
417	0
418	0
419	0
420	0
421	0
422	0
423	0
424	0
425	0
426	0
427	0
428	0
429	0
430	0
431	0
432	0
433	0
434	0
435	0
436	0
437	0
438	0
439	0
440	0
441	0
442	0
443	0
444	0
445	0
446	0
447	0
448	0
449	0
450	0
451	0
452	0
453	0
454	0
455	0
456	0
457	0
458	0
459	0
460	0
461	0
462	0
463	0
464	0
465	0
466	0
467	0
468	0
469	0
470	0
471	0
472	0
473	0
474	0
475	0
476	0
477	0
478	0
479	0
480	0
481	0
482	0
483	0
484	0
485	0
486	0
487	0
488	0
489	0
490	0
491	0
492	0
493	0
494	0
495	0
496	0
497	0
498	0
499	0
500	0
501	0
502	0
503	0
504	0
505	0
506	0
507	0
508	0
509	0
510	0
511	0
512	0
513	0
514	0
515	0
516	0
517	0
518	0
519	0
520	0
521	0
522	0
523	0
524	0
525	0
526	0
527	0
528	0
529	0
530	0
531	0
532	0
533	0
534	0
535	0
536	0
537	0
538	0
539	0
540	0
541	0
542	0
543	0
544	0
545	0
546	0
547	0
548	0
549	0
550	0
551	0
552	0
553	0
554	0
555	0
556	0
557	0
558	0
559	0
560	0
561	0
562	0
563	0
564	0
565	0
566	0
567	0
568	0
569	0
570	0
571	0
572	0
573	0
574	0
575	0
576	0
577	0
578	0
579	0
580	0
581	0
582	0
583	0
584	0
585	0
586	0
587	0
588	0
589	0
590	0
591	0
592	0
593	0
594	0
595	0
596	0
597	0
598	0
599	0
600	0
601	0
602	0
603	0
604	0
605	0
606	0
607	0
608	0
609	0
610	0
611	0
612	0
613	0
614	0
615	0
616	0
617	0
618	0
619	0
620	0
621	0
622	0
623	0
624	0
625	0
626	0
627	0
628	0
629	0
630	0
631	0
632	0
633	0
634	0
635	0
636	0
637	0
638	0
639	0
640	0
641	0
642	0
643	0
644	0
645	0
646	0
647	0
648	0
649	0
650	0
651	0
652	0
653	0
654	0
655	0
656	0
657	0
658	0
659	0
660	0
661	0
662	0
663	0
664	0
665	0
666	0
667	0
668	0
669	0
670	0
671	0
672	0
673	0
674	0
675	0
676	0
677	0
678	0
679	0
680	0
681	0
682	0
683	0
684	0
685	0
686	0
687	0
688	0
689	0
690	0
691	0
692	0
693	0
694	0
695	0
696	0
697	0
698	0
699	0
700	0
701	0
702	0
703	0
704	0
705	0
706	0
707	0
708	0
709	0
710	0
711	0
712	0
713	0
714	0
715	0
716	0
717	0
718	0
719	0
720	0
721	0
722	0
723	0
724	0
725	0
726	0
727	0
728	0
729	0
730	0
731	0
732	0
733	0
734	0
735	0
736	0
737	0
738	0
739	0
740	0
741	0
742	0
743	0
744	0
745	0
746	0
747	0
748	0
749	0
750	0
751	0
752	0
753	0
754	0
755	0
756	0
757	0
758	0
759	0
760	0
761	0
762	0
763	0
764	0
765	0
766	0
767	0
768	0
769	0
770	0
771	0
772	0
773	0
774	0
775	0
776	0
777	0
778	0
779	0
780	0
781	0
782	0
783	0
784	0
785	0
786	0
787	0
788	0
789	0
790	0
791	0
792	0
793	0
794	0
795	0
796	0
797	0
798	0
799	0
800	0
801	0
802	0
803	0
804	0
805	0
806	0
807	0
808	0
809	0
810	0
811	0
812	0
813	0
814	0
815	0
816	0
817	0
818	0
819	0
820	0
821	0
822	0
823	0
824	0
825	0
826	0
827	0
828	0
829	0
830	0
831	0
832	0
833	0
834	0
835	0
836	0
837	0
838	0
839	0
840	0
841	0
842	0
843	0
844	0
845	0
846	0
847	0
848	0
849	0
850	0
851	0
852	0
853	0
854	0
855	0
856	0
857	0
858	0
859	0
860	0
861	0
862	0
863	0
864	0
865	0
866	0
867	0
868	0
869	0
870	0
871	0
872	0
873	0
874	0
875	0
876	0
877	0
878	0
879	0
880	0
881	0
882	0
883	0
884	0
885	0
886	0
887	0
888	0
889	0
890	0
891	0
892	0
893	0
894	0
895	0
896	0
897	0
898	0
899	0
900	0
901	0
902	0
903	0
904	0
905	0
906	0
907	0
908	0
909	0
910	0
911	0
912	0
913	0
914	0
915	0
916	0
917	0
918	0
919	0
920	0
921	0
922	0
923	0
924	0
925	0
926	0
927	0
928	0
929	0
930	0
931	0
932	0
933	0
934	0
935	0
936	0
937	0
938	0
939	0
940	0
941	0
942	0
943	0
944	0
945	0
946	0
947	0
948	0
949	0
950	0
951	0
952	0
953	0
954	0
955	0
956	0
957	0
958	0
959	0
960	0
961	0
962	0
963	0
964	0
965	0
966	0
967	0
968	0
969	0
970	0
971	0
972	0
973	0
974	0
975	0
976	0
977	0
978	0
979	0
980	0
981	0
982	0
983	0
984	0
985	0
986	0
987	0
988	0
989	0
990	0
991	0
992	0
993	0
994	0
995	0
996	0
997	0
998	0
999	0
1000	0
1001	0
1002	0
1003	0
1004	0
1005	0
1006	0
1007	0
1008	0
1009	0
1010	0
1011	0
1012	0
1013	0
1014	0
1015	0
1016	0
1017	0
1018	0
1019	0
1020	0
1021	0
1022	0
1023	0
1024	0
1025	0
1026	0
1027	0
1028	0
1029	0
1030	0
1031	0
1032	0
1033	0
1034	0
1035	0
1036	0
1037	0
1038	0
1039	0
1040	0
1041	0
1042	0
1043	0
1044	0
1045	0
1046	0
1047	0
1048	0
1049	0
1050	0
1051	0
1052	0
1053	0
1054	0
1055	0
1056	0
1057	0
1058	0
1059	0
1060	0
1061	0
1062	0
1063	0
1064	0
1065	0
1066	0
1067	0
1068	0
1069	0
1070	0
1071	0
1072	0
1073	0
1074	0
1075	0
1076	0
1077	0
1078	0
1079	0
1080	0
1081	0
1082	0
1083	0
1084	0
1085	0
1086	0
1087	0
1088	0
1089	0
1090	0
1091	0
1092	0
1093	0
1094	0
1095	0
1096	0
1097	0
1098	0
1099	0
1100	0
1101	0
1102	0
1103	0
1104	0
1105	0
1106	0
1107	0
1108	0
1109	0
1110	0
1111	0
1112	0
1113	0
1114	0
1115	0
1116	0
1117	0
1118	0
1119	0
1120	0
1121	0
1122	0
1123	0
1124	0
1125	0
1126	0
1127	0
1128	0
1129	0
1130	0
1131	0
1132	0
1133	0
1134	0
1135	0
1136	0
1137	0
1138	0
1139	0
1140	0
1141	0
1142	0
1143	0
1144	0
1145	0
1146	0
1147	0
1148	0
1149	0
1150	0
1151	0
1152	0
1153	0
1154	0
1155	0
1156	0
1157	0
1158	0
1159	0
1160	0
1161	0
1162	0
1163	0
1164	0
1165	0
1166	0
1167	0
1168	0
1169	0
1170	0
1171	0
1172	0
1173	0
1174	0
1175	0
1176	0
1177	0
1178	0
1179	0
1180	0
1181	0
1182	0
1183	0
1184	0
1185	0
1186	0
1187	0
1188	0
1189	0
1190	0
1191	0
1192	0
1193	0
1194	0
1195	0
1196	0
1197	0
1198	0
1199	0
1200	0
1201	0
1202	0
1203	0
1204	0
1205	0
1206	0
1207	0
1208	0
1209	0
1210	0
1211	0
1212	0
1213	0
1214	0
1215	0
1216	0
1217	0
1218	0
1219	0
1220	0
1221	0
1222	0
1223	0
1224	0
1225	0
1226	0
1227	0
1228	0
1229	0
1230	0
1231	0
1232	0
1233	0
1234	0
1235	0
1236	0
1237	0
1238	0
1239	0
1240	0
1241	0
1242	0
1243	0
1244	0
1245	0
1246	0
1247	0
1248	0
1249	0
1250	0
1251	0
1252	0
1253	0
1254	0
1255	0
1256	0
1257	0
1258	0
1259	0
1260	0
1261	0
1262	0
1263	0
1264	0
1265	0
1266	0
1267	0
1268	0
1269	0
1270	0
1271	0
1272	0
1273	0
1274	0
1275	0
1276	0
1277	0
1278	0
1279	0
1280	0
1281	0
1282	0
1283	0
1284	0
1285	0
1286	0
1287	0
1288	0
1289	0
1290	0
1291	0
1292	0
1293	0
1294	0
1295	0
1296	0
1297	0
1298	0
1299	0
1300	0
1301	0
1302	0
1303	0
1304	0
1305	0
1306	0
1307	0
1308	0
1309	0
1310	0
1311	0
1312	0
1313	0
1314	0
1315	0
1316	0
1317	0
1318	0
1319	0
1320	0
1321	0
1322	0
1323	0
1324	0
1325	0
1326	0
1327	0
1328	0
1329	0
1330	0
1331	0
1332	0
1333	0
1334	0
1335	0
1336	0
1337	0
1338	0
1339	0
1340	0
1341	0
1342	0
1343	0
1344	0
1345	0
1346	0
1347	0
1348	0
1349	0
1350	0
1351	0
1352	0
1353	0
1354	0
1355	0
1356	0
1357	0
1358	0
1359	0
1360	0
1361	0
1362	0
1363	0
1364	0
1365	0
1366	0
1367	0
1368	0
1369	0
1370	0
1371	0
1372	0
1373	0
1374	0
1375	0
1376	0
1377	0
1378	0
1379	0
1380	0
1381	0
1382	0
1383	0
1384	0
1385	0
1386	0
1387	0
1388	0
1389	0
1390	0
1391	0
1392	0
1393	0
1394	0
1395	0
1396	0
1397	0
1398	0
1399	0
1400	0
1401	0
1402	0
1403	0
1404	0
1405	0
1406	0
1407	0
1408	0
1409	0
1410	0
1411	0
1412	0
1413	0
1414	0
1415	0
1416	0
1417	0
1418	0
1419	0
1420	0
1421	0
1422	0
1423	0
1424	0
1425	0
1426	0
1427	0
1428	0
1429	0
1430	0
1431	0
1432	0
1433	0
1434	0
1435	0
1436	0
1437	0
1438	0
1439	0
1440	0
1441	0
1442	0
1443	0
1444	0
1445	0
1446	0
1447	0
1448	0
1449	0
1450	0
1451	0
1452	0
1453	0
1454	0
1455	0
1456	0
1457	0
1458	0
1459	0
1460	0
1461	0
1462	0
1463	0
1464	0
1465	0
1466	0
1467	0
1468	0
1469	0
1470	0
1471	0
1472	0
1473	0
1474	0
1475	0
1476	0
1477	0
1478	0
1479	0
1480	0
1481	0
1482	0
1483	0
1484	0
1485	0
1486	0
1487	0
1488	0
1489	0
1490	0
1491	0
1492	0
1493	0
1494	0
1495	0
1496	0
1497	0
1498	0
1499	0
1500	0
1501	0
1502	0
1503	0
1504	0
1505	0
1506	0
1507	0
1508	0
1509	0
1510	0
1511	0
1512	0
1513	0
1514	0
1515	0
1516	0
1517	0
1518	0
1519	0
1520	0
1521	0
1522	0
1523	0
1524	0
1525	0
1526	0
1527	0
1528	0
1529	0
1530	0
1531	0
1532	0
1533	0
1534	0
1535	0
1536	0
1537	0
1538	0
1539	0
1540	0
1541	0
1542	0
1543	0
1544	0
1545	0
1546	0
1547	0
1548	0
1549	0
1550	0
1551	0
1552	0
1553	0
1554	0
1555	0
1556	0
1557	0
1558	0
1559	0
1560	0
1561	0
1562	0
1563	0
1564	0
1565	0
1566	0
1567	0
1568	0
1569	0
1570	0
1571	0
1572	0
1573	0
1574	0
1575	0
1576	0
1577	0
1578	0
1579	0
1580	0
1581	0
1582	0
1583	0
1584	0
1585	0
1586	0
1587	0
1588	0
1589	0
1590	0
1591	0
1592	0
1593	0
1594	0
1595	0
1596	0
1597	0
1598	0
1599	0
1600	0
1601	0
1602	0
1603	0
1604	0
1605	0
1606	0
1607	0
1608	0
1609	0
1610	0
1611	0
1612	0
1613	0
1614	0
1615	0
1616	0
1617	0
1618	0
1619	0
1620	0
1621	0
1622	0
1623	0
1624	0
1625	0
1626	0
1627	0
1628	0
1629	0
1630	0
1631	0
1632	0
1633	0
1634	0
1635	0
1636	0
1637	0
1638	0
1639	0
1640	0
1641	0
1642	0
1643	0
1644	0
1645	0
1646	0
1647	0
1648	0
1649	0
1650	0
1651	0
1652	0
1653	0
1654	0
1655	0
1656	0
1657	0
1658	0
1659	0
1660	0
1661	0
1662	0
1663	0
1664	0
1665	0
1666	0
1667	0
1668	0
1669	0
1670	0
1671	0
1672	0
1673	0
1674	0
1675	0
1676	0
1677	0
1678	0
1679	0
1680	0
1681	0
1682	0
1683	0
1684	0
1685	0
1686	0
1687	0
1688	0
1689	0
1690	0
1691	0
1692	0
1693	0
1694	0
1695	0
1696	0
1697	0
1698	0
1699	0
1700	0
1701	0
1702	0
1703	0
1704	0
1705	0
1706	0
1707	0
1708	0
1709	0
1710	0
1711	0
1712	0
1713	0
1714	0
1715	0
1716	0
1717	0
1718	0
1719	0
1720	0
1721	0
1722	0
1723	0
1724	0
1725	0
1726	0
1727	0
1728	0
1729	0
1730	0
1731	0
1732	0
1733	0
1734	0
1735	0
1736	0
1737	0
1738	0
1739	0
1740	0
1741	0
1742	0
1743	0
1744	0
1745	0
1746	0
1747	0
1748	0
1749	0
1750	0
1751	0
1752	0
1753	0
1754	0
1755	0
1756	0
1757	0
1758	0
1759	0
1760	0
1761	0
1762	0
1763	0
1764	0
1765	0
1766	0
1767	0
1768	0
1769	0
1770	0
1771	0
1772	0
1773	0
1774	0
1775	0
1776	0
1777	0
1778	0
1779	0
1780	0
1781	0
1782	0
1783	0
1784	0
1785	0
1786	0
1787	0
1788	0
1789	0
1790	0
1791	0
1792	0
1793	0
1794	0
1795	0
1796	0
1797	0
1798	0
1799	0
1800	0
1801	0
1802	0
1803	0
1804	0
1805	0
1806	0
1807	0
1808	0
1809	0
1810	0
1811	0
1812	0
1813	0
1814	0
1815	0
1816	0
1817	0
1818	0
1819	0
1820	0
1821	0
1822	0
1823	0
1824	0
1825	0
1826	0
1827	0
1828	0
1829	0
1830	0
1831	0
1832	0
1833	0
1834	0
1835	0
1836	0
1837	0
1838	0
1839	0
1840	0
1841	0
1842	0
1843	0
1844	0
1845	0
1846	0
1847	0
1848	0
1849	0
1850	0
1851	0
1852	0
1853	0
1854	0
1855	0
1856	0
1857	0
1858	0
1859	0
1860	0
1861	0
1862	0
1863	0
1864	0
1865	0
1866	0
1867	0
1868	0
1869	0
1870	0
1871	0
1872	0
1873	0
1874	0
1875	0
1876	0
1877	0
1878	0
1879	0
1880	0
1881	0
1882	0
1883	0
1884	0
1885	0
1886	0
1887	0
1888	0
1889	0
1890	0
1891	0
1892	0
1893	0
1894	0
1895	0
1896	0
1897	0
1898	0
1899	0
1900	0
1901	0
1902	0
1903	0
1904	0
1905	0
1906	0
1907	0
1908	0
1909	0
1910	0
1911	0
1912	0
1913	0
1914	0
1915	0
1916	0
1917	0
1918	0
1919	0
1920	0
1921	0
1922	0
1923	0
1924	0
1925	0
1926	0
1927	0
1928	0
1929	0
1930	0
1931	0
1932	0
1933	0
1934	0
1935	0
1936	0
1937	0
1938	0
1939	0
1940	0
1941	0
1942	0
1943	0
1944	0
1945	0
1946	0
1947	0
1948	0
1949	0
1950	0
1951	0
1952	0
1953	0
1954	0
1955	0
1956	0
1957	0
1958	0
1959	0
1960	0
1961	0
1962	0
1963	0
1964	0
1965	0
1966	0
1967	0
1968	0
1969	0
1970	0
1971	0
1972	0
1973	0
1974	0
1975	0
1976	0
1977	0
1978	0
1979	0
1980	0
1981	0
1982	0
1983	0
1984	0
1985	0
1986	0
1987	0
1988	0
1989	1
1990	1
1991	1
1992	1
1993	1
1994	1
1995	1
1996	1
1997	1
1998	1
1999	1
2000	1
2001	1
2002	1
2003	1
2004	1
2005	1
2006	1
2007	1
2008	1
2009	1
2010	1
2011	1
2012	1
2013	1
2014	1
2015	1
2016	1
2017	1
2018	1
2019	1
2020	1
2021	1
2022	1
2023	1
2024	1
2025	1
2026	1
2027	1
2028	1
2029	1
2030	1
2031	1
2032	1
2033	1
2034	1
2035	1
2036	1
2037	1
2038	1
2039	1
2040	1
2041	1
2042	1
2043	1
2044	1
2045	1
2046	1
2047	1
2048	1
2049	1
2050	1
2051	1
2052	1
2053	1
2054	1
2055	1
2056	1
2057	1
2058	1
2059	1
2060	1
2061	1
2062	1
2063	1
2064	1
2065	1
2066	1
2067	1
2068	1
2069	1
2070	1
2071	1
2072	1
2073	1
2074	1
2075	1
2076	1
2077	1
2078	1
2079	1
2080	1
2081	1
2082	1
2083	1
2084	1
2085	1
2086	1
2087	1
2088	1
2089	1
2090	1
2091	1
2092	1
2093	1
2094	1
2095	1
2096	1
2097	1
2098	1
2099	1
2100	1
2101	1
2102	1
2103	1
2104	1
2105	1
2106	1
2107	1
2108	1
2109	1
2110	1
2111	1
2112	1
2113	1
2114	1
2115	1
2116	1
2117	1
2118	1
2119	1
2120	1
2121	1
2122	1
2123	1
2124	1
2125	1
2126	1
2127	1
2128	1
2129	1
2130	1
2131	1
2132	1
2133	1
2134	1
2135	1
2136	1
2137	1
2138	1
2139	1
2140	1
2141	1
2142	1
2143	1
2144	1
2145	1
2146	1
2147	1
2148	1
2149	1
2150	1
2151	1
2152	1
2153	1
2154	1
2155	1
2156	1
2157	1
2158	1
2159	1
2160	1
2161	1
2162	1
2163	1
2164	1
2165	1
2166	1
2167	1
2168	1
2169	1
2170	1
2171	1
2172	1
2173	1
2174	1
2175	1
2176	1
2177	1
2178	1
2179	1
2180	1
2181	1
2182	1
2183	1
2184	1
2185	1
2186	1
2187	1
2188	1
2189	1
2190	1
2191	1
2192	1
2193	1
2194	1
2195	1
2196	1
2197	1
2198	1
2199	1
2200	1
2201	1
2202	1
2203	1
2204	1
2205	1
2206	1
2207	1
2208	1
2209	1
2210	1
2211	1
2212	1
2213	1
2214	1
2215	1
2216	1
2217	1
2218	1
2219	1
2220	1
2221	1
2222	1
2223	1
2224	1
2225	1
2226	1
2227	1
2228	1
2229	1
2230	1
2231	1
2232	1
2233	1
2234	1
2235	1
2236	1
2237	1
2238	1
2239	1
2240	1
2241	1
2242	1
2243	1
2244	1
2245	1
2246	1
2247	1
2248	1
2249	1
2250	1
2251	1
2252	1
2253	1
2254	1
2255	1
2256	1
2257	1
2258	1
2259	1
2260	1
2261	1
2262	1
2263	1
2264	1
2265	1
2266	1
2267	1
2268	1
2269	1
2270	1
2271	1
2272	1
2273	1
2274	1
2275	1
2276	1
2277	1
2278	1
2279	1
2280	1
2281	1
2282	1
2283	1
2284	1
2285	1
2286	1
2287	1
2288	1
2289	1
2290	1
2291	1
2292	1
2293	1
2294	1
2295	1
2296	1
2297	1
2298	1
2299	1
2300	1
2301	1
2302	1
2303	1
2304	1
2305	1
2306	1
2307	1
2308	1
2309	1
2310	1
2311	1
2312	1
2313	1
2314	1
2315	1
2316	1
2317	1
2318	1
2319	1
2320	1
2321	1
2322	1
2323	1
2324	1
2325	1
2326	1
2327	1
2328	1
2329	1
2330	1
2331	1
2332	1
2333	1
2334	1
2335	1
2336	1
2337	1
2338	1
2339	1
2340	1
2341	1
2342	1
2343	1
2344	1
2345	1
2346	1
2347	1
2348	1
2349	1
2350	1
2351	1
2352	1
2353	1
2354	1
2355	1
2356	1
2357	1
2358	1
2359	1
2360	1
2361	1
2362	1
2363	1
2364	1
2365	1
2366	1
2367	1
2368	1
2369	1
2370	1
2371	1
2372	1
2373	1
2374	1
2375	1
2376	1
2377	1
2378	1
2379	1
2380	1
2381	1
2382	1
2383	1
2384	1
2385	1
2386	1
2387	1
2388	1
2389	1
2390	1
2391	1
2392	1
2393	1
2394	1
2395	1
2396	1
2397	1
2398	1
2399	1
2400	1
2401	1
2402	1
2403	1
2404	1
2405	1
2406	1
2407	1
2408	1
2409	1
2410	1
2411	1
2412	1
2413	1
2414	1
2415	1
2416	1
2417	1
2418	1
2419	1
2420	1
2421	1
2422	1
2423	1
2424	1
2425	1
2426	1
2427	1
2428	1
2429	1
2430	1
2431	1
2432	1
2433	1
2434	1
2435	1
2436	1
2437	1
2438	1
2439	1
2440	1
2441	1
2442	1
2443	1
2444	1
2445	1
2446	1
2447	1
2448	1
2449	1
2450	1
2451	1
2452	1
2453	1
2454	1
2455	1
2456	1
2457	1
2458	1
2459	1
2460	1
2461	1
2462	1
2463	1
2464	1
2465	1
2466	1
2467	1
2468	1
2469	1
2470	1
2471	1
2472	1
2473	1
2474	1
2475	1
2476	1
2477	1
2478	1
2479	1
2480	1
2481	1
2482	1
2483	1
2484	1
2485	1
2486	1
2487	1
2488	1
2489	1
2490	1
2491	1
2492	1
2493	1
2494	1
2495	1
2496	1
2497	1
2498	1
2499	1
2500	1
2501	1
2502	1
2503	1
2504	1
2505	1
2506	1
2507	1
2508	1
2509	1
2510	1
2511	1
2512	1
2513	1
2514	1
2515	1
2516	1
2517	1
2518	1
2519	1
2520	1
2521	1
2522	1
2523	1
2524	1
2525	1
2526	1
2527	1
2528	1
2529	1
2530	1
2531	1
2532	1
2533	1
2534	1
2535	1
2536	1
2537	1
2538	1
2539	1
2540	1
2541	1
2542	1
2543	1
2544	1
2545	1
2546	1
2547	1
2548	1
2549	1
2550	1
2551	1
2552	1
2553	1
2554	1
2555	1
2556	1
2557	1
2558	1
2559	1
2560	1
2561	1
2562	1
2563	1
2564	1
2565	1
2566	1
2567	1
2568	1
2569	1
2570	1
2571	1
2572	1
2573	1
2574	1
2575	1
2576	1
2577	1
2578	1
2579	1
2580	1
2581	1
2582	1
2583	1
2584	1
2585	1
2586	1
2587	1
2588	1
2589	1
2590	1
2591	1
2592	1
2593	1
2594	1
2595	1
2596	1
2597	1
2598	1
2599	1
2600	1
2601	1
2602	1
2603	1
2604	1
2605	1
2606	1
2607	1
2608	1
2609	1
2610	1
2611	1
2612	1
2613	1
2614	1
2615	1
2616	1
2617	1
2618	1
2619	1
2620	1
2621	1
2622	1
2623	1
2624	1
2625	1
2626	1
2627	1
2628	1
2629	1
2630	1
2631	1
2632	1
2633	1
2634	1
2635	1
2636	1
2637	1
2638	1
2639	1
2640	1
2641	1
2642	1
2643	1
2644	1
2645	1
2646	1
2647	1
2648	1
2649	1
2650	1
2651	1
2652	1
2653	1
2654	1
2655	1
2656	1
2657	1
2658	1
2659	1
2660	1
2661	1
2662	1
2663	1
2664	1
2665	1
2666	1
2667	1
2668	1
2669	1
2670	1
2671	1
2672	1
2673	1
2674	1
2675	1
2676	1
2677	1
2678	1
2679	1
2680	1
2681	1
2682	1
2683	1
2684	1
2685	1
2686	1
2687	1
2688	1
2689	1
2690	1
2691	1
2692	1
2693	1
2694	1
2695	1
2696	1
2697	1
2698	1
2699	1
2700	1
2701	1
2702	1
2703	1
2704	1
2705	1
2706	1
2707	1
2708	1
2709	1
2710	1
2711	1
2712	1
2713	1
2714	1
2715	1
2716	1
2717	1
2718	1
2719	1
2720	1
2721	1
2722	1
2723	1
2724	1
2725	1
2726	1
2727	1
2728	1
2729	1
2730	1
2731	1
2732	1
2733	1
2734	1
2735	1
2736	1
2737	1
2738	1
2739	1
2740	1
2741	1
2742	1
2743	1
2744	1
2745	1
2746	1
2747	1
2748	1
2749	1
2750	1
2751	1
2752	1
2753	1
2754	1
2755	1
2756	1
2757	1
2758	1
2759	1
2760	1
2761	1
2762	1
2763	1
2764	1
2765	1
2766	1
2767	1
2768	1
2769	1
2770	1
2771	1
2772	1
2773	1
2774	1
2775	1
2776	1
2777	1
2778	1
2779	1
2780	1
2781	1
2782	1
2783	1
2784	1
2785	1
2786	1
2787	1
2788	1
2789	1
2790	1
2791	1
2792	1
2793	1
2794	1
2795	1
2796	1
2797	1
2798	1
2799	1
2800	1
2801	1
2802	1
2803	1
2804	1
2805	1
2806	1
2807	1
2808	1
2809	1
2810	1
2811	1
2812	1
2813	1
2814	1
2815	1
2816	1
2817	1
2818	1
2819	1
2820	1
2821	1
2822	1
2823	1
2824	1
2825	1
2826	1
2827	1
2828	1
2829	1
2830	1
2831	1
2832	1
2833	1
2834	1
2835	1
2836	1
2837	1
2838	1
2839	1
2840	1
2841	1
2842	1
2843	1
2844	1
2845	1
2846	1
2847	1
2848	1
2849	1
2850	1
2851	1
2852	1
2853	1
2854	1
2855	1
2856	1
2857	1
2858	1
2859	1
2860	1
2861	1
2862	1
2863	1
2864	1
2865	1
2866	1
2867	1
2868	1
2869	1
2870	1
2871	1
2872	1
2873	1
2874	1
2875	1
2876	1
2877	1
2878	1
2879	1
2880	1
2881	1
2882	1
2883	1
2884	1
2885	1
2886	1
2887	1
2888	1
2889	1
2890	1
2891	1
2892	1
2893	1
2894	1
2895	1
2896	1
2897	1
2898	1
2899	1
2900	1
2901	1
2902	1
2903	1
2904	1
2905	1
2906	1
2907	1
2908	1
2909	1
2910	1
2911	1
2912	1
2913	1
2914	1
2915	1
2916	1
2917	1
2918	1
2919	1
2920	1
2921	1
2922	1
2923	1
2924	1
2925	1
2926	1
2927	1
2928	1
2929	1
2930	1
2931	1
2932	1
2933	1
2934	1
2935	1
2936	1
2937	1
2938	1
2939	1
2940	1
2941	1
2942	1
2943	1
2944	1
2945	1
2946	1
2947	1
2948	1
2949	1
2950	1
2951	1
2952	1
2953	1
2954	1
2955	1
2956	1
2957	1
2958	1
2959	1
2960	1
2961	1
2962	1
2963	1
2964	1
2965	1
2966	1
2967	1
2968	1
2969	1
2970	1
2971	1
2972	1
2973	1
2974	1
2975	1
2976	1
2977	1
2978	1
2979	1
2980	1
2981	1
2982	1
2983	1
2984	1
2985	1
2986	1
2987	1
2988	1
2989	1
2990	1
2991	1
2992	1
2993	1
2994	1
2995	1
2996	1
2997	1
2998	1
2999	1
3000	1
3001	1
3002	1
3003	1
3004	1
3005	1
3006	1
3007	1
3008	1
3009	1
3010	1
3011	1
3012	1
3013	1
3014	1
3015	1
3016	1
3017	1
3018	1
3019	1
3020	1
3021	1
3022	1
3023	1
3024	1
3025	1
3026	1
3027	1
3028	1
3029	1
3030	1
3031	1
3032	1
3033	1
3034	1
3035	1
3036	1
3037	1
3038	1
3039	1
3040	1
3041	1
3042	1
3043	1
3044	1
3045	1
3046	1
3047	1
3048	1
3049	1
3050	1
3051	1
3052	1
3053	1
3054	1
3055	1
3056	1
3057	1
3058	1
3059	1
3060	1
3061	1
3062	1
3063	1
3064	1
3065	1
3066	1
3067	1
3068	1
3069	1
3070	1
3071	1
3072	1
3073	1
3074	1
3075	1
3076	1
3077	1
3078	1
3079	1
3080	1
3081	1
3082	1
3083	1
3084	1
3085	1
3086	1
3087	1
3088	1
3089	1
3090	1
3091	1
3092	1
3093	1
3094	1
3095	1
3096	1
3097	1
3098	1
3099	1
3100	1
3101	1
3102	1
3103	1
3104	1
3105	1
3106	1
3107	1
3108	1
3109	1
3110	1
3111	1
3112	1
3113	1
3114	1
3115	1
3116	1
3117	1
3118	1
3119	1
3120	1
3121	1
3122	1
3123	1
3124	1
3125	1
3126	1
3127	1
3128	1
3129	1
3130	1
3131	1
3132	1
3133	1
3134	1
3135	1
3136	1
3137	1
3138	1
3139	1
3140	1
3141	1
3142	1
3143	1
3144	1
3145	1
3146	1
3147	1
3148	1
3149	1
3150	1
3151	1
3152	1
3153	1
3154	1
3155	1
3156	1
3157	1
3158	1
3159	1
3160	1
3161	1
3162	1
3163	1
3164	1
3165	1
3166	1
3167	1
3168	1
3169	1
3170	1
3171	1
3172	1
3173	1
3174	1
3175	1
3176	1
3177	1
3178	1
3179	1
3180	1
3181	1
3182	1
3183	1
3184	1
3185	1
3186	1
3187	1
3188	1
3189	1
3190	1
3191	1
3192	1
3193	1
3194	1
3195	1
3196	1
3197	1
3198	1
3199	1
3200	1
3201	1
3202	1
3203	1
3204	1
3205	1
3206	1
3207	1
3208	1
3209	1
3210	1
3211	1
3212	1
3213	1
3214	1
3215	1
3216	1
3217	1
3218	1
3219	1
3220	1
3221	1
3222	2
3223	2
3224	2
3225	2
3226	2
3227	2
3228	2
3229	2
3230	2
3231	2
3232	2
3233	2
3234	2
3235	2
3236	2
3237	2
3238	2
3239	2
3240	2
3241	2
3242	2
3243	2
3244	2
3245	2
3246	2
3247	2
3248	2
3249	2
3250	2
3251	2
3252	2
3253	2
3254	2
3255	2
3256	2
3257	2
3258	2
3259	2
3260	2
3261	2
3262	2
3263	2
3264	2
3265	2
3266	2
3267	2
3268	2
3269	2
3270	2
3271	2
3272	2
3273	2
3274	2
3275	2
3276	2
3277	2
3278	2
3279	2
3280	2
3281	2
3282	2
3283	2
3284	2
3285	2
3286	2
3287	2
3288	2
3289	2
3290	2
3291	2
3292	2
3293	2
3294	2
3295	2
3296	2
3297	2
3298	2
3299	2
3300	2
3301	2
3302	2
3303	2
3304	2
3305	2
3306	2
3307	2
3308	2
3309	2
3310	2
3311	2
3312	2
3313	2
3314	2
3315	2
3316	2
3317	2
3318	2
3319	2
3320	2
3321	2
3322	2
3323	2
3324	2
3325	2
3326	2
3327	2
3328	2
3329	2
3330	2
3331	2
3332	2
3333	2
3334	2
3335	2
3336	2
3337	2
3338	2
3339	2
3340	2
3341	2
3342	2
3343	2
3344	2
3345	2
3346	2
3347	2
3348	2
3349	2
3350	2
3351	2
3352	2
3353	2
3354	2
3355	2
3356	2
3357	2
3358	2
3359	2
3360	2
3361	2
3362	2
3363	2
3364	2
3365	2
3366	2
3367	2
3368	2
3369	2
3370	2
3371	2
3372	2
3373	2
3374	2
3375	2
3376	2
3377	2
3378	2
3379	2
3380	2
3381	2
3382	2
3383	2
3384	2
3385	2
3386	2
3387	2
3388	2
3389	2
3390	2
3391	2
3392	2
3393	2
3394	2
3395	2
3396	2
3397	2
3398	2
3399	2
3400	2
3401	2
3402	2
3403	2
3404	2
3405	2
3406	2
3407	2
3408	2
3409	2
3410	2
3411	2
3412	2
3413	2
3414	2
3415	2
3416	2
3417	2
3418	2
3419	2
3420	2
3421	2
3422	2
3423	2
3424	2
3425	2
3426	2
3427	2
3428	2
3429	2
3430	2
3431	2
3432	2
3433	2
3434	2
3435	2
3436	2
3437	2
3438	2
3439	2
3440	2
3441	2
3442	2
3443	2
3444	2
3445	2
3446	2
3447	2
3448	2
3449	2
3450	2
3451	2
3452	2
3453	2
3454	2
3455	2
3456	2
3457	2
3458	2
3459	2
3460	2
3461	2
3462	2
3463	2
3464	2
3465	2
3466	2
3467	2
3468	2
3469	2
3470	2
3471	2
3472	2
3473	2
3474	2
3475	2
3476	2
3477	2
3478	2
3479	2
3480	2
3481	2
3482	2
3483	2
3484	2
3485	2
3486	2
3487	2
3488	2
3489	2
3490	2
3491	2
3492	2
3493	2
3494	2
3495	2
3496	2
3497	2
3498	2
3499	2
3500	2
3501	2
3502	2
3503	2
3504	2
3505	2
3506	2
3507	2
3508	2
3509	2
3510	2
3511	2
3512	2
3513	2
3514	2
3515	2
3516	2
3517	2
3518	2
3519	2
3520	2
3521	2
3522	2
3523	2
3524	2
3525	2
3526	2
3527	2
3528	2
3529	2
3530	2
3531	2
3532	2
3533	2
3534	2
3535	2
3536	2
3537	2
3538	2
3539	2
3540	2
3541	2
3542	2
3543	2
3544	2
3545	2
3546	2
3547	2
3548	2
3549	2
3550	2
3551	2
3552	2
3553	2
3554	2
3555	2
3556	2
3557	2
3558	2
3559	2
3560	2
3561	2
3562	2
3563	2
3564	2
3565	2
3566	2
3567	2
3568	2
3569	2
3570	2
3571	2
3572	2
3573	2
3574	2
3575	2
3576	2
3577	2
3578	2
3579	2
3580	2
3581	2
3582	2
3583	2
3584	2
3585	2
3586	2
3587	2
3588	2
3589	2
3590	2
3591	2
3592	2
3593	2
3594	2
3595	2
3596	2
3597	2
3598	2
3599	2
3600	2
3601	2
3602	2
3603	2
3604	2
3605	2
3606	2
3607	2
3608	2
3609	2
3610	2
3611	2
3612	2
3613	2
3614	2
3615	2
3616	2
3617	2
3618	2
3619	2
3620	2
3621	2
3622	2
3623	2
3624	2
3625	2
3626	2
3627	2
3628	2
3629	2
3630	2
3631	2
3632	2
3633	2
3634	2
3635	2
3636	2
3637	2
3638	2
3639	2
3640	2
3641	2
3642	2
3643	2
3644	2
3645	2
3646	2
3647	2
3648	2
3649	2
3650	2
3651	2
3652	2
3653	2
3654	2
3655	2
3656	2
3657	2
3658	2
3659	2
3660	2
3661	2
3662	2
3663	2
3664	2
3665	2
3666	2
3667	2
3668	2
3669	2
3670	2
3671	2
3672	2
3673	2
3674	2
3675	2
3676	2
3677	2
3678	2
3679	2
3680	2
3681	2
3682	2
3683	2
3684	2
3685	2
3686	2
3687	2
3688	2
3689	2
3690	2
3691	2
3692	2
3693	2
3694	2
3695	2
3696	2
3697	2
3698	2
3699	2
3700	2
3701	2
3702	2
3703	2
3704	2
3705	2
3706	2
3707	2
3708	2
3709	2
3710	2
3711	2
3712	2
3713	2
3714	2
3715	2
3716	2
3717	2
3718	2
3719	2
3720	2
3721	2
3722	2
3723	2
3724	2
3725	2
3726	2
3727	2
3728	2
3729	2
3730	2
3731	2
3732	2
3733	2
3734	2
3735	2
3736	2
3737	2
3738	2
3739	2
3740	2
3741	2
3742	2
3743	2
3744	2
3745	2
3746	2
3747	2
3748	2
3749	2
3750	2
3751	2
3752	2
3753	2
3754	2
3755	2
3756	2
3757	2
3758	2
3759	2
3760	2
3761	2
3762	2
3763	2
3764	2
3765	2
3766	2
3767	2
3768	2
3769	2
3770	2
3771	2
3772	2
3773	2
3774	2
3775	2
3776	2
3777	2
3778	2
3779	2
3780	2
3781	2
3782	2
3783	2
3784	2
3785	2
3786	2
3787	2
3788	2
3789	2
3790	2
3791	2
3792	2
3793	2
3794	2
3795	2
3796	2
3797	2
3798	2
3799	2
3800	2
3801	2
3802	2
3803	2
3804	2
3805	2
3806	3
3807	3
3808	3
3809	3
3810	3
3811	3
3812	3
3813	3
3814	3
3815	3
3816	3
3817	3
3818	3
3819	3
3820	3
3821	3
3822	3
3823	3
3824	3
3825	3
3826	3
3827	3
3828	3
3829	3
3830	3
3831	3
3832	3
3833	3
3834	3
3835	3
3836	3
3837	3
3838	3
3839	3
3840	3
3841	3
3842	3
3843	3
3844	3
3845	3
3846	3
3847	3
3848	3
3849	3
3850	3
3851	3
3852	3
3853	3
3854	3
3855	3
3856	3
3857	3
3858	3
3859	3
3860	3
3861	3
3862	3
3863	3
3864	3
3865	3
3866	3
3867	3
3868	3
3869	3
3870	3
3871	3
3872	3
3873	3
3874	3
3875	3
3876	3
3877	3
3878	3
3879	3
3880	3
3881	3
3882	3
3883	3
3884	3
3885	3
3886	3
3887	3
3888	3
3889	3
3890	3
3891	3
3892	3
3893	3
3894	3
3895	3
3896	3
3897	3
3898	3
3899	3
3900	3
3901	3
3902	3
3903	3
3904	3
3905	3
3906	3
3907	3
3908	3
3909	3
3910	3
3911	3
3912	3
3913	3
3914	3
3915	3
3916	3
3917	3
3918	3
3919	3
3920	3
3921	3
3922	3
3923	3
3924	3
3925	3
3926	3
3927	3
3928	3
3929	3
3930	3
3931	3
3932	3
3933	3
3934	3
3935	3
3936	3
3937	3
3938	3
3939	3
3940	3
3941	3
3942	3
3943	3
3944	3
3945	3
3946	3
3947	3
3948	3
3949	3
3950	3
3951	3
3952	3
3953	3
3954	3
3955	3
3956	3
3957	3
3958	3
3959	3
3960	3
3961	3
3962	3
3963	3
3964	3
3965	3
3966	3
3967	3
3968	3
3969	3
3970	3
3971	3
3972	3
3973	3
3974	3
3975	3
3976	3
3977	3
3978	3
3979	3
3980	3
3981	3
3982	3
3983	3
3984	3
3985	3
3986	3
3987	3
3988	3
3989	3
3990	3
3991	3
3992	3
3993	3
3994	3
3995	3
3996	3
3997	3
3998	3
3999	3
4000	3
4001	3
4002	3
4003	3
4004	3
4005	3
4006	3
4007	3
4008	3
4009	3
4010	3
4011	3
4012	3
4013	3
4014	3
4015	3
4016	3
4017	3
4018	3
4019	3
4020	3
4021	3
4022	3
4023	3
4024	3
4025	3
4026	3
4027	3
4028	3
4029	3
4030	3
4031	3
4032	3
4033	3
4034	3
4035	3
4036	3
4037	3
4038	3
4039	3
4040	3
4041	3
4042	3
4043	3
4044	3
4045	3
4046	3
4047	3
4048	3
4049	3
4050	3
4051	3
4052	3
4053	3
4054	3
4055	3
4056	3
4057	3
4058	3
4059	3
4060	3
4061	3
4062	3
4063	3
4064	3
4065	3
4066	3
4067	3
4068	3
4069	3
4070	3
4071	3
4072	3
4073	3
4074	3
4075	3
4076	3
4077	3
4078	3
4079	3
4080	3
4081	3
4082	3
4083	3
4084	3
4085	3
4086	3
4087	3
4088	3
4089	3
4090	3
4091	3
4092	3
4093	3
4094	3
4095	3
4096	3
4097	3
4098	3
4099	3
4100	3
4101	3
4102	3
4103	3
4104	3
4105	3
4106	3
4107	3
4108	3
4109	3
4110	3
4111	3
4112	3
4113	3
4114	3
4115	3
4116	3
4117	3
4118	3
4119	3
4120	3
4121	3
4122	3
4123	3
4124	3
4125	3
4126	3
4127	3
4128	3
4129	3
4130	3
4131	3
4132	3
4133	3
4134	3
4135	3
4136	3
4137	3
4138	3
4139	3
4140	3
4141	3
4142	3
4143	3
4144	3
4145	3
4146	3
4147	3
4148	3
4149	3
4150	3
4151	3
4152	3
4153	3
4154	3
4155	3
4156	3
4157	3
4158	3
4159	3
4160	3
4161	3
4162	3
4163	3
4164	3
4165	3
4166	3
4167	3
4168	3
4169	3
4170	3
4171	3
4172	3
4173	3
4174	3
4175	3
4176	3
4177	3
4178	3
4179	3
4180	3
4181	3
4182	3
4183	3
4184	3
4185	3
4186	3
4187	3
4188	3
4189	3
4190	3
4191	3
4192	3
4193	3
4194	3
4195	3
4196	3
4197	3
4198	3
4199	3
4200	3
4201	3
4202	3
4203	3
4204	3
4205	3
4206	3
4207	3
4208	3
4209	3
4210	3
4211	3
4212	3
4213	3
4214	3
4215	3
4216	3
4217	3
4218	3
4219	3
4220	3
4221	3
4222	3
4223	3
4224	3
4225	3
4226	3
4227	3
4228	3
4229	3
4230	3
4231	3
4232	3
4233	3
4234	3
4235	3
4236	3
4237	3
4238	3
4239	3
4240	3
4241	3
4242	3
4243	3
4244	3
4245	3
4246	3
4247	3
4248	3
4249	3
4250	3
4251	3
4252	3
4253	3
4254	3
4255	3
4256	3
4257	3
4258	3
4259	3
4260	3
4261	3
4262	3
4263	3
4264	3
4265	3
4266	3
4267	3
4268	3
4269	3
4270	3
4271	3
4272	3
4273	3
4274	4
4275	4
4276	4
4277	4
4278	4
4279	4
4280	4
4281	4
4282	4
4283	4
4284	4
4285	4
4286	4
4287	4
4288	4
4289	4
4290	4
4291	4
4292	4
4293	4
4294	4
4295	4
4296	4
4297	4
4298	4
4299	4
4300	4
4301	4
4302	4
4303	4
4304	4
4305	4
4306	4
4307	4
4308	4
4309	4
4310	4
4311	4
4312	4
4313	4
4314	4
4315	4
4316	4
4317	4
4318	4
4319	4
4320	4
4321	4
4322	4
4323	4
4324	4
4325	4
4326	4
4327	4
4328	4
4329	4
4330	4
4331	4
4332	4
4333	4
4334	5
4335	5
4336	5
4337	5
4338	5
4339	5
4340	5
4341	5
4342	5
4343	5
4344	5
4345	5
4346	5
4347	5
4348	5
4349	5
4350	5
4351	5
4352	5
4353	5
4354	5
4355	5
4356	5
4357	5
4358	5
4359	5
4360	5
4361	5
4362	5
4363	5
4364	5
4365	5
4366	5
4367	5
4368	5
4369	5
4370	5
4371	5
4372	5
4373	5
4374	5
4375	5
4376	5
4377	5
4378	5
4379	5
4380	5
4381	5
4382	5
4383	5
4384	5
4385	5
4386	5
4387	5
4388	5
4389	5
4390	5
4391	5
4392	5
4393	5
4394	5
4395	5
4396	5
4397	5
4398	5
4399	5
4400	5
4401	5
4402	5
4403	5
4404	5
4405	5
4406	5
4407	5
4408	5
4409	5
4410	5
4411	5
4412	5
4413	5
4414	5
4415	5
4416	5
4417	5
4418	5
4419	5
4420	5
4421	5
4422	5
4423	5
4424	5
4425	5
4426	5
4427	5
4428	5
4429	5
4430	5
4431	5
4432	5
4433	5
4434	5
4435	5
4436	5
4437	5
4438	5
4439	5
4440	5
4441	5
4442	5
4443	5
4444	5
4445	5
4446	5
4447	5
4448	5
4449	5
4450	5
4451	5
4452	5
4453	5
4454	5
4455	5
4456	5
4457	5
4458	5
4459	5
4460	5
4461	5
4462	5
4463	5
4464	5
4465	5
4466	5
4467	6
4468	6
4469	6
4470	6
4471	6
4472	6
4473	6
4474	6
4475	6
4476	6
4477	6
4478	6
4479	6
4480	6
4481	6
4482	6
4483	6
4484	6
4485	6
4486	6
4487	6
4488	6
4489	6
4490	6
4491	6
4492	6
4493	6
4494	6
4495	6
4496	6
4497	6
4498	6
4499	6
4500	6
4501	6
4502	6
4503	6
4504	6
4505	6
4506	6
4507	6
4508	6
4509	6
4510	6
4511	6
4512	6
4513	6
4514	6
4515	6
4516	6
4517	6
4518	6
4519	6
4520	6
4521	6
4522	6
4523	6
4524	6
4525	6
4526	6
4527	6
4528	6
4529	6
4530	6
4531	6
4532	6
4533	6
4534	6
4535	6
4536	6
4537	6
4538	6
4539	6
4540	6
4541	6
4542	6
4543	6
4544	6
4545	6
4546	6
4547	6
4548	6
4549	6
4550	6
4551	6
4552	6
4553	6
4554	6
4555	6
4556	6
4557	6
4558	6
4559	6
4560	6
4561	6
4562	6
4563	6
4564	6
4565	6
4566	6
4567	6
4568	6
4569	6
4570	6
4571	6
4572	6
4573	6
4574	6
4575	6
4576	6
4577	6
4578	6
4579	6
4580	6
4581	6
4582	6
4583	6
4584	6
4585	6
4586	6
4587	6
4588	6
4589	6
4590	6
4591	6
4592	6
4593	6
4594	6
4595	6
4596	6
4597	6
4598	6
4599	6
4600	6
4601	6
4602	6
4603	6
4604	6
4605	6
4606	6
4607	6
4608	6
4609	6
4610	6
4611	6
4612	6
4613	6
4614	6
4615	6
4616	6
4617	6
4618	6
4619	6
4620	6
4621	6
4622	6
4623	6
4624	6
4625	6
4626	6
4627	6
4628	6
4629	6
4630	6
4631	6
4632	6
4633	6
4634	6
4635	6
4636	6
4637	6
4638	6
4639	6
4640	6
4641	6
4642	6
4643	6
4644	6
4645	6
4646	6
4647	6
4648	6
4649	6
4650	6
4651	6
4652	6
4653	6
4654	6
4655	6
4656	6
4657	6
4658	6
4659	6
4660	6
4661	6
4662	6
4663	6
4664	6
4665	6
4666	6
4667	6
4668	6
4669	6
4670	6
4671	6
4672	6
4673	6
4674	6
4675	6
4676	6
4677	6
4678	6
4679	6
4680	6
4681	6
4682	6
4683	6
4684	6
4685	6
4686	6
4687	6
4688	6
4689	6
4690	6
4691	6
4692	6
4693	6
4694	6
4695	6
4696	6
4697	6
4698	6
4699	6
4700	6
4701	6
4702	6
4703	6
4704	6
4705	6
4706	6
4707	6
4708	6
4709	6
4710	6
4711	6
4712	6
4713	6
4714	6
4715	6
4716	6
4717	6
4718	6
4719	6
4720	6
4721	6
4722	6
4723	6
4724	6
4725	6
4726	6
4727	6
4728	6
4729	6
4730	6
4731	6
4732	6
4733	6
4734	6
4735	6
4736	6
4737	6
4738	6
4739	6
4740	6
4741	6
4742	6
4743	6
4744	6
4745	6
4746	6
4747	6
4748	6
4749	6
4750	6
4751	6
4752	6
4753	6
4754	6
4755	6
4756	6
4757	6
4758	6
4759	6
4760	6
4761	6
4762	6
4763	6
4764	6
4765	6
4766	6
4767	6
4768	6
4769	6
4770	6
4771	6
4772	6
4773	6
4774	6
4775	6
4776	6
4777	6
4778	6
4779	6
4780	6
4781	6
4782	6
4783	6
4784	6
4785	6
4786	6
4787	6
4788	6
4789	6
4790	6
4791	6
4792	6
4793	6
4794	6
4795	6
4796	6
4797	6
4798	6
4799	6
4800	6
4801	6
4802	6
4803	6
4804	6
4805	6
4806	6
4807	6
4808	6
4809	6
4810	6
4811	6
4812	6
4813	6
4814	6
4815	6
4816	6
4817	6
4818	6
4819	6
4820	6
4821	6
4822	6
4823	6
4824	6
4825	6
4826	6
4827	6
4828	6
4829	6
4830	6
4831	6
4832	6
4833	6
4834	6
4835	6
4836	6
4837	6
4838	6
4839	6
4840	6
4841	6
4842	6
4843	6
4844	6
4845	6
4846	6
4847	6
4848	6
4849	6
4850	6
4851	6
4852	6
4853	6
4854	6
4855	6
4856	6
4857	6
4858	6
4859	6
4860	6
4861	6
4862	6
4863	6
4864	6
4865	6
4866	6
4867	6
4868	6
4869	6
4870	6
4871	6
4872	6
4873	6
4874	6
4875	6
4876	6
4877	6
4878	6
4879	6
4880	6
4881	6
4882	7
4883	7
4884	7
4885	7
4886	7
4887	7
4888	7
4889	7
4890	7
4891	7
4892	7
4893	7
4894	7
4895	7
4896	7
4897	7
4898	7
4899	7
4900	7
4901	7
4902	7
4903	7
4904	7
4905	7
4906	7
4907	7
4908	7
4909	7
4910	7
4911	7
4912	7
4913	7
4914	7
4915	7
4916	7
4917	7
4918	7
4919	7
4920	7
4921	7
4922	7
4923	7
4924	7
4925	7
4926	7
4927	7
4928	7
4929	7
4930	7
4931	7
4932	7
4933	7
4934	7
4935	7
4936	7
4937	7
4938	7
4939	7
4940	7
4941	7
4942	7
4943	7
4944	7
4945	7
4946	7
4947	7
4948	7
4949	7
4950	7
4951	7
4952	7
4953	7
4954	7
4955	7
4956	7
4957	7
4958	7
4959	7
4960	7
4961	7
4962	7
4963	7
4964	7
4965	7
4966	7
4967	7
4968	7
4969	7
4970	7
4971	7
4972	7
4973	7
4974	7
4975	7
4976	7
4977	7
4978	7
4979	7
4980	7
4981	7
4982	7
4983	7
4984	7
4985	7
4986	7
4987	7
4988	7
4989	7
4990	7
4991	7
4992	7
4993	7
4994	7
4995	7
4996	7
4997	7
4998	7
4999	7
5000	7
5001	7
5002	7
5003	7
5004	7
5005	7
5006	7
5007	7
5008	7
5009	7
5010	7
5011	7
5012	7
5013	7
5014	7
5015	7
5016	7
5017	7
5018	7
5019	7
5020	7
5021	7
5022	7
5023	7
5024	7
5025	7
5026	7
5027	7
5028	7
5029	7
5030	7
5031	7
5032	7
5033	7
5034	7
5035	7
5036	7
5037	7
5038	7
5039	7
5040	7
5041	7
5042	7
5043	7
5044	7
5045	7
5046	7
5047	7
5048	7
5049	7
5050	7
5051	7
5052	7
5053	7
5054	7
5055	7
5056	7
5057	7
5058	7
5059	7
5060	7
5061	7
5062	7
5063	7
5064	7
5065	7
5066	7
5067	7
5068	7
5069	7
5070	7
5071	7
5072	7
5073	7
5074	7
5075	7
5076	7
5077	7
5078	7
5079	7
5080	7
5081	7
5082	7
5083	7
5084	7
5085	7
5086	7
5087	7
5088	7
5089	7
5090	7
5091	7
5092	7
5093	7
5094	7
5095	7
5096	7
5097	7
5098	7
5099	7
5100	7
5101	7
5102	7
5103	7
5104	7
5105	7
5106	7
5107	7
5108	7
5109	7
5110	7
5111	7
5112	7
5113	7
5114	7
5115	7
5116	7
5117	7
5118	7
5119	7
5120	7
5121	7
5122	7
5123	7
5124	7
5125	7
5126	7
5127	7
5128	7
5129	7
5130	7
5131	7
5132	7
5133	7
5134	7
5135	7
5136	7
5137	7
5138	8
5139	8
5140	8
5141	8
5142	8
5143	8
5144	8
5145	8
5146	8
5147	8
5148	8
5149	8
5150	8
5151	8
5152	8
5153	8
5154	8
5155	8
5156	8
5157	8
5158	8
5159	8
5160	8
5161	8
5162	8
5163	8
5164	8
5165	8
5166	8
5167	8
5168	8
5169	8
5170	8
5171	8
5172	8
5173	8
5174	8
5175	8
5176	8
5177	8
5178	8
5179	8
5180	8
5181	8
5182	8
5183	8
5184	8
5185	8
5186	8
5187	8
5188	8
5189	8
5190	8
5191	8
5192	8
5193	8
5194	8
5195	8
5196	8
5197	8
5198	8
5199	8
5200	8
5201	8
5202	8
5203	8
5204	8
5205	8
5206	8
5207	8
5208	8
5209	8
5210	8
5211	8
5212	8
5213	8
5214	8
5215	8
5216	8
5217	8
5218	8
5219	8
5220	8
5221	8
5222	8
5223	8
5224	8
5225	8
5226	8
5227	8
5228	8
5229	8
5230	8
5231	8
5232	8
5233	8
5234	8
5235	8
5236	8
5237	8
5238	8
5239	8
5240	8
5241	8
5242	8
5243	8
5244	8
5245	8
5246	8
5247	8
5248	8
5249	8
5250	8
5251	8
5252	8
5253	8
5254	9
5255	9
5256	9
5257	9
5258	9
5259	9
5260	9
5261	9
5262	9
5263	9
5264	9
5265	9
5266	9
5267	9
5268	9
5269	9
5270	9
5271	9
5272	9
5273	9
5274	9
5275	9
5276	9
5277	9
5278	9
5279	9
5280	9
5281	9
5282	9
5283	9
5284	9
5285	9
5286	9
5287	9
5288	9
5289	9
5290	9
5291	9
5292	9
5293	9
5294	9
5295	9
5296	9
5297	9
5298	9
5299	9
5300	9
5301	9
5302	9
5303	9
5304	9
5305	9
5306	9
5307	9
5308	9
5309	9
5310	9
5311	9
5312	9
5313	9
5314	9
5315	9
5316	9
5317	9
5318	9
5319	9
5320	9
5321	9
5322	9
5323	9
5324	9
5325	9
5326	9
5327	9
5328	9
5329	9
5330	9
5331	9
5332	9
5333	9
5334	9
5335	9
5336	9
5337	9
5338	9
5339	9
5340	9
5341	9
5342	9
5343	9
5344	9
5345	9
5346	9
5347	9
5348	9
5349	9
5350	9
5351	9
5352	9
5353	9
5354	9
5355	9
5356	9
5357	9
5358	9
5359	9
5360	9
5361	9
5362	9
5363	9
5364	9
5365	9
5366	9
5367	9
5368	9
5369	9
5370	9
5371	9
5372	9
5373	9
5374	9
5375	9
5376	9
5377	9
5378	9
5379	9
5380	9
5381	9
5382	9
5383	9
5384	9
5385	9
5386	9
5387	9
5388	9
5389	9
5390	9
5391	9
5392	9
5393	9
5394	9
5395	9
5396	9
5397	9
5398	9
5399	9
5400	9
5401	9
5402	9
5403	9
5404	9
5405	9
5406	9
5407	9
5408	9
5409	9
5410	9
5411	9
5412	9
5413	9
5414	9
5415	9
5416	9
5417	9
5418	9
5419	9
5420	9
5421	9
5422	9
5423	9
5424	9
5425	9
5426	9
5427	9
5428	9
5429	9
5430	9
5431	9
5432	9
5433	9
5434	9
5435	9
5436	9
5437	9
5438	9
5439	9
5440	9
5441	9
5442	9
5443	9
5444	9
5445	9
5446	9
5447	9
5448	9
5449	9
5450	9
5451	9
5452	9
5453	9
5454	9
5455	9
5456	9
5457	9
5458	9
5459	9
5460	9
5461	9
5462	9
5463	9
5464	9
5465	9
5466	9
5467	9
5468	9
5469	9
5470	9
5471	9
5472	9
5473	9
5474	9
5475	9
5476	9
5477	9
5478	9
5479	9
5480	9
5481	9
5482	9
5483	9
5484	9
5485	9
5486	9
5487	9
5488	9
5489	9
5490	9
5491	9
5492	9
5493	9
5494	9
5495	9
5496	9
5497	9
5498	9
5499	9
5500	9
5501	9
5502	9
5503	9
5504	9
5505	9
5506	9
5507	9
5508	9
5509	9
5510	9
5511	9
5512	9
5513	9
5514	9
5515	9
5516	9
5517	9
5518	9
5519	9
5520	9
5521	9
5522	9
5523	9
5524	9
5525	9
5526	9
5527	9
5528	9
5529	9
5530	9
5531	9
5532	9
5533	9
5534	9
5535	9
5536	9
5537	9
5538	9
5539	9
5540	9
5541	9
5542	9
5543	9
5544	9
5545	9
5546	9
5547	9
5548	9
5549	9
5550	9
5551	9
5552	9
5553	9
5554	9
5555	9
5556	9
5557	9
5558	9
5559	9
5560	9
5561	9
5562	9
5563	9
5564	9
5565	9
5566	9
5567	9
5568	9
5569	9
5570	9
5571	9
5572	9
5573	9
5574	9
5575	9
5576	9
5577	9
5578	9
5579	9
5580	9
5581	9
5582	9
5583	9
5584	9
5585	9
5586	9
5587	9
5588	9
5589	9
5590	9
5591	9
5592	9
5593	9
5594	9
5595	9
5596	9
5597	9
5598	9
5599	9
5600	9
5601	9
5602	9
5603	9
5604	9
5605	9
5606	9
5607	9
5608	9
5609	9
5610	9
5611	9
5612	9
5613	9
5614	9
5615	9
5616	9
5617	9
5618	9
5619	9
5620	9
5621	9
5622	9
5623	9
5624	9
5625	9
5626	9
5627	9
5628	9
5629	9
5630	9
5631	9
5632	9
5633	9
5634	9
5635	9
5636	9
5637	9
5638	9
5639	9
5640	9
5641	9
5642	9
5643	9
5644	9
5645	9
5646	9
5647	9
5648	9
5649	9
5650	9
5651	9
5652	9
5653	9
5654	9
5655	9
5656	9
5657	9
5658	9
5659	9
5660	9
5661	9
5662	9
5663	9
5664	9
5665	9
5666	9
5667	9
5668	9
5669	9
5670	9
5671	9
5672	9
5673	9
5674	9
5675	9
5676	9
5677	9
5678	9
5679	9
5680	9
5681	9
5682	9
5683	9
5684	9
5685	9
5686	9
5687	9
5688	9
5689	9
5690	9
5691	9
5692	9
5693	9
5694	9
5695	9
5696	9
5697	9
5698	9
5699	9
5700	9
5701	9
5702	9
5703	9
5704	9
5705	9
5706	9
5707	9
5708	9
5709	9
5710	9
5711	9
5712	9
5713	9
5714	9
5715	9
5716	9
5717	9
5718	9
5719	9
5720	9
5721	9
5722	9
5723	9
5724	9
5725	9
5726	9
5727	9
5728	9
5729	9
5730	9
5731	9
5732	9
5733	9
5734	9
5735	9
5736	9
5737	9
5738	9
5739	9
5740	9
5741	9
5742	9
5743	9
5744	9
5745	9
5746	9
5747	9
5748	9
5749	9
5750	9
5751	9
5752	9
5753	9
5754	9
5755	9
5756	9
5757	9
5758	9
5759	9
5760	9
5761	9
5762	9
5763	9
5764	9
5765	9
5766	9
5767	9
5768	9
5769	9
5770	9
5771	9
5772	9
5773	9
5774	9
5775	9
5776	9
5777	9
5778	9
5779	9
5780	9
5781	9
5782	9
5783	9
5784	9
5785	9
5786	9
5787	9
5788	9
5789	9
5790	9
5791	9
5792	9
5793	9
5794	9
5795	9
5796	9
5797	9
5798	9
5799	9
5800	9
5801	9
5802	9
5803	9
5804	9
5805	9
5806	9
5807	9
5808	9
5809	9
5810	9
5811	9
5812	9
5813	9
5814	9
5815	9
5816	9
5817	9
5818	9
5819	9
5820	9
5821	9
5822	9
5823	9
5824	9
5825	9
5826	9
5827	9
5828	9
5829	9
5830	9
5831	9
5832	9
5833	9
5834	9
5835	9
5836	9
5837	9
5838	9
5839	9
5840	9
5841	9
5842	9
5843	9
5844	9
5845	9
5846	9
5847	9
5848	9
5849	9
5850	9
5851	9
5852	9
5853	9
5854	9
5855	9
5856	9
5857	9
5858	9
5859	9
5860	9
5861	9
5862	9
5863	9
5864	9
5865	9
5866	9
5867	9
5868	9
5869	9
5870	9
5871	9
5872	9
5873	9
5874	9
5875	9
5876	9
5877	9
5878	9
5879	9
5880	9
5881	9
5882	9
5883	9
5884	9
5885	9
5886	9
5887	9
5888	9
5889	9
5890	9
5891	9
5892	9
5893	9
5894	9
5895	9
5896	9
5897	9
5898	9
5899	9
5900	9
5901	9
5902	9
5903	9
5904	9
5905	9
5906	9
5907	9
5908	9
5909	9
5910	9
5911	9
5912	9
5913	9
5914	9
5915	9
5916	9
5917	9
5918	9
5919	9
5920	9
5921	9
5922	9
5923	9
5924	9
5925	9
5926	9
5927	9
5928	9
5929	9
5930	9
5931	9
5932	9
5933	9
5934	9
5935	9
5936	9
5937	9
5938	9
5939	9
5940	9
5941	9
5942	9
5943	9
5944	9
5945	9
5946	9
5947	9
5948	9
5949	9
5950	9
5951	9
5952	9
5953	9
5954	9
5955	9
5956	9
5957	9
5958	9
5959	9
5960	9
5961	9
5962	9
5963	9
5964	9
5965	9
5966	9
5967	9
5968	9
5969	9
5970	9
5971	9
5972	9
5973	9
5974	9
5975	9
5976	9
5977	9
5978	9
5979	9
5980	9
5981	9
5982	9
5983	9
5984	9
5985	9
5986	9
5987	9
5988	9
5989	9
5990	9
5991	9
5992	9
5993	9
5994	9
5995	9
5996	9
5997	9
5998	9
5999	9
6000	9
6001	9
6002	9
6003	9
6004	9
6005	9
6006	9
6007	9
6008	9
6009	9
6010	9
6011	9
6012	9
6013	9
6014	9
6015	9
6016	9
6017	9
6018	9
6019	9
6020	9
6021	9
6022	9
6023	9
6024	9
6025	9
6026	9
6027	9
6028	9
6029	9
6030	9
6031	9
6032	9
6033	9
6034	9
6035	9
6036	9
6037	9
6038	9
6039	9
6040	9
6041	9
6042	9
6043	9
6044	9
6045	9
6046	9
6047	9
6048	9
6049	9
6050	9
6051	9
6052	9
6053	9
6054	9
6055	9
6056	9
6057	9
6058	9
6059	9
6060	9
6061	9
6062	9
6063	9
6064	9
6065	9
6066	9
6067	9
6068	9
6069	9
6070	9
6071	9
6072	9
6073	9
6074	9
6075	9
6076	9
6077	9
6078	9
6079	9
6080	9
6081	9
6082	9
6083	9
6084	9
6085	9
6086	9
6087	9
6088	9
6089	9
6090	9
6091	9
6092	9
6093	9
6094	9
6095	9
6096	9
6097	9
6098	9
6099	9
6100	9
6101	9
6102	9
6103	9
6104	9
6105	9
6106	9
6107	9
6108	9
6109	9
6110	9
6111	9
6112	9
6113	9
6114	9
6115	9
6116	9
6117	9
6118	9
6119	9
6120	9
6121	9
6122	9
6123	9
6124	9
6125	9
6126	9
6127	9
6128	9
6129	9
6130	9
6131	9
6132	9
6133	9
6134	9
6135	9
6136	9
6137	9
6138	9
6139	9
6140	9
6141	9
6142	9
6143	9
6144	9
6145	9
6146	9
6147	9
6148	9
6149	9
6150	9
6151	9
6152	9
6153	9
6154	9
6155	9
6156	9
6157	9
6158	9
6159	9
6160	9
6161	9
6162	9
6163	9
6164	9
6165	9
6166	9
6167	9
6168	9
6169	9
6170	9
6171	9
6172	9
6173	9
6174	9
6175	9
6176	9
6177	9
6178	9
6179	9
6180	9
6181	9
6182	9
6183	9
6184	9
6185	9
6186	9
6187	9
6188	9
6189	9
6190	9
6191	9
6192	9
6193	9
6194	9
6195	9
6196	9
6197	9
6198	9
6199	9
6200	9
6201	9
6202	9
6203	9
6204	9
6205	9
6206	9
6207	9
6208	9
6209	9
6210	9
6211	9
6212	9
6213	9
6214	9
6215	9
6216	9
6217	9
6218	9
6219	9
6220	9
6221	9
6222	9
6223	9
6224	9
6225	9
6226	9
6227	9
6228	9
6229	9
6230	9
6231	9
6232	9
6233	9
6234	9
6235	9
6236	9
6237	9
6238	9
6239	9
6240	9
6241	9
6242	9
6243	9
6244	9
6245	9
6246	9
6247	9
6248	9
6249	9
6250	9
6251	9
6252	9
6253	9
6254	9
6255	9
6256	9
6257	9
6258	9
6259	9
6260	9
6261	9
6262	9
6263	9
6264	9
6265	9
6266	9
6267	9
6268	9
6269	9
6270	9
6271	9
6272	9
6273	9
6274	9
6275	9
6276	9
6277	9
6278	9
6279	9
6280	9
6281	9
6282	9
6283	9
6284	9
6285	9
6286	9
6287	9
6288	9
6289	9
6290	9
6291	9
6292	9
6293	9
6294	9
6295	9
6296	9
6297	9
6298	9
6299	9
6300	9
6301	9
6302	9
6303	9
6304	9
6305	9
6306	9
6307	9
6308	9
6309	9
6310	9
6311	9
6312	9
6313	9
6314	9
6315	9
6316	9
6317	9
6318	9
6319	9
6320	9
6321	9
6322	9
6323	9
6324	9
6325	9
6326	9
6327	9
6328	9
6329	9
6330	9
6331	9
6332	9
6333	9
6334	9
6335	9
6336	9
6337	9
6338	9
6339	9
6340	9
6341	9
6342	9
6343	9
6344	9
6345	9
6346	9
6347	9
6348	9
6349	9
6350	9
6351	9
6352	9
6353	9
6354	9
6355	9
6356	9
6357	9
6358	9
6359	9
6360	9
6361	9
6362	9
6363	9
6364	9
6365	9
6366	9
6367	9
6368	9
6369	9
6370	9
6371	9
6372	9
6373	9
6374	9
6375	9
6376	9
6377	9
6378	9
6379	9
6380	9
6381	9
6382	9
6383	9
6384	9
6385	9
6386	9
6387	9
6388	9
6389	9
6390	9
6391	9
6392	9
6393	9
6394	9
6395	9
6396	9
6397	9
6398	9
6399	9
6400	9
6401	9
6402	9
6403	9
6404	9
6405	9
6406	9
6407	9
6408	9
6409	9
6410	9
6411	9
6412	9
6413	9
6414	9
6415	9
6416	9
6417	9
6418	9
6419	9
6420	9
6421	9
6422	9
6423	9
6424	9
6425	9
6426	9
6427	9
6428	9
6429	9
6430	9
6431	9
6432	9
6433	9
6434	9
6435	9
6436	9
6437	9
6438	9
6439	9
6440	9
6441	9
6442	9
6443	9
6444	9
6445	9
6446	9
6447	9
6448	9
6449	9
6450	9
6451	9
6452	9
6453	9
6454	9
6455	9
6456	9
6457	9
6458	9
6459	9
6460	9
6461	9
6462	9
6463	9
6464	9
6465	9
6466	9
6467	9
6468	9
6469	9
6470	9
6471	9
6472	9
6473	9
6474	9
6475	9
6476	9
6477	9
6478	9
6479	9
6480	9
6481	9
6482	9
6483	9
6484	9
6485	9
6486	9
6487	9
6488	9
6489	9
6490	9
6491	9
6492	9
6493	9
6494	9
6495	9
6496	9
6497	9
6498	9
6499	9
6500	9
6501	9
6502	9
6503	9
6504	9
6505	9
6506	9
6507	9
6508	9
6509	9
6510	9
6511	9
6512	9
6513	9
6514	9
6515	9
6516	9
6517	9
6518	9
6519	9
6520	9
6521	9
6522	9
6523	9
6524	9
6525	9
6526	9
6527	9
6528	9
6529	9
6530	9
6531	9
6532	9
6533	9
6534	9
6535	9
6536	9
6537	9
6538	9
6539	9
6540	9
6541	9
6542	9
6543	9
6544	9
6545	9
6546	9
6547	9
6548	9
6549	9
6550	9
6551	9
6552	9
6553	9
6554	9
6555	9
6556	9
6557	9
6558	9
6559	9
6560	9
6561	9
6562	9
6563	9
6564	9
6565	9
6566	9
6567	9
6568	9
6569	9
6570	9
6571	9
6572	9
6573	9
6574	9
6575	9
6576	9
6577	9
6578	9
6579	9
6580	9
6581	9
6582	9
6583	9
6584	9
6585	9
6586	9
6587	9
6588	9
6589	9
6590	9
6591	9
6592	9
6593	9
6594	9
6595	9
6596	9
6597	9
6598	9
6599	9
6600	9
6601	9
6602	9
6603	9
6604	9
6605	9
6606	9
6607	9
6608	9
6609	9
6610	9
6611	9
6612	9
6613	9
6614	9
6615	9
6616	9
6617	9
6618	9
6619	9
6620	9
6621	9
6622	9
6623	9
6624	9
6625	9
6626	9
6627	9
6628	9
6629	9
6630	9
6631	9
6632	9
6633	9
6634	9
6635	9
6636	9
6637	9
6638	9
6639	9
6640	9
6641	9
6642	9
6643	9
6644	9
6645	9
6646	9
6647	9
6648	9
6649	9
6650	9
6651	9
6652	9
6653	9
6654	9
6655	9
6656	9
6657	9
6658	9
6659	9
6660	9
6661	9
6662	9
6663	9
6664	9
6665	9
6666	9
6667	9
6668	9
6669	9
6670	9
6671	9
6672	9
6673	9
6674	9
6675	9
6676	9
6677	9
6678	9
6679	9
6680	10
6681	10
6682	10
6683	10
6684	10
6685	10
6686	10
6687	10
6688	10
6689	10
6690	10
6691	10
6692	10
6693	10
6694	10
6695	10
6696	10
6697	10
6698	10
6699	10
6700	10
6701	10
6702	10
6703	10
6704	10
6705	10
6706	10
6707	10
6708	10
6709	10
6710	10
6711	10
6712	10
6713	10
6714	10
6715	10
6716	10
6717	10
6718	10
6719	10
6720	10
6721	10
6722	10
6723	10
6724	10
6725	10
6726	10
6727	10
6728	10
6729	10
6730	10
6731	10
6732	10
6733	10
6734	10
6735	10
6736	10
6737	10
6738	10
6739	10
6740	10
6741	10
6742	10
6743	10
6744	10
6745	10
6746	10
6747	10
6748	10
6749	10
6750	10
6751	10
6752	10
6753	10
6754	10
6755	10
6756	10
6757	10
6758	10
6759	10
6760	10
6761	10
6762	10
6763	10
6764	10
6765	10
6766	10
6767	10
6768	10
6769	10
6770	10
6771	10
6772	10
6773	10
6774	10
6775	10
6776	10
6777	10
6778	10
6779	10
6780	10
6781	10
6782	10
6783	10
6784	10
6785	10
6786	10
6787	10
6788	10
6789	10
6790	10
6791	10
6792	10
6793	10
6794	10
6795	10
6796	10
6797	10
6798	10
6799	10
6800	10
6801	10
6802	10
6803	10
6804	10
6805	10
6806	10
6807	10
6808	10
6809	10
6810	10
6811	10
6812	10
6813	10
6814	10
6815	10
6816	10
6817	10
6818	10
6819	10
6820	10
6821	10
6822	10
6823	10
6824	10
6825	10
6826	10
6827	10
6828	10
6829	10
6830	10
6831	10
6832	10
6833	10
6834	10
6835	10
6836	10
6837	10
6838	10
6839	10
6840	10
6841	10
6842	10
6843	10
6844	10
6845	10
6846	10
6847	10
6848	10
6849	10
6850	10
6851	10
6852	10
6853	10
6854	10
6855	10
6856	10
6857	10
6858	10
6859	10
6860	10
6861	10
6862	10
6863	10
6864	10
6865	10
6866	10
6867	10
6868	10
6869	10
6870	10
6871	10
6872	10
6873	10
6874	10
6875	10
6876	10
6877	10
6878	10
6879	10
6880	10
6881	10
6882	10
6883	10
6884	10
6885	10
6886	10
6887	10
6888	10
6889	10
6890	10
6891	10
6892	10
6893	10
6894	10
6895	10
6896	10
6897	10
6898	10
6899	10
6900	10
6901	10
6902	10
6903	10
6904	10
6905	10
6906	10
6907	10
6908	10
6909	10
6910	10
6911	10
6912	10
6913	10
6914	10
6915	10
6916	10
6917	10
6918	10
6919	10
6920	10
6921	10
6922	10
6923	10
6924	10
6925	10
6926	10
6927	10
6928	10
6929	10
6930	10
6931	10
6932	10
6933	10
6934	10
6935	10
6936	10
6937	10
6938	10
6939	10
6940	10
6941	10
6942	10
6943	10
6944	10
6945	10
6946	10
6947	10
6948	10
6949	10
6950	10
6951	10
6952	10
6953	10
6954	10
6955	10
6956	10
6957	10
6958	10
6959	10
6960	10
6961	10
6962	10
6963	10
6964	10
6965	10
6966	10
6967	10
6968	10
6969	10
6970	10
6971	10
6972	10
6973	10
6974	10
6975	10
6976	10
6977	10
6978	10
6979	10
6980	10
6981	10
6982	10
6983	10
6984	10
6985	10
6986	10
6987	10
6988	10
6989	10
6990	10
6991	10
6992	10
6993	10
6994	10
6995	10
6996	10
6997	10
6998	10
6999	10
7000	10
7001	10
7002	10
7003	10
7004	10
7005	10
7006	10
7007	10
7008	10
7009	10
7010	10
7011	10
7012	10
7013	10
7014	10
7015	10
7016	10
7017	10
7018	10
7019	10
7020	10
7021	10
7022	10
7023	10
7024	10
7025	10
7026	10
7027	10
7028	10
7029	10
7030	10
7031	10
7032	10
7033	10
7034	10
7035	10
7036	10
7037	10
7038	10
7039	10
7040	10
7041	10
7042	10
7043	10
7044	10
7045	10
7046	10
7047	10
7048	10
7049	10
7050	10
7051	10
7052	10
7053	10
7054	10
7055	10
7056	10
7057	10
7058	10
7059	10
7060	10
7061	10
7062	10
7063	10
7064	10
7065	10
7066	10
7067	10
7068	10
7069	10
7070	10
7071	10
7072	10
7073	10
7074	10
7075	10
7076	10
7077	10
7078	10
7079	10
7080	10
7081	10
7082	10
7083	10
7084	10
7085	10
7086	10
7087	10
7088	10
7089	10
7090	10
7091	10
7092	10
7093	10
7094	10
7095	10
7096	10
7097	10
7098	10
7099	10
7100	10
7101	10
7102	10
7103	10
7104	10
7105	10
7106	10
7107	10
7108	10
7109	10
7110	10
7111	10
7112	10
7113	10
7114	10
7115	10
7116	10
7117	10
7118	10
7119	10
7120	10
7121	10
7122	10
7123	10
7124	10
7125	10
7126	10
7127	10
7128	10
7129	10
7130	10
7131	10
7132	10
7133	10
7134	10
7135	10
7136	10
7137	10
7138	10
7139	10
7140	10
7141	10
7142	10
7143	10
7144	10
7145	10
7146	10
7147	10
7148	10
7149	10
7150	10
7151	10
7152	10
7153	10
7154	10
7155	10
7156	10
7157	10
7158	10
7159	10
7160	10
7161	10
7162	10
7163	10
7164	10
7165	10
7166	10
7167	10
7168	10
7169	10
7170	10
7171	10
7172	10
7173	10
7174	10
7175	10
7176	10
7177	10
7178	10
7179	10
7180	10
7181	10
7182	10
7183	10
7184	10
7185	10
7186	10
7187	10
7188	10
7189	10
7190	10
7191	10
7192	10
7193	10
7194	10
7195	10
7196	10
7197	10
7198	10
7199	10
7200	10
7201	10
7202	10
7203	10
7204	10
7205	10
7206	10
7207	10
7208	10
7209	10
7210	10
7211	10
7212	10
7213	10
7214	10
7215	10
7216	10
7217	10
7218	10
7219	10
7220	10
7221	10
7222	10
7223	10
7224	10
7225	10
7226	10
7227	10
7228	10
7229	10
7230	10
7231	10
7232	10
7233	10
7234	10
7235	10
7236	10
7237	10
7238	10
7239	10
7240	10
7241	10
7242	10
7243	10
7244	10
7245	10
7246	10
7247	10
7248	10
7249	10
7250	10
7251	10
7252	10
7253	10
7254	10
7255	10
7256	10
7257	10
7258	10
7259	10
7260	10
7261	10
7262	10
7263	10
7264	10
7265	10
7266	10
7267	10
7268	10
7269	10
7270	10
7271	10
7272	10
7273	10
7274	10
7275	10
7276	10
7277	10
7278	10
7279	10
7280	10
7281	10
7282	10
7283	10
7284	10
7285	10
7286	10
7287	10
7288	10
7289	10
7290	10
7291	10
7292	10
7293	10
7294	10
7295	10
7296	10
7297	10
7298	10
7299	10
7300	10
7301	10
7302	10
7303	10
7304	10
7305	10
7306	10
7307	10
7308	10
7309	10
7310	10
7311	10
7312	10
7313	10
7314	10
7315	10
7316	10
7317	10
7318	10
7319	10
7320	10
7321	10
7322	10
7323	10
7324	10
7325	10
7326	10
7327	10
7328	10
7329	10
7330	10
7331	10
7332	10
7333	10
7334	10
7335	10
7336	10
7337	10
7338	10
7339	10
7340	10
7341	10
7342	10
7343	10
7344	10
7345	10
7346	10
7347	10
7348	10
7349	10
7350	10
7351	10
7352	10
7353	10
7354	10
7355	10
7356	10
7357	10
7358	10
7359	10
7360	10
7361	10
7362	10
7363	10
7364	10
7365	10
7366	10
7367	10
7368	10
7369	10
7370	10
7371	10
7372	10
7373	10
7374	10
7375	10
7376	10
7377	10
7378	10
7379	10
7380	10
7381	10
7382	10
7383	10
7384	10
7385	10
7386	10
7387	10
7388	10
7389	10
7390	10
7391	10
7392	10
7393	10
7394	10
7395	10
7396	10
7397	10
7398	10
7399	10
7400	10
7401	10
7402	10
7403	10
7404	10
7405	10
7406	10
7407	10
7408	10
7409	10
7410	10
7411	10
7412	10
7413	10
7414	10
7415	10
7416	10
7417	10
7418	10
7419	10
7420	10
7421	10
7422	10
7423	10
7424	10
7425	10
7426	10
7427	10
7428	10
7429	10
7430	10
7431	10
7432	10
7433	10
7434	10
7435	10
7436	10
7437	10
7438	10
7439	10
7440	10
7441	10
7442	10
7443	10
7444	10
7445	10
7446	10
7447	10
7448	10
7449	10
7450	10
7451	10
7452	10
7453	10
7454	10
7455	10
7456	10
7457	10
7458	10
7459	10
7460	10
7461	10
7462	10
7463	10
7464	10
7465	10
7466	10
7467	10
7468	10
7469	10
7470	10
7471	10
7472	10
7473	10
7474	10
7475	10
7476	10
7477	10
7478	10
7479	10
7480	10
7481	10
7482	10
7483	10
7484	10
7485	10
7486	10
7487	10
7488	10
7489	10
7490	10
7491	10
7492	10
7493	10
7494	10
7495	10
7496	10
7497	10
7498	10
7499	10
7500	10
7501	10
7502	10
7503	10
7504	10
7505	10
7506	10
7507	10
7508	10
7509	10
7510	10
7511	10
7512	10
7513	10
7514	10
7515	10
7516	10
7517	10
7518	10
7519	10
7520	10
7521	10
7522	10
7523	10
7524	10
7525	10
7526	10
7527	10
7528	10
7529	10
7530	10
7531	10
7532	10
7533	10
7534	10
7535	10
7536	10
7537	10
7538	10
7539	10
7540	10
7541	10
7542	10
7543	10
7544	10
7545	10
7546	10
7547	10
7548	10
7549	10
7550	10
7551	10
7552	10
7553	10
7554	10
7555	10
7556	10
7557	10
7558	10
7559	10
7560	10
7561	10
7562	10
7563	10
7564	10
7565	10
7566	10
7567	10
7568	10
7569	10
7570	10
7571	10
7572	10
7573	10
7574	10
7575	10
7576	10
7577	10
7578	10
7579	10
7580	10
7581	10
7582	10
7583	10
7584	10
7585	10
7586	10
7587	10
7588	10
7589	10
7590	10
7591	10
7592	10
7593	10
7594	10
7595	10
7596	10
7597	10
7598	10
7599	10
7600	10
7601	10
7602	10
7603	10
7604	10
7605	10
7606	10
7607	10
7608	10
7609	10
7610	10
7611	10
7612	10
7613	10
7614	10
7615	10
7616	10
7617	10
7618	10
7619	10
7620	10
7621	10
7622	10
7623	10
7624	10
7625	10
7626	10
7627	10
7628	10
7629	10
7630	10
7631	10
7632	10
7633	10
7634	10
7635	10
7636	10
7637	10
7638	10
7639	10
7640	10
7641	10
7642	10
7643	10
7644	10
7645	10
7646	10
7647	10
7648	10
7649	10
7650	10
7651	10
7652	10
7653	10
7654	10
7655	10
7656	10
7657	10
7658	10
7659	10
7660	10
7661	10
7662	10
7663	10
7664	10
7665	10
7666	10
7667	10
7668	10
7669	10
7670	10
7671	10
7672	10
7673	10
7674	10
7675	10
7676	10
7677	10
7678	10
7679	10
7680	10
7681	10
7682	10
7683	10
7684	10
7685	10
7686	10
7687	10
7688	10
7689	10
7690	10
7691	10
7692	10
7693	10
7694	10
7695	10
7696	10
7697	10
7698	10
7699	10
7700	10
7701	10
7702	10
7703	10
7704	10
7705	10
7706	10
7707	10
7708	10
7709	10
7710	10
7711	10
7712	10
7713	10
7714	10
7715	10
7716	10
7717	10
7718	10
7719	10
7720	10
7721	10
7722	10
7723	10
7724	10
7725	10
7726	10
7727	10
7728	10
7729	10
7730	10
7731	10
7732	10
7733	10
7734	10
7735	10
7736	10
7737	10
7738	10
7739	10
7740	10
7741	10
7742	10
7743	10
7744	10
7745	10
7746	10
7747	10
7748	10
7749	10
7750	10
7751	10
7752	10
7753	10
7754	10
7755	10
7756	10
7757	10
7758	10
7759	10
7760	10
7761	10
7762	10
7763	10
7764	10
7765	10
7766	10
7767	10
7768	10
7769	10
7770	10
7771	10
7772	10
7773	10
7774	10
7775	10
7776	10
7777	10
7778	10
7779	10
7780	10
7781	10
7782	10
7783	10
7784	10
7785	10
7786	10
7787	10
7788	10
7789	10
7790	10
7791	10
7792	10
7793	10
7794	10
7795	10
7796	10
7797	10
7798	10
7799	10
7800	10
7801	10
7802	10
7803	10
7804	10
7805	10
7806	10
7807	10
7808	10
7809	10
7810	10
7811	10
7812	10
7813	10
7814	10
7815	10
7816	10
7817	10
7818	10
7819	10
7820	10
7821	10
7822	10
7823	10
7824	10
7825	10
7826	10
7827	10
7828	10
7829	10
7830	10
7831	10
7832	10
7833	10
7834	10
7835	10
7836	10
7837	10
7838	10
7839	10
7840	10
7841	10
7842	10
7843	10
7844	10
7845	10
7846	10
7847	10
7848	10
7849	10
7850	10
7851	10
7852	10
7853	10
7854	10
7855	10
7856	10
7857	10
7858	10
7859	10
7860	10
7861	10
7862	10
7863	10
7864	10
7865	10
7866	10
7867	10
7868	10
7869	10
7870	10
7871	10
7872	10
7873	10
7874	10
7875	10
7876	10
7877	10
7878	10
7879	10
7880	10
7881	10
7882	10
7883	10
7884	10
7885	10
7886	10
7887	10
7888	10
7889	10
7890	10
7891	10
7892	10
7893	10
7894	10
7895	10
7896	10
7897	10
7898	10
7899	10
7900	10
7901	10
7902	10
7903	10
7904	10
7905	10
7906	10
7907	10
7908	10
7909	10
7910	10
7911	10
7912	10
7913	10
7914	10
7915	10
7916	10
7917	10
7918	10
7919	10
7920	10
7921	10
7922	10
7923	10
7924	10
7925	10
7926	10
7927	10
7928	10
7929	10
7930	10
7931	10
7932	10
7933	10
7934	10
7935	10
7936	10
7937	10
7938	10
7939	10
7940	10
7941	10
7942	10
7943	10
7944	10
7945	10
7946	10
7947	10
7948	10
7949	10
7950	10
7951	10
7952	10
7953	10
7954	10
7955	10
7956	10
7957	10
7958	10
7959	10
7960	10
7961	10
7962	10
7963	10
7964	10
7965	10
7966	10
7967	10
7968	10
7969	10
7970	10
7971	10
7972	10
7973	10
7974	10
7975	10
7976	10
7977	10
7978	10
7979	10
7980	10
7981	10
7982	10
7983	10
7984	10
7985	10
7986	10
7987	10
7988	10
7989	10
7990	10
7991	10
7992	10
7993	10
7994	10
7995	10
7996	10
7997	10
7998	10
7999	10
8000	10
8001	10
8002	10
8003	10
8004	10
8005	10
8006	10
8007	10
8008	10
8009	10
8010	10
8011	10
8012	10
8013	10
8014	10
8015	10
8016	10
8017	10
8018	10
8019	10
8020	10
8021	10
8022	10
8023	10
8024	10
8025	10
8026	10
8027	10
8028	10
8029	10
8030	10
8031	10
8032	10
8033	10
8034	10
8035	10
8036	10
8037	10
8038	10
8039	10
8040	10
8041	10
8042	10
8043	10
8044	10
8045	10
8046	10
8047	10
8048	10
8049	11
8050	11
8051	11
8052	11
8053	11
8054	11
8055	11
8056	11
8057	11
8058	11
8059	11
8060	11
8061	11
8062	11
8063	11
8064	11
8065	11
8066	11
8067	11
8068	11
8069	11
8070	11
8071	11
8072	11
8073	11
8074	11
8075	11
8076	11
8077	11
8078	11
8079	11
8080	11
8081	11
8082	11
8083	11
8084	11
8085	11
8086	11
8087	11
8088	11
8089	11
8090	11
8091	11
8092	11
8093	11
8094	11
8095	11
8096	11
8097	11
8098	11
8099	11
8100	11
8101	11
8102	11
8103	11
8104	11
8105	11
8106	11
8107	11
8108	11
8109	11
8110	11
8111	11
8112	11
8113	11
8114	11
8115	11
8116	11
8117	11
8118	11
8119	11
8120	11
8121	11
8122	11
8123	11
8124	11
8125	11
8126	11
8127	11
8128	11
8129	11
8130	11
8131	11
8132	11
8133	11
8134	11
8135	11
8136	11
8137	11
8138	11
8139	11
8140	11
8141	11
8142	11
8143	11
8144	11
8145	11
8146	11
8147	11
8148	11
8149	11
8150	11
8151	11
8152	11
8153	11
8154	11
8155	11
8156	11
8157	11
8158	11
8159	11
8160	11
8161	11
8162	11
8163	11
8164	11
8165	11
8166	11
8167	11
8168	11
8169	11
8170	11
8171	11
8172	11
8173	11
8174	11
8175	11
8176	11
8177	11
8178	11
8179	11
8180	11
8181	11
8182	11
8183	11
8184	11
8185	11
8186	11
8187	11
8188	11
8189	11
8190	11
8191	11
8192	11
8193	11
8194	11
8195	11
8196	11
8197	11
8198	11
8199	11
8200	11
8201	11
8202	11
8203	11
8204	11
8205	11
8206	11
8207	11
8208	11
8209	11
8210	11
8211	11
8212	11
8213	11
8214	11
8215	11
8216	11
8217	11
8218	11
8219	11
8220	11
8221	11
8222	11
8223	11
8224	11
8225	11
8226	11
8227	11
8228	11
8229	11
8230	11
8231	11
8232	11
8233	11
8234	11
8235	11
8236	11
8237	11
8238	11
8239	11
8240	11
8241	11
8242	11
8243	11
8244	11
8245	11
8246	11
8247	11
8248	11
8249	11
8250	11
8251	11
8252	11
8253	11
8254	11
8255	11
8256	11
8257	11
8258	11
8259	11
8260	11
8261	11
8262	11
8263	11
8264	11
8265	11
8266	11
8267	11
8268	11
8269	11
8270	11
8271	11
8272	11
8273	11
8274	11
8275	11
8276	11
8277	11
8278	11
8279	11
8280	11
8281	11
8282	11
8283	11
8284	11
8285	11
8286	11
8287	11
8288	11
8289	11
8290	11
8291	11
8292	11
8293	11
8294	11
8295	11
8296	11
8297	11
8298	11
8299	11
8300	11
8301	11
8302	11
8303	11
8304	11
8305	11
8306	11
8307	11
8308	11
8309	11
8310	11
8311	11
8312	11
8313	11
8314	11
8315	11
8316	11
8317	11
8318	11
8319	11
8320	11
8321	11
8322	11
8323	11
8324	11
8325	11
8326	11
8327	11
8328	11
8329	11
8330	11
8331	11
8332	11
8333	11
8334	11
8335	11
8336	11
8337	11
8338	11
8339	11
8340	11
8341	11
8342	11
8343	11
8344	11
8345	11
8346	11
8347	11
8348	11
8349	11
8350	11
8351	11
8352	11
8353	11
8354	11
8355	11
8356	11
8357	11
8358	11
8359	11
8360	11
8361	11
8362	11
8363	11
8364	11
8365	11
8366	11
8367	11
8368	11
8369	11
8370	11
8371	11
8372	11
8373	11
8374	11
8375	11
8376	11
8377	11
8378	11
8379	11
8380	11
8381	11
8382	11
8383	11
8384	11
8385	11
8386	11
8387	11
8388	11
8389	11
8390	11
8391	11
8392	11
8393	11
8394	11
8395	11
8396	11
8397	11
8398	11
8399	11
8400	11
8401	11
8402	11
8403	11
8404	11
8405	11
8406	11
8407	11
8408	11
8409	11
8410	11
8411	11
8412	11
8413	11
8414	11
8415	11
8416	11
8417	11
8418	11
8419	11
8420	11
8421	11
8422	11
8423	11
8424	11
8425	11
8426	11
8427	11
8428	11
8429	11
8430	11
8431	11
8432	11
8433	11
8434	11
8435	11
8436	11
8437	11
8438	12
8439	12
8440	12
8441	12
8442	12
8443	12
8444	12
8445	12
8446	12
8447	12
8448	12
8449	12
8450	12
8451	12
8452	12
8453	12
8454	12
8455	12
8456	12
8457	12
8458	12
8459	12
8460	12
8461	12
8462	12
8463	12
8464	12
8465	12
8466	12
8467	12
8468	12
8469	12
8470	12
8471	12
8472	12
8473	12
8474	12
8475	12
8476	12
8477	12
8478	12
8479	12
8480	12
8481	12
8482	12
8483	12
8484	12
8485	12
8486	12
8487	12
8488	12
8489	12
8490	12
8491	12
8492	12
8493	12
8494	12
8495	12
8496	12
8497	12
8498	12
8499	12
8500	12
8501	12
8502	12
8503	12
8504	12
8505	12
8506	12
8507	12
8508	12
8509	12
8510	12
8511	12
8512	12
8513	12
8514	12
8515	12
8516	12
8517	12
8518	12
8519	12
8520	12
8521	12
8522	12
8523	12
8524	12
8525	12
8526	12
8527	12
8528	12
8529	12
8530	12
8531	12
8532	12
8533	12
8534	12
8535	12
8536	12
8537	12
8538	12
8539	12
8540	12
8541	12
8542	12
8543	12
8544	12
8545	12
8546	12
8547	12
8548	12
8549	12
8550	12
8551	12
8552	12
8553	12
8554	12
8555	12
8556	12
8557	12
8558	12
8559	12
8560	12
8561	12
8562	12
8563	12
8564	12
8565	12
8566	12
8567	12
8568	12
8569	12
8570	12
8571	12
8572	12
8573	12
8574	12
8575	12
8576	12
8577	12
8578	12
8579	12
8580	12
8581	12
8582	12
8583	12
8584	12
8585	12
8586	12
8587	12
8588	12
8589	12
8590	12
8591	12
8592	12
8593	12
8594	12
8595	12
8596	12
8597	12
8598	12
8599	12
8600	12
8601	12
8602	12
8603	12
8604	12
8605	12
8606	12
8607	12
8608	12
8609	12
8610	12
8611	12
8612	12
8613	12
8614	12
8615	12
8616	12
8617	12
8618	12
8619	12
8620	12
8621	12
8622	12
8623	12
8624	12
8625	12
8626	12
8627	12
8628	12
8629	12
8630	12
8631	12
8632	12
8633	12
8634	12
8635	12
8636	12
8637	12
8638	12
8639	12
8640	12
8641	12
8642	12
8643	12
8644	12
8645	12
8646	12
8647	12
8648	12
8649	12
8650	12
8651	12
8652	12
8653	12
8654	12
8655	12
8656	12
8657	12
8658	12
8659	12
8660	12
8661	12
8662	12
8663	12
8664	12
8665	12
8666	12
8667	12
8668	12
8669	12
8670	12
8671	12
8672	12
8673	12
8674	12
8675	12
8676	12
8677	12
8678	12
8679	12
8680	12
8681	12
8682	12
8683	12
8684	12
8685	12
8686	12
8687	12
8688	12
8689	12
8690	12
8691	12
8692	12
8693	12
8694	12
8695	12
8696	12
8697	12
8698	12
8699	12
8700	12
8701	12
8702	12
8703	12
8704	12
8705	12
8706	12
8707	13
8708	13
8709	13
8710	13
8711	13
8712	13
8713	13
8714	13
8715	13
8716	13
8717	13
8718	13
8719	13
8720	13
8721	13
8722	13
8723	13
8724	13
8725	13
8726	13
8727	13
8728	13
8729	13
8730	13
8731	13
8732	13
8733	13
8734	13
8735	13
8736	13
8737	13
8738	13
8739	13
8740	13
8741	13
8742	13
8743	13
8744	13
8745	13
8746	13
8747	13
8748	13
8749	13
8750	13
8751	13
8752	13
8753	13
8754	13
8755	13
8756	13
8757	13
8758	13
8759	13
8760	13
8761	13
8762	13
8763	13
8764	13
8765	13
8766	13
8767	13
8768	13
8769	13
8770	13
8771	13
8772	13
8773	13
8774	13
8775	13
8776	13
8777	13
8778	13
8779	13
8780	13
8781	13
8782	13
8783	13
8784	13
8785	13
8786	13
8787	13
8788	13
8789	13
8790	13
8791	13
8792	13
8793	13
8794	13
8795	13
8796	13
8797	13
8798	13
8799	13
8800	13
8801	13
8802	13
8803	13
8804	13
8805	13
8806	13
8807	13
8808	13
8809	13
8810	13
8811	13
8812	13
8813	13
8814	13
8815	13
8816	13
8817	13
8818	13
8819	13
8820	13
8821	13
8822	14
8823	14
8824	14
8825	14
8826	14
8827	14
8828	14
8829	14
8830	14
8831	14
8832	14
8833	14
8834	14
8835	14
8836	14
8837	14
8838	14
8839	14
8840	14
8841	14
8842	14
8843	14
8844	14
8845	14
8846	14
8847	14
8848	14
8849	14
8850	14
8851	14
8852	14
8853	14
8854	14
8855	14
8856	14
8857	14
8858	14
8859	14
8860	14
8861	14
8862	14
8863	14
8864	14
8865	14
8866	14
8867	14
8868	14
8869	14
8870	14
8871	14
8872	14
8873	14
8874	14
8875	14
8876	14
8877	14
8878	14
8879	14
8880	14
8881	14
8882	14
8883	14
8884	14
8885	14
8886	14
8887	14
8888	14
8889	14
8890	14
8891	14
8892	14
8893	14
8894	14
8895	14
8896	14
8897	14
8898	14
8899	14
8900	14
8901	14
8902	14
8903	14
8904	15
8905	15
8906	15
8907	15
8908	15
8909	15
8910	15
8911	15
8912	15
8913	15
8914	15
8915	15
8916	15
8917	15
8918	15
8919	15
8920	15
8921	15
8922	15
8923	15
8924	15
8925	15
8926	15
8927	15
8928	15
8929	15
8930	15
8931	15
8932	15
8933	15
8934	15
8935	15
8936	15
8937	15
8938	15
8939	15
8940	15
8941	15
8942	15
8943	15
8944	15
8945	15
8946	15
8947	15
8948	15
8949	15
8950	15
8951	15
8952	15
8953	15
8954	15
8955	15
8956	15
8957	15
8958	15
8959	15
8960	15
8961	15
8962	15
8963	15
8964	15
8965	15
8966	15
8967	15
8968	15
8969	15
8970	15
8971	15
8972	15
8973	15
8974	15
8975	15
8976	15
8977	15
8978	15
8979	15
8980	15
8981	15
8982	15
8983	15
8984	15
8985	15
8986	15
8987	15
8988	15
8989	15
8990	15
8991	15
8992	15
8993	15
8994	15
8995	15
8996	15
8997	15
8998	15
8999	15
9000	15
9001	15
9002	15
9003	15
9004	15
9005	15
9006	15
9007	15
9008	15
9009	15
9010	15
9011	15
9012	15
9013	15
9014	15
9015	15
9016	15
9017	15
9018	15
9019	15
9020	15
9021	15
9022	15
9023	15
9024	15
9025	15
9026	15
9027	15
9028	15
9029	15
9030	15
9031	15
9032	15
9033	15
9034	15
9035	15
9036	15
9037	15
9038	15
9039	15
9040	15
9041	15
9042	15
9043	15
9044	15
9045	15
9046	15
9047	15
9048	15
9049	15
9050	15
9051	15
9052	15
9053	15
9054	15
9055	15
9056	15
9057	15
9058	15
9059	15
9060	15
9061	15
9062	15
9063	15
9064	15
9065	15
9066	15
9067	15
9068	15
9069	15
9070	15
9071	15
9072	15
9073	15
9074	15
9075	15
9076	15
9077	15
9078	15
9079	15
9080	15
9081	15
9082	15
9083	15
9084	15
9085	15
9086	15
9087	15
9088	15
9089	15
9090	15
9091	15
9092	15
9093	15
9094	15
9095	15
9096	15
9097	15
9098	15
9099	15
9100	15
9101	15
9102	15
9103	15
9104	15
9105	15
9106	15
9107	15
9108	15
9109	15
9110	15
9111	15
9112	15
9113	15
9114	15
9115	15
9116	15
9117	15
9118	15
9119	15
9120	15
9121	15
9122	15
9123	15
9124	15
9125	15
9126	15
9127	15
9128	15
9129	15
9130	15
9131	15
9132	15
9133	15
9134	15
9135	15
9136	15
9137	15
9138	15
9139	15
9140	15
9141	15
9142	15
9143	15
9144	15
9145	15
9146	15
9147	15
9148	15
9149	15
9150	15
9151	15
9152	15
9153	15
9154	15
9155	15
9156	15
9157	15
9158	15
9159	15
9160	15
9161	15
9162	15
9163	15
9164	15
9165	15
9166	15
9167	15
9168	15
9169	15
9170	15
9171	15
9172	15
9173	15
9174	15
9175	15
9176	15
9177	15
9178	15
9179	15
9180	15
9181	15
9182	15
9183	15
9184	15
9185	15
9186	15
9187	15
9188	15
9189	15
9190	15
9191	15
9192	15
9193	15
9194	15
9195	15
9196	15
9197	15
9198	15
9199	15
9200	15
9201	15
9202	15
9203	15
9204	15
9205	15
9206	15
9207	15
9208	15
9209	15
9210	15
9211	15
9212	15
9213	15
9214	15
9215	15
9216	15
9217	15
9218	15
9219	15
9220	15
9221	15
9222	15
9223	15
9224	15
9225	15
9226	15
9227	15
9228	15
9229	15
9230	15
9231	15
9232	15
9233	15
9234	15
9235	15
9236	15
9237	15
9238	15
9239	15
9240	15
9241	15
9242	15
9243	15
9244	15
9245	15
9246	15
9247	15
9248	15
9249	15
9250	15
9251	15
9252	15
9253	15
9254	15
9255	15
9256	15
9257	15
9258	15
9259	15
9260	15
9261	15
9262	15
9263	15
9264	15
9265	15
9266	15
9267	15
9268	15
9269	15
9270	15
9271	15
9272	15
9273	15
9274	15
9275	15
9276	15
9277	15
9278	15
9279	15
9280	15
9281	15
9282	15
9283	15
9284	15
9285	15
9286	15
9287	15
9288	15
9289	15
9290	15
9291	15
9292	15
9293	15
9294	15
9295	15
9296	15
9297	15
9298	15
9299	15
9300	15
9301	15
9302	15
9303	15
9304	15
9305	15
9306	15
9307	15
9308	15
9309	15
9310	15
9311	15
9312	15
9313	15
9314	15
9315	15
9316	15
9317	15
9318	15
9319	15
9320	15
9321	15
9322	15
9323	15
9324	15
9325	15
9326	15
9327	15
9328	15
9329	15
9330	15
9331	15
9332	15
9333	15
9334	15
9335	15
9336	15
9337	15
9338	15
9339	15
9340	15
9341	15
9342	15
9343	15
9344	15
9345	15
9346	15
9347	15
9348	15
9349	15
9350	15
9351	15
9352	15
9353	15
9354	15
9355	15
9356	15
9357	15
9358	15
9359	15
9360	15
9361	15
9362	15
9363	15
9364	15
9365	15
9366	15
9367	15
9368	15
9369	15
9370	15
9371	15
9372	15
9373	15
9374	15
9375	15
9376	15
9377	15
9378	15
9379	15
9380	15
9381	15
9382	15
9383	15
9384	15
9385	15
9386	15
9387	15
9388	15
9389	15
9390	15
9391	15
9392	15
9393	15
9394	15
9395	15
9396	15
9397	15
9398	15
9399	15
9400	15
9401	15
9402	15
9403	15
9404	15
9405	15
9406	15
9407	15
9408	15
9409	15
9410	15
9411	15
9412	15
9413	15
9414	15
9415	15
9416	15
9417	15
9418	15
9419	15
9420	15
9421	15
9422	15
9423	15
9424	15
9425	15
9426	15
9427	15
9428	15
9429	15
9430	15
9431	15
9432	15
9433	15
9434	15
9435	15
9436	15
9437	15
9438	15
9439	15
9440	15
9441	15
9442	15
9443	15
9444	15
9445	15
9446	15
9447	15
9448	15
9449	15
9450	15
9451	15
9452	15
9453	15
9454	15
9455	15
9456	15
9457	15
9458	15
9459	15
9460	15
9461	15
9462	15
9463	15
9464	15
9465	15
9466	15
9467	15
9468	15
9469	15
9470	15
9471	15
9472	15
9473	15
9474	15
9475	15
9476	15
9477	15
9478	15
9479	15
9480	15
9481	15
9482	15
9483	15
9484	15
9485	15
9486	15
9487	15
9488	15
9489	15
9490	15
9491	15
9492	15
9493	15
9494	15
9495	15
9496	15
9497	15
9498	15
9499	15
9500	15
9501	15
9502	15
9503	15
9504	15
9505	15
9506	15
9507	15
9508	15
9509	15
9510	15
9511	15
9512	15
9513	15
9514	15
9515	15
9516	15
9517	15
9518	15
9519	15
9520	15
9521	15
9522	15
9523	15
9524	15
9525	15
9526	15
9527	15
9528	15
9529	15
9530	15
9531	15
9532	15
9533	15
9534	15
9535	15
9536	15
9537	15
9538	15
9539	15
9540	15
9541	15
9542	15
9543	15
9544	15
9545	15
9546	15
9547	15
9548	15
9549	15
9550	15
9551	15
9552	15
9553	15
9554	15
9555	15
9556	15
9557	15
9558	15
9559	15
9560	15
9561	15
9562	15
9563	15
9564	15
9565	15
9566	15
9567	15
9568	15
9569	15
9570	15
9571	15
9572	15
9573	15
9574	15
9575	15
9576	15
9577	15
9578	15
9579	15
9580	15
9581	15
9582	15
9583	15
9584	15
9585	15
9586	15
9587	15
9588	15
9589	15
9590	15
9591	15
9592	15
9593	15
9594	15
9595	15
9596	15
9597	15
9598	15
9599	15
9600	15
9601	15
9602	15
9603	15
9604	15
9605	15
9606	15
9607	15
9608	15
9609	15
9610	15
9611	15
9612	15
9613	15
9614	15
9615	15
9616	15
9617	15
9618	15
9619	15
9620	15
9621	15
9622	15
9623	15
9624	15
9625	15
9626	15
9627	15
9628	15
9629	15
9630	15
9631	15
9632	15
9633	15
9634	15
9635	15
9636	15
9637	15
9638	15
9639	15
9640	15
9641	15
9642	15
9643	15
9644	15
9645	15
9646	15
9647	15
9648	15
9649	15
9650	15
9651	15
9652	15
9653	15
9654	15
9655	15
9656	15
9657	15
9658	15
9659	15
9660	15
9661	15
9662	15
9663	15
9664	15
9665	15
9666	15
9667	15
9668	15
9669	15
9670	15
9671	15
9672	15
9673	15
9674	15
9675	15
9676	15
9677	15
9678	15
9679	15
9680	15
9681	15
9682	15
9683	15
9684	15
9685	15
9686	15
9687	15
9688	15
9689	15
9690	15
9691	15
9692	15
9693	15
9694	15
9695	15
9696	15
9697	15
9698	15
9699	15
9700	15
9701	15
9702	15
9703	15
9704	15
9705	15
9706	15
9707	15
9708	15
9709	15
9710	15
9711	15
9712	15
9713	15
9714	15
9715	15
9716	15
9717	15
9718	15
9719	15
9720	15
9721	15
9722	15
9723	15
9724	15
9725	15
9726	15
9727	15
9728	15
9729	15
9730	15
9731	15
9732	15
9733	15
9734	15
9735	15
9736	15
9737	15
9738	15
9739	15
9740	15
9741	15
9742	15
9743	15
9744	15
9745	15
9746	15
9747	15
9748	15
9749	15
9750	15
9751	15
9752	15
9753	15
9754	15
9755	15
9756	15
9757	15
9758	15
9759	15
9760	15
9761	15
9762	15
9763	15
9764	15
9765	15
9766	15
9767	15
9768	15
9769	15
9770	15
9771	15
9772	15
9773	15
9774	15
9775	15
9776	15
9777	15
9778	15
9779	15
9780	15
9781	15
9782	15
9783	15
9784	15
9785	15
9786	15
9787	15
9788	15
9789	15
9790	15
9791	15
9792	15
9793	15
9794	15
9795	15
9796	15
9797	15
9798	15
9799	15
9800	15
9801	15
9802	15
9803	15
9804	15
9805	15
9806	15
9807	15
9808	15
9809	15
9810	15
9811	15
9812	15
9813	15
9814	15
9815	15
9816	15
9817	15
9818	15
9819	15
9820	15
9821	15
9822	15
9823	15
9824	15
9825	15
9826	15
9827	15
9828	15
9829	15
9830	15
9831	15
9832	15
9833	15
9834	15
9835	15
9836	15
9837	15
9838	15
9839	15
9840	15
9841	15
9842	15
9843	15
9844	15
9845	15
9846	15
9847	15
9848	15
9849	15
9850	15
9851	15
9852	15
9853	15
9854	15
9855	15
9856	15
9857	15
9858	15
9859	15
9860	15
9861	15
9862	15
9863	15
9864	15
9865	15
9866	15
9867	15
9868	15
9869	15
9870	15
9871	15
9872	15
9873	15
9874	15
9875	15
9876	15
9877	15
9878	15
9879	15
9880	15
9881	15
9882	15
9883	15
9884	15
9885	15
9886	15
9887	15
9888	15
9889	15
9890	15
9891	15
9892	15
9893	15
9894	15
9895	15
9896	15
9897	15
9898	15
9899	15
9900	15
9901	15
9902	15
9903	15
9904	15
9905	15
9906	15
9907	15
9908	15
9909	15
9910	15
9911	15
9912	15
9913	15
9914	15
9915	15
9916	15
9917	15
9918	15
9919	15
9920	15
9921	15
9922	15
9923	15
9924	15
9925	15
9926	15
9927	15
9928	15
9929	15
9930	15
9931	15
9932	15
9933	15
9934	15
9935	15
9936	15
9937	15
9938	15
9939	15
9940	15
9941	15
9942	15
9943	15
9944	15
9945	15
9946	15
9947	15
9948	15
9949	15
9950	15
9951	15
9952	15
9953	15
9954	15
9955	15
9956	15
9957	15
9958	15
9959	15
9960	15
9961	15
9962	15
9963	15
9964	15
9965	15
9966	15
9967	15
9968	15
9969	15
9970	15
9971	15
9972	15
9973	15
9974	15
9975	15
9976	15
9977	15
9978	15
9979	15
9980	15
9981	15
9982	15
9983	15
9984	15
9985	15
9986	15
9987	15
9988	15
9989	15
9990	15
9991	15
9992	15
9993	15
9994	15
9995	15
9996	15
9997	15
9998	15
9999	15
10000	15
