#Clock	ItemsCollected
1	0
2	0
3	0
4	0
5	0
6	0
7	0
8	0
9	0
10	0
11	0
12	0
13	0
14	0
15	0
16	0
17	0
18	0
19	0
20	0
21	0
22	0
23	0
24	0
25	0
26	0
27	0
28	0
29	0
30	0
31	0
32	0
33	0
34	0
35	0
36	0
37	0
38	0
39	0
40	0
41	0
42	0
43	0
44	0
45	0
46	0
47	0
48	0
49	0
50	0
51	0
52	0
53	0
54	0
55	0
56	0
57	0
58	0
59	0
60	0
61	0
62	0
63	0
64	0
65	0
66	0
67	0
68	0
69	0
70	0
71	0
72	0
73	0
74	0
75	0
76	0
77	0
78	0
79	0
80	0
81	0
82	0
83	0
84	0
85	0
86	0
87	0
88	0
89	0
90	0
91	0
92	0
93	0
94	0
95	0
96	0
97	0
98	0
99	0
100	0
101	0
102	0
103	0
104	0
105	0
106	0
107	0
108	0
109	0
110	0
111	0
112	0
113	0
114	0
115	0
116	0
117	0
118	0
119	0
120	0
121	0
122	0
123	0
124	0
125	0
126	0
127	0
128	0
129	0
130	0
131	0
132	0
133	0
134	0
135	0
136	0
137	0
138	0
139	0
140	0
141	0
142	0
143	0
144	0
145	0
146	0
147	0
148	0
149	0
150	0
151	0
152	0
153	0
154	0
155	0
156	0
157	0
158	0
159	0
160	0
161	0
162	0
163	0
164	0
165	0
166	0
167	0
168	0
169	0
170	0
171	0
172	0
173	0
174	0
175	0
176	0
177	0
178	0
179	0
180	0
181	0
182	0
183	0
184	0
185	0
186	0
187	0
188	0
189	0
190	0
191	0
192	0
193	0
194	0
195	0
196	0
197	0
198	0
199	0
200	0
201	0
202	0
203	0
204	0
205	0
206	0
207	0
208	0
209	0
210	0
211	0
212	0
213	0
214	0
215	0
216	0
217	0
218	0
219	0
220	0
221	0
222	0
223	0
224	0
225	0
226	0
227	0
228	0
229	0
230	0
231	0
232	0
233	0
234	0
235	0
236	0
237	0
238	0
239	0
240	0
241	0
242	0
243	0
244	0
245	0
246	0
247	0
248	0
249	0
250	0
251	0
252	0
253	0
254	0
255	0
256	0
257	0
258	0
259	0
260	0
261	0
262	0
263	0
264	0
265	0
266	0
267	0
268	0
269	0
270	0
271	0
272	0
273	0
274	0
275	0
276	0
277	0
278	0
279	0
280	0
281	0
282	0
283	0
284	0
285	0
286	0
287	0
288	0
289	0
290	0
291	0
292	0
293	0
294	0
295	0
296	0
297	0
298	0
299	0
300	0
301	0
302	0
303	0
304	0
305	0
306	0
307	0
308	0
309	0
310	0
311	0
312	0
313	0
314	0
315	0
316	0
317	0
318	0
319	0
320	0
321	0
322	0
323	0
324	0
325	0
326	0
327	0
328	0
329	0
330	0
331	0
332	0
333	0
334	0
335	0
336	0
337	0
338	0
339	0
340	0
341	0
342	0
343	0
344	0
345	0
346	0
347	0
348	0
349	0
350	0
351	0
352	0
353	0
354	0
355	0
356	0
357	0
358	0
359	0
360	0
361	0
362	0
363	0
364	0
365	0
366	0
367	0
368	0
369	0
370	0
371	0
372	0
373	0
374	0
375	0
376	0
377	0
378	0
379	0
380	0
381	0
382	0
383	0
384	0
385	0
386	0
387	0
388	0
389	0
390	0
391	0
392	0
393	0
394	0
395	0
396	0
397	0
398	0
399	0
400	0
401	0
402	0
403	0
404	0
405	0
406	0
407	0
408	0
409	0
410	0
411	0
412	0
413	0
414	0
415	0
416	0
417	0
418	0
419	0
420	0
421	0
422	0
423	0
424	0
425	0
426	0
427	0
428	0
429	0
430	0
431	0
432	0
433	0
434	0
435	0
436	0
437	0
438	0
439	0
440	0
441	0
442	0
443	0
444	0
445	0
446	0
447	0
448	0
449	0
450	0
451	0
452	0
453	0
454	0
455	0
456	0
457	0
458	0
459	0
460	0
461	0
462	0
463	0
464	0
465	0
466	0
467	0
468	0
469	0
470	0
471	0
472	0
473	0
474	0
475	0
476	0
477	0
478	0
479	0
480	0
481	0
482	0
483	0
484	0
485	0
486	0
487	0
488	0
489	0
490	0
491	0
492	0
493	0
494	0
495	0
496	0
497	0
498	0
499	0
500	0
501	0
502	0
503	0
504	0
505	0
506	0
507	0
508	0
509	0
510	0
511	0
512	0
513	0
514	0
515	0
516	0
517	0
518	0
519	0
520	0
521	0
522	0
523	0
524	0
525	0
526	0
527	0
528	0
529	0
530	0
531	0
532	0
533	0
534	0
535	0
536	0
537	0
538	0
539	0
540	0
541	0
542	0
543	0
544	0
545	0
546	0
547	0
548	0
549	0
550	0
551	0
552	0
553	0
554	0
555	0
556	0
557	0
558	0
559	0
560	0
561	0
562	0
563	0
564	0
565	0
566	0
567	0
568	0
569	0
570	0
571	0
572	0
573	0
574	0
575	0
576	0
577	0
578	0
579	0
580	0
581	0
582	0
583	0
584	0
585	0
586	0
587	0
588	0
589	0
590	0
591	0
592	0
593	0
594	0
595	0
596	0
597	0
598	0
599	0
600	0
601	0
602	0
603	0
604	0
605	0
606	0
607	0
608	0
609	0
610	0
611	0
612	0
613	0
614	0
615	0
616	0
617	0
618	0
619	0
620	0
621	0
622	0
623	0
624	0
625	0
626	0
627	0
628	0
629	0
630	0
631	0
632	0
633	0
634	0
635	0
636	0
637	0
638	0
639	0
640	0
641	0
642	0
643	0
644	0
645	0
646	0
647	0
648	0
649	0
650	0
651	0
652	0
653	0
654	0
655	0
656	0
657	0
658	0
659	0
660	0
661	0
662	0
663	0
664	0
665	0
666	0
667	0
668	0
669	0
670	0
671	0
672	0
673	0
674	0
675	0
676	0
677	0
678	0
679	0
680	0
681	0
682	0
683	0
684	0
685	0
686	0
687	0
688	0
689	0
690	0
691	0
692	0
693	0
694	0
695	0
696	0
697	0
698	0
699	0
700	0
701	0
702	0
703	0
704	0
705	0
706	0
707	0
708	0
709	0
710	0
711	0
712	0
713	0
714	0
715	0
716	0
717	0
718	0
719	0
720	0
721	0
722	0
723	0
724	0
725	0
726	0
727	0
728	0
729	0
730	0
731	0
732	0
733	0
734	0
735	0
736	0
737	0
738	0
739	0
740	0
741	0
742	0
743	0
744	0
745	0
746	0
747	0
748	0
749	0
750	0
751	0
752	0
753	0
754	0
755	0
756	0
757	0
758	0
759	0
760	0
761	0
762	0
763	0
764	0
765	0
766	0
767	0
768	0
769	0
770	0
771	0
772	0
773	0
774	0
775	0
776	0
777	0
778	0
779	0
780	0
781	0
782	0
783	0
784	0
785	0
786	0
787	0
788	0
789	0
790	0
791	0
792	0
793	0
794	0
795	0
796	0
797	0
798	0
799	0
800	0
801	0
802	0
803	0
804	0
805	0
806	0
807	0
808	0
809	0
810	0
811	0
812	0
813	0
814	0
815	0
816	0
817	0
818	0
819	0
820	0
821	0
822	0
823	0
824	0
825	0
826	0
827	0
828	0
829	0
830	0
831	0
832	0
833	0
834	0
835	0
836	0
837	0
838	0
839	0
840	0
841	0
842	0
843	0
844	0
845	0
846	0
847	0
848	0
849	0
850	0
851	0
852	0
853	0
854	0
855	0
856	0
857	0
858	0
859	0
860	0
861	0
862	0
863	0
864	0
865	0
866	0
867	0
868	0
869	0
870	0
871	0
872	0
873	0
874	0
875	0
876	0
877	0
878	0
879	0
880	0
881	0
882	0
883	0
884	0
885	0
886	0
887	0
888	0
889	0
890	0
891	0
892	0
893	0
894	0
895	0
896	0
897	0
898	0
899	0
900	0
901	0
902	0
903	0
904	0
905	0
906	0
907	0
908	0
909	0
910	0
911	0
912	0
913	0
914	0
915	0
916	0
917	0
918	0
919	0
920	0
921	0
922	0
923	0
924	0
925	0
926	0
927	0
928	0
929	0
930	0
931	0
932	0
933	0
934	0
935	0
936	0
937	0
938	0
939	0
940	0
941	0
942	0
943	0
944	0
945	0
946	0
947	0
948	0
949	0
950	0
951	0
952	0
953	0
954	0
955	0
956	0
957	0
958	0
959	0
960	0
961	0
962	0
963	0
964	0
965	0
966	0
967	0
968	0
969	0
970	0
971	0
972	0
973	0
974	0
975	0
976	0
977	0
978	0
979	0
980	0
981	0
982	0
983	0
984	0
985	0
986	0
987	0
988	0
989	0
990	0
991	0
992	0
993	0
994	0
995	0
996	0
997	0
998	0
999	0
1000	0
1001	0
1002	0
1003	0
1004	0
1005	0
1006	0
1007	0
1008	0
1009	0
1010	0
1011	0
1012	0
1013	0
1014	0
1015	0
1016	0
1017	0
1018	0
1019	0
1020	0
1021	0
1022	0
1023	0
1024	0
1025	0
1026	0
1027	0
1028	0
1029	0
1030	0
1031	0
1032	0
1033	0
1034	0
1035	0
1036	0
1037	0
1038	0
1039	0
1040	0
1041	0
1042	0
1043	0
1044	0
1045	0
1046	0
1047	0
1048	0
1049	0
1050	0
1051	0
1052	0
1053	0
1054	0
1055	0
1056	0
1057	0
1058	0
1059	0
1060	0
1061	0
1062	0
1063	0
1064	0
1065	0
1066	0
1067	0
1068	0
1069	0
1070	0
1071	0
1072	0
1073	0
1074	0
1075	0
1076	0
1077	0
1078	0
1079	0
1080	0
1081	0
1082	0
1083	0
1084	0
1085	0
1086	0
1087	0
1088	0
1089	0
1090	0
1091	0
1092	0
1093	0
1094	0
1095	0
1096	0
1097	0
1098	0
1099	0
1100	0
1101	0
1102	0
1103	0
1104	0
1105	0
1106	0
1107	0
1108	0
1109	0
1110	0
1111	0
1112	0
1113	0
1114	0
1115	0
1116	0
1117	0
1118	0
1119	0
1120	0
1121	0
1122	0
1123	0
1124	0
1125	0
1126	0
1127	0
1128	0
1129	0
1130	0
1131	0
1132	0
1133	0
1134	0
1135	0
1136	0
1137	0
1138	0
1139	0
1140	0
1141	0
1142	0
1143	0
1144	0
1145	0
1146	0
1147	0
1148	0
1149	0
1150	0
1151	0
1152	0
1153	0
1154	0
1155	0
1156	0
1157	0
1158	0
1159	0
1160	0
1161	0
1162	0
1163	0
1164	0
1165	0
1166	0
1167	0
1168	0
1169	0
1170	0
1171	0
1172	0
1173	0
1174	0
1175	0
1176	0
1177	0
1178	0
1179	0
1180	0
1181	0
1182	0
1183	0
1184	0
1185	0
1186	0
1187	0
1188	0
1189	0
1190	0
1191	0
1192	0
1193	0
1194	0
1195	0
1196	0
1197	0
1198	0
1199	0
1200	0
1201	0
1202	0
1203	0
1204	0
1205	0
1206	0
1207	0
1208	0
1209	0
1210	0
1211	0
1212	0
1213	0
1214	0
1215	0
1216	0
1217	0
1218	0
1219	0
1220	0
1221	0
1222	0
1223	0
1224	0
1225	0
1226	0
1227	0
1228	0
1229	0
1230	0
1231	0
1232	0
1233	0
1234	0
1235	0
1236	0
1237	0
1238	0
1239	0
1240	0
1241	0
1242	0
1243	0
1244	0
1245	0
1246	0
1247	0
1248	0
1249	0
1250	0
1251	0
1252	0
1253	0
1254	0
1255	0
1256	0
1257	0
1258	0
1259	0
1260	0
1261	0
1262	0
1263	0
1264	0
1265	0
1266	0
1267	0
1268	0
1269	0
1270	0
1271	0
1272	0
1273	0
1274	0
1275	0
1276	0
1277	0
1278	0
1279	0
1280	0
1281	0
1282	0
1283	0
1284	0
1285	0
1286	0
1287	0
1288	0
1289	0
1290	0
1291	0
1292	0
1293	0
1294	0
1295	0
1296	0
1297	0
1298	0
1299	0
1300	0
1301	0
1302	0
1303	0
1304	0
1305	0
1306	0
1307	0
1308	0
1309	0
1310	0
1311	0
1312	0
1313	0
1314	0
1315	0
1316	0
1317	0
1318	0
1319	0
1320	0
1321	0
1322	0
1323	0
1324	0
1325	0
1326	0
1327	0
1328	0
1329	0
1330	0
1331	0
1332	0
1333	0
1334	0
1335	0
1336	0
1337	0
1338	0
1339	0
1340	0
1341	0
1342	0
1343	0
1344	0
1345	0
1346	0
1347	0
1348	0
1349	0
1350	0
1351	0
1352	0
1353	0
1354	0
1355	0
1356	0
1357	0
1358	0
1359	0
1360	0
1361	0
1362	0
1363	0
1364	0
1365	0
1366	0
1367	0
1368	0
1369	0
1370	0
1371	0
1372	0
1373	0
1374	0
1375	0
1376	0
1377	0
1378	0
1379	0
1380	0
1381	0
1382	0
1383	0
1384	0
1385	0
1386	0
1387	0
1388	0
1389	0
1390	0
1391	0
1392	0
1393	0
1394	0
1395	0
1396	0
1397	0
1398	0
1399	0
1400	0
1401	0
1402	0
1403	0
1404	0
1405	0
1406	0
1407	0
1408	0
1409	0
1410	0
1411	0
1412	0
1413	0
1414	0
1415	0
1416	0
1417	0
1418	0
1419	0
1420	0
1421	0
1422	0
1423	0
1424	0
1425	0
1426	0
1427	0
1428	0
1429	0
1430	0
1431	0
1432	0
1433	0
1434	0
1435	0
1436	0
1437	0
1438	0
1439	0
1440	0
1441	0
1442	0
1443	0
1444	0
1445	0
1446	0
1447	0
1448	0
1449	0
1450	0
1451	0
1452	0
1453	0
1454	0
1455	0
1456	0
1457	0
1458	0
1459	0
1460	0
1461	0
1462	0
1463	0
1464	0
1465	0
1466	0
1467	0
1468	0
1469	0
1470	0
1471	0
1472	0
1473	0
1474	0
1475	0
1476	0
1477	0
1478	0
1479	0
1480	0
1481	0
1482	0
1483	0
1484	0
1485	0
1486	0
1487	0
1488	0
1489	0
1490	0
1491	0
1492	0
1493	0
1494	0
1495	0
1496	0
1497	0
1498	0
1499	0
1500	0
1501	0
1502	0
1503	0
1504	0
1505	0
1506	0
1507	0
1508	0
1509	0
1510	0
1511	0
1512	0
1513	0
1514	0
1515	0
1516	0
1517	0
1518	0
1519	0
1520	0
1521	0
1522	0
1523	0
1524	0
1525	0
1526	0
1527	0
1528	0
1529	0
1530	0
1531	0
1532	0
1533	0
1534	0
1535	0
1536	0
1537	0
1538	0
1539	0
1540	0
1541	0
1542	0
1543	0
1544	0
1545	0
1546	0
1547	0
1548	0
1549	0
1550	0
1551	0
1552	0
1553	0
1554	0
1555	0
1556	0
1557	0
1558	0
1559	0
1560	0
1561	0
1562	0
1563	0
1564	0
1565	0
1566	0
1567	0
1568	0
1569	0
1570	0
1571	0
1572	0
1573	0
1574	0
1575	0
1576	0
1577	0
1578	0
1579	0
1580	0
1581	0
1582	0
1583	0
1584	0
1585	0
1586	0
1587	0
1588	0
1589	0
1590	0
1591	0
1592	0
1593	0
1594	0
1595	0
1596	0
1597	0
1598	0
1599	0
1600	0
1601	0
1602	0
1603	0
1604	0
1605	0
1606	0
1607	0
1608	0
1609	0
1610	0
1611	0
1612	0
1613	0
1614	0
1615	0
1616	0
1617	0
1618	0
1619	0
1620	0
1621	0
1622	0
1623	0
1624	0
1625	0
1626	0
1627	0
1628	0
1629	0
1630	0
1631	0
1632	0
1633	0
1634	0
1635	0
1636	0
1637	0
1638	0
1639	0
1640	0
1641	0
1642	0
1643	0
1644	0
1645	0
1646	0
1647	0
1648	0
1649	0
1650	0
1651	0
1652	0
1653	0
1654	0
1655	0
1656	0
1657	0
1658	0
1659	0
1660	0
1661	0
1662	0
1663	0
1664	0
1665	0
1666	0
1667	0
1668	0
1669	0
1670	0
1671	0
1672	0
1673	0
1674	0
1675	0
1676	0
1677	0
1678	0
1679	0
1680	0
1681	0
1682	0
1683	0
1684	0
1685	0
1686	0
1687	0
1688	0
1689	0
1690	0
1691	0
1692	0
1693	0
1694	0
1695	0
1696	0
1697	0
1698	0
1699	0
1700	0
1701	0
1702	0
1703	0
1704	0
1705	0
1706	0
1707	0
1708	0
1709	0
1710	0
1711	0
1712	0
1713	0
1714	0
1715	0
1716	0
1717	0
1718	0
1719	0
1720	0
1721	0
1722	0
1723	0
1724	0
1725	0
1726	0
1727	0
1728	0
1729	0
1730	0
1731	0
1732	0
1733	0
1734	0
1735	0
1736	0
1737	0
1738	0
1739	0
1740	0
1741	0
1742	0
1743	0
1744	0
1745	0
1746	0
1747	0
1748	0
1749	0
1750	0
1751	0
1752	0
1753	0
1754	0
1755	0
1756	0
1757	0
1758	0
1759	0
1760	0
1761	0
1762	0
1763	0
1764	0
1765	0
1766	0
1767	0
1768	0
1769	0
1770	0
1771	0
1772	0
1773	0
1774	0
1775	0
1776	0
1777	0
1778	0
1779	0
1780	0
1781	0
1782	0
1783	0
1784	0
1785	0
1786	0
1787	0
1788	0
1789	0
1790	0
1791	0
1792	0
1793	0
1794	0
1795	0
1796	0
1797	0
1798	0
1799	0
1800	0
1801	0
1802	0
1803	0
1804	0
1805	0
1806	0
1807	0
1808	0
1809	0
1810	0
1811	0
1812	0
1813	0
1814	0
1815	0
1816	0
1817	0
1818	0
1819	0
1820	0
1821	0
1822	0
1823	0
1824	0
1825	0
1826	0
1827	0
1828	0
1829	0
1830	0
1831	0
1832	0
1833	0
1834	0
1835	0
1836	0
1837	0
1838	0
1839	0
1840	0
1841	0
1842	0
1843	0
1844	0
1845	0
1846	0
1847	0
1848	0
1849	0
1850	0
1851	0
1852	0
1853	0
1854	0
1855	0
1856	0
1857	0
1858	0
1859	0
1860	0
1861	0
1862	0
1863	0
1864	0
1865	0
1866	0
1867	0
1868	0
1869	0
1870	0
1871	0
1872	0
1873	0
1874	0
1875	0
1876	0
1877	0
1878	0
1879	0
1880	0
1881	0
1882	0
1883	0
1884	0
1885	0
1886	0
1887	0
1888	0
1889	0
1890	0
1891	0
1892	0
1893	0
1894	0
1895	0
1896	0
1897	0
1898	0
1899	0
1900	0
1901	0
1902	0
1903	0
1904	0
1905	0
1906	0
1907	0
1908	0
1909	0
1910	0
1911	0
1912	0
1913	0
1914	0
1915	0
1916	0
1917	0
1918	0
1919	0
1920	0
1921	0
1922	0
1923	0
1924	0
1925	0
1926	0
1927	0
1928	0
1929	0
1930	0
1931	0
1932	0
1933	0
1934	0
1935	0
1936	0
1937	0
1938	0
1939	0
1940	0
1941	0
1942	0
1943	0
1944	0
1945	0
1946	0
1947	0
1948	0
1949	0
1950	0
1951	0
1952	0
1953	0
1954	0
1955	0
1956	0
1957	0
1958	0
1959	0
1960	0
1961	0
1962	0
1963	0
1964	0
1965	0
1966	0
1967	0
1968	0
1969	0
1970	0
1971	0
1972	0
1973	0
1974	0
1975	0
1976	0
1977	0
1978	0
1979	0
1980	0
1981	0
1982	0
1983	0
1984	0
1985	0
1986	0
1987	0
1988	0
1989	0
1990	0
1991	0
1992	0
1993	0
1994	0
1995	0
1996	0
1997	0
1998	0
1999	0
2000	0
2001	0
2002	0
2003	0
2004	0
2005	0
2006	0
2007	0
2008	0
2009	0
2010	0
2011	0
2012	0
2013	0
2014	0
2015	0
2016	0
2017	0
2018	0
2019	0
2020	0
2021	0
2022	0
2023	0
2024	0
2025	0
2026	0
2027	0
2028	0
2029	0
2030	0
2031	0
2032	0
2033	0
2034	0
2035	0
2036	0
2037	0
2038	0
2039	0
2040	0
2041	0
2042	0
2043	0
2044	0
2045	0
2046	0
2047	0
2048	0
2049	0
2050	0
2051	0
2052	0
2053	0
2054	0
2055	0
2056	0
2057	0
2058	0
2059	0
2060	0
2061	0
2062	0
2063	0
2064	0
2065	0
2066	0
2067	0
2068	0
2069	0
2070	0
2071	0
2072	0
2073	0
2074	0
2075	0
2076	0
2077	0
2078	0
2079	0
2080	0
2081	0
2082	0
2083	0
2084	0
2085	0
2086	0
2087	0
2088	0
2089	0
2090	0
2091	0
2092	0
2093	0
2094	0
2095	0
2096	0
2097	0
2098	0
2099	0
2100	0
2101	0
2102	0
2103	0
2104	0
2105	0
2106	0
2107	0
2108	0
2109	0
2110	0
2111	0
2112	0
2113	0
2114	0
2115	0
2116	0
2117	0
2118	0
2119	0
2120	0
2121	0
2122	0
2123	0
2124	0
2125	0
2126	1
2127	1
2128	1
2129	1
2130	1
2131	1
2132	1
2133	1
2134	1
2135	1
2136	1
2137	1
2138	1
2139	1
2140	1
2141	1
2142	1
2143	1
2144	1
2145	1
2146	1
2147	1
2148	1
2149	1
2150	1
2151	1
2152	1
2153	1
2154	1
2155	1
2156	1
2157	1
2158	1
2159	1
2160	1
2161	1
2162	1
2163	1
2164	1
2165	1
2166	1
2167	1
2168	1
2169	1
2170	1
2171	1
2172	1
2173	1
2174	1
2175	1
2176	1
2177	1
2178	1
2179	1
2180	1
2181	1
2182	1
2183	1
2184	1
2185	1
2186	1
2187	1
2188	1
2189	1
2190	1
2191	1
2192	1
2193	1
2194	1
2195	1
2196	1
2197	1
2198	1
2199	1
2200	1
2201	1
2202	1
2203	1
2204	1
2205	1
2206	1
2207	1
2208	1
2209	1
2210	1
2211	1
2212	1
2213	1
2214	1
2215	1
2216	1
2217	1
2218	1
2219	1
2220	1
2221	1
2222	1
2223	1
2224	1
2225	1
2226	1
2227	1
2228	1
2229	1
2230	1
2231	1
2232	1
2233	1
2234	1
2235	1
2236	1
2237	1
2238	1
2239	1
2240	1
2241	1
2242	1
2243	1
2244	1
2245	1
2246	1
2247	1
2248	1
2249	1
2250	1
2251	1
2252	1
2253	1
2254	1
2255	1
2256	1
2257	1
2258	1
2259	1
2260	1
2261	1
2262	1
2263	1
2264	1
2265	1
2266	1
2267	1
2268	1
2269	1
2270	1
2271	1
2272	1
2273	1
2274	1
2275	1
2276	1
2277	1
2278	1
2279	1
2280	1
2281	1
2282	2
2283	2
2284	2
2285	2
2286	2
2287	2
2288	2
2289	2
2290	2
2291	2
2292	2
2293	2
2294	2
2295	2
2296	2
2297	2
2298	2
2299	2
2300	2
2301	2
2302	2
2303	2
2304	2
2305	2
2306	2
2307	2
2308	2
2309	2
2310	2
2311	2
2312	2
2313	2
2314	2
2315	2
2316	2
2317	2
2318	2
2319	2
2320	2
2321	2
2322	2
2323	2
2324	2
2325	2
2326	2
2327	2
2328	2
2329	2
2330	2
2331	2
2332	2
2333	2
2334	2
2335	2
2336	2
2337	2
2338	2
2339	2
2340	2
2341	2
2342	2
2343	2
2344	2
2345	2
2346	2
2347	2
2348	2
2349	2
2350	2
2351	2
2352	2
2353	2
2354	2
2355	2
2356	2
2357	2
2358	2
2359	2
2360	2
2361	2
2362	2
2363	2
2364	2
2365	2
2366	2
2367	2
2368	2
2369	2
2370	2
2371	2
2372	2
2373	2
2374	2
2375	2
2376	2
2377	2
2378	2
2379	2
2380	2
2381	2
2382	2
2383	2
2384	2
2385	2
2386	2
2387	2
2388	2
2389	2
2390	2
2391	2
2392	2
2393	2
2394	2
2395	2
2396	2
2397	2
2398	2
2399	2
2400	2
2401	2
2402	2
2403	2
2404	2
2405	2
2406	2
2407	2
2408	2
2409	2
2410	2
2411	2
2412	2
2413	2
2414	2
2415	2
2416	2
2417	2
2418	2
2419	2
2420	2
2421	2
2422	2
2423	2
2424	2
2425	2
2426	2
2427	2
2428	2
2429	2
2430	2
2431	2
2432	2
2433	2
2434	2
2435	2
2436	2
2437	2
2438	2
2439	2
2440	2
2441	2
2442	2
2443	2
2444	2
2445	2
2446	2
2447	2
2448	2
2449	2
2450	2
2451	2
2452	2
2453	2
2454	2
2455	2
2456	2
2457	2
2458	2
2459	2
2460	2
2461	2
2462	2
2463	2
2464	2
2465	2
2466	2
2467	2
2468	2
2469	2
2470	2
2471	2
2472	2
2473	2
2474	2
2475	2
2476	2
2477	2
2478	2
2479	2
2480	2
2481	2
2482	2
2483	2
2484	2
2485	2
2486	2
2487	2
2488	2
2489	2
2490	2
2491	2
2492	2
2493	2
2494	2
2495	2
2496	2
2497	2
2498	2
2499	2
2500	2
2501	2
2502	2
2503	2
2504	2
2505	2
2506	2
2507	2
2508	2
2509	2
2510	2
2511	2
2512	2
2513	2
2514	2
2515	2
2516	2
2517	2
2518	2
2519	2
2520	2
2521	2
2522	2
2523	2
2524	2
2525	2
2526	2
2527	2
2528	2
2529	2
2530	2
2531	2
2532	2
2533	2
2534	2
2535	2
2536	2
2537	2
2538	2
2539	2
2540	2
2541	2
2542	2
2543	2
2544	2
2545	2
2546	2
2547	2
2548	2
2549	2
2550	2
2551	2
2552	2
2553	2
2554	2
2555	2
2556	2
2557	2
2558	2
2559	2
2560	2
2561	2
2562	2
2563	2
2564	2
2565	2
2566	2
2567	2
2568	2
2569	2
2570	2
2571	2
2572	2
2573	2
2574	2
2575	2
2576	2
2577	2
2578	2
2579	2
2580	2
2581	2
2582	2
2583	2
2584	2
2585	2
2586	2
2587	2
2588	2
2589	2
2590	2
2591	2
2592	2
2593	2
2594	2
2595	2
2596	2
2597	2
2598	2
2599	2
2600	2
2601	2
2602	2
2603	2
2604	2
2605	2
2606	2
2607	2
2608	2
2609	2
2610	2
2611	2
2612	2
2613	2
2614	2
2615	2
2616	2
2617	2
2618	2
2619	2
2620	2
2621	2
2622	2
2623	2
2624	2
2625	2
2626	2
2627	2
2628	2
2629	2
2630	2
2631	2
2632	2
2633	2
2634	2
2635	2
2636	2
2637	2
2638	2
2639	2
2640	2
2641	2
2642	2
2643	2
2644	2
2645	2
2646	2
2647	2
2648	2
2649	2
2650	2
2651	2
2652	2
2653	2
2654	2
2655	2
2656	2
2657	2
2658	2
2659	2
2660	2
2661	2
2662	2
2663	2
2664	2
2665	2
2666	2
2667	2
2668	2
2669	2
2670	2
2671	2
2672	2
2673	2
2674	2
2675	2
2676	2
2677	2
2678	2
2679	2
2680	2
2681	2
2682	2
2683	2
2684	2
2685	2
2686	2
2687	2
2688	2
2689	2
2690	2
2691	2
2692	2
2693	2
2694	2
2695	2
2696	2
2697	2
2698	2
2699	2
2700	2
2701	2
2702	2
2703	2
2704	2
2705	2
2706	2
2707	2
2708	2
2709	2
2710	2
2711	2
2712	2
2713	2
2714	2
2715	2
2716	2
2717	2
2718	2
2719	2
2720	2
2721	2
2722	2
2723	2
2724	2
2725	2
2726	2
2727	2
2728	2
2729	2
2730	2
2731	2
2732	2
2733	2
2734	2
2735	2
2736	2
2737	2
2738	2
2739	2
2740	2
2741	2
2742	2
2743	2
2744	2
2745	2
2746	2
2747	2
2748	2
2749	2
2750	2
2751	2
2752	2
2753	2
2754	2
2755	2
2756	2
2757	2
2758	2
2759	2
2760	2
2761	2
2762	2
2763	2
2764	2
2765	2
2766	2
2767	2
2768	2
2769	2
2770	2
2771	2
2772	2
2773	2
2774	2
2775	2
2776	2
2777	2
2778	2
2779	2
2780	2
2781	2
2782	2
2783	2
2784	2
2785	2
2786	2
2787	2
2788	2
2789	2
2790	2
2791	2
2792	2
2793	2
2794	2
2795	2
2796	2
2797	2
2798	2
2799	2
2800	2
2801	2
2802	2
2803	2
2804	2
2805	2
2806	2
2807	2
2808	2
2809	2
2810	2
2811	2
2812	2
2813	2
2814	2
2815	2
2816	2
2817	2
2818	2
2819	2
2820	2
2821	2
2822	2
2823	2
2824	2
2825	2
2826	2
2827	2
2828	2
2829	2
2830	2
2831	2
2832	2
2833	2
2834	2
2835	2
2836	2
2837	2
2838	2
2839	2
2840	2
2841	2
2842	2
2843	2
2844	2
2845	2
2846	2
2847	2
2848	2
2849	2
2850	2
2851	2
2852	2
2853	2
2854	2
2855	2
2856	2
2857	2
2858	2
2859	2
2860	2
2861	2
2862	2
2863	2
2864	2
2865	2
2866	2
2867	2
2868	2
2869	2
2870	2
2871	2
2872	2
2873	2
2874	2
2875	2
2876	2
2877	2
2878	2
2879	2
2880	2
2881	2
2882	2
2883	2
2884	2
2885	2
2886	2
2887	2
2888	2
2889	2
2890	2
2891	2
2892	2
2893	2
2894	2
2895	2
2896	2
2897	2
2898	2
2899	2
2900	2
2901	2
2902	2
2903	2
2904	2
2905	2
2906	2
2907	2
2908	2
2909	2
2910	2
2911	2
2912	2
2913	2
2914	2
2915	2
2916	2
2917	2
2918	2
2919	2
2920	2
2921	2
2922	2
2923	2
2924	2
2925	2
2926	2
2927	2
2928	2
2929	2
2930	2
2931	2
2932	2
2933	2
2934	2
2935	2
2936	2
2937	2
2938	2
2939	2
2940	2
2941	2
2942	2
2943	2
2944	2
2945	2
2946	2
2947	2
2948	2
2949	2
2950	2
2951	2
2952	2
2953	2
2954	2
2955	2
2956	2
2957	2
2958	2
2959	2
2960	2
2961	2
2962	2
2963	2
2964	2
2965	2
2966	2
2967	2
2968	2
2969	2
2970	2
2971	2
2972	2
2973	2
2974	2
2975	2
2976	2
2977	2
2978	2
2979	2
2980	2
2981	2
2982	2
2983	2
2984	2
2985	2
2986	2
2987	2
2988	2
2989	2
2990	2
2991	2
2992	2
2993	2
2994	2
2995	2
2996	2
2997	2
2998	2
2999	2
3000	2
3001	2
3002	2
3003	2
3004	2
3005	2
3006	2
3007	2
3008	2
3009	2
3010	2
3011	2
3012	2
3013	2
3014	2
3015	2
3016	2
3017	2
3018	2
3019	2
3020	2
3021	2
3022	2
3023	2
3024	2
3025	2
3026	2
3027	2
3028	2
3029	2
3030	2
3031	2
3032	2
3033	2
3034	2
3035	2
3036	2
3037	2
3038	2
3039	2
3040	2
3041	2
3042	2
3043	2
3044	2
3045	2
3046	2
3047	2
3048	2
3049	2
3050	2
3051	2
3052	2
3053	2
3054	2
3055	2
3056	2
3057	2
3058	2
3059	2
3060	2
3061	2
3062	2
3063	2
3064	2
3065	2
3066	2
3067	2
3068	2
3069	2
3070	2
3071	2
3072	2
3073	2
3074	2
3075	2
3076	2
3077	2
3078	2
3079	2
3080	2
3081	2
3082	2
3083	2
3084	2
3085	2
3086	2
3087	2
3088	2
3089	2
3090	2
3091	2
3092	2
3093	2
3094	2
3095	2
3096	2
3097	2
3098	2
3099	2
3100	2
3101	2
3102	2
3103	2
3104	2
3105	2
3106	2
3107	2
3108	2
3109	2
3110	2
3111	2
3112	2
3113	2
3114	2
3115	2
3116	2
3117	2
3118	2
3119	2
3120	2
3121	2
3122	2
3123	2
3124	2
3125	2
3126	2
3127	2
3128	2
3129	2
3130	2
3131	2
3132	2
3133	2
3134	2
3135	2
3136	2
3137	2
3138	2
3139	2
3140	2
3141	2
3142	2
3143	2
3144	2
3145	2
3146	2
3147	2
3148	2
3149	2
3150	2
3151	2
3152	2
3153	2
3154	2
3155	2
3156	2
3157	2
3158	2
3159	2
3160	2
3161	2
3162	2
3163	2
3164	2
3165	2
3166	2
3167	2
3168	2
3169	2
3170	2
3171	2
3172	2
3173	2
3174	2
3175	2
3176	2
3177	2
3178	2
3179	2
3180	2
3181	2
3182	2
3183	2
3184	2
3185	2
3186	2
3187	2
3188	2
3189	2
3190	2
3191	2
3192	2
3193	2
3194	2
3195	2
3196	2
3197	2
3198	2
3199	2
3200	2
3201	2
3202	2
3203	2
3204	2
3205	2
3206	2
3207	2
3208	2
3209	2
3210	2
3211	2
3212	2
3213	2
3214	2
3215	2
3216	2
3217	2
3218	2
3219	2
3220	2
3221	2
3222	2
3223	2
3224	2
3225	2
3226	2
3227	2
3228	2
3229	2
3230	2
3231	2
3232	2
3233	2
3234	2
3235	2
3236	2
3237	2
3238	2
3239	2
3240	2
3241	2
3242	2
3243	2
3244	2
3245	2
3246	2
3247	2
3248	2
3249	2
3250	2
3251	2
3252	2
3253	2
3254	2
3255	2
3256	2
3257	2
3258	2
3259	2
3260	2
3261	2
3262	2
3263	2
3264	2
3265	2
3266	2
3267	2
3268	2
3269	2
3270	2
3271	2
3272	2
3273	2
3274	2
3275	2
3276	2
3277	2
3278	3
3279	3
3280	3
3281	3
3282	3
3283	3
3284	3
3285	3
3286	3
3287	3
3288	3
3289	3
3290	3
3291	3
3292	3
3293	3
3294	3
3295	3
3296	3
3297	3
3298	3
3299	3
3300	3
3301	3
3302	3
3303	4
3304	4
3305	4
3306	4
3307	4
3308	4
3309	4
3310	4
3311	4
3312	4
3313	4
3314	4
3315	4
3316	4
3317	4
3318	4
3319	4
3320	4
3321	4
3322	4
3323	4
3324	4
3325	4
3326	4
3327	4
3328	4
3329	4
3330	4
3331	4
3332	4
3333	4
3334	4
3335	4
3336	4
3337	4
3338	4
3339	4
3340	4
3341	4
3342	4
3343	4
3344	4
3345	4
3346	4
3347	4
3348	4
3349	4
3350	4
3351	4
3352	4
3353	4
3354	4
3355	4
3356	4
3357	4
3358	4
3359	4
3360	4
3361	4
3362	4
3363	4
3364	4
3365	4
3366	4
3367	4
3368	4
3369	4
3370	4
3371	4
3372	4
3373	4
3374	4
3375	4
3376	4
3377	4
3378	4
3379	4
3380	4
3381	4
3382	4
3383	4
3384	4
3385	4
3386	4
3387	4
3388	4
3389	4
3390	4
3391	4
3392	4
3393	4
3394	4
3395	4
3396	4
3397	4
3398	4
3399	4
3400	4
3401	4
3402	5
3403	5
3404	5
3405	5
3406	5
3407	5
3408	5
3409	5
3410	5
3411	5
3412	5
3413	5
3414	5
3415	5
3416	5
3417	5
3418	5
3419	5
3420	5
3421	5
3422	5
3423	5
3424	5
3425	5
3426	5
3427	5
3428	5
3429	5
3430	5
3431	5
3432	5
3433	5
3434	5
3435	5
3436	5
3437	5
3438	5
3439	5
3440	5
3441	5
3442	5
3443	5
3444	5
3445	5
3446	5
3447	5
3448	5
3449	5
3450	5
3451	5
3452	5
3453	5
3454	5
3455	5
3456	5
3457	5
3458	5
3459	5
3460	5
3461	5
3462	5
3463	5
3464	5
3465	5
3466	5
3467	5
3468	5
3469	5
3470	5
3471	5
3472	5
3473	5
3474	5
3475	5
3476	5
3477	5
3478	5
3479	5
3480	5
3481	5
3482	5
3483	5
3484	5
3485	5
3486	5
3487	5
3488	5
3489	5
3490	5
3491	5
3492	5
3493	5
3494	5
3495	5
3496	5
3497	5
3498	5
3499	5
3500	5
3501	5
3502	5
3503	5
3504	5
3505	5
3506	5
3507	5
3508	5
3509	5
3510	5
3511	5
3512	5
3513	5
3514	5
3515	5
3516	5
3517	5
3518	5
3519	5
3520	5
3521	5
3522	5
3523	5
3524	5
3525	5
3526	5
3527	5
3528	5
3529	5
3530	5
3531	5
3532	5
3533	5
3534	5
3535	5
3536	5
3537	5
3538	5
3539	5
3540	5
3541	5
3542	5
3543	5
3544	5
3545	5
3546	5
3547	5
3548	5
3549	5
3550	5
3551	5
3552	5
3553	5
3554	5
3555	5
3556	5
3557	5
3558	5
3559	5
3560	5
3561	5
3562	5
3563	5
3564	5
3565	5
3566	5
3567	6
3568	6
3569	6
3570	6
3571	6
3572	6
3573	6
3574	6
3575	6
3576	6
3577	6
3578	6
3579	6
3580	6
3581	6
3582	6
3583	6
3584	6
3585	6
3586	6
3587	6
3588	6
3589	6
3590	6
3591	6
3592	6
3593	6
3594	6
3595	6
3596	6
3597	6
3598	6
3599	6
3600	6
3601	6
3602	6
3603	6
3604	6
3605	6
3606	6
3607	6
3608	6
3609	6
3610	6
3611	6
3612	6
3613	6
3614	6
3615	6
3616	6
3617	6
3618	6
3619	6
3620	6
3621	6
3622	6
3623	6
3624	6
3625	6
3626	6
3627	6
3628	6
3629	6
3630	6
3631	6
3632	6
3633	6
3634	6
3635	6
3636	6
3637	6
3638	6
3639	6
3640	6
3641	6
3642	6
3643	6
3644	6
3645	6
3646	6
3647	6
3648	6
3649	6
3650	6
3651	6
3652	6
3653	6
3654	6
3655	6
3656	6
3657	6
3658	6
3659	6
3660	6
3661	6
3662	6
3663	6
3664	6
3665	6
3666	6
3667	6
3668	6
3669	6
3670	6
3671	6
3672	6
3673	6
3674	6
3675	6
3676	6
3677	6
3678	6
3679	6
3680	6
3681	6
3682	6
3683	6
3684	6
3685	6
3686	6
3687	6
3688	6
3689	6
3690	6
3691	6
3692	6
3693	6
3694	6
3695	6
3696	6
3697	6
3698	6
3699	6
3700	6
3701	6
3702	6
3703	6
3704	6
3705	6
3706	6
3707	6
3708	6
3709	6
3710	6
3711	6
3712	6
3713	6
3714	6
3715	6
3716	6
3717	6
3718	6
3719	6
3720	6
3721	6
3722	6
3723	6
3724	6
3725	6
3726	6
3727	6
3728	6
3729	6
3730	6
3731	6
3732	6
3733	6
3734	6
3735	6
3736	6
3737	6
3738	6
3739	6
3740	6
3741	6
3742	6
3743	6
3744	6
3745	6
3746	6
3747	6
3748	6
3749	6
3750	6
3751	6
3752	6
3753	6
3754	6
3755	6
3756	6
3757	6
3758	6
3759	6
3760	6
3761	6
3762	6
3763	6
3764	6
3765	6
3766	6
3767	6
3768	6
3769	6
3770	6
3771	6
3772	6
3773	6
3774	6
3775	6
3776	6
3777	6
3778	6
3779	6
3780	6
3781	6
3782	6
3783	6
3784	6
3785	6
3786	6
3787	6
3788	6
3789	6
3790	6
3791	6
3792	6
3793	6
3794	6
3795	6
3796	6
3797	6
3798	6
3799	6
3800	6
3801	6
3802	6
3803	6
3804	6
3805	6
3806	6
3807	6
3808	6
3809	6
3810	6
3811	6
3812	6
3813	6
3814	6
3815	6
3816	6
3817	6
3818	6
3819	6
3820	6
3821	6
3822	6
3823	6
3824	6
3825	6
3826	6
3827	6
3828	6
3829	6
3830	6
3831	6
3832	6
3833	6
3834	6
3835	6
3836	6
3837	6
3838	6
3839	6
3840	6
3841	6
3842	6
3843	6
3844	6
3845	6
3846	6
3847	6
3848	6
3849	6
3850	6
3851	6
3852	6
3853	6
3854	6
3855	6
3856	6
3857	6
3858	6
3859	6
3860	6
3861	6
3862	6
3863	6
3864	6
3865	6
3866	6
3867	6
3868	6
3869	6
3870	6
3871	6
3872	6
3873	6
3874	6
3875	6
3876	6
3877	6
3878	6
3879	6
3880	6
3881	6
3882	6
3883	6
3884	6
3885	6
3886	6
3887	6
3888	6
3889	6
3890	6
3891	6
3892	6
3893	6
3894	6
3895	6
3896	6
3897	6
3898	6
3899	6
3900	6
3901	6
3902	6
3903	6
3904	6
3905	6
3906	6
3907	6
3908	6
3909	6
3910	6
3911	6
3912	6
3913	6
3914	6
3915	6
3916	6
3917	6
3918	6
3919	6
3920	6
3921	6
3922	6
3923	6
3924	6
3925	6
3926	6
3927	6
3928	6
3929	6
3930	6
3931	6
3932	6
3933	6
3934	6
3935	6
3936	6
3937	6
3938	6
3939	6
3940	6
3941	6
3942	6
3943	6
3944	6
3945	6
3946	6
3947	6
3948	6
3949	6
3950	6
3951	6
3952	6
3953	6
3954	6
3955	6
3956	6
3957	6
3958	6
3959	6
3960	6
3961	6
3962	6
3963	6
3964	6
3965	6
3966	6
3967	6
3968	6
3969	6
3970	6
3971	6
3972	6
3973	6
3974	6
3975	6
3976	6
3977	6
3978	6
3979	6
3980	6
3981	6
3982	6
3983	6
3984	6
3985	6
3986	6
3987	6
3988	6
3989	6
3990	6
3991	6
3992	6
3993	6
3994	6
3995	6
3996	6
3997	6
3998	6
3999	6
4000	6
4001	6
4002	6
4003	6
4004	6
4005	6
4006	6
4007	6
4008	6
4009	6
4010	6
4011	6
4012	6
4013	6
4014	6
4015	6
4016	6
4017	6
4018	6
4019	6
4020	6
4021	6
4022	6
4023	6
4024	6
4025	6
4026	6
4027	6
4028	6
4029	6
4030	6
4031	6
4032	6
4033	6
4034	6
4035	6
4036	6
4037	6
4038	6
4039	6
4040	6
4041	6
4042	6
4043	6
4044	6
4045	6
4046	6
4047	6
4048	6
4049	6
4050	6
4051	6
4052	6
4053	6
4054	6
4055	6
4056	6
4057	6
4058	6
4059	6
4060	6
4061	6
4062	6
4063	6
4064	6
4065	6
4066	6
4067	6
4068	6
4069	6
4070	6
4071	6
4072	6
4073	6
4074	6
4075	6
4076	6
4077	6
4078	6
4079	6
4080	6
4081	6
4082	6
4083	6
4084	6
4085	6
4086	6
4087	6
4088	6
4089	6
4090	6
4091	6
4092	6
4093	6
4094	6
4095	6
4096	6
4097	6
4098	6
4099	6
4100	6
4101	6
4102	6
4103	6
4104	6
4105	6
4106	6
4107	6
4108	6
4109	6
4110	6
4111	6
4112	6
4113	6
4114	6
4115	6
4116	6
4117	6
4118	6
4119	6
4120	6
4121	6
4122	6
4123	6
4124	6
4125	6
4126	6
4127	6
4128	6
4129	6
4130	6
4131	6
4132	6
4133	6
4134	6
4135	6
4136	6
4137	6
4138	6
4139	6
4140	6
4141	6
4142	6
4143	6
4144	6
4145	6
4146	6
4147	6
4148	6
4149	6
4150	6
4151	6
4152	6
4153	6
4154	6
4155	6
4156	6
4157	6
4158	6
4159	6
4160	6
4161	6
4162	6
4163	6
4164	6
4165	6
4166	6
4167	6
4168	6
4169	6
4170	6
4171	6
4172	6
4173	6
4174	6
4175	6
4176	6
4177	6
4178	6
4179	6
4180	6
4181	6
4182	6
4183	6
4184	6
4185	6
4186	6
4187	6
4188	6
4189	6
4190	6
4191	6
4192	6
4193	6
4194	6
4195	6
4196	6
4197	6
4198	6
4199	6
4200	6
4201	6
4202	6
4203	6
4204	6
4205	6
4206	6
4207	6
4208	6
4209	6
4210	6
4211	6
4212	6
4213	6
4214	6
4215	6
4216	6
4217	6
4218	6
4219	6
4220	6
4221	6
4222	6
4223	6
4224	6
4225	6
4226	6
4227	6
4228	6
4229	6
4230	6
4231	6
4232	6
4233	6
4234	6
4235	6
4236	6
4237	6
4238	6
4239	6
4240	6
4241	6
4242	6
4243	6
4244	6
4245	6
4246	6
4247	6
4248	6
4249	6
4250	6
4251	6
4252	6
4253	6
4254	6
4255	6
4256	6
4257	6
4258	6
4259	6
4260	6
4261	6
4262	6
4263	6
4264	6
4265	6
4266	6
4267	6
4268	6
4269	6
4270	6
4271	6
4272	6
4273	6
4274	6
4275	6
4276	6
4277	6
4278	6
4279	6
4280	6
4281	6
4282	6
4283	6
4284	6
4285	6
4286	6
4287	6
4288	6
4289	6
4290	6
4291	6
4292	6
4293	6
4294	6
4295	6
4296	6
4297	6
4298	6
4299	6
4300	6
4301	6
4302	6
4303	6
4304	6
4305	6
4306	6
4307	6
4308	6
4309	6
4310	6
4311	6
4312	6
4313	6
4314	6
4315	6
4316	6
4317	6
4318	6
4319	6
4320	6
4321	6
4322	6
4323	6
4324	6
4325	6
4326	6
4327	6
4328	6
4329	6
4330	6
4331	6
4332	6
4333	6
4334	6
4335	6
4336	6
4337	6
4338	6
4339	6
4340	6
4341	6
4342	6
4343	6
4344	6
4345	6
4346	6
4347	6
4348	6
4349	6
4350	6
4351	6
4352	6
4353	6
4354	6
4355	6
4356	6
4357	6
4358	6
4359	6
4360	6
4361	6
4362	6
4363	6
4364	6
4365	6
4366	6
4367	6
4368	6
4369	6
4370	6
4371	6
4372	6
4373	6
4374	6
4375	6
4376	6
4377	6
4378	6
4379	6
4380	6
4381	6
4382	6
4383	6
4384	6
4385	6
4386	6
4387	6
4388	6
4389	6
4390	6
4391	6
4392	6
4393	6
4394	6
4395	6
4396	6
4397	6
4398	6
4399	6
4400	6
4401	6
4402	6
4403	6
4404	6
4405	6
4406	6
4407	6
4408	6
4409	6
4410	6
4411	6
4412	6
4413	6
4414	6
4415	6
4416	6
4417	6
4418	6
4419	6
4420	6
4421	6
4422	6
4423	6
4424	6
4425	6
4426	6
4427	6
4428	6
4429	6
4430	6
4431	6
4432	6
4433	6
4434	6
4435	6
4436	6
4437	6
4438	6
4439	6
4440	6
4441	6
4442	6
4443	6
4444	6
4445	6
4446	6
4447	6
4448	6
4449	6
4450	6
4451	6
4452	6
4453	6
4454	6
4455	6
4456	6
4457	6
4458	6
4459	6
4460	6
4461	6
4462	6
4463	6
4464	6
4465	6
4466	6
4467	6
4468	6
4469	6
4470	6
4471	6
4472	6
4473	6
4474	6
4475	6
4476	6
4477	6
4478	6
4479	6
4480	6
4481	6
4482	6
4483	6
4484	6
4485	6
4486	6
4487	6
4488	6
4489	6
4490	6
4491	6
4492	6
4493	6
4494	6
4495	6
4496	6
4497	6
4498	6
4499	6
4500	6
4501	6
4502	6
4503	6
4504	6
4505	6
4506	6
4507	6
4508	6
4509	6
4510	6
4511	6
4512	6
4513	6
4514	6
4515	6
4516	6
4517	6
4518	6
4519	6
4520	6
4521	6
4522	6
4523	6
4524	6
4525	6
4526	6
4527	6
4528	6
4529	6
4530	6
4531	6
4532	6
4533	6
4534	6
4535	6
4536	6
4537	6
4538	6
4539	6
4540	6
4541	6
4542	6
4543	6
4544	6
4545	6
4546	6
4547	6
4548	6
4549	6
4550	6
4551	6
4552	6
4553	6
4554	6
4555	6
4556	6
4557	6
4558	6
4559	6
4560	6
4561	6
4562	6
4563	6
4564	6
4565	6
4566	6
4567	6
4568	6
4569	6
4570	6
4571	6
4572	6
4573	6
4574	6
4575	6
4576	6
4577	6
4578	6
4579	6
4580	6
4581	6
4582	6
4583	6
4584	6
4585	6
4586	6
4587	6
4588	6
4589	6
4590	6
4591	6
4592	6
4593	6
4594	6
4595	6
4596	6
4597	6
4598	6
4599	6
4600	6
4601	6
4602	6
4603	6
4604	6
4605	6
4606	6
4607	6
4608	6
4609	6
4610	6
4611	6
4612	6
4613	6
4614	6
4615	6
4616	6
4617	6
4618	6
4619	6
4620	6
4621	6
4622	6
4623	6
4624	6
4625	6
4626	6
4627	6
4628	6
4629	6
4630	6
4631	6
4632	6
4633	6
4634	6
4635	6
4636	6
4637	6
4638	6
4639	6
4640	6
4641	6
4642	6
4643	6
4644	6
4645	6
4646	6
4647	6
4648	6
4649	6
4650	6
4651	6
4652	6
4653	6
4654	6
4655	6
4656	6
4657	6
4658	6
4659	6
4660	6
4661	6
4662	6
4663	6
4664	6
4665	6
4666	6
4667	6
4668	6
4669	6
4670	6
4671	6
4672	6
4673	6
4674	6
4675	6
4676	6
4677	6
4678	6
4679	6
4680	6
4681	6
4682	6
4683	6
4684	6
4685	6
4686	6
4687	6
4688	6
4689	6
4690	6
4691	6
4692	6
4693	6
4694	6
4695	6
4696	6
4697	6
4698	6
4699	6
4700	6
4701	6
4702	6
4703	6
4704	6
4705	6
4706	6
4707	6
4708	6
4709	6
4710	6
4711	6
4712	6
4713	6
4714	6
4715	6
4716	6
4717	6
4718	6
4719	6
4720	6
4721	6
4722	6
4723	6
4724	6
4725	6
4726	6
4727	6
4728	6
4729	6
4730	6
4731	6
4732	6
4733	6
4734	6
4735	6
4736	6
4737	6
4738	6
4739	6
4740	6
4741	6
4742	6
4743	6
4744	6
4745	6
4746	6
4747	6
4748	6
4749	6
4750	6
4751	6
4752	6
4753	6
4754	6
4755	6
4756	6
4757	6
4758	6
4759	6
4760	6
4761	6
4762	6
4763	6
4764	6
4765	6
4766	6
4767	6
4768	6
4769	6
4770	6
4771	6
4772	6
4773	6
4774	6
4775	6
4776	6
4777	6
4778	6
4779	6
4780	6
4781	6
4782	6
4783	6
4784	6
4785	6
4786	6
4787	6
4788	6
4789	6
4790	6
4791	6
4792	6
4793	6
4794	6
4795	6
4796	6
4797	6
4798	6
4799	6
4800	6
4801	6
4802	6
4803	6
4804	6
4805	6
4806	6
4807	6
4808	6
4809	6
4810	6
4811	6
4812	6
4813	6
4814	6
4815	6
4816	6
4817	6
4818	6
4819	6
4820	6
4821	6
4822	6
4823	6
4824	6
4825	6
4826	6
4827	6
4828	6
4829	6
4830	6
4831	6
4832	6
4833	6
4834	6
4835	6
4836	6
4837	6
4838	6
4839	6
4840	6
4841	6
4842	6
4843	6
4844	6
4845	6
4846	6
4847	6
4848	6
4849	6
4850	6
4851	6
4852	6
4853	6
4854	6
4855	6
4856	6
4857	6
4858	6
4859	6
4860	6
4861	6
4862	6
4863	6
4864	6
4865	6
4866	6
4867	6
4868	6
4869	6
4870	6
4871	6
4872	6
4873	6
4874	6
4875	6
4876	6
4877	6
4878	6
4879	6
4880	6
4881	6
4882	6
4883	6
4884	6
4885	6
4886	6
4887	6
4888	6
4889	6
4890	6
4891	6
4892	6
4893	6
4894	6
4895	6
4896	6
4897	6
4898	6
4899	6
4900	6
4901	6
4902	6
4903	6
4904	6
4905	6
4906	6
4907	6
4908	6
4909	6
4910	6
4911	6
4912	6
4913	6
4914	6
4915	6
4916	6
4917	6
4918	6
4919	6
4920	6
4921	6
4922	6
4923	6
4924	6
4925	6
4926	6
4927	6
4928	6
4929	6
4930	6
4931	6
4932	6
4933	6
4934	6
4935	6
4936	6
4937	6
4938	6
4939	6
4940	6
4941	6
4942	6
4943	6
4944	6
4945	6
4946	6
4947	6
4948	6
4949	6
4950	6
4951	6
4952	6
4953	6
4954	6
4955	6
4956	6
4957	6
4958	6
4959	6
4960	6
4961	6
4962	6
4963	6
4964	6
4965	6
4966	6
4967	6
4968	6
4969	6
4970	6
4971	6
4972	6
4973	6
4974	6
4975	6
4976	6
4977	6
4978	6
4979	6
4980	6
4981	6
4982	6
4983	6
4984	6
4985	6
4986	6
4987	6
4988	6
4989	6
4990	6
4991	6
4992	6
4993	6
4994	6
4995	6
4996	6
4997	6
4998	6
4999	6
5000	6
5001	6
5002	6
5003	6
5004	6
5005	6
5006	6
5007	6
5008	6
5009	6
5010	6
5011	6
5012	6
5013	6
5014	6
5015	6
5016	6
5017	6
5018	6
5019	6
5020	6
5021	6
5022	6
5023	6
5024	6
5025	6
5026	6
5027	6
5028	6
5029	6
5030	6
5031	6
5032	6
5033	6
5034	6
5035	6
5036	6
5037	6
5038	6
5039	6
5040	6
5041	6
5042	6
5043	6
5044	6
5045	6
5046	6
5047	6
5048	6
5049	6
5050	6
5051	6
5052	6
5053	6
5054	6
5055	6
5056	6
5057	6
5058	6
5059	6
5060	6
5061	6
5062	6
5063	6
5064	6
5065	6
5066	6
5067	6
5068	6
5069	6
5070	6
5071	6
5072	6
5073	6
5074	6
5075	6
5076	6
5077	6
5078	6
5079	6
5080	6
5081	6
5082	6
5083	6
5084	6
5085	6
5086	6
5087	6
5088	6
5089	6
5090	6
5091	6
5092	6
5093	6
5094	6
5095	6
5096	6
5097	6
5098	6
5099	6
5100	6
5101	6
5102	6
5103	6
5104	6
5105	6
5106	6
5107	6
5108	6
5109	6
5110	6
5111	6
5112	6
5113	6
5114	6
5115	6
5116	6
5117	6
5118	6
5119	6
5120	6
5121	6
5122	6
5123	6
5124	6
5125	6
5126	6
5127	6
5128	6
5129	6
5130	6
5131	6
5132	6
5133	6
5134	6
5135	6
5136	6
5137	6
5138	6
5139	6
5140	6
5141	6
5142	6
5143	6
5144	6
5145	6
5146	6
5147	6
5148	6
5149	6
5150	6
5151	6
5152	6
5153	6
5154	6
5155	6
5156	6
5157	6
5158	6
5159	6
5160	6
5161	6
5162	6
5163	6
5164	6
5165	6
5166	6
5167	6
5168	6
5169	6
5170	6
5171	6
5172	6
5173	6
5174	6
5175	6
5176	6
5177	6
5178	6
5179	6
5180	6
5181	6
5182	6
5183	6
5184	6
5185	6
5186	6
5187	6
5188	6
5189	6
5190	6
5191	6
5192	6
5193	6
5194	6
5195	6
5196	6
5197	6
5198	6
5199	6
5200	6
5201	6
5202	6
5203	6
5204	6
5205	6
5206	6
5207	6
5208	6
5209	6
5210	6
5211	6
5212	6
5213	6
5214	6
5215	6
5216	6
5217	6
5218	6
5219	6
5220	6
5221	6
5222	6
5223	6
5224	6
5225	6
5226	6
5227	6
5228	6
5229	6
5230	6
5231	6
5232	6
5233	6
5234	6
5235	6
5236	6
5237	6
5238	6
5239	6
5240	6
5241	6
5242	6
5243	6
5244	6
5245	6
5246	6
5247	6
5248	6
5249	6
5250	6
5251	6
5252	6
5253	6
5254	6
5255	6
5256	6
5257	6
5258	6
5259	6
5260	6
5261	6
5262	6
5263	6
5264	6
5265	6
5266	6
5267	6
5268	6
5269	6
5270	6
5271	6
5272	6
5273	6
5274	6
5275	6
5276	6
5277	6
5278	6
5279	6
5280	6
5281	6
5282	6
5283	6
5284	6
5285	6
5286	6
5287	6
5288	6
5289	6
5290	6
5291	6
5292	6
5293	6
5294	6
5295	6
5296	6
5297	6
5298	6
5299	6
5300	6
5301	6
5302	6
5303	6
5304	6
5305	6
5306	6
5307	6
5308	6
5309	6
5310	6
5311	6
5312	6
5313	6
5314	6
5315	6
5316	6
5317	6
5318	6
5319	6
5320	6
5321	6
5322	6
5323	6
5324	6
5325	6
5326	6
5327	6
5328	6
5329	6
5330	6
5331	6
5332	6
5333	6
5334	6
5335	6
5336	6
5337	6
5338	6
5339	6
5340	6
5341	6
5342	6
5343	6
5344	6
5345	6
5346	6
5347	6
5348	6
5349	6
5350	6
5351	6
5352	6
5353	6
5354	6
5355	6
5356	6
5357	6
5358	6
5359	6
5360	6
5361	6
5362	6
5363	6
5364	6
5365	6
5366	6
5367	6
5368	6
5369	6
5370	6
5371	6
5372	6
5373	6
5374	6
5375	6
5376	6
5377	6
5378	6
5379	6
5380	6
5381	6
5382	6
5383	6
5384	6
5385	6
5386	6
5387	6
5388	6
5389	6
5390	6
5391	6
5392	6
5393	6
5394	6
5395	6
5396	6
5397	6
5398	6
5399	6
5400	6
5401	6
5402	6
5403	6
5404	6
5405	6
5406	6
5407	6
5408	6
5409	6
5410	6
5411	6
5412	6
5413	6
5414	6
5415	6
5416	6
5417	6
5418	6
5419	6
5420	6
5421	6
5422	6
5423	6
5424	6
5425	6
5426	6
5427	6
5428	6
5429	6
5430	6
5431	6
5432	6
5433	6
5434	6
5435	6
5436	6
5437	6
5438	6
5439	6
5440	6
5441	6
5442	6
5443	6
5444	6
5445	6
5446	6
5447	6
5448	6
5449	6
5450	6
5451	6
5452	6
5453	6
5454	6
5455	6
5456	6
5457	6
5458	6
5459	6
5460	6
5461	6
5462	6
5463	6
5464	6
5465	6
5466	6
5467	6
5468	6
5469	6
5470	6
5471	6
5472	6
5473	6
5474	6
5475	6
5476	6
5477	6
5478	6
5479	6
5480	6
5481	6
5482	6
5483	6
5484	6
5485	6
5486	6
5487	6
5488	6
5489	6
5490	6
5491	6
5492	6
5493	6
5494	6
5495	6
5496	6
5497	6
5498	6
5499	6
5500	6
5501	6
5502	6
5503	6
5504	6
5505	6
5506	6
5507	6
5508	6
5509	6
5510	6
5511	6
5512	6
5513	6
5514	6
5515	6
5516	6
5517	6
5518	6
5519	6
5520	6
5521	6
5522	6
5523	6
5524	6
5525	6
5526	6
5527	6
5528	6
5529	6
5530	6
5531	6
5532	6
5533	6
5534	6
5535	6
5536	6
5537	6
5538	6
5539	6
5540	6
5541	6
5542	6
5543	6
5544	6
5545	6
5546	6
5547	6
5548	6
5549	6
5550	6
5551	6
5552	6
5553	6
5554	6
5555	6
5556	6
5557	6
5558	6
5559	6
5560	6
5561	6
5562	6
5563	6
5564	6
5565	6
5566	6
5567	6
5568	6
5569	6
5570	6
5571	6
5572	6
5573	6
5574	6
5575	6
5576	6
5577	6
5578	6
5579	6
5580	6
5581	6
5582	6
5583	6
5584	6
5585	6
5586	6
5587	6
5588	6
5589	6
5590	6
5591	6
5592	6
5593	6
5594	6
5595	6
5596	6
5597	6
5598	6
5599	6
5600	6
5601	6
5602	6
5603	6
5604	6
5605	6
5606	6
5607	6
5608	6
5609	6
5610	6
5611	6
5612	6
5613	6
5614	6
5615	6
5616	6
5617	6
5618	6
5619	6
5620	6
5621	6
5622	6
5623	6
5624	6
5625	6
5626	6
5627	6
5628	6
5629	6
5630	6
5631	6
5632	6
5633	6
5634	6
5635	6
5636	6
5637	6
5638	6
5639	6
5640	6
5641	6
5642	6
5643	6
5644	6
5645	6
5646	6
5647	6
5648	6
5649	6
5650	6
5651	6
5652	6
5653	6
5654	6
5655	6
5656	6
5657	6
5658	6
5659	6
5660	6
5661	6
5662	6
5663	6
5664	6
5665	6
5666	6
5667	6
5668	6
5669	6
5670	6
5671	6
5672	6
5673	6
5674	6
5675	6
5676	6
5677	6
5678	7
5679	7
5680	7
5681	7
5682	7
5683	7
5684	7
5685	7
5686	7
5687	7
5688	7
5689	7
5690	7
5691	7
5692	7
5693	7
5694	7
5695	7
5696	7
5697	7
5698	7
5699	7
5700	7
5701	7
5702	7
5703	7
5704	7
5705	7
5706	7
5707	7
5708	7
5709	7
5710	7
5711	7
5712	7
5713	7
5714	7
5715	7
5716	7
5717	7
5718	7
5719	7
5720	7
5721	7
5722	7
5723	7
5724	7
5725	7
5726	7
5727	7
5728	7
5729	7
5730	7
5731	7
5732	7
5733	7
5734	7
5735	7
5736	7
5737	7
5738	7
5739	7
5740	7
5741	7
5742	7
5743	8
5744	8
5745	8
5746	8
5747	8
5748	8
5749	8
5750	8
5751	8
5752	8
5753	8
5754	8
5755	8
5756	8
5757	8
5758	8
5759	8
5760	8
5761	8
5762	8
5763	8
5764	8
5765	8
5766	8
5767	8
5768	8
5769	8
5770	8
5771	8
5772	8
5773	8
5774	8
5775	8
5776	8
5777	8
5778	8
5779	8
5780	8
5781	8
5782	8
5783	8
5784	8
5785	8
5786	8
5787	8
5788	8
5789	8
5790	8
5791	8
5792	8
5793	8
5794	8
5795	8
5796	8
5797	8
5798	8
5799	8
5800	8
5801	8
5802	8
5803	8
5804	8
5805	8
5806	8
5807	8
5808	8
5809	8
5810	8
5811	8
5812	8
5813	8
5814	8
5815	8
5816	8
5817	8
5818	8
5819	8
5820	8
5821	8
5822	8
5823	8
5824	8
5825	8
5826	8
5827	8
5828	8
5829	8
5830	8
5831	8
5832	8
5833	8
5834	8
5835	8
5836	8
5837	8
5838	8
5839	8
5840	8
5841	8
5842	8
5843	8
5844	8
5845	8
5846	8
5847	8
5848	8
5849	8
5850	8
5851	8
5852	8
5853	8
5854	8
5855	8
5856	8
5857	8
5858	8
5859	8
5860	8
5861	8
5862	8
5863	8
5864	8
5865	8
5866	8
5867	8
5868	8
5869	8
5870	8
5871	8
5872	8
5873	8
5874	8
5875	8
5876	8
5877	8
5878	8
5879	8
5880	8
5881	8
5882	8
5883	8
5884	8
5885	8
5886	8
5887	8
5888	8
5889	8
5890	8
5891	8
5892	8
5893	8
5894	8
5895	8
5896	8
5897	8
5898	8
5899	8
5900	8
5901	8
5902	8
5903	8
5904	8
5905	8
5906	8
5907	8
5908	8
5909	8
5910	8
5911	8
5912	8
5913	8
5914	8
5915	8
5916	8
5917	8
5918	8
5919	8
5920	8
5921	8
5922	8
5923	8
5924	8
5925	8
5926	8
5927	8
5928	8
5929	8
5930	8
5931	8
5932	8
5933	8
5934	8
5935	8
5936	8
5937	8
5938	8
5939	8
5940	8
5941	8
5942	8
5943	8
5944	8
5945	8
5946	8
5947	8
5948	8
5949	8
5950	8
5951	8
5952	8
5953	8
5954	8
5955	8
5956	8
5957	8
5958	8
5959	8
5960	8
5961	8
5962	8
5963	8
5964	8
5965	8
5966	8
5967	8
5968	8
5969	8
5970	8
5971	8
5972	8
5973	8
5974	8
5975	8
5976	8
5977	8
5978	8
5979	8
5980	8
5981	8
5982	8
5983	8
5984	8
5985	8
5986	8
5987	8
5988	8
5989	8
5990	8
5991	8
5992	8
5993	8
5994	8
5995	8
5996	8
5997	8
5998	8
5999	8
6000	8
6001	8
6002	8
6003	8
6004	8
6005	8
6006	8
6007	8
6008	8
6009	8
6010	8
6011	8
6012	8
6013	8
6014	8
6015	8
6016	8
6017	8
6018	8
6019	8
6020	8
6021	8
6022	8
6023	8
6024	8
6025	8
6026	8
6027	8
6028	8
6029	8
6030	8
6031	8
6032	8
6033	8
6034	8
6035	8
6036	8
6037	8
6038	8
6039	8
6040	8
6041	8
6042	8
6043	8
6044	8
6045	8
6046	8
6047	8
6048	8
6049	8
6050	8
6051	8
6052	8
6053	8
6054	8
6055	8
6056	8
6057	8
6058	8
6059	8
6060	8
6061	8
6062	8
6063	8
6064	8
6065	8
6066	8
6067	8
6068	8
6069	8
6070	8
6071	8
6072	8
6073	8
6074	8
6075	8
6076	8
6077	8
6078	8
6079	8
6080	8
6081	8
6082	8
6083	8
6084	8
6085	8
6086	8
6087	8
6088	8
6089	8
6090	8
6091	8
6092	8
6093	8
6094	8
6095	8
6096	8
6097	8
6098	8
6099	8
6100	8
6101	8
6102	8
6103	8
6104	8
6105	8
6106	8
6107	8
6108	8
6109	8
6110	8
6111	8
6112	8
6113	8
6114	8
6115	8
6116	8
6117	8
6118	8
6119	8
6120	8
6121	8
6122	8
6123	8
6124	8
6125	8
6126	8
6127	8
6128	8
6129	8
6130	8
6131	8
6132	8
6133	8
6134	8
6135	8
6136	8
6137	8
6138	8
6139	8
6140	8
6141	8
6142	8
6143	8
6144	8
6145	8
6146	8
6147	8
6148	8
6149	8
6150	8
6151	8
6152	8
6153	8
6154	8
6155	8
6156	8
6157	8
6158	8
6159	8
6160	8
6161	8
6162	8
6163	8
6164	8
6165	8
6166	8
6167	8
6168	8
6169	8
6170	8
6171	8
6172	8
6173	8
6174	8
6175	8
6176	8
6177	8
6178	8
6179	8
6180	8
6181	8
6182	8
6183	8
6184	8
6185	8
6186	8
6187	8
6188	8
6189	8
6190	8
6191	8
6192	8
6193	8
6194	8
6195	8
6196	8
6197	8
6198	8
6199	8
6200	8
6201	8
6202	8
6203	8
6204	8
6205	8
6206	8
6207	8
6208	8
6209	8
6210	8
6211	8
6212	8
6213	8
6214	8
6215	8
6216	8
6217	8
6218	8
6219	8
6220	8
6221	8
6222	8
6223	8
6224	8
6225	8
6226	8
6227	8
6228	8
6229	8
6230	8
6231	8
6232	8
6233	8
6234	8
6235	8
6236	8
6237	8
6238	8
6239	8
6240	8
6241	8
6242	8
6243	8
6244	8
6245	8
6246	8
6247	8
6248	8
6249	8
6250	8
6251	8
6252	8
6253	8
6254	8
6255	8
6256	8
6257	8
6258	8
6259	8
6260	8
6261	8
6262	8
6263	8
6264	8
6265	8
6266	8
6267	8
6268	8
6269	8
6270	8
6271	8
6272	8
6273	8
6274	8
6275	8
6276	8
6277	8
6278	8
6279	8
6280	8
6281	8
6282	8
6283	8
6284	8
6285	8
6286	8
6287	8
6288	8
6289	8
6290	8
6291	8
6292	8
6293	8
6294	8
6295	8
6296	8
6297	8
6298	8
6299	8
6300	8
6301	8
6302	8
6303	8
6304	8
6305	8
6306	8
6307	8
6308	8
6309	8
6310	8
6311	8
6312	8
6313	8
6314	8
6315	8
6316	8
6317	8
6318	8
6319	8
6320	8
6321	8
6322	8
6323	8
6324	8
6325	8
6326	8
6327	8
6328	8
6329	8
6330	8
6331	8
6332	8
6333	8
6334	8
6335	8
6336	8
6337	8
6338	8
6339	8
6340	8
6341	8
6342	8
6343	8
6344	8
6345	8
6346	8
6347	8
6348	8
6349	8
6350	8
6351	8
6352	8
6353	8
6354	8
6355	8
6356	8
6357	8
6358	8
6359	8
6360	8
6361	8
6362	8
6363	8
6364	8
6365	8
6366	8
6367	8
6368	8
6369	8
6370	8
6371	8
6372	8
6373	8
6374	8
6375	8
6376	8
6377	8
6378	8
6379	8
6380	8
6381	8
6382	8
6383	8
6384	8
6385	8
6386	8
6387	8
6388	8
6389	8
6390	8
6391	8
6392	8
6393	8
6394	8
6395	8
6396	8
6397	8
6398	8
6399	8
6400	8
6401	8
6402	8
6403	8
6404	8
6405	8
6406	8
6407	8
6408	8
6409	8
6410	8
6411	8
6412	8
6413	8
6414	8
6415	8
6416	8
6417	8
6418	8
6419	8
6420	8
6421	8
6422	8
6423	8
6424	8
6425	8
6426	8
6427	8
6428	8
6429	8
6430	8
6431	8
6432	8
6433	8
6434	8
6435	8
6436	8
6437	8
6438	8
6439	8
6440	8
6441	8
6442	8
6443	8
6444	8
6445	8
6446	8
6447	8
6448	8
6449	8
6450	8
6451	8
6452	8
6453	8
6454	8
6455	8
6456	8
6457	8
6458	8
6459	8
6460	8
6461	8
6462	8
6463	8
6464	8
6465	8
6466	8
6467	8
6468	8
6469	8
6470	8
6471	8
6472	8
6473	8
6474	8
6475	8
6476	8
6477	8
6478	8
6479	8
6480	9
6481	9
6482	9
6483	9
6484	9
6485	9
6486	9
6487	9
6488	9
6489	9
6490	9
6491	9
6492	9
6493	9
6494	9
6495	9
6496	9
6497	9
6498	9
6499	9
6500	9
6501	9
6502	9
6503	9
6504	9
6505	9
6506	9
6507	9
6508	9
6509	9
6510	9
6511	9
6512	9
6513	9
6514	9
6515	9
6516	9
6517	9
6518	9
6519	9
6520	9
6521	9
6522	9
6523	9
6524	9
6525	9
6526	9
6527	9
6528	9
6529	9
6530	9
6531	9
6532	9
6533	9
6534	9
6535	9
6536	9
6537	9
6538	9
6539	9
6540	9
6541	9
6542	9
6543	9
6544	9
6545	9
6546	9
6547	9
6548	9
6549	9
6550	9
6551	9
6552	9
6553	9
6554	9
6555	9
6556	9
6557	9
6558	9
6559	9
6560	9
6561	9
6562	9
6563	9
6564	9
6565	9
6566	9
6567	9
6568	9
6569	9
6570	9
6571	9
6572	9
6573	9
6574	9
6575	9
6576	9
6577	9
6578	9
6579	9
6580	9
6581	9
6582	9
6583	9
6584	9
6585	9
6586	9
6587	9
6588	9
6589	9
6590	9
6591	9
6592	9
6593	9
6594	9
6595	9
6596	9
6597	9
6598	9
6599	9
6600	9
6601	9
6602	9
6603	9
6604	9
6605	9
6606	9
6607	9
6608	9
6609	9
6610	9
6611	9
6612	9
6613	9
6614	9
6615	9
6616	9
6617	9
6618	9
6619	9
6620	9
6621	9
6622	9
6623	9
6624	9
6625	9
6626	9
6627	9
6628	9
6629	9
6630	9
6631	9
6632	9
6633	9
6634	9
6635	9
6636	9
6637	9
6638	9
6639	9
6640	9
6641	9
6642	9
6643	9
6644	9
6645	9
6646	9
6647	9
6648	9
6649	9
6650	9
6651	9
6652	9
6653	9
6654	9
6655	9
6656	9
6657	9
6658	9
6659	9
6660	9
6661	9
6662	9
6663	9
6664	9
6665	9
6666	9
6667	9
6668	9
6669	9
6670	9
6671	9
6672	9
6673	9
6674	9
6675	9
6676	9
6677	9
6678	9
6679	9
6680	9
6681	9
6682	9
6683	9
6684	9
6685	9
6686	9
6687	9
6688	9
6689	9
6690	9
6691	9
6692	9
6693	9
6694	9
6695	9
6696	9
6697	9
6698	9
6699	9
6700	9
6701	9
6702	9
6703	9
6704	9
6705	9
6706	9
6707	9
6708	9
6709	9
6710	9
6711	9
6712	9
6713	9
6714	9
6715	9
6716	9
6717	9
6718	9
6719	9
6720	9
6721	9
6722	9
6723	9
6724	9
6725	9
6726	9
6727	9
6728	9
6729	9
6730	9
6731	9
6732	9
6733	9
6734	9
6735	9
6736	9
6737	9
6738	9
6739	9
6740	9
6741	9
6742	9
6743	9
6744	9
6745	9
6746	9
6747	9
6748	9
6749	9
6750	9
6751	9
6752	9
6753	9
6754	9
6755	9
6756	9
6757	9
6758	9
6759	9
6760	9
6761	9
6762	9
6763	9
6764	9
6765	9
6766	9
6767	9
6768	9
6769	9
6770	9
6771	9
6772	9
6773	9
6774	9
6775	9
6776	9
6777	9
6778	9
6779	9
6780	9
6781	9
6782	9
6783	9
6784	9
6785	9
6786	9
6787	9
6788	9
6789	9
6790	9
6791	9
6792	9
6793	9
6794	9
6795	9
6796	9
6797	9
6798	9
6799	9
6800	9
6801	9
6802	9
6803	9
6804	9
6805	9
6806	9
6807	9
6808	9
6809	9
6810	9
6811	9
6812	9
6813	9
6814	9
6815	9
6816	9
6817	9
6818	9
6819	9
6820	9
6821	9
6822	9
6823	9
6824	9
6825	9
6826	9
6827	9
6828	9
6829	9
6830	9
6831	9
6832	9
6833	9
6834	9
6835	9
6836	9
6837	9
6838	9
6839	9
6840	9
6841	9
6842	9
6843	9
6844	9
6845	9
6846	9
6847	9
6848	9
6849	9
6850	9
6851	9
6852	9
6853	9
6854	9
6855	9
6856	9
6857	9
6858	9
6859	9
6860	9
6861	9
6862	9
6863	9
6864	9
6865	9
6866	9
6867	9
6868	9
6869	9
6870	9
6871	9
6872	9
6873	9
6874	9
6875	9
6876	9
6877	9
6878	9
6879	9
6880	9
6881	9
6882	9
6883	9
6884	9
6885	9
6886	9
6887	9
6888	9
6889	9
6890	9
6891	9
6892	9
6893	9
6894	9
6895	9
6896	9
6897	9
6898	9
6899	9
6900	9
6901	9
6902	9
6903	9
6904	9
6905	9
6906	9
6907	9
6908	9
6909	9
6910	9
6911	9
6912	9
6913	9
6914	9
6915	9
6916	9
6917	9
6918	9
6919	9
6920	9
6921	9
6922	9
6923	9
6924	9
6925	9
6926	9
6927	9
6928	9
6929	9
6930	9
6931	9
6932	9
6933	9
6934	9
6935	9
6936	9
6937	9
6938	9
6939	9
6940	9
6941	9
6942	9
6943	9
6944	9
6945	9
6946	9
6947	9
6948	9
6949	9
6950	9
6951	9
6952	9
6953	9
6954	9
6955	9
6956	9
6957	9
6958	9
6959	9
6960	9
6961	9
6962	9
6963	9
6964	9
6965	9
6966	9
6967	9
6968	9
6969	9
6970	9
6971	9
6972	9
6973	9
6974	9
6975	9
6976	9
6977	9
6978	9
6979	9
6980	9
6981	9
6982	9
6983	9
6984	9
6985	9
6986	9
6987	9
6988	9
6989	9
6990	9
6991	9
6992	9
6993	9
6994	9
6995	9
6996	9
6997	9
6998	9
6999	9
7000	9
7001	9
7002	9
7003	9
7004	9
7005	9
7006	9
7007	9
7008	9
7009	9
7010	9
7011	9
7012	9
7013	9
7014	9
7015	9
7016	9
7017	9
7018	9
7019	9
7020	9
7021	9
7022	9
7023	9
7024	9
7025	9
7026	9
7027	9
7028	9
7029	9
7030	9
7031	9
7032	9
7033	9
7034	9
7035	9
7036	9
7037	9
7038	9
7039	9
7040	9
7041	9
7042	9
7043	9
7044	9
7045	9
7046	9
7047	9
7048	9
7049	9
7050	9
7051	9
7052	9
7053	9
7054	9
7055	9
7056	9
7057	9
7058	9
7059	9
7060	9
7061	9
7062	9
7063	9
7064	9
7065	9
7066	9
7067	9
7068	9
7069	9
7070	9
7071	9
7072	9
7073	9
7074	9
7075	9
7076	9
7077	9
7078	9
7079	9
7080	9
7081	9
7082	9
7083	9
7084	9
7085	9
7086	9
7087	9
7088	9
7089	9
7090	9
7091	9
7092	9
7093	9
7094	9
7095	9
7096	9
7097	9
7098	9
7099	9
7100	9
7101	9
7102	9
7103	9
7104	9
7105	9
7106	9
7107	9
7108	9
7109	9
7110	9
7111	9
7112	9
7113	9
7114	9
7115	9
7116	9
7117	9
7118	9
7119	9
7120	9
7121	9
7122	9
7123	9
7124	9
7125	9
7126	9
7127	9
7128	9
7129	9
7130	9
7131	9
7132	9
7133	9
7134	9
7135	9
7136	9
7137	9
7138	9
7139	9
7140	9
7141	9
7142	9
7143	9
7144	10
7145	10
7146	10
7147	10
7148	10
7149	10
7150	10
7151	10
7152	10
7153	10
7154	10
7155	10
7156	10
7157	10
7158	10
7159	10
7160	10
7161	10
7162	10
7163	10
7164	10
7165	10
7166	10
7167	10
7168	10
7169	10
7170	10
7171	10
7172	10
7173	10
7174	10
7175	10
7176	10
7177	10
7178	10
7179	10
7180	10
7181	10
7182	10
7183	10
7184	10
7185	10
7186	10
7187	10
7188	10
7189	10
7190	10
7191	10
7192	10
7193	10
7194	10
7195	10
7196	10
7197	10
7198	10
7199	10
7200	10
7201	10
7202	10
7203	10
7204	10
7205	10
7206	11
7207	11
7208	11
7209	11
7210	11
7211	11
7212	11
7213	11
7214	11
7215	11
7216	11
7217	11
7218	11
7219	11
7220	11
7221	11
7222	11
7223	11
7224	11
7225	11
7226	11
7227	11
7228	11
7229	11
7230	11
7231	11
7232	11
7233	11
7234	11
7235	11
7236	11
7237	11
7238	11
7239	11
7240	11
7241	11
7242	11
7243	11
7244	11
7245	11
7246	11
7247	11
7248	11
7249	11
7250	11
7251	11
7252	11
7253	11
7254	11
7255	11
7256	11
7257	11
7258	11
7259	11
7260	11
7261	11
7262	11
7263	11
7264	11
7265	11
7266	11
7267	11
7268	11
7269	11
7270	11
7271	11
7272	11
7273	11
7274	11
7275	11
7276	11
7277	11
7278	11
7279	11
7280	11
7281	11
7282	11
7283	11
7284	11
7285	11
7286	11
7287	11
7288	11
7289	11
7290	11
7291	11
7292	11
7293	11
7294	11
7295	11
7296	11
7297	11
7298	11
7299	11
7300	11
7301	11
7302	11
7303	11
7304	11
7305	11
7306	11
7307	11
7308	11
7309	11
7310	11
7311	11
7312	11
7313	11
7314	11
7315	11
7316	11
7317	11
7318	11
7319	11
7320	11
7321	11
7322	11
7323	11
7324	11
7325	11
7326	11
7327	11
7328	11
7329	11
7330	11
7331	11
7332	11
7333	11
7334	11
7335	11
7336	11
7337	11
7338	11
7339	11
7340	11
7341	11
7342	11
7343	11
7344	11
7345	11
7346	11
7347	11
7348	11
7349	11
7350	11
7351	11
7352	11
7353	11
7354	11
7355	11
7356	11
7357	11
7358	11
7359	11
7360	11
7361	11
7362	11
7363	11
7364	11
7365	11
7366	11
7367	11
7368	11
7369	11
7370	11
7371	11
7372	11
7373	11
7374	11
7375	11
7376	11
7377	11
7378	11
7379	11
7380	11
7381	11
7382	11
7383	11
7384	11
7385	11
7386	11
7387	11
7388	11
7389	11
7390	11
7391	11
7392	11
7393	11
7394	11
7395	11
7396	11
7397	11
7398	11
7399	11
7400	11
7401	11
7402	11
7403	11
7404	11
7405	11
7406	11
7407	11
7408	11
7409	11
7410	11
7411	11
7412	11
7413	11
7414	11
7415	11
7416	11
7417	11
7418	11
7419	11
7420	11
7421	11
7422	11
7423	11
7424	11
7425	11
7426	11
7427	11
7428	11
7429	11
7430	11
7431	11
7432	11
7433	11
7434	11
7435	11
7436	11
7437	11
7438	11
7439	11
7440	11
7441	11
7442	11
7443	11
7444	11
7445	11
7446	12
7447	12
7448	12
7449	12
7450	12
7451	12
7452	12
7453	12
7454	12
7455	12
7456	12
7457	12
7458	12
7459	12
7460	12
7461	12
7462	12
7463	12
7464	12
7465	12
7466	12
7467	12
7468	12
7469	12
7470	12
7471	12
7472	12
7473	12
7474	12
7475	12
7476	12
7477	12
7478	12
7479	12
7480	12
7481	12
7482	12
7483	12
7484	12
7485	12
7486	12
7487	12
7488	12
7489	12
7490	12
7491	12
7492	12
7493	12
7494	12
7495	12
7496	12
7497	12
7498	12
7499	12
7500	12
7501	12
7502	12
7503	12
7504	12
7505	12
7506	12
7507	12
7508	12
7509	12
7510	12
7511	12
7512	12
7513	12
7514	12
7515	12
7516	12
7517	12
7518	12
7519	12
7520	12
7521	12
7522	12
7523	12
7524	12
7525	12
7526	12
7527	12
7528	12
7529	12
7530	12
7531	12
7532	12
7533	12
7534	12
7535	12
7536	12
7537	12
7538	12
7539	12
7540	12
7541	12
7542	12
7543	12
7544	12
7545	12
7546	12
7547	12
7548	12
7549	12
7550	12
7551	12
7552	12
7553	12
7554	12
7555	12
7556	12
7557	12
7558	12
7559	12
7560	12
7561	12
7562	12
7563	12
7564	12
7565	12
7566	12
7567	12
7568	12
7569	12
7570	12
7571	12
7572	12
7573	12
7574	12
7575	12
7576	12
7577	12
7578	12
7579	12
7580	12
7581	12
7582	12
7583	12
7584	12
7585	12
7586	12
7587	12
7588	12
7589	12
7590	12
7591	12
7592	12
7593	12
7594	12
7595	12
7596	12
7597	12
7598	12
7599	12
7600	12
7601	12
7602	12
7603	12
7604	12
7605	12
7606	12
7607	12
7608	12
7609	12
7610	12
7611	12
7612	12
7613	12
7614	12
7615	12
7616	12
7617	12
7618	12
7619	12
7620	12
7621	12
7622	12
7623	12
7624	12
7625	12
7626	12
7627	12
7628	12
7629	12
7630	12
7631	12
7632	12
7633	12
7634	12
7635	12
7636	12
7637	12
7638	12
7639	12
7640	12
7641	12
7642	12
7643	12
7644	12
7645	12
7646	12
7647	12
7648	12
7649	12
7650	12
7651	12
7652	12
7653	12
7654	12
7655	12
7656	12
7657	12
7658	12
7659	12
7660	12
7661	12
7662	12
7663	12
7664	12
7665	12
7666	12
7667	12
7668	12
7669	12
7670	12
7671	12
7672	12
7673	12
7674	12
7675	12
7676	12
7677	12
7678	12
7679	12
7680	12
7681	12
7682	12
7683	12
7684	12
7685	12
7686	12
7687	12
7688	12
7689	12
7690	12
7691	12
7692	12
7693	12
7694	12
7695	12
7696	12
7697	12
7698	12
7699	12
7700	12
7701	12
7702	12
7703	12
7704	12
7705	12
7706	12
7707	12
7708	12
7709	12
7710	12
7711	12
7712	12
7713	12
7714	12
7715	12
7716	12
7717	12
7718	12
7719	12
7720	12
7721	12
7722	12
7723	12
7724	12
7725	12
7726	12
7727	12
7728	12
7729	12
7730	12
7731	12
7732	12
7733	12
7734	12
7735	12
7736	12
7737	12
7738	12
7739	12
7740	12
7741	12
7742	12
7743	12
7744	12
7745	12
7746	12
7747	12
7748	12
7749	12
7750	12
7751	12
7752	12
7753	12
7754	12
7755	12
7756	12
7757	12
7758	12
7759	12
7760	12
7761	12
7762	12
7763	12
7764	12
7765	12
7766	12
7767	12
7768	12
7769	12
7770	12
7771	12
7772	13
7773	13
7774	13
7775	13
7776	13
7777	13
7778	13
7779	13
7780	13
7781	13
7782	13
7783	13
7784	13
7785	13
7786	13
7787	13
7788	13
7789	13
7790	13
7791	13
7792	13
7793	13
7794	13
7795	13
7796	13
7797	13
7798	13
7799	13
7800	13
7801	13
7802	13
7803	13
7804	13
7805	13
7806	13
7807	13
7808	13
7809	13
7810	13
7811	13
7812	13
7813	13
7814	13
7815	13
7816	13
7817	13
7818	13
7819	13
7820	13
7821	13
7822	13
7823	13
7824	13
7825	13
7826	13
7827	13
7828	13
7829	13
7830	13
7831	13
7832	13
7833	13
7834	13
7835	13
7836	13
7837	13
7838	13
7839	13
7840	13
7841	13
7842	13
7843	13
7844	13
7845	13
7846	13
7847	13
7848	13
7849	13
7850	13
7851	13
7852	13
7853	13
7854	13
7855	13
7856	13
7857	13
7858	13
7859	13
7860	13
7861	13
7862	13
7863	13
7864	13
7865	13
7866	13
7867	13
7868	13
7869	13
7870	13
7871	13
7872	13
7873	13
7874	13
7875	13
7876	13
7877	13
7878	13
7879	13
7880	13
7881	13
7882	13
7883	13
7884	13
7885	13
7886	13
7887	13
7888	13
7889	13
7890	13
7891	13
7892	13
7893	13
7894	13
7895	13
7896	13
7897	13
7898	13
7899	13
7900	13
7901	13
7902	13
7903	13
7904	13
7905	13
7906	13
7907	13
7908	13
7909	13
7910	13
7911	13
7912	13
7913	13
7914	13
7915	13
7916	13
7917	13
7918	13
7919	13
7920	13
7921	13
7922	13
7923	13
7924	13
7925	13
7926	13
7927	13
7928	13
7929	13
7930	13
7931	13
7932	13
7933	13
7934	13
7935	13
7936	13
7937	13
7938	13
7939	13
7940	13
7941	13
7942	13
7943	13
7944	13
7945	14
7946	14
7947	14
7948	14
7949	14
7950	14
7951	14
7952	14
7953	14
7954	14
7955	14
7956	14
7957	14
7958	14
7959	14
7960	14
7961	14
7962	14
7963	14
7964	14
7965	14
7966	14
7967	14
7968	14
7969	14
7970	14
7971	14
7972	14
7973	14
7974	14
7975	14
7976	14
7977	14
7978	14
7979	14
7980	14
7981	14
7982	14
7983	14
7984	14
7985	14
7986	14
7987	14
7988	14
7989	14
7990	14
7991	14
7992	14
7993	14
7994	14
7995	14
7996	14
7997	14
7998	14
7999	14
8000	14
8001	14
8002	14
8003	14
8004	14
8005	14
8006	14
8007	14
8008	14
8009	14
8010	14
8011	14
8012	14
8013	14
8014	14
8015	14
8016	14
8017	14
8018	14
8019	14
8020	14
8021	14
8022	14
8023	14
8024	14
8025	14
8026	14
8027	14
8028	14
8029	14
8030	14
8031	14
8032	14
8033	14
8034	14
8035	14
8036	14
8037	14
8038	14
8039	14
8040	14
8041	14
8042	14
8043	14
8044	14
8045	14
8046	14
8047	14
8048	14
8049	14
8050	14
8051	14
8052	14
8053	14
8054	14
8055	14
8056	14
8057	14
8058	14
8059	14
8060	14
8061	14
8062	14
8063	14
8064	14
8065	14
8066	14
8067	14
8068	14
8069	14
8070	14
8071	14
8072	14
8073	14
8074	14
8075	14
8076	14
8077	14
8078	14
8079	14
8080	14
8081	14
8082	14
8083	14
8084	14
8085	14
8086	14
8087	14
8088	14
8089	14
8090	14
8091	14
8092	14
8093	14
8094	14
8095	14
8096	14
8097	14
8098	14
8099	14
8100	14
8101	14
8102	14
8103	14
8104	14
8105	14
8106	14
8107	14
8108	14
8109	14
8110	14
8111	14
8112	14
8113	14
8114	14
8115	14
8116	14
8117	14
8118	14
8119	14
8120	14
8121	14
8122	14
8123	14
8124	14
8125	14
8126	14
8127	14
8128	14
8129	14
8130	14
8131	14
8132	14
8133	14
8134	14
8135	14
8136	14
8137	14
8138	14
8139	14
8140	14
8141	14
8142	14
8143	14
8144	14
8145	14
8146	14
8147	14
8148	14
8149	14
8150	14
8151	14
8152	14
8153	14
8154	14
8155	14
8156	14
8157	14
8158	14
8159	14
8160	14
8161	14
8162	14
8163	14
8164	14
8165	14
8166	14
8167	14
8168	14
8169	14
8170	14
8171	14
8172	14
8173	14
8174	14
8175	14
8176	14
8177	14
8178	14
8179	14
8180	14
8181	14
8182	14
8183	14
8184	14
8185	14
8186	14
8187	14
8188	14
8189	14
8190	14
8191	14
8192	14
8193	14
8194	14
8195	14
8196	14
8197	14
8198	14
8199	14
8200	14
8201	14
8202	14
8203	14
8204	14
8205	14
8206	14
8207	14
8208	14
8209	14
8210	14
8211	14
8212	14
8213	14
8214	14
8215	14
8216	14
8217	14
8218	14
8219	14
8220	14
8221	14
8222	14
8223	14
8224	14
8225	14
8226	14
8227	14
8228	14
8229	14
8230	14
8231	14
8232	14
8233	14
8234	14
8235	14
8236	14
8237	14
8238	14
8239	14
8240	14
8241	14
8242	14
8243	14
8244	14
8245	14
8246	14
8247	14
8248	14
8249	14
8250	14
8251	14
8252	14
8253	14
8254	14
8255	14
8256	14
8257	14
8258	14
8259	14
8260	14
8261	14
8262	14
8263	14
8264	14
8265	14
8266	14
8267	14
8268	14
8269	14
8270	14
8271	14
8272	14
8273	14
8274	14
8275	14
8276	14
8277	14
8278	14
8279	14
8280	14
8281	14
8282	14
8283	14
8284	14
8285	14
8286	14
8287	14
8288	14
8289	14
8290	14
8291	14
8292	14
8293	14
8294	14
8295	14
8296	14
8297	14
8298	14
8299	14
8300	14
8301	14
8302	14
8303	14
8304	14
8305	14
8306	14
8307	14
8308	14
8309	14
8310	14
8311	14
8312	14
8313	14
8314	14
8315	14
8316	14
8317	14
8318	14
8319	14
8320	14
8321	14
8322	14
8323	14
8324	14
8325	14
8326	14
8327	14
8328	14
8329	14
8330	14
8331	14
8332	14
8333	14
8334	14
8335	14
8336	14
8337	14
8338	14
8339	14
8340	14
8341	14
8342	14
8343	14
8344	14
8345	14
8346	14
8347	14
8348	14
8349	14
8350	14
8351	14
8352	14
8353	14
8354	14
8355	14
8356	14
8357	14
8358	14
8359	14
8360	14
8361	14
8362	14
8363	14
8364	14
8365	14
8366	14
8367	14
8368	14
8369	14
8370	14
8371	14
8372	14
8373	14
8374	14
8375	14
8376	14
8377	14
8378	14
8379	14
8380	14
8381	14
8382	14
8383	14
8384	14
8385	14
8386	14
8387	14
8388	14
8389	14
8390	14
8391	14
8392	14
8393	14
8394	14
8395	14
8396	14
8397	14
8398	14
8399	14
8400	14
8401	14
8402	14
8403	14
8404	14
8405	14
8406	14
8407	14
8408	14
8409	14
8410	14
8411	14
8412	14
8413	14
8414	14
8415	14
8416	14
8417	14
8418	14
8419	14
8420	14
8421	14
8422	14
8423	14
8424	14
8425	14
8426	14
8427	14
8428	14
8429	14
8430	14
8431	14
8432	14
8433	14
8434	14
8435	14
8436	14
8437	14
8438	14
8439	14
8440	14
8441	14
8442	14
8443	14
8444	14
8445	14
8446	14
8447	14
8448	14
8449	14
8450	14
8451	14
8452	14
8453	14
8454	14
8455	14
8456	14
8457	14
8458	14
8459	14
8460	14
8461	14
8462	14
8463	14
8464	14
8465	14
8466	14
8467	14
8468	14
8469	14
8470	14
8471	14
8472	14
8473	14
8474	14
8475	14
8476	14
8477	14
8478	14
8479	14
8480	14
8481	14
8482	14
8483	14
8484	14
8485	14
8486	14
8487	14
8488	14
8489	14
8490	14
8491	14
8492	14
8493	14
8494	14
8495	14
8496	14
8497	14
8498	14
8499	14
8500	14
8501	14
8502	14
8503	14
8504	14
8505	14
8506	14
8507	14
8508	14
8509	14
8510	14
8511	14
8512	14
8513	15
8514	15
8515	15
8516	15
8517	15
8518	15
8519	15
8520	15
8521	15
8522	15
8523	15
8524	15
8525	15
8526	15
8527	15
8528	15
8529	15
8530	15
8531	15
8532	15
8533	15
8534	15
8535	15
8536	15
8537	15
8538	15
8539	15
8540	15
8541	15
8542	15
8543	15
8544	15
8545	15
8546	15
8547	15
8548	15
8549	15
8550	15
8551	15
8552	15
8553	15
8554	15
8555	15
8556	15
8557	15
8558	15
8559	15
8560	15
8561	15
8562	15
8563	15
8564	15
8565	15
8566	15
8567	15
8568	15
8569	15
8570	15
8571	15
8572	15
8573	15
8574	15
8575	15
8576	15
8577	15
8578	15
8579	15
8580	15
8581	15
8582	15
8583	15
8584	15
8585	15
8586	15
8587	15
8588	15
8589	15
8590	15
8591	15
8592	15
8593	15
8594	15
8595	15
8596	15
8597	15
8598	15
8599	15
8600	15
8601	15
8602	15
8603	15
8604	15
8605	15
8606	15
8607	15
8608	15
8609	15
8610	15
8611	15
8612	15
8613	15
8614	15
8615	15
8616	15
8617	15
8618	15
8619	15
8620	15
8621	15
8622	15
8623	15
8624	15
8625	15
8626	15
8627	15
8628	15
8629	15
8630	15
8631	15
8632	15
8633	15
8634	15
8635	15
8636	15
8637	15
8638	15
8639	15
8640	15
8641	15
8642	15
8643	15
8644	15
8645	15
8646	15
8647	15
8648	15
8649	15
8650	15
8651	15
8652	15
8653	15
8654	15
8655	15
8656	15
8657	15
8658	15
8659	15
8660	15
8661	15
8662	15
8663	15
8664	15
8665	15
8666	15
8667	15
8668	15
8669	15
8670	15
8671	15
8672	15
8673	15
8674	15
8675	15
8676	15
8677	15
8678	15
8679	15
8680	15
8681	15
8682	15
8683	15
8684	15
8685	15
8686	15
8687	15
8688	15
8689	15
8690	15
8691	15
8692	15
8693	15
8694	15
8695	15
8696	15
8697	15
8698	15
8699	15
8700	15
8701	15
8702	15
8703	15
8704	15
8705	15
8706	15
8707	15
8708	15
8709	15
8710	15
8711	15
8712	15
8713	15
8714	15
8715	15
8716	15
8717	15
8718	15
8719	15
8720	15
8721	15
8722	15
8723	15
8724	15
8725	15
8726	15
8727	15
8728	15
8729	15
8730	15
8731	15
8732	15
8733	15
8734	15
8735	15
8736	15
8737	15
8738	15
8739	15
8740	15
8741	15
8742	15
8743	15
8744	15
8745	15
8746	15
8747	15
8748	15
8749	15
8750	15
8751	15
8752	15
8753	15
8754	15
8755	15
8756	15
8757	15
8758	15
8759	15
8760	15
8761	15
8762	15
8763	15
8764	15
8765	15
8766	15
8767	15
8768	15
8769	15
8770	15
8771	15
8772	15
8773	15
8774	15
8775	15
8776	15
8777	15
8778	15
8779	15
8780	15
8781	15
8782	15
8783	15
8784	15
8785	15
8786	15
8787	15
8788	15
8789	15
8790	15
8791	15
8792	15
8793	15
8794	15
8795	15
8796	15
8797	15
8798	15
8799	15
8800	15
8801	15
8802	15
8803	15
8804	15
8805	15
8806	15
8807	15
8808	15
8809	15
8810	15
8811	15
8812	15
8813	15
8814	15
8815	15
8816	15
8817	15
8818	15
8819	15
8820	15
8821	15
8822	15
8823	15
8824	15
8825	15
8826	15
8827	15
8828	15
8829	15
8830	15
8831	15
8832	15
8833	15
8834	15
8835	15
8836	15
8837	15
8838	15
8839	15
8840	15
8841	15
8842	15
8843	15
8844	15
8845	15
8846	15
8847	15
8848	15
8849	15
8850	15
8851	15
8852	15
8853	15
8854	15
8855	15
8856	15
8857	15
8858	15
8859	15
8860	15
8861	15
8862	15
8863	15
8864	15
8865	15
8866	15
8867	15
8868	15
8869	15
8870	15
8871	15
8872	15
8873	15
8874	15
8875	15
8876	15
8877	15
8878	15
8879	15
8880	15
8881	15
8882	15
8883	15
8884	15
8885	15
8886	15
8887	15
8888	15
8889	15
8890	15
8891	15
8892	15
8893	15
8894	15
8895	15
8896	15
8897	15
8898	15
8899	15
8900	15
8901	15
8902	15
8903	15
8904	15
8905	15
8906	15
8907	15
8908	15
8909	15
8910	15
8911	15
8912	15
8913	15
8914	15
8915	15
8916	15
8917	15
8918	15
8919	15
8920	15
8921	15
8922	15
8923	15
8924	15
8925	15
8926	15
8927	15
8928	15
8929	15
8930	15
8931	15
8932	15
8933	15
8934	15
8935	15
8936	15
8937	15
8938	15
8939	15
8940	15
8941	15
8942	15
8943	15
8944	15
8945	15
8946	15
8947	15
8948	15
8949	15
8950	15
8951	15
8952	15
8953	15
8954	15
8955	15
8956	15
8957	15
8958	15
8959	15
8960	15
8961	15
8962	15
8963	15
8964	15
8965	15
8966	15
8967	15
8968	15
8969	15
8970	15
8971	15
8972	15
8973	15
8974	15
8975	15
8976	15
8977	15
8978	15
8979	15
8980	15
8981	15
8982	15
8983	15
8984	15
8985	15
8986	15
8987	15
8988	15
8989	15
8990	15
8991	15
8992	15
8993	15
8994	15
8995	15
8996	15
8997	15
8998	15
8999	15
9000	15
9001	15
9002	15
9003	15
9004	15
9005	15
9006	15
9007	15
9008	15
9009	15
9010	15
9011	15
9012	15
9013	15
9014	15
9015	15
9016	15
9017	15
9018	15
9019	15
9020	15
9021	15
9022	15
9023	15
9024	15
9025	15
9026	15
9027	15
9028	15
9029	15
9030	15
9031	15
9032	15
9033	15
9034	15
9035	15
9036	15
9037	15
9038	15
9039	15
9040	15
9041	15
9042	15
9043	15
9044	15
9045	15
9046	15
9047	15
9048	15
9049	15
9050	15
9051	15
9052	15
9053	15
9054	15
9055	15
9056	15
9057	15
9058	15
9059	15
9060	15
9061	15
9062	15
9063	15
9064	15
9065	15
9066	15
9067	15
9068	15
9069	15
9070	15
9071	15
9072	15
9073	15
9074	15
9075	15
9076	15
9077	15
9078	15
9079	15
9080	15
9081	15
9082	15
9083	15
9084	15
9085	15
9086	15
9087	15
9088	15
9089	15
9090	15
9091	15
9092	15
9093	15
9094	15
9095	15
9096	15
9097	15
9098	15
9099	15
9100	15
9101	15
9102	15
9103	15
9104	15
9105	15
9106	15
9107	15
9108	15
9109	15
9110	15
9111	15
9112	15
9113	15
9114	15
9115	15
9116	15
9117	15
9118	15
9119	15
9120	15
9121	15
9122	15
9123	15
9124	15
9125	15
9126	15
9127	15
9128	15
9129	15
9130	15
9131	15
9132	15
9133	15
9134	15
9135	15
9136	15
9137	15
9138	15
9139	15
9140	15
9141	15
9142	15
9143	15
9144	15
9145	15
9146	15
9147	15
9148	15
9149	15
9150	15
9151	15
9152	15
9153	15
9154	15
9155	15
9156	15
9157	15
9158	15
9159	15
9160	15
9161	15
9162	15
9163	15
9164	15
9165	15
9166	15
9167	15
9168	15
9169	15
9170	15
9171	15
9172	15
9173	15
9174	15
9175	15
9176	15
9177	15
9178	15
9179	15
9180	15
9181	15
9182	15
9183	15
9184	15
9185	15
9186	15
9187	15
9188	15
9189	15
9190	15
9191	15
9192	15
9193	15
9194	15
9195	15
9196	15
9197	15
9198	15
9199	15
9200	15
9201	15
9202	15
9203	15
9204	15
9205	15
9206	15
9207	15
9208	15
9209	15
9210	15
9211	15
9212	15
9213	15
9214	15
9215	15
9216	15
9217	15
9218	15
9219	15
9220	15
9221	15
9222	15
9223	15
9224	15
9225	15
9226	15
9227	15
9228	15
9229	15
9230	15
9231	15
9232	15
9233	15
9234	15
9235	15
9236	15
9237	15
9238	15
9239	15
9240	15
9241	15
9242	15
9243	15
9244	15
9245	15
9246	15
9247	15
9248	15
9249	15
9250	15
9251	15
9252	15
9253	15
9254	15
9255	15
9256	15
9257	15
9258	15
9259	15
9260	15
9261	15
9262	15
9263	15
9264	15
9265	15
9266	15
9267	15
9268	15
9269	15
9270	15
9271	15
9272	15
9273	15
9274	15
9275	15
9276	15
9277	15
9278	15
9279	15
9280	15
9281	15
9282	15
9283	15
9284	15
9285	15
9286	15
9287	15
9288	15
9289	15
9290	15
9291	15
9292	15
9293	15
9294	15
9295	15
9296	15
9297	15
9298	15
9299	15
9300	15
9301	15
9302	15
9303	15
9304	15
9305	15
9306	15
9307	15
9308	15
9309	15
9310	15
9311	15
9312	15
9313	15
9314	15
9315	15
9316	15
9317	15
9318	15
9319	15
9320	15
9321	15
9322	15
9323	15
9324	15
9325	15
9326	15
9327	15
9328	15
9329	15
9330	15
9331	15
9332	15
9333	15
9334	15
9335	15
9336	15
9337	15
9338	15
9339	15
9340	15
9341	15
9342	15
9343	15
9344	15
9345	15
9346	15
9347	15
9348	15
9349	15
9350	15
9351	15
9352	15
9353	15
9354	15
9355	15
9356	15
9357	15
9358	15
9359	15
9360	15
9361	15
9362	15
9363	15
9364	15
9365	15
9366	15
9367	15
9368	15
9369	15
9370	15
9371	15
9372	15
9373	15
9374	15
9375	15
9376	15
9377	15
9378	15
9379	15
9380	15
9381	15
9382	15
9383	15
9384	15
9385	15
9386	15
9387	15
9388	15
9389	15
9390	15
9391	15
9392	15
9393	15
9394	15
9395	15
9396	15
9397	15
9398	15
9399	15
9400	15
9401	15
9402	15
9403	15
9404	15
9405	15
9406	15
9407	15
9408	15
9409	15
9410	15
9411	15
9412	15
9413	15
9414	15
9415	15
9416	15
9417	15
9418	15
9419	15
9420	15
9421	15
9422	15
9423	15
9424	15
9425	15
9426	15
9427	15
9428	15
9429	15
9430	15
9431	15
9432	15
9433	15
9434	15
9435	15
9436	15
9437	15
9438	15
9439	15
9440	15
9441	15
9442	15
9443	15
9444	15
9445	15
9446	15
9447	15
9448	15
9449	15
9450	15
9451	15
9452	15
9453	15
9454	15
9455	15
9456	15
9457	15
9458	15
9459	15
9460	15
9461	15
9462	15
9463	15
9464	15
9465	15
9466	15
9467	15
9468	15
9469	15
9470	15
9471	15
9472	15
9473	15
9474	15
9475	15
9476	15
9477	15
9478	15
9479	15
9480	15
9481	15
9482	15
9483	15
9484	15
9485	15
9486	15
9487	15
9488	15
9489	15
9490	15
9491	15
9492	15
9493	15
9494	15
9495	15
9496	15
9497	15
9498	15
9499	15
9500	15
9501	15
9502	15
9503	15
9504	15
9505	15
9506	15
9507	15
9508	15
9509	15
9510	15
9511	15
9512	15
9513	15
9514	15
9515	15
9516	15
9517	15
9518	15
9519	15
9520	15
9521	15
9522	15
9523	15
9524	15
9525	15
9526	15
9527	15
9528	15
9529	15
9530	15
9531	15
9532	15
9533	15
9534	15
9535	15
9536	15
9537	15
9538	15
9539	15
9540	15
9541	15
9542	15
9543	15
9544	15
9545	15
9546	15
9547	15
9548	15
9549	15
9550	15
9551	15
9552	15
9553	15
9554	15
9555	15
9556	15
9557	15
9558	15
9559	15
9560	15
9561	15
9562	15
9563	15
9564	15
9565	15
9566	15
9567	15
9568	15
9569	15
9570	15
9571	15
9572	15
9573	15
9574	15
9575	15
9576	15
9577	15
9578	15
9579	15
9580	15
9581	15
9582	15
9583	15
9584	15
9585	15
9586	15
9587	15
9588	15
9589	15
9590	15
9591	15
9592	15
9593	15
9594	15
9595	15
9596	15
9597	15
9598	15
9599	15
9600	15
9601	15
9602	15
9603	15
9604	15
9605	15
9606	15
9607	15
9608	15
9609	15
9610	15
9611	15
9612	15
9613	15
9614	15
9615	15
9616	15
9617	15
9618	15
9619	15
9620	15
9621	15
9622	15
9623	15
9624	15
9625	15
9626	15
9627	15
9628	15
9629	15
9630	15
9631	15
9632	15
9633	15
9634	15
9635	15
9636	15
9637	15
9638	15
9639	15
9640	15
9641	15
9642	15
9643	15
9644	15
9645	15
9646	15
9647	15
9648	15
9649	15
9650	15
9651	15
9652	15
9653	15
9654	15
9655	15
9656	15
9657	15
9658	15
9659	15
9660	15
9661	15
9662	15
9663	15
9664	15
9665	15
9666	15
9667	15
9668	15
9669	15
9670	15
9671	15
9672	15
9673	15
9674	15
9675	15
9676	15
9677	15
9678	15
9679	15
9680	15
9681	15
9682	15
9683	15
9684	15
9685	15
9686	15
9687	15
9688	15
9689	15
9690	15
9691	15
9692	15
9693	15
9694	15
9695	15
9696	15
9697	15
9698	15
9699	15
9700	15
9701	15
9702	15
9703	15
9704	15
9705	15
9706	15
9707	15
9708	15
9709	15
9710	15
9711	15
9712	15
9713	15
9714	15
9715	15
9716	15
9717	15
9718	15
9719	15
9720	15
9721	15
9722	15
9723	15
9724	15
9725	15
9726	15
9727	15
9728	15
9729	15
9730	15
9731	15
9732	15
9733	15
9734	15
9735	15
9736	15
9737	15
9738	15
9739	15
9740	15
9741	15
9742	15
9743	15
9744	15
9745	15
9746	15
9747	15
9748	15
9749	15
9750	15
9751	15
9752	15
9753	15
9754	15
9755	15
9756	15
9757	15
9758	15
9759	15
9760	15
9761	15
9762	15
9763	15
9764	15
9765	15
9766	15
9767	15
9768	15
9769	15
9770	15
9771	15
9772	15
9773	15
9774	15
9775	15
9776	15
9777	15
9778	15
9779	15
9780	15
9781	15
9782	15
9783	15
9784	15
9785	15
9786	15
9787	15
9788	15
9789	15
9790	15
9791	15
9792	15
9793	15
9794	15
9795	15
9796	15
9797	15
9798	15
9799	15
9800	15
9801	15
9802	15
9803	15
9804	15
9805	15
9806	15
9807	15
9808	15
9809	15
9810	15
9811	15
9812	15
9813	15
9814	15
9815	15
9816	15
9817	15
9818	15
9819	15
9820	15
9821	15
9822	15
9823	15
9824	15
9825	15
9826	15
9827	15
9828	15
9829	15
9830	15
9831	15
9832	15
9833	15
9834	15
9835	15
9836	15
9837	15
9838	15
9839	15
9840	15
9841	15
9842	15
9843	15
9844	15
9845	15
9846	15
9847	15
9848	15
9849	15
9850	15
9851	15
9852	15
9853	15
9854	15
9855	15
9856	15
9857	15
9858	15
9859	15
9860	15
9861	15
9862	15
9863	15
9864	15
9865	15
9866	15
9867	15
9868	15
9869	15
9870	15
9871	15
9872	15
9873	15
9874	15
9875	15
9876	15
9877	15
9878	15
9879	15
9880	15
9881	15
9882	15
9883	15
9884	15
9885	15
9886	15
9887	15
9888	15
9889	15
9890	15
9891	15
9892	15
9893	15
9894	15
9895	15
9896	15
9897	15
9898	15
9899	15
9900	15
9901	15
9902	15
9903	15
9904	15
9905	15
9906	15
9907	15
9908	15
9909	15
9910	15
9911	15
9912	15
9913	15
9914	15
9915	15
9916	15
9917	15
9918	15
9919	15
9920	15
9921	15
9922	15
9923	15
9924	15
9925	15
9926	15
9927	15
9928	15
9929	15
9930	15
9931	15
9932	15
9933	15
9934	15
9935	15
9936	15
9937	15
9938	15
9939	15
9940	15
9941	15
9942	15
9943	15
9944	15
9945	15
9946	15
9947	15
9948	15
9949	15
9950	15
9951	15
9952	15
9953	15
9954	15
9955	15
9956	15
9957	15
9958	15
9959	15
9960	15
9961	15
9962	15
9963	15
9964	15
9965	15
9966	15
9967	15
9968	15
9969	15
9970	15
9971	15
9972	15
9973	15
9974	15
9975	15
9976	15
9977	15
9978	15
9979	15
9980	15
9981	15
9982	15
9983	15
9984	15
9985	15
9986	15
9987	15
9988	15
9989	15
9990	15
9991	15
9992	15
9993	15
9994	15
9995	15
9996	15
9997	15
9998	15
9999	15
10000	15
