#Clock	ItemsCollected
1	0
2	0
3	0
4	0
5	0
6	0
7	0
8	0
9	0
10	0
11	0
12	0
13	0
14	0
15	0
16	0
17	0
18	0
19	0
20	0
21	0
22	0
23	0
24	0
25	0
26	0
27	0
28	0
29	0
30	0
31	0
32	0
33	0
34	0
35	0
36	0
37	0
38	0
39	0
40	0
41	0
42	0
43	0
44	0
45	0
46	0
47	0
48	0
49	0
50	0
51	0
52	0
53	0
54	0
55	0
56	0
57	0
58	0
59	0
60	0
61	0
62	0
63	0
64	0
65	0
66	0
67	0
68	0
69	0
70	0
71	0
72	0
73	0
74	0
75	0
76	0
77	0
78	0
79	0
80	0
81	0
82	0
83	0
84	0
85	0
86	0
87	0
88	0
89	0
90	0
91	0
92	0
93	0
94	0
95	0
96	0
97	0
98	0
99	0
100	0
101	0
102	0
103	0
104	0
105	0
106	0
107	0
108	0
109	0
110	0
111	0
112	0
113	0
114	0
115	0
116	0
117	0
118	0
119	0
120	0
121	0
122	0
123	0
124	0
125	0
126	0
127	0
128	0
129	0
130	0
131	0
132	0
133	0
134	0
135	0
136	0
137	0
138	0
139	0
140	0
141	0
142	0
143	0
144	0
145	0
146	0
147	0
148	0
149	0
150	0
151	0
152	0
153	0
154	0
155	0
156	0
157	0
158	0
159	0
160	0
161	0
162	0
163	0
164	0
165	0
166	0
167	0
168	0
169	0
170	0
171	0
172	0
173	0
174	0
175	0
176	0
177	0
178	0
179	0
180	0
181	0
182	0
183	0
184	0
185	0
186	0
187	0
188	0
189	0
190	0
191	0
192	0
193	0
194	0
195	0
196	0
197	0
198	0
199	0
200	0
201	0
202	0
203	0
204	0
205	0
206	0
207	0
208	0
209	0
210	0
211	0
212	0
213	0
214	0
215	0
216	0
217	0
218	0
219	0
220	0
221	0
222	0
223	0
224	0
225	0
226	0
227	0
228	0
229	0
230	0
231	0
232	0
233	0
234	0
235	0
236	0
237	0
238	0
239	0
240	0
241	0
242	0
243	0
244	0
245	0
246	0
247	0
248	0
249	0
250	0
251	0
252	0
253	0
254	0
255	0
256	0
257	0
258	0
259	0
260	0
261	0
262	0
263	0
264	0
265	0
266	0
267	0
268	0
269	0
270	0
271	0
272	0
273	0
274	0
275	0
276	0
277	0
278	0
279	0
280	0
281	0
282	0
283	0
284	0
285	0
286	0
287	0
288	0
289	0
290	0
291	0
292	0
293	0
294	0
295	0
296	0
297	0
298	0
299	0
300	0
301	0
302	0
303	0
304	0
305	0
306	0
307	0
308	0
309	0
310	0
311	0
312	0
313	0
314	0
315	0
316	0
317	0
318	0
319	0
320	0
321	0
322	0
323	0
324	0
325	0
326	0
327	0
328	0
329	0
330	0
331	0
332	0
333	0
334	0
335	0
336	0
337	0
338	0
339	0
340	0
341	0
342	0
343	0
344	0
345	0
346	0
347	0
348	0
349	0
350	0
351	0
352	0
353	0
354	0
355	0
356	0
357	0
358	0
359	0
360	0
361	0
362	0
363	0
364	0
365	0
366	0
367	0
368	0
369	0
370	0
371	0
372	0
373	0
374	0
375	0
376	0
377	0
378	0
379	0
380	0
381	0
382	0
383	0
384	0
385	0
386	0
387	0
388	0
389	0
390	0
391	0
392	0
393	0
394	0
395	0
396	0
397	0
398	0
399	0
400	0
401	0
402	0
403	0
404	0
405	0
406	0
407	0
408	0
409	0
410	0
411	0
412	0
413	0
414	0
415	0
416	0
417	0
418	0
419	0
420	0
421	0
422	0
423	0
424	0
425	0
426	0
427	0
428	0
429	0
430	0
431	0
432	0
433	0
434	0
435	0
436	0
437	0
438	0
439	0
440	0
441	0
442	0
443	0
444	0
445	0
446	0
447	0
448	0
449	0
450	0
451	0
452	0
453	0
454	0
455	0
456	0
457	0
458	0
459	0
460	0
461	0
462	0
463	0
464	0
465	0
466	0
467	0
468	0
469	0
470	0
471	0
472	0
473	0
474	0
475	0
476	0
477	0
478	0
479	0
480	0
481	0
482	0
483	0
484	0
485	0
486	0
487	0
488	0
489	0
490	0
491	0
492	0
493	0
494	0
495	0
496	0
497	0
498	0
499	0
500	0
501	0
502	0
503	0
504	0
505	0
506	0
507	0
508	0
509	0
510	0
511	0
512	0
513	0
514	0
515	0
516	0
517	0
518	0
519	0
520	0
521	0
522	0
523	0
524	0
525	0
526	0
527	0
528	0
529	0
530	0
531	0
532	0
533	0
534	0
535	0
536	0
537	0
538	0
539	0
540	0
541	0
542	0
543	0
544	0
545	0
546	0
547	0
548	0
549	0
550	0
551	0
552	0
553	0
554	0
555	0
556	0
557	0
558	0
559	0
560	0
561	0
562	0
563	0
564	0
565	0
566	0
567	0
568	0
569	0
570	0
571	0
572	0
573	0
574	0
575	0
576	0
577	0
578	0
579	0
580	0
581	0
582	0
583	0
584	0
585	0
586	0
587	0
588	0
589	0
590	0
591	0
592	0
593	0
594	0
595	0
596	0
597	0
598	0
599	0
600	0
601	0
602	0
603	0
604	0
605	0
606	0
607	0
608	0
609	0
610	0
611	0
612	0
613	0
614	0
615	0
616	0
617	0
618	0
619	0
620	0
621	0
622	0
623	0
624	0
625	0
626	0
627	0
628	0
629	0
630	0
631	0
632	0
633	0
634	0
635	0
636	0
637	0
638	0
639	0
640	0
641	0
642	0
643	0
644	0
645	0
646	0
647	0
648	0
649	0
650	0
651	0
652	0
653	0
654	0
655	0
656	0
657	0
658	0
659	0
660	0
661	0
662	0
663	0
664	0
665	0
666	0
667	0
668	0
669	0
670	0
671	0
672	0
673	0
674	0
675	0
676	0
677	0
678	0
679	0
680	0
681	0
682	0
683	0
684	0
685	0
686	0
687	0
688	0
689	0
690	0
691	0
692	0
693	0
694	0
695	0
696	0
697	0
698	0
699	0
700	0
701	0
702	0
703	0
704	0
705	0
706	0
707	0
708	0
709	0
710	0
711	0
712	0
713	0
714	0
715	0
716	0
717	0
718	0
719	0
720	0
721	0
722	0
723	0
724	0
725	0
726	0
727	0
728	0
729	0
730	0
731	0
732	0
733	0
734	0
735	0
736	0
737	0
738	0
739	0
740	0
741	0
742	0
743	0
744	0
745	0
746	0
747	0
748	0
749	0
750	0
751	0
752	0
753	0
754	0
755	0
756	0
757	0
758	0
759	0
760	0
761	0
762	0
763	0
764	0
765	0
766	0
767	0
768	0
769	0
770	0
771	0
772	0
773	0
774	0
775	0
776	0
777	0
778	0
779	0
780	0
781	0
782	0
783	0
784	0
785	0
786	0
787	0
788	0
789	0
790	0
791	0
792	0
793	0
794	0
795	0
796	0
797	0
798	0
799	0
800	0
801	0
802	0
803	0
804	0
805	0
806	0
807	0
808	0
809	0
810	0
811	0
812	0
813	0
814	0
815	0
816	0
817	0
818	0
819	0
820	0
821	0
822	0
823	0
824	0
825	0
826	0
827	0
828	0
829	0
830	0
831	0
832	0
833	0
834	0
835	0
836	0
837	0
838	0
839	0
840	0
841	0
842	0
843	0
844	0
845	0
846	0
847	0
848	0
849	0
850	0
851	0
852	0
853	0
854	0
855	0
856	0
857	0
858	0
859	0
860	0
861	0
862	0
863	0
864	0
865	0
866	0
867	0
868	0
869	0
870	0
871	0
872	0
873	0
874	0
875	0
876	0
877	0
878	0
879	0
880	0
881	0
882	0
883	0
884	0
885	0
886	0
887	0
888	0
889	0
890	0
891	0
892	0
893	0
894	0
895	0
896	0
897	0
898	0
899	0
900	0
901	0
902	0
903	0
904	0
905	0
906	0
907	0
908	0
909	0
910	0
911	0
912	0
913	0
914	0
915	0
916	0
917	0
918	0
919	0
920	0
921	0
922	0
923	0
924	0
925	0
926	0
927	0
928	0
929	0
930	0
931	0
932	0
933	0
934	0
935	0
936	0
937	0
938	0
939	0
940	0
941	0
942	0
943	0
944	0
945	0
946	0
947	0
948	0
949	0
950	0
951	0
952	0
953	0
954	0
955	0
956	0
957	0
958	0
959	0
960	0
961	0
962	0
963	0
964	0
965	0
966	0
967	0
968	0
969	0
970	0
971	0
972	0
973	0
974	0
975	0
976	0
977	0
978	0
979	0
980	0
981	0
982	0
983	0
984	0
985	0
986	0
987	0
988	0
989	0
990	0
991	0
992	0
993	0
994	0
995	0
996	0
997	0
998	0
999	0
1000	0
1001	0
1002	0
1003	0
1004	0
1005	0
1006	0
1007	0
1008	0
1009	0
1010	0
1011	0
1012	0
1013	0
1014	0
1015	0
1016	0
1017	0
1018	0
1019	0
1020	0
1021	0
1022	0
1023	0
1024	0
1025	0
1026	0
1027	0
1028	0
1029	0
1030	0
1031	0
1032	0
1033	0
1034	0
1035	0
1036	0
1037	0
1038	0
1039	0
1040	0
1041	0
1042	0
1043	0
1044	0
1045	0
1046	0
1047	0
1048	0
1049	0
1050	0
1051	0
1052	0
1053	0
1054	0
1055	0
1056	0
1057	0
1058	0
1059	0
1060	0
1061	0
1062	0
1063	0
1064	0
1065	0
1066	0
1067	0
1068	0
1069	0
1070	0
1071	0
1072	0
1073	0
1074	0
1075	0
1076	0
1077	0
1078	0
1079	0
1080	0
1081	0
1082	0
1083	0
1084	0
1085	0
1086	0
1087	0
1088	0
1089	0
1090	0
1091	0
1092	0
1093	0
1094	0
1095	0
1096	0
1097	0
1098	0
1099	0
1100	0
1101	0
1102	0
1103	0
1104	0
1105	0
1106	0
1107	0
1108	0
1109	0
1110	0
1111	0
1112	0
1113	0
1114	0
1115	0
1116	0
1117	0
1118	0
1119	0
1120	0
1121	0
1122	0
1123	0
1124	0
1125	0
1126	0
1127	0
1128	0
1129	0
1130	0
1131	0
1132	0
1133	0
1134	0
1135	0
1136	0
1137	0
1138	0
1139	0
1140	0
1141	0
1142	0
1143	0
1144	0
1145	0
1146	0
1147	0
1148	0
1149	0
1150	0
1151	0
1152	0
1153	0
1154	0
1155	0
1156	0
1157	0
1158	0
1159	0
1160	0
1161	0
1162	0
1163	0
1164	0
1165	0
1166	0
1167	0
1168	0
1169	0
1170	0
1171	0
1172	0
1173	0
1174	0
1175	0
1176	0
1177	0
1178	0
1179	0
1180	0
1181	0
1182	0
1183	0
1184	0
1185	0
1186	0
1187	0
1188	0
1189	0
1190	0
1191	0
1192	0
1193	0
1194	0
1195	0
1196	0
1197	0
1198	0
1199	0
1200	0
1201	0
1202	0
1203	0
1204	0
1205	0
1206	0
1207	0
1208	0
1209	0
1210	0
1211	0
1212	0
1213	0
1214	0
1215	0
1216	0
1217	0
1218	0
1219	0
1220	0
1221	0
1222	0
1223	0
1224	0
1225	0
1226	0
1227	0
1228	0
1229	0
1230	0
1231	0
1232	0
1233	0
1234	0
1235	0
1236	0
1237	0
1238	0
1239	0
1240	0
1241	0
1242	0
1243	0
1244	0
1245	0
1246	0
1247	0
1248	0
1249	0
1250	0
1251	0
1252	0
1253	0
1254	0
1255	0
1256	0
1257	0
1258	0
1259	0
1260	0
1261	0
1262	0
1263	0
1264	0
1265	0
1266	0
1267	0
1268	0
1269	0
1270	0
1271	0
1272	0
1273	0
1274	0
1275	0
1276	0
1277	0
1278	0
1279	0
1280	0
1281	0
1282	0
1283	0
1284	0
1285	0
1286	0
1287	0
1288	0
1289	0
1290	0
1291	0
1292	0
1293	0
1294	0
1295	0
1296	0
1297	0
1298	0
1299	0
1300	0
1301	0
1302	0
1303	0
1304	0
1305	0
1306	0
1307	0
1308	0
1309	0
1310	0
1311	0
1312	0
1313	0
1314	0
1315	0
1316	0
1317	0
1318	0
1319	0
1320	0
1321	0
1322	0
1323	0
1324	0
1325	0
1326	0
1327	0
1328	0
1329	0
1330	0
1331	0
1332	0
1333	0
1334	0
1335	0
1336	0
1337	0
1338	0
1339	0
1340	0
1341	0
1342	0
1343	0
1344	0
1345	0
1346	0
1347	0
1348	0
1349	0
1350	0
1351	0
1352	0
1353	0
1354	0
1355	0
1356	0
1357	0
1358	0
1359	0
1360	0
1361	0
1362	0
1363	0
1364	0
1365	0
1366	0
1367	0
1368	0
1369	0
1370	0
1371	0
1372	0
1373	0
1374	0
1375	0
1376	0
1377	0
1378	0
1379	0
1380	0
1381	0
1382	0
1383	0
1384	0
1385	0
1386	0
1387	0
1388	0
1389	0
1390	0
1391	0
1392	0
1393	0
1394	0
1395	0
1396	0
1397	0
1398	0
1399	0
1400	0
1401	0
1402	0
1403	0
1404	0
1405	0
1406	0
1407	0
1408	0
1409	0
1410	0
1411	0
1412	0
1413	0
1414	0
1415	0
1416	0
1417	0
1418	0
1419	0
1420	0
1421	0
1422	0
1423	0
1424	0
1425	0
1426	0
1427	0
1428	0
1429	0
1430	0
1431	0
1432	0
1433	0
1434	0
1435	0
1436	0
1437	0
1438	0
1439	0
1440	0
1441	0
1442	0
1443	0
1444	0
1445	0
1446	0
1447	0
1448	0
1449	0
1450	0
1451	0
1452	0
1453	0
1454	0
1455	0
1456	0
1457	0
1458	0
1459	0
1460	0
1461	0
1462	0
1463	0
1464	0
1465	0
1466	0
1467	0
1468	0
1469	0
1470	0
1471	0
1472	0
1473	0
1474	0
1475	0
1476	0
1477	0
1478	0
1479	0
1480	0
1481	0
1482	0
1483	0
1484	0
1485	0
1486	0
1487	0
1488	0
1489	0
1490	0
1491	0
1492	0
1493	0
1494	0
1495	0
1496	0
1497	0
1498	0
1499	0
1500	0
1501	0
1502	0
1503	0
1504	0
1505	0
1506	0
1507	0
1508	0
1509	0
1510	0
1511	0
1512	0
1513	0
1514	0
1515	0
1516	0
1517	0
1518	0
1519	0
1520	0
1521	0
1522	0
1523	0
1524	0
1525	0
1526	0
1527	0
1528	0
1529	0
1530	0
1531	0
1532	0
1533	0
1534	0
1535	0
1536	0
1537	0
1538	0
1539	0
1540	0
1541	0
1542	0
1543	0
1544	0
1545	0
1546	0
1547	0
1548	0
1549	0
1550	0
1551	0
1552	0
1553	0
1554	0
1555	0
1556	0
1557	0
1558	0
1559	0
1560	0
1561	0
1562	0
1563	0
1564	0
1565	0
1566	0
1567	0
1568	0
1569	0
1570	0
1571	0
1572	0
1573	0
1574	0
1575	0
1576	0
1577	0
1578	0
1579	0
1580	0
1581	0
1582	0
1583	0
1584	0
1585	0
1586	0
1587	0
1588	0
1589	0
1590	0
1591	0
1592	0
1593	0
1594	0
1595	0
1596	0
1597	0
1598	0
1599	0
1600	0
1601	0
1602	0
1603	0
1604	0
1605	0
1606	0
1607	0
1608	0
1609	0
1610	0
1611	0
1612	0
1613	0
1614	0
1615	0
1616	0
1617	0
1618	0
1619	0
1620	0
1621	0
1622	0
1623	0
1624	0
1625	0
1626	0
1627	0
1628	0
1629	0
1630	0
1631	0
1632	0
1633	0
1634	0
1635	0
1636	0
1637	0
1638	0
1639	0
1640	0
1641	0
1642	0
1643	0
1644	0
1645	0
1646	0
1647	0
1648	0
1649	0
1650	0
1651	0
1652	0
1653	0
1654	0
1655	0
1656	0
1657	0
1658	0
1659	0
1660	0
1661	0
1662	0
1663	0
1664	0
1665	0
1666	0
1667	0
1668	0
1669	0
1670	0
1671	0
1672	0
1673	0
1674	0
1675	0
1676	0
1677	0
1678	0
1679	0
1680	0
1681	0
1682	0
1683	0
1684	0
1685	0
1686	0
1687	0
1688	0
1689	0
1690	0
1691	0
1692	0
1693	0
1694	0
1695	0
1696	0
1697	0
1698	0
1699	0
1700	0
1701	0
1702	0
1703	0
1704	0
1705	0
1706	0
1707	0
1708	0
1709	0
1710	0
1711	0
1712	0
1713	0
1714	0
1715	0
1716	0
1717	0
1718	0
1719	0
1720	0
1721	0
1722	0
1723	0
1724	0
1725	0
1726	0
1727	0
1728	0
1729	0
1730	0
1731	0
1732	0
1733	0
1734	0
1735	0
1736	0
1737	0
1738	0
1739	0
1740	0
1741	0
1742	0
1743	0
1744	0
1745	0
1746	0
1747	0
1748	0
1749	0
1750	0
1751	0
1752	0
1753	0
1754	0
1755	0
1756	0
1757	0
1758	0
1759	0
1760	0
1761	0
1762	0
1763	0
1764	0
1765	0
1766	0
1767	0
1768	0
1769	0
1770	0
1771	0
1772	0
1773	0
1774	0
1775	0
1776	0
1777	0
1778	0
1779	0
1780	0
1781	0
1782	0
1783	0
1784	0
1785	0
1786	0
1787	0
1788	0
1789	0
1790	0
1791	0
1792	0
1793	0
1794	0
1795	0
1796	0
1797	0
1798	0
1799	0
1800	0
1801	0
1802	0
1803	0
1804	0
1805	0
1806	0
1807	0
1808	0
1809	0
1810	0
1811	0
1812	0
1813	0
1814	0
1815	0
1816	0
1817	0
1818	0
1819	0
1820	0
1821	0
1822	0
1823	0
1824	0
1825	0
1826	0
1827	0
1828	0
1829	0
1830	0
1831	0
1832	0
1833	0
1834	0
1835	0
1836	0
1837	0
1838	0
1839	0
1840	0
1841	0
1842	0
1843	0
1844	0
1845	0
1846	0
1847	0
1848	0
1849	0
1850	0
1851	0
1852	0
1853	0
1854	0
1855	0
1856	0
1857	0
1858	0
1859	0
1860	0
1861	0
1862	0
1863	0
1864	0
1865	0
1866	0
1867	0
1868	0
1869	0
1870	0
1871	0
1872	0
1873	0
1874	0
1875	0
1876	0
1877	0
1878	0
1879	0
1880	0
1881	0
1882	0
1883	0
1884	0
1885	0
1886	0
1887	0
1888	0
1889	0
1890	0
1891	0
1892	0
1893	0
1894	0
1895	0
1896	0
1897	0
1898	0
1899	0
1900	0
1901	0
1902	0
1903	0
1904	0
1905	0
1906	0
1907	0
1908	0
1909	0
1910	0
1911	0
1912	0
1913	0
1914	0
1915	0
1916	0
1917	0
1918	0
1919	0
1920	0
1921	0
1922	0
1923	0
1924	0
1925	0
1926	0
1927	0
1928	0
1929	0
1930	0
1931	0
1932	0
1933	0
1934	0
1935	0
1936	0
1937	0
1938	0
1939	0
1940	0
1941	0
1942	0
1943	0
1944	0
1945	0
1946	0
1947	0
1948	0
1949	0
1950	0
1951	0
1952	0
1953	0
1954	0
1955	0
1956	0
1957	0
1958	0
1959	0
1960	0
1961	0
1962	0
1963	0
1964	0
1965	0
1966	0
1967	0
1968	0
1969	0
1970	0
1971	0
1972	0
1973	0
1974	0
1975	0
1976	0
1977	0
1978	0
1979	0
1980	0
1981	0
1982	0
1983	0
1984	0
1985	0
1986	0
1987	0
1988	0
1989	0
1990	0
1991	0
1992	0
1993	0
1994	0
1995	0
1996	0
1997	0
1998	0
1999	0
2000	0
2001	0
2002	0
2003	0
2004	0
2005	0
2006	0
2007	0
2008	0
2009	0
2010	0
2011	0
2012	0
2013	0
2014	0
2015	0
2016	0
2017	0
2018	0
2019	0
2020	0
2021	0
2022	0
2023	0
2024	0
2025	0
2026	0
2027	0
2028	0
2029	0
2030	0
2031	0
2032	0
2033	0
2034	0
2035	0
2036	0
2037	0
2038	0
2039	0
2040	0
2041	0
2042	0
2043	0
2044	0
2045	0
2046	0
2047	0
2048	0
2049	0
2050	0
2051	0
2052	0
2053	0
2054	0
2055	0
2056	0
2057	0
2058	0
2059	0
2060	0
2061	0
2062	0
2063	0
2064	0
2065	0
2066	0
2067	0
2068	0
2069	0
2070	0
2071	0
2072	0
2073	0
2074	0
2075	0
2076	0
2077	0
2078	0
2079	0
2080	0
2081	0
2082	0
2083	0
2084	0
2085	0
2086	0
2087	0
2088	0
2089	0
2090	0
2091	0
2092	0
2093	0
2094	0
2095	0
2096	0
2097	0
2098	0
2099	0
2100	0
2101	0
2102	0
2103	0
2104	0
2105	0
2106	0
2107	0
2108	0
2109	0
2110	0
2111	1
2112	1
2113	1
2114	1
2115	1
2116	1
2117	1
2118	1
2119	1
2120	1
2121	1
2122	1
2123	1
2124	1
2125	2
2126	2
2127	2
2128	2
2129	2
2130	2
2131	2
2132	2
2133	2
2134	2
2135	2
2136	2
2137	2
2138	2
2139	2
2140	2
2141	2
2142	2
2143	2
2144	2
2145	2
2146	2
2147	2
2148	2
2149	2
2150	2
2151	2
2152	2
2153	2
2154	2
2155	2
2156	2
2157	2
2158	2
2159	2
2160	2
2161	2
2162	2
2163	2
2164	2
2165	2
2166	2
2167	2
2168	2
2169	2
2170	2
2171	2
2172	2
2173	2
2174	2
2175	2
2176	2
2177	2
2178	2
2179	2
2180	2
2181	2
2182	2
2183	2
2184	2
2185	2
2186	2
2187	2
2188	2
2189	2
2190	2
2191	2
2192	2
2193	2
2194	2
2195	2
2196	2
2197	2
2198	2
2199	2
2200	2
2201	2
2202	2
2203	2
2204	2
2205	2
2206	2
2207	2
2208	2
2209	2
2210	2
2211	2
2212	2
2213	2
2214	2
2215	2
2216	2
2217	2
2218	2
2219	2
2220	2
2221	2
2222	2
2223	2
2224	2
2225	2
2226	2
2227	2
2228	2
2229	2
2230	2
2231	2
2232	2
2233	2
2234	2
2235	2
2236	2
2237	2
2238	2
2239	2
2240	2
2241	2
2242	2
2243	2
2244	2
2245	2
2246	2
2247	2
2248	2
2249	2
2250	2
2251	2
2252	2
2253	2
2254	2
2255	2
2256	2
2257	2
2258	2
2259	2
2260	2
2261	2
2262	2
2263	2
2264	2
2265	2
2266	2
2267	2
2268	2
2269	2
2270	2
2271	3
2272	3
2273	3
2274	3
2275	3
2276	3
2277	3
2278	3
2279	3
2280	3
2281	3
2282	3
2283	3
2284	3
2285	3
2286	3
2287	3
2288	3
2289	3
2290	3
2291	3
2292	3
2293	3
2294	3
2295	3
2296	3
2297	3
2298	3
2299	3
2300	3
2301	3
2302	3
2303	3
2304	3
2305	3
2306	3
2307	3
2308	3
2309	3
2310	3
2311	3
2312	3
2313	3
2314	3
2315	3
2316	3
2317	3
2318	3
2319	3
2320	3
2321	3
2322	3
2323	3
2324	3
2325	3
2326	3
2327	3
2328	3
2329	3
2330	3
2331	3
2332	3
2333	3
2334	3
2335	3
2336	3
2337	3
2338	3
2339	3
2340	3
2341	3
2342	3
2343	3
2344	3
2345	3
2346	3
2347	3
2348	3
2349	3
2350	3
2351	3
2352	3
2353	3
2354	3
2355	3
2356	3
2357	3
2358	3
2359	3
2360	3
2361	3
2362	3
2363	3
2364	3
2365	3
2366	3
2367	3
2368	3
2369	3
2370	3
2371	3
2372	3
2373	3
2374	3
2375	3
2376	3
2377	3
2378	3
2379	3
2380	3
2381	3
2382	3
2383	3
2384	3
2385	3
2386	3
2387	3
2388	3
2389	3
2390	3
2391	3
2392	3
2393	3
2394	3
2395	3
2396	3
2397	3
2398	3
2399	3
2400	3
2401	3
2402	3
2403	3
2404	3
2405	3
2406	3
2407	3
2408	3
2409	3
2410	3
2411	3
2412	3
2413	3
2414	3
2415	3
2416	3
2417	3
2418	3
2419	3
2420	3
2421	3
2422	3
2423	3
2424	3
2425	3
2426	3
2427	3
2428	3
2429	3
2430	3
2431	3
2432	3
2433	3
2434	3
2435	3
2436	3
2437	3
2438	3
2439	3
2440	3
2441	3
2442	3
2443	3
2444	3
2445	3
2446	3
2447	3
2448	3
2449	3
2450	3
2451	3
2452	3
2453	3
2454	3
2455	3
2456	3
2457	3
2458	3
2459	3
2460	3
2461	3
2462	3
2463	3
2464	3
2465	3
2466	3
2467	3
2468	3
2469	3
2470	3
2471	3
2472	3
2473	3
2474	3
2475	3
2476	3
2477	3
2478	3
2479	3
2480	3
2481	3
2482	3
2483	3
2484	3
2485	3
2486	3
2487	3
2488	3
2489	3
2490	3
2491	3
2492	3
2493	3
2494	3
2495	3
2496	3
2497	3
2498	3
2499	3
2500	3
2501	3
2502	3
2503	3
2504	3
2505	3
2506	3
2507	3
2508	3
2509	3
2510	3
2511	3
2512	3
2513	3
2514	3
2515	3
2516	3
2517	3
2518	3
2519	3
2520	3
2521	3
2522	3
2523	3
2524	3
2525	3
2526	3
2527	3
2528	3
2529	3
2530	3
2531	3
2532	3
2533	3
2534	3
2535	3
2536	3
2537	3
2538	3
2539	3
2540	3
2541	3
2542	3
2543	3
2544	3
2545	3
2546	3
2547	3
2548	3
2549	3
2550	3
2551	3
2552	3
2553	3
2554	3
2555	3
2556	3
2557	3
2558	3
2559	3
2560	3
2561	3
2562	3
2563	3
2564	3
2565	3
2566	3
2567	3
2568	3
2569	3
2570	3
2571	3
2572	3
2573	3
2574	3
2575	3
2576	3
2577	3
2578	3
2579	3
2580	3
2581	3
2582	3
2583	3
2584	3
2585	3
2586	3
2587	3
2588	3
2589	3
2590	3
2591	3
2592	3
2593	3
2594	3
2595	3
2596	3
2597	3
2598	3
2599	3
2600	3
2601	3
2602	3
2603	3
2604	3
2605	3
2606	3
2607	3
2608	3
2609	3
2610	3
2611	3
2612	3
2613	3
2614	3
2615	3
2616	3
2617	3
2618	3
2619	3
2620	3
2621	3
2622	3
2623	3
2624	3
2625	3
2626	3
2627	3
2628	3
2629	3
2630	3
2631	3
2632	3
2633	3
2634	3
2635	3
2636	3
2637	3
2638	3
2639	3
2640	3
2641	3
2642	3
2643	3
2644	3
2645	3
2646	3
2647	3
2648	3
2649	3
2650	3
2651	3
2652	3
2653	3
2654	3
2655	3
2656	3
2657	3
2658	3
2659	3
2660	3
2661	3
2662	3
2663	3
2664	3
2665	3
2666	3
2667	3
2668	3
2669	3
2670	3
2671	3
2672	3
2673	3
2674	3
2675	3
2676	3
2677	3
2678	3
2679	3
2680	3
2681	3
2682	3
2683	3
2684	3
2685	3
2686	3
2687	3
2688	3
2689	3
2690	3
2691	3
2692	3
2693	3
2694	3
2695	3
2696	3
2697	3
2698	3
2699	3
2700	3
2701	3
2702	3
2703	3
2704	3
2705	3
2706	3
2707	3
2708	3
2709	3
2710	3
2711	3
2712	3
2713	3
2714	3
2715	3
2716	3
2717	3
2718	3
2719	3
2720	3
2721	3
2722	3
2723	3
2724	3
2725	3
2726	3
2727	3
2728	3
2729	3
2730	3
2731	3
2732	3
2733	3
2734	3
2735	3
2736	3
2737	3
2738	3
2739	3
2740	3
2741	3
2742	3
2743	3
2744	3
2745	3
2746	3
2747	3
2748	3
2749	3
2750	3
2751	3
2752	3
2753	3
2754	3
2755	3
2756	3
2757	3
2758	3
2759	3
2760	3
2761	3
2762	3
2763	3
2764	3
2765	3
2766	3
2767	3
2768	3
2769	3
2770	3
2771	3
2772	3
2773	3
2774	3
2775	3
2776	3
2777	3
2778	3
2779	3
2780	3
2781	3
2782	3
2783	3
2784	3
2785	3
2786	3
2787	3
2788	3
2789	3
2790	3
2791	3
2792	3
2793	3
2794	3
2795	3
2796	3
2797	3
2798	3
2799	3
2800	3
2801	3
2802	3
2803	3
2804	3
2805	3
2806	3
2807	3
2808	3
2809	3
2810	3
2811	3
2812	3
2813	3
2814	3
2815	3
2816	3
2817	3
2818	3
2819	3
2820	3
2821	3
2822	3
2823	3
2824	3
2825	3
2826	3
2827	3
2828	3
2829	3
2830	3
2831	3
2832	3
2833	3
2834	3
2835	3
2836	3
2837	3
2838	3
2839	3
2840	3
2841	3
2842	3
2843	3
2844	3
2845	3
2846	3
2847	3
2848	3
2849	3
2850	3
2851	3
2852	3
2853	3
2854	3
2855	3
2856	3
2857	3
2858	3
2859	3
2860	3
2861	3
2862	3
2863	3
2864	3
2865	3
2866	3
2867	3
2868	3
2869	3
2870	3
2871	3
2872	3
2873	3
2874	3
2875	3
2876	3
2877	3
2878	3
2879	3
2880	3
2881	3
2882	3
2883	3
2884	3
2885	3
2886	3
2887	3
2888	3
2889	3
2890	3
2891	3
2892	3
2893	3
2894	3
2895	3
2896	3
2897	3
2898	3
2899	3
2900	3
2901	3
2902	3
2903	3
2904	3
2905	3
2906	3
2907	3
2908	3
2909	3
2910	3
2911	3
2912	3
2913	3
2914	3
2915	3
2916	3
2917	3
2918	3
2919	3
2920	3
2921	3
2922	3
2923	3
2924	3
2925	3
2926	3
2927	3
2928	3
2929	3
2930	3
2931	3
2932	3
2933	3
2934	3
2935	3
2936	3
2937	3
2938	3
2939	3
2940	3
2941	3
2942	3
2943	3
2944	3
2945	3
2946	3
2947	3
2948	3
2949	3
2950	3
2951	3
2952	3
2953	3
2954	3
2955	3
2956	3
2957	3
2958	3
2959	3
2960	3
2961	3
2962	3
2963	3
2964	3
2965	3
2966	3
2967	3
2968	3
2969	3
2970	3
2971	3
2972	3
2973	3
2974	3
2975	3
2976	3
2977	3
2978	3
2979	3
2980	3
2981	3
2982	3
2983	3
2984	3
2985	3
2986	3
2987	3
2988	3
2989	3
2990	3
2991	3
2992	3
2993	3
2994	3
2995	3
2996	3
2997	3
2998	3
2999	3
3000	3
3001	3
3002	3
3003	3
3004	3
3005	3
3006	3
3007	3
3008	3
3009	3
3010	3
3011	3
3012	3
3013	3
3014	3
3015	3
3016	3
3017	3
3018	3
3019	3
3020	3
3021	3
3022	3
3023	3
3024	3
3025	3
3026	3
3027	3
3028	3
3029	3
3030	3
3031	3
3032	3
3033	3
3034	3
3035	3
3036	3
3037	3
3038	3
3039	3
3040	3
3041	3
3042	3
3043	3
3044	3
3045	3
3046	3
3047	3
3048	3
3049	3
3050	3
3051	3
3052	3
3053	3
3054	3
3055	3
3056	3
3057	3
3058	3
3059	3
3060	3
3061	3
3062	3
3063	3
3064	3
3065	3
3066	3
3067	3
3068	3
3069	3
3070	3
3071	3
3072	3
3073	3
3074	3
3075	3
3076	3
3077	3
3078	3
3079	3
3080	3
3081	3
3082	3
3083	3
3084	3
3085	3
3086	3
3087	3
3088	3
3089	3
3090	3
3091	3
3092	3
3093	3
3094	3
3095	3
3096	3
3097	3
3098	3
3099	3
3100	3
3101	3
3102	3
3103	3
3104	3
3105	3
3106	3
3107	3
3108	3
3109	3
3110	3
3111	3
3112	3
3113	3
3114	3
3115	3
3116	3
3117	3
3118	3
3119	3
3120	3
3121	3
3122	3
3123	3
3124	3
3125	3
3126	3
3127	3
3128	3
3129	3
3130	3
3131	3
3132	3
3133	3
3134	3
3135	3
3136	3
3137	3
3138	3
3139	3
3140	3
3141	3
3142	3
3143	3
3144	3
3145	3
3146	3
3147	3
3148	3
3149	3
3150	3
3151	3
3152	3
3153	3
3154	3
3155	3
3156	3
3157	3
3158	3
3159	3
3160	3
3161	3
3162	3
3163	3
3164	3
3165	3
3166	3
3167	3
3168	3
3169	3
3170	3
3171	3
3172	3
3173	3
3174	3
3175	3
3176	3
3177	3
3178	3
3179	3
3180	3
3181	3
3182	3
3183	3
3184	3
3185	3
3186	3
3187	3
3188	3
3189	3
3190	3
3191	3
3192	3
3193	3
3194	3
3195	3
3196	3
3197	3
3198	3
3199	3
3200	3
3201	3
3202	3
3203	3
3204	3
3205	3
3206	3
3207	3
3208	3
3209	3
3210	3
3211	3
3212	3
3213	3
3214	3
3215	3
3216	3
3217	3
3218	3
3219	3
3220	3
3221	3
3222	3
3223	3
3224	3
3225	3
3226	3
3227	3
3228	3
3229	3
3230	3
3231	3
3232	3
3233	3
3234	3
3235	3
3236	3
3237	3
3238	3
3239	3
3240	3
3241	3
3242	3
3243	3
3244	3
3245	3
3246	3
3247	3
3248	3
3249	3
3250	3
3251	3
3252	3
3253	3
3254	3
3255	3
3256	3
3257	3
3258	3
3259	3
3260	3
3261	3
3262	3
3263	3
3264	3
3265	3
3266	3
3267	3
3268	3
3269	3
3270	3
3271	3
3272	3
3273	3
3274	3
3275	3
3276	3
3277	3
3278	3
3279	3
3280	3
3281	3
3282	3
3283	3
3284	3
3285	3
3286	3
3287	3
3288	3
3289	3
3290	3
3291	3
3292	3
3293	3
3294	3
3295	3
3296	3
3297	3
3298	3
3299	3
3300	3
3301	3
3302	3
3303	3
3304	3
3305	3
3306	3
3307	3
3308	3
3309	3
3310	3
3311	3
3312	3
3313	3
3314	3
3315	3
3316	3
3317	3
3318	3
3319	3
3320	3
3321	3
3322	3
3323	3
3324	3
3325	3
3326	3
3327	3
3328	3
3329	3
3330	3
3331	3
3332	3
3333	3
3334	3
3335	3
3336	3
3337	3
3338	3
3339	3
3340	3
3341	3
3342	3
3343	3
3344	3
3345	3
3346	4
3347	4
3348	4
3349	4
3350	4
3351	4
3352	4
3353	4
3354	4
3355	4
3356	4
3357	4
3358	4
3359	4
3360	4
3361	4
3362	4
3363	4
3364	4
3365	4
3366	4
3367	4
3368	4
3369	4
3370	4
3371	4
3372	4
3373	4
3374	4
3375	4
3376	4
3377	4
3378	4
3379	4
3380	4
3381	4
3382	4
3383	4
3384	4
3385	4
3386	4
3387	4
3388	4
3389	4
3390	4
3391	4
3392	4
3393	4
3394	4
3395	4
3396	4
3397	4
3398	4
3399	4
3400	4
3401	4
3402	4
3403	4
3404	4
3405	4
3406	4
3407	4
3408	4
3409	4
3410	4
3411	4
3412	4
3413	4
3414	4
3415	4
3416	4
3417	4
3418	4
3419	4
3420	4
3421	4
3422	4
3423	4
3424	4
3425	4
3426	4
3427	4
3428	4
3429	4
3430	4
3431	4
3432	4
3433	4
3434	4
3435	4
3436	4
3437	4
3438	4
3439	4
3440	4
3441	4
3442	4
3443	4
3444	4
3445	4
3446	4
3447	4
3448	4
3449	4
3450	4
3451	4
3452	4
3453	4
3454	4
3455	4
3456	4
3457	4
3458	4
3459	4
3460	4
3461	4
3462	4
3463	4
3464	4
3465	4
3466	4
3467	4
3468	4
3469	4
3470	4
3471	4
3472	4
3473	4
3474	4
3475	4
3476	4
3477	4
3478	4
3479	4
3480	4
3481	4
3482	4
3483	4
3484	4
3485	4
3486	4
3487	4
3488	4
3489	4
3490	4
3491	4
3492	4
3493	4
3494	4
3495	4
3496	4
3497	4
3498	4
3499	4
3500	4
3501	4
3502	4
3503	4
3504	4
3505	4
3506	4
3507	4
3508	4
3509	4
3510	4
3511	4
3512	4
3513	4
3514	4
3515	4
3516	4
3517	4
3518	4
3519	4
3520	4
3521	4
3522	4
3523	4
3524	4
3525	4
3526	4
3527	4
3528	4
3529	4
3530	4
3531	4
3532	4
3533	4
3534	4
3535	4
3536	4
3537	4
3538	4
3539	4
3540	4
3541	4
3542	4
3543	4
3544	4
3545	4
3546	4
3547	4
3548	4
3549	4
3550	4
3551	4
3552	4
3553	4
3554	4
3555	4
3556	4
3557	4
3558	4
3559	5
3560	5
3561	5
3562	5
3563	5
3564	5
3565	5
3566	5
3567	5
3568	5
3569	5
3570	5
3571	5
3572	5
3573	5
3574	5
3575	5
3576	5
3577	5
3578	5
3579	5
3580	5
3581	5
3582	5
3583	5
3584	5
3585	5
3586	5
3587	5
3588	5
3589	5
3590	5
3591	5
3592	5
3593	5
3594	5
3595	5
3596	5
3597	5
3598	5
3599	5
3600	5
3601	5
3602	5
3603	5
3604	5
3605	5
3606	5
3607	5
3608	5
3609	5
3610	5
3611	5
3612	5
3613	5
3614	5
3615	5
3616	5
3617	5
3618	5
3619	5
3620	5
3621	5
3622	5
3623	5
3624	5
3625	5
3626	5
3627	5
3628	5
3629	5
3630	5
3631	5
3632	5
3633	5
3634	5
3635	5
3636	5
3637	5
3638	5
3639	5
3640	5
3641	5
3642	5
3643	5
3644	5
3645	5
3646	5
3647	5
3648	5
3649	5
3650	5
3651	5
3652	5
3653	5
3654	5
3655	5
3656	5
3657	5
3658	5
3659	5
3660	5
3661	5
3662	5
3663	5
3664	5
3665	5
3666	5
3667	5
3668	5
3669	5
3670	5
3671	5
3672	5
3673	5
3674	5
3675	5
3676	5
3677	5
3678	5
3679	5
3680	5
3681	5
3682	5
3683	5
3684	5
3685	5
3686	5
3687	5
3688	5
3689	5
3690	5
3691	5
3692	5
3693	5
3694	5
3695	5
3696	6
3697	7
3698	7
3699	7
3700	7
3701	7
3702	7
3703	7
3704	7
3705	7
3706	7
3707	7
3708	7
3709	7
3710	7
3711	7
3712	7
3713	7
3714	7
3715	7
3716	7
3717	7
3718	7
3719	7
3720	7
3721	7
3722	7
3723	7
3724	7
3725	7
3726	7
3727	7
3728	7
3729	7
3730	7
3731	7
3732	7
3733	7
3734	7
3735	7
3736	7
3737	7
3738	7
3739	7
3740	7
3741	7
3742	7
3743	7
3744	7
3745	7
3746	7
3747	7
3748	7
3749	7
3750	7
3751	7
3752	7
3753	7
3754	7
3755	7
3756	7
3757	7
3758	7
3759	7
3760	7
3761	7
3762	7
3763	7
3764	7
3765	7
3766	7
3767	7
3768	7
3769	7
3770	7
3771	7
3772	7
3773	7
3774	7
3775	7
3776	7
3777	7
3778	7
3779	7
3780	7
3781	7
3782	7
3783	7
3784	7
3785	7
3786	7
3787	7
3788	7
3789	7
3790	7
3791	7
3792	7
3793	7
3794	7
3795	7
3796	7
3797	7
3798	7
3799	7
3800	7
3801	7
3802	7
3803	7
3804	7
3805	7
3806	7
3807	7
3808	7
3809	7
3810	7
3811	7
3812	7
3813	7
3814	7
3815	7
3816	7
3817	7
3818	7
3819	7
3820	7
3821	7
3822	7
3823	7
3824	7
3825	7
3826	7
3827	7
3828	7
3829	7
3830	7
3831	7
3832	7
3833	7
3834	7
3835	7
3836	7
3837	7
3838	7
3839	7
3840	7
3841	7
3842	7
3843	7
3844	7
3845	7
3846	7
3847	7
3848	7
3849	7
3850	7
3851	7
3852	7
3853	7
3854	7
3855	7
3856	7
3857	7
3858	7
3859	7
3860	7
3861	7
3862	7
3863	7
3864	7
3865	7
3866	7
3867	7
3868	7
3869	7
3870	7
3871	7
3872	7
3873	7
3874	7
3875	7
3876	7
3877	7
3878	7
3879	7
3880	7
3881	7
3882	7
3883	7
3884	7
3885	7
3886	7
3887	7
3888	7
3889	7
3890	7
3891	7
3892	7
3893	7
3894	7
3895	7
3896	7
3897	7
3898	7
3899	7
3900	7
3901	7
3902	7
3903	7
3904	7
3905	7
3906	7
3907	7
3908	7
3909	7
3910	7
3911	7
3912	7
3913	7
3914	7
3915	7
3916	7
3917	7
3918	7
3919	7
3920	7
3921	7
3922	7
3923	7
3924	7
3925	7
3926	7
3927	7
3928	7
3929	7
3930	7
3931	7
3932	7
3933	7
3934	7
3935	7
3936	7
3937	7
3938	8
3939	8
3940	8
3941	8
3942	8
3943	8
3944	8
3945	8
3946	8
3947	8
3948	8
3949	8
3950	8
3951	8
3952	8
3953	8
3954	8
3955	8
3956	8
3957	8
3958	8
3959	8
3960	8
3961	8
3962	8
3963	8
3964	8
3965	8
3966	8
3967	8
3968	8
3969	8
3970	8
3971	8
3972	8
3973	8
3974	8
3975	8
3976	8
3977	8
3978	8
3979	8
3980	8
3981	8
3982	8
3983	8
3984	8
3985	8
3986	8
3987	8
3988	8
3989	8
3990	8
3991	8
3992	8
3993	8
3994	8
3995	8
3996	8
3997	8
3998	8
3999	8
4000	8
4001	8
4002	8
4003	8
4004	8
4005	8
4006	8
4007	8
4008	8
4009	8
4010	8
4011	8
4012	8
4013	8
4014	8
4015	8
4016	8
4017	8
4018	8
4019	8
4020	8
4021	8
4022	8
4023	8
4024	8
4025	8
4026	8
4027	8
4028	8
4029	8
4030	8
4031	8
4032	8
4033	8
4034	8
4035	8
4036	8
4037	8
4038	8
4039	8
4040	8
4041	8
4042	8
4043	8
4044	8
4045	8
4046	8
4047	8
4048	8
4049	8
4050	8
4051	8
4052	8
4053	8
4054	8
4055	8
4056	8
4057	8
4058	8
4059	8
4060	8
4061	8
4062	8
4063	8
4064	8
4065	8
4066	8
4067	8
4068	8
4069	8
4070	8
4071	8
4072	8
4073	8
4074	8
4075	8
4076	8
4077	8
4078	8
4079	8
4080	8
4081	8
4082	8
4083	8
4084	8
4085	8
4086	8
4087	8
4088	8
4089	8
4090	8
4091	8
4092	8
4093	8
4094	8
4095	8
4096	8
4097	8
4098	8
4099	8
4100	8
4101	8
4102	8
4103	8
4104	8
4105	8
4106	8
4107	8
4108	8
4109	8
4110	8
4111	8
4112	8
4113	8
4114	8
4115	8
4116	8
4117	8
4118	8
4119	8
4120	8
4121	8
4122	8
4123	8
4124	8
4125	8
4126	8
4127	8
4128	8
4129	8
4130	8
4131	8
4132	8
4133	8
4134	8
4135	8
4136	8
4137	8
4138	8
4139	8
4140	8
4141	8
4142	8
4143	8
4144	8
4145	8
4146	8
4147	8
4148	8
4149	8
4150	8
4151	8
4152	8
4153	8
4154	8
4155	8
4156	8
4157	8
4158	8
4159	8
4160	8
4161	8
4162	8
4163	8
4164	8
4165	8
4166	8
4167	8
4168	8
4169	8
4170	8
4171	8
4172	8
4173	8
4174	8
4175	8
4176	8
4177	8
4178	8
4179	8
4180	8
4181	8
4182	8
4183	8
4184	8
4185	8
4186	8
4187	8
4188	8
4189	8
4190	8
4191	8
4192	8
4193	8
4194	8
4195	8
4196	8
4197	8
4198	8
4199	8
4200	8
4201	8
4202	8
4203	8
4204	8
4205	8
4206	8
4207	8
4208	8
4209	8
4210	8
4211	8
4212	8
4213	8
4214	8
4215	8
4216	8
4217	8
4218	8
4219	8
4220	8
4221	8
4222	8
4223	8
4224	8
4225	8
4226	8
4227	8
4228	8
4229	8
4230	8
4231	8
4232	8
4233	8
4234	8
4235	8
4236	8
4237	8
4238	8
4239	8
4240	8
4241	8
4242	8
4243	8
4244	8
4245	8
4246	8
4247	8
4248	8
4249	8
4250	8
4251	8
4252	8
4253	8
4254	8
4255	8
4256	8
4257	8
4258	8
4259	8
4260	8
4261	8
4262	8
4263	8
4264	8
4265	8
4266	8
4267	8
4268	8
4269	8
4270	8
4271	8
4272	8
4273	8
4274	8
4275	8
4276	8
4277	8
4278	8
4279	8
4280	8
4281	8
4282	8
4283	8
4284	8
4285	8
4286	8
4287	8
4288	8
4289	8
4290	8
4291	8
4292	8
4293	8
4294	8
4295	8
4296	8
4297	8
4298	8
4299	8
4300	8
4301	8
4302	8
4303	8
4304	8
4305	8
4306	8
4307	8
4308	8
4309	8
4310	8
4311	8
4312	8
4313	8
4314	8
4315	8
4316	8
4317	8
4318	8
4319	8
4320	8
4321	8
4322	8
4323	8
4324	8
4325	8
4326	8
4327	8
4328	8
4329	8
4330	8
4331	8
4332	8
4333	8
4334	8
4335	8
4336	8
4337	8
4338	8
4339	8
4340	8
4341	8
4342	8
4343	8
4344	8
4345	8
4346	8
4347	8
4348	8
4349	8
4350	8
4351	8
4352	8
4353	8
4354	8
4355	8
4356	8
4357	8
4358	8
4359	8
4360	8
4361	8
4362	8
4363	8
4364	8
4365	8
4366	8
4367	8
4368	8
4369	8
4370	8
4371	8
4372	8
4373	8
4374	8
4375	8
4376	8
4377	8
4378	8
4379	8
4380	8
4381	8
4382	8
4383	8
4384	8
4385	8
4386	8
4387	8
4388	8
4389	8
4390	8
4391	8
4392	8
4393	8
4394	8
4395	8
4396	8
4397	8
4398	8
4399	8
4400	8
4401	8
4402	8
4403	8
4404	8
4405	8
4406	8
4407	8
4408	8
4409	8
4410	8
4411	8
4412	8
4413	8
4414	8
4415	8
4416	8
4417	8
4418	8
4419	8
4420	8
4421	8
4422	8
4423	8
4424	8
4425	8
4426	8
4427	8
4428	8
4429	8
4430	8
4431	8
4432	8
4433	8
4434	8
4435	8
4436	8
4437	8
4438	8
4439	8
4440	8
4441	8
4442	8
4443	8
4444	8
4445	8
4446	8
4447	8
4448	8
4449	8
4450	8
4451	8
4452	8
4453	8
4454	8
4455	8
4456	8
4457	8
4458	8
4459	8
4460	8
4461	8
4462	8
4463	8
4464	8
4465	8
4466	8
4467	8
4468	8
4469	8
4470	8
4471	8
4472	8
4473	8
4474	8
4475	8
4476	8
4477	8
4478	8
4479	8
4480	8
4481	8
4482	8
4483	8
4484	8
4485	8
4486	8
4487	8
4488	8
4489	8
4490	8
4491	8
4492	8
4493	8
4494	8
4495	8
4496	8
4497	8
4498	8
4499	8
4500	8
4501	8
4502	8
4503	8
4504	8
4505	8
4506	8
4507	9
4508	9
4509	9
4510	9
4511	9
4512	9
4513	9
4514	9
4515	9
4516	9
4517	9
4518	9
4519	9
4520	9
4521	9
4522	9
4523	9
4524	9
4525	9
4526	9
4527	9
4528	9
4529	9
4530	9
4531	9
4532	9
4533	9
4534	9
4535	9
4536	9
4537	9
4538	9
4539	9
4540	9
4541	9
4542	9
4543	9
4544	9
4545	9
4546	9
4547	9
4548	9
4549	9
4550	9
4551	9
4552	9
4553	9
4554	9
4555	9
4556	9
4557	9
4558	9
4559	9
4560	9
4561	9
4562	9
4563	9
4564	9
4565	9
4566	9
4567	9
4568	9
4569	9
4570	9
4571	9
4572	9
4573	9
4574	9
4575	9
4576	9
4577	9
4578	9
4579	9
4580	9
4581	9
4582	9
4583	9
4584	9
4585	9
4586	9
4587	9
4588	9
4589	9
4590	9
4591	9
4592	9
4593	9
4594	9
4595	9
4596	9
4597	9
4598	9
4599	9
4600	9
4601	9
4602	9
4603	9
4604	9
4605	9
4606	9
4607	9
4608	9
4609	9
4610	9
4611	9
4612	9
4613	9
4614	9
4615	9
4616	9
4617	9
4618	9
4619	9
4620	9
4621	9
4622	9
4623	9
4624	9
4625	9
4626	9
4627	9
4628	9
4629	9
4630	9
4631	9
4632	9
4633	9
4634	9
4635	9
4636	9
4637	9
4638	9
4639	9
4640	9
4641	9
4642	9
4643	9
4644	9
4645	9
4646	9
4647	9
4648	9
4649	9
4650	9
4651	9
4652	9
4653	9
4654	9
4655	9
4656	9
4657	9
4658	9
4659	9
4660	9
4661	9
4662	9
4663	9
4664	9
4665	9
4666	9
4667	9
4668	9
4669	9
4670	9
4671	9
4672	9
4673	9
4674	9
4675	9
4676	9
4677	9
4678	9
4679	9
4680	9
4681	9
4682	9
4683	9
4684	9
4685	9
4686	9
4687	9
4688	9
4689	9
4690	9
4691	9
4692	9
4693	9
4694	9
4695	9
4696	9
4697	9
4698	9
4699	9
4700	9
4701	9
4702	9
4703	9
4704	9
4705	9
4706	9
4707	9
4708	9
4709	9
4710	9
4711	9
4712	9
4713	9
4714	9
4715	9
4716	9
4717	9
4718	9
4719	9
4720	9
4721	9
4722	9
4723	9
4724	9
4725	9
4726	9
4727	9
4728	9
4729	9
4730	9
4731	9
4732	9
4733	9
4734	9
4735	9
4736	9
4737	9
4738	9
4739	9
4740	9
4741	9
4742	9
4743	9
4744	9
4745	9
4746	9
4747	9
4748	9
4749	9
4750	9
4751	9
4752	9
4753	9
4754	9
4755	9
4756	9
4757	9
4758	9
4759	9
4760	9
4761	9
4762	9
4763	9
4764	9
4765	9
4766	9
4767	9
4768	9
4769	9
4770	9
4771	9
4772	9
4773	9
4774	9
4775	9
4776	9
4777	9
4778	9
4779	9
4780	9
4781	9
4782	9
4783	9
4784	9
4785	9
4786	9
4787	9
4788	9
4789	9
4790	9
4791	9
4792	9
4793	9
4794	9
4795	9
4796	9
4797	9
4798	9
4799	9
4800	9
4801	9
4802	9
4803	9
4804	9
4805	9
4806	9
4807	9
4808	9
4809	9
4810	9
4811	9
4812	9
4813	9
4814	9
4815	9
4816	9
4817	9
4818	9
4819	9
4820	9
4821	9
4822	9
4823	9
4824	9
4825	9
4826	9
4827	9
4828	9
4829	9
4830	9
4831	9
4832	9
4833	9
4834	9
4835	9
4836	9
4837	9
4838	9
4839	9
4840	9
4841	9
4842	9
4843	9
4844	9
4845	9
4846	9
4847	9
4848	9
4849	9
4850	9
4851	9
4852	9
4853	9
4854	9
4855	9
4856	9
4857	9
4858	9
4859	9
4860	9
4861	9
4862	9
4863	9
4864	9
4865	9
4866	9
4867	9
4868	9
4869	9
4870	9
4871	9
4872	9
4873	9
4874	9
4875	9
4876	9
4877	9
4878	9
4879	9
4880	9
4881	9
4882	9
4883	9
4884	9
4885	9
4886	9
4887	9
4888	9
4889	9
4890	9
4891	9
4892	9
4893	9
4894	9
4895	9
4896	9
4897	9
4898	9
4899	9
4900	9
4901	9
4902	9
4903	9
4904	9
4905	9
4906	9
4907	9
4908	9
4909	9
4910	9
4911	9
4912	9
4913	9
4914	9
4915	9
4916	9
4917	9
4918	9
4919	9
4920	9
4921	9
4922	9
4923	9
4924	9
4925	9
4926	9
4927	9
4928	9
4929	9
4930	9
4931	9
4932	9
4933	9
4934	9
4935	9
4936	9
4937	9
4938	9
4939	9
4940	9
4941	9
4942	9
4943	9
4944	9
4945	9
4946	9
4947	9
4948	9
4949	9
4950	9
4951	9
4952	9
4953	9
4954	9
4955	9
4956	9
4957	9
4958	9
4959	9
4960	9
4961	9
4962	9
4963	9
4964	9
4965	9
4966	9
4967	9
4968	9
4969	9
4970	9
4971	9
4972	9
4973	9
4974	9
4975	9
4976	9
4977	9
4978	9
4979	9
4980	9
4981	9
4982	9
4983	9
4984	9
4985	9
4986	9
4987	9
4988	9
4989	9
4990	9
4991	9
4992	9
4993	9
4994	9
4995	9
4996	9
4997	9
4998	9
4999	9
5000	9
5001	9
5002	9
5003	9
5004	9
5005	9
5006	9
5007	9
5008	9
5009	9
5010	9
5011	9
5012	9
5013	9
5014	9
5015	9
5016	9
5017	9
5018	9
5019	9
5020	9
5021	9
5022	9
5023	9
5024	9
5025	9
5026	9
5027	9
5028	9
5029	9
5030	9
5031	9
5032	9
5033	9
5034	9
5035	9
5036	9
5037	9
5038	9
5039	9
5040	10
5041	10
5042	10
5043	10
5044	10
5045	10
5046	10
5047	10
5048	10
5049	10
5050	10
5051	10
5052	10
5053	10
5054	10
5055	10
5056	10
5057	10
5058	10
5059	10
5060	10
5061	10
5062	10
5063	10
5064	10
5065	10
5066	10
5067	10
5068	10
5069	10
5070	10
5071	10
5072	10
5073	10
5074	10
5075	10
5076	10
5077	10
5078	10
5079	10
5080	10
5081	10
5082	10
5083	10
5084	10
5085	10
5086	10
5087	10
5088	10
5089	10
5090	10
5091	10
5092	10
5093	10
5094	10
5095	10
5096	10
5097	10
5098	10
5099	10
5100	10
5101	10
5102	10
5103	10
5104	10
5105	10
5106	10
5107	10
5108	10
5109	10
5110	10
5111	10
5112	10
5113	10
5114	10
5115	10
5116	10
5117	10
5118	10
5119	10
5120	10
5121	10
5122	10
5123	10
5124	10
5125	10
5126	10
5127	10
5128	10
5129	10
5130	10
5131	10
5132	10
5133	10
5134	10
5135	10
5136	10
5137	10
5138	10
5139	10
5140	10
5141	10
5142	10
5143	10
5144	10
5145	10
5146	10
5147	10
5148	10
5149	10
5150	10
5151	10
5152	10
5153	10
5154	10
5155	10
5156	10
5157	10
5158	10
5159	10
5160	10
5161	10
5162	10
5163	10
5164	10
5165	10
5166	10
5167	10
5168	10
5169	10
5170	10
5171	10
5172	10
5173	10
5174	10
5175	10
5176	10
5177	10
5178	10
5179	10
5180	10
5181	10
5182	10
5183	10
5184	10
5185	10
5186	10
5187	10
5188	10
5189	10
5190	10
5191	10
5192	10
5193	10
5194	10
5195	10
5196	10
5197	10
5198	10
5199	10
5200	10
5201	10
5202	10
5203	10
5204	10
5205	10
5206	10
5207	10
5208	10
5209	10
5210	10
5211	10
5212	10
5213	10
5214	10
5215	10
5216	10
5217	10
5218	10
5219	10
5220	10
5221	10
5222	10
5223	10
5224	10
5225	10
5226	10
5227	10
5228	10
5229	10
5230	10
5231	10
5232	10
5233	10
5234	10
5235	10
5236	10
5237	10
5238	10
5239	10
5240	10
5241	10
5242	10
5243	10
5244	10
5245	10
5246	10
5247	10
5248	10
5249	10
5250	10
5251	10
5252	10
5253	10
5254	10
5255	10
5256	10
5257	10
5258	10
5259	10
5260	10
5261	10
5262	10
5263	10
5264	10
5265	10
5266	10
5267	10
5268	10
5269	10
5270	10
5271	10
5272	10
5273	10
5274	10
5275	10
5276	10
5277	10
5278	10
5279	10
5280	10
5281	10
5282	10
5283	10
5284	10
5285	10
5286	10
5287	10
5288	10
5289	10
5290	10
5291	10
5292	10
5293	10
5294	10
5295	10
5296	10
5297	10
5298	10
5299	10
5300	10
5301	10
5302	10
5303	10
5304	10
5305	10
5306	10
5307	10
5308	10
5309	10
5310	10
5311	10
5312	10
5313	10
5314	10
5315	10
5316	10
5317	10
5318	10
5319	10
5320	10
5321	10
5322	10
5323	10
5324	10
5325	10
5326	10
5327	10
5328	10
5329	10
5330	10
5331	10
5332	10
5333	10
5334	10
5335	10
5336	10
5337	10
5338	10
5339	10
5340	10
5341	10
5342	10
5343	10
5344	10
5345	10
5346	10
5347	10
5348	10
5349	10
5350	10
5351	10
5352	10
5353	10
5354	10
5355	10
5356	10
5357	10
5358	10
5359	10
5360	10
5361	10
5362	10
5363	10
5364	10
5365	10
5366	10
5367	10
5368	10
5369	10
5370	10
5371	10
5372	10
5373	10
5374	10
5375	10
5376	10
5377	10
5378	10
5379	10
5380	10
5381	10
5382	10
5383	10
5384	10
5385	10
5386	10
5387	10
5388	10
5389	10
5390	10
5391	10
5392	10
5393	10
5394	10
5395	10
5396	10
5397	10
5398	10
5399	10
5400	10
5401	10
5402	10
5403	10
5404	10
5405	10
5406	10
5407	10
5408	10
5409	10
5410	10
5411	10
5412	10
5413	10
5414	10
5415	10
5416	10
5417	10
5418	10
5419	10
5420	10
5421	10
5422	10
5423	10
5424	10
5425	10
5426	10
5427	10
5428	10
5429	10
5430	10
5431	10
5432	10
5433	10
5434	10
5435	10
5436	10
5437	10
5438	10
5439	10
5440	10
5441	10
5442	10
5443	10
5444	10
5445	10
5446	10
5447	10
5448	10
5449	10
5450	10
5451	10
5452	10
5453	10
5454	10
5455	10
5456	10
5457	10
5458	10
5459	10
5460	10
5461	10
5462	10
5463	10
5464	10
5465	10
5466	10
5467	10
5468	10
5469	10
5470	10
5471	10
5472	10
5473	10
5474	10
5475	10
5476	10
5477	10
5478	10
5479	10
5480	10
5481	10
5482	10
5483	10
5484	10
5485	10
5486	10
5487	10
5488	10
5489	10
5490	10
5491	10
5492	10
5493	10
5494	10
5495	10
5496	10
5497	10
5498	10
5499	10
5500	10
5501	10
5502	10
5503	10
5504	10
5505	10
5506	10
5507	10
5508	10
5509	10
5510	10
5511	10
5512	10
5513	10
5514	10
5515	10
5516	10
5517	10
5518	10
5519	10
5520	10
5521	10
5522	10
5523	10
5524	10
5525	10
5526	10
5527	10
5528	10
5529	10
5530	10
5531	10
5532	10
5533	10
5534	10
5535	10
5536	10
5537	10
5538	10
5539	10
5540	10
5541	10
5542	10
5543	10
5544	10
5545	10
5546	10
5547	10
5548	10
5549	10
5550	10
5551	10
5552	10
5553	10
5554	10
5555	10
5556	10
5557	10
5558	10
5559	10
5560	10
5561	10
5562	10
5563	10
5564	10
5565	10
5566	10
5567	10
5568	10
5569	10
5570	10
5571	10
5572	10
5573	10
5574	10
5575	10
5576	10
5577	10
5578	10
5579	10
5580	10
5581	10
5582	10
5583	10
5584	10
5585	10
5586	10
5587	10
5588	10
5589	10
5590	10
5591	10
5592	10
5593	10
5594	10
5595	10
5596	10
5597	10
5598	10
5599	10
5600	10
5601	10
5602	10
5603	10
5604	10
5605	10
5606	10
5607	10
5608	10
5609	10
5610	10
5611	10
5612	10
5613	10
5614	10
5615	10
5616	10
5617	10
5618	10
5619	10
5620	10
5621	10
5622	10
5623	10
5624	10
5625	10
5626	10
5627	10
5628	10
5629	10
5630	10
5631	10
5632	10
5633	10
5634	10
5635	10
5636	10
5637	10
5638	10
5639	10
5640	10
5641	10
5642	10
5643	10
5644	10
5645	10
5646	10
5647	10
5648	10
5649	10
5650	10
5651	10
5652	10
5653	10
5654	10
5655	10
5656	10
5657	10
5658	10
5659	10
5660	10
5661	10
5662	10
5663	10
5664	10
5665	10
5666	10
5667	10
5668	10
5669	10
5670	10
5671	10
5672	10
5673	10
5674	10
5675	10
5676	10
5677	10
5678	10
5679	10
5680	10
5681	10
5682	10
5683	10
5684	10
5685	10
5686	10
5687	10
5688	10
5689	10
5690	10
5691	10
5692	10
5693	10
5694	10
5695	10
5696	10
5697	10
5698	10
5699	10
5700	10
5701	10
5702	10
5703	10
5704	10
5705	10
5706	10
5707	10
5708	10
5709	10
5710	10
5711	10
5712	10
5713	10
5714	10
5715	10
5716	10
5717	10
5718	10
5719	10
5720	10
5721	10
5722	10
5723	10
5724	10
5725	10
5726	10
5727	10
5728	10
5729	10
5730	10
5731	10
5732	10
5733	10
5734	10
5735	10
5736	10
5737	10
5738	10
5739	10
5740	10
5741	10
5742	10
5743	10
5744	10
5745	10
5746	10
5747	10
5748	10
5749	10
5750	10
5751	10
5752	10
5753	10
5754	10
5755	10
5756	10
5757	10
5758	10
5759	10
5760	10
5761	10
5762	10
5763	10
5764	10
5765	10
5766	10
5767	10
5768	10
5769	10
5770	10
5771	10
5772	10
5773	10
5774	10
5775	11
5776	11
5777	11
5778	11
5779	11
5780	11
5781	11
5782	11
5783	11
5784	11
5785	11
5786	11
5787	11
5788	11
5789	11
5790	11
5791	11
5792	11
5793	11
5794	11
5795	11
5796	11
5797	11
5798	11
5799	11
5800	11
5801	11
5802	11
5803	11
5804	11
5805	11
5806	11
5807	11
5808	11
5809	11
5810	11
5811	11
5812	11
5813	11
5814	11
5815	11
5816	11
5817	11
5818	11
5819	11
5820	11
5821	11
5822	11
5823	11
5824	11
5825	11
5826	11
5827	11
5828	11
5829	11
5830	11
5831	11
5832	11
5833	11
5834	11
5835	11
5836	11
5837	11
5838	11
5839	11
5840	11
5841	11
5842	11
5843	11
5844	11
5845	11
5846	11
5847	11
5848	11
5849	11
5850	11
5851	11
5852	11
5853	11
5854	11
5855	11
5856	11
5857	11
5858	11
5859	11
5860	11
5861	11
5862	11
5863	11
5864	11
5865	11
5866	11
5867	11
5868	11
5869	11
5870	11
5871	11
5872	11
5873	11
5874	11
5875	11
5876	11
5877	11
5878	11
5879	11
5880	11
5881	11
5882	11
5883	11
5884	11
5885	11
5886	11
5887	11
5888	11
5889	11
5890	11
5891	11
5892	11
5893	11
5894	11
5895	11
5896	11
5897	11
5898	11
5899	11
5900	11
5901	11
5902	11
5903	11
5904	11
5905	11
5906	11
5907	11
5908	11
5909	11
5910	11
5911	11
5912	11
5913	11
5914	11
5915	11
5916	11
5917	11
5918	11
5919	11
5920	11
5921	11
5922	11
5923	11
5924	11
5925	11
5926	11
5927	11
5928	11
5929	11
5930	11
5931	11
5932	11
5933	11
5934	11
5935	11
5936	11
5937	11
5938	11
5939	11
5940	11
5941	11
5942	11
5943	11
5944	11
5945	11
5946	11
5947	11
5948	11
5949	11
5950	11
5951	11
5952	11
5953	11
5954	11
5955	11
5956	11
5957	11
5958	11
5959	11
5960	11
5961	11
5962	11
5963	11
5964	11
5965	11
5966	11
5967	11
5968	11
5969	11
5970	11
5971	11
5972	11
5973	11
5974	11
5975	11
5976	11
5977	11
5978	11
5979	11
5980	11
5981	11
5982	11
5983	11
5984	11
5985	11
5986	11
5987	11
5988	11
5989	11
5990	11
5991	11
5992	11
5993	11
5994	11
5995	11
5996	11
5997	11
5998	11
5999	11
6000	11
6001	11
6002	11
6003	11
6004	11
6005	11
6006	11
6007	11
6008	11
6009	11
6010	11
6011	11
6012	11
6013	11
6014	11
6015	11
6016	11
6017	11
6018	11
6019	11
6020	11
6021	11
6022	11
6023	11
6024	11
6025	11
6026	11
6027	11
6028	11
6029	11
6030	11
6031	11
6032	11
6033	11
6034	11
6035	11
6036	11
6037	11
6038	11
6039	11
6040	11
6041	11
6042	11
6043	11
6044	11
6045	11
6046	11
6047	11
6048	11
6049	11
6050	11
6051	11
6052	11
6053	11
6054	11
6055	11
6056	11
6057	11
6058	11
6059	11
6060	11
6061	11
6062	11
6063	11
6064	11
6065	11
6066	11
6067	11
6068	11
6069	11
6070	11
6071	11
6072	11
6073	11
6074	11
6075	11
6076	11
6077	11
6078	11
6079	11
6080	11
6081	11
6082	11
6083	11
6084	11
6085	11
6086	11
6087	11
6088	11
6089	11
6090	11
6091	11
6092	11
6093	11
6094	11
6095	11
6096	11
6097	11
6098	11
6099	11
6100	11
6101	11
6102	11
6103	11
6104	11
6105	11
6106	11
6107	11
6108	11
6109	11
6110	11
6111	11
6112	11
6113	11
6114	11
6115	11
6116	11
6117	11
6118	11
6119	11
6120	11
6121	11
6122	11
6123	11
6124	11
6125	11
6126	11
6127	11
6128	11
6129	11
6130	11
6131	11
6132	11
6133	11
6134	11
6135	11
6136	11
6137	11
6138	11
6139	11
6140	11
6141	11
6142	11
6143	11
6144	11
6145	11
6146	11
6147	11
6148	11
6149	11
6150	11
6151	11
6152	11
6153	11
6154	11
6155	11
6156	11
6157	11
6158	12
6159	13
6160	13
6161	13
6162	13
6163	13
6164	13
6165	13
6166	13
6167	13
6168	13
6169	13
6170	13
6171	13
6172	13
6173	13
6174	13
6175	13
6176	13
6177	13
6178	13
6179	13
6180	13
6181	13
6182	13
6183	13
6184	13
6185	13
6186	13
6187	13
6188	13
6189	13
6190	13
6191	13
6192	13
6193	13
6194	13
6195	13
6196	13
6197	13
6198	13
6199	13
6200	13
6201	13
6202	13
6203	13
6204	13
6205	13
6206	13
6207	13
6208	13
6209	13
6210	13
6211	13
6212	13
6213	13
6214	13
6215	13
6216	13
6217	13
6218	13
6219	13
6220	13
6221	13
6222	13
6223	13
6224	13
6225	13
6226	13
6227	13
6228	13
6229	13
6230	13
6231	13
6232	13
6233	13
6234	13
6235	13
6236	13
6237	13
6238	13
6239	13
6240	13
6241	13
6242	13
6243	13
6244	13
6245	13
6246	13
6247	13
6248	13
6249	13
6250	13
6251	13
6252	13
6253	13
6254	13
6255	13
6256	13
6257	13
6258	13
6259	13
6260	13
6261	13
6262	13
6263	13
6264	13
6265	13
6266	13
6267	13
6268	13
6269	13
6270	13
6271	13
6272	13
6273	13
6274	13
6275	13
6276	13
6277	13
6278	14
6279	14
6280	14
6281	14
6282	14
6283	14
6284	14
6285	14
6286	14
6287	14
6288	14
6289	14
6290	14
6291	14
6292	14
6293	14
6294	14
6295	14
6296	14
6297	14
6298	14
6299	14
6300	14
6301	14
6302	14
6303	14
6304	14
6305	14
6306	14
6307	14
6308	14
6309	14
6310	14
6311	14
6312	14
6313	14
6314	14
6315	14
6316	14
6317	14
6318	14
6319	14
6320	14
6321	14
6322	14
6323	14
6324	14
6325	14
6326	14
6327	14
6328	14
6329	14
6330	14
6331	14
6332	14
6333	14
6334	14
6335	14
6336	14
6337	14
6338	14
6339	14
6340	14
6341	14
6342	14
6343	14
6344	14
6345	14
6346	14
6347	14
6348	14
6349	14
6350	14
6351	14
6352	14
6353	14
6354	14
6355	14
6356	14
6357	14
6358	14
6359	14
6360	14
6361	14
6362	14
6363	14
6364	14
6365	14
6366	14
6367	14
6368	14
6369	14
6370	14
6371	14
6372	14
6373	14
6374	14
6375	14
6376	14
6377	14
6378	14
6379	14
6380	14
6381	14
6382	14
6383	14
6384	14
6385	14
6386	14
6387	14
6388	14
6389	14
6390	14
6391	14
6392	14
6393	14
6394	14
6395	14
6396	14
6397	14
6398	14
6399	14
6400	14
6401	14
6402	14
6403	14
6404	14
6405	14
6406	14
6407	14
6408	14
6409	14
6410	14
6411	14
6412	14
6413	14
6414	14
6415	14
6416	14
6417	14
6418	14
6419	14
6420	14
6421	14
6422	14
6423	14
6424	14
6425	14
6426	14
6427	14
6428	14
6429	14
6430	14
6431	14
6432	14
6433	14
6434	14
6435	14
6436	14
6437	14
6438	14
6439	14
6440	14
6441	14
6442	14
6443	14
6444	14
6445	14
6446	14
6447	14
6448	14
6449	14
6450	14
6451	14
6452	14
6453	14
6454	14
6455	14
6456	14
6457	14
6458	14
6459	14
6460	14
6461	14
6462	14
6463	14
6464	14
6465	14
6466	14
6467	14
6468	14
6469	14
6470	14
6471	14
6472	14
6473	14
6474	14
6475	14
6476	14
6477	14
6478	14
6479	14
6480	14
6481	14
6482	14
6483	14
6484	14
6485	14
6486	14
6487	14
6488	14
6489	14
6490	14
6491	15
6492	15
6493	15
6494	15
6495	15
6496	15
6497	15
6498	15
6499	15
6500	15
6501	15
6502	15
6503	15
6504	15
6505	15
6506	15
6507	15
6508	15
6509	15
6510	15
6511	15
6512	15
6513	15
6514	15
6515	15
6516	15
6517	15
6518	15
6519	15
6520	15
6521	15
6522	15
6523	15
6524	15
6525	15
6526	15
6527	15
6528	15
6529	15
6530	15
6531	15
6532	15
6533	15
6534	15
6535	15
6536	15
6537	15
6538	15
6539	15
6540	15
6541	15
6542	15
6543	15
6544	15
6545	15
6546	15
6547	15
6548	15
6549	15
6550	15
6551	15
6552	15
6553	15
6554	15
6555	15
6556	15
6557	15
6558	15
6559	15
6560	15
6561	15
6562	15
6563	15
6564	15
6565	15
6566	15
6567	15
6568	15
6569	15
6570	15
6571	15
6572	15
6573	15
6574	15
6575	15
6576	15
6577	15
6578	15
6579	15
6580	15
6581	15
6582	15
6583	15
6584	15
6585	15
6586	15
6587	15
6588	15
6589	15
6590	15
6591	15
6592	15
6593	15
6594	15
6595	15
6596	15
6597	15
6598	15
6599	15
6600	15
6601	15
6602	15
6603	15
6604	15
6605	15
6606	15
6607	15
6608	15
6609	15
6610	15
6611	15
6612	15
6613	15
6614	15
6615	15
6616	15
6617	15
6618	15
6619	15
6620	15
6621	15
6622	15
6623	15
6624	15
6625	15
6626	15
6627	15
6628	15
6629	15
6630	15
6631	15
6632	15
6633	15
6634	15
6635	15
6636	15
6637	15
6638	15
6639	15
6640	15
6641	15
6642	15
6643	15
6644	15
6645	15
6646	15
6647	15
6648	15
6649	15
6650	15
6651	15
6652	15
6653	15
6654	15
6655	15
6656	15
6657	15
6658	15
6659	15
6660	15
6661	15
6662	15
6663	15
6664	15
6665	15
6666	15
6667	15
6668	15
6669	15
6670	15
6671	15
6672	15
6673	15
6674	15
6675	15
6676	15
6677	15
6678	15
6679	15
6680	15
6681	15
6682	15
6683	15
6684	15
6685	15
6686	15
6687	15
6688	15
6689	15
6690	15
6691	15
6692	15
6693	15
6694	15
6695	15
6696	15
6697	15
6698	15
6699	15
6700	15
6701	15
6702	15
6703	15
6704	15
6705	15
6706	15
6707	15
6708	15
6709	15
6710	15
6711	15
6712	15
6713	15
6714	15
6715	15
6716	15
6717	15
6718	15
6719	15
6720	15
6721	15
6722	15
6723	15
6724	15
6725	15
6726	15
6727	15
6728	15
6729	15
6730	15
6731	15
6732	15
6733	15
6734	15
6735	15
6736	15
6737	15
6738	15
6739	15
6740	15
6741	15
6742	15
6743	15
6744	15
6745	15
6746	15
6747	15
6748	15
6749	15
6750	15
6751	15
6752	15
6753	15
6754	15
6755	15
6756	15
6757	15
6758	15
6759	15
6760	15
6761	15
6762	15
6763	15
6764	15
6765	15
6766	15
6767	15
6768	15
6769	15
6770	15
6771	15
6772	15
6773	15
6774	15
6775	15
6776	15
6777	15
6778	15
6779	15
6780	15
6781	15
6782	15
6783	15
6784	15
6785	15
6786	15
6787	15
6788	15
6789	15
6790	15
6791	15
6792	15
6793	15
6794	15
6795	15
6796	15
6797	15
6798	15
6799	15
6800	15
6801	15
6802	15
6803	15
6804	15
6805	15
6806	15
6807	15
6808	15
6809	15
6810	15
6811	15
6812	15
6813	15
6814	15
6815	15
6816	15
6817	15
6818	15
6819	15
6820	15
6821	15
6822	15
6823	15
6824	15
6825	15
6826	15
6827	15
6828	15
6829	15
6830	15
6831	15
6832	15
6833	15
6834	15
6835	15
6836	15
6837	15
6838	15
6839	15
6840	15
6841	15
6842	15
6843	15
6844	15
6845	15
6846	15
6847	15
6848	15
6849	15
6850	15
6851	15
6852	15
6853	15
6854	15
6855	15
6856	15
6857	15
6858	15
6859	15
6860	15
6861	15
6862	15
6863	15
6864	15
6865	15
6866	15
6867	15
6868	15
6869	15
6870	15
6871	15
6872	15
6873	15
6874	15
6875	15
6876	15
6877	15
6878	15
6879	15
6880	15
6881	15
6882	15
6883	15
6884	15
6885	15
6886	15
6887	15
6888	15
6889	15
6890	15
6891	15
6892	15
6893	15
6894	15
6895	15
6896	15
6897	15
6898	15
6899	15
6900	15
6901	15
6902	15
6903	15
6904	15
6905	15
6906	15
6907	15
6908	15
6909	15
6910	15
6911	15
6912	15
6913	15
6914	15
6915	15
6916	15
6917	15
6918	15
6919	15
6920	15
6921	15
6922	15
6923	15
6924	15
6925	15
6926	15
6927	15
6928	15
6929	15
6930	15
6931	15
6932	15
6933	15
6934	15
6935	15
6936	15
6937	15
6938	15
6939	15
6940	15
6941	15
6942	15
6943	15
6944	15
6945	15
6946	15
6947	15
6948	15
6949	15
6950	15
6951	15
6952	15
6953	15
6954	15
6955	15
6956	15
6957	15
6958	15
6959	15
6960	15
6961	15
6962	15
6963	15
6964	15
6965	15
6966	15
6967	15
6968	15
6969	15
6970	15
6971	15
6972	15
6973	15
6974	15
6975	15
6976	15
6977	15
6978	15
6979	15
6980	15
6981	15
6982	15
6983	15
6984	15
6985	15
6986	15
6987	15
6988	15
6989	15
6990	15
6991	15
6992	15
6993	15
6994	15
6995	15
6996	15
6997	15
6998	15
6999	15
7000	15
7001	15
7002	15
7003	15
7004	15
7005	15
7006	15
7007	15
7008	15
7009	15
7010	15
7011	15
7012	15
7013	15
7014	15
7015	15
7016	15
7017	15
7018	15
7019	15
7020	15
7021	15
7022	15
7023	15
7024	15
7025	15
7026	15
7027	15
7028	15
7029	15
7030	15
7031	15
7032	15
7033	15
7034	15
7035	15
7036	15
7037	15
7038	15
7039	15
7040	15
7041	15
7042	15
7043	15
7044	15
7045	15
7046	15
7047	15
7048	15
7049	15
7050	15
7051	15
7052	15
7053	15
7054	15
7055	15
7056	15
7057	15
7058	15
7059	15
7060	15
7061	15
7062	15
7063	15
7064	15
7065	15
7066	15
7067	15
7068	15
7069	15
7070	15
7071	15
7072	15
7073	15
7074	15
7075	15
7076	15
7077	15
7078	15
7079	15
7080	15
7081	15
7082	15
7083	15
7084	15
7085	15
7086	15
7087	15
7088	15
7089	15
7090	15
7091	15
7092	15
7093	15
7094	15
7095	15
7096	15
7097	15
7098	15
7099	15
7100	15
7101	15
7102	15
7103	15
7104	15
7105	15
7106	15
7107	15
7108	15
7109	15
7110	15
7111	15
7112	15
7113	15
7114	15
7115	15
7116	15
7117	15
7118	15
7119	15
7120	15
7121	15
7122	15
7123	15
7124	15
7125	15
7126	15
7127	15
7128	15
7129	15
7130	15
7131	15
7132	15
7133	15
7134	15
7135	15
7136	15
7137	15
7138	15
7139	15
7140	15
7141	15
7142	15
7143	15
7144	15
7145	15
7146	15
7147	15
7148	15
7149	15
7150	15
7151	15
7152	15
7153	15
7154	15
7155	15
7156	15
7157	15
7158	15
7159	15
7160	15
7161	15
7162	15
7163	15
7164	15
7165	15
7166	15
7167	15
7168	15
7169	15
7170	15
7171	15
7172	15
7173	15
7174	15
7175	15
7176	15
7177	15
7178	15
7179	15
7180	15
7181	15
7182	15
7183	15
7184	15
7185	15
7186	15
7187	15
7188	15
7189	15
7190	15
7191	15
7192	15
7193	15
7194	15
7195	15
7196	15
7197	15
7198	15
7199	15
7200	15
7201	15
7202	15
7203	15
7204	15
7205	15
7206	15
7207	15
7208	15
7209	15
7210	15
7211	15
7212	15
7213	15
7214	15
7215	15
7216	15
7217	15
7218	15
7219	15
7220	15
7221	15
7222	15
7223	15
7224	15
7225	15
7226	15
7227	15
7228	15
7229	15
7230	15
7231	15
7232	15
7233	15
7234	16
7235	16
7236	16
7237	16
7238	16
7239	16
7240	16
7241	16
7242	16
7243	16
7244	16
7245	16
7246	16
7247	16
7248	16
7249	16
7250	16
7251	16
7252	16
7253	16
7254	16
7255	16
7256	16
7257	16
7258	16
7259	16
7260	16
7261	16
7262	16
7263	16
7264	16
7265	16
7266	16
7267	16
7268	16
7269	16
7270	16
7271	16
7272	16
7273	16
7274	16
7275	16
7276	16
7277	16
7278	16
7279	16
7280	16
7281	16
7282	16
7283	16
7284	16
7285	16
7286	16
7287	16
7288	16
7289	16
7290	16
7291	16
7292	16
7293	16
7294	16
7295	16
7296	16
7297	16
7298	16
7299	16
7300	16
7301	16
7302	16
7303	16
7304	16
7305	16
7306	16
7307	16
7308	16
7309	16
7310	16
7311	16
7312	16
7313	16
7314	16
7315	16
7316	16
7317	16
7318	16
7319	16
7320	16
7321	16
7322	16
7323	16
7324	16
7325	16
7326	16
7327	16
7328	16
7329	16
7330	16
7331	16
7332	16
7333	16
7334	16
7335	16
7336	16
7337	16
7338	16
7339	16
7340	16
7341	16
7342	16
7343	16
7344	16
7345	16
7346	16
7347	16
7348	16
7349	16
7350	16
7351	16
7352	16
7353	16
7354	16
7355	16
7356	16
7357	16
7358	16
7359	16
7360	16
7361	16
7362	16
7363	16
7364	16
7365	16
7366	16
7367	16
7368	16
7369	16
7370	16
7371	16
7372	16
7373	16
7374	16
7375	16
7376	16
7377	16
7378	16
7379	16
7380	16
7381	16
7382	16
7383	16
7384	16
7385	16
7386	16
7387	16
7388	16
7389	16
7390	16
7391	16
7392	16
7393	16
7394	16
7395	16
7396	16
7397	16
7398	16
7399	16
7400	16
7401	16
7402	16
7403	16
7404	16
7405	16
7406	16
7407	16
7408	16
7409	16
7410	16
7411	16
7412	16
7413	16
7414	16
7415	16
7416	16
7417	16
7418	16
7419	16
7420	16
7421	16
7422	16
7423	16
7424	16
7425	16
7426	16
7427	16
7428	16
7429	16
7430	16
7431	16
7432	16
7433	16
7434	16
7435	16
7436	16
7437	16
7438	16
7439	16
7440	16
7441	16
7442	16
7443	16
7444	16
7445	16
7446	16
7447	16
7448	16
7449	16
7450	16
7451	16
7452	16
7453	16
7454	16
7455	16
7456	16
7457	16
7458	16
7459	16
7460	16
7461	16
7462	16
7463	16
7464	16
7465	16
7466	16
7467	16
7468	16
7469	16
7470	16
7471	16
7472	16
7473	16
7474	16
7475	16
7476	16
7477	16
7478	16
7479	16
7480	16
7481	16
7482	16
7483	16
7484	16
7485	16
7486	16
7487	16
7488	16
7489	16
7490	16
7491	16
7492	16
7493	16
7494	16
7495	16
7496	16
7497	16
7498	16
7499	16
7500	16
7501	16
7502	16
7503	16
7504	16
7505	16
7506	16
7507	16
7508	16
7509	16
7510	16
7511	16
7512	16
7513	16
7514	16
7515	16
7516	16
7517	16
7518	16
7519	16
7520	16
7521	16
7522	16
7523	16
7524	16
7525	16
7526	16
7527	16
7528	16
7529	16
7530	16
7531	16
7532	16
7533	16
7534	16
7535	16
7536	16
7537	16
7538	16
7539	16
7540	16
7541	16
7542	16
7543	16
7544	16
7545	16
7546	16
7547	16
7548	16
7549	16
7550	16
7551	16
7552	16
7553	16
7554	16
7555	16
7556	16
7557	16
7558	16
7559	16
7560	16
7561	16
7562	16
7563	16
7564	16
7565	16
7566	16
7567	16
7568	16
7569	16
7570	16
7571	16
7572	16
7573	16
7574	16
7575	16
7576	16
7577	16
7578	16
7579	16
7580	16
7581	16
7582	16
7583	16
7584	16
7585	16
7586	16
7587	16
7588	16
7589	16
7590	16
7591	16
7592	16
7593	16
7594	16
7595	16
7596	16
7597	16
7598	16
7599	16
7600	16
7601	16
7602	16
7603	16
7604	16
7605	16
7606	16
7607	16
7608	16
7609	16
7610	16
7611	16
7612	16
7613	16
7614	16
7615	16
7616	16
7617	16
7618	16
7619	16
7620	16
7621	16
7622	16
7623	16
7624	16
7625	16
7626	16
7627	16
7628	16
7629	16
7630	16
7631	16
7632	16
7633	16
7634	16
7635	16
7636	16
7637	16
7638	16
7639	16
7640	16
7641	16
7642	16
7643	16
7644	16
7645	16
7646	16
7647	16
7648	16
7649	16
7650	16
7651	16
7652	16
7653	16
7654	16
7655	16
7656	16
7657	16
7658	16
7659	16
7660	16
7661	16
7662	16
7663	16
7664	16
7665	16
7666	16
7667	16
7668	16
7669	16
7670	16
7671	16
7672	16
7673	16
7674	16
7675	16
7676	16
7677	16
7678	16
7679	16
7680	16
7681	16
7682	16
7683	16
7684	16
7685	16
7686	16
7687	16
7688	16
7689	16
7690	16
7691	16
7692	16
7693	16
7694	16
7695	16
7696	16
7697	16
7698	16
7699	16
7700	16
7701	16
7702	16
7703	16
7704	16
7705	16
7706	16
7707	16
7708	16
7709	16
7710	16
7711	16
7712	16
7713	16
7714	16
7715	16
7716	16
7717	16
7718	16
7719	16
7720	16
7721	16
7722	16
7723	16
7724	16
7725	16
7726	16
7727	16
7728	16
7729	16
7730	16
7731	16
7732	16
7733	16
7734	16
7735	16
7736	16
7737	16
7738	16
7739	16
7740	16
7741	16
7742	16
7743	16
7744	16
7745	16
7746	16
7747	16
7748	16
7749	16
7750	16
7751	16
7752	16
7753	16
7754	16
7755	16
7756	16
7757	16
7758	16
7759	16
7760	16
7761	16
7762	16
7763	16
7764	16
7765	16
7766	16
7767	16
7768	16
7769	16
7770	16
7771	16
7772	16
7773	16
7774	16
7775	16
7776	16
7777	16
7778	16
7779	16
7780	16
7781	16
7782	16
7783	16
7784	16
7785	16
7786	16
7787	16
7788	16
7789	16
7790	16
7791	16
7792	16
7793	16
7794	16
7795	16
7796	16
7797	16
7798	16
7799	16
7800	16
7801	16
7802	16
7803	16
7804	16
7805	16
7806	16
7807	16
7808	16
7809	16
7810	16
7811	16
7812	16
7813	16
7814	16
7815	16
7816	16
7817	16
7818	16
7819	16
7820	16
7821	16
7822	16
7823	16
7824	16
7825	16
7826	16
7827	16
7828	16
7829	16
7830	16
7831	16
7832	16
7833	16
7834	16
7835	16
7836	16
7837	16
7838	16
7839	16
7840	16
7841	16
7842	16
7843	16
7844	16
7845	16
7846	16
7847	16
7848	16
7849	16
7850	16
7851	16
7852	16
7853	16
7854	16
7855	16
7856	16
7857	16
7858	16
7859	16
7860	16
7861	16
7862	16
7863	16
7864	16
7865	16
7866	16
7867	16
7868	16
7869	16
7870	16
7871	16
7872	16
7873	16
7874	16
7875	16
7876	16
7877	16
7878	16
7879	16
7880	16
7881	16
7882	16
7883	16
7884	16
7885	16
7886	16
7887	16
7888	16
7889	16
7890	16
7891	16
7892	16
7893	16
7894	16
7895	16
7896	16
7897	16
7898	16
7899	16
7900	16
7901	16
7902	16
7903	16
7904	16
7905	16
7906	16
7907	16
7908	16
7909	16
7910	16
7911	16
7912	16
7913	16
7914	16
7915	16
7916	16
7917	16
7918	16
7919	16
7920	16
7921	16
7922	16
7923	16
7924	16
7925	16
7926	16
7927	16
7928	16
7929	16
7930	16
7931	16
7932	16
7933	16
7934	16
7935	16
7936	16
7937	16
7938	16
7939	16
7940	16
7941	16
7942	16
7943	16
7944	16
7945	16
7946	16
7947	16
7948	16
7949	16
7950	16
7951	16
7952	16
7953	16
7954	16
7955	16
7956	16
7957	16
7958	16
7959	16
7960	16
7961	16
7962	16
7963	16
7964	16
7965	16
7966	16
7967	16
7968	16
7969	16
7970	16
7971	16
7972	16
7973	16
7974	16
7975	16
7976	16
7977	16
7978	16
7979	16
7980	16
7981	16
7982	16
7983	16
7984	16
7985	16
7986	16
7987	16
7988	16
7989	16
7990	16
7991	16
7992	16
7993	16
7994	16
7995	16
7996	16
7997	16
7998	16
7999	16
8000	16
8001	16
8002	16
8003	16
8004	16
8005	16
8006	16
8007	16
8008	16
8009	16
8010	16
8011	16
8012	16
8013	16
8014	16
8015	16
8016	16
8017	16
8018	16
8019	16
8020	16
8021	16
8022	16
8023	16
8024	16
8025	16
8026	16
8027	16
8028	16
8029	16
8030	16
8031	16
8032	16
8033	16
8034	16
8035	16
8036	16
8037	16
8038	16
8039	16
8040	16
8041	16
8042	16
8043	16
8044	16
8045	16
8046	16
8047	16
8048	16
8049	16
8050	16
8051	16
8052	16
8053	16
8054	16
8055	16
8056	16
8057	16
8058	16
8059	16
8060	16
8061	16
8062	16
8063	16
8064	16
8065	16
8066	16
8067	16
8068	16
8069	16
8070	16
8071	16
8072	16
8073	16
8074	16
8075	16
8076	16
8077	16
8078	16
8079	16
8080	16
8081	16
8082	16
8083	16
8084	16
8085	16
8086	16
8087	16
8088	16
8089	16
8090	16
8091	16
8092	16
8093	16
8094	16
8095	16
8096	16
8097	16
8098	16
8099	16
8100	16
8101	16
8102	16
8103	16
8104	16
8105	16
8106	16
8107	16
8108	16
8109	16
8110	16
8111	16
8112	16
8113	16
8114	16
8115	16
8116	16
8117	16
8118	16
8119	16
8120	16
8121	16
8122	16
8123	16
8124	16
8125	16
8126	16
8127	16
8128	16
8129	16
8130	16
8131	16
8132	16
8133	16
8134	16
8135	16
8136	16
8137	16
8138	16
8139	16
8140	16
8141	16
8142	16
8143	16
8144	16
8145	16
8146	16
8147	16
8148	16
8149	16
8150	16
8151	16
8152	16
8153	16
8154	16
8155	16
8156	16
8157	16
8158	16
8159	16
8160	16
8161	16
8162	16
8163	16
8164	16
8165	16
8166	16
8167	16
8168	16
8169	16
8170	16
8171	16
8172	16
8173	16
8174	16
8175	16
8176	16
8177	16
8178	16
8179	16
8180	16
8181	16
8182	16
8183	16
8184	16
8185	16
8186	16
8187	16
8188	16
8189	16
8190	16
8191	16
8192	16
8193	16
8194	16
8195	16
8196	16
8197	16
8198	16
8199	16
8200	16
8201	16
8202	16
8203	16
8204	16
8205	16
8206	16
8207	16
8208	16
8209	16
8210	16
8211	16
8212	16
8213	16
8214	16
8215	16
8216	16
8217	16
8218	16
8219	16
8220	16
8221	16
8222	16
8223	16
8224	16
8225	16
8226	16
8227	16
8228	16
8229	16
8230	16
8231	16
8232	16
8233	16
8234	16
8235	16
8236	16
8237	16
8238	16
8239	16
8240	16
8241	16
8242	16
8243	16
8244	17
8245	17
8246	17
8247	17
8248	17
8249	17
8250	17
8251	17
8252	17
8253	17
8254	17
8255	17
8256	17
8257	17
8258	17
8259	17
8260	17
8261	17
8262	17
8263	17
8264	17
8265	17
8266	17
8267	17
8268	17
8269	17
8270	17
8271	17
8272	17
8273	17
8274	17
8275	17
8276	17
8277	17
8278	17
8279	17
8280	17
8281	17
8282	17
8283	17
8284	17
8285	17
8286	17
8287	17
8288	17
8289	17
8290	17
8291	17
8292	17
8293	17
8294	17
8295	17
8296	17
8297	17
8298	17
8299	17
8300	17
8301	17
8302	17
8303	17
8304	17
8305	17
8306	17
8307	17
8308	17
8309	17
8310	17
8311	17
8312	17
8313	17
8314	17
8315	17
8316	17
8317	17
8318	17
8319	17
8320	17
8321	17
8322	17
8323	17
8324	17
8325	17
8326	17
8327	17
8328	17
8329	17
8330	17
8331	17
8332	17
8333	17
8334	17
8335	17
8336	17
8337	17
8338	17
8339	17
8340	17
8341	17
8342	17
8343	17
8344	17
8345	17
8346	17
8347	17
8348	17
8349	17
8350	17
8351	17
8352	17
8353	17
8354	17
8355	17
8356	17
8357	17
8358	17
8359	17
8360	17
8361	17
8362	17
8363	17
8364	17
8365	17
8366	17
8367	17
8368	17
8369	17
8370	17
8371	17
8372	17
8373	17
8374	17
8375	17
8376	17
8377	17
8378	17
8379	17
8380	17
8381	17
8382	17
8383	17
8384	17
8385	17
8386	17
8387	17
8388	17
8389	17
8390	17
8391	17
8392	17
8393	17
8394	17
8395	17
8396	17
8397	17
8398	17
8399	17
8400	17
8401	17
8402	17
8403	17
8404	17
8405	17
8406	17
8407	17
8408	17
8409	17
8410	17
8411	17
8412	17
8413	17
8414	17
8415	17
8416	17
8417	17
8418	17
8419	17
8420	17
8421	17
8422	17
8423	17
8424	17
8425	17
8426	17
8427	17
8428	17
8429	17
8430	17
8431	17
8432	17
8433	17
8434	17
8435	17
8436	17
8437	17
8438	17
8439	17
8440	17
8441	17
8442	17
8443	17
8444	17
8445	17
8446	17
8447	17
8448	17
8449	17
8450	17
8451	17
8452	17
8453	17
8454	17
8455	17
8456	17
8457	17
8458	17
8459	17
8460	17
8461	17
8462	17
8463	17
8464	17
8465	17
8466	17
8467	17
8468	17
8469	17
8470	17
8471	17
8472	17
8473	17
8474	17
8475	17
8476	17
8477	17
8478	17
8479	17
8480	17
8481	17
8482	17
8483	17
8484	17
8485	17
8486	17
8487	17
8488	17
8489	17
8490	17
8491	17
8492	17
8493	17
8494	17
8495	17
8496	17
8497	17
8498	17
8499	17
8500	17
8501	17
8502	17
8503	17
8504	17
8505	17
8506	17
8507	17
8508	17
8509	17
8510	17
8511	17
8512	17
8513	17
8514	17
8515	17
8516	17
8517	17
8518	17
8519	17
8520	17
8521	17
8522	17
8523	17
8524	17
8525	17
8526	17
8527	17
8528	17
8529	17
8530	17
8531	17
8532	17
8533	17
8534	17
8535	17
8536	17
8537	17
8538	17
8539	17
8540	17
8541	17
8542	17
8543	17
8544	17
8545	17
8546	17
8547	17
8548	17
8549	17
8550	17
8551	17
8552	17
8553	17
8554	17
8555	17
8556	17
8557	17
8558	17
8559	17
8560	17
8561	17
8562	17
8563	17
8564	17
8565	17
8566	17
8567	17
8568	17
8569	17
8570	17
8571	17
8572	17
8573	17
8574	17
8575	17
8576	17
8577	17
8578	17
8579	17
8580	17
8581	17
8582	17
8583	17
8584	17
8585	17
8586	17
8587	17
8588	17
8589	17
8590	17
8591	17
8592	17
8593	17
8594	17
8595	17
8596	17
8597	17
8598	17
8599	17
8600	17
8601	17
8602	17
8603	17
8604	17
8605	17
8606	17
8607	17
8608	17
8609	17
8610	17
8611	17
8612	17
8613	17
8614	17
8615	17
8616	17
8617	17
8618	17
8619	17
8620	17
8621	17
8622	17
8623	17
8624	17
8625	17
8626	17
8627	17
8628	17
8629	17
8630	17
8631	17
8632	17
8633	17
8634	17
8635	17
8636	17
8637	17
8638	17
8639	17
8640	17
8641	17
8642	17
8643	17
8644	17
8645	17
8646	17
8647	17
8648	17
8649	17
8650	17
8651	17
8652	17
8653	17
8654	17
8655	17
8656	17
8657	17
8658	17
8659	17
8660	17
8661	17
8662	17
8663	17
8664	17
8665	17
8666	17
8667	17
8668	17
8669	17
8670	17
8671	17
8672	17
8673	17
8674	17
8675	17
8676	17
8677	17
8678	17
8679	17
8680	17
8681	17
8682	17
8683	17
8684	17
8685	17
8686	17
8687	17
8688	17
8689	17
8690	17
8691	17
8692	17
8693	17
8694	17
8695	17
8696	17
8697	17
8698	17
8699	17
8700	17
8701	17
8702	17
8703	17
8704	17
8705	17
8706	17
8707	17
8708	17
8709	17
8710	17
8711	17
8712	17
8713	17
8714	17
8715	17
8716	17
8717	17
8718	17
8719	17
8720	17
8721	17
8722	17
8723	17
8724	17
8725	17
8726	17
8727	17
8728	17
8729	17
8730	17
8731	17
8732	17
8733	17
8734	17
8735	17
8736	18
8737	18
8738	18
8739	18
8740	18
8741	18
8742	18
8743	18
8744	18
8745	18
8746	18
8747	18
8748	18
8749	18
8750	18
8751	18
8752	18
8753	18
8754	18
8755	18
8756	18
8757	18
8758	18
8759	18
8760	18
8761	18
8762	18
8763	18
8764	18
8765	18
8766	18
8767	18
8768	18
8769	18
8770	18
8771	18
8772	18
8773	18
8774	18
8775	18
8776	18
8777	18
8778	18
8779	18
8780	18
8781	18
8782	18
8783	18
8784	18
8785	18
8786	18
8787	18
8788	18
8789	18
8790	18
8791	18
8792	18
8793	18
8794	18
8795	18
8796	18
8797	18
8798	18
8799	18
8800	18
8801	18
8802	18
8803	18
8804	18
8805	18
8806	18
8807	18
8808	18
8809	18
8810	18
8811	18
8812	18
8813	18
8814	18
8815	18
8816	18
8817	18
8818	18
8819	18
8820	18
8821	18
8822	18
8823	18
8824	18
8825	18
8826	18
8827	18
8828	18
8829	18
8830	18
8831	18
8832	18
8833	18
8834	18
8835	18
8836	18
8837	18
8838	18
8839	18
8840	18
8841	18
8842	18
8843	18
8844	18
8845	18
8846	18
8847	18
8848	18
8849	18
8850	18
8851	18
8852	18
8853	18
8854	18
8855	18
8856	18
8857	18
8858	18
8859	18
8860	18
8861	18
8862	18
8863	18
8864	18
8865	18
8866	18
8867	18
8868	18
8869	18
8870	18
8871	18
8872	18
8873	18
8874	18
8875	18
8876	18
8877	18
8878	18
8879	18
8880	18
8881	18
8882	18
8883	18
8884	18
8885	18
8886	18
8887	18
8888	18
8889	18
8890	18
8891	18
8892	18
8893	18
8894	18
8895	18
8896	18
8897	18
8898	18
8899	18
8900	18
8901	18
8902	18
8903	18
8904	18
8905	18
8906	18
8907	18
8908	18
8909	18
8910	18
8911	18
8912	18
8913	18
8914	18
8915	18
8916	18
8917	18
8918	18
8919	18
8920	18
8921	18
8922	18
8923	18
8924	18
8925	18
8926	18
8927	18
8928	18
8929	18
8930	18
8931	18
8932	18
8933	18
8934	18
8935	18
8936	18
8937	18
8938	18
8939	18
8940	18
8941	18
8942	18
8943	18
8944	18
8945	18
8946	18
8947	18
8948	18
8949	18
8950	18
8951	18
8952	18
8953	18
8954	18
8955	18
8956	18
8957	18
8958	18
8959	18
8960	18
8961	18
8962	18
8963	18
8964	18
8965	18
8966	18
8967	18
8968	18
8969	18
8970	18
8971	18
8972	18
8973	18
8974	18
8975	18
8976	18
8977	18
8978	18
8979	18
8980	18
8981	18
8982	18
8983	18
8984	18
8985	18
8986	18
8987	18
8988	18
8989	18
8990	18
8991	18
8992	18
8993	18
8994	18
8995	18
8996	18
8997	18
8998	18
8999	18
9000	18
9001	18
9002	18
9003	18
9004	18
9005	18
9006	18
9007	18
9008	18
9009	18
9010	18
9011	18
9012	18
9013	18
9014	18
9015	18
9016	18
9017	18
9018	18
9019	18
9020	18
9021	18
9022	18
9023	18
9024	18
9025	18
9026	18
9027	18
9028	18
9029	18
9030	18
9031	18
9032	18
9033	18
9034	18
9035	18
9036	18
9037	18
9038	18
9039	18
9040	18
9041	18
9042	18
9043	18
9044	18
9045	18
9046	18
9047	18
9048	18
9049	18
9050	18
9051	18
9052	18
9053	18
9054	18
9055	18
9056	18
9057	18
9058	18
9059	18
9060	18
9061	18
9062	18
9063	18
9064	18
9065	18
9066	18
9067	18
9068	18
9069	18
9070	18
9071	18
9072	18
9073	18
9074	18
9075	18
9076	18
9077	18
9078	18
9079	18
9080	18
9081	18
9082	18
9083	18
9084	18
9085	18
9086	18
9087	18
9088	18
9089	18
9090	18
9091	18
9092	18
9093	18
9094	18
9095	18
9096	18
9097	18
9098	18
9099	18
9100	18
9101	18
9102	18
9103	18
9104	18
9105	18
9106	18
9107	18
9108	18
9109	18
9110	18
9111	18
9112	18
9113	18
9114	18
9115	18
9116	18
9117	18
9118	18
9119	18
9120	18
9121	18
9122	18
9123	18
9124	18
9125	18
9126	18
9127	18
9128	18
9129	19
9130	19
9131	19
9132	19
9133	19
9134	19
9135	19
9136	19
9137	19
9138	19
9139	19
9140	19
9141	19
9142	19
9143	19
9144	19
9145	19
9146	19
9147	19
9148	19
9149	19
9150	19
9151	19
9152	19
9153	19
9154	19
9155	19
9156	19
9157	19
9158	19
9159	19
9160	19
9161	19
9162	19
9163	19
9164	19
9165	19
9166	19
9167	19
9168	19
9169	19
9170	19
9171	19
9172	19
9173	19
9174	19
9175	19
9176	19
9177	19
9178	19
9179	19
9180	19
9181	19
9182	19
9183	19
9184	19
9185	19
9186	19
9187	19
9188	19
9189	19
9190	19
9191	19
9192	19
9193	19
9194	19
9195	19
9196	19
9197	19
9198	19
9199	19
9200	19
9201	19
9202	19
9203	19
9204	19
9205	19
9206	19
9207	19
9208	19
9209	19
9210	19
9211	19
9212	19
9213	19
9214	19
9215	19
9216	19
9217	19
9218	19
9219	19
9220	19
9221	19
9222	19
9223	19
9224	19
9225	19
9226	19
9227	19
9228	19
9229	19
9230	19
9231	19
9232	19
9233	19
9234	19
9235	19
9236	19
9237	19
9238	19
9239	19
9240	19
9241	19
9242	19
9243	19
9244	19
9245	19
9246	19
9247	19
9248	19
9249	19
9250	19
9251	19
9252	19
9253	19
9254	19
9255	19
9256	19
9257	19
9258	19
9259	19
9260	19
9261	19
9262	19
9263	19
9264	19
9265	19
9266	19
9267	19
9268	19
9269	19
9270	19
9271	19
9272	19
9273	19
9274	19
9275	19
9276	19
9277	19
9278	19
9279	19
9280	19
9281	19
9282	19
9283	19
9284	19
9285	19
9286	19
9287	19
9288	19
9289	19
9290	19
9291	19
9292	19
9293	19
9294	19
9295	19
9296	19
9297	19
9298	19
9299	19
9300	19
9301	19
9302	19
9303	19
9304	19
9305	19
9306	19
9307	19
9308	19
9309	19
9310	19
9311	19
9312	19
9313	19
9314	19
9315	19
9316	19
9317	19
9318	19
9319	19
9320	19
9321	19
9322	19
9323	19
9324	19
9325	19
9326	19
9327	19
9328	19
9329	19
9330	19
9331	19
9332	19
9333	19
9334	19
9335	19
9336	19
9337	19
9338	19
9339	19
9340	19
9341	19
9342	19
9343	19
9344	19
9345	19
9346	19
9347	19
9348	19
9349	19
9350	19
9351	19
9352	19
9353	19
9354	19
9355	19
9356	19
9357	19
9358	19
9359	19
9360	19
9361	19
9362	19
9363	19
9364	19
9365	19
9366	19
9367	19
9368	19
9369	19
9370	19
9371	19
9372	19
9373	19
9374	19
9375	19
9376	19
9377	19
9378	19
9379	19
9380	19
9381	19
9382	19
9383	19
9384	19
9385	19
9386	19
9387	19
9388	19
9389	19
9390	19
9391	19
9392	19
9393	19
9394	19
9395	19
9396	19
9397	19
9398	19
9399	19
9400	19
9401	19
9402	19
9403	19
9404	19
9405	19
9406	19
9407	19
9408	19
9409	19
9410	19
9411	19
9412	19
9413	19
9414	19
9415	19
9416	19
9417	19
9418	19
9419	19
9420	19
9421	19
9422	19
9423	19
9424	19
9425	19
9426	19
9427	19
9428	19
9429	19
9430	19
9431	19
9432	19
9433	19
9434	19
9435	19
9436	19
9437	19
9438	19
9439	19
9440	19
9441	19
9442	19
9443	19
9444	19
9445	19
9446	19
9447	19
9448	19
9449	19
9450	19
9451	19
9452	19
9453	19
9454	19
9455	19
9456	19
9457	19
9458	19
9459	19
9460	19
9461	19
9462	19
9463	19
9464	19
9465	19
9466	19
9467	19
9468	19
9469	19
9470	19
9471	19
9472	19
9473	19
9474	19
9475	19
9476	19
9477	19
9478	19
9479	19
9480	19
9481	19
9482	19
9483	19
9484	19
9485	19
9486	19
9487	19
9488	19
9489	19
9490	19
9491	19
9492	19
9493	19
9494	19
9495	19
9496	19
9497	19
9498	19
9499	19
9500	19
9501	19
9502	19
9503	19
9504	19
9505	19
9506	19
9507	19
9508	19
9509	19
9510	19
9511	19
9512	19
9513	19
9514	19
9515	19
9516	19
9517	19
9518	19
9519	19
9520	19
9521	19
9522	19
9523	19
9524	19
9525	19
9526	19
9527	19
9528	19
9529	19
9530	19
9531	19
9532	19
9533	19
9534	19
9535	19
9536	19
9537	19
9538	19
9539	19
9540	19
9541	19
9542	19
9543	19
9544	19
9545	19
9546	19
9547	19
9548	19
9549	19
9550	19
9551	19
9552	19
9553	19
9554	19
9555	19
9556	19
9557	19
9558	19
9559	19
9560	19
9561	19
9562	19
9563	19
9564	19
9565	19
9566	19
9567	19
9568	19
9569	19
9570	19
9571	19
9572	19
9573	19
9574	19
9575	19
9576	19
9577	19
9578	19
9579	19
9580	19
9581	19
9582	19
9583	19
9584	19
9585	19
9586	19
9587	19
9588	19
9589	19
9590	19
9591	19
9592	19
9593	19
9594	19
9595	19
9596	19
9597	19
9598	19
9599	19
9600	19
9601	19
9602	19
9603	19
9604	19
9605	19
9606	19
9607	19
9608	19
9609	19
9610	19
9611	19
9612	19
9613	19
9614	19
9615	19
9616	19
9617	19
9618	19
9619	19
9620	19
9621	19
9622	19
9623	19
9624	19
9625	19
9626	19
9627	19
9628	19
9629	19
9630	19
9631	19
9632	19
9633	19
9634	19
9635	19
9636	19
9637	19
9638	19
9639	19
9640	19
9641	19
9642	19
9643	19
9644	19
9645	19
9646	19
9647	19
9648	19
9649	19
9650	19
9651	19
9652	19
9653	19
9654	19
9655	19
9656	19
9657	19
9658	19
9659	19
9660	19
9661	19
9662	19
9663	19
9664	19
9665	19
9666	19
9667	19
9668	19
9669	19
9670	19
9671	19
9672	19
9673	19
9674	19
9675	19
9676	19
9677	19
9678	19
9679	19
9680	19
9681	19
9682	19
9683	19
9684	19
9685	19
9686	19
9687	19
9688	19
9689	19
9690	19
9691	19
9692	19
9693	19
9694	19
9695	19
9696	19
9697	19
9698	19
9699	19
9700	19
9701	19
9702	19
9703	19
9704	19
9705	19
9706	19
9707	19
9708	19
9709	19
9710	19
9711	19
9712	19
9713	19
9714	19
9715	19
9716	19
9717	19
9718	19
9719	19
9720	19
9721	19
9722	19
9723	19
9724	19
9725	19
9726	19
9727	19
9728	19
9729	19
9730	19
9731	19
9732	19
9733	19
9734	19
9735	19
9736	19
9737	19
9738	19
9739	19
9740	19
9741	19
9742	19
9743	19
9744	19
9745	19
9746	19
9747	19
9748	19
9749	19
9750	19
9751	19
9752	19
9753	19
9754	19
9755	19
9756	19
9757	19
9758	19
9759	19
9760	19
9761	19
9762	19
9763	19
9764	19
9765	19
9766	19
9767	19
9768	19
9769	19
9770	19
9771	19
9772	19
9773	19
9774	19
9775	19
9776	19
9777	19
9778	19
9779	19
9780	19
9781	19
9782	19
9783	19
9784	19
9785	19
9786	19
9787	19
9788	19
9789	19
9790	19
9791	19
9792	19
9793	19
9794	19
9795	19
9796	19
9797	19
9798	19
9799	19
9800	19
9801	19
9802	19
9803	19
9804	19
9805	19
9806	19
9807	19
9808	19
9809	19
9810	19
9811	19
9812	19
9813	19
9814	19
9815	19
9816	19
9817	19
9818	19
9819	19
9820	19
9821	19
9822	19
9823	19
9824	19
9825	19
9826	19
9827	19
9828	19
9829	19
9830	19
9831	19
9832	19
9833	19
9834	19
9835	19
9836	19
9837	19
9838	19
9839	19
9840	19
9841	19
9842	19
9843	19
9844	19
9845	19
9846	19
9847	19
9848	19
9849	19
9850	19
9851	19
9852	19
9853	19
9854	19
9855	19
9856	19
9857	19
9858	19
9859	19
9860	19
9861	19
9862	19
9863	19
9864	19
9865	19
9866	19
9867	19
9868	19
9869	19
9870	19
9871	19
9872	19
9873	19
9874	19
9875	19
9876	19
9877	19
9878	19
9879	19
9880	19
9881	19
9882	19
9883	19
9884	19
9885	19
9886	19
9887	19
9888	19
9889	19
9890	19
9891	19
9892	19
9893	19
9894	19
9895	19
9896	19
9897	19
9898	19
9899	19
9900	19
9901	19
9902	19
9903	19
9904	19
9905	19
9906	19
9907	19
9908	19
9909	19
9910	19
9911	19
9912	19
9913	19
9914	19
9915	19
9916	19
9917	19
9918	19
9919	19
9920	19
9921	19
9922	19
9923	19
9924	19
9925	19
9926	19
9927	19
9928	19
9929	19
9930	19
9931	19
9932	19
9933	19
9934	19
9935	19
9936	19
9937	19
9938	19
9939	19
9940	19
9941	19
9942	19
9943	19
9944	19
9945	19
9946	19
9947	19
9948	19
9949	19
9950	19
9951	19
9952	19
9953	19
9954	19
9955	19
9956	19
9957	19
9958	19
9959	19
9960	19
9961	19
9962	19
9963	19
9964	19
9965	19
9966	19
9967	19
9968	19
9969	19
9970	19
9971	19
9972	19
9973	19
9974	19
9975	19
9976	19
9977	19
9978	19
9979	19
9980	19
9981	19
9982	19
9983	19
9984	19
9985	19
9986	19
9987	19
9988	19
9989	19
9990	19
9991	19
9992	19
9993	19
9994	19
9995	19
9996	19
9997	19
9998	19
9999	19
10000	19
