#Clock	ItemsCollected
1	0
2	0
3	0
4	0
5	0
6	0
7	0
8	0
9	0
10	0
11	0
12	0
13	0
14	0
15	0
16	0
17	0
18	0
19	0
20	0
21	0
22	0
23	0
24	0
25	0
26	0
27	0
28	0
29	0
30	0
31	0
32	0
33	0
34	0
35	0
36	0
37	0
38	0
39	0
40	0
41	0
42	0
43	0
44	0
45	0
46	0
47	0
48	0
49	0
50	0
51	0
52	0
53	0
54	0
55	0
56	0
57	0
58	0
59	0
60	0
61	0
62	0
63	0
64	0
65	0
66	0
67	0
68	0
69	0
70	0
71	0
72	0
73	0
74	0
75	0
76	0
77	0
78	0
79	0
80	0
81	0
82	0
83	0
84	0
85	0
86	0
87	0
88	0
89	0
90	0
91	0
92	0
93	0
94	0
95	0
96	0
97	0
98	0
99	0
100	0
101	0
102	0
103	0
104	0
105	0
106	0
107	0
108	0
109	0
110	0
111	0
112	0
113	0
114	0
115	0
116	0
117	0
118	0
119	0
120	0
121	0
122	0
123	0
124	0
125	0
126	0
127	0
128	0
129	0
130	0
131	0
132	0
133	0
134	0
135	0
136	0
137	0
138	0
139	0
140	0
141	0
142	0
143	0
144	0
145	0
146	0
147	0
148	0
149	0
150	0
151	0
152	0
153	0
154	0
155	0
156	0
157	0
158	0
159	0
160	0
161	0
162	0
163	0
164	0
165	0
166	0
167	0
168	0
169	0
170	0
171	0
172	0
173	0
174	0
175	0
176	0
177	0
178	0
179	0
180	0
181	0
182	0
183	0
184	0
185	0
186	0
187	0
188	0
189	0
190	0
191	0
192	0
193	0
194	0
195	0
196	0
197	0
198	0
199	0
200	0
201	0
202	0
203	0
204	0
205	0
206	0
207	0
208	0
209	0
210	0
211	0
212	0
213	0
214	0
215	0
216	0
217	0
218	0
219	0
220	0
221	0
222	0
223	0
224	0
225	0
226	0
227	0
228	0
229	0
230	0
231	0
232	0
233	0
234	0
235	0
236	0
237	0
238	0
239	0
240	0
241	0
242	0
243	0
244	0
245	0
246	0
247	0
248	0
249	0
250	0
251	0
252	0
253	0
254	0
255	0
256	0
257	0
258	0
259	0
260	0
261	0
262	0
263	0
264	0
265	0
266	0
267	0
268	0
269	0
270	0
271	0
272	0
273	0
274	0
275	0
276	0
277	0
278	0
279	0
280	0
281	0
282	0
283	0
284	0
285	0
286	0
287	0
288	0
289	0
290	0
291	0
292	0
293	0
294	0
295	0
296	0
297	0
298	0
299	0
300	0
301	0
302	0
303	0
304	0
305	0
306	0
307	0
308	0
309	0
310	0
311	0
312	0
313	0
314	0
315	0
316	0
317	0
318	0
319	0
320	0
321	0
322	0
323	0
324	0
325	0
326	0
327	0
328	0
329	0
330	0
331	0
332	0
333	0
334	0
335	0
336	0
337	0
338	0
339	0
340	0
341	0
342	0
343	0
344	0
345	0
346	0
347	0
348	0
349	0
350	0
351	0
352	0
353	0
354	0
355	0
356	0
357	0
358	0
359	0
360	0
361	0
362	0
363	0
364	0
365	0
366	0
367	0
368	0
369	0
370	0
371	0
372	0
373	0
374	0
375	0
376	0
377	0
378	0
379	0
380	0
381	0
382	0
383	0
384	0
385	0
386	0
387	0
388	0
389	0
390	0
391	0
392	0
393	0
394	0
395	0
396	0
397	0
398	0
399	0
400	0
401	0
402	0
403	0
404	0
405	0
406	0
407	0
408	0
409	0
410	0
411	0
412	0
413	0
414	0
415	0
416	0
417	0
418	0
419	0
420	0
421	0
422	0
423	0
424	0
425	0
426	0
427	0
428	0
429	0
430	0
431	0
432	0
433	0
434	0
435	0
436	0
437	0
438	0
439	0
440	0
441	0
442	0
443	0
444	0
445	0
446	0
447	0
448	0
449	0
450	0
451	0
452	0
453	0
454	0
455	0
456	0
457	0
458	0
459	0
460	0
461	0
462	0
463	0
464	0
465	0
466	0
467	0
468	0
469	0
470	0
471	0
472	0
473	0
474	0
475	0
476	0
477	0
478	0
479	0
480	0
481	0
482	0
483	0
484	0
485	0
486	0
487	0
488	0
489	0
490	0
491	0
492	0
493	0
494	0
495	0
496	0
497	0
498	0
499	0
500	0
501	0
502	0
503	0
504	0
505	0
506	0
507	0
508	0
509	0
510	0
511	0
512	0
513	0
514	0
515	0
516	0
517	0
518	0
519	0
520	0
521	0
522	0
523	0
524	0
525	0
526	0
527	0
528	0
529	0
530	0
531	0
532	0
533	0
534	0
535	0
536	0
537	0
538	0
539	0
540	0
541	0
542	0
543	0
544	0
545	0
546	0
547	0
548	0
549	0
550	0
551	0
552	0
553	0
554	0
555	0
556	0
557	0
558	0
559	0
560	0
561	0
562	0
563	0
564	0
565	0
566	0
567	0
568	0
569	0
570	0
571	0
572	0
573	0
574	0
575	0
576	0
577	0
578	0
579	0
580	0
581	0
582	0
583	0
584	0
585	0
586	0
587	0
588	0
589	0
590	0
591	0
592	0
593	0
594	0
595	0
596	0
597	0
598	0
599	0
600	0
601	0
602	0
603	0
604	0
605	0
606	0
607	0
608	0
609	0
610	0
611	0
612	0
613	0
614	0
615	0
616	0
617	0
618	0
619	0
620	0
621	0
622	0
623	0
624	0
625	0
626	0
627	0
628	0
629	0
630	0
631	0
632	0
633	0
634	0
635	0
636	0
637	0
638	0
639	0
640	0
641	0
642	0
643	0
644	0
645	0
646	0
647	0
648	0
649	0
650	0
651	0
652	0
653	0
654	0
655	0
656	0
657	0
658	0
659	0
660	0
661	0
662	0
663	0
664	0
665	0
666	0
667	0
668	0
669	0
670	0
671	0
672	0
673	0
674	0
675	0
676	0
677	0
678	0
679	0
680	0
681	0
682	0
683	0
684	0
685	0
686	0
687	0
688	0
689	0
690	0
691	0
692	0
693	0
694	0
695	0
696	0
697	0
698	0
699	0
700	0
701	0
702	0
703	0
704	0
705	0
706	0
707	0
708	0
709	0
710	0
711	0
712	0
713	0
714	0
715	0
716	0
717	0
718	0
719	0
720	0
721	0
722	0
723	0
724	0
725	0
726	0
727	0
728	0
729	0
730	0
731	0
732	0
733	0
734	0
735	0
736	0
737	0
738	0
739	0
740	0
741	0
742	0
743	0
744	0
745	0
746	0
747	0
748	0
749	0
750	0
751	0
752	0
753	0
754	0
755	0
756	0
757	0
758	0
759	0
760	0
761	0
762	0
763	0
764	0
765	0
766	0
767	0
768	0
769	0
770	0
771	0
772	0
773	0
774	0
775	0
776	0
777	0
778	0
779	0
780	0
781	0
782	0
783	0
784	0
785	0
786	0
787	0
788	0
789	0
790	0
791	0
792	0
793	0
794	0
795	0
796	0
797	0
798	0
799	0
800	0
801	0
802	0
803	0
804	0
805	0
806	0
807	0
808	0
809	0
810	0
811	0
812	0
813	0
814	0
815	0
816	0
817	0
818	0
819	0
820	0
821	0
822	0
823	0
824	0
825	0
826	0
827	0
828	0
829	0
830	0
831	0
832	0
833	0
834	0
835	0
836	0
837	0
838	0
839	0
840	0
841	0
842	0
843	0
844	0
845	0
846	0
847	0
848	0
849	0
850	0
851	0
852	0
853	0
854	0
855	0
856	0
857	0
858	0
859	0
860	0
861	0
862	0
863	0
864	0
865	0
866	0
867	0
868	0
869	0
870	0
871	0
872	0
873	0
874	0
875	0
876	0
877	0
878	0
879	0
880	0
881	0
882	0
883	0
884	0
885	0
886	0
887	0
888	0
889	0
890	0
891	0
892	0
893	0
894	0
895	0
896	0
897	0
898	0
899	0
900	0
901	0
902	0
903	0
904	0
905	0
906	0
907	0
908	0
909	0
910	0
911	0
912	0
913	0
914	0
915	0
916	0
917	0
918	0
919	0
920	0
921	0
922	0
923	0
924	0
925	0
926	0
927	0
928	0
929	0
930	0
931	0
932	0
933	0
934	0
935	0
936	0
937	0
938	0
939	0
940	0
941	0
942	0
943	0
944	0
945	0
946	0
947	0
948	0
949	0
950	0
951	0
952	0
953	0
954	0
955	0
956	0
957	0
958	0
959	0
960	0
961	0
962	0
963	0
964	0
965	0
966	0
967	0
968	0
969	0
970	0
971	0
972	0
973	0
974	0
975	0
976	0
977	0
978	0
979	0
980	0
981	0
982	0
983	0
984	0
985	0
986	0
987	0
988	0
989	0
990	0
991	0
992	0
993	0
994	0
995	0
996	0
997	0
998	0
999	0
1000	0
1001	0
1002	0
1003	0
1004	0
1005	0
1006	0
1007	0
1008	0
1009	0
1010	0
1011	0
1012	0
1013	0
1014	0
1015	0
1016	0
1017	0
1018	0
1019	0
1020	0
1021	0
1022	0
1023	0
1024	0
1025	0
1026	0
1027	0
1028	0
1029	0
1030	0
1031	0
1032	0
1033	0
1034	0
1035	0
1036	0
1037	0
1038	0
1039	0
1040	0
1041	0
1042	0
1043	0
1044	0
1045	0
1046	0
1047	0
1048	0
1049	0
1050	0
1051	0
1052	0
1053	0
1054	0
1055	0
1056	0
1057	0
1058	0
1059	0
1060	0
1061	0
1062	0
1063	0
1064	0
1065	0
1066	0
1067	0
1068	0
1069	0
1070	0
1071	0
1072	0
1073	0
1074	0
1075	0
1076	0
1077	0
1078	0
1079	0
1080	0
1081	0
1082	0
1083	0
1084	0
1085	0
1086	0
1087	0
1088	0
1089	0
1090	0
1091	0
1092	0
1093	0
1094	0
1095	0
1096	0
1097	0
1098	0
1099	0
1100	0
1101	0
1102	0
1103	0
1104	0
1105	0
1106	0
1107	0
1108	0
1109	0
1110	0
1111	0
1112	0
1113	0
1114	0
1115	0
1116	0
1117	0
1118	0
1119	0
1120	0
1121	0
1122	0
1123	0
1124	0
1125	0
1126	0
1127	0
1128	0
1129	0
1130	0
1131	0
1132	0
1133	0
1134	0
1135	0
1136	0
1137	0
1138	0
1139	0
1140	0
1141	0
1142	0
1143	0
1144	0
1145	0
1146	0
1147	0
1148	0
1149	0
1150	0
1151	0
1152	0
1153	0
1154	0
1155	0
1156	0
1157	0
1158	0
1159	0
1160	0
1161	0
1162	0
1163	0
1164	0
1165	0
1166	0
1167	0
1168	0
1169	0
1170	0
1171	0
1172	0
1173	0
1174	0
1175	0
1176	0
1177	0
1178	0
1179	0
1180	0
1181	0
1182	0
1183	0
1184	0
1185	0
1186	0
1187	0
1188	0
1189	0
1190	0
1191	0
1192	0
1193	0
1194	0
1195	0
1196	0
1197	0
1198	0
1199	0
1200	0
1201	0
1202	0
1203	0
1204	0
1205	0
1206	0
1207	0
1208	0
1209	0
1210	0
1211	0
1212	0
1213	0
1214	0
1215	0
1216	0
1217	0
1218	0
1219	0
1220	0
1221	0
1222	0
1223	0
1224	0
1225	0
1226	0
1227	0
1228	0
1229	0
1230	0
1231	0
1232	0
1233	0
1234	0
1235	0
1236	0
1237	0
1238	0
1239	0
1240	0
1241	0
1242	0
1243	0
1244	0
1245	0
1246	0
1247	0
1248	0
1249	0
1250	0
1251	0
1252	0
1253	0
1254	0
1255	0
1256	0
1257	0
1258	0
1259	0
1260	0
1261	0
1262	0
1263	0
1264	0
1265	0
1266	0
1267	0
1268	0
1269	0
1270	0
1271	0
1272	0
1273	0
1274	0
1275	0
1276	0
1277	0
1278	0
1279	0
1280	0
1281	0
1282	0
1283	0
1284	0
1285	0
1286	0
1287	0
1288	0
1289	0
1290	0
1291	0
1292	0
1293	0
1294	0
1295	0
1296	0
1297	0
1298	0
1299	0
1300	0
1301	0
1302	0
1303	0
1304	0
1305	0
1306	0
1307	0
1308	0
1309	0
1310	0
1311	0
1312	0
1313	0
1314	0
1315	0
1316	0
1317	0
1318	0
1319	0
1320	0
1321	0
1322	0
1323	0
1324	0
1325	0
1326	0
1327	0
1328	0
1329	0
1330	0
1331	0
1332	0
1333	0
1334	0
1335	0
1336	0
1337	0
1338	0
1339	0
1340	0
1341	0
1342	0
1343	0
1344	0
1345	0
1346	0
1347	0
1348	0
1349	0
1350	0
1351	0
1352	0
1353	0
1354	0
1355	0
1356	0
1357	0
1358	0
1359	0
1360	0
1361	0
1362	0
1363	0
1364	0
1365	0
1366	0
1367	0
1368	0
1369	0
1370	0
1371	0
1372	0
1373	0
1374	0
1375	0
1376	0
1377	0
1378	0
1379	0
1380	0
1381	0
1382	0
1383	0
1384	0
1385	0
1386	0
1387	0
1388	0
1389	0
1390	0
1391	0
1392	0
1393	0
1394	0
1395	0
1396	0
1397	0
1398	0
1399	0
1400	0
1401	0
1402	0
1403	0
1404	0
1405	0
1406	0
1407	0
1408	0
1409	0
1410	0
1411	0
1412	0
1413	0
1414	0
1415	0
1416	0
1417	0
1418	0
1419	0
1420	0
1421	0
1422	0
1423	0
1424	0
1425	0
1426	0
1427	0
1428	0
1429	0
1430	0
1431	0
1432	0
1433	0
1434	0
1435	0
1436	0
1437	0
1438	0
1439	0
1440	0
1441	0
1442	0
1443	0
1444	0
1445	0
1446	0
1447	0
1448	0
1449	0
1450	0
1451	0
1452	0
1453	0
1454	0
1455	0
1456	0
1457	0
1458	0
1459	0
1460	0
1461	0
1462	0
1463	0
1464	0
1465	0
1466	0
1467	0
1468	0
1469	0
1470	0
1471	0
1472	0
1473	0
1474	0
1475	0
1476	0
1477	0
1478	0
1479	0
1480	0
1481	0
1482	0
1483	0
1484	0
1485	0
1486	0
1487	0
1488	0
1489	0
1490	0
1491	0
1492	0
1493	0
1494	0
1495	0
1496	0
1497	0
1498	0
1499	0
1500	0
1501	0
1502	0
1503	0
1504	0
1505	0
1506	0
1507	0
1508	0
1509	0
1510	0
1511	0
1512	0
1513	0
1514	0
1515	0
1516	0
1517	0
1518	0
1519	0
1520	0
1521	0
1522	0
1523	0
1524	0
1525	0
1526	0
1527	0
1528	0
1529	0
1530	0
1531	0
1532	0
1533	0
1534	0
1535	0
1536	0
1537	0
1538	0
1539	0
1540	0
1541	0
1542	0
1543	0
1544	0
1545	0
1546	0
1547	0
1548	0
1549	0
1550	0
1551	0
1552	0
1553	0
1554	0
1555	0
1556	0
1557	0
1558	0
1559	0
1560	0
1561	0
1562	0
1563	0
1564	0
1565	0
1566	0
1567	0
1568	0
1569	0
1570	1
1571	1
1572	1
1573	1
1574	1
1575	1
1576	1
1577	1
1578	1
1579	1
1580	1
1581	1
1582	1
1583	1
1584	1
1585	1
1586	1
1587	1
1588	1
1589	1
1590	1
1591	1
1592	1
1593	1
1594	1
1595	1
1596	1
1597	1
1598	1
1599	1
1600	1
1601	1
1602	1
1603	1
1604	1
1605	1
1606	1
1607	1
1608	1
1609	1
1610	1
1611	1
1612	1
1613	1
1614	1
1615	1
1616	1
1617	1
1618	1
1619	1
1620	1
1621	1
1622	1
1623	1
1624	1
1625	1
1626	1
1627	1
1628	1
1629	1
1630	1
1631	1
1632	1
1633	1
1634	1
1635	1
1636	1
1637	1
1638	1
1639	1
1640	1
1641	1
1642	1
1643	1
1644	1
1645	1
1646	1
1647	1
1648	1
1649	1
1650	1
1651	1
1652	1
1653	1
1654	1
1655	1
1656	1
1657	1
1658	1
1659	1
1660	1
1661	1
1662	1
1663	1
1664	1
1665	1
1666	1
1667	1
1668	1
1669	1
1670	1
1671	1
1672	1
1673	1
1674	1
1675	1
1676	1
1677	1
1678	1
1679	1
1680	1
1681	1
1682	1
1683	1
1684	1
1685	1
1686	1
1687	1
1688	1
1689	1
1690	1
1691	1
1692	1
1693	1
1694	1
1695	1
1696	1
1697	1
1698	1
1699	1
1700	1
1701	1
1702	1
1703	1
1704	1
1705	1
1706	1
1707	1
1708	1
1709	1
1710	1
1711	1
1712	1
1713	1
1714	1
1715	1
1716	1
1717	1
1718	1
1719	1
1720	1
1721	1
1722	1
1723	1
1724	1
1725	1
1726	1
1727	1
1728	1
1729	1
1730	1
1731	1
1732	1
1733	1
1734	1
1735	1
1736	1
1737	1
1738	1
1739	1
1740	1
1741	1
1742	1
1743	1
1744	1
1745	1
1746	1
1747	1
1748	1
1749	1
1750	1
1751	1
1752	1
1753	1
1754	1
1755	1
1756	1
1757	1
1758	1
1759	1
1760	1
1761	1
1762	1
1763	1
1764	1
1765	1
1766	1
1767	1
1768	1
1769	1
1770	1
1771	1
1772	1
1773	1
1774	1
1775	1
1776	1
1777	1
1778	1
1779	1
1780	1
1781	1
1782	1
1783	1
1784	1
1785	1
1786	1
1787	1
1788	1
1789	1
1790	1
1791	1
1792	1
1793	1
1794	1
1795	1
1796	1
1797	1
1798	1
1799	1
1800	1
1801	1
1802	1
1803	1
1804	1
1805	1
1806	1
1807	1
1808	1
1809	1
1810	1
1811	1
1812	1
1813	1
1814	1
1815	1
1816	1
1817	1
1818	1
1819	1
1820	1
1821	1
1822	1
1823	1
1824	1
1825	1
1826	1
1827	1
1828	1
1829	1
1830	1
1831	1
1832	1
1833	1
1834	1
1835	1
1836	1
1837	1
1838	1
1839	1
1840	1
1841	1
1842	1
1843	1
1844	1
1845	1
1846	1
1847	1
1848	1
1849	1
1850	1
1851	1
1852	1
1853	1
1854	1
1855	1
1856	1
1857	1
1858	1
1859	1
1860	1
1861	1
1862	1
1863	1
1864	1
1865	1
1866	1
1867	1
1868	1
1869	1
1870	1
1871	1
1872	1
1873	1
1874	1
1875	1
1876	1
1877	1
1878	1
1879	1
1880	1
1881	1
1882	1
1883	1
1884	1
1885	1
1886	1
1887	1
1888	1
1889	1
1890	1
1891	1
1892	1
1893	1
1894	1
1895	1
1896	1
1897	1
1898	1
1899	1
1900	1
1901	1
1902	1
1903	1
1904	1
1905	1
1906	1
1907	1
1908	1
1909	1
1910	1
1911	1
1912	1
1913	1
1914	1
1915	1
1916	1
1917	1
1918	1
1919	1
1920	1
1921	1
1922	1
1923	1
1924	1
1925	1
1926	1
1927	1
1928	1
1929	1
1930	1
1931	1
1932	1
1933	1
1934	1
1935	1
1936	1
1937	1
1938	1
1939	1
1940	1
1941	1
1942	1
1943	1
1944	1
1945	1
1946	1
1947	1
1948	1
1949	1
1950	1
1951	1
1952	1
1953	1
1954	1
1955	1
1956	1
1957	1
1958	1
1959	1
1960	1
1961	1
1962	1
1963	1
1964	1
1965	1
1966	1
1967	1
1968	1
1969	1
1970	1
1971	1
1972	1
1973	1
1974	1
1975	1
1976	1
1977	1
1978	1
1979	1
1980	1
1981	1
1982	1
1983	1
1984	1
1985	1
1986	1
1987	1
1988	1
1989	1
1990	1
1991	1
1992	1
1993	1
1994	1
1995	1
1996	1
1997	1
1998	1
1999	1
2000	1
2001	1
2002	1
2003	1
2004	1
2005	1
2006	1
2007	1
2008	1
2009	1
2010	1
2011	1
2012	1
2013	1
2014	1
2015	1
2016	1
2017	1
2018	1
2019	1
2020	1
2021	1
2022	1
2023	1
2024	1
2025	1
2026	1
2027	1
2028	1
2029	1
2030	1
2031	1
2032	1
2033	1
2034	1
2035	1
2036	1
2037	1
2038	1
2039	1
2040	1
2041	1
2042	1
2043	1
2044	1
2045	1
2046	1
2047	1
2048	1
2049	1
2050	1
2051	1
2052	1
2053	1
2054	1
2055	1
2056	1
2057	1
2058	1
2059	1
2060	1
2061	1
2062	1
2063	1
2064	1
2065	1
2066	1
2067	1
2068	1
2069	1
2070	1
2071	1
2072	1
2073	1
2074	1
2075	1
2076	1
2077	1
2078	1
2079	1
2080	1
2081	1
2082	1
2083	1
2084	1
2085	1
2086	1
2087	1
2088	1
2089	1
2090	1
2091	1
2092	1
2093	1
2094	1
2095	1
2096	1
2097	1
2098	1
2099	1
2100	1
2101	1
2102	1
2103	1
2104	1
2105	1
2106	1
2107	1
2108	1
2109	1
2110	1
2111	1
2112	1
2113	1
2114	1
2115	1
2116	1
2117	1
2118	1
2119	1
2120	1
2121	1
2122	1
2123	1
2124	1
2125	1
2126	1
2127	1
2128	1
2129	1
2130	1
2131	1
2132	1
2133	1
2134	1
2135	1
2136	1
2137	1
2138	1
2139	1
2140	1
2141	1
2142	1
2143	1
2144	1
2145	1
2146	1
2147	1
2148	1
2149	1
2150	1
2151	1
2152	1
2153	1
2154	1
2155	1
2156	1
2157	1
2158	1
2159	1
2160	1
2161	1
2162	1
2163	1
2164	1
2165	1
2166	1
2167	1
2168	1
2169	1
2170	1
2171	1
2172	1
2173	1
2174	1
2175	1
2176	1
2177	1
2178	1
2179	1
2180	1
2181	1
2182	1
2183	1
2184	1
2185	1
2186	1
2187	1
2188	1
2189	1
2190	1
2191	1
2192	1
2193	1
2194	1
2195	1
2196	1
2197	1
2198	1
2199	1
2200	1
2201	1
2202	1
2203	1
2204	1
2205	1
2206	1
2207	1
2208	1
2209	1
2210	1
2211	1
2212	1
2213	1
2214	1
2215	1
2216	1
2217	1
2218	1
2219	1
2220	1
2221	1
2222	1
2223	1
2224	1
2225	1
2226	1
2227	1
2228	1
2229	1
2230	1
2231	1
2232	1
2233	1
2234	1
2235	1
2236	1
2237	1
2238	1
2239	1
2240	1
2241	1
2242	1
2243	1
2244	1
2245	1
2246	1
2247	1
2248	1
2249	1
2250	1
2251	1
2252	1
2253	1
2254	1
2255	1
2256	1
2257	1
2258	1
2259	1
2260	1
2261	1
2262	1
2263	1
2264	1
2265	1
2266	1
2267	1
2268	1
2269	1
2270	1
2271	1
2272	1
2273	1
2274	1
2275	1
2276	1
2277	1
2278	1
2279	1
2280	1
2281	1
2282	1
2283	1
2284	1
2285	1
2286	1
2287	1
2288	1
2289	1
2290	1
2291	1
2292	1
2293	1
2294	1
2295	1
2296	1
2297	1
2298	1
2299	1
2300	1
2301	1
2302	1
2303	1
2304	1
2305	1
2306	1
2307	1
2308	1
2309	1
2310	1
2311	1
2312	1
2313	1
2314	1
2315	1
2316	1
2317	1
2318	1
2319	1
2320	1
2321	1
2322	1
2323	1
2324	1
2325	1
2326	1
2327	1
2328	1
2329	1
2330	1
2331	1
2332	1
2333	1
2334	1
2335	1
2336	1
2337	1
2338	1
2339	1
2340	1
2341	1
2342	1
2343	1
2344	1
2345	1
2346	1
2347	1
2348	1
2349	1
2350	1
2351	1
2352	1
2353	1
2354	1
2355	1
2356	1
2357	1
2358	1
2359	1
2360	1
2361	1
2362	1
2363	1
2364	1
2365	1
2366	1
2367	1
2368	1
2369	1
2370	1
2371	1
2372	1
2373	1
2374	1
2375	1
2376	1
2377	1
2378	1
2379	1
2380	1
2381	1
2382	1
2383	1
2384	1
2385	1
2386	1
2387	1
2388	1
2389	1
2390	1
2391	1
2392	1
2393	1
2394	1
2395	1
2396	1
2397	1
2398	1
2399	1
2400	1
2401	1
2402	1
2403	1
2404	1
2405	1
2406	1
2407	1
2408	1
2409	1
2410	1
2411	1
2412	1
2413	1
2414	1
2415	1
2416	1
2417	1
2418	1
2419	1
2420	1
2421	1
2422	1
2423	1
2424	1
2425	1
2426	1
2427	1
2428	1
2429	1
2430	1
2431	1
2432	1
2433	1
2434	1
2435	1
2436	1
2437	1
2438	1
2439	1
2440	1
2441	1
2442	1
2443	1
2444	1
2445	1
2446	1
2447	1
2448	1
2449	1
2450	1
2451	1
2452	1
2453	1
2454	1
2455	1
2456	1
2457	1
2458	1
2459	1
2460	1
2461	1
2462	1
2463	1
2464	1
2465	1
2466	1
2467	1
2468	1
2469	1
2470	1
2471	1
2472	1
2473	1
2474	1
2475	1
2476	1
2477	1
2478	1
2479	1
2480	1
2481	1
2482	1
2483	1
2484	1
2485	1
2486	1
2487	1
2488	1
2489	1
2490	1
2491	1
2492	1
2493	1
2494	1
2495	1
2496	1
2497	1
2498	1
2499	1
2500	1
2501	1
2502	1
2503	1
2504	1
2505	1
2506	1
2507	1
2508	1
2509	1
2510	1
2511	1
2512	1
2513	1
2514	1
2515	1
2516	1
2517	1
2518	1
2519	1
2520	1
2521	1
2522	1
2523	1
2524	1
2525	1
2526	1
2527	1
2528	1
2529	1
2530	1
2531	1
2532	1
2533	1
2534	1
2535	1
2536	1
2537	1
2538	1
2539	1
2540	1
2541	1
2542	1
2543	1
2544	1
2545	1
2546	1
2547	1
2548	1
2549	1
2550	1
2551	1
2552	1
2553	1
2554	1
2555	1
2556	1
2557	1
2558	1
2559	1
2560	1
2561	1
2562	1
2563	1
2564	1
2565	1
2566	1
2567	1
2568	1
2569	1
2570	1
2571	1
2572	1
2573	1
2574	1
2575	1
2576	1
2577	1
2578	1
2579	1
2580	1
2581	1
2582	1
2583	1
2584	1
2585	1
2586	1
2587	1
2588	1
2589	1
2590	1
2591	1
2592	1
2593	1
2594	1
2595	1
2596	1
2597	1
2598	1
2599	1
2600	1
2601	1
2602	1
2603	1
2604	1
2605	1
2606	1
2607	1
2608	1
2609	1
2610	1
2611	1
2612	1
2613	1
2614	1
2615	1
2616	1
2617	1
2618	1
2619	1
2620	1
2621	1
2622	1
2623	1
2624	1
2625	1
2626	1
2627	1
2628	1
2629	1
2630	1
2631	1
2632	1
2633	1
2634	1
2635	1
2636	1
2637	1
2638	1
2639	1
2640	1
2641	1
2642	1
2643	1
2644	1
2645	1
2646	1
2647	1
2648	1
2649	1
2650	1
2651	1
2652	1
2653	1
2654	1
2655	1
2656	1
2657	1
2658	1
2659	1
2660	1
2661	1
2662	1
2663	1
2664	1
2665	1
2666	1
2667	1
2668	1
2669	1
2670	1
2671	1
2672	1
2673	1
2674	1
2675	1
2676	1
2677	1
2678	1
2679	1
2680	1
2681	1
2682	1
2683	1
2684	1
2685	1
2686	1
2687	1
2688	1
2689	1
2690	1
2691	1
2692	1
2693	1
2694	1
2695	1
2696	1
2697	1
2698	1
2699	1
2700	1
2701	1
2702	1
2703	1
2704	1
2705	1
2706	1
2707	1
2708	1
2709	1
2710	1
2711	1
2712	1
2713	1
2714	1
2715	1
2716	1
2717	1
2718	1
2719	1
2720	1
2721	1
2722	1
2723	1
2724	1
2725	1
2726	1
2727	1
2728	1
2729	1
2730	1
2731	1
2732	1
2733	1
2734	1
2735	1
2736	1
2737	1
2738	1
2739	1
2740	1
2741	1
2742	1
2743	1
2744	1
2745	1
2746	1
2747	1
2748	1
2749	1
2750	1
2751	1
2752	1
2753	1
2754	1
2755	1
2756	1
2757	1
2758	1
2759	1
2760	1
2761	1
2762	1
2763	1
2764	1
2765	2
2766	2
2767	2
2768	2
2769	2
2770	2
2771	2
2772	2
2773	2
2774	2
2775	2
2776	2
2777	2
2778	2
2779	2
2780	2
2781	2
2782	2
2783	2
2784	2
2785	2
2786	2
2787	2
2788	2
2789	2
2790	2
2791	2
2792	2
2793	2
2794	2
2795	2
2796	2
2797	2
2798	2
2799	2
2800	2
2801	2
2802	2
2803	2
2804	2
2805	2
2806	2
2807	2
2808	2
2809	2
2810	2
2811	2
2812	2
2813	2
2814	2
2815	2
2816	2
2817	2
2818	2
2819	2
2820	2
2821	2
2822	2
2823	2
2824	2
2825	2
2826	2
2827	2
2828	2
2829	2
2830	2
2831	2
2832	2
2833	2
2834	2
2835	2
2836	2
2837	2
2838	2
2839	2
2840	2
2841	2
2842	2
2843	2
2844	2
2845	2
2846	2
2847	2
2848	2
2849	2
2850	2
2851	2
2852	2
2853	2
2854	2
2855	2
2856	2
2857	2
2858	2
2859	2
2860	2
2861	2
2862	2
2863	2
2864	2
2865	2
2866	2
2867	2
2868	2
2869	2
2870	2
2871	2
2872	2
2873	2
2874	2
2875	2
2876	2
2877	2
2878	2
2879	2
2880	2
2881	2
2882	2
2883	2
2884	2
2885	2
2886	2
2887	2
2888	2
2889	2
2890	2
2891	2
2892	2
2893	2
2894	2
2895	2
2896	2
2897	2
2898	2
2899	2
2900	2
2901	2
2902	2
2903	2
2904	2
2905	2
2906	2
2907	2
2908	2
2909	2
2910	2
2911	2
2912	2
2913	2
2914	2
2915	2
2916	2
2917	2
2918	2
2919	2
2920	2
2921	2
2922	2
2923	2
2924	2
2925	2
2926	2
2927	2
2928	2
2929	2
2930	2
2931	2
2932	2
2933	2
2934	2
2935	2
2936	2
2937	2
2938	2
2939	2
2940	2
2941	2
2942	2
2943	2
2944	2
2945	2
2946	2
2947	2
2948	2
2949	2
2950	2
2951	2
2952	2
2953	2
2954	2
2955	2
2956	2
2957	2
2958	2
2959	2
2960	2
2961	2
2962	2
2963	2
2964	2
2965	2
2966	2
2967	2
2968	2
2969	2
2970	2
2971	2
2972	2
2973	2
2974	2
2975	2
2976	2
2977	2
2978	2
2979	2
2980	2
2981	2
2982	2
2983	2
2984	2
2985	2
2986	2
2987	2
2988	2
2989	2
2990	2
2991	2
2992	2
2993	2
2994	2
2995	2
2996	2
2997	2
2998	2
2999	2
3000	2
3001	2
3002	2
3003	2
3004	2
3005	2
3006	2
3007	2
3008	2
3009	2
3010	2
3011	2
3012	2
3013	2
3014	2
3015	2
3016	2
3017	2
3018	2
3019	2
3020	2
3021	2
3022	2
3023	2
3024	2
3025	2
3026	2
3027	2
3028	2
3029	2
3030	2
3031	2
3032	2
3033	2
3034	2
3035	2
3036	2
3037	2
3038	2
3039	2
3040	2
3041	2
3042	2
3043	2
3044	2
3045	2
3046	2
3047	2
3048	2
3049	2
3050	2
3051	2
3052	2
3053	2
3054	2
3055	2
3056	2
3057	2
3058	2
3059	2
3060	2
3061	2
3062	2
3063	2
3064	2
3065	2
3066	2
3067	2
3068	2
3069	2
3070	2
3071	2
3072	3
3073	3
3074	3
3075	3
3076	3
3077	3
3078	3
3079	3
3080	3
3081	3
3082	3
3083	3
3084	3
3085	3
3086	3
3087	3
3088	3
3089	3
3090	3
3091	3
3092	3
3093	3
3094	3
3095	3
3096	3
3097	3
3098	3
3099	3
3100	3
3101	3
3102	3
3103	3
3104	3
3105	3
3106	3
3107	3
3108	3
3109	3
3110	3
3111	3
3112	3
3113	3
3114	3
3115	3
3116	3
3117	3
3118	3
3119	3
3120	3
3121	3
3122	3
3123	3
3124	3
3125	3
3126	3
3127	3
3128	3
3129	3
3130	3
3131	3
3132	3
3133	3
3134	3
3135	3
3136	3
3137	3
3138	3
3139	3
3140	3
3141	3
3142	3
3143	3
3144	3
3145	3
3146	3
3147	3
3148	3
3149	3
3150	3
3151	3
3152	3
3153	3
3154	3
3155	3
3156	3
3157	3
3158	3
3159	3
3160	3
3161	3
3162	3
3163	3
3164	3
3165	3
3166	3
3167	3
3168	3
3169	3
3170	3
3171	3
3172	3
3173	3
3174	3
3175	3
3176	3
3177	3
3178	3
3179	3
3180	3
3181	3
3182	3
3183	3
3184	3
3185	3
3186	3
3187	3
3188	3
3189	3
3190	3
3191	3
3192	3
3193	3
3194	3
3195	3
3196	3
3197	3
3198	3
3199	3
3200	3
3201	3
3202	3
3203	3
3204	3
3205	3
3206	3
3207	3
3208	3
3209	3
3210	3
3211	3
3212	3
3213	3
3214	3
3215	3
3216	3
3217	3
3218	3
3219	3
3220	3
3221	3
3222	3
3223	3
3224	3
3225	3
3226	3
3227	3
3228	3
3229	3
3230	3
3231	3
3232	3
3233	3
3234	3
3235	3
3236	3
3237	3
3238	3
3239	3
3240	3
3241	3
3242	3
3243	3
3244	3
3245	3
3246	3
3247	3
3248	3
3249	3
3250	3
3251	3
3252	3
3253	3
3254	3
3255	3
3256	3
3257	3
3258	3
3259	3
3260	3
3261	3
3262	3
3263	3
3264	3
3265	3
3266	3
3267	3
3268	3
3269	3
3270	3
3271	3
3272	3
3273	3
3274	3
3275	3
3276	3
3277	3
3278	3
3279	3
3280	3
3281	3
3282	3
3283	3
3284	3
3285	3
3286	3
3287	3
3288	3
3289	3
3290	3
3291	3
3292	3
3293	3
3294	3
3295	3
3296	3
3297	3
3298	3
3299	3
3300	3
3301	3
3302	3
3303	3
3304	3
3305	3
3306	3
3307	3
3308	3
3309	3
3310	3
3311	3
3312	3
3313	3
3314	3
3315	3
3316	3
3317	3
3318	3
3319	3
3320	3
3321	3
3322	3
3323	3
3324	3
3325	3
3326	3
3327	3
3328	3
3329	3
3330	3
3331	3
3332	3
3333	3
3334	3
3335	3
3336	3
3337	3
3338	3
3339	3
3340	3
3341	3
3342	3
3343	3
3344	3
3345	3
3346	3
3347	3
3348	3
3349	3
3350	3
3351	3
3352	3
3353	3
3354	3
3355	3
3356	3
3357	3
3358	3
3359	3
3360	3
3361	3
3362	3
3363	3
3364	3
3365	3
3366	3
3367	3
3368	3
3369	3
3370	3
3371	3
3372	3
3373	3
3374	3
3375	3
3376	3
3377	3
3378	3
3379	3
3380	3
3381	3
3382	3
3383	3
3384	3
3385	3
3386	3
3387	3
3388	3
3389	3
3390	3
3391	3
3392	3
3393	3
3394	3
3395	3
3396	3
3397	3
3398	3
3399	3
3400	3
3401	3
3402	3
3403	3
3404	3
3405	3
3406	3
3407	3
3408	3
3409	3
3410	3
3411	3
3412	3
3413	3
3414	3
3415	3
3416	3
3417	3
3418	3
3419	3
3420	3
3421	3
3422	3
3423	3
3424	3
3425	3
3426	3
3427	3
3428	3
3429	3
3430	3
3431	3
3432	3
3433	3
3434	3
3435	3
3436	3
3437	3
3438	3
3439	3
3440	3
3441	3
3442	3
3443	3
3444	3
3445	3
3446	3
3447	3
3448	3
3449	3
3450	3
3451	3
3452	3
3453	3
3454	3
3455	3
3456	3
3457	3
3458	3
3459	3
3460	3
3461	3
3462	3
3463	3
3464	3
3465	3
3466	3
3467	3
3468	3
3469	3
3470	3
3471	3
3472	3
3473	3
3474	3
3475	3
3476	3
3477	3
3478	3
3479	3
3480	3
3481	3
3482	3
3483	3
3484	3
3485	3
3486	3
3487	3
3488	3
3489	3
3490	3
3491	3
3492	3
3493	3
3494	3
3495	3
3496	3
3497	3
3498	3
3499	3
3500	3
3501	3
3502	3
3503	3
3504	3
3505	3
3506	3
3507	3
3508	3
3509	3
3510	3
3511	3
3512	3
3513	3
3514	3
3515	3
3516	3
3517	3
3518	3
3519	3
3520	3
3521	3
3522	3
3523	3
3524	3
3525	3
3526	3
3527	3
3528	3
3529	3
3530	3
3531	3
3532	3
3533	3
3534	3
3535	3
3536	3
3537	3
3538	3
3539	3
3540	3
3541	3
3542	3
3543	3
3544	3
3545	3
3546	3
3547	3
3548	3
3549	3
3550	3
3551	3
3552	3
3553	3
3554	3
3555	3
3556	3
3557	3
3558	3
3559	3
3560	3
3561	3
3562	3
3563	3
3564	3
3565	3
3566	3
3567	3
3568	3
3569	3
3570	3
3571	3
3572	3
3573	3
3574	3
3575	3
3576	3
3577	3
3578	3
3579	3
3580	3
3581	3
3582	3
3583	3
3584	3
3585	3
3586	3
3587	3
3588	3
3589	3
3590	3
3591	3
3592	3
3593	3
3594	3
3595	3
3596	3
3597	3
3598	3
3599	3
3600	3
3601	3
3602	3
3603	3
3604	3
3605	3
3606	3
3607	3
3608	3
3609	3
3610	3
3611	3
3612	3
3613	3
3614	3
3615	3
3616	3
3617	3
3618	3
3619	3
3620	3
3621	3
3622	3
3623	3
3624	3
3625	3
3626	3
3627	3
3628	3
3629	3
3630	3
3631	3
3632	3
3633	3
3634	3
3635	3
3636	3
3637	3
3638	3
3639	3
3640	3
3641	3
3642	3
3643	3
3644	3
3645	3
3646	3
3647	3
3648	3
3649	3
3650	3
3651	3
3652	3
3653	3
3654	3
3655	3
3656	3
3657	3
3658	3
3659	3
3660	3
3661	3
3662	3
3663	3
3664	3
3665	3
3666	3
3667	3
3668	3
3669	3
3670	3
3671	3
3672	3
3673	3
3674	3
3675	3
3676	3
3677	3
3678	3
3679	3
3680	3
3681	3
3682	3
3683	3
3684	3
3685	3
3686	3
3687	3
3688	3
3689	3
3690	3
3691	3
3692	3
3693	3
3694	3
3695	3
3696	3
3697	3
3698	3
3699	3
3700	3
3701	3
3702	3
3703	3
3704	3
3705	3
3706	3
3707	3
3708	3
3709	3
3710	3
3711	3
3712	3
3713	3
3714	3
3715	3
3716	3
3717	3
3718	3
3719	3
3720	3
3721	3
3722	3
3723	3
3724	3
3725	3
3726	3
3727	3
3728	3
3729	3
3730	3
3731	3
3732	3
3733	3
3734	3
3735	3
3736	3
3737	3
3738	3
3739	3
3740	3
3741	3
3742	3
3743	3
3744	3
3745	3
3746	3
3747	3
3748	3
3749	3
3750	3
3751	3
3752	3
3753	3
3754	3
3755	3
3756	3
3757	3
3758	3
3759	3
3760	3
3761	3
3762	3
3763	3
3764	3
3765	3
3766	3
3767	3
3768	3
3769	3
3770	3
3771	3
3772	3
3773	3
3774	3
3775	3
3776	3
3777	3
3778	3
3779	3
3780	3
3781	3
3782	3
3783	3
3784	3
3785	3
3786	3
3787	3
3788	3
3789	3
3790	3
3791	3
3792	3
3793	3
3794	3
3795	3
3796	3
3797	3
3798	3
3799	3
3800	3
3801	3
3802	3
3803	3
3804	3
3805	3
3806	3
3807	3
3808	3
3809	3
3810	3
3811	3
3812	3
3813	3
3814	3
3815	3
3816	3
3817	3
3818	4
3819	4
3820	4
3821	4
3822	4
3823	4
3824	4
3825	4
3826	4
3827	4
3828	4
3829	4
3830	4
3831	4
3832	4
3833	4
3834	4
3835	4
3836	4
3837	4
3838	4
3839	4
3840	4
3841	4
3842	4
3843	4
3844	4
3845	4
3846	4
3847	4
3848	4
3849	4
3850	4
3851	4
3852	4
3853	4
3854	4
3855	4
3856	4
3857	4
3858	4
3859	4
3860	4
3861	4
3862	4
3863	4
3864	4
3865	4
3866	4
3867	4
3868	4
3869	4
3870	4
3871	4
3872	4
3873	4
3874	4
3875	4
3876	4
3877	4
3878	4
3879	4
3880	4
3881	4
3882	4
3883	4
3884	4
3885	4
3886	4
3887	4
3888	4
3889	4
3890	4
3891	4
3892	4
3893	4
3894	4
3895	4
3896	4
3897	4
3898	4
3899	4
3900	4
3901	4
3902	4
3903	4
3904	4
3905	4
3906	4
3907	4
3908	4
3909	4
3910	4
3911	4
3912	4
3913	4
3914	4
3915	4
3916	4
3917	4
3918	4
3919	4
3920	4
3921	4
3922	4
3923	4
3924	4
3925	4
3926	4
3927	4
3928	4
3929	4
3930	4
3931	4
3932	4
3933	4
3934	4
3935	4
3936	4
3937	4
3938	4
3939	4
3940	4
3941	4
3942	4
3943	4
3944	4
3945	4
3946	4
3947	4
3948	4
3949	4
3950	4
3951	4
3952	4
3953	4
3954	4
3955	4
3956	4
3957	4
3958	4
3959	4
3960	4
3961	4
3962	4
3963	4
3964	4
3965	4
3966	4
3967	4
3968	4
3969	4
3970	4
3971	4
3972	4
3973	4
3974	4
3975	4
3976	4
3977	4
3978	4
3979	4
3980	4
3981	4
3982	4
3983	4
3984	4
3985	4
3986	4
3987	4
3988	4
3989	4
3990	4
3991	4
3992	4
3993	4
3994	4
3995	4
3996	4
3997	4
3998	4
3999	4
4000	4
4001	4
4002	4
4003	4
4004	4
4005	4
4006	4
4007	4
4008	4
4009	4
4010	4
4011	4
4012	4
4013	4
4014	4
4015	4
4016	4
4017	4
4018	4
4019	4
4020	4
4021	4
4022	4
4023	4
4024	4
4025	4
4026	4
4027	4
4028	4
4029	4
4030	4
4031	4
4032	4
4033	4
4034	4
4035	4
4036	4
4037	4
4038	4
4039	4
4040	4
4041	4
4042	4
4043	4
4044	4
4045	4
4046	4
4047	4
4048	4
4049	4
4050	4
4051	4
4052	4
4053	4
4054	4
4055	4
4056	4
4057	4
4058	4
4059	4
4060	4
4061	4
4062	4
4063	4
4064	4
4065	4
4066	4
4067	4
4068	4
4069	4
4070	4
4071	4
4072	4
4073	4
4074	4
4075	4
4076	4
4077	4
4078	4
4079	4
4080	4
4081	4
4082	4
4083	4
4084	4
4085	4
4086	4
4087	4
4088	4
4089	4
4090	4
4091	4
4092	4
4093	4
4094	4
4095	4
4096	4
4097	4
4098	4
4099	4
4100	4
4101	4
4102	4
4103	4
4104	4
4105	4
4106	4
4107	4
4108	4
4109	4
4110	4
4111	4
4112	4
4113	4
4114	4
4115	4
4116	4
4117	4
4118	4
4119	4
4120	4
4121	4
4122	4
4123	4
4124	4
4125	4
4126	4
4127	4
4128	4
4129	4
4130	4
4131	4
4132	4
4133	4
4134	4
4135	4
4136	4
4137	4
4138	4
4139	4
4140	4
4141	4
4142	4
4143	4
4144	4
4145	4
4146	4
4147	4
4148	4
4149	4
4150	4
4151	4
4152	4
4153	4
4154	4
4155	4
4156	4
4157	4
4158	4
4159	4
4160	4
4161	4
4162	4
4163	4
4164	4
4165	4
4166	4
4167	4
4168	4
4169	4
4170	4
4171	4
4172	4
4173	4
4174	4
4175	4
4176	4
4177	4
4178	4
4179	4
4180	4
4181	4
4182	4
4183	4
4184	4
4185	4
4186	4
4187	4
4188	4
4189	4
4190	4
4191	4
4192	4
4193	4
4194	4
4195	4
4196	4
4197	4
4198	4
4199	4
4200	4
4201	4
4202	4
4203	4
4204	4
4205	4
4206	4
4207	4
4208	4
4209	4
4210	4
4211	4
4212	4
4213	4
4214	4
4215	4
4216	4
4217	4
4218	4
4219	4
4220	4
4221	4
4222	4
4223	4
4224	4
4225	4
4226	4
4227	4
4228	4
4229	4
4230	4
4231	4
4232	4
4233	4
4234	4
4235	4
4236	4
4237	4
4238	4
4239	4
4240	4
4241	4
4242	4
4243	4
4244	4
4245	4
4246	4
4247	4
4248	4
4249	4
4250	4
4251	4
4252	4
4253	4
4254	4
4255	4
4256	4
4257	4
4258	4
4259	4
4260	4
4261	4
4262	4
4263	4
4264	4
4265	4
4266	4
4267	4
4268	4
4269	4
4270	4
4271	4
4272	4
4273	4
4274	4
4275	4
4276	4
4277	4
4278	4
4279	4
4280	4
4281	4
4282	4
4283	4
4284	4
4285	4
4286	4
4287	4
4288	4
4289	4
4290	4
4291	4
4292	4
4293	4
4294	4
4295	4
4296	4
4297	4
4298	4
4299	4
4300	4
4301	4
4302	4
4303	4
4304	4
4305	4
4306	4
4307	4
4308	4
4309	4
4310	4
4311	4
4312	4
4313	4
4314	4
4315	4
4316	4
4317	4
4318	4
4319	4
4320	4
4321	4
4322	4
4323	4
4324	4
4325	4
4326	4
4327	4
4328	4
4329	4
4330	4
4331	4
4332	4
4333	4
4334	4
4335	4
4336	4
4337	4
4338	4
4339	4
4340	4
4341	4
4342	4
4343	4
4344	4
4345	4
4346	4
4347	4
4348	4
4349	4
4350	4
4351	4
4352	4
4353	4
4354	4
4355	4
4356	4
4357	4
4358	4
4359	4
4360	4
4361	4
4362	4
4363	4
4364	4
4365	4
4366	4
4367	4
4368	4
4369	4
4370	4
4371	4
4372	4
4373	4
4374	4
4375	4
4376	4
4377	4
4378	4
4379	4
4380	4
4381	4
4382	4
4383	4
4384	4
4385	4
4386	4
4387	4
4388	4
4389	4
4390	4
4391	4
4392	4
4393	4
4394	4
4395	4
4396	4
4397	4
4398	4
4399	4
4400	4
4401	5
4402	5
4403	5
4404	5
4405	5
4406	5
4407	5
4408	5
4409	5
4410	5
4411	5
4412	5
4413	5
4414	5
4415	5
4416	5
4417	5
4418	5
4419	5
4420	5
4421	5
4422	5
4423	5
4424	5
4425	5
4426	5
4427	5
4428	5
4429	5
4430	5
4431	5
4432	5
4433	5
4434	5
4435	5
4436	5
4437	5
4438	5
4439	5
4440	5
4441	5
4442	5
4443	5
4444	5
4445	5
4446	5
4447	5
4448	5
4449	5
4450	5
4451	5
4452	5
4453	5
4454	5
4455	5
4456	5
4457	5
4458	5
4459	5
4460	5
4461	5
4462	5
4463	5
4464	5
4465	5
4466	5
4467	5
4468	5
4469	5
4470	5
4471	5
4472	5
4473	5
4474	5
4475	5
4476	5
4477	5
4478	5
4479	5
4480	5
4481	5
4482	5
4483	5
4484	5
4485	5
4486	5
4487	5
4488	5
4489	5
4490	5
4491	5
4492	5
4493	5
4494	5
4495	6
4496	6
4497	6
4498	6
4499	6
4500	6
4501	6
4502	6
4503	6
4504	6
4505	6
4506	6
4507	6
4508	6
4509	6
4510	6
4511	6
4512	6
4513	6
4514	6
4515	6
4516	6
4517	6
4518	6
4519	6
4520	6
4521	6
4522	6
4523	6
4524	6
4525	6
4526	6
4527	6
4528	6
4529	6
4530	6
4531	6
4532	6
4533	6
4534	6
4535	7
4536	7
4537	7
4538	7
4539	7
4540	7
4541	7
4542	7
4543	7
4544	7
4545	7
4546	7
4547	7
4548	7
4549	7
4550	7
4551	7
4552	7
4553	7
4554	7
4555	7
4556	7
4557	7
4558	7
4559	7
4560	7
4561	7
4562	7
4563	7
4564	7
4565	7
4566	7
4567	7
4568	7
4569	7
4570	7
4571	7
4572	7
4573	7
4574	7
4575	7
4576	7
4577	7
4578	7
4579	7
4580	7
4581	7
4582	7
4583	7
4584	7
4585	7
4586	7
4587	7
4588	7
4589	7
4590	7
4591	7
4592	7
4593	7
4594	7
4595	7
4596	7
4597	7
4598	7
4599	7
4600	7
4601	7
4602	7
4603	7
4604	7
4605	7
4606	7
4607	7
4608	7
4609	7
4610	7
4611	7
4612	7
4613	7
4614	7
4615	7
4616	7
4617	7
4618	7
4619	7
4620	7
4621	7
4622	7
4623	7
4624	7
4625	7
4626	7
4627	7
4628	7
4629	7
4630	7
4631	7
4632	7
4633	7
4634	7
4635	7
4636	7
4637	7
4638	7
4639	7
4640	7
4641	7
4642	7
4643	7
4644	7
4645	7
4646	7
4647	7
4648	7
4649	7
4650	7
4651	7
4652	7
4653	7
4654	7
4655	7
4656	7
4657	7
4658	7
4659	7
4660	7
4661	7
4662	7
4663	7
4664	7
4665	7
4666	7
4667	7
4668	7
4669	7
4670	7
4671	7
4672	7
4673	7
4674	7
4675	7
4676	7
4677	7
4678	7
4679	7
4680	7
4681	7
4682	7
4683	7
4684	7
4685	7
4686	7
4687	7
4688	7
4689	7
4690	7
4691	7
4692	7
4693	7
4694	7
4695	7
4696	7
4697	7
4698	7
4699	7
4700	7
4701	7
4702	7
4703	7
4704	7
4705	7
4706	7
4707	7
4708	7
4709	7
4710	7
4711	7
4712	7
4713	7
4714	7
4715	7
4716	7
4717	7
4718	7
4719	8
4720	8
4721	8
4722	8
4723	8
4724	8
4725	8
4726	8
4727	8
4728	8
4729	8
4730	8
4731	8
4732	8
4733	8
4734	8
4735	8
4736	8
4737	8
4738	8
4739	8
4740	8
4741	8
4742	8
4743	8
4744	8
4745	8
4746	8
4747	8
4748	8
4749	8
4750	8
4751	8
4752	8
4753	8
4754	8
4755	8
4756	8
4757	9
4758	9
4759	9
4760	9
4761	9
4762	9
4763	9
4764	9
4765	9
4766	9
4767	9
4768	9
4769	9
4770	9
4771	9
4772	9
4773	9
4774	9
4775	9
4776	9
4777	9
4778	9
4779	9
4780	9
4781	9
4782	9
4783	9
4784	9
4785	9
4786	9
4787	9
4788	9
4789	9
4790	9
4791	9
4792	9
4793	9
4794	9
4795	9
4796	9
4797	9
4798	9
4799	9
4800	9
4801	9
4802	9
4803	9
4804	9
4805	9
4806	9
4807	9
4808	9
4809	9
4810	9
4811	9
4812	9
4813	9
4814	9
4815	9
4816	9
4817	9
4818	9
4819	9
4820	9
4821	9
4822	9
4823	9
4824	9
4825	9
4826	9
4827	9
4828	9
4829	9
4830	9
4831	9
4832	9
4833	9
4834	9
4835	9
4836	9
4837	9
4838	9
4839	9
4840	9
4841	9
4842	9
4843	9
4844	9
4845	9
4846	9
4847	9
4848	9
4849	9
4850	9
4851	9
4852	9
4853	9
4854	9
4855	9
4856	9
4857	9
4858	9
4859	9
4860	9
4861	9
4862	9
4863	9
4864	9
4865	9
4866	9
4867	9
4868	9
4869	9
4870	9
4871	9
4872	9
4873	9
4874	9
4875	9
4876	9
4877	9
4878	9
4879	9
4880	9
4881	9
4882	9
4883	10
4884	10
4885	10
4886	10
4887	10
4888	10
4889	10
4890	10
4891	10
4892	10
4893	10
4894	10
4895	10
4896	10
4897	10
4898	10
4899	10
4900	10
4901	10
4902	10
4903	10
4904	10
4905	10
4906	10
4907	10
4908	10
4909	10
4910	10
4911	10
4912	10
4913	10
4914	10
4915	10
4916	10
4917	10
4918	10
4919	10
4920	10
4921	10
4922	10
4923	10
4924	10
4925	10
4926	10
4927	10
4928	10
4929	10
4930	10
4931	10
4932	10
4933	10
4934	10
4935	10
4936	10
4937	10
4938	10
4939	10
4940	10
4941	10
4942	10
4943	10
4944	10
4945	10
4946	10
4947	10
4948	10
4949	10
4950	10
4951	10
4952	10
4953	10
4954	10
4955	10
4956	10
4957	10
4958	10
4959	10
4960	10
4961	10
4962	10
4963	11
4964	11
4965	11
4966	11
4967	11
4968	11
4969	11
4970	11
4971	11
4972	11
4973	11
4974	11
4975	11
4976	11
4977	11
4978	11
4979	11
4980	11
4981	11
4982	11
4983	11
4984	11
4985	11
4986	11
4987	11
4988	11
4989	11
4990	11
4991	11
4992	11
4993	11
4994	11
4995	11
4996	11
4997	11
4998	11
4999	11
5000	11
5001	11
5002	11
5003	11
5004	11
5005	11
5006	11
5007	11
5008	11
5009	11
5010	11
5011	11
5012	11
5013	11
5014	11
5015	11
5016	11
5017	11
5018	11
5019	11
5020	11
5021	11
5022	11
5023	11
5024	11
5025	11
5026	11
5027	11
5028	11
5029	11
5030	11
5031	11
5032	11
5033	11
5034	11
5035	11
5036	11
5037	11
5038	11
5039	11
5040	11
5041	11
5042	11
5043	11
5044	11
5045	11
5046	11
5047	11
5048	11
5049	11
5050	11
5051	11
5052	11
5053	11
5054	11
5055	11
5056	11
5057	11
5058	11
5059	11
5060	11
5061	11
5062	11
5063	11
5064	11
5065	11
5066	11
5067	11
5068	11
5069	11
5070	11
5071	11
5072	11
5073	11
5074	11
5075	11
5076	11
5077	11
5078	11
5079	11
5080	11
5081	11
5082	11
5083	11
5084	11
5085	11
5086	11
5087	11
5088	11
5089	11
5090	11
5091	11
5092	11
5093	11
5094	11
5095	11
5096	11
5097	11
5098	11
5099	11
5100	11
5101	11
5102	11
5103	11
5104	11
5105	11
5106	11
5107	11
5108	11
5109	11
5110	11
5111	11
5112	11
5113	11
5114	11
5115	11
5116	11
5117	11
5118	11
5119	11
5120	11
5121	11
5122	11
5123	11
5124	11
5125	11
5126	11
5127	11
5128	11
5129	11
5130	11
5131	11
5132	11
5133	11
5134	11
5135	11
5136	11
5137	11
5138	11
5139	11
5140	11
5141	11
5142	11
5143	11
5144	11
5145	11
5146	11
5147	11
5148	11
5149	11
5150	11
5151	11
5152	11
5153	11
5154	11
5155	11
5156	11
5157	11
5158	11
5159	11
5160	11
5161	11
5162	11
5163	11
5164	11
5165	11
5166	11
5167	11
5168	11
5169	11
5170	11
5171	11
5172	11
5173	11
5174	11
5175	11
5176	11
5177	11
5178	11
5179	11
5180	11
5181	11
5182	11
5183	11
5184	11
5185	11
5186	11
5187	11
5188	11
5189	11
5190	11
5191	11
5192	11
5193	11
5194	11
5195	11
5196	11
5197	11
5198	11
5199	11
5200	11
5201	11
5202	11
5203	11
5204	11
5205	11
5206	11
5207	11
5208	11
5209	11
5210	11
5211	11
5212	11
5213	11
5214	11
5215	11
5216	11
5217	11
5218	11
5219	11
5220	11
5221	11
5222	11
5223	11
5224	11
5225	11
5226	11
5227	11
5228	11
5229	11
5230	11
5231	11
5232	11
5233	11
5234	11
5235	11
5236	11
5237	11
5238	12
5239	12
5240	12
5241	12
5242	12
5243	12
5244	12
5245	12
5246	12
5247	12
5248	12
5249	12
5250	12
5251	12
5252	12
5253	12
5254	12
5255	12
5256	12
5257	12
5258	12
5259	12
5260	12
5261	12
5262	12
5263	12
5264	12
5265	12
5266	12
5267	12
5268	12
5269	12
5270	12
5271	12
5272	12
5273	12
5274	12
5275	12
5276	12
5277	12
5278	12
5279	12
5280	12
5281	12
5282	12
5283	12
5284	12
5285	12
5286	12
5287	12
5288	12
5289	12
5290	12
5291	12
5292	12
5293	12
5294	12
5295	12
5296	12
5297	12
5298	12
5299	12
5300	12
5301	12
5302	12
5303	12
5304	12
5305	12
5306	12
5307	12
5308	12
5309	12
5310	12
5311	12
5312	12
5313	12
5314	12
5315	12
5316	12
5317	12
5318	12
5319	12
5320	12
5321	12
5322	12
5323	12
5324	12
5325	12
5326	12
5327	12
5328	12
5329	12
5330	12
5331	13
5332	13
5333	13
5334	13
5335	13
5336	13
5337	13
5338	13
5339	13
5340	13
5341	13
5342	13
5343	13
5344	13
5345	13
5346	13
5347	13
5348	13
5349	13
5350	13
5351	13
5352	13
5353	13
5354	13
5355	13
5356	13
5357	13
5358	13
5359	13
5360	13
5361	14
5362	14
5363	14
5364	14
5365	14
5366	14
5367	14
5368	14
5369	14
5370	14
5371	14
5372	14
5373	14
5374	14
5375	14
5376	14
5377	14
5378	14
5379	14
5380	14
5381	14
5382	14
5383	14
5384	14
5385	14
5386	14
5387	14
5388	14
5389	14
5390	14
5391	14
5392	14
5393	14
5394	14
5395	14
5396	14
5397	14
5398	14
5399	14
5400	14
5401	14
5402	14
5403	14
5404	14
5405	14
5406	14
5407	14
5408	14
5409	14
5410	14
5411	14
5412	14
5413	14
5414	14
5415	14
5416	14
5417	14
5418	14
5419	14
5420	14
5421	14
5422	14
5423	14
5424	14
5425	14
5426	14
5427	14
5428	14
5429	14
5430	14
5431	14
5432	14
5433	14
5434	14
5435	14
5436	14
5437	14
5438	14
5439	14
5440	14
5441	14
5442	14
5443	14
5444	14
5445	14
5446	14
5447	14
5448	14
5449	14
5450	14
5451	14
5452	14
5453	14
5454	14
5455	14
5456	14
5457	14
5458	14
5459	14
5460	14
5461	14
5462	14
5463	14
5464	14
5465	14
5466	14
5467	14
5468	14
5469	14
5470	14
5471	14
5472	14
5473	14
5474	14
5475	14
5476	14
5477	14
5478	14
5479	14
5480	14
5481	14
5482	14
5483	14
5484	14
5485	14
5486	14
5487	14
5488	14
5489	14
5490	14
5491	14
5492	14
5493	14
5494	14
5495	14
5496	14
5497	14
5498	14
5499	14
5500	14
5501	14
5502	14
5503	14
5504	14
5505	14
5506	14
5507	14
5508	14
5509	14
5510	14
5511	14
5512	14
5513	14
5514	14
5515	14
5516	14
5517	14
5518	14
5519	14
5520	14
5521	14
5522	14
5523	14
5524	14
5525	14
5526	14
5527	14
5528	14
5529	14
5530	14
5531	14
5532	14
5533	14
5534	14
5535	14
5536	14
5537	14
5538	14
5539	14
5540	14
5541	14
5542	14
5543	14
5544	14
5545	14
5546	14
5547	14
5548	14
5549	14
5550	14
5551	14
5552	14
5553	14
5554	14
5555	14
5556	14
5557	14
5558	14
5559	14
5560	14
5561	14
5562	14
5563	14
5564	14
5565	14
5566	14
5567	14
5568	14
5569	14
5570	14
5571	14
5572	14
5573	14
5574	14
5575	14
5576	14
5577	14
5578	14
5579	14
5580	14
5581	14
5582	14
5583	14
5584	14
5585	14
5586	14
5587	14
5588	14
5589	14
5590	14
5591	14
5592	14
5593	14
5594	14
5595	14
5596	14
5597	14
5598	14
5599	14
5600	14
5601	14
5602	14
5603	14
5604	14
5605	14
5606	14
5607	14
5608	14
5609	14
5610	14
5611	14
5612	14
5613	14
5614	14
5615	14
5616	14
5617	14
5618	14
5619	14
5620	14
5621	14
5622	14
5623	14
5624	14
5625	14
5626	14
5627	14
5628	14
5629	14
5630	14
5631	14
5632	14
5633	14
5634	14
5635	14
5636	14
5637	14
5638	14
5639	14
5640	14
5641	14
5642	14
5643	14
5644	14
5645	14
5646	14
5647	14
5648	14
5649	14
5650	14
5651	14
5652	14
5653	14
5654	14
5655	14
5656	14
5657	14
5658	14
5659	14
5660	14
5661	14
5662	14
5663	14
5664	14
5665	14
5666	14
5667	14
5668	14
5669	14
5670	14
5671	14
5672	14
5673	14
5674	14
5675	14
5676	14
5677	14
5678	14
5679	14
5680	14
5681	14
5682	14
5683	14
5684	14
5685	14
5686	14
5687	14
5688	14
5689	14
5690	14
5691	14
5692	14
5693	14
5694	14
5695	14
5696	14
5697	14
5698	14
5699	14
5700	14
5701	14
5702	14
5703	14
5704	14
5705	14
5706	14
5707	14
5708	14
5709	14
5710	14
5711	14
5712	14
5713	14
5714	14
5715	14
5716	14
5717	14
5718	14
5719	14
5720	14
5721	14
5722	14
5723	14
5724	14
5725	14
5726	14
5727	14
5728	14
5729	14
5730	14
5731	14
5732	14
5733	14
5734	14
5735	14
5736	14
5737	14
5738	14
5739	14
5740	14
5741	14
5742	14
5743	14
5744	14
5745	14
5746	14
5747	14
5748	14
5749	14
5750	14
5751	14
5752	14
5753	14
5754	14
5755	14
5756	14
5757	14
5758	14
5759	14
5760	14
5761	14
5762	14
5763	14
5764	14
5765	14
5766	14
5767	14
5768	14
5769	14
5770	14
5771	14
5772	14
5773	14
5774	14
5775	14
5776	14
5777	14
5778	14
5779	14
5780	14
5781	14
5782	14
5783	14
5784	14
5785	14
5786	14
5787	14
5788	14
5789	14
5790	14
5791	14
5792	14
5793	14
5794	14
5795	14
5796	14
5797	14
5798	14
5799	14
5800	14
5801	14
5802	14
5803	14
5804	14
5805	14
5806	14
5807	14
5808	14
5809	14
5810	14
5811	14
5812	14
5813	14
5814	14
5815	14
5816	14
5817	14
5818	14
5819	14
5820	14
5821	14
5822	14
5823	14
5824	14
5825	14
5826	14
5827	14
5828	14
5829	14
5830	14
5831	14
5832	14
5833	14
5834	14
5835	14
5836	14
5837	14
5838	14
5839	14
5840	14
5841	14
5842	14
5843	14
5844	14
5845	14
5846	14
5847	14
5848	14
5849	14
5850	14
5851	14
5852	14
5853	14
5854	14
5855	14
5856	14
5857	14
5858	14
5859	14
5860	14
5861	14
5862	14
5863	15
5864	15
5865	15
5866	15
5867	15
5868	15
5869	15
5870	15
5871	15
5872	15
5873	15
5874	15
5875	15
5876	15
5877	15
5878	15
5879	15
5880	15
5881	15
5882	15
5883	15
5884	15
5885	15
5886	15
5887	15
5888	15
5889	15
5890	15
5891	15
5892	15
5893	15
5894	15
5895	15
5896	15
5897	15
5898	15
5899	15
5900	15
5901	15
5902	15
5903	15
5904	15
5905	15
5906	15
5907	15
5908	15
5909	15
5910	15
5911	15
5912	15
5913	15
5914	15
5915	15
5916	15
5917	15
5918	15
5919	15
5920	15
5921	15
5922	15
5923	15
5924	15
5925	15
5926	15
5927	15
5928	15
5929	15
5930	15
5931	15
5932	15
5933	15
5934	15
5935	15
5936	15
5937	15
5938	15
5939	15
5940	15
5941	15
5942	15
5943	15
5944	15
5945	15
5946	15
5947	15
5948	15
5949	15
5950	15
5951	15
5952	15
5953	15
5954	15
5955	15
5956	15
5957	15
5958	15
5959	15
5960	15
5961	15
5962	15
5963	15
5964	15
5965	15
5966	15
5967	15
5968	15
5969	15
5970	15
5971	15
5972	15
5973	15
5974	15
5975	15
5976	15
5977	15
5978	15
5979	15
5980	15
5981	15
5982	15
5983	15
5984	15
5985	15
5986	15
5987	15
5988	15
5989	15
5990	15
5991	15
5992	15
5993	15
5994	15
5995	15
5996	15
5997	15
5998	15
5999	15
6000	15
6001	15
6002	15
6003	15
6004	15
6005	15
6006	15
6007	15
6008	15
6009	15
6010	15
6011	15
6012	15
6013	15
6014	15
6015	15
6016	15
6017	15
6018	15
6019	15
6020	15
6021	15
6022	15
6023	15
6024	15
6025	15
6026	15
6027	15
6028	15
6029	15
6030	15
6031	15
6032	15
6033	15
6034	15
6035	15
6036	15
6037	16
6038	16
6039	16
6040	16
6041	16
6042	16
6043	16
6044	16
6045	16
6046	16
6047	16
6048	16
6049	16
6050	16
6051	16
6052	16
6053	16
6054	16
6055	16
6056	16
6057	16
6058	16
6059	16
6060	16
6061	16
6062	16
6063	16
6064	16
6065	16
6066	16
6067	16
6068	16
6069	16
6070	16
6071	16
6072	16
6073	16
6074	16
6075	16
6076	16
6077	16
6078	16
6079	16
6080	16
6081	16
6082	16
6083	16
6084	16
6085	16
6086	16
6087	16
6088	16
6089	16
6090	16
6091	16
6092	16
6093	16
6094	16
6095	16
6096	16
6097	16
6098	16
6099	16
6100	16
6101	16
6102	16
6103	16
6104	16
6105	16
6106	16
6107	17
6108	17
6109	17
6110	17
6111	17
6112	17
6113	17
6114	17
6115	17
6116	17
6117	17
6118	17
6119	17
6120	17
6121	17
6122	17
6123	17
6124	17
6125	17
6126	17
6127	17
6128	17
6129	17
6130	17
6131	17
6132	17
6133	17
6134	17
6135	17
6136	17
6137	17
6138	17
6139	17
6140	17
6141	17
6142	17
6143	17
6144	17
6145	17
6146	17
6147	17
6148	17
6149	17
6150	17
6151	17
6152	17
6153	17
6154	17
6155	17
6156	17
6157	17
6158	17
6159	17
6160	17
6161	17
6162	17
6163	17
6164	17
6165	17
6166	17
6167	17
6168	17
6169	17
6170	17
6171	17
6172	17
6173	17
6174	17
6175	17
6176	17
6177	17
6178	17
6179	17
6180	17
6181	17
6182	17
6183	17
6184	17
6185	17
6186	17
6187	17
6188	17
6189	17
6190	17
6191	17
6192	17
6193	17
6194	17
6195	17
6196	17
6197	17
6198	17
6199	17
6200	17
6201	17
6202	17
6203	17
6204	17
6205	17
6206	17
6207	17
6208	17
6209	17
6210	17
6211	17
6212	17
6213	17
6214	17
6215	17
6216	17
6217	17
6218	17
6219	17
6220	17
6221	17
6222	17
6223	17
6224	17
6225	17
6226	17
6227	17
6228	17
6229	17
6230	17
6231	17
6232	17
6233	17
6234	17
6235	17
6236	17
6237	17
6238	17
6239	17
6240	17
6241	17
6242	17
6243	17
6244	17
6245	17
6246	17
6247	17
6248	17
6249	17
6250	17
6251	17
6252	17
6253	17
6254	17
6255	17
6256	17
6257	17
6258	17
6259	17
6260	17
6261	17
6262	17
6263	17
6264	17
6265	17
6266	17
6267	17
6268	17
6269	17
6270	17
6271	17
6272	17
6273	17
6274	17
6275	17
6276	17
6277	17
6278	17
6279	17
6280	17
6281	17
6282	17
6283	17
6284	17
6285	17
6286	17
6287	17
6288	17
6289	17
6290	17
6291	17
6292	17
6293	17
6294	17
6295	17
6296	17
6297	17
6298	17
6299	17
6300	17
6301	17
6302	17
6303	17
6304	17
6305	17
6306	17
6307	17
6308	17
6309	17
6310	17
6311	17
6312	17
6313	17
6314	17
6315	17
6316	17
6317	17
6318	17
6319	17
6320	17
6321	17
6322	17
6323	17
6324	17
6325	17
6326	17
6327	18
6328	18
6329	18
6330	18
6331	18
6332	18
6333	18
6334	18
6335	18
6336	18
6337	18
6338	18
6339	18
6340	18
6341	18
6342	18
6343	18
6344	18
6345	18
6346	18
6347	18
6348	18
6349	18
6350	18
6351	18
6352	18
6353	18
6354	18
6355	18
6356	18
6357	18
6358	18
6359	18
6360	18
6361	18
6362	18
6363	18
6364	18
6365	18
6366	18
6367	18
6368	18
6369	18
6370	18
6371	18
6372	18
6373	18
6374	18
6375	18
6376	18
6377	18
6378	18
6379	18
6380	18
6381	18
6382	18
6383	18
6384	18
6385	18
6386	18
6387	18
6388	18
6389	18
6390	18
6391	18
6392	18
6393	18
6394	18
6395	18
6396	18
6397	18
6398	18
6399	18
6400	18
6401	18
6402	18
6403	18
6404	18
6405	18
6406	18
6407	18
6408	18
6409	18
6410	18
6411	18
6412	18
6413	18
6414	18
6415	18
6416	18
6417	18
6418	18
6419	18
6420	18
6421	18
6422	18
6423	18
6424	18
6425	18
6426	18
6427	18
6428	18
6429	18
6430	18
6431	18
6432	18
6433	18
6434	18
6435	18
6436	18
6437	18
6438	18
6439	18
6440	18
6441	18
6442	18
6443	18
6444	18
6445	18
6446	18
6447	18
6448	18
6449	18
6450	18
6451	18
6452	18
6453	18
6454	18
6455	18
6456	18
6457	18
6458	18
6459	18
6460	18
6461	18
6462	18
6463	18
6464	18
6465	18
6466	18
6467	18
6468	18
6469	18
6470	18
6471	18
6472	18
6473	18
6474	18
6475	18
6476	18
6477	18
6478	18
6479	18
6480	18
6481	18
6482	18
6483	18
6484	18
6485	18
6486	18
6487	18
6488	18
6489	18
6490	18
6491	18
6492	18
6493	18
6494	18
6495	18
6496	18
6497	18
6498	18
6499	18
6500	18
6501	18
6502	18
6503	18
6504	18
6505	18
6506	18
6507	18
6508	18
6509	18
6510	18
6511	18
6512	18
6513	18
6514	18
6515	18
6516	18
6517	18
6518	18
6519	18
6520	18
6521	18
6522	18
6523	18
6524	18
6525	18
6526	18
6527	18
6528	18
6529	18
6530	18
6531	18
6532	18
6533	18
6534	18
6535	18
6536	18
6537	18
6538	18
6539	18
6540	18
6541	18
6542	18
6543	18
6544	18
6545	18
6546	18
6547	18
6548	18
6549	18
6550	18
6551	18
6552	18
6553	18
6554	18
6555	18
6556	18
6557	18
6558	18
6559	18
6560	18
6561	18
6562	18
6563	18
6564	18
6565	18
6566	18
6567	18
6568	18
6569	18
6570	18
6571	18
6572	18
6573	18
6574	18
6575	18
6576	18
6577	18
6578	18
6579	18
6580	18
6581	18
6582	18
6583	18
6584	18
6585	18
6586	18
6587	18
6588	18
6589	18
6590	18
6591	18
6592	18
6593	18
6594	18
6595	18
6596	18
6597	18
6598	18
6599	18
6600	18
6601	18
6602	18
6603	18
6604	18
6605	18
6606	18
6607	18
6608	18
6609	18
6610	18
6611	18
6612	18
6613	18
6614	18
6615	18
6616	18
6617	18
6618	18
6619	18
6620	18
6621	18
6622	18
6623	18
6624	18
6625	18
6626	18
6627	18
6628	18
6629	18
6630	18
6631	18
6632	18
6633	18
6634	18
6635	18
6636	18
6637	18
6638	18
6639	18
6640	18
6641	18
6642	18
6643	18
6644	18
6645	18
6646	18
6647	18
6648	18
6649	18
6650	18
6651	18
6652	18
6653	18
6654	18
6655	18
6656	18
6657	18
6658	18
6659	18
6660	18
6661	18
6662	18
6663	18
6664	18
6665	18
6666	18
6667	18
6668	18
6669	18
6670	18
6671	18
6672	18
6673	18
6674	18
6675	18
6676	18
6677	18
6678	18
6679	18
6680	18
6681	18
6682	18
6683	18
6684	18
6685	18
6686	18
6687	18
6688	18
6689	18
6690	18
6691	18
6692	18
6693	18
6694	18
6695	18
6696	18
6697	18
6698	18
6699	18
6700	18
6701	18
6702	18
6703	18
6704	18
6705	18
6706	18
6707	18
6708	18
6709	18
6710	18
6711	18
6712	18
6713	18
6714	18
6715	18
6716	18
6717	18
6718	18
6719	18
6720	18
6721	18
6722	18
6723	18
6724	18
6725	18
6726	18
6727	18
6728	18
6729	18
6730	18
6731	18
6732	18
6733	18
6734	18
6735	18
6736	18
6737	18
6738	18
6739	18
6740	18
6741	18
6742	18
6743	18
6744	18
6745	18
6746	18
6747	18
6748	18
6749	18
6750	18
6751	18
6752	18
6753	18
6754	18
6755	18
6756	18
6757	18
6758	18
6759	18
6760	18
6761	18
6762	18
6763	18
6764	18
6765	18
6766	18
6767	18
6768	18
6769	18
6770	18
6771	18
6772	18
6773	18
6774	18
6775	18
6776	18
6777	18
6778	18
6779	18
6780	18
6781	18
6782	18
6783	18
6784	18
6785	18
6786	18
6787	18
6788	18
6789	18
6790	18
6791	18
6792	18
6793	18
6794	18
6795	18
6796	18
6797	18
6798	18
6799	18
6800	18
6801	18
6802	18
6803	18
6804	18
6805	18
6806	18
6807	18
6808	18
6809	18
6810	18
6811	18
6812	18
6813	18
6814	18
6815	18
6816	18
6817	18
6818	18
6819	18
6820	18
6821	18
6822	18
6823	18
6824	18
6825	18
6826	18
6827	18
6828	18
6829	18
6830	18
6831	18
6832	18
6833	18
6834	18
6835	18
6836	18
6837	18
6838	18
6839	18
6840	18
6841	18
6842	18
6843	18
6844	18
6845	18
6846	18
6847	18
6848	18
6849	18
6850	18
6851	18
6852	18
6853	18
6854	18
6855	18
6856	18
6857	18
6858	18
6859	18
6860	18
6861	18
6862	18
6863	18
6864	18
6865	18
6866	18
6867	18
6868	18
6869	18
6870	18
6871	18
6872	18
6873	18
6874	18
6875	18
6876	18
6877	18
6878	18
6879	18
6880	18
6881	18
6882	18
6883	18
6884	18
6885	18
6886	18
6887	18
6888	18
6889	18
6890	18
6891	18
6892	18
6893	18
6894	18
6895	18
6896	18
6897	18
6898	18
6899	18
6900	18
6901	18
6902	18
6903	18
6904	18
6905	18
6906	18
6907	18
6908	18
6909	18
6910	18
6911	18
6912	18
6913	18
6914	18
6915	18
6916	18
6917	18
6918	18
6919	18
6920	18
6921	18
6922	18
6923	18
6924	18
6925	18
6926	18
6927	18
6928	18
6929	18
6930	18
6931	18
6932	18
6933	18
6934	18
6935	18
6936	18
6937	18
6938	18
6939	18
6940	18
6941	18
6942	18
6943	18
6944	18
6945	18
6946	18
6947	18
6948	18
6949	18
6950	18
6951	18
6952	18
6953	18
6954	18
6955	18
6956	18
6957	18
6958	18
6959	18
6960	18
6961	18
6962	18
6963	18
6964	18
6965	18
6966	18
6967	18
6968	18
6969	18
6970	18
6971	18
6972	18
6973	18
6974	18
6975	18
6976	18
6977	18
6978	18
6979	18
6980	18
6981	18
6982	18
6983	18
6984	18
6985	18
6986	18
6987	18
6988	18
6989	18
6990	18
6991	18
6992	18
6993	18
6994	18
6995	18
6996	18
6997	18
6998	18
6999	18
7000	18
7001	18
7002	18
7003	18
7004	18
7005	18
7006	18
7007	18
7008	18
7009	18
7010	18
7011	18
7012	18
7013	18
7014	18
7015	18
7016	18
7017	18
7018	18
7019	18
7020	18
7021	18
7022	18
7023	18
7024	18
7025	18
7026	18
7027	18
7028	18
7029	18
7030	18
7031	18
7032	18
7033	18
7034	18
7035	18
7036	18
7037	18
7038	18
7039	18
7040	18
7041	18
7042	18
7043	18
7044	18
7045	18
7046	18
7047	18
7048	18
7049	18
7050	18
7051	18
7052	18
7053	18
7054	18
7055	18
7056	18
7057	18
7058	18
7059	18
7060	18
7061	18
7062	18
7063	18
7064	18
7065	18
7066	18
7067	18
7068	18
7069	18
7070	18
7071	18
7072	18
7073	18
7074	18
7075	18
7076	18
7077	18
7078	18
7079	18
7080	18
7081	18
7082	18
7083	18
7084	18
7085	18
7086	18
7087	18
7088	18
7089	18
7090	18
7091	18
7092	18
7093	18
7094	18
7095	18
7096	18
7097	18
7098	18
7099	18
7100	18
7101	18
7102	18
7103	18
7104	18
7105	18
7106	18
7107	18
7108	18
7109	18
7110	18
7111	18
7112	18
7113	18
7114	18
7115	18
7116	18
7117	18
7118	18
7119	18
7120	18
7121	18
7122	18
7123	18
7124	18
7125	18
7126	18
7127	18
7128	18
7129	18
7130	18
7131	18
7132	18
7133	18
7134	18
7135	18
7136	18
7137	18
7138	18
7139	18
7140	18
7141	18
7142	18
7143	18
7144	18
7145	18
7146	18
7147	18
7148	18
7149	18
7150	18
7151	18
7152	18
7153	18
7154	18
7155	18
7156	18
7157	18
7158	18
7159	18
7160	18
7161	18
7162	18
7163	18
7164	18
7165	18
7166	18
7167	18
7168	18
7169	18
7170	18
7171	18
7172	18
7173	18
7174	18
7175	18
7176	18
7177	18
7178	18
7179	18
7180	18
7181	18
7182	18
7183	18
7184	18
7185	18
7186	18
7187	18
7188	18
7189	18
7190	18
7191	18
7192	18
7193	18
7194	18
7195	18
7196	18
7197	18
7198	18
7199	18
7200	18
7201	18
7202	18
7203	18
7204	18
7205	18
7206	18
7207	18
7208	18
7209	18
7210	18
7211	18
7212	18
7213	18
7214	18
7215	18
7216	18
7217	18
7218	18
7219	18
7220	18
7221	18
7222	18
7223	18
7224	18
7225	18
7226	18
7227	18
7228	18
7229	18
7230	18
7231	18
7232	18
7233	18
7234	18
7235	18
7236	18
7237	18
7238	18
7239	18
7240	18
7241	18
7242	18
7243	18
7244	18
7245	18
7246	18
7247	18
7248	18
7249	18
7250	18
7251	18
7252	18
7253	18
7254	18
7255	18
7256	18
7257	18
7258	18
7259	18
7260	18
7261	18
7262	18
7263	18
7264	18
7265	18
7266	18
7267	18
7268	18
7269	18
7270	18
7271	18
7272	18
7273	18
7274	18
7275	18
7276	18
7277	18
7278	18
7279	18
7280	18
7281	18
7282	18
7283	18
7284	18
7285	18
7286	18
7287	18
7288	18
7289	18
7290	18
7291	18
7292	18
7293	18
7294	18
7295	18
7296	18
7297	18
7298	18
7299	18
7300	18
7301	18
7302	18
7303	18
7304	18
7305	18
7306	18
7307	18
7308	18
7309	18
7310	18
7311	18
7312	18
7313	18
7314	18
7315	18
7316	18
7317	18
7318	18
7319	18
7320	18
7321	18
7322	18
7323	18
7324	18
7325	18
7326	18
7327	18
7328	18
7329	18
7330	18
7331	18
7332	18
7333	18
7334	18
7335	18
7336	18
7337	18
7338	18
7339	18
7340	18
7341	18
7342	18
7343	18
7344	18
7345	18
7346	18
7347	18
7348	18
7349	18
7350	18
7351	18
7352	18
7353	18
7354	18
7355	18
7356	18
7357	18
7358	18
7359	18
7360	18
7361	18
7362	18
7363	18
7364	18
7365	18
7366	18
7367	18
7368	18
7369	18
7370	18
7371	18
7372	18
7373	18
7374	18
7375	18
7376	18
7377	18
7378	18
7379	18
7380	18
7381	18
7382	18
7383	18
7384	18
7385	18
7386	18
7387	18
7388	18
7389	18
7390	18
7391	18
7392	18
7393	18
7394	18
7395	18
7396	18
7397	18
7398	18
7399	18
7400	18
7401	18
7402	18
7403	18
7404	18
7405	18
7406	18
7407	18
7408	18
7409	18
7410	18
7411	18
7412	18
7413	18
7414	18
7415	18
7416	18
7417	18
7418	18
7419	18
7420	18
7421	18
7422	18
7423	18
7424	18
7425	18
7426	18
7427	18
7428	18
7429	18
7430	18
7431	18
7432	18
7433	18
7434	18
7435	18
7436	18
7437	18
7438	18
7439	18
7440	18
7441	18
7442	18
7443	18
7444	18
7445	18
7446	18
7447	18
7448	18
7449	18
7450	18
7451	18
7452	18
7453	18
7454	18
7455	18
7456	18
7457	18
7458	18
7459	18
7460	18
7461	18
7462	18
7463	18
7464	18
7465	18
7466	18
7467	18
7468	18
7469	18
7470	18
7471	18
7472	18
7473	18
7474	18
7475	18
7476	18
7477	18
7478	18
7479	18
7480	18
7481	18
7482	18
7483	18
7484	18
7485	18
7486	18
7487	18
7488	18
7489	18
7490	18
7491	18
7492	18
7493	18
7494	18
7495	18
7496	18
7497	18
7498	18
7499	18
7500	18
7501	18
7502	18
7503	18
7504	18
7505	18
7506	18
7507	18
7508	18
7509	18
7510	18
7511	18
7512	18
7513	18
7514	18
7515	18
7516	18
7517	18
7518	18
7519	18
7520	18
7521	18
7522	18
7523	18
7524	18
7525	18
7526	18
7527	18
7528	18
7529	18
7530	18
7531	18
7532	18
7533	18
7534	18
7535	18
7536	18
7537	18
7538	18
7539	18
7540	18
7541	18
7542	18
7543	18
7544	18
7545	18
7546	18
7547	18
7548	18
7549	18
7550	18
7551	18
7552	18
7553	18
7554	18
7555	18
7556	18
7557	18
7558	18
7559	18
7560	18
7561	18
7562	18
7563	18
7564	18
7565	18
7566	18
7567	18
7568	18
7569	18
7570	18
7571	18
7572	18
7573	18
7574	18
7575	18
7576	18
7577	18
7578	18
7579	18
7580	18
7581	18
7582	18
7583	18
7584	18
7585	18
7586	18
7587	18
7588	18
7589	18
7590	18
7591	18
7592	18
7593	18
7594	18
7595	18
7596	18
7597	18
7598	18
7599	18
7600	18
7601	18
7602	18
7603	18
7604	18
7605	18
7606	18
7607	18
7608	18
7609	18
7610	18
7611	18
7612	18
7613	18
7614	18
7615	18
7616	18
7617	18
7618	18
7619	18
7620	18
7621	18
7622	18
7623	18
7624	18
7625	18
7626	18
7627	18
7628	18
7629	18
7630	18
7631	18
7632	18
7633	18
7634	18
7635	18
7636	18
7637	18
7638	18
7639	18
7640	18
7641	18
7642	18
7643	18
7644	18
7645	18
7646	18
7647	18
7648	18
7649	18
7650	18
7651	18
7652	18
7653	18
7654	18
7655	18
7656	18
7657	18
7658	18
7659	18
7660	18
7661	18
7662	18
7663	18
7664	18
7665	18
7666	18
7667	18
7668	18
7669	18
7670	18
7671	18
7672	18
7673	18
7674	18
7675	18
7676	18
7677	18
7678	18
7679	18
7680	18
7681	18
7682	18
7683	18
7684	18
7685	18
7686	18
7687	18
7688	18
7689	18
7690	18
7691	18
7692	18
7693	18
7694	18
7695	18
7696	18
7697	18
7698	18
7699	18
7700	18
7701	18
7702	18
7703	18
7704	18
7705	18
7706	18
7707	18
7708	18
7709	18
7710	18
7711	18
7712	18
7713	18
7714	18
7715	18
7716	18
7717	18
7718	18
7719	18
7720	18
7721	18
7722	18
7723	18
7724	18
7725	18
7726	18
7727	18
7728	18
7729	18
7730	18
7731	18
7732	18
7733	18
7734	18
7735	18
7736	18
7737	18
7738	18
7739	18
7740	18
7741	18
7742	18
7743	18
7744	18
7745	18
7746	18
7747	18
7748	18
7749	18
7750	18
7751	18
7752	18
7753	18
7754	18
7755	18
7756	18
7757	18
7758	18
7759	18
7760	18
7761	18
7762	18
7763	18
7764	18
7765	18
7766	18
7767	18
7768	18
7769	18
7770	18
7771	18
7772	18
7773	18
7774	18
7775	18
7776	18
7777	18
7778	18
7779	18
7780	18
7781	18
7782	18
7783	18
7784	18
7785	18
7786	18
7787	18
7788	18
7789	18
7790	18
7791	18
7792	18
7793	18
7794	18
7795	18
7796	18
7797	18
7798	18
7799	18
7800	18
7801	18
7802	18
7803	18
7804	18
7805	18
7806	18
7807	18
7808	18
7809	18
7810	18
7811	18
7812	18
7813	18
7814	18
7815	18
7816	18
7817	18
7818	18
7819	18
7820	18
7821	18
7822	18
7823	18
7824	18
7825	18
7826	18
7827	18
7828	18
7829	18
7830	18
7831	18
7832	18
7833	18
7834	18
7835	18
7836	18
7837	18
7838	18
7839	18
7840	18
7841	18
7842	18
7843	18
7844	18
7845	18
7846	18
7847	18
7848	18
7849	18
7850	18
7851	18
7852	18
7853	18
7854	18
7855	18
7856	18
7857	18
7858	18
7859	18
7860	18
7861	18
7862	18
7863	18
7864	18
7865	18
7866	18
7867	18
7868	18
7869	18
7870	18
7871	18
7872	18
7873	18
7874	18
7875	18
7876	18
7877	18
7878	18
7879	18
7880	18
7881	18
7882	18
7883	18
7884	18
7885	18
7886	18
7887	18
7888	18
7889	18
7890	18
7891	18
7892	18
7893	18
7894	18
7895	18
7896	18
7897	18
7898	18
7899	18
7900	18
7901	18
7902	18
7903	18
7904	18
7905	18
7906	18
7907	18
7908	18
7909	18
7910	18
7911	18
7912	18
7913	18
7914	18
7915	18
7916	18
7917	18
7918	18
7919	18
7920	18
7921	18
7922	18
7923	18
7924	18
7925	18
7926	18
7927	18
7928	18
7929	18
7930	18
7931	18
7932	18
7933	18
7934	18
7935	18
7936	18
7937	18
7938	18
7939	18
7940	18
7941	18
7942	18
7943	18
7944	18
7945	18
7946	18
7947	18
7948	18
7949	18
7950	18
7951	18
7952	18
7953	18
7954	18
7955	18
7956	18
7957	18
7958	18
7959	18
7960	18
7961	18
7962	18
7963	18
7964	18
7965	18
7966	18
7967	18
7968	18
7969	18
7970	18
7971	18
7972	18
7973	18
7974	18
7975	18
7976	18
7977	18
7978	18
7979	18
7980	18
7981	18
7982	18
7983	18
7984	18
7985	18
7986	18
7987	18
7988	18
7989	18
7990	18
7991	18
7992	18
7993	18
7994	18
7995	18
7996	18
7997	18
7998	18
7999	18
8000	18
8001	19
8002	19
8003	19
8004	19
8005	19
8006	19
8007	19
8008	20
8009	20
8010	20
8011	20
8012	20
8013	20
8014	20
8015	20
8016	20
8017	20
8018	20
8019	20
8020	20
8021	20
8022	20
8023	20
8024	20
8025	20
8026	20
8027	20
8028	20
8029	20
8030	20
8031	20
8032	20
8033	20
8034	20
8035	20
8036	20
8037	20
8038	20
8039	20
8040	20
8041	20
8042	20
8043	20
8044	20
8045	20
8046	20
8047	20
8048	20
8049	20
8050	20
8051	20
8052	20
8053	20
8054	20
8055	20
8056	20
8057	20
8058	20
8059	20
8060	20
8061	20
8062	20
8063	20
8064	20
8065	20
8066	20
8067	20
8068	20
8069	20
8070	20
8071	20
8072	20
8073	20
8074	20
8075	20
8076	20
8077	20
8078	20
8079	20
8080	20
8081	20
8082	20
8083	20
8084	20
8085	20
8086	20
8087	20
8088	20
8089	20
8090	20
8091	20
8092	20
8093	20
8094	20
8095	20
8096	20
8097	20
8098	20
8099	20
8100	20
8101	20
8102	20
8103	20
8104	20
8105	20
8106	20
8107	20
8108	20
8109	20
8110	20
8111	20
8112	20
8113	20
8114	20
8115	20
8116	20
8117	20
8118	20
8119	20
8120	20
8121	20
8122	20
8123	20
8124	20
8125	20
8126	20
8127	20
8128	20
8129	20
8130	20
8131	20
8132	20
8133	20
8134	20
8135	20
8136	20
8137	20
8138	20
8139	20
8140	20
8141	20
8142	20
8143	20
8144	20
8145	20
8146	20
8147	20
8148	20
8149	20
8150	21
8151	21
8152	21
8153	21
8154	21
8155	21
8156	21
8157	21
8158	21
8159	21
8160	21
8161	21
8162	21
8163	21
8164	21
8165	21
8166	21
8167	21
8168	21
8169	21
8170	21
8171	21
8172	21
8173	21
8174	21
8175	21
8176	21
8177	21
8178	21
8179	21
8180	21
8181	21
8182	21
8183	21
8184	21
8185	21
8186	21
8187	21
8188	21
8189	21
8190	21
8191	21
8192	21
8193	21
8194	21
8195	21
8196	21
8197	21
8198	21
8199	21
8200	21
8201	21
8202	21
8203	21
8204	21
8205	21
8206	21
8207	21
8208	21
8209	21
8210	21
8211	21
8212	21
8213	21
8214	21
8215	21
8216	21
8217	21
8218	21
8219	21
8220	21
8221	21
8222	21
8223	21
8224	21
8225	21
8226	21
8227	21
8228	21
8229	21
8230	21
8231	21
8232	21
8233	21
8234	21
8235	21
8236	21
8237	21
8238	21
8239	21
8240	21
8241	21
8242	21
8243	21
8244	21
8245	21
8246	21
8247	21
8248	21
8249	21
8250	21
8251	21
8252	21
8253	21
8254	21
8255	21
8256	21
8257	21
8258	21
8259	21
8260	21
8261	21
8262	21
8263	21
8264	21
8265	21
8266	21
8267	21
8268	21
8269	21
8270	21
8271	21
8272	21
8273	21
8274	21
8275	21
8276	21
8277	21
8278	21
8279	21
8280	21
8281	21
8282	21
8283	21
8284	21
8285	21
8286	21
8287	21
8288	21
8289	21
8290	21
8291	21
8292	21
8293	21
8294	21
8295	21
8296	21
8297	21
8298	21
8299	21
8300	21
8301	21
8302	21
8303	21
8304	21
8305	21
8306	21
8307	21
8308	21
8309	21
8310	21
8311	21
8312	21
8313	21
8314	21
8315	21
8316	21
8317	21
8318	21
8319	21
8320	21
8321	21
8322	21
8323	21
8324	21
8325	21
8326	21
8327	21
8328	21
8329	21
8330	21
8331	21
8332	21
8333	21
8334	21
8335	21
8336	21
8337	21
8338	21
8339	21
8340	21
8341	21
8342	21
8343	21
8344	21
8345	21
8346	21
8347	21
8348	21
8349	21
8350	21
8351	21
8352	21
8353	21
8354	21
8355	21
8356	21
8357	21
8358	21
8359	21
8360	21
8361	21
8362	21
8363	21
8364	21
8365	21
8366	21
8367	21
8368	21
8369	21
8370	22
8371	22
8372	22
8373	22
8374	22
8375	22
8376	22
8377	22
8378	22
8379	22
8380	22
8381	22
8382	22
8383	22
8384	22
8385	22
8386	22
8387	22
8388	22
8389	22
8390	22
8391	22
8392	22
8393	22
8394	22
8395	22
8396	22
8397	22
8398	22
8399	22
8400	22
8401	22
8402	22
8403	22
8404	22
8405	22
8406	22
8407	22
8408	22
8409	22
8410	22
8411	22
8412	22
8413	22
8414	22
8415	22
8416	22
8417	22
8418	22
8419	22
8420	22
8421	22
8422	22
8423	22
8424	22
8425	22
8426	22
8427	22
8428	22
8429	22
8430	22
8431	22
8432	22
8433	22
8434	22
8435	22
8436	22
8437	22
8438	22
8439	22
8440	22
8441	22
8442	22
8443	22
8444	22
8445	22
8446	22
8447	22
8448	22
8449	22
8450	22
8451	22
8452	22
8453	22
8454	22
8455	22
8456	22
8457	22
8458	22
8459	22
8460	22
8461	22
8462	22
8463	22
8464	22
8465	22
8466	22
8467	22
8468	22
8469	22
8470	22
8471	22
8472	22
8473	22
8474	22
8475	22
8476	22
8477	22
8478	22
8479	22
8480	22
8481	22
8482	22
8483	22
8484	22
8485	22
8486	22
8487	22
8488	22
8489	22
8490	22
8491	22
8492	22
8493	22
8494	22
8495	22
8496	22
8497	22
8498	22
8499	22
8500	22
8501	22
8502	22
8503	22
8504	22
8505	22
8506	22
8507	22
8508	22
8509	22
8510	22
8511	22
8512	22
8513	22
8514	22
8515	22
8516	22
8517	22
8518	22
8519	22
8520	22
8521	22
8522	22
8523	22
8524	22
8525	22
8526	22
8527	22
8528	22
8529	22
8530	22
8531	22
8532	22
8533	22
8534	22
8535	22
8536	22
8537	22
8538	22
8539	22
8540	22
8541	22
8542	22
8543	22
8544	22
8545	22
8546	22
8547	22
8548	22
8549	22
8550	22
8551	22
8552	22
8553	22
8554	22
8555	22
8556	22
8557	22
8558	22
8559	22
8560	22
8561	22
8562	22
8563	22
8564	22
8565	22
8566	22
8567	22
8568	22
8569	22
8570	22
8571	22
8572	22
8573	22
8574	22
8575	22
8576	22
8577	22
8578	22
8579	22
8580	22
8581	22
8582	22
8583	22
8584	22
8585	22
8586	22
8587	22
8588	22
8589	22
8590	22
8591	22
8592	22
8593	22
8594	22
8595	22
8596	22
8597	22
8598	22
8599	22
8600	22
8601	22
8602	22
8603	22
8604	22
8605	22
8606	22
8607	22
8608	22
8609	22
8610	22
8611	22
8612	22
8613	22
8614	22
8615	22
8616	22
8617	22
8618	22
8619	22
8620	22
8621	22
8622	22
8623	22
8624	22
8625	22
8626	22
8627	22
8628	22
8629	22
8630	22
8631	22
8632	22
8633	22
8634	22
8635	22
8636	22
8637	22
8638	22
8639	22
8640	22
8641	22
8642	22
8643	22
8644	22
8645	22
8646	22
8647	22
8648	22
8649	22
8650	22
8651	22
8652	22
8653	22
8654	22
8655	22
8656	22
8657	22
8658	22
8659	22
8660	22
8661	22
8662	22
8663	22
8664	22
8665	22
8666	22
8667	22
8668	22
8669	22
8670	22
8671	22
8672	22
8673	22
8674	22
8675	22
8676	22
8677	22
8678	22
8679	22
8680	22
8681	22
8682	22
8683	22
8684	22
8685	22
8686	22
8687	22
8688	22
8689	22
8690	22
8691	23
8692	23
8693	23
8694	23
8695	23
8696	23
8697	23
8698	23
8699	23
8700	23
8701	23
8702	23
8703	23
8704	23
8705	23
8706	23
8707	23
8708	23
8709	23
8710	23
8711	23
8712	23
8713	23
8714	23
8715	23
8716	23
8717	23
8718	23
8719	23
8720	23
8721	23
8722	23
8723	23
8724	23
8725	23
8726	23
8727	23
8728	23
8729	23
8730	23
8731	23
8732	23
8733	23
8734	23
8735	23
8736	23
8737	23
8738	23
8739	23
8740	23
8741	23
8742	23
8743	23
8744	23
8745	23
8746	23
8747	23
8748	24
8749	24
8750	24
8751	24
8752	24
8753	24
8754	24
8755	24
8756	24
8757	24
8758	24
8759	24
8760	24
8761	24
8762	24
8763	24
8764	24
8765	24
8766	24
8767	24
8768	24
8769	24
8770	24
8771	24
8772	24
8773	24
8774	24
8775	24
8776	24
8777	24
8778	24
8779	24
8780	24
8781	24
8782	24
8783	24
8784	24
8785	24
8786	24
8787	24
8788	24
8789	24
8790	24
8791	24
8792	24
8793	24
8794	24
8795	24
8796	24
8797	24
8798	24
8799	24
8800	24
8801	24
8802	24
8803	24
8804	24
8805	24
8806	24
8807	24
8808	24
8809	24
8810	24
8811	24
8812	24
8813	24
8814	24
8815	24
8816	24
8817	24
8818	24
8819	24
8820	24
8821	24
8822	24
8823	24
8824	24
8825	25
8826	25
8827	25
8828	25
8829	25
8830	25
8831	25
8832	25
8833	25
8834	25
8835	25
8836	25
8837	25
8838	25
8839	25
8840	25
8841	25
8842	25
8843	25
8844	25
8845	25
8846	25
8847	25
8848	25
8849	25
8850	25
8851	25
8852	25
8853	25
8854	25
8855	25
8856	25
8857	25
8858	25
8859	25
8860	25
8861	25
8862	25
8863	25
8864	25
8865	25
8866	25
8867	25
8868	25
8869	26
8870	26
8871	26
8872	27
8873	27
8874	27
8875	27
8876	27
8877	27
8878	27
8879	27
8880	27
8881	27
8882	27
8883	27
8884	27
8885	27
8886	27
8887	27
8888	27
8889	27
8890	27
8891	27
8892	27
8893	27
8894	27
8895	27
8896	27
8897	27
8898	27
8899	27
8900	27
8901	27
8902	27
8903	27
8904	27
8905	27
8906	27
8907	27
8908	27
8909	27
8910	27
8911	27
8912	27
8913	27
8914	27
8915	27
8916	27
8917	27
8918	27
8919	27
8920	27
8921	27
8922	27
8923	27
8924	27
8925	27
8926	27
8927	27
8928	27
8929	27
8930	27
8931	27
8932	27
8933	27
8934	27
8935	27
8936	27
8937	27
8938	27
8939	27
8940	27
8941	27
8942	27
8943	27
8944	27
8945	27
8946	27
8947	27
8948	27
8949	27
8950	27
8951	27
8952	27
8953	27
8954	27
8955	27
8956	27
8957	27
8958	27
8959	27
8960	27
8961	27
8962	27
8963	27
8964	27
8965	27
8966	27
8967	27
8968	27
8969	27
8970	27
8971	27
8972	27
8973	27
8974	27
8975	27
8976	27
8977	27
8978	27
8979	27
8980	27
8981	27
8982	27
8983	27
8984	27
8985	27
8986	27
8987	27
8988	27
8989	27
8990	27
8991	27
8992	27
8993	27
8994	27
8995	27
8996	27
8997	27
8998	27
8999	27
9000	27
9001	27
9002	27
9003	27
9004	27
9005	27
9006	27
9007	27
9008	27
9009	27
9010	27
9011	27
9012	27
9013	27
9014	27
9015	27
9016	27
9017	27
9018	27
9019	27
9020	27
9021	27
9022	27
9023	27
9024	27
9025	27
9026	27
9027	27
9028	27
9029	27
9030	27
9031	27
9032	27
9033	27
9034	27
9035	27
9036	27
9037	27
9038	27
9039	27
9040	27
9041	27
9042	27
9043	27
9044	27
9045	27
9046	27
9047	27
9048	27
9049	27
9050	27
9051	27
9052	27
9053	27
9054	27
9055	27
9056	27
9057	27
9058	27
9059	27
9060	27
9061	27
9062	27
9063	27
9064	27
9065	27
9066	27
9067	27
9068	27
9069	27
9070	27
9071	27
9072	27
9073	27
9074	27
9075	27
9076	28
9077	28
9078	28
9079	28
9080	28
9081	28
9082	28
9083	28
9084	28
9085	28
9086	28
9087	28
9088	28
9089	28
9090	28
9091	28
9092	28
9093	28
9094	28
9095	28
9096	28
9097	28
9098	28
9099	28
9100	28
9101	28
9102	28
9103	28
9104	28
9105	28
9106	28
9107	28
9108	28
9109	28
9110	28
9111	28
9112	28
9113	28
9114	28
9115	28
9116	28
9117	28
9118	28
9119	28
9120	28
9121	28
9122	28
9123	28
9124	28
9125	28
9126	28
9127	28
9128	28
9129	28
9130	28
9131	28
9132	28
9133	28
9134	28
9135	28
9136	28
9137	28
9138	28
9139	28
9140	28
9141	28
9142	28
9143	28
9144	28
9145	28
9146	28
9147	28
9148	28
9149	28
9150	28
9151	28
9152	28
9153	28
9154	28
9155	28
9156	28
9157	28
9158	28
9159	28
9160	28
9161	28
9162	28
9163	28
9164	28
9165	28
9166	28
9167	28
9168	28
9169	28
9170	28
9171	28
9172	28
9173	28
9174	28
9175	28
9176	28
9177	28
9178	28
9179	28
9180	28
9181	28
9182	28
9183	28
9184	28
9185	28
9186	28
9187	28
9188	28
9189	28
9190	28
9191	28
9192	28
9193	28
9194	28
9195	28
9196	28
9197	28
9198	28
9199	28
9200	28
9201	28
9202	28
9203	28
9204	28
9205	28
9206	28
9207	28
9208	28
9209	28
9210	28
9211	28
9212	28
9213	28
9214	28
9215	28
9216	28
9217	28
9218	28
9219	28
9220	28
9221	28
9222	28
9223	28
9224	28
9225	28
9226	28
9227	28
9228	28
9229	28
9230	28
9231	28
9232	28
9233	28
9234	28
9235	28
9236	28
9237	28
9238	28
9239	28
9240	28
9241	28
9242	28
9243	28
9244	29
9245	29
9246	29
9247	29
9248	29
9249	29
9250	29
9251	29
9252	29
9253	29
9254	29
9255	29
9256	29
9257	29
9258	29
9259	29
9260	29
9261	29
9262	29
9263	29
9264	29
9265	29
9266	29
9267	29
9268	29
9269	29
9270	29
9271	29
9272	29
9273	29
9274	29
9275	29
9276	29
9277	29
9278	29
9279	29
9280	29
9281	29
9282	29
9283	29
9284	29
9285	29
9286	29
9287	29
9288	29
9289	29
9290	29
9291	29
9292	29
9293	29
9294	29
9295	29
9296	29
9297	29
9298	29
9299	29
9300	29
9301	29
9302	29
9303	29
9304	29
9305	29
9306	29
9307	29
9308	29
9309	29
9310	29
9311	29
9312	29
9313	29
9314	29
9315	29
9316	29
9317	29
9318	29
9319	29
9320	29
9321	29
9322	29
9323	29
9324	29
9325	29
9326	29
9327	29
9328	29
9329	29
9330	29
9331	29
9332	29
9333	29
9334	29
9335	29
9336	29
9337	29
9338	29
9339	29
9340	29
9341	29
9342	29
9343	29
9344	29
9345	29
9346	29
9347	29
9348	29
9349	29
9350	29
9351	29
9352	29
9353	29
9354	29
9355	29
9356	29
9357	29
9358	29
9359	29
9360	29
9361	29
9362	29
9363	29
9364	29
9365	29
9366	29
9367	29
9368	29
9369	29
9370	29
9371	29
9372	29
9373	29
9374	29
9375	29
9376	29
9377	29
9378	29
9379	29
9380	29
9381	29
9382	29
9383	29
9384	29
9385	29
9386	29
9387	29
9388	29
9389	29
9390	29
9391	29
9392	29
9393	29
9394	29
9395	29
9396	29
9397	29
9398	29
9399	29
9400	29
9401	29
9402	29
9403	29
9404	29
9405	29
9406	29
9407	29
9408	29
9409	29
9410	29
9411	29
9412	29
9413	29
9414	29
9415	29
9416	29
9417	29
9418	29
9419	29
9420	29
9421	29
9422	29
9423	29
9424	29
9425	29
9426	29
9427	29
9428	29
9429	29
9430	29
9431	29
9432	29
9433	29
9434	29
9435	29
9436	29
9437	29
9438	29
9439	29
9440	29
9441	29
9442	29
9443	29
9444	29
9445	29
9446	29
9447	29
9448	29
9449	29
9450	29
9451	29
9452	29
9453	29
9454	29
9455	29
9456	29
9457	29
9458	29
9459	29
9460	29
9461	29
9462	29
9463	29
9464	29
9465	29
9466	29
9467	29
9468	29
9469	29
9470	29
9471	29
9472	29
9473	29
9474	29
9475	29
9476	29
9477	29
9478	29
9479	29
9480	29
9481	29
9482	29
9483	29
9484	29
9485	29
9486	29
9487	29
9488	29
9489	29
9490	29
9491	29
9492	29
9493	29
9494	29
9495	29
9496	29
9497	29
9498	29
9499	29
9500	29
9501	29
9502	29
9503	29
9504	29
9505	29
9506	29
9507	29
9508	29
9509	29
9510	29
9511	29
9512	29
9513	29
9514	29
9515	29
9516	29
9517	29
9518	29
9519	29
9520	29
9521	29
9522	29
9523	29
9524	29
9525	29
9526	29
9527	29
9528	29
9529	29
9530	29
9531	29
9532	29
9533	29
9534	29
9535	29
9536	29
9537	29
9538	29
9539	29
9540	29
9541	29
9542	29
9543	29
9544	29
9545	29
9546	29
9547	29
9548	29
9549	29
9550	29
9551	29
9552	29
9553	29
9554	29
9555	29
9556	29
9557	29
9558	29
9559	29
9560	29
9561	29
9562	29
9563	29
9564	29
9565	29
9566	29
9567	29
9568	29
9569	29
9570	29
9571	29
9572	29
9573	29
9574	29
9575	29
9576	29
9577	29
9578	29
9579	29
9580	29
9581	29
9582	29
9583	29
9584	29
9585	29
9586	29
9587	29
9588	29
9589	29
9590	29
9591	29
9592	29
9593	29
9594	29
9595	29
9596	29
9597	29
9598	29
9599	29
9600	29
9601	29
9602	29
9603	29
9604	29
9605	29
9606	29
9607	29
9608	29
9609	29
9610	29
9611	29
9612	29
9613	29
9614	29
9615	29
9616	29
9617	29
9618	29
9619	29
9620	29
9621	29
9622	29
9623	29
9624	29
9625	29
9626	29
9627	29
9628	29
9629	29
9630	29
9631	29
9632	29
9633	29
9634	29
9635	29
9636	29
9637	29
9638	29
9639	29
9640	29
9641	29
9642	29
9643	29
9644	29
9645	29
9646	29
9647	29
9648	29
9649	29
9650	29
9651	29
9652	29
9653	29
9654	29
9655	29
9656	29
9657	29
9658	29
9659	29
9660	29
9661	29
9662	29
9663	29
9664	29
9665	29
9666	29
9667	29
9668	29
9669	29
9670	29
9671	29
9672	29
9673	29
9674	29
9675	29
9676	29
9677	29
9678	29
9679	29
9680	29
9681	29
9682	29
9683	29
9684	29
9685	29
9686	29
9687	29
9688	29
9689	29
9690	29
9691	29
9692	29
9693	29
9694	29
9695	29
9696	29
9697	29
9698	29
9699	29
9700	29
9701	29
9702	29
9703	29
9704	29
9705	29
9706	29
9707	29
9708	29
9709	29
9710	29
9711	29
9712	29
9713	29
9714	29
9715	29
9716	29
9717	29
9718	29
9719	29
9720	29
9721	29
9722	29
9723	29
9724	29
9725	29
9726	29
9727	29
9728	29
9729	29
9730	29
9731	29
9732	29
9733	29
9734	29
9735	29
9736	29
9737	29
9738	29
9739	29
9740	29
9741	29
9742	29
9743	29
9744	29
9745	29
9746	29
9747	29
9748	29
9749	29
9750	29
9751	29
9752	29
9753	29
9754	29
9755	29
9756	29
9757	29
9758	29
9759	29
9760	29
9761	29
9762	29
9763	29
9764	29
9765	29
9766	29
9767	29
9768	29
9769	29
9770	29
9771	29
9772	29
9773	29
9774	29
9775	29
9776	29
9777	29
9778	29
9779	29
9780	29
9781	29
9782	29
9783	29
9784	29
9785	29
9786	29
9787	29
9788	29
9789	29
9790	29
9791	29
9792	29
9793	29
9794	29
9795	29
9796	29
9797	29
9798	29
9799	29
9800	29
9801	29
9802	29
9803	29
9804	29
9805	29
9806	29
9807	29
9808	29
9809	29
9810	29
9811	29
9812	29
9813	29
9814	29
9815	29
9816	29
9817	29
9818	29
9819	29
9820	29
9821	29
9822	29
9823	29
9824	29
9825	29
9826	29
9827	29
9828	29
9829	29
9830	29
9831	29
9832	29
9833	29
9834	29
9835	29
9836	29
9837	31
9838	31
9839	31
9840	31
9841	31
9842	31
9843	31
9844	31
9845	31
9846	31
9847	31
9848	31
9849	31
9850	31
9851	31
9852	31
9853	31
9854	31
9855	31
9856	31
9857	31
9858	31
9859	31
9860	31
9861	31
9862	31
9863	31
9864	31
9865	31
9866	31
9867	31
9868	31
9869	31
9870	31
9871	31
9872	32
9873	32
9874	32
9875	32
9876	32
9877	32
9878	32
9879	32
9880	32
9881	32
9882	32
9883	32
9884	32
9885	32
9886	32
9887	32
9888	32
9889	32
9890	32
9891	32
9892	32
9893	32
9894	32
9895	32
9896	32
9897	32
9898	32
9899	32
9900	32
9901	32
9902	32
9903	32
9904	32
9905	32
9906	32
9907	32
9908	32
9909	32
9910	32
9911	32
9912	32
9913	32
9914	32
9915	32
9916	32
9917	32
9918	32
9919	32
9920	32
9921	32
9922	32
9923	32
9924	32
9925	32
9926	32
9927	32
9928	32
9929	32
9930	32
9931	32
9932	32
9933	32
9934	32
9935	32
9936	32
9937	32
9938	32
9939	32
9940	32
9941	32
9942	32
9943	32
9944	32
9945	32
9946	32
9947	32
9948	32
9949	32
9950	32
9951	32
9952	32
9953	32
9954	32
9955	32
9956	32
9957	32
9958	32
9959	32
9960	32
9961	32
9962	32
9963	32
9964	32
9965	32
9966	32
9967	32
9968	32
9969	32
9970	32
9971	32
9972	32
9973	32
9974	32
9975	32
9976	32
9977	32
9978	32
9979	32
9980	32
9981	32
9982	32
9983	32
9984	32
9985	32
9986	32
9987	32
9988	32
9989	32
9990	32
9991	32
9992	32
9993	32
9994	32
9995	32
9996	32
9997	32
9998	32
9999	32
10000	32
