#Clock	ItemsCollected
1	0
2	0
3	0
4	0
5	0
6	0
7	0
8	0
9	0
10	0
11	0
12	0
13	0
14	0
15	0
16	0
17	0
18	0
19	0
20	0
21	0
22	0
23	0
24	0
25	0
26	0
27	0
28	0
29	0
30	0
31	0
32	0
33	0
34	0
35	0
36	0
37	0
38	0
39	0
40	0
41	0
42	0
43	0
44	0
45	0
46	0
47	0
48	0
49	0
50	0
51	0
52	0
53	0
54	0
55	0
56	0
57	0
58	0
59	0
60	0
61	0
62	0
63	0
64	0
65	0
66	0
67	0
68	0
69	0
70	0
71	0
72	0
73	0
74	0
75	0
76	0
77	0
78	0
79	0
80	0
81	0
82	0
83	0
84	0
85	0
86	0
87	0
88	0
89	0
90	0
91	0
92	0
93	0
94	0
95	0
96	0
97	0
98	0
99	0
100	0
101	0
102	0
103	0
104	0
105	0
106	0
107	0
108	0
109	0
110	0
111	0
112	0
113	0
114	0
115	0
116	0
117	0
118	0
119	0
120	0
121	0
122	0
123	0
124	0
125	0
126	0
127	0
128	0
129	0
130	0
131	0
132	0
133	0
134	0
135	0
136	0
137	0
138	0
139	0
140	0
141	0
142	0
143	0
144	0
145	0
146	0
147	0
148	0
149	0
150	0
151	0
152	0
153	0
154	0
155	0
156	0
157	0
158	0
159	0
160	0
161	0
162	0
163	0
164	0
165	0
166	0
167	0
168	0
169	0
170	0
171	0
172	0
173	0
174	0
175	0
176	0
177	0
178	0
179	0
180	0
181	0
182	0
183	0
184	0
185	0
186	0
187	0
188	0
189	0
190	0
191	0
192	0
193	0
194	0
195	0
196	0
197	0
198	0
199	0
200	0
201	0
202	0
203	0
204	0
205	0
206	0
207	0
208	0
209	0
210	0
211	0
212	0
213	0
214	0
215	0
216	0
217	0
218	0
219	0
220	0
221	0
222	0
223	0
224	0
225	0
226	0
227	0
228	0
229	0
230	0
231	0
232	0
233	0
234	0
235	0
236	0
237	0
238	0
239	0
240	0
241	0
242	0
243	0
244	0
245	0
246	0
247	0
248	0
249	0
250	0
251	0
252	0
253	0
254	0
255	0
256	0
257	0
258	0
259	0
260	0
261	0
262	0
263	0
264	0
265	0
266	0
267	0
268	0
269	0
270	0
271	0
272	0
273	0
274	0
275	0
276	0
277	0
278	0
279	0
280	0
281	0
282	0
283	0
284	0
285	0
286	0
287	0
288	0
289	0
290	0
291	0
292	0
293	0
294	0
295	0
296	0
297	0
298	0
299	0
300	0
301	0
302	0
303	0
304	0
305	0
306	0
307	0
308	0
309	0
310	0
311	0
312	0
313	0
314	0
315	0
316	0
317	0
318	0
319	0
320	0
321	0
322	0
323	0
324	0
325	0
326	0
327	0
328	0
329	0
330	0
331	0
332	0
333	0
334	0
335	0
336	0
337	0
338	0
339	0
340	0
341	0
342	0
343	0
344	0
345	0
346	0
347	0
348	0
349	0
350	0
351	0
352	0
353	0
354	0
355	0
356	0
357	0
358	0
359	0
360	0
361	0
362	0
363	0
364	0
365	0
366	0
367	0
368	0
369	0
370	0
371	0
372	0
373	0
374	0
375	0
376	0
377	0
378	0
379	0
380	0
381	0
382	0
383	0
384	0
385	0
386	0
387	0
388	0
389	0
390	0
391	0
392	0
393	0
394	0
395	0
396	0
397	0
398	0
399	0
400	0
401	0
402	0
403	0
404	0
405	0
406	0
407	0
408	0
409	0
410	0
411	0
412	0
413	0
414	0
415	0
416	0
417	0
418	0
419	0
420	0
421	0
422	0
423	0
424	0
425	0
426	0
427	0
428	0
429	0
430	0
431	0
432	0
433	0
434	0
435	0
436	0
437	0
438	0
439	0
440	0
441	0
442	0
443	0
444	0
445	0
446	0
447	0
448	0
449	0
450	0
451	0
452	0
453	0
454	0
455	0
456	0
457	0
458	0
459	0
460	0
461	0
462	0
463	0
464	0
465	0
466	0
467	0
468	0
469	0
470	0
471	0
472	0
473	0
474	0
475	0
476	0
477	0
478	0
479	0
480	0
481	0
482	0
483	0
484	0
485	0
486	0
487	0
488	0
489	0
490	0
491	0
492	0
493	0
494	0
495	0
496	0
497	0
498	0
499	0
500	0
501	0
502	0
503	0
504	0
505	0
506	0
507	0
508	0
509	0
510	0
511	0
512	0
513	0
514	0
515	0
516	0
517	0
518	0
519	0
520	0
521	0
522	0
523	0
524	0
525	0
526	0
527	0
528	0
529	0
530	0
531	0
532	0
533	0
534	0
535	0
536	0
537	0
538	0
539	0
540	0
541	0
542	0
543	0
544	0
545	0
546	0
547	0
548	0
549	0
550	0
551	0
552	0
553	0
554	0
555	0
556	0
557	0
558	0
559	0
560	0
561	0
562	0
563	0
564	0
565	0
566	0
567	0
568	0
569	0
570	0
571	0
572	0
573	0
574	0
575	0
576	0
577	0
578	0
579	0
580	0
581	0
582	0
583	0
584	0
585	0
586	0
587	0
588	0
589	0
590	0
591	0
592	0
593	0
594	0
595	0
596	0
597	0
598	0
599	0
600	0
601	0
602	0
603	0
604	0
605	0
606	0
607	0
608	0
609	0
610	0
611	0
612	0
613	0
614	0
615	0
616	0
617	0
618	0
619	0
620	0
621	0
622	0
623	0
624	0
625	0
626	0
627	0
628	0
629	0
630	0
631	0
632	0
633	0
634	0
635	0
636	0
637	0
638	0
639	0
640	0
641	0
642	0
643	0
644	0
645	0
646	0
647	0
648	0
649	0
650	0
651	0
652	0
653	0
654	0
655	0
656	0
657	0
658	0
659	0
660	0
661	0
662	0
663	0
664	0
665	0
666	0
667	0
668	0
669	0
670	0
671	0
672	0
673	0
674	0
675	0
676	0
677	0
678	0
679	0
680	0
681	0
682	0
683	0
684	0
685	0
686	0
687	0
688	0
689	0
690	0
691	0
692	0
693	0
694	0
695	0
696	0
697	0
698	0
699	0
700	0
701	0
702	0
703	0
704	0
705	0
706	0
707	0
708	0
709	0
710	0
711	0
712	0
713	0
714	0
715	0
716	0
717	0
718	0
719	0
720	0
721	0
722	0
723	0
724	0
725	0
726	0
727	0
728	0
729	0
730	0
731	0
732	0
733	0
734	0
735	0
736	0
737	0
738	0
739	0
740	0
741	0
742	0
743	0
744	0
745	0
746	0
747	0
748	0
749	0
750	0
751	0
752	0
753	0
754	0
755	0
756	0
757	0
758	0
759	0
760	0
761	0
762	0
763	0
764	0
765	0
766	0
767	0
768	0
769	0
770	0
771	0
772	0
773	0
774	0
775	0
776	0
777	0
778	0
779	0
780	0
781	0
782	0
783	0
784	0
785	0
786	0
787	0
788	0
789	0
790	0
791	0
792	0
793	0
794	0
795	0
796	0
797	0
798	0
799	0
800	0
801	0
802	0
803	0
804	0
805	0
806	0
807	0
808	0
809	0
810	0
811	0
812	0
813	0
814	0
815	0
816	0
817	0
818	0
819	0
820	0
821	0
822	0
823	0
824	0
825	0
826	0
827	0
828	0
829	0
830	0
831	0
832	0
833	0
834	0
835	0
836	0
837	0
838	0
839	0
840	0
841	0
842	0
843	0
844	0
845	0
846	0
847	0
848	0
849	0
850	0
851	0
852	0
853	0
854	0
855	0
856	0
857	0
858	0
859	0
860	0
861	0
862	0
863	0
864	0
865	0
866	0
867	0
868	0
869	0
870	0
871	0
872	0
873	0
874	0
875	0
876	0
877	0
878	0
879	0
880	0
881	0
882	0
883	0
884	0
885	0
886	0
887	0
888	0
889	0
890	0
891	0
892	0
893	0
894	0
895	0
896	0
897	0
898	0
899	0
900	0
901	0
902	0
903	0
904	0
905	0
906	0
907	0
908	0
909	0
910	0
911	0
912	0
913	0
914	0
915	0
916	0
917	0
918	0
919	0
920	0
921	0
922	0
923	0
924	0
925	0
926	0
927	0
928	0
929	0
930	0
931	0
932	0
933	0
934	0
935	0
936	0
937	0
938	0
939	0
940	0
941	0
942	0
943	0
944	0
945	0
946	0
947	0
948	0
949	0
950	0
951	0
952	0
953	0
954	0
955	0
956	0
957	0
958	0
959	0
960	0
961	0
962	0
963	0
964	0
965	0
966	0
967	0
968	0
969	0
970	0
971	0
972	0
973	0
974	0
975	0
976	0
977	0
978	0
979	0
980	0
981	0
982	0
983	0
984	0
985	0
986	0
987	0
988	0
989	0
990	0
991	0
992	0
993	0
994	0
995	0
996	0
997	0
998	0
999	0
1000	0
1001	0
1002	0
1003	0
1004	0
1005	0
1006	0
1007	0
1008	0
1009	0
1010	0
1011	0
1012	0
1013	0
1014	0
1015	0
1016	0
1017	0
1018	0
1019	0
1020	0
1021	0
1022	0
1023	0
1024	0
1025	0
1026	0
1027	0
1028	0
1029	0
1030	0
1031	0
1032	0
1033	0
1034	0
1035	0
1036	0
1037	0
1038	0
1039	0
1040	0
1041	0
1042	0
1043	0
1044	0
1045	0
1046	0
1047	0
1048	0
1049	0
1050	0
1051	0
1052	0
1053	0
1054	0
1055	0
1056	0
1057	0
1058	0
1059	0
1060	0
1061	0
1062	0
1063	0
1064	0
1065	0
1066	0
1067	0
1068	0
1069	0
1070	0
1071	0
1072	0
1073	0
1074	0
1075	0
1076	0
1077	0
1078	0
1079	0
1080	0
1081	0
1082	0
1083	0
1084	0
1085	0
1086	0
1087	0
1088	0
1089	0
1090	0
1091	0
1092	0
1093	0
1094	0
1095	0
1096	0
1097	0
1098	0
1099	0
1100	0
1101	0
1102	0
1103	0
1104	0
1105	0
1106	0
1107	0
1108	0
1109	0
1110	0
1111	0
1112	0
1113	0
1114	0
1115	0
1116	0
1117	0
1118	0
1119	0
1120	0
1121	0
1122	0
1123	0
1124	0
1125	0
1126	0
1127	0
1128	0
1129	0
1130	0
1131	0
1132	0
1133	0
1134	0
1135	0
1136	0
1137	0
1138	0
1139	0
1140	0
1141	0
1142	0
1143	0
1144	0
1145	0
1146	0
1147	0
1148	0
1149	0
1150	0
1151	0
1152	0
1153	0
1154	0
1155	0
1156	0
1157	0
1158	0
1159	0
1160	0
1161	0
1162	0
1163	0
1164	0
1165	0
1166	0
1167	0
1168	0
1169	0
1170	0
1171	0
1172	0
1173	0
1174	0
1175	0
1176	0
1177	0
1178	0
1179	0
1180	0
1181	0
1182	0
1183	0
1184	0
1185	0
1186	0
1187	0
1188	0
1189	0
1190	0
1191	0
1192	0
1193	0
1194	0
1195	0
1196	0
1197	0
1198	0
1199	0
1200	0
1201	0
1202	0
1203	0
1204	0
1205	0
1206	0
1207	0
1208	0
1209	0
1210	0
1211	0
1212	0
1213	0
1214	0
1215	0
1216	0
1217	0
1218	0
1219	0
1220	0
1221	0
1222	0
1223	0
1224	0
1225	0
1226	0
1227	0
1228	0
1229	0
1230	0
1231	0
1232	0
1233	0
1234	0
1235	0
1236	0
1237	0
1238	0
1239	0
1240	0
1241	0
1242	0
1243	0
1244	0
1245	0
1246	0
1247	0
1248	0
1249	0
1250	0
1251	0
1252	0
1253	0
1254	0
1255	0
1256	0
1257	0
1258	0
1259	0
1260	0
1261	0
1262	0
1263	0
1264	0
1265	0
1266	0
1267	0
1268	0
1269	0
1270	0
1271	0
1272	0
1273	0
1274	0
1275	0
1276	0
1277	0
1278	0
1279	0
1280	0
1281	0
1282	0
1283	0
1284	0
1285	0
1286	0
1287	0
1288	0
1289	0
1290	0
1291	0
1292	0
1293	0
1294	0
1295	0
1296	0
1297	0
1298	0
1299	0
1300	0
1301	0
1302	0
1303	0
1304	0
1305	0
1306	0
1307	0
1308	0
1309	0
1310	0
1311	0
1312	0
1313	0
1314	0
1315	0
1316	0
1317	0
1318	0
1319	0
1320	0
1321	0
1322	0
1323	0
1324	0
1325	0
1326	0
1327	0
1328	0
1329	0
1330	0
1331	0
1332	0
1333	0
1334	0
1335	0
1336	0
1337	0
1338	0
1339	0
1340	0
1341	0
1342	0
1343	0
1344	0
1345	0
1346	0
1347	0
1348	0
1349	0
1350	0
1351	0
1352	0
1353	0
1354	0
1355	0
1356	0
1357	0
1358	0
1359	0
1360	0
1361	0
1362	0
1363	0
1364	0
1365	0
1366	0
1367	0
1368	0
1369	0
1370	0
1371	0
1372	0
1373	0
1374	0
1375	0
1376	0
1377	0
1378	0
1379	0
1380	0
1381	0
1382	0
1383	0
1384	0
1385	0
1386	0
1387	0
1388	0
1389	0
1390	0
1391	0
1392	0
1393	0
1394	0
1395	0
1396	0
1397	0
1398	0
1399	0
1400	0
1401	0
1402	0
1403	0
1404	0
1405	0
1406	0
1407	0
1408	0
1409	0
1410	0
1411	0
1412	0
1413	0
1414	0
1415	0
1416	0
1417	0
1418	0
1419	0
1420	0
1421	0
1422	0
1423	0
1424	0
1425	0
1426	0
1427	0
1428	0
1429	0
1430	0
1431	0
1432	0
1433	0
1434	0
1435	0
1436	0
1437	0
1438	0
1439	0
1440	0
1441	0
1442	0
1443	0
1444	0
1445	0
1446	0
1447	0
1448	0
1449	0
1450	0
1451	0
1452	0
1453	0
1454	0
1455	0
1456	0
1457	0
1458	0
1459	0
1460	0
1461	0
1462	0
1463	0
1464	0
1465	0
1466	0
1467	0
1468	0
1469	0
1470	0
1471	0
1472	0
1473	0
1474	0
1475	0
1476	0
1477	0
1478	0
1479	0
1480	0
1481	0
1482	0
1483	0
1484	0
1485	0
1486	0
1487	0
1488	0
1489	0
1490	0
1491	0
1492	0
1493	0
1494	0
1495	0
1496	0
1497	0
1498	0
1499	0
1500	0
1501	0
1502	0
1503	0
1504	0
1505	0
1506	0
1507	0
1508	0
1509	0
1510	0
1511	0
1512	0
1513	0
1514	0
1515	0
1516	0
1517	0
1518	0
1519	0
1520	0
1521	0
1522	0
1523	0
1524	0
1525	0
1526	0
1527	0
1528	0
1529	0
1530	0
1531	0
1532	0
1533	0
1534	0
1535	0
1536	0
1537	0
1538	0
1539	0
1540	0
1541	0
1542	0
1543	0
1544	0
1545	0
1546	0
1547	0
1548	0
1549	0
1550	0
1551	0
1552	0
1553	0
1554	0
1555	0
1556	0
1557	0
1558	0
1559	0
1560	0
1561	0
1562	0
1563	0
1564	0
1565	0
1566	0
1567	0
1568	0
1569	0
1570	0
1571	0
1572	0
1573	0
1574	0
1575	0
1576	0
1577	0
1578	0
1579	0
1580	0
1581	0
1582	0
1583	0
1584	0
1585	0
1586	0
1587	0
1588	0
1589	0
1590	0
1591	0
1592	0
1593	0
1594	0
1595	0
1596	0
1597	0
1598	0
1599	0
1600	0
1601	0
1602	0
1603	0
1604	0
1605	0
1606	0
1607	0
1608	0
1609	0
1610	0
1611	0
1612	0
1613	0
1614	0
1615	0
1616	0
1617	0
1618	0
1619	0
1620	0
1621	0
1622	0
1623	0
1624	0
1625	0
1626	0
1627	0
1628	0
1629	0
1630	0
1631	0
1632	0
1633	0
1634	0
1635	0
1636	0
1637	0
1638	0
1639	0
1640	0
1641	0
1642	0
1643	0
1644	0
1645	0
1646	0
1647	0
1648	0
1649	0
1650	0
1651	0
1652	0
1653	0
1654	0
1655	0
1656	0
1657	0
1658	0
1659	0
1660	0
1661	0
1662	0
1663	0
1664	0
1665	0
1666	0
1667	0
1668	0
1669	0
1670	0
1671	0
1672	0
1673	0
1674	0
1675	0
1676	0
1677	0
1678	0
1679	0
1680	0
1681	0
1682	0
1683	0
1684	0
1685	0
1686	0
1687	0
1688	0
1689	0
1690	0
1691	0
1692	0
1693	0
1694	0
1695	0
1696	0
1697	0
1698	0
1699	0
1700	0
1701	0
1702	0
1703	0
1704	0
1705	0
1706	0
1707	0
1708	0
1709	0
1710	0
1711	0
1712	0
1713	0
1714	0
1715	0
1716	0
1717	0
1718	0
1719	0
1720	0
1721	0
1722	0
1723	0
1724	0
1725	0
1726	0
1727	0
1728	0
1729	0
1730	0
1731	0
1732	0
1733	0
1734	0
1735	0
1736	0
1737	0
1738	0
1739	0
1740	0
1741	0
1742	0
1743	0
1744	0
1745	0
1746	0
1747	0
1748	0
1749	0
1750	1
1751	1
1752	1
1753	1
1754	1
1755	1
1756	1
1757	1
1758	1
1759	1
1760	1
1761	1
1762	1
1763	1
1764	1
1765	1
1766	1
1767	1
1768	1
1769	1
1770	1
1771	1
1772	1
1773	1
1774	1
1775	1
1776	1
1777	1
1778	1
1779	1
1780	1
1781	1
1782	1
1783	1
1784	1
1785	1
1786	1
1787	1
1788	1
1789	1
1790	1
1791	1
1792	1
1793	1
1794	1
1795	1
1796	1
1797	1
1798	1
1799	1
1800	1
1801	1
1802	1
1803	1
1804	1
1805	1
1806	1
1807	1
1808	1
1809	1
1810	1
1811	1
1812	1
1813	1
1814	1
1815	1
1816	1
1817	1
1818	1
1819	1
1820	1
1821	1
1822	1
1823	1
1824	1
1825	1
1826	1
1827	1
1828	1
1829	1
1830	1
1831	1
1832	1
1833	1
1834	1
1835	1
1836	1
1837	1
1838	1
1839	1
1840	1
1841	1
1842	1
1843	1
1844	1
1845	1
1846	1
1847	1
1848	1
1849	1
1850	1
1851	1
1852	1
1853	1
1854	1
1855	1
1856	1
1857	1
1858	1
1859	1
1860	1
1861	1
1862	1
1863	1
1864	1
1865	1
1866	1
1867	1
1868	1
1869	1
1870	1
1871	1
1872	1
1873	1
1874	1
1875	1
1876	1
1877	1
1878	1
1879	1
1880	1
1881	1
1882	1
1883	1
1884	1
1885	1
1886	1
1887	1
1888	1
1889	1
1890	1
1891	1
1892	1
1893	1
1894	1
1895	1
1896	1
1897	1
1898	1
1899	1
1900	1
1901	1
1902	1
1903	1
1904	1
1905	1
1906	1
1907	1
1908	1
1909	2
1910	2
1911	2
1912	2
1913	2
1914	2
1915	2
1916	2
1917	2
1918	2
1919	2
1920	2
1921	2
1922	2
1923	2
1924	2
1925	2
1926	2
1927	2
1928	2
1929	2
1930	2
1931	2
1932	2
1933	2
1934	2
1935	2
1936	2
1937	2
1938	2
1939	2
1940	2
1941	2
1942	2
1943	2
1944	2
1945	2
1946	2
1947	2
1948	2
1949	2
1950	2
1951	2
1952	2
1953	2
1954	2
1955	2
1956	2
1957	2
1958	2
1959	2
1960	2
1961	2
1962	2
1963	2
1964	2
1965	2
1966	2
1967	2
1968	2
1969	2
1970	2
1971	2
1972	2
1973	2
1974	2
1975	2
1976	2
1977	2
1978	2
1979	2
1980	2
1981	2
1982	2
1983	2
1984	2
1985	2
1986	2
1987	2
1988	2
1989	2
1990	2
1991	2
1992	2
1993	2
1994	2
1995	2
1996	2
1997	2
1998	2
1999	2
2000	2
2001	2
2002	2
2003	2
2004	2
2005	2
2006	2
2007	2
2008	2
2009	2
2010	2
2011	2
2012	2
2013	2
2014	2
2015	2
2016	2
2017	2
2018	2
2019	2
2020	2
2021	2
2022	2
2023	2
2024	2
2025	2
2026	2
2027	2
2028	2
2029	2
2030	2
2031	2
2032	2
2033	2
2034	2
2035	2
2036	2
2037	2
2038	2
2039	2
2040	2
2041	2
2042	2
2043	2
2044	2
2045	2
2046	2
2047	2
2048	2
2049	2
2050	2
2051	2
2052	2
2053	2
2054	2
2055	2
2056	2
2057	2
2058	2
2059	2
2060	2
2061	2
2062	2
2063	2
2064	2
2065	2
2066	2
2067	2
2068	2
2069	2
2070	2
2071	2
2072	2
2073	2
2074	2
2075	2
2076	2
2077	2
2078	2
2079	2
2080	2
2081	2
2082	2
2083	2
2084	2
2085	2
2086	2
2087	2
2088	2
2089	2
2090	2
2091	2
2092	2
2093	2
2094	2
2095	2
2096	2
2097	2
2098	2
2099	2
2100	2
2101	2
2102	2
2103	2
2104	2
2105	2
2106	2
2107	2
2108	2
2109	2
2110	2
2111	2
2112	2
2113	2
2114	2
2115	2
2116	2
2117	2
2118	2
2119	2
2120	2
2121	2
2122	2
2123	2
2124	2
2125	2
2126	2
2127	2
2128	2
2129	2
2130	2
2131	2
2132	2
2133	2
2134	2
2135	2
2136	2
2137	2
2138	2
2139	2
2140	2
2141	2
2142	2
2143	2
2144	2
2145	2
2146	2
2147	2
2148	2
2149	2
2150	2
2151	2
2152	2
2153	2
2154	2
2155	2
2156	2
2157	2
2158	2
2159	2
2160	2
2161	2
2162	2
2163	2
2164	2
2165	2
2166	2
2167	2
2168	2
2169	2
2170	2
2171	2
2172	2
2173	2
2174	2
2175	2
2176	2
2177	2
2178	2
2179	2
2180	2
2181	2
2182	2
2183	2
2184	2
2185	2
2186	2
2187	2
2188	2
2189	2
2190	2
2191	2
2192	2
2193	2
2194	2
2195	2
2196	2
2197	2
2198	2
2199	2
2200	2
2201	2
2202	2
2203	2
2204	2
2205	2
2206	2
2207	2
2208	2
2209	2
2210	2
2211	2
2212	2
2213	2
2214	2
2215	2
2216	2
2217	2
2218	2
2219	2
2220	2
2221	2
2222	2
2223	2
2224	2
2225	2
2226	2
2227	2
2228	2
2229	2
2230	2
2231	2
2232	2
2233	2
2234	2
2235	2
2236	2
2237	2
2238	2
2239	2
2240	2
2241	2
2242	2
2243	2
2244	2
2245	2
2246	2
2247	2
2248	2
2249	2
2250	2
2251	2
2252	2
2253	2
2254	2
2255	2
2256	2
2257	2
2258	2
2259	2
2260	2
2261	2
2262	2
2263	2
2264	2
2265	2
2266	2
2267	2
2268	2
2269	2
2270	2
2271	2
2272	2
2273	2
2274	2
2275	2
2276	2
2277	2
2278	2
2279	2
2280	2
2281	2
2282	2
2283	2
2284	2
2285	2
2286	2
2287	2
2288	2
2289	2
2290	2
2291	2
2292	2
2293	2
2294	2
2295	2
2296	2
2297	2
2298	2
2299	2
2300	2
2301	2
2302	2
2303	2
2304	2
2305	2
2306	2
2307	2
2308	2
2309	2
2310	2
2311	2
2312	2
2313	2
2314	2
2315	2
2316	2
2317	2
2318	2
2319	2
2320	2
2321	2
2322	2
2323	2
2324	2
2325	2
2326	2
2327	2
2328	2
2329	2
2330	2
2331	2
2332	2
2333	2
2334	2
2335	2
2336	2
2337	2
2338	2
2339	2
2340	2
2341	2
2342	2
2343	2
2344	2
2345	2
2346	2
2347	2
2348	2
2349	2
2350	2
2351	2
2352	2
2353	2
2354	2
2355	2
2356	2
2357	2
2358	2
2359	2
2360	2
2361	2
2362	2
2363	2
2364	2
2365	2
2366	2
2367	2
2368	2
2369	2
2370	2
2371	2
2372	2
2373	2
2374	2
2375	2
2376	2
2377	2
2378	2
2379	2
2380	2
2381	2
2382	2
2383	2
2384	2
2385	2
2386	2
2387	2
2388	2
2389	2
2390	2
2391	2
2392	2
2393	2
2394	2
2395	2
2396	2
2397	2
2398	2
2399	2
2400	2
2401	2
2402	2
2403	2
2404	2
2405	2
2406	2
2407	2
2408	2
2409	2
2410	2
2411	2
2412	2
2413	2
2414	2
2415	2
2416	2
2417	2
2418	2
2419	2
2420	2
2421	2
2422	2
2423	2
2424	2
2425	2
2426	2
2427	2
2428	2
2429	2
2430	2
2431	2
2432	2
2433	2
2434	2
2435	2
2436	2
2437	2
2438	2
2439	2
2440	2
2441	2
2442	2
2443	2
2444	2
2445	2
2446	2
2447	2
2448	2
2449	2
2450	2
2451	2
2452	2
2453	2
2454	2
2455	2
2456	2
2457	2
2458	2
2459	2
2460	2
2461	2
2462	2
2463	2
2464	2
2465	2
2466	2
2467	2
2468	2
2469	2
2470	2
2471	2
2472	2
2473	2
2474	2
2475	2
2476	2
2477	2
2478	2
2479	2
2480	2
2481	2
2482	2
2483	2
2484	2
2485	2
2486	2
2487	2
2488	2
2489	2
2490	2
2491	2
2492	2
2493	2
2494	2
2495	2
2496	2
2497	2
2498	2
2499	2
2500	2
2501	2
2502	2
2503	2
2504	2
2505	2
2506	2
2507	2
2508	2
2509	2
2510	2
2511	2
2512	2
2513	2
2514	2
2515	2
2516	2
2517	2
2518	2
2519	2
2520	2
2521	2
2522	2
2523	2
2524	2
2525	2
2526	2
2527	2
2528	2
2529	2
2530	2
2531	2
2532	2
2533	2
2534	2
2535	2
2536	2
2537	2
2538	2
2539	2
2540	2
2541	2
2542	2
2543	2
2544	2
2545	2
2546	2
2547	2
2548	2
2549	2
2550	2
2551	2
2552	2
2553	2
2554	2
2555	2
2556	2
2557	2
2558	2
2559	2
2560	2
2561	2
2562	2
2563	2
2564	2
2565	2
2566	2
2567	2
2568	2
2569	2
2570	2
2571	2
2572	2
2573	2
2574	2
2575	2
2576	2
2577	2
2578	2
2579	2
2580	2
2581	2
2582	2
2583	2
2584	2
2585	2
2586	2
2587	2
2588	2
2589	2
2590	2
2591	2
2592	2
2593	2
2594	2
2595	2
2596	2
2597	2
2598	2
2599	2
2600	2
2601	2
2602	2
2603	2
2604	2
2605	2
2606	2
2607	2
2608	2
2609	2
2610	2
2611	2
2612	2
2613	2
2614	2
2615	2
2616	2
2617	2
2618	2
2619	2
2620	2
2621	2
2622	2
2623	2
2624	2
2625	2
2626	2
2627	2
2628	2
2629	2
2630	2
2631	2
2632	2
2633	2
2634	2
2635	2
2636	2
2637	2
2638	2
2639	2
2640	2
2641	2
2642	2
2643	2
2644	2
2645	2
2646	2
2647	2
2648	2
2649	2
2650	2
2651	2
2652	2
2653	2
2654	2
2655	2
2656	2
2657	2
2658	2
2659	2
2660	2
2661	2
2662	2
2663	2
2664	2
2665	2
2666	2
2667	2
2668	2
2669	2
2670	2
2671	2
2672	2
2673	2
2674	2
2675	2
2676	2
2677	2
2678	2
2679	2
2680	2
2681	2
2682	2
2683	2
2684	2
2685	2
2686	2
2687	2
2688	2
2689	2
2690	2
2691	2
2692	2
2693	2
2694	2
2695	2
2696	2
2697	2
2698	2
2699	2
2700	2
2701	2
2702	2
2703	2
2704	2
2705	2
2706	2
2707	2
2708	2
2709	2
2710	2
2711	2
2712	2
2713	2
2714	2
2715	2
2716	2
2717	2
2718	2
2719	2
2720	2
2721	2
2722	2
2723	2
2724	2
2725	2
2726	2
2727	2
2728	2
2729	2
2730	2
2731	2
2732	2
2733	2
2734	2
2735	2
2736	2
2737	2
2738	2
2739	2
2740	2
2741	2
2742	2
2743	2
2744	2
2745	2
2746	2
2747	2
2748	2
2749	2
2750	2
2751	2
2752	2
2753	2
2754	2
2755	2
2756	2
2757	2
2758	2
2759	2
2760	2
2761	2
2762	2
2763	2
2764	2
2765	2
2766	2
2767	2
2768	2
2769	2
2770	2
2771	2
2772	2
2773	2
2774	2
2775	2
2776	2
2777	2
2778	2
2779	2
2780	2
2781	2
2782	2
2783	2
2784	2
2785	2
2786	2
2787	2
2788	2
2789	2
2790	2
2791	2
2792	2
2793	2
2794	2
2795	2
2796	2
2797	2
2798	2
2799	2
2800	2
2801	2
2802	2
2803	2
2804	2
2805	2
2806	2
2807	2
2808	2
2809	2
2810	2
2811	2
2812	2
2813	2
2814	2
2815	2
2816	2
2817	2
2818	2
2819	2
2820	2
2821	2
2822	2
2823	2
2824	2
2825	2
2826	2
2827	2
2828	2
2829	2
2830	2
2831	2
2832	2
2833	2
2834	2
2835	2
2836	2
2837	2
2838	2
2839	2
2840	2
2841	2
2842	2
2843	2
2844	2
2845	2
2846	2
2847	2
2848	2
2849	2
2850	2
2851	2
2852	2
2853	2
2854	2
2855	2
2856	2
2857	2
2858	2
2859	2
2860	2
2861	2
2862	2
2863	2
2864	2
2865	2
2866	2
2867	2
2868	2
2869	2
2870	2
2871	2
2872	2
2873	2
2874	2
2875	2
2876	2
2877	2
2878	2
2879	2
2880	2
2881	2
2882	2
2883	2
2884	2
2885	2
2886	2
2887	2
2888	2
2889	2
2890	2
2891	2
2892	2
2893	2
2894	2
2895	2
2896	2
2897	2
2898	2
2899	2
2900	2
2901	2
2902	2
2903	2
2904	2
2905	2
2906	2
2907	2
2908	2
2909	2
2910	2
2911	2
2912	2
2913	2
2914	2
2915	2
2916	2
2917	2
2918	2
2919	2
2920	2
2921	2
2922	2
2923	2
2924	2
2925	2
2926	2
2927	2
2928	2
2929	2
2930	2
2931	2
2932	2
2933	2
2934	2
2935	2
2936	2
2937	2
2938	2
2939	2
2940	2
2941	2
2942	2
2943	2
2944	2
2945	2
2946	2
2947	2
2948	2
2949	2
2950	2
2951	2
2952	2
2953	2
2954	2
2955	2
2956	2
2957	2
2958	2
2959	2
2960	2
2961	2
2962	2
2963	2
2964	2
2965	2
2966	2
2967	2
2968	2
2969	2
2970	2
2971	2
2972	2
2973	2
2974	2
2975	2
2976	2
2977	2
2978	2
2979	2
2980	2
2981	2
2982	2
2983	2
2984	2
2985	2
2986	2
2987	2
2988	2
2989	2
2990	2
2991	2
2992	2
2993	2
2994	2
2995	2
2996	2
2997	2
2998	2
2999	2
3000	2
3001	2
3002	2
3003	2
3004	2
3005	2
3006	2
3007	2
3008	2
3009	2
3010	2
3011	2
3012	2
3013	2
3014	2
3015	2
3016	2
3017	2
3018	2
3019	2
3020	2
3021	2
3022	2
3023	2
3024	2
3025	2
3026	2
3027	2
3028	2
3029	2
3030	2
3031	2
3032	2
3033	2
3034	2
3035	2
3036	2
3037	2
3038	2
3039	2
3040	2
3041	2
3042	2
3043	2
3044	2
3045	2
3046	2
3047	2
3048	2
3049	2
3050	2
3051	2
3052	2
3053	2
3054	2
3055	2
3056	2
3057	2
3058	2
3059	2
3060	2
3061	2
3062	2
3063	2
3064	2
3065	2
3066	2
3067	2
3068	2
3069	2
3070	2
3071	2
3072	2
3073	2
3074	2
3075	2
3076	2
3077	2
3078	2
3079	2
3080	2
3081	2
3082	2
3083	2
3084	2
3085	2
3086	2
3087	2
3088	2
3089	2
3090	2
3091	2
3092	2
3093	2
3094	2
3095	2
3096	2
3097	2
3098	2
3099	2
3100	2
3101	2
3102	2
3103	2
3104	2
3105	2
3106	2
3107	2
3108	2
3109	2
3110	2
3111	2
3112	2
3113	2
3114	2
3115	2
3116	2
3117	2
3118	2
3119	2
3120	2
3121	2
3122	2
3123	2
3124	2
3125	2
3126	2
3127	2
3128	2
3129	2
3130	2
3131	2
3132	2
3133	2
3134	2
3135	2
3136	2
3137	2
3138	2
3139	2
3140	2
3141	2
3142	2
3143	2
3144	2
3145	2
3146	2
3147	2
3148	2
3149	2
3150	2
3151	2
3152	2
3153	2
3154	2
3155	2
3156	2
3157	2
3158	2
3159	2
3160	2
3161	2
3162	2
3163	2
3164	2
3165	2
3166	2
3167	2
3168	2
3169	2
3170	2
3171	2
3172	2
3173	2
3174	2
3175	2
3176	2
3177	2
3178	2
3179	2
3180	2
3181	2
3182	2
3183	2
3184	2
3185	2
3186	2
3187	2
3188	2
3189	2
3190	2
3191	2
3192	2
3193	2
3194	2
3195	2
3196	2
3197	2
3198	2
3199	2
3200	2
3201	2
3202	2
3203	2
3204	2
3205	2
3206	2
3207	2
3208	2
3209	2
3210	2
3211	2
3212	2
3213	2
3214	2
3215	2
3216	2
3217	2
3218	2
3219	2
3220	2
3221	2
3222	2
3223	2
3224	2
3225	2
3226	2
3227	2
3228	2
3229	2
3230	2
3231	2
3232	2
3233	2
3234	2
3235	2
3236	2
3237	2
3238	2
3239	2
3240	2
3241	2
3242	2
3243	2
3244	2
3245	2
3246	2
3247	2
3248	2
3249	2
3250	2
3251	2
3252	2
3253	2
3254	2
3255	2
3256	2
3257	2
3258	2
3259	2
3260	2
3261	2
3262	2
3263	2
3264	2
3265	2
3266	3
3267	3
3268	3
3269	3
3270	3
3271	3
3272	3
3273	3
3274	3
3275	3
3276	3
3277	3
3278	3
3279	3
3280	3
3281	3
3282	3
3283	3
3284	3
3285	3
3286	3
3287	3
3288	3
3289	3
3290	3
3291	3
3292	3
3293	3
3294	3
3295	3
3296	3
3297	3
3298	3
3299	3
3300	3
3301	3
3302	3
3303	3
3304	3
3305	3
3306	3
3307	3
3308	3
3309	3
3310	3
3311	3
3312	3
3313	3
3314	3
3315	3
3316	3
3317	3
3318	3
3319	3
3320	3
3321	3
3322	3
3323	3
3324	3
3325	3
3326	3
3327	3
3328	3
3329	3
3330	3
3331	3
3332	3
3333	3
3334	3
3335	3
3336	4
3337	4
3338	4
3339	4
3340	4
3341	4
3342	4
3343	4
3344	4
3345	4
3346	4
3347	4
3348	4
3349	4
3350	4
3351	4
3352	4
3353	4
3354	4
3355	4
3356	4
3357	4
3358	4
3359	4
3360	4
3361	4
3362	4
3363	4
3364	4
3365	4
3366	4
3367	4
3368	4
3369	4
3370	4
3371	4
3372	4
3373	4
3374	4
3375	4
3376	4
3377	4
3378	4
3379	4
3380	4
3381	4
3382	4
3383	4
3384	4
3385	4
3386	4
3387	4
3388	4
3389	4
3390	4
3391	4
3392	4
3393	4
3394	4
3395	4
3396	4
3397	4
3398	4
3399	4
3400	4
3401	4
3402	4
3403	4
3404	4
3405	4
3406	4
3407	4
3408	4
3409	4
3410	4
3411	4
3412	4
3413	4
3414	4
3415	4
3416	4
3417	4
3418	4
3419	4
3420	4
3421	4
3422	4
3423	4
3424	4
3425	4
3426	4
3427	4
3428	4
3429	4
3430	4
3431	4
3432	4
3433	4
3434	4
3435	4
3436	4
3437	4
3438	4
3439	4
3440	4
3441	4
3442	4
3443	4
3444	4
3445	4
3446	4
3447	4
3448	4
3449	4
3450	4
3451	4
3452	4
3453	4
3454	4
3455	4
3456	4
3457	4
3458	4
3459	4
3460	4
3461	4
3462	4
3463	4
3464	4
3465	4
3466	4
3467	4
3468	4
3469	4
3470	4
3471	4
3472	4
3473	4
3474	4
3475	4
3476	4
3477	4
3478	4
3479	4
3480	4
3481	4
3482	4
3483	4
3484	4
3485	4
3486	4
3487	4
3488	4
3489	4
3490	4
3491	4
3492	4
3493	4
3494	4
3495	4
3496	4
3497	4
3498	4
3499	4
3500	4
3501	4
3502	4
3503	4
3504	4
3505	4
3506	4
3507	4
3508	4
3509	4
3510	4
3511	4
3512	4
3513	4
3514	4
3515	4
3516	4
3517	4
3518	4
3519	4
3520	4
3521	4
3522	4
3523	4
3524	4
3525	4
3526	4
3527	4
3528	4
3529	4
3530	4
3531	4
3532	4
3533	4
3534	4
3535	4
3536	4
3537	4
3538	4
3539	4
3540	4
3541	4
3542	4
3543	4
3544	4
3545	4
3546	4
3547	4
3548	4
3549	4
3550	4
3551	4
3552	4
3553	4
3554	4
3555	4
3556	4
3557	4
3558	4
3559	4
3560	4
3561	4
3562	4
3563	4
3564	4
3565	4
3566	4
3567	4
3568	4
3569	4
3570	4
3571	4
3572	4
3573	4
3574	4
3575	4
3576	4
3577	4
3578	4
3579	4
3580	4
3581	4
3582	4
3583	4
3584	4
3585	4
3586	4
3587	4
3588	4
3589	4
3590	4
3591	4
3592	4
3593	4
3594	4
3595	4
3596	4
3597	4
3598	4
3599	4
3600	4
3601	4
3602	4
3603	4
3604	4
3605	4
3606	4
3607	4
3608	4
3609	4
3610	4
3611	4
3612	4
3613	4
3614	4
3615	4
3616	4
3617	4
3618	4
3619	4
3620	4
3621	4
3622	4
3623	4
3624	4
3625	4
3626	4
3627	4
3628	4
3629	4
3630	4
3631	4
3632	4
3633	4
3634	4
3635	4
3636	4
3637	4
3638	4
3639	4
3640	4
3641	4
3642	4
3643	4
3644	4
3645	4
3646	4
3647	4
3648	4
3649	4
3650	4
3651	4
3652	4
3653	4
3654	4
3655	4
3656	4
3657	4
3658	4
3659	4
3660	4
3661	4
3662	4
3663	4
3664	4
3665	4
3666	4
3667	4
3668	4
3669	4
3670	4
3671	4
3672	4
3673	4
3674	4
3675	4
3676	4
3677	4
3678	4
3679	4
3680	4
3681	4
3682	4
3683	4
3684	4
3685	4
3686	4
3687	4
3688	4
3689	4
3690	4
3691	4
3692	4
3693	4
3694	4
3695	4
3696	4
3697	4
3698	4
3699	4
3700	4
3701	4
3702	4
3703	4
3704	4
3705	4
3706	4
3707	4
3708	4
3709	4
3710	4
3711	4
3712	5
3713	5
3714	5
3715	5
3716	5
3717	5
3718	5
3719	5
3720	5
3721	5
3722	5
3723	5
3724	5
3725	5
3726	5
3727	5
3728	5
3729	5
3730	5
3731	5
3732	5
3733	5
3734	5
3735	5
3736	5
3737	5
3738	5
3739	5
3740	5
3741	5
3742	5
3743	5
3744	5
3745	5
3746	5
3747	5
3748	5
3749	5
3750	5
3751	5
3752	5
3753	5
3754	5
3755	5
3756	5
3757	5
3758	5
3759	5
3760	5
3761	5
3762	5
3763	5
3764	5
3765	5
3766	5
3767	5
3768	5
3769	5
3770	5
3771	5
3772	5
3773	5
3774	5
3775	5
3776	5
3777	5
3778	5
3779	5
3780	5
3781	5
3782	5
3783	5
3784	5
3785	5
3786	5
3787	5
3788	5
3789	5
3790	5
3791	5
3792	5
3793	5
3794	5
3795	5
3796	5
3797	5
3798	5
3799	5
3800	5
3801	5
3802	5
3803	5
3804	5
3805	5
3806	5
3807	5
3808	5
3809	5
3810	5
3811	5
3812	5
3813	5
3814	5
3815	5
3816	5
3817	5
3818	5
3819	5
3820	5
3821	5
3822	5
3823	5
3824	5
3825	5
3826	5
3827	5
3828	5
3829	5
3830	5
3831	5
3832	5
3833	5
3834	5
3835	5
3836	5
3837	5
3838	5
3839	5
3840	5
3841	5
3842	5
3843	5
3844	5
3845	5
3846	5
3847	5
3848	5
3849	5
3850	5
3851	5
3852	5
3853	5
3854	5
3855	5
3856	5
3857	5
3858	5
3859	5
3860	5
3861	5
3862	5
3863	5
3864	5
3865	5
3866	5
3867	5
3868	5
3869	5
3870	5
3871	5
3872	5
3873	5
3874	5
3875	5
3876	5
3877	5
3878	5
3879	5
3880	5
3881	5
3882	5
3883	5
3884	5
3885	5
3886	5
3887	5
3888	5
3889	5
3890	5
3891	5
3892	5
3893	5
3894	5
3895	5
3896	5
3897	5
3898	5
3899	5
3900	5
3901	5
3902	5
3903	5
3904	5
3905	5
3906	5
3907	5
3908	5
3909	5
3910	5
3911	5
3912	5
3913	5
3914	5
3915	5
3916	5
3917	5
3918	5
3919	5
3920	5
3921	5
3922	5
3923	5
3924	5
3925	5
3926	5
3927	5
3928	5
3929	5
3930	5
3931	5
3932	5
3933	5
3934	5
3935	5
3936	5
3937	5
3938	5
3939	5
3940	5
3941	5
3942	5
3943	5
3944	5
3945	5
3946	5
3947	5
3948	5
3949	5
3950	5
3951	5
3952	5
3953	5
3954	5
3955	5
3956	5
3957	5
3958	5
3959	5
3960	5
3961	5
3962	5
3963	5
3964	5
3965	5
3966	5
3967	5
3968	5
3969	5
3970	5
3971	5
3972	5
3973	5
3974	5
3975	5
3976	5
3977	5
3978	5
3979	5
3980	5
3981	5
3982	5
3983	5
3984	5
3985	5
3986	5
3987	5
3988	5
3989	5
3990	5
3991	5
3992	5
3993	5
3994	5
3995	5
3996	5
3997	5
3998	5
3999	5
4000	5
4001	5
4002	5
4003	5
4004	5
4005	5
4006	5
4007	5
4008	5
4009	5
4010	5
4011	5
4012	5
4013	5
4014	5
4015	5
4016	5
4017	5
4018	5
4019	5
4020	5
4021	5
4022	5
4023	5
4024	5
4025	5
4026	5
4027	5
4028	5
4029	5
4030	5
4031	5
4032	5
4033	5
4034	5
4035	5
4036	5
4037	5
4038	5
4039	5
4040	5
4041	5
4042	5
4043	5
4044	5
4045	5
4046	5
4047	5
4048	5
4049	5
4050	5
4051	5
4052	5
4053	5
4054	5
4055	5
4056	5
4057	5
4058	5
4059	5
4060	5
4061	5
4062	5
4063	5
4064	5
4065	5
4066	5
4067	5
4068	5
4069	5
4070	5
4071	5
4072	5
4073	5
4074	5
4075	5
4076	5
4077	5
4078	5
4079	5
4080	5
4081	5
4082	5
4083	5
4084	5
4085	5
4086	5
4087	5
4088	5
4089	5
4090	5
4091	5
4092	5
4093	5
4094	5
4095	5
4096	5
4097	5
4098	5
4099	5
4100	5
4101	5
4102	5
4103	5
4104	5
4105	5
4106	5
4107	5
4108	5
4109	5
4110	5
4111	5
4112	5
4113	5
4114	5
4115	5
4116	5
4117	5
4118	5
4119	5
4120	5
4121	5
4122	5
4123	5
4124	5
4125	5
4126	5
4127	5
4128	5
4129	5
4130	5
4131	5
4132	5
4133	5
4134	5
4135	5
4136	5
4137	5
4138	5
4139	5
4140	5
4141	5
4142	5
4143	5
4144	5
4145	5
4146	5
4147	5
4148	5
4149	5
4150	5
4151	5
4152	5
4153	5
4154	5
4155	5
4156	5
4157	5
4158	5
4159	5
4160	5
4161	5
4162	5
4163	5
4164	5
4165	5
4166	5
4167	5
4168	5
4169	5
4170	5
4171	5
4172	5
4173	5
4174	5
4175	5
4176	5
4177	5
4178	5
4179	5
4180	5
4181	5
4182	5
4183	6
4184	6
4185	6
4186	6
4187	6
4188	6
4189	6
4190	6
4191	6
4192	6
4193	6
4194	6
4195	6
4196	6
4197	6
4198	6
4199	6
4200	6
4201	6
4202	6
4203	6
4204	6
4205	6
4206	6
4207	6
4208	6
4209	6
4210	6
4211	6
4212	6
4213	6
4214	6
4215	6
4216	6
4217	6
4218	6
4219	6
4220	6
4221	6
4222	6
4223	6
4224	6
4225	6
4226	6
4227	6
4228	6
4229	6
4230	6
4231	6
4232	6
4233	6
4234	6
4235	6
4236	6
4237	6
4238	6
4239	6
4240	6
4241	6
4242	6
4243	6
4244	6
4245	6
4246	6
4247	6
4248	6
4249	6
4250	6
4251	6
4252	6
4253	6
4254	6
4255	6
4256	6
4257	6
4258	6
4259	6
4260	6
4261	6
4262	6
4263	6
4264	6
4265	6
4266	6
4267	6
4268	6
4269	6
4270	6
4271	6
4272	6
4273	6
4274	6
4275	6
4276	6
4277	6
4278	6
4279	6
4280	6
4281	6
4282	6
4283	6
4284	6
4285	6
4286	6
4287	6
4288	6
4289	6
4290	6
4291	6
4292	6
4293	6
4294	6
4295	6
4296	6
4297	6
4298	6
4299	7
4300	7
4301	7
4302	7
4303	7
4304	7
4305	7
4306	7
4307	7
4308	7
4309	7
4310	7
4311	7
4312	7
4313	7
4314	7
4315	7
4316	7
4317	7
4318	7
4319	7
4320	7
4321	7
4322	7
4323	7
4324	7
4325	7
4326	7
4327	7
4328	7
4329	7
4330	7
4331	7
4332	7
4333	7
4334	7
4335	7
4336	7
4337	7
4338	7
4339	7
4340	7
4341	7
4342	7
4343	7
4344	7
4345	7
4346	7
4347	7
4348	7
4349	7
4350	7
4351	7
4352	7
4353	7
4354	7
4355	7
4356	7
4357	7
4358	7
4359	7
4360	7
4361	7
4362	7
4363	7
4364	7
4365	7
4366	7
4367	7
4368	7
4369	7
4370	7
4371	7
4372	7
4373	7
4374	7
4375	7
4376	7
4377	7
4378	7
4379	7
4380	7
4381	7
4382	7
4383	7
4384	7
4385	7
4386	7
4387	7
4388	7
4389	7
4390	7
4391	7
4392	7
4393	7
4394	7
4395	7
4396	7
4397	7
4398	7
4399	7
4400	7
4401	7
4402	7
4403	7
4404	7
4405	7
4406	7
4407	7
4408	7
4409	7
4410	7
4411	7
4412	7
4413	7
4414	7
4415	7
4416	7
4417	7
4418	7
4419	7
4420	7
4421	7
4422	7
4423	7
4424	7
4425	7
4426	7
4427	7
4428	7
4429	7
4430	7
4431	7
4432	7
4433	7
4434	7
4435	7
4436	7
4437	7
4438	7
4439	7
4440	7
4441	7
4442	7
4443	7
4444	7
4445	7
4446	7
4447	7
4448	7
4449	7
4450	7
4451	7
4452	7
4453	7
4454	7
4455	7
4456	7
4457	7
4458	7
4459	7
4460	7
4461	7
4462	7
4463	7
4464	7
4465	7
4466	7
4467	7
4468	7
4469	7
4470	7
4471	7
4472	7
4473	7
4474	7
4475	7
4476	7
4477	7
4478	7
4479	7
4480	7
4481	7
4482	7
4483	7
4484	7
4485	7
4486	7
4487	7
4488	7
4489	7
4490	7
4491	7
4492	7
4493	7
4494	7
4495	7
4496	7
4497	7
4498	7
4499	7
4500	7
4501	7
4502	7
4503	7
4504	7
4505	7
4506	7
4507	7
4508	7
4509	7
4510	7
4511	7
4512	7
4513	7
4514	7
4515	7
4516	7
4517	7
4518	7
4519	7
4520	7
4521	7
4522	7
4523	7
4524	7
4525	7
4526	7
4527	7
4528	7
4529	7
4530	7
4531	7
4532	7
4533	7
4534	7
4535	7
4536	7
4537	7
4538	7
4539	7
4540	7
4541	7
4542	7
4543	7
4544	7
4545	7
4546	7
4547	7
4548	7
4549	7
4550	7
4551	7
4552	7
4553	7
4554	7
4555	7
4556	7
4557	7
4558	7
4559	7
4560	7
4561	7
4562	7
4563	7
4564	7
4565	7
4566	7
4567	7
4568	7
4569	7
4570	7
4571	7
4572	7
4573	7
4574	7
4575	7
4576	7
4577	7
4578	7
4579	7
4580	7
4581	7
4582	7
4583	7
4584	7
4585	7
4586	7
4587	7
4588	7
4589	7
4590	7
4591	7
4592	7
4593	7
4594	7
4595	7
4596	7
4597	7
4598	7
4599	7
4600	7
4601	7
4602	7
4603	7
4604	7
4605	7
4606	7
4607	7
4608	7
4609	7
4610	7
4611	7
4612	7
4613	7
4614	7
4615	7
4616	7
4617	7
4618	7
4619	7
4620	7
4621	7
4622	7
4623	7
4624	7
4625	7
4626	7
4627	7
4628	7
4629	7
4630	7
4631	7
4632	7
4633	7
4634	7
4635	7
4636	7
4637	7
4638	7
4639	7
4640	7
4641	7
4642	7
4643	8
4644	8
4645	8
4646	8
4647	8
4648	8
4649	8
4650	8
4651	8
4652	8
4653	8
4654	8
4655	8
4656	8
4657	8
4658	8
4659	8
4660	8
4661	8
4662	8
4663	8
4664	8
4665	8
4666	8
4667	8
4668	8
4669	8
4670	8
4671	8
4672	8
4673	8
4674	8
4675	8
4676	8
4677	8
4678	8
4679	8
4680	8
4681	8
4682	8
4683	8
4684	8
4685	8
4686	8
4687	8
4688	8
4689	8
4690	8
4691	8
4692	8
4693	8
4694	8
4695	8
4696	8
4697	8
4698	8
4699	8
4700	8
4701	8
4702	8
4703	8
4704	8
4705	8
4706	8
4707	8
4708	8
4709	8
4710	8
4711	8
4712	8
4713	8
4714	8
4715	8
4716	8
4717	8
4718	8
4719	8
4720	8
4721	8
4722	8
4723	8
4724	8
4725	8
4726	8
4727	8
4728	8
4729	8
4730	8
4731	8
4732	8
4733	8
4734	8
4735	8
4736	8
4737	8
4738	8
4739	8
4740	8
4741	8
4742	8
4743	8
4744	8
4745	8
4746	8
4747	8
4748	8
4749	8
4750	8
4751	8
4752	8
4753	8
4754	8
4755	8
4756	8
4757	8
4758	8
4759	8
4760	8
4761	8
4762	8
4763	8
4764	8
4765	8
4766	8
4767	8
4768	8
4769	8
4770	8
4771	8
4772	8
4773	8
4774	8
4775	8
4776	8
4777	8
4778	8
4779	8
4780	8
4781	8
4782	8
4783	8
4784	8
4785	8
4786	8
4787	8
4788	8
4789	8
4790	8
4791	8
4792	8
4793	8
4794	8
4795	8
4796	8
4797	8
4798	8
4799	8
4800	8
4801	8
4802	8
4803	8
4804	8
4805	8
4806	8
4807	8
4808	8
4809	8
4810	8
4811	8
4812	8
4813	8
4814	8
4815	8
4816	8
4817	8
4818	8
4819	8
4820	8
4821	8
4822	8
4823	8
4824	8
4825	8
4826	8
4827	8
4828	8
4829	8
4830	8
4831	8
4832	8
4833	8
4834	8
4835	8
4836	8
4837	8
4838	8
4839	8
4840	8
4841	8
4842	8
4843	8
4844	8
4845	8
4846	8
4847	8
4848	8
4849	8
4850	8
4851	8
4852	8
4853	8
4854	8
4855	8
4856	8
4857	8
4858	8
4859	8
4860	8
4861	8
4862	8
4863	8
4864	8
4865	8
4866	8
4867	8
4868	8
4869	8
4870	8
4871	8
4872	8
4873	8
4874	8
4875	8
4876	8
4877	8
4878	8
4879	8
4880	8
4881	8
4882	8
4883	8
4884	8
4885	8
4886	8
4887	8
4888	8
4889	8
4890	8
4891	8
4892	8
4893	8
4894	8
4895	8
4896	8
4897	8
4898	8
4899	8
4900	8
4901	8
4902	8
4903	8
4904	8
4905	8
4906	8
4907	8
4908	8
4909	8
4910	8
4911	8
4912	8
4913	8
4914	8
4915	8
4916	8
4917	8
4918	8
4919	8
4920	8
4921	8
4922	8
4923	8
4924	8
4925	8
4926	8
4927	8
4928	8
4929	8
4930	8
4931	8
4932	8
4933	8
4934	8
4935	8
4936	8
4937	8
4938	8
4939	8
4940	8
4941	8
4942	8
4943	8
4944	8
4945	8
4946	8
4947	8
4948	8
4949	8
4950	8
4951	8
4952	8
4953	8
4954	8
4955	8
4956	8
4957	8
4958	8
4959	8
4960	8
4961	8
4962	8
4963	8
4964	8
4965	8
4966	8
4967	8
4968	8
4969	8
4970	8
4971	8
4972	8
4973	8
4974	8
4975	8
4976	8
4977	8
4978	8
4979	8
4980	8
4981	8
4982	8
4983	8
4984	8
4985	8
4986	8
4987	8
4988	8
4989	8
4990	8
4991	8
4992	8
4993	8
4994	8
4995	8
4996	8
4997	8
4998	8
4999	8
5000	8
5001	8
5002	8
5003	8
5004	8
5005	8
5006	8
5007	8
5008	8
5009	8
5010	8
5011	8
5012	8
5013	8
5014	8
5015	8
5016	8
5017	8
5018	8
5019	8
5020	8
5021	8
5022	8
5023	8
5024	8
5025	8
5026	8
5027	8
5028	8
5029	8
5030	8
5031	8
5032	8
5033	8
5034	8
5035	8
5036	8
5037	8
5038	8
5039	8
5040	8
5041	8
5042	8
5043	8
5044	8
5045	8
5046	8
5047	8
5048	8
5049	8
5050	8
5051	8
5052	8
5053	8
5054	8
5055	8
5056	8
5057	8
5058	8
5059	8
5060	8
5061	8
5062	8
5063	8
5064	8
5065	8
5066	8
5067	8
5068	8
5069	8
5070	8
5071	8
5072	8
5073	8
5074	8
5075	8
5076	8
5077	8
5078	8
5079	8
5080	8
5081	8
5082	8
5083	8
5084	8
5085	8
5086	8
5087	8
5088	8
5089	8
5090	8
5091	8
5092	8
5093	8
5094	8
5095	8
5096	8
5097	8
5098	8
5099	8
5100	8
5101	8
5102	8
5103	8
5104	8
5105	8
5106	8
5107	8
5108	8
5109	8
5110	8
5111	8
5112	8
5113	8
5114	8
5115	8
5116	8
5117	8
5118	8
5119	8
5120	8
5121	8
5122	8
5123	8
5124	8
5125	8
5126	8
5127	8
5128	8
5129	8
5130	8
5131	8
5132	8
5133	8
5134	8
5135	8
5136	8
5137	8
5138	8
5139	8
5140	8
5141	8
5142	8
5143	8
5144	8
5145	8
5146	8
5147	8
5148	8
5149	8
5150	8
5151	8
5152	8
5153	8
5154	8
5155	8
5156	8
5157	8
5158	8
5159	8
5160	8
5161	8
5162	8
5163	8
5164	8
5165	8
5166	8
5167	8
5168	8
5169	8
5170	8
5171	8
5172	8
5173	8
5174	8
5175	8
5176	8
5177	8
5178	8
5179	8
5180	8
5181	8
5182	8
5183	8
5184	8
5185	8
5186	8
5187	8
5188	8
5189	8
5190	8
5191	8
5192	8
5193	8
5194	8
5195	8
5196	8
5197	8
5198	8
5199	8
5200	8
5201	8
5202	8
5203	8
5204	8
5205	8
5206	8
5207	8
5208	8
5209	8
5210	8
5211	8
5212	8
5213	8
5214	8
5215	8
5216	8
5217	8
5218	8
5219	8
5220	8
5221	8
5222	8
5223	8
5224	8
5225	8
5226	8
5227	8
5228	8
5229	8
5230	8
5231	8
5232	8
5233	8
5234	8
5235	8
5236	8
5237	8
5238	8
5239	8
5240	8
5241	8
5242	8
5243	8
5244	8
5245	8
5246	8
5247	8
5248	8
5249	8
5250	8
5251	8
5252	8
5253	8
5254	8
5255	8
5256	8
5257	8
5258	8
5259	8
5260	8
5261	8
5262	8
5263	8
5264	8
5265	8
5266	8
5267	8
5268	8
5269	8
5270	8
5271	8
5272	8
5273	8
5274	8
5275	8
5276	8
5277	8
5278	8
5279	8
5280	8
5281	8
5282	8
5283	8
5284	8
5285	8
5286	8
5287	8
5288	8
5289	8
5290	8
5291	8
5292	8
5293	8
5294	8
5295	8
5296	8
5297	8
5298	8
5299	8
5300	8
5301	8
5302	8
5303	8
5304	8
5305	8
5306	8
5307	8
5308	8
5309	8
5310	8
5311	8
5312	8
5313	8
5314	8
5315	8
5316	8
5317	8
5318	8
5319	8
5320	8
5321	8
5322	8
5323	8
5324	8
5325	8
5326	8
5327	8
5328	8
5329	8
5330	8
5331	8
5332	8
5333	8
5334	8
5335	8
5336	8
5337	8
5338	8
5339	8
5340	8
5341	8
5342	8
5343	8
5344	8
5345	8
5346	8
5347	8
5348	8
5349	8
5350	8
5351	8
5352	8
5353	8
5354	8
5355	8
5356	8
5357	8
5358	8
5359	8
5360	8
5361	8
5362	8
5363	8
5364	8
5365	8
5366	8
5367	8
5368	8
5369	8
5370	8
5371	8
5372	8
5373	8
5374	8
5375	8
5376	8
5377	8
5378	8
5379	8
5380	8
5381	8
5382	8
5383	8
5384	8
5385	8
5386	8
5387	8
5388	8
5389	8
5390	8
5391	8
5392	8
5393	8
5394	8
5395	8
5396	8
5397	8
5398	8
5399	8
5400	8
5401	8
5402	8
5403	8
5404	8
5405	8
5406	8
5407	8
5408	8
5409	8
5410	8
5411	8
5412	8
5413	8
5414	8
5415	8
5416	8
5417	8
5418	8
5419	8
5420	8
5421	8
5422	8
5423	8
5424	8
5425	8
5426	8
5427	8
5428	8
5429	8
5430	8
5431	8
5432	8
5433	8
5434	8
5435	8
5436	8
5437	8
5438	8
5439	8
5440	8
5441	8
5442	8
5443	8
5444	8
5445	8
5446	8
5447	8
5448	8
5449	8
5450	8
5451	8
5452	8
5453	8
5454	8
5455	8
5456	8
5457	8
5458	8
5459	8
5460	8
5461	8
5462	8
5463	8
5464	8
5465	8
5466	8
5467	8
5468	8
5469	8
5470	8
5471	8
5472	8
5473	8
5474	8
5475	8
5476	8
5477	8
5478	8
5479	8
5480	8
5481	8
5482	8
5483	8
5484	8
5485	8
5486	8
5487	8
5488	8
5489	8
5490	8
5491	8
5492	8
5493	8
5494	8
5495	8
5496	8
5497	8
5498	8
5499	8
5500	8
5501	8
5502	8
5503	8
5504	8
5505	8
5506	8
5507	8
5508	8
5509	8
5510	8
5511	8
5512	8
5513	8
5514	8
5515	8
5516	8
5517	8
5518	8
5519	8
5520	8
5521	8
5522	8
5523	8
5524	8
5525	8
5526	8
5527	8
5528	8
5529	8
5530	8
5531	8
5532	8
5533	8
5534	8
5535	8
5536	8
5537	8
5538	8
5539	8
5540	8
5541	8
5542	8
5543	8
5544	8
5545	8
5546	8
5547	8
5548	8
5549	8
5550	8
5551	8
5552	8
5553	8
5554	8
5555	8
5556	8
5557	8
5558	8
5559	8
5560	8
5561	8
5562	8
5563	8
5564	8
5565	8
5566	8
5567	8
5568	8
5569	8
5570	8
5571	8
5572	8
5573	8
5574	8
5575	8
5576	8
5577	8
5578	8
5579	8
5580	8
5581	8
5582	8
5583	8
5584	8
5585	8
5586	8
5587	8
5588	8
5589	8
5590	8
5591	8
5592	8
5593	8
5594	8
5595	8
5596	8
5597	8
5598	8
5599	8
5600	8
5601	8
5602	8
5603	8
5604	8
5605	8
5606	8
5607	8
5608	8
5609	8
5610	8
5611	8
5612	8
5613	8
5614	8
5615	8
5616	8
5617	8
5618	8
5619	8
5620	8
5621	8
5622	8
5623	8
5624	8
5625	8
5626	8
5627	8
5628	8
5629	8
5630	8
5631	8
5632	8
5633	8
5634	8
5635	8
5636	8
5637	8
5638	8
5639	8
5640	8
5641	8
5642	8
5643	8
5644	8
5645	8
5646	8
5647	8
5648	8
5649	8
5650	8
5651	8
5652	8
5653	8
5654	8
5655	8
5656	8
5657	8
5658	8
5659	8
5660	8
5661	8
5662	8
5663	8
5664	8
5665	8
5666	8
5667	8
5668	8
5669	8
5670	8
5671	8
5672	8
5673	8
5674	8
5675	8
5676	8
5677	8
5678	8
5679	8
5680	8
5681	8
5682	8
5683	8
5684	8
5685	8
5686	8
5687	8
5688	8
5689	8
5690	8
5691	8
5692	8
5693	8
5694	8
5695	8
5696	8
5697	8
5698	8
5699	8
5700	8
5701	8
5702	8
5703	8
5704	8
5705	8
5706	8
5707	8
5708	8
5709	8
5710	8
5711	8
5712	8
5713	8
5714	8
5715	8
5716	8
5717	8
5718	8
5719	8
5720	8
5721	8
5722	8
5723	8
5724	8
5725	8
5726	8
5727	8
5728	8
5729	8
5730	8
5731	8
5732	8
5733	8
5734	8
5735	8
5736	8
5737	8
5738	8
5739	8
5740	8
5741	8
5742	8
5743	8
5744	8
5745	8
5746	8
5747	8
5748	8
5749	8
5750	8
5751	8
5752	8
5753	8
5754	8
5755	8
5756	8
5757	8
5758	8
5759	8
5760	8
5761	8
5762	8
5763	8
5764	8
5765	8
5766	8
5767	8
5768	8
5769	8
5770	8
5771	8
5772	8
5773	8
5774	8
5775	8
5776	8
5777	8
5778	8
5779	8
5780	8
5781	8
5782	8
5783	8
5784	8
5785	8
5786	8
5787	8
5788	8
5789	8
5790	8
5791	8
5792	8
5793	8
5794	8
5795	8
5796	8
5797	8
5798	8
5799	8
5800	8
5801	8
5802	8
5803	8
5804	8
5805	8
5806	8
5807	8
5808	8
5809	8
5810	8
5811	8
5812	8
5813	8
5814	8
5815	8
5816	8
5817	8
5818	8
5819	8
5820	8
5821	8
5822	8
5823	8
5824	8
5825	8
5826	8
5827	8
5828	8
5829	8
5830	8
5831	8
5832	8
5833	8
5834	8
5835	8
5836	8
5837	8
5838	8
5839	8
5840	8
5841	8
5842	8
5843	8
5844	8
5845	8
5846	8
5847	8
5848	8
5849	8
5850	8
5851	8
5852	8
5853	8
5854	8
5855	8
5856	8
5857	8
5858	8
5859	8
5860	8
5861	8
5862	8
5863	8
5864	8
5865	8
5866	8
5867	8
5868	8
5869	8
5870	8
5871	8
5872	8
5873	8
5874	8
5875	8
5876	8
5877	8
5878	8
5879	8
5880	8
5881	8
5882	8
5883	8
5884	8
5885	8
5886	8
5887	8
5888	8
5889	8
5890	8
5891	8
5892	8
5893	8
5894	8
5895	8
5896	8
5897	9
5898	9
5899	9
5900	9
5901	9
5902	9
5903	9
5904	9
5905	9
5906	9
5907	9
5908	9
5909	9
5910	9
5911	9
5912	9
5913	9
5914	9
5915	9
5916	9
5917	9
5918	9
5919	9
5920	9
5921	9
5922	9
5923	9
5924	9
5925	9
5926	9
5927	9
5928	9
5929	9
5930	9
5931	9
5932	9
5933	9
5934	9
5935	9
5936	9
5937	9
5938	9
5939	9
5940	9
5941	9
5942	9
5943	9
5944	9
5945	9
5946	9
5947	9
5948	9
5949	9
5950	9
5951	9
5952	9
5953	9
5954	9
5955	9
5956	9
5957	9
5958	9
5959	9
5960	9
5961	9
5962	9
5963	9
5964	9
5965	9
5966	9
5967	9
5968	10
5969	10
5970	10
5971	10
5972	10
5973	10
5974	10
5975	10
5976	10
5977	10
5978	10
5979	10
5980	10
5981	10
5982	10
5983	10
5984	10
5985	10
5986	10
5987	10
5988	10
5989	10
5990	10
5991	10
5992	10
5993	10
5994	10
5995	10
5996	10
5997	10
5998	10
5999	10
6000	10
6001	10
6002	10
6003	10
6004	10
6005	10
6006	10
6007	10
6008	10
6009	10
6010	10
6011	10
6012	10
6013	10
6014	10
6015	10
6016	10
6017	10
6018	10
6019	10
6020	10
6021	10
6022	10
6023	10
6024	10
6025	10
6026	10
6027	10
6028	10
6029	10
6030	10
6031	10
6032	10
6033	10
6034	10
6035	10
6036	10
6037	10
6038	10
6039	10
6040	10
6041	10
6042	10
6043	10
6044	10
6045	10
6046	10
6047	10
6048	10
6049	10
6050	10
6051	10
6052	10
6053	10
6054	10
6055	10
6056	10
6057	10
6058	10
6059	10
6060	10
6061	10
6062	10
6063	10
6064	10
6065	10
6066	10
6067	10
6068	10
6069	10
6070	10
6071	10
6072	10
6073	10
6074	10
6075	10
6076	10
6077	10
6078	10
6079	10
6080	10
6081	10
6082	10
6083	10
6084	10
6085	10
6086	10
6087	10
6088	10
6089	10
6090	10
6091	10
6092	10
6093	10
6094	10
6095	10
6096	10
6097	10
6098	10
6099	10
6100	10
6101	10
6102	10
6103	10
6104	10
6105	10
6106	10
6107	10
6108	10
6109	10
6110	10
6111	10
6112	10
6113	10
6114	10
6115	10
6116	10
6117	10
6118	10
6119	10
6120	10
6121	10
6122	10
6123	10
6124	10
6125	10
6126	10
6127	10
6128	10
6129	10
6130	10
6131	10
6132	10
6133	10
6134	10
6135	10
6136	10
6137	10
6138	10
6139	10
6140	10
6141	10
6142	10
6143	10
6144	10
6145	10
6146	10
6147	10
6148	11
6149	11
6150	11
6151	11
6152	11
6153	11
6154	11
6155	11
6156	11
6157	11
6158	11
6159	11
6160	11
6161	11
6162	11
6163	11
6164	11
6165	11
6166	11
6167	11
6168	11
6169	11
6170	11
6171	11
6172	11
6173	11
6174	11
6175	11
6176	11
6177	11
6178	11
6179	11
6180	11
6181	11
6182	11
6183	11
6184	11
6185	11
6186	11
6187	11
6188	11
6189	11
6190	11
6191	11
6192	11
6193	11
6194	11
6195	11
6196	11
6197	11
6198	11
6199	11
6200	11
6201	11
6202	11
6203	11
6204	11
6205	11
6206	11
6207	11
6208	11
6209	11
6210	11
6211	11
6212	11
6213	11
6214	11
6215	11
6216	11
6217	11
6218	11
6219	11
6220	11
6221	11
6222	11
6223	11
6224	11
6225	11
6226	11
6227	11
6228	11
6229	11
6230	11
6231	11
6232	11
6233	11
6234	11
6235	11
6236	11
6237	11
6238	11
6239	11
6240	11
6241	11
6242	11
6243	11
6244	11
6245	11
6246	11
6247	11
6248	11
6249	11
6250	11
6251	11
6252	11
6253	11
6254	11
6255	11
6256	11
6257	11
6258	11
6259	11
6260	11
6261	11
6262	11
6263	11
6264	11
6265	11
6266	11
6267	11
6268	11
6269	11
6270	11
6271	11
6272	11
6273	11
6274	11
6275	11
6276	11
6277	11
6278	11
6279	11
6280	11
6281	11
6282	11
6283	11
6284	11
6285	11
6286	11
6287	11
6288	11
6289	11
6290	11
6291	11
6292	11
6293	11
6294	11
6295	11
6296	11
6297	11
6298	11
6299	11
6300	11
6301	11
6302	11
6303	11
6304	11
6305	11
6306	11
6307	11
6308	11
6309	11
6310	11
6311	11
6312	11
6313	11
6314	11
6315	11
6316	11
6317	11
6318	11
6319	11
6320	11
6321	11
6322	11
6323	11
6324	11
6325	11
6326	11
6327	11
6328	11
6329	11
6330	11
6331	11
6332	11
6333	11
6334	11
6335	11
6336	11
6337	11
6338	11
6339	11
6340	11
6341	11
6342	11
6343	11
6344	11
6345	11
6346	11
6347	11
6348	11
6349	11
6350	11
6351	11
6352	11
6353	11
6354	11
6355	11
6356	11
6357	11
6358	11
6359	11
6360	11
6361	11
6362	11
6363	11
6364	11
6365	11
6366	11
6367	11
6368	11
6369	11
6370	11
6371	11
6372	11
6373	11
6374	11
6375	11
6376	11
6377	11
6378	11
6379	11
6380	11
6381	11
6382	11
6383	11
6384	11
6385	11
6386	11
6387	11
6388	11
6389	11
6390	11
6391	11
6392	11
6393	11
6394	11
6395	11
6396	11
6397	11
6398	11
6399	11
6400	11
6401	11
6402	11
6403	11
6404	11
6405	11
6406	11
6407	11
6408	11
6409	11
6410	11
6411	11
6412	11
6413	11
6414	11
6415	11
6416	11
6417	11
6418	11
6419	12
6420	12
6421	12
6422	12
6423	12
6424	12
6425	12
6426	12
6427	12
6428	12
6429	12
6430	12
6431	12
6432	12
6433	12
6434	12
6435	12
6436	12
6437	12
6438	12
6439	12
6440	12
6441	12
6442	12
6443	12
6444	12
6445	12
6446	12
6447	12
6448	12
6449	12
6450	12
6451	12
6452	12
6453	12
6454	12
6455	12
6456	12
6457	12
6458	12
6459	12
6460	12
6461	12
6462	12
6463	12
6464	12
6465	12
6466	12
6467	12
6468	12
6469	12
6470	12
6471	12
6472	12
6473	12
6474	12
6475	12
6476	12
6477	12
6478	12
6479	12
6480	12
6481	12
6482	12
6483	12
6484	12
6485	12
6486	12
6487	12
6488	12
6489	12
6490	12
6491	12
6492	12
6493	12
6494	12
6495	12
6496	12
6497	12
6498	12
6499	12
6500	12
6501	12
6502	12
6503	12
6504	12
6505	12
6506	12
6507	12
6508	12
6509	12
6510	12
6511	12
6512	12
6513	12
6514	12
6515	12
6516	12
6517	12
6518	12
6519	12
6520	12
6521	12
6522	12
6523	12
6524	12
6525	12
6526	12
6527	12
6528	12
6529	12
6530	12
6531	12
6532	12
6533	12
6534	12
6535	12
6536	12
6537	12
6538	12
6539	12
6540	12
6541	12
6542	12
6543	12
6544	12
6545	12
6546	12
6547	12
6548	12
6549	12
6550	12
6551	12
6552	12
6553	12
6554	12
6555	12
6556	12
6557	12
6558	12
6559	12
6560	12
6561	12
6562	12
6563	12
6564	12
6565	12
6566	12
6567	12
6568	12
6569	12
6570	12
6571	12
6572	12
6573	12
6574	12
6575	12
6576	12
6577	12
6578	12
6579	12
6580	12
6581	12
6582	12
6583	12
6584	12
6585	12
6586	12
6587	12
6588	12
6589	12
6590	12
6591	12
6592	12
6593	12
6594	12
6595	12
6596	12
6597	12
6598	12
6599	12
6600	12
6601	12
6602	12
6603	12
6604	12
6605	12
6606	12
6607	12
6608	12
6609	12
6610	12
6611	12
6612	12
6613	12
6614	12
6615	12
6616	12
6617	12
6618	12
6619	12
6620	12
6621	12
6622	12
6623	12
6624	12
6625	12
6626	12
6627	12
6628	12
6629	12
6630	12
6631	12
6632	12
6633	12
6634	12
6635	12
6636	12
6637	12
6638	12
6639	12
6640	12
6641	12
6642	12
6643	12
6644	12
6645	12
6646	12
6647	12
6648	12
6649	12
6650	12
6651	12
6652	12
6653	12
6654	12
6655	12
6656	12
6657	12
6658	12
6659	12
6660	12
6661	12
6662	12
6663	12
6664	12
6665	12
6666	12
6667	12
6668	12
6669	12
6670	12
6671	12
6672	12
6673	12
6674	12
6675	12
6676	12
6677	12
6678	12
6679	12
6680	12
6681	12
6682	12
6683	12
6684	12
6685	12
6686	12
6687	12
6688	12
6689	12
6690	12
6691	12
6692	12
6693	12
6694	12
6695	12
6696	12
6697	12
6698	12
6699	12
6700	12
6701	12
6702	12
6703	12
6704	12
6705	12
6706	12
6707	12
6708	12
6709	12
6710	12
6711	12
6712	12
6713	12
6714	12
6715	12
6716	12
6717	12
6718	12
6719	12
6720	12
6721	12
6722	12
6723	12
6724	12
6725	12
6726	12
6727	12
6728	12
6729	12
6730	12
6731	12
6732	12
6733	12
6734	12
6735	12
6736	12
6737	12
6738	12
6739	12
6740	12
6741	12
6742	12
6743	12
6744	12
6745	12
6746	12
6747	12
6748	12
6749	12
6750	12
6751	12
6752	12
6753	13
6754	13
6755	13
6756	13
6757	13
6758	13
6759	13
6760	13
6761	13
6762	13
6763	13
6764	13
6765	13
6766	13
6767	13
6768	13
6769	13
6770	13
6771	13
6772	13
6773	13
6774	13
6775	13
6776	13
6777	13
6778	13
6779	13
6780	13
6781	13
6782	13
6783	13
6784	13
6785	13
6786	13
6787	13
6788	13
6789	13
6790	13
6791	13
6792	13
6793	13
6794	13
6795	13
6796	13
6797	13
6798	13
6799	13
6800	13
6801	13
6802	13
6803	13
6804	13
6805	13
6806	13
6807	13
6808	13
6809	13
6810	13
6811	13
6812	13
6813	13
6814	13
6815	13
6816	13
6817	13
6818	13
6819	13
6820	13
6821	13
6822	13
6823	13
6824	13
6825	13
6826	13
6827	13
6828	13
6829	13
6830	13
6831	13
6832	13
6833	13
6834	13
6835	13
6836	13
6837	13
6838	13
6839	13
6840	13
6841	13
6842	13
6843	13
6844	13
6845	13
6846	13
6847	13
6848	13
6849	13
6850	13
6851	13
6852	13
6853	13
6854	13
6855	13
6856	13
6857	13
6858	13
6859	13
6860	13
6861	13
6862	13
6863	13
6864	13
6865	13
6866	13
6867	13
6868	13
6869	13
6870	13
6871	13
6872	13
6873	13
6874	13
6875	13
6876	13
6877	13
6878	13
6879	13
6880	13
6881	13
6882	13
6883	13
6884	13
6885	13
6886	13
6887	13
6888	13
6889	13
6890	13
6891	13
6892	13
6893	13
6894	13
6895	13
6896	13
6897	13
6898	13
6899	13
6900	13
6901	13
6902	13
6903	13
6904	13
6905	13
6906	13
6907	13
6908	13
6909	13
6910	13
6911	13
6912	13
6913	13
6914	13
6915	13
6916	13
6917	13
6918	13
6919	13
6920	13
6921	13
6922	13
6923	13
6924	13
6925	13
6926	13
6927	13
6928	13
6929	13
6930	13
6931	13
6932	13
6933	13
6934	13
6935	13
6936	13
6937	13
6938	13
6939	13
6940	13
6941	13
6942	13
6943	13
6944	13
6945	13
6946	13
6947	13
6948	13
6949	13
6950	13
6951	13
6952	13
6953	13
6954	13
6955	13
6956	13
6957	13
6958	13
6959	13
6960	13
6961	13
6962	13
6963	13
6964	13
6965	13
6966	13
6967	13
6968	13
6969	13
6970	13
6971	13
6972	13
6973	13
6974	13
6975	13
6976	13
6977	13
6978	13
6979	13
6980	13
6981	13
6982	13
6983	13
6984	13
6985	13
6986	13
6987	13
6988	13
6989	13
6990	13
6991	13
6992	13
6993	13
6994	13
6995	13
6996	13
6997	13
6998	13
6999	13
7000	13
7001	13
7002	13
7003	13
7004	13
7005	13
7006	13
7007	13
7008	13
7009	13
7010	13
7011	13
7012	13
7013	13
7014	13
7015	13
7016	13
7017	13
7018	13
7019	13
7020	13
7021	13
7022	13
7023	13
7024	13
7025	13
7026	13
7027	13
7028	13
7029	13
7030	13
7031	13
7032	13
7033	13
7034	13
7035	13
7036	13
7037	13
7038	13
7039	13
7040	13
7041	13
7042	13
7043	13
7044	13
7045	13
7046	13
7047	13
7048	13
7049	13
7050	13
7051	13
7052	13
7053	13
7054	13
7055	13
7056	13
7057	13
7058	13
7059	13
7060	13
7061	13
7062	13
7063	13
7064	13
7065	13
7066	13
7067	13
7068	13
7069	13
7070	13
7071	13
7072	13
7073	13
7074	13
7075	13
7076	13
7077	13
7078	13
7079	13
7080	13
7081	13
7082	13
7083	13
7084	13
7085	13
7086	13
7087	13
7088	13
7089	13
7090	13
7091	13
7092	13
7093	13
7094	13
7095	13
7096	13
7097	13
7098	13
7099	13
7100	13
7101	13
7102	13
7103	13
7104	13
7105	13
7106	13
7107	13
7108	13
7109	13
7110	13
7111	13
7112	13
7113	13
7114	13
7115	13
7116	13
7117	13
7118	13
7119	13
7120	13
7121	13
7122	13
7123	13
7124	13
7125	13
7126	13
7127	13
7128	13
7129	13
7130	13
7131	13
7132	13
7133	13
7134	13
7135	13
7136	13
7137	13
7138	13
7139	13
7140	13
7141	13
7142	13
7143	13
7144	13
7145	13
7146	13
7147	13
7148	13
7149	13
7150	13
7151	13
7152	13
7153	13
7154	13
7155	13
7156	13
7157	13
7158	13
7159	13
7160	13
7161	13
7162	13
7163	13
7164	13
7165	13
7166	13
7167	13
7168	13
7169	13
7170	13
7171	13
7172	13
7173	13
7174	13
7175	13
7176	13
7177	13
7178	13
7179	13
7180	13
7181	13
7182	13
7183	13
7184	13
7185	13
7186	13
7187	13
7188	13
7189	13
7190	13
7191	13
7192	13
7193	13
7194	13
7195	13
7196	13
7197	13
7198	13
7199	13
7200	13
7201	13
7202	13
7203	13
7204	13
7205	13
7206	13
7207	13
7208	13
7209	13
7210	13
7211	13
7212	13
7213	13
7214	13
7215	13
7216	13
7217	13
7218	13
7219	13
7220	13
7221	13
7222	13
7223	13
7224	13
7225	13
7226	13
7227	13
7228	13
7229	13
7230	13
7231	13
7232	13
7233	13
7234	13
7235	13
7236	13
7237	13
7238	13
7239	13
7240	13
7241	13
7242	13
7243	13
7244	13
7245	13
7246	13
7247	13
7248	13
7249	13
7250	13
7251	13
7252	13
7253	13
7254	13
7255	13
7256	13
7257	13
7258	13
7259	13
7260	13
7261	13
7262	13
7263	13
7264	13
7265	13
7266	13
7267	13
7268	13
7269	13
7270	13
7271	13
7272	13
7273	13
7274	13
7275	13
7276	13
7277	13
7278	13
7279	13
7280	13
7281	13
7282	13
7283	13
7284	13
7285	13
7286	13
7287	13
7288	13
7289	13
7290	13
7291	13
7292	13
7293	13
7294	13
7295	13
7296	13
7297	13
7298	13
7299	13
7300	13
7301	13
7302	13
7303	13
7304	13
7305	13
7306	13
7307	13
7308	13
7309	13
7310	13
7311	13
7312	13
7313	13
7314	13
7315	13
7316	13
7317	13
7318	13
7319	13
7320	13
7321	13
7322	13
7323	13
7324	13
7325	13
7326	13
7327	13
7328	13
7329	13
7330	13
7331	13
7332	13
7333	13
7334	13
7335	13
7336	13
7337	13
7338	13
7339	13
7340	13
7341	13
7342	13
7343	13
7344	13
7345	13
7346	13
7347	13
7348	13
7349	13
7350	13
7351	13
7352	13
7353	13
7354	13
7355	13
7356	13
7357	13
7358	13
7359	13
7360	13
7361	13
7362	13
7363	13
7364	13
7365	13
7366	13
7367	13
7368	13
7369	13
7370	13
7371	13
7372	13
7373	13
7374	13
7375	13
7376	13
7377	13
7378	13
7379	13
7380	13
7381	13
7382	13
7383	13
7384	13
7385	13
7386	13
7387	13
7388	13
7389	13
7390	13
7391	13
7392	13
7393	13
7394	13
7395	13
7396	13
7397	13
7398	13
7399	13
7400	13
7401	13
7402	13
7403	13
7404	13
7405	13
7406	13
7407	13
7408	13
7409	13
7410	13
7411	13
7412	13
7413	13
7414	13
7415	13
7416	13
7417	13
7418	13
7419	13
7420	13
7421	13
7422	13
7423	13
7424	13
7425	13
7426	13
7427	13
7428	13
7429	14
7430	14
7431	14
7432	14
7433	14
7434	14
7435	14
7436	14
7437	14
7438	14
7439	14
7440	14
7441	14
7442	14
7443	14
7444	14
7445	14
7446	14
7447	14
7448	14
7449	14
7450	14
7451	14
7452	14
7453	14
7454	14
7455	14
7456	14
7457	14
7458	14
7459	14
7460	14
7461	14
7462	14
7463	14
7464	14
7465	14
7466	14
7467	14
7468	14
7469	14
7470	14
7471	14
7472	14
7473	14
7474	14
7475	14
7476	14
7477	14
7478	14
7479	14
7480	14
7481	14
7482	14
7483	14
7484	14
7485	14
7486	14
7487	14
7488	14
7489	14
7490	14
7491	14
7492	14
7493	14
7494	14
7495	14
7496	14
7497	14
7498	14
7499	14
7500	14
7501	14
7502	14
7503	14
7504	14
7505	14
7506	14
7507	14
7508	14
7509	14
7510	14
7511	14
7512	14
7513	14
7514	14
7515	14
7516	14
7517	14
7518	14
7519	14
7520	14
7521	14
7522	14
7523	14
7524	14
7525	14
7526	14
7527	15
7528	15
7529	15
7530	15
7531	15
7532	15
7533	15
7534	15
7535	15
7536	15
7537	15
7538	15
7539	15
7540	15
7541	15
7542	15
7543	15
7544	15
7545	15
7546	15
7547	15
7548	15
7549	15
7550	15
7551	15
7552	15
7553	15
7554	15
7555	15
7556	15
7557	15
7558	15
7559	15
7560	15
7561	15
7562	15
7563	15
7564	15
7565	15
7566	15
7567	15
7568	15
7569	15
7570	15
7571	15
7572	15
7573	15
7574	15
7575	15
7576	15
7577	15
7578	15
7579	15
7580	15
7581	15
7582	15
7583	15
7584	15
7585	15
7586	15
7587	15
7588	15
7589	15
7590	15
7591	15
7592	15
7593	15
7594	15
7595	15
7596	15
7597	15
7598	15
7599	15
7600	15
7601	15
7602	15
7603	15
7604	15
7605	15
7606	15
7607	15
7608	15
7609	15
7610	15
7611	15
7612	15
7613	15
7614	15
7615	15
7616	15
7617	15
7618	15
7619	15
7620	15
7621	15
7622	15
7623	15
7624	15
7625	15
7626	15
7627	15
7628	15
7629	15
7630	15
7631	15
7632	15
7633	15
7634	15
7635	15
7636	15
7637	15
7638	15
7639	15
7640	15
7641	15
7642	15
7643	15
7644	15
7645	15
7646	15
7647	15
7648	15
7649	15
7650	15
7651	15
7652	15
7653	15
7654	15
7655	15
7656	15
7657	15
7658	15
7659	15
7660	15
7661	15
7662	15
7663	15
7664	15
7665	15
7666	15
7667	15
7668	15
7669	15
7670	15
7671	15
7672	15
7673	15
7674	15
7675	15
7676	15
7677	15
7678	15
7679	15
7680	15
7681	15
7682	15
7683	15
7684	15
7685	15
7686	15
7687	15
7688	15
7689	15
7690	15
7691	15
7692	15
7693	15
7694	15
7695	15
7696	15
7697	15
7698	15
7699	15
7700	15
7701	15
7702	15
7703	15
7704	15
7705	15
7706	15
7707	15
7708	15
7709	15
7710	15
7711	15
7712	15
7713	15
7714	15
7715	15
7716	15
7717	15
7718	15
7719	15
7720	15
7721	15
7722	15
7723	15
7724	15
7725	15
7726	15
7727	15
7728	15
7729	15
7730	15
7731	15
7732	15
7733	15
7734	15
7735	15
7736	15
7737	15
7738	15
7739	15
7740	15
7741	15
7742	15
7743	15
7744	15
7745	15
7746	15
7747	15
7748	15
7749	15
7750	15
7751	15
7752	15
7753	15
7754	15
7755	15
7756	15
7757	15
7758	15
7759	15
7760	15
7761	15
7762	15
7763	15
7764	15
7765	15
7766	15
7767	15
7768	15
7769	15
7770	15
7771	15
7772	15
7773	15
7774	15
7775	15
7776	15
7777	15
7778	15
7779	15
7780	15
7781	15
7782	15
7783	15
7784	15
7785	15
7786	15
7787	15
7788	15
7789	15
7790	15
7791	15
7792	15
7793	15
7794	15
7795	15
7796	15
7797	15
7798	15
7799	15
7800	15
7801	15
7802	15
7803	15
7804	15
7805	15
7806	15
7807	15
7808	15
7809	15
7810	15
7811	15
7812	15
7813	15
7814	15
7815	15
7816	15
7817	15
7818	15
7819	15
7820	15
7821	15
7822	15
7823	15
7824	15
7825	15
7826	15
7827	15
7828	15
7829	15
7830	15
7831	15
7832	15
7833	15
7834	15
7835	15
7836	15
7837	15
7838	15
7839	15
7840	15
7841	15
7842	15
7843	15
7844	15
7845	15
7846	15
7847	15
7848	15
7849	15
7850	15
7851	15
7852	15
7853	15
7854	15
7855	15
7856	15
7857	15
7858	15
7859	15
7860	15
7861	15
7862	15
7863	15
7864	15
7865	15
7866	15
7867	15
7868	15
7869	15
7870	15
7871	15
7872	15
7873	15
7874	15
7875	15
7876	15
7877	15
7878	15
7879	15
7880	15
7881	15
7882	15
7883	15
7884	15
7885	15
7886	15
7887	15
7888	15
7889	15
7890	15
7891	15
7892	15
7893	15
7894	15
7895	15
7896	15
7897	15
7898	15
7899	15
7900	15
7901	15
7902	15
7903	15
7904	15
7905	15
7906	15
7907	15
7908	15
7909	15
7910	16
7911	16
7912	16
7913	16
7914	16
7915	16
7916	16
7917	16
7918	16
7919	16
7920	16
7921	16
7922	16
7923	16
7924	16
7925	16
7926	16
7927	16
7928	16
7929	16
7930	16
7931	16
7932	16
7933	16
7934	16
7935	16
7936	16
7937	16
7938	16
7939	16
7940	16
7941	16
7942	16
7943	16
7944	16
7945	16
7946	16
7947	16
7948	16
7949	16
7950	16
7951	16
7952	16
7953	16
7954	16
7955	16
7956	16
7957	16
7958	16
7959	16
7960	16
7961	16
7962	16
7963	16
7964	16
7965	16
7966	16
7967	16
7968	16
7969	16
7970	16
7971	16
7972	16
7973	16
7974	16
7975	16
7976	16
7977	16
7978	16
7979	16
7980	16
7981	16
7982	16
7983	16
7984	16
7985	16
7986	16
7987	16
7988	16
7989	16
7990	16
7991	16
7992	16
7993	16
7994	16
7995	16
7996	16
7997	16
7998	16
7999	16
8000	16
8001	16
8002	16
8003	16
8004	16
8005	16
8006	16
8007	16
8008	16
8009	16
8010	16
8011	16
8012	16
8013	16
8014	16
8015	16
8016	16
8017	16
8018	16
8019	16
8020	16
8021	16
8022	16
8023	16
8024	16
8025	16
8026	16
8027	16
8028	16
8029	16
8030	16
8031	16
8032	16
8033	16
8034	16
8035	16
8036	16
8037	16
8038	16
8039	16
8040	16
8041	16
8042	16
8043	16
8044	16
8045	16
8046	16
8047	16
8048	16
8049	16
8050	16
8051	16
8052	16
8053	16
8054	16
8055	16
8056	16
8057	16
8058	16
8059	16
8060	16
8061	16
8062	16
8063	16
8064	16
8065	16
8066	16
8067	16
8068	16
8069	16
8070	16
8071	16
8072	16
8073	16
8074	16
8075	16
8076	16
8077	16
8078	16
8079	16
8080	16
8081	16
8082	16
8083	16
8084	16
8085	16
8086	16
8087	16
8088	16
8089	16
8090	16
8091	16
8092	16
8093	16
8094	16
8095	16
8096	16
8097	16
8098	16
8099	16
8100	16
8101	16
8102	16
8103	16
8104	16
8105	16
8106	16
8107	16
8108	16
8109	16
8110	16
8111	16
8112	16
8113	16
8114	16
8115	16
8116	16
8117	16
8118	16
8119	16
8120	16
8121	16
8122	16
8123	17
8124	17
8125	17
8126	17
8127	17
8128	17
8129	17
8130	17
8131	17
8132	17
8133	17
8134	17
8135	17
8136	17
8137	17
8138	17
8139	17
8140	17
8141	17
8142	17
8143	17
8144	17
8145	17
8146	17
8147	17
8148	17
8149	17
8150	17
8151	17
8152	17
8153	17
8154	17
8155	17
8156	17
8157	17
8158	17
8159	17
8160	17
8161	17
8162	17
8163	17
8164	17
8165	17
8166	17
8167	17
8168	17
8169	17
8170	17
8171	17
8172	17
8173	17
8174	17
8175	17
8176	17
8177	17
8178	17
8179	17
8180	17
8181	17
8182	17
8183	17
8184	17
8185	17
8186	17
8187	17
8188	17
8189	17
8190	17
8191	17
8192	17
8193	17
8194	17
8195	17
8196	17
8197	17
8198	17
8199	17
8200	17
8201	17
8202	17
8203	17
8204	17
8205	17
8206	17
8207	17
8208	17
8209	17
8210	17
8211	17
8212	17
8213	18
8214	18
8215	18
8216	18
8217	18
8218	18
8219	18
8220	18
8221	18
8222	18
8223	18
8224	18
8225	18
8226	18
8227	18
8228	18
8229	18
8230	18
8231	18
8232	18
8233	18
8234	18
8235	18
8236	18
8237	18
8238	18
8239	18
8240	18
8241	18
8242	18
8243	18
8244	18
8245	18
8246	18
8247	18
8248	18
8249	18
8250	18
8251	18
8252	18
8253	18
8254	18
8255	18
8256	18
8257	18
8258	18
8259	18
8260	18
8261	18
8262	18
8263	18
8264	18
8265	18
8266	18
8267	18
8268	18
8269	18
8270	18
8271	18
8272	18
8273	18
8274	18
8275	18
8276	18
8277	18
8278	18
8279	18
8280	18
8281	18
8282	18
8283	18
8284	18
8285	18
8286	19
8287	19
8288	19
8289	19
8290	19
8291	19
8292	19
8293	19
8294	19
8295	19
8296	19
8297	19
8298	19
8299	19
8300	19
8301	19
8302	19
8303	19
8304	19
8305	19
8306	19
8307	19
8308	19
8309	19
8310	19
8311	19
8312	19
8313	19
8314	19
8315	19
8316	19
8317	19
8318	19
8319	19
8320	19
8321	19
8322	19
8323	19
8324	19
8325	19
8326	19
8327	19
8328	19
8329	19
8330	19
8331	19
8332	19
8333	19
8334	19
8335	19
8336	19
8337	19
8338	19
8339	19
8340	19
8341	19
8342	19
8343	19
8344	19
8345	19
8346	19
8347	19
8348	19
8349	19
8350	19
8351	19
8352	19
8353	19
8354	19
8355	19
8356	19
8357	19
8358	19
8359	19
8360	19
8361	19
8362	19
8363	19
8364	19
8365	19
8366	19
8367	19
8368	19
8369	19
8370	19
8371	19
8372	19
8373	19
8374	19
8375	19
8376	19
8377	19
8378	19
8379	19
8380	19
8381	19
8382	19
8383	19
8384	19
8385	19
8386	19
8387	19
8388	19
8389	19
8390	19
8391	19
8392	19
8393	19
8394	19
8395	19
8396	19
8397	19
8398	19
8399	19
8400	19
8401	19
8402	19
8403	19
8404	19
8405	19
8406	19
8407	19
8408	19
8409	19
8410	19
8411	19
8412	19
8413	19
8414	19
8415	19
8416	19
8417	19
8418	19
8419	19
8420	19
8421	19
8422	19
8423	19
8424	19
8425	19
8426	19
8427	19
8428	19
8429	19
8430	19
8431	19
8432	19
8433	19
8434	19
8435	19
8436	19
8437	19
8438	19
8439	19
8440	19
8441	19
8442	19
8443	19
8444	19
8445	19
8446	19
8447	19
8448	19
8449	19
8450	19
8451	19
8452	19
8453	19
8454	19
8455	19
8456	19
8457	19
8458	19
8459	19
8460	19
8461	19
8462	19
8463	19
8464	19
8465	19
8466	19
8467	19
8468	19
8469	19
8470	19
8471	19
8472	19
8473	19
8474	19
8475	19
8476	19
8477	19
8478	19
8479	19
8480	19
8481	19
8482	19
8483	19
8484	19
8485	19
8486	19
8487	19
8488	19
8489	19
8490	19
8491	19
8492	19
8493	19
8494	19
8495	19
8496	19
8497	19
8498	19
8499	19
8500	19
8501	19
8502	19
8503	19
8504	19
8505	19
8506	19
8507	19
8508	19
8509	19
8510	19
8511	19
8512	19
8513	19
8514	19
8515	19
8516	19
8517	19
8518	19
8519	19
8520	19
8521	19
8522	19
8523	19
8524	19
8525	19
8526	19
8527	19
8528	19
8529	19
8530	19
8531	19
8532	19
8533	19
8534	19
8535	19
8536	19
8537	19
8538	19
8539	19
8540	19
8541	19
8542	19
8543	19
8544	19
8545	19
8546	19
8547	19
8548	19
8549	19
8550	19
8551	19
8552	19
8553	19
8554	19
8555	19
8556	19
8557	19
8558	19
8559	19
8560	19
8561	19
8562	19
8563	19
8564	19
8565	19
8566	19
8567	19
8568	19
8569	19
8570	19
8571	19
8572	19
8573	19
8574	19
8575	19
8576	19
8577	19
8578	19
8579	19
8580	19
8581	19
8582	19
8583	19
8584	19
8585	19
8586	19
8587	19
8588	19
8589	19
8590	19
8591	19
8592	19
8593	19
8594	19
8595	19
8596	19
8597	19
8598	19
8599	19
8600	19
8601	19
8602	19
8603	19
8604	19
8605	19
8606	19
8607	19
8608	19
8609	19
8610	19
8611	19
8612	19
8613	19
8614	19
8615	19
8616	19
8617	19
8618	19
8619	19
8620	19
8621	19
8622	19
8623	19
8624	19
8625	19
8626	19
8627	19
8628	19
8629	19
8630	19
8631	19
8632	19
8633	19
8634	19
8635	19
8636	19
8637	19
8638	19
8639	19
8640	19
8641	19
8642	19
8643	19
8644	19
8645	19
8646	19
8647	19
8648	19
8649	19
8650	19
8651	19
8652	19
8653	19
8654	19
8655	19
8656	19
8657	19
8658	19
8659	19
8660	19
8661	19
8662	19
8663	19
8664	19
8665	19
8666	19
8667	19
8668	19
8669	19
8670	19
8671	19
8672	19
8673	19
8674	19
8675	19
8676	19
8677	19
8678	19
8679	19
8680	19
8681	19
8682	19
8683	19
8684	19
8685	19
8686	19
8687	19
8688	19
8689	19
8690	19
8691	19
8692	19
8693	19
8694	19
8695	19
8696	19
8697	19
8698	19
8699	19
8700	19
8701	19
8702	19
8703	19
8704	19
8705	19
8706	19
8707	19
8708	19
8709	19
8710	19
8711	19
8712	19
8713	19
8714	19
8715	19
8716	19
8717	19
8718	19
8719	19
8720	19
8721	19
8722	19
8723	19
8724	19
8725	19
8726	19
8727	19
8728	19
8729	19
8730	19
8731	19
8732	19
8733	19
8734	19
8735	19
8736	19
8737	19
8738	19
8739	19
8740	19
8741	19
8742	19
8743	19
8744	19
8745	19
8746	19
8747	19
8748	19
8749	19
8750	19
8751	19
8752	19
8753	19
8754	19
8755	19
8756	19
8757	19
8758	19
8759	19
8760	19
8761	19
8762	19
8763	19
8764	19
8765	19
8766	19
8767	19
8768	19
8769	19
8770	19
8771	19
8772	19
8773	19
8774	19
8775	19
8776	19
8777	19
8778	19
8779	19
8780	19
8781	19
8782	19
8783	19
8784	19
8785	19
8786	19
8787	19
8788	19
8789	19
8790	19
8791	19
8792	19
8793	19
8794	19
8795	19
8796	19
8797	19
8798	19
8799	19
8800	19
8801	19
8802	19
8803	19
8804	19
8805	19
8806	19
8807	19
8808	19
8809	19
8810	19
8811	19
8812	19
8813	19
8814	19
8815	19
8816	19
8817	19
8818	19
8819	19
8820	19
8821	19
8822	19
8823	19
8824	19
8825	19
8826	19
8827	19
8828	19
8829	19
8830	19
8831	19
8832	19
8833	19
8834	19
8835	19
8836	19
8837	19
8838	19
8839	19
8840	19
8841	19
8842	19
8843	19
8844	19
8845	19
8846	19
8847	19
8848	19
8849	19
8850	19
8851	19
8852	19
8853	19
8854	19
8855	19
8856	19
8857	19
8858	19
8859	19
8860	19
8861	19
8862	19
8863	19
8864	19
8865	19
8866	19
8867	19
8868	19
8869	19
8870	19
8871	19
8872	19
8873	19
8874	19
8875	19
8876	19
8877	19
8878	19
8879	19
8880	19
8881	19
8882	19
8883	19
8884	19
8885	19
8886	19
8887	19
8888	19
8889	19
8890	19
8891	19
8892	19
8893	19
8894	19
8895	19
8896	19
8897	19
8898	19
8899	19
8900	19
8901	19
8902	19
8903	19
8904	19
8905	19
8906	19
8907	19
8908	19
8909	19
8910	19
8911	19
8912	19
8913	19
8914	19
8915	19
8916	19
8917	19
8918	19
8919	19
8920	19
8921	19
8922	19
8923	19
8924	19
8925	19
8926	19
8927	19
8928	19
8929	19
8930	19
8931	19
8932	19
8933	19
8934	19
8935	19
8936	19
8937	19
8938	19
8939	19
8940	19
8941	19
8942	19
8943	19
8944	19
8945	19
8946	19
8947	19
8948	19
8949	19
8950	19
8951	19
8952	19
8953	19
8954	19
8955	19
8956	19
8957	19
8958	19
8959	19
8960	19
8961	19
8962	19
8963	19
8964	19
8965	19
8966	19
8967	19
8968	19
8969	19
8970	19
8971	19
8972	19
8973	19
8974	19
8975	19
8976	19
8977	19
8978	20
8979	20
8980	20
8981	20
8982	20
8983	20
8984	20
8985	20
8986	20
8987	20
8988	20
8989	20
8990	20
8991	20
8992	20
8993	20
8994	20
8995	20
8996	20
8997	20
8998	20
8999	20
9000	20
9001	20
9002	20
9003	20
9004	20
9005	20
9006	20
9007	20
9008	20
9009	20
9010	20
9011	20
9012	20
9013	20
9014	20
9015	20
9016	20
9017	20
9018	20
9019	20
9020	20
9021	20
9022	20
9023	20
9024	20
9025	20
9026	20
9027	20
9028	20
9029	20
9030	20
9031	20
9032	20
9033	20
9034	20
9035	20
9036	20
9037	20
9038	20
9039	20
9040	20
9041	20
9042	20
9043	20
9044	20
9045	20
9046	20
9047	20
9048	20
9049	20
9050	20
9051	20
9052	20
9053	20
9054	20
9055	20
9056	20
9057	20
9058	20
9059	20
9060	20
9061	20
9062	20
9063	20
9064	20
9065	20
9066	20
9067	20
9068	20
9069	20
9070	20
9071	20
9072	20
9073	20
9074	21
9075	21
9076	21
9077	21
9078	21
9079	21
9080	21
9081	21
9082	21
9083	21
9084	21
9085	21
9086	21
9087	21
9088	21
9089	21
9090	21
9091	21
9092	21
9093	21
9094	21
9095	21
9096	21
9097	21
9098	21
9099	21
9100	21
9101	21
9102	21
9103	21
9104	21
9105	21
9106	21
9107	21
9108	21
9109	21
9110	21
9111	21
9112	21
9113	21
9114	21
9115	21
9116	21
9117	21
9118	21
9119	21
9120	21
9121	21
9122	21
9123	21
9124	21
9125	21
9126	21
9127	21
9128	21
9129	21
9130	21
9131	21
9132	21
9133	21
9134	21
9135	21
9136	21
9137	21
9138	21
9139	21
9140	21
9141	21
9142	21
9143	21
9144	21
9145	21
9146	21
9147	21
9148	21
9149	21
9150	21
9151	21
9152	21
9153	21
9154	21
9155	21
9156	21
9157	21
9158	21
9159	21
9160	21
9161	21
9162	21
9163	21
9164	21
9165	21
9166	21
9167	21
9168	21
9169	21
9170	21
9171	21
9172	21
9173	21
9174	21
9175	21
9176	21
9177	21
9178	21
9179	21
9180	21
9181	21
9182	21
9183	21
9184	21
9185	21
9186	21
9187	21
9188	21
9189	21
9190	21
9191	21
9192	21
9193	21
9194	21
9195	21
9196	21
9197	21
9198	21
9199	21
9200	21
9201	21
9202	21
9203	21
9204	21
9205	21
9206	21
9207	21
9208	21
9209	21
9210	21
9211	21
9212	21
9213	21
9214	21
9215	21
9216	21
9217	21
9218	21
9219	21
9220	21
9221	21
9222	21
9223	21
9224	21
9225	21
9226	21
9227	21
9228	21
9229	21
9230	21
9231	21
9232	21
9233	21
9234	21
9235	21
9236	21
9237	21
9238	21
9239	21
9240	21
9241	21
9242	21
9243	21
9244	21
9245	21
9246	21
9247	21
9248	21
9249	21
9250	21
9251	21
9252	21
9253	21
9254	21
9255	21
9256	21
9257	21
9258	21
9259	21
9260	21
9261	21
9262	21
9263	21
9264	21
9265	21
9266	21
9267	21
9268	21
9269	21
9270	21
9271	21
9272	21
9273	21
9274	21
9275	21
9276	21
9277	21
9278	21
9279	21
9280	21
9281	21
9282	21
9283	21
9284	21
9285	21
9286	21
9287	21
9288	21
9289	21
9290	21
9291	21
9292	21
9293	21
9294	21
9295	21
9296	21
9297	21
9298	21
9299	21
9300	21
9301	21
9302	21
9303	21
9304	21
9305	21
9306	21
9307	21
9308	21
9309	21
9310	22
9311	22
9312	22
9313	22
9314	22
9315	22
9316	22
9317	22
9318	22
9319	22
9320	22
9321	22
9322	22
9323	22
9324	22
9325	22
9326	22
9327	22
9328	22
9329	22
9330	22
9331	22
9332	22
9333	22
9334	22
9335	22
9336	22
9337	22
9338	22
9339	22
9340	22
9341	22
9342	22
9343	22
9344	22
9345	22
9346	22
9347	22
9348	22
9349	22
9350	22
9351	22
9352	22
9353	22
9354	22
9355	22
9356	22
9357	22
9358	22
9359	22
9360	22
9361	22
9362	22
9363	22
9364	22
9365	22
9366	22
9367	22
9368	22
9369	22
9370	22
9371	22
9372	22
9373	22
9374	22
9375	22
9376	22
9377	22
9378	22
9379	22
9380	22
9381	22
9382	22
9383	22
9384	22
9385	22
9386	22
9387	22
9388	22
9389	22
9390	22
9391	22
9392	22
9393	22
9394	22
9395	22
9396	22
9397	22
9398	22
9399	22
9400	22
9401	22
9402	22
9403	22
9404	22
9405	22
9406	22
9407	22
9408	22
9409	22
9410	22
9411	22
9412	22
9413	22
9414	22
9415	22
9416	22
9417	22
9418	22
9419	22
9420	22
9421	22
9422	22
9423	22
9424	22
9425	22
9426	22
9427	22
9428	22
9429	22
9430	22
9431	22
9432	22
9433	22
9434	22
9435	22
9436	22
9437	22
9438	22
9439	22
9440	22
9441	22
9442	22
9443	22
9444	22
9445	22
9446	22
9447	22
9448	22
9449	22
9450	22
9451	22
9452	22
9453	22
9454	22
9455	23
9456	23
9457	23
9458	23
9459	23
9460	23
9461	23
9462	23
9463	23
9464	23
9465	23
9466	23
9467	23
9468	23
9469	23
9470	23
9471	23
9472	23
9473	23
9474	23
9475	23
9476	23
9477	23
9478	23
9479	23
9480	24
9481	24
9482	24
9483	24
9484	24
9485	24
9486	24
9487	24
9488	24
9489	24
9490	24
9491	24
9492	24
9493	24
9494	24
9495	24
9496	24
9497	24
9498	24
9499	24
9500	24
9501	24
9502	24
9503	24
9504	24
9505	24
9506	24
9507	24
9508	24
9509	24
9510	24
9511	24
9512	24
9513	24
9514	24
9515	24
9516	24
9517	24
9518	24
9519	24
9520	24
9521	24
9522	24
9523	24
9524	24
9525	24
9526	24
9527	24
9528	24
9529	24
9530	24
9531	24
9532	24
9533	24
9534	24
9535	24
9536	24
9537	24
9538	24
9539	24
9540	24
9541	24
9542	24
9543	24
9544	24
9545	24
9546	24
9547	24
9548	24
9549	24
9550	24
9551	24
9552	24
9553	24
9554	24
9555	24
9556	24
9557	24
9558	24
9559	24
9560	24
9561	24
9562	24
9563	24
9564	24
9565	24
9566	24
9567	24
9568	24
9569	24
9570	24
9571	24
9572	24
9573	24
9574	24
9575	24
9576	24
9577	24
9578	24
9579	24
9580	24
9581	24
9582	24
9583	24
9584	24
9585	24
9586	24
9587	24
9588	24
9589	24
9590	25
9591	25
9592	25
9593	25
9594	25
9595	25
9596	25
9597	25
9598	25
9599	25
9600	25
9601	25
9602	25
9603	25
9604	25
9605	25
9606	25
9607	25
9608	25
9609	25
9610	25
9611	25
9612	25
9613	25
9614	25
9615	25
9616	25
9617	25
9618	25
9619	25
9620	25
9621	25
9622	25
9623	25
9624	25
9625	25
9626	25
9627	25
9628	25
9629	25
9630	25
9631	25
9632	25
9633	25
9634	25
9635	25
9636	25
9637	25
9638	25
9639	25
9640	25
9641	25
9642	25
9643	25
9644	25
9645	25
9646	25
9647	25
9648	25
9649	25
9650	25
9651	25
9652	25
9653	25
9654	25
9655	25
9656	25
9657	26
9658	26
9659	26
9660	26
9661	26
9662	26
9663	26
9664	26
9665	26
9666	26
9667	26
9668	26
9669	26
9670	26
9671	26
9672	26
9673	26
9674	26
9675	26
9676	26
9677	26
9678	26
9679	26
9680	26
9681	26
9682	26
9683	26
9684	26
9685	26
9686	26
9687	26
9688	26
9689	26
9690	26
9691	26
9692	26
9693	26
9694	26
9695	26
9696	26
9697	26
9698	26
9699	26
9700	26
9701	26
9702	26
9703	26
9704	26
9705	26
9706	26
9707	26
9708	26
9709	26
9710	26
9711	26
9712	26
9713	26
9714	26
9715	26
9716	26
9717	26
9718	26
9719	26
9720	26
9721	26
9722	26
9723	26
9724	26
9725	26
9726	26
9727	26
9728	26
9729	26
9730	26
9731	26
9732	26
9733	26
9734	26
9735	26
9736	26
9737	26
9738	26
9739	26
9740	26
9741	26
9742	26
9743	26
9744	26
9745	26
9746	26
9747	26
9748	26
9749	26
9750	26
9751	26
9752	26
9753	26
9754	26
9755	26
9756	26
9757	26
9758	26
9759	26
9760	26
9761	26
9762	26
9763	26
9764	26
9765	26
9766	26
9767	26
9768	26
9769	26
9770	26
9771	26
9772	26
9773	26
9774	26
9775	26
9776	26
9777	26
9778	26
9779	26
9780	26
9781	26
9782	26
9783	26
9784	26
9785	26
9786	26
9787	26
9788	26
9789	26
9790	26
9791	26
9792	26
9793	26
9794	26
9795	26
9796	26
9797	26
9798	26
9799	26
9800	26
9801	26
9802	26
9803	26
9804	26
9805	26
9806	26
9807	26
9808	26
9809	26
9810	26
9811	26
9812	26
9813	26
9814	26
9815	26
9816	26
9817	26
9818	26
9819	26
9820	26
9821	26
9822	26
9823	26
9824	26
9825	26
9826	26
9827	26
9828	26
9829	26
9830	26
9831	26
9832	26
9833	26
9834	26
9835	26
9836	26
9837	26
9838	26
9839	26
9840	26
9841	26
9842	26
9843	26
9844	26
9845	26
9846	26
9847	26
9848	26
9849	26
9850	26
9851	26
9852	26
9853	26
9854	26
9855	26
9856	26
9857	26
9858	26
9859	26
9860	26
9861	26
9862	26
9863	26
9864	26
9865	26
9866	26
9867	26
9868	26
9869	26
9870	26
9871	26
9872	26
9873	26
9874	26
9875	26
9876	26
9877	26
9878	26
9879	26
9880	26
9881	26
9882	26
9883	26
9884	26
9885	26
9886	26
9887	26
9888	26
9889	26
9890	26
9891	26
9892	26
9893	26
9894	26
9895	26
9896	26
9897	26
9898	26
9899	26
9900	26
9901	26
9902	26
9903	26
9904	26
9905	26
9906	26
9907	26
9908	26
9909	26
9910	26
9911	26
9912	26
9913	26
9914	26
9915	26
9916	26
9917	26
9918	26
9919	26
9920	26
9921	26
9922	26
9923	26
9924	26
9925	26
9926	26
9927	26
9928	26
9929	26
9930	26
9931	26
9932	26
9933	26
9934	26
9935	26
9936	26
9937	26
9938	26
9939	26
9940	26
9941	26
9942	26
9943	26
9944	26
9945	26
9946	26
9947	26
9948	26
9949	26
9950	26
9951	26
9952	26
9953	26
9954	26
9955	26
9956	26
9957	26
9958	26
9959	26
9960	26
9961	26
9962	26
9963	26
9964	26
9965	26
9966	26
9967	26
9968	26
9969	26
9970	26
9971	26
9972	26
9973	26
9974	26
9975	26
9976	26
9977	26
9978	26
9979	26
9980	26
9981	26
9982	26
9983	26
9984	26
9985	26
9986	26
9987	26
9988	26
9989	26
9990	26
9991	26
9992	26
9993	26
9994	26
9995	26
9996	26
9997	26
9998	26
9999	26
10000	26
