#Clock	ItemsCollected
1	0
2	0
3	0
4	0
5	0
6	0
7	0
8	0
9	0
10	0
11	0
12	0
13	0
14	0
15	0
16	0
17	0
18	0
19	0
20	0
21	0
22	0
23	0
24	0
25	0
26	0
27	0
28	0
29	0
30	0
31	0
32	0
33	0
34	0
35	0
36	0
37	0
38	0
39	0
40	0
41	0
42	0
43	0
44	0
45	0
46	0
47	0
48	0
49	0
50	0
51	0
52	0
53	0
54	0
55	0
56	0
57	0
58	0
59	0
60	0
61	0
62	0
63	0
64	0
65	0
66	0
67	0
68	0
69	0
70	0
71	0
72	0
73	0
74	0
75	0
76	0
77	0
78	0
79	0
80	0
81	0
82	0
83	0
84	0
85	0
86	0
87	0
88	0
89	0
90	0
91	0
92	0
93	0
94	0
95	0
96	0
97	0
98	0
99	0
100	0
101	0
102	0
103	0
104	0
105	0
106	0
107	0
108	0
109	0
110	0
111	0
112	0
113	0
114	0
115	0
116	0
117	0
118	0
119	0
120	0
121	0
122	0
123	0
124	0
125	0
126	0
127	0
128	0
129	0
130	0
131	0
132	0
133	0
134	0
135	0
136	0
137	0
138	0
139	0
140	0
141	0
142	0
143	0
144	0
145	0
146	0
147	0
148	0
149	0
150	0
151	0
152	0
153	0
154	0
155	0
156	0
157	0
158	0
159	0
160	0
161	0
162	0
163	0
164	0
165	0
166	0
167	0
168	0
169	0
170	0
171	0
172	0
173	0
174	0
175	0
176	0
177	0
178	0
179	0
180	0
181	0
182	0
183	0
184	0
185	0
186	0
187	0
188	0
189	0
190	0
191	0
192	0
193	0
194	0
195	0
196	0
197	0
198	0
199	0
200	0
201	0
202	0
203	0
204	0
205	0
206	0
207	0
208	0
209	0
210	0
211	0
212	0
213	0
214	0
215	0
216	0
217	0
218	0
219	0
220	0
221	0
222	0
223	0
224	0
225	0
226	0
227	0
228	0
229	0
230	0
231	0
232	0
233	0
234	0
235	0
236	0
237	0
238	0
239	0
240	0
241	0
242	0
243	0
244	0
245	0
246	0
247	0
248	0
249	0
250	0
251	0
252	0
253	0
254	0
255	0
256	0
257	0
258	0
259	0
260	0
261	0
262	0
263	0
264	0
265	0
266	0
267	0
268	0
269	0
270	0
271	0
272	0
273	0
274	0
275	0
276	0
277	0
278	0
279	0
280	0
281	0
282	0
283	0
284	0
285	0
286	0
287	0
288	0
289	0
290	0
291	0
292	0
293	0
294	0
295	0
296	0
297	0
298	0
299	0
300	0
301	0
302	0
303	0
304	0
305	0
306	0
307	0
308	0
309	0
310	0
311	0
312	0
313	0
314	0
315	0
316	0
317	0
318	0
319	0
320	0
321	0
322	0
323	0
324	0
325	0
326	0
327	0
328	0
329	0
330	0
331	0
332	0
333	0
334	0
335	0
336	0
337	0
338	0
339	0
340	0
341	0
342	0
343	0
344	0
345	0
346	0
347	0
348	0
349	0
350	0
351	0
352	0
353	0
354	0
355	0
356	0
357	0
358	0
359	0
360	0
361	0
362	0
363	0
364	0
365	0
366	0
367	0
368	0
369	0
370	0
371	0
372	0
373	0
374	0
375	0
376	0
377	0
378	0
379	0
380	0
381	0
382	0
383	0
384	0
385	0
386	0
387	0
388	0
389	0
390	0
391	0
392	0
393	0
394	0
395	0
396	0
397	0
398	0
399	0
400	0
401	0
402	0
403	0
404	0
405	0
406	0
407	0
408	0
409	0
410	0
411	0
412	0
413	0
414	0
415	0
416	0
417	0
418	0
419	0
420	0
421	0
422	0
423	0
424	0
425	0
426	0
427	0
428	0
429	0
430	0
431	0
432	0
433	0
434	0
435	0
436	0
437	0
438	0
439	0
440	0
441	0
442	0
443	0
444	0
445	0
446	0
447	0
448	0
449	0
450	0
451	0
452	0
453	0
454	0
455	0
456	0
457	0
458	0
459	0
460	0
461	0
462	0
463	0
464	0
465	0
466	0
467	0
468	0
469	0
470	0
471	0
472	0
473	0
474	0
475	0
476	0
477	0
478	0
479	0
480	0
481	0
482	0
483	0
484	0
485	0
486	0
487	0
488	0
489	0
490	0
491	0
492	0
493	0
494	0
495	0
496	0
497	0
498	0
499	0
500	0
501	0
502	0
503	0
504	0
505	0
506	0
507	0
508	0
509	0
510	0
511	0
512	0
513	0
514	0
515	0
516	0
517	0
518	0
519	0
520	0
521	0
522	0
523	0
524	0
525	0
526	0
527	0
528	0
529	0
530	0
531	0
532	0
533	0
534	0
535	0
536	0
537	0
538	0
539	0
540	0
541	0
542	0
543	0
544	0
545	0
546	0
547	0
548	0
549	0
550	0
551	0
552	0
553	0
554	0
555	0
556	0
557	0
558	0
559	0
560	0
561	0
562	0
563	0
564	0
565	0
566	0
567	0
568	0
569	0
570	0
571	0
572	0
573	0
574	0
575	0
576	0
577	0
578	0
579	0
580	0
581	0
582	0
583	0
584	0
585	0
586	0
587	0
588	0
589	0
590	0
591	0
592	0
593	0
594	0
595	0
596	0
597	0
598	0
599	0
600	0
601	0
602	0
603	0
604	0
605	0
606	0
607	0
608	0
609	0
610	0
611	0
612	0
613	0
614	0
615	0
616	0
617	0
618	0
619	0
620	0
621	0
622	0
623	0
624	0
625	0
626	0
627	0
628	0
629	0
630	0
631	0
632	0
633	0
634	0
635	0
636	0
637	0
638	0
639	0
640	0
641	0
642	0
643	0
644	0
645	0
646	0
647	0
648	0
649	0
650	0
651	0
652	0
653	0
654	0
655	0
656	0
657	0
658	0
659	0
660	0
661	0
662	0
663	0
664	0
665	0
666	0
667	0
668	0
669	0
670	0
671	0
672	0
673	0
674	0
675	0
676	0
677	0
678	0
679	0
680	0
681	0
682	0
683	0
684	0
685	0
686	0
687	0
688	0
689	0
690	0
691	0
692	0
693	0
694	0
695	0
696	0
697	0
698	0
699	0
700	0
701	0
702	0
703	0
704	0
705	0
706	0
707	0
708	0
709	0
710	0
711	0
712	0
713	0
714	0
715	0
716	0
717	0
718	0
719	0
720	0
721	0
722	0
723	0
724	0
725	0
726	0
727	0
728	0
729	0
730	0
731	0
732	0
733	0
734	0
735	0
736	0
737	0
738	0
739	0
740	0
741	0
742	0
743	0
744	0
745	0
746	0
747	0
748	0
749	0
750	0
751	0
752	0
753	0
754	0
755	0
756	0
757	0
758	0
759	0
760	0
761	0
762	0
763	0
764	0
765	0
766	0
767	0
768	0
769	0
770	0
771	0
772	0
773	0
774	0
775	0
776	0
777	0
778	0
779	0
780	0
781	0
782	0
783	0
784	0
785	0
786	0
787	0
788	0
789	0
790	0
791	0
792	0
793	0
794	0
795	0
796	0
797	0
798	0
799	0
800	0
801	0
802	0
803	0
804	0
805	0
806	0
807	0
808	0
809	0
810	0
811	0
812	0
813	0
814	0
815	0
816	0
817	0
818	0
819	0
820	0
821	0
822	0
823	0
824	0
825	0
826	0
827	0
828	0
829	0
830	0
831	0
832	0
833	0
834	0
835	0
836	0
837	0
838	0
839	0
840	0
841	0
842	0
843	0
844	0
845	0
846	0
847	0
848	0
849	0
850	0
851	0
852	0
853	0
854	0
855	0
856	0
857	0
858	0
859	0
860	0
861	0
862	0
863	0
864	0
865	0
866	0
867	0
868	0
869	0
870	0
871	0
872	0
873	0
874	0
875	0
876	0
877	0
878	0
879	0
880	0
881	0
882	0
883	0
884	0
885	0
886	0
887	0
888	0
889	0
890	0
891	0
892	0
893	0
894	0
895	0
896	0
897	0
898	0
899	0
900	0
901	0
902	0
903	0
904	0
905	0
906	0
907	0
908	0
909	0
910	0
911	0
912	0
913	0
914	0
915	0
916	0
917	0
918	0
919	0
920	0
921	0
922	0
923	0
924	0
925	0
926	0
927	0
928	0
929	0
930	0
931	0
932	0
933	0
934	0
935	0
936	0
937	0
938	0
939	0
940	0
941	0
942	0
943	0
944	0
945	0
946	0
947	0
948	0
949	0
950	0
951	0
952	0
953	0
954	0
955	0
956	0
957	0
958	0
959	0
960	0
961	0
962	0
963	0
964	0
965	0
966	0
967	0
968	0
969	0
970	0
971	0
972	0
973	0
974	0
975	0
976	0
977	0
978	0
979	0
980	0
981	0
982	0
983	0
984	0
985	0
986	0
987	0
988	0
989	0
990	0
991	0
992	0
993	0
994	0
995	0
996	0
997	0
998	0
999	0
1000	0
1001	0
1002	0
1003	0
1004	0
1005	0
1006	0
1007	0
1008	0
1009	0
1010	0
1011	0
1012	0
1013	0
1014	0
1015	0
1016	0
1017	0
1018	0
1019	0
1020	0
1021	0
1022	0
1023	0
1024	0
1025	0
1026	0
1027	0
1028	0
1029	0
1030	0
1031	0
1032	0
1033	0
1034	0
1035	0
1036	0
1037	0
1038	0
1039	0
1040	0
1041	0
1042	0
1043	0
1044	0
1045	0
1046	0
1047	0
1048	0
1049	0
1050	0
1051	0
1052	0
1053	0
1054	0
1055	0
1056	0
1057	0
1058	0
1059	0
1060	0
1061	0
1062	0
1063	0
1064	0
1065	0
1066	0
1067	0
1068	0
1069	0
1070	0
1071	0
1072	0
1073	0
1074	0
1075	0
1076	0
1077	0
1078	0
1079	0
1080	0
1081	0
1082	0
1083	0
1084	0
1085	0
1086	0
1087	0
1088	0
1089	0
1090	0
1091	0
1092	0
1093	0
1094	0
1095	0
1096	0
1097	0
1098	0
1099	0
1100	0
1101	0
1102	0
1103	0
1104	0
1105	0
1106	0
1107	0
1108	0
1109	0
1110	0
1111	0
1112	0
1113	0
1114	0
1115	0
1116	0
1117	0
1118	0
1119	0
1120	0
1121	0
1122	0
1123	0
1124	0
1125	0
1126	0
1127	0
1128	0
1129	0
1130	0
1131	0
1132	0
1133	0
1134	0
1135	0
1136	0
1137	0
1138	0
1139	0
1140	0
1141	0
1142	0
1143	0
1144	0
1145	0
1146	0
1147	0
1148	0
1149	0
1150	0
1151	0
1152	0
1153	0
1154	0
1155	0
1156	0
1157	0
1158	0
1159	0
1160	0
1161	0
1162	0
1163	0
1164	0
1165	0
1166	0
1167	0
1168	0
1169	0
1170	0
1171	0
1172	0
1173	0
1174	0
1175	0
1176	0
1177	0
1178	0
1179	0
1180	0
1181	0
1182	0
1183	0
1184	0
1185	0
1186	0
1187	0
1188	0
1189	0
1190	0
1191	0
1192	0
1193	0
1194	0
1195	0
1196	0
1197	0
1198	0
1199	0
1200	0
1201	0
1202	0
1203	0
1204	0
1205	0
1206	0
1207	0
1208	0
1209	0
1210	0
1211	0
1212	0
1213	0
1214	0
1215	0
1216	0
1217	0
1218	0
1219	0
1220	0
1221	0
1222	0
1223	0
1224	0
1225	0
1226	0
1227	0
1228	0
1229	0
1230	0
1231	0
1232	0
1233	0
1234	0
1235	0
1236	0
1237	0
1238	0
1239	0
1240	0
1241	0
1242	0
1243	0
1244	0
1245	0
1246	0
1247	0
1248	0
1249	0
1250	0
1251	0
1252	0
1253	0
1254	0
1255	0
1256	0
1257	0
1258	0
1259	0
1260	0
1261	0
1262	0
1263	0
1264	0
1265	0
1266	0
1267	0
1268	0
1269	0
1270	0
1271	0
1272	0
1273	0
1274	0
1275	0
1276	0
1277	0
1278	0
1279	0
1280	0
1281	0
1282	0
1283	0
1284	0
1285	0
1286	0
1287	0
1288	0
1289	0
1290	0
1291	0
1292	0
1293	0
1294	0
1295	0
1296	0
1297	0
1298	0
1299	0
1300	0
1301	0
1302	0
1303	0
1304	0
1305	0
1306	0
1307	0
1308	0
1309	0
1310	0
1311	0
1312	0
1313	0
1314	0
1315	0
1316	0
1317	0
1318	0
1319	0
1320	0
1321	0
1322	0
1323	0
1324	0
1325	0
1326	0
1327	0
1328	0
1329	0
1330	0
1331	0
1332	0
1333	0
1334	0
1335	0
1336	0
1337	0
1338	0
1339	0
1340	0
1341	0
1342	0
1343	0
1344	0
1345	0
1346	0
1347	0
1348	0
1349	0
1350	0
1351	0
1352	0
1353	0
1354	0
1355	0
1356	0
1357	0
1358	0
1359	0
1360	0
1361	0
1362	0
1363	0
1364	0
1365	0
1366	0
1367	0
1368	0
1369	0
1370	0
1371	0
1372	0
1373	0
1374	0
1375	0
1376	0
1377	0
1378	0
1379	0
1380	0
1381	0
1382	0
1383	0
1384	0
1385	0
1386	0
1387	0
1388	0
1389	0
1390	0
1391	0
1392	0
1393	0
1394	0
1395	0
1396	0
1397	0
1398	0
1399	0
1400	0
1401	0
1402	0
1403	0
1404	0
1405	0
1406	0
1407	0
1408	0
1409	0
1410	0
1411	0
1412	0
1413	0
1414	0
1415	0
1416	0
1417	0
1418	0
1419	0
1420	0
1421	0
1422	0
1423	0
1424	0
1425	0
1426	0
1427	0
1428	0
1429	0
1430	0
1431	0
1432	0
1433	0
1434	0
1435	0
1436	0
1437	0
1438	0
1439	0
1440	0
1441	0
1442	0
1443	0
1444	0
1445	0
1446	0
1447	0
1448	0
1449	0
1450	0
1451	0
1452	0
1453	0
1454	0
1455	0
1456	0
1457	0
1458	0
1459	0
1460	0
1461	0
1462	0
1463	0
1464	0
1465	0
1466	0
1467	0
1468	0
1469	0
1470	0
1471	0
1472	0
1473	0
1474	0
1475	0
1476	0
1477	0
1478	0
1479	0
1480	0
1481	0
1482	0
1483	0
1484	0
1485	0
1486	0
1487	0
1488	0
1489	0
1490	0
1491	0
1492	0
1493	0
1494	0
1495	0
1496	0
1497	0
1498	0
1499	0
1500	0
1501	0
1502	0
1503	0
1504	0
1505	0
1506	0
1507	0
1508	0
1509	0
1510	0
1511	0
1512	0
1513	0
1514	0
1515	0
1516	0
1517	0
1518	0
1519	0
1520	0
1521	0
1522	0
1523	0
1524	0
1525	0
1526	0
1527	0
1528	0
1529	0
1530	0
1531	0
1532	0
1533	0
1534	0
1535	0
1536	0
1537	0
1538	0
1539	0
1540	0
1541	0
1542	0
1543	0
1544	0
1545	0
1546	0
1547	0
1548	0
1549	0
1550	0
1551	0
1552	0
1553	0
1554	0
1555	0
1556	0
1557	0
1558	0
1559	0
1560	0
1561	0
1562	0
1563	0
1564	0
1565	0
1566	0
1567	0
1568	0
1569	0
1570	0
1571	0
1572	0
1573	0
1574	0
1575	0
1576	0
1577	0
1578	0
1579	0
1580	0
1581	0
1582	0
1583	0
1584	0
1585	0
1586	0
1587	0
1588	0
1589	0
1590	0
1591	0
1592	0
1593	0
1594	0
1595	0
1596	0
1597	0
1598	0
1599	0
1600	0
1601	0
1602	0
1603	0
1604	0
1605	0
1606	0
1607	0
1608	0
1609	0
1610	0
1611	0
1612	0
1613	0
1614	0
1615	0
1616	0
1617	0
1618	0
1619	0
1620	0
1621	0
1622	0
1623	0
1624	0
1625	0
1626	0
1627	0
1628	0
1629	0
1630	0
1631	0
1632	0
1633	0
1634	0
1635	0
1636	0
1637	0
1638	0
1639	0
1640	0
1641	0
1642	0
1643	0
1644	0
1645	0
1646	0
1647	0
1648	0
1649	0
1650	0
1651	0
1652	0
1653	0
1654	0
1655	0
1656	0
1657	0
1658	0
1659	0
1660	0
1661	0
1662	0
1663	0
1664	0
1665	0
1666	0
1667	0
1668	0
1669	0
1670	0
1671	0
1672	0
1673	0
1674	0
1675	0
1676	0
1677	0
1678	0
1679	0
1680	0
1681	0
1682	0
1683	0
1684	0
1685	0
1686	0
1687	0
1688	0
1689	0
1690	0
1691	0
1692	0
1693	0
1694	0
1695	0
1696	0
1697	0
1698	0
1699	0
1700	0
1701	0
1702	0
1703	0
1704	0
1705	0
1706	0
1707	0
1708	0
1709	0
1710	0
1711	0
1712	0
1713	0
1714	0
1715	0
1716	0
1717	0
1718	0
1719	0
1720	0
1721	0
1722	0
1723	0
1724	0
1725	0
1726	0
1727	0
1728	0
1729	0
1730	0
1731	0
1732	0
1733	0
1734	0
1735	0
1736	0
1737	0
1738	0
1739	0
1740	0
1741	0
1742	0
1743	0
1744	0
1745	0
1746	0
1747	0
1748	0
1749	0
1750	0
1751	0
1752	0
1753	0
1754	0
1755	0
1756	0
1757	0
1758	0
1759	0
1760	0
1761	0
1762	0
1763	0
1764	0
1765	0
1766	0
1767	0
1768	0
1769	0
1770	0
1771	0
1772	0
1773	0
1774	0
1775	0
1776	0
1777	0
1778	0
1779	0
1780	0
1781	0
1782	0
1783	0
1784	0
1785	0
1786	0
1787	0
1788	0
1789	0
1790	0
1791	0
1792	0
1793	0
1794	0
1795	0
1796	0
1797	0
1798	0
1799	0
1800	0
1801	0
1802	0
1803	0
1804	0
1805	0
1806	0
1807	0
1808	0
1809	0
1810	0
1811	0
1812	0
1813	0
1814	0
1815	0
1816	0
1817	0
1818	0
1819	0
1820	0
1821	0
1822	0
1823	0
1824	0
1825	0
1826	0
1827	0
1828	0
1829	0
1830	0
1831	0
1832	0
1833	0
1834	0
1835	0
1836	0
1837	0
1838	0
1839	0
1840	0
1841	0
1842	0
1843	0
1844	0
1845	0
1846	0
1847	0
1848	0
1849	0
1850	0
1851	0
1852	0
1853	0
1854	0
1855	0
1856	0
1857	0
1858	0
1859	0
1860	0
1861	0
1862	0
1863	0
1864	0
1865	0
1866	0
1867	0
1868	0
1869	0
1870	0
1871	0
1872	0
1873	0
1874	0
1875	0
1876	0
1877	0
1878	0
1879	0
1880	0
1881	0
1882	0
1883	0
1884	0
1885	0
1886	0
1887	0
1888	0
1889	0
1890	0
1891	0
1892	0
1893	0
1894	0
1895	0
1896	0
1897	0
1898	0
1899	0
1900	0
1901	0
1902	0
1903	0
1904	0
1905	0
1906	0
1907	0
1908	0
1909	0
1910	0
1911	0
1912	0
1913	0
1914	0
1915	0
1916	0
1917	0
1918	0
1919	0
1920	0
1921	0
1922	0
1923	0
1924	0
1925	0
1926	0
1927	0
1928	0
1929	0
1930	0
1931	0
1932	0
1933	0
1934	0
1935	0
1936	0
1937	0
1938	0
1939	0
1940	0
1941	0
1942	0
1943	0
1944	0
1945	0
1946	0
1947	0
1948	0
1949	0
1950	0
1951	0
1952	0
1953	0
1954	0
1955	0
1956	0
1957	0
1958	0
1959	0
1960	0
1961	0
1962	0
1963	0
1964	0
1965	0
1966	0
1967	0
1968	0
1969	0
1970	0
1971	0
1972	0
1973	0
1974	0
1975	0
1976	0
1977	0
1978	0
1979	0
1980	0
1981	0
1982	0
1983	0
1984	0
1985	0
1986	0
1987	0
1988	0
1989	0
1990	0
1991	0
1992	0
1993	0
1994	0
1995	0
1996	0
1997	0
1998	0
1999	0
2000	0
2001	0
2002	0
2003	0
2004	0
2005	0
2006	0
2007	0
2008	0
2009	0
2010	0
2011	0
2012	0
2013	0
2014	0
2015	0
2016	0
2017	0
2018	0
2019	0
2020	0
2021	0
2022	0
2023	0
2024	0
2025	0
2026	0
2027	0
2028	0
2029	0
2030	0
2031	0
2032	0
2033	0
2034	0
2035	0
2036	0
2037	0
2038	0
2039	0
2040	0
2041	0
2042	0
2043	0
2044	0
2045	0
2046	0
2047	0
2048	0
2049	0
2050	0
2051	0
2052	0
2053	0
2054	0
2055	0
2056	0
2057	0
2058	0
2059	0
2060	0
2061	0
2062	0
2063	0
2064	0
2065	0
2066	0
2067	0
2068	0
2069	0
2070	0
2071	0
2072	0
2073	0
2074	0
2075	0
2076	0
2077	0
2078	0
2079	0
2080	0
2081	0
2082	0
2083	0
2084	0
2085	0
2086	0
2087	0
2088	0
2089	0
2090	0
2091	0
2092	0
2093	0
2094	0
2095	0
2096	0
2097	0
2098	0
2099	0
2100	0
2101	0
2102	0
2103	0
2104	0
2105	0
2106	0
2107	0
2108	0
2109	0
2110	0
2111	0
2112	0
2113	0
2114	0
2115	0
2116	0
2117	0
2118	0
2119	0
2120	0
2121	0
2122	0
2123	0
2124	0
2125	0
2126	0
2127	0
2128	0
2129	0
2130	0
2131	0
2132	0
2133	0
2134	0
2135	0
2136	0
2137	0
2138	0
2139	0
2140	0
2141	0
2142	0
2143	0
2144	0
2145	0
2146	0
2147	0
2148	0
2149	0
2150	0
2151	0
2152	0
2153	0
2154	0
2155	0
2156	0
2157	0
2158	0
2159	0
2160	0
2161	0
2162	0
2163	0
2164	0
2165	0
2166	0
2167	0
2168	0
2169	0
2170	0
2171	0
2172	0
2173	0
2174	0
2175	0
2176	0
2177	0
2178	0
2179	0
2180	0
2181	0
2182	0
2183	0
2184	0
2185	0
2186	0
2187	0
2188	0
2189	0
2190	0
2191	0
2192	0
2193	0
2194	0
2195	0
2196	0
2197	0
2198	0
2199	0
2200	0
2201	0
2202	0
2203	0
2204	0
2205	0
2206	0
2207	0
2208	0
2209	0
2210	0
2211	0
2212	0
2213	0
2214	0
2215	0
2216	0
2217	0
2218	0
2219	0
2220	0
2221	0
2222	0
2223	0
2224	0
2225	0
2226	0
2227	0
2228	0
2229	0
2230	0
2231	0
2232	0
2233	0
2234	0
2235	0
2236	0
2237	0
2238	0
2239	0
2240	0
2241	0
2242	0
2243	0
2244	0
2245	0
2246	0
2247	0
2248	0
2249	0
2250	0
2251	0
2252	0
2253	0
2254	0
2255	0
2256	0
2257	0
2258	0
2259	0
2260	0
2261	0
2262	0
2263	0
2264	0
2265	0
2266	0
2267	0
2268	0
2269	0
2270	0
2271	0
2272	0
2273	0
2274	0
2275	0
2276	0
2277	0
2278	0
2279	0
2280	0
2281	0
2282	0
2283	0
2284	0
2285	0
2286	0
2287	0
2288	0
2289	0
2290	0
2291	0
2292	0
2293	0
2294	0
2295	0
2296	0
2297	0
2298	0
2299	0
2300	0
2301	0
2302	0
2303	0
2304	0
2305	0
2306	0
2307	0
2308	0
2309	0
2310	0
2311	0
2312	0
2313	0
2314	0
2315	0
2316	0
2317	0
2318	0
2319	0
2320	0
2321	0
2322	0
2323	0
2324	0
2325	0
2326	0
2327	0
2328	0
2329	0
2330	0
2331	0
2332	0
2333	0
2334	0
2335	0
2336	0
2337	0
2338	0
2339	0
2340	0
2341	0
2342	0
2343	0
2344	0
2345	0
2346	0
2347	0
2348	0
2349	0
2350	0
2351	0
2352	0
2353	0
2354	0
2355	0
2356	0
2357	0
2358	0
2359	0
2360	0
2361	0
2362	0
2363	0
2364	0
2365	0
2366	0
2367	0
2368	0
2369	0
2370	0
2371	0
2372	0
2373	0
2374	0
2375	0
2376	0
2377	0
2378	0
2379	0
2380	0
2381	0
2382	0
2383	0
2384	0
2385	0
2386	0
2387	0
2388	0
2389	0
2390	0
2391	0
2392	0
2393	0
2394	0
2395	0
2396	0
2397	0
2398	0
2399	0
2400	0
2401	0
2402	0
2403	0
2404	0
2405	0
2406	0
2407	0
2408	0
2409	0
2410	0
2411	0
2412	0
2413	0
2414	0
2415	0
2416	0
2417	0
2418	0
2419	0
2420	0
2421	0
2422	0
2423	0
2424	0
2425	0
2426	0
2427	0
2428	0
2429	0
2430	0
2431	0
2432	0
2433	0
2434	0
2435	0
2436	0
2437	0
2438	0
2439	0
2440	0
2441	0
2442	0
2443	0
2444	0
2445	0
2446	0
2447	0
2448	0
2449	0
2450	0
2451	0
2452	0
2453	0
2454	0
2455	0
2456	0
2457	0
2458	0
2459	0
2460	0
2461	0
2462	0
2463	0
2464	0
2465	0
2466	0
2467	0
2468	0
2469	0
2470	0
2471	0
2472	0
2473	0
2474	0
2475	0
2476	0
2477	0
2478	0
2479	0
2480	0
2481	0
2482	0
2483	0
2484	0
2485	0
2486	0
2487	0
2488	0
2489	0
2490	0
2491	0
2492	0
2493	0
2494	0
2495	0
2496	0
2497	0
2498	0
2499	0
2500	0
2501	0
2502	0
2503	0
2504	0
2505	0
2506	0
2507	0
2508	0
2509	0
2510	0
2511	0
2512	0
2513	0
2514	0
2515	0
2516	0
2517	0
2518	0
2519	0
2520	0
2521	0
2522	0
2523	0
2524	0
2525	0
2526	0
2527	0
2528	0
2529	0
2530	0
2531	0
2532	0
2533	0
2534	0
2535	0
2536	0
2537	0
2538	0
2539	0
2540	0
2541	0
2542	0
2543	0
2544	0
2545	0
2546	0
2547	0
2548	0
2549	0
2550	0
2551	0
2552	0
2553	0
2554	0
2555	0
2556	0
2557	0
2558	0
2559	0
2560	0
2561	0
2562	0
2563	0
2564	0
2565	0
2566	0
2567	0
2568	0
2569	0
2570	0
2571	0
2572	0
2573	0
2574	0
2575	0
2576	0
2577	0
2578	0
2579	0
2580	0
2581	0
2582	0
2583	0
2584	0
2585	0
2586	0
2587	0
2588	0
2589	0
2590	0
2591	0
2592	0
2593	0
2594	0
2595	0
2596	0
2597	0
2598	0
2599	0
2600	0
2601	0
2602	0
2603	0
2604	0
2605	0
2606	0
2607	0
2608	0
2609	0
2610	0
2611	0
2612	0
2613	0
2614	0
2615	0
2616	0
2617	0
2618	0
2619	0
2620	0
2621	0
2622	0
2623	0
2624	0
2625	0
2626	0
2627	0
2628	0
2629	0
2630	0
2631	0
2632	0
2633	0
2634	0
2635	0
2636	0
2637	0
2638	0
2639	0
2640	0
2641	0
2642	0
2643	0
2644	0
2645	0
2646	0
2647	0
2648	0
2649	0
2650	0
2651	0
2652	0
2653	0
2654	0
2655	0
2656	0
2657	0
2658	0
2659	0
2660	0
2661	0
2662	1
2663	1
2664	1
2665	1
2666	1
2667	1
2668	1
2669	1
2670	1
2671	1
2672	1
2673	1
2674	1
2675	1
2676	1
2677	1
2678	1
2679	1
2680	1
2681	1
2682	1
2683	1
2684	1
2685	1
2686	1
2687	1
2688	1
2689	1
2690	1
2691	1
2692	1
2693	1
2694	1
2695	1
2696	1
2697	1
2698	1
2699	1
2700	1
2701	1
2702	1
2703	1
2704	1
2705	1
2706	1
2707	1
2708	1
2709	1
2710	1
2711	1
2712	1
2713	1
2714	1
2715	1
2716	1
2717	1
2718	1
2719	1
2720	1
2721	1
2722	1
2723	1
2724	1
2725	1
2726	1
2727	1
2728	1
2729	1
2730	1
2731	1
2732	1
2733	1
2734	1
2735	1
2736	1
2737	1
2738	1
2739	1
2740	1
2741	1
2742	1
2743	1
2744	1
2745	1
2746	1
2747	1
2748	1
2749	1
2750	1
2751	1
2752	1
2753	1
2754	1
2755	1
2756	1
2757	1
2758	1
2759	1
2760	1
2761	1
2762	1
2763	1
2764	1
2765	1
2766	1
2767	1
2768	1
2769	1
2770	1
2771	1
2772	1
2773	1
2774	1
2775	1
2776	1
2777	1
2778	1
2779	1
2780	1
2781	1
2782	1
2783	1
2784	1
2785	1
2786	1
2787	1
2788	1
2789	1
2790	1
2791	1
2792	1
2793	1
2794	1
2795	1
2796	1
2797	1
2798	1
2799	1
2800	1
2801	1
2802	1
2803	1
2804	1
2805	1
2806	1
2807	1
2808	1
2809	1
2810	1
2811	1
2812	1
2813	1
2814	1
2815	1
2816	1
2817	1
2818	1
2819	1
2820	1
2821	1
2822	1
2823	1
2824	1
2825	1
2826	1
2827	1
2828	1
2829	1
2830	1
2831	1
2832	1
2833	1
2834	1
2835	1
2836	1
2837	1
2838	1
2839	1
2840	1
2841	1
2842	1
2843	1
2844	1
2845	1
2846	1
2847	1
2848	1
2849	1
2850	1
2851	1
2852	1
2853	1
2854	1
2855	1
2856	1
2857	1
2858	1
2859	1
2860	1
2861	1
2862	1
2863	1
2864	1
2865	1
2866	1
2867	1
2868	1
2869	1
2870	1
2871	1
2872	1
2873	1
2874	1
2875	1
2876	1
2877	1
2878	1
2879	1
2880	1
2881	1
2882	1
2883	1
2884	1
2885	1
2886	1
2887	1
2888	1
2889	1
2890	1
2891	1
2892	1
2893	1
2894	1
2895	1
2896	1
2897	1
2898	1
2899	1
2900	1
2901	1
2902	1
2903	1
2904	1
2905	1
2906	1
2907	1
2908	1
2909	1
2910	1
2911	1
2912	1
2913	1
2914	1
2915	1
2916	1
2917	1
2918	1
2919	1
2920	1
2921	1
2922	1
2923	1
2924	1
2925	1
2926	1
2927	1
2928	1
2929	1
2930	1
2931	1
2932	1
2933	1
2934	1
2935	1
2936	1
2937	1
2938	1
2939	1
2940	1
2941	1
2942	1
2943	1
2944	1
2945	1
2946	1
2947	1
2948	1
2949	1
2950	1
2951	1
2952	1
2953	1
2954	1
2955	1
2956	1
2957	1
2958	1
2959	1
2960	1
2961	1
2962	1
2963	1
2964	1
2965	1
2966	1
2967	1
2968	1
2969	1
2970	1
2971	1
2972	1
2973	1
2974	1
2975	1
2976	1
2977	1
2978	1
2979	1
2980	1
2981	1
2982	1
2983	1
2984	1
2985	1
2986	1
2987	1
2988	1
2989	1
2990	1
2991	1
2992	1
2993	1
2994	1
2995	1
2996	1
2997	1
2998	1
2999	1
3000	1
3001	1
3002	1
3003	1
3004	1
3005	1
3006	1
3007	1
3008	1
3009	1
3010	1
3011	1
3012	1
3013	1
3014	1
3015	1
3016	1
3017	1
3018	1
3019	1
3020	1
3021	1
3022	1
3023	1
3024	1
3025	1
3026	1
3027	1
3028	1
3029	1
3030	1
3031	1
3032	1
3033	1
3034	1
3035	1
3036	1
3037	1
3038	1
3039	1
3040	1
3041	1
3042	1
3043	1
3044	1
3045	1
3046	1
3047	1
3048	1
3049	1
3050	1
3051	1
3052	1
3053	1
3054	1
3055	1
3056	1
3057	1
3058	1
3059	1
3060	1
3061	1
3062	1
3063	1
3064	1
3065	1
3066	1
3067	1
3068	1
3069	1
3070	1
3071	1
3072	1
3073	1
3074	1
3075	1
3076	1
3077	1
3078	1
3079	1
3080	1
3081	1
3082	1
3083	1
3084	1
3085	1
3086	1
3087	1
3088	1
3089	1
3090	1
3091	1
3092	1
3093	1
3094	1
3095	1
3096	1
3097	1
3098	1
3099	1
3100	1
3101	1
3102	1
3103	1
3104	1
3105	1
3106	1
3107	1
3108	1
3109	1
3110	1
3111	1
3112	1
3113	1
3114	1
3115	1
3116	1
3117	1
3118	1
3119	1
3120	1
3121	1
3122	1
3123	1
3124	1
3125	1
3126	1
3127	1
3128	1
3129	1
3130	1
3131	1
3132	1
3133	1
3134	1
3135	1
3136	1
3137	1
3138	1
3139	1
3140	1
3141	1
3142	1
3143	1
3144	1
3145	1
3146	1
3147	1
3148	1
3149	1
3150	1
3151	1
3152	1
3153	1
3154	1
3155	1
3156	1
3157	1
3158	1
3159	1
3160	1
3161	1
3162	1
3163	1
3164	1
3165	1
3166	1
3167	1
3168	1
3169	1
3170	1
3171	1
3172	1
3173	1
3174	1
3175	1
3176	1
3177	1
3178	1
3179	1
3180	1
3181	1
3182	1
3183	1
3184	1
3185	1
3186	1
3187	1
3188	1
3189	1
3190	1
3191	1
3192	1
3193	1
3194	1
3195	1
3196	1
3197	1
3198	1
3199	1
3200	1
3201	1
3202	1
3203	1
3204	1
3205	1
3206	1
3207	1
3208	1
3209	1
3210	1
3211	1
3212	1
3213	1
3214	1
3215	1
3216	1
3217	1
3218	1
3219	1
3220	1
3221	1
3222	1
3223	1
3224	1
3225	1
3226	1
3227	1
3228	1
3229	1
3230	1
3231	1
3232	1
3233	1
3234	1
3235	1
3236	1
3237	1
3238	1
3239	1
3240	1
3241	1
3242	1
3243	1
3244	1
3245	1
3246	1
3247	1
3248	1
3249	1
3250	1
3251	1
3252	1
3253	1
3254	1
3255	1
3256	1
3257	1
3258	1
3259	1
3260	1
3261	1
3262	1
3263	1
3264	1
3265	1
3266	1
3267	1
3268	1
3269	1
3270	1
3271	1
3272	1
3273	1
3274	1
3275	1
3276	1
3277	1
3278	1
3279	1
3280	1
3281	1
3282	1
3283	1
3284	1
3285	1
3286	1
3287	1
3288	1
3289	1
3290	1
3291	1
3292	2
3293	2
3294	2
3295	2
3296	2
3297	2
3298	2
3299	2
3300	2
3301	2
3302	2
3303	2
3304	2
3305	2
3306	2
3307	2
3308	2
3309	2
3310	2
3311	2
3312	2
3313	2
3314	2
3315	2
3316	2
3317	2
3318	2
3319	2
3320	2
3321	2
3322	2
3323	2
3324	2
3325	2
3326	2
3327	2
3328	2
3329	2
3330	2
3331	2
3332	2
3333	2
3334	2
3335	2
3336	2
3337	2
3338	2
3339	2
3340	2
3341	2
3342	2
3343	2
3344	2
3345	2
3346	2
3347	2
3348	2
3349	2
3350	2
3351	2
3352	2
3353	2
3354	2
3355	2
3356	2
3357	2
3358	2
3359	2
3360	2
3361	2
3362	2
3363	2
3364	2
3365	2
3366	2
3367	2
3368	2
3369	2
3370	2
3371	2
3372	2
3373	2
3374	2
3375	2
3376	2
3377	2
3378	2
3379	2
3380	2
3381	2
3382	2
3383	2
3384	2
3385	2
3386	2
3387	2
3388	2
3389	2
3390	2
3391	2
3392	2
3393	2
3394	2
3395	2
3396	2
3397	2
3398	2
3399	2
3400	2
3401	2
3402	2
3403	2
3404	2
3405	2
3406	2
3407	2
3408	2
3409	2
3410	2
3411	2
3412	2
3413	2
3414	2
3415	2
3416	2
3417	2
3418	2
3419	2
3420	2
3421	2
3422	2
3423	2
3424	2
3425	2
3426	2
3427	2
3428	2
3429	2
3430	2
3431	2
3432	2
3433	2
3434	2
3435	2
3436	2
3437	2
3438	2
3439	2
3440	2
3441	2
3442	2
3443	2
3444	2
3445	2
3446	2
3447	2
3448	2
3449	2
3450	2
3451	2
3452	2
3453	2
3454	2
3455	2
3456	2
3457	2
3458	2
3459	2
3460	2
3461	2
3462	2
3463	2
3464	2
3465	2
3466	2
3467	2
3468	2
3469	2
3470	2
3471	2
3472	2
3473	2
3474	2
3475	2
3476	2
3477	2
3478	2
3479	2
3480	2
3481	2
3482	2
3483	2
3484	2
3485	2
3486	2
3487	2
3488	2
3489	2
3490	2
3491	2
3492	2
3493	2
3494	2
3495	2
3496	2
3497	2
3498	2
3499	2
3500	2
3501	2
3502	2
3503	2
3504	2
3505	2
3506	2
3507	2
3508	2
3509	2
3510	2
3511	2
3512	2
3513	2
3514	2
3515	2
3516	2
3517	2
3518	2
3519	2
3520	2
3521	2
3522	2
3523	2
3524	2
3525	2
3526	2
3527	2
3528	2
3529	2
3530	2
3531	2
3532	2
3533	2
3534	2
3535	2
3536	2
3537	2
3538	2
3539	2
3540	2
3541	2
3542	2
3543	2
3544	2
3545	2
3546	2
3547	2
3548	2
3549	2
3550	2
3551	2
3552	2
3553	2
3554	2
3555	2
3556	2
3557	2
3558	2
3559	2
3560	2
3561	2
3562	2
3563	2
3564	2
3565	2
3566	2
3567	2
3568	2
3569	2
3570	2
3571	2
3572	2
3573	2
3574	2
3575	2
3576	2
3577	2
3578	2
3579	2
3580	2
3581	2
3582	2
3583	2
3584	2
3585	2
3586	2
3587	2
3588	2
3589	2
3590	2
3591	2
3592	2
3593	2
3594	2
3595	2
3596	2
3597	2
3598	2
3599	2
3600	2
3601	2
3602	2
3603	2
3604	2
3605	2
3606	2
3607	2
3608	2
3609	2
3610	2
3611	2
3612	2
3613	2
3614	2
3615	2
3616	2
3617	2
3618	2
3619	2
3620	2
3621	2
3622	2
3623	2
3624	2
3625	2
3626	2
3627	2
3628	3
3629	3
3630	3
3631	3
3632	3
3633	3
3634	3
3635	3
3636	3
3637	3
3638	3
3639	3
3640	3
3641	3
3642	3
3643	3
3644	3
3645	3
3646	3
3647	3
3648	3
3649	3
3650	3
3651	3
3652	3
3653	3
3654	4
3655	4
3656	4
3657	4
3658	4
3659	4
3660	4
3661	4
3662	4
3663	4
3664	4
3665	4
3666	4
3667	4
3668	4
3669	4
3670	4
3671	4
3672	4
3673	4
3674	4
3675	4
3676	4
3677	4
3678	4
3679	4
3680	4
3681	4
3682	4
3683	4
3684	4
3685	4
3686	4
3687	4
3688	4
3689	4
3690	4
3691	4
3692	4
3693	4
3694	4
3695	4
3696	4
3697	4
3698	4
3699	4
3700	4
3701	4
3702	4
3703	4
3704	4
3705	4
3706	4
3707	4
3708	4
3709	4
3710	4
3711	4
3712	4
3713	4
3714	4
3715	4
3716	4
3717	4
3718	4
3719	4
3720	4
3721	4
3722	4
3723	4
3724	4
3725	4
3726	4
3727	4
3728	4
3729	4
3730	4
3731	4
3732	4
3733	4
3734	4
3735	4
3736	4
3737	4
3738	4
3739	4
3740	4
3741	4
3742	4
3743	4
3744	4
3745	4
3746	4
3747	4
3748	4
3749	4
3750	4
3751	4
3752	4
3753	4
3754	4
3755	4
3756	4
3757	4
3758	4
3759	4
3760	4
3761	4
3762	4
3763	4
3764	4
3765	4
3766	4
3767	4
3768	4
3769	4
3770	4
3771	4
3772	4
3773	4
3774	4
3775	4
3776	4
3777	4
3778	4
3779	4
3780	4
3781	4
3782	5
3783	5
3784	5
3785	5
3786	5
3787	5
3788	5
3789	5
3790	5
3791	5
3792	5
3793	5
3794	5
3795	5
3796	5
3797	5
3798	5
3799	5
3800	5
3801	5
3802	5
3803	5
3804	5
3805	5
3806	5
3807	5
3808	5
3809	5
3810	5
3811	5
3812	5
3813	5
3814	5
3815	5
3816	5
3817	5
3818	5
3819	5
3820	5
3821	5
3822	5
3823	5
3824	5
3825	5
3826	5
3827	6
3828	6
3829	6
3830	6
3831	6
3832	6
3833	6
3834	6
3835	6
3836	6
3837	6
3838	6
3839	6
3840	6
3841	6
3842	6
3843	6
3844	6
3845	6
3846	6
3847	6
3848	6
3849	6
3850	6
3851	6
3852	6
3853	6
3854	6
3855	6
3856	6
3857	6
3858	6
3859	6
3860	6
3861	6
3862	6
3863	6
3864	6
3865	6
3866	6
3867	6
3868	6
3869	6
3870	6
3871	6
3872	6
3873	6
3874	6
3875	6
3876	6
3877	6
3878	6
3879	6
3880	6
3881	6
3882	6
3883	6
3884	6
3885	6
3886	6
3887	6
3888	6
3889	6
3890	6
3891	6
3892	6
3893	6
3894	6
3895	6
3896	6
3897	6
3898	6
3899	6
3900	6
3901	6
3902	6
3903	6
3904	6
3905	6
3906	6
3907	6
3908	6
3909	6
3910	6
3911	6
3912	6
3913	6
3914	6
3915	6
3916	6
3917	6
3918	6
3919	6
3920	6
3921	6
3922	6
3923	6
3924	6
3925	6
3926	6
3927	6
3928	6
3929	6
3930	6
3931	6
3932	6
3933	6
3934	6
3935	6
3936	6
3937	6
3938	6
3939	6
3940	6
3941	6
3942	6
3943	6
3944	6
3945	6
3946	6
3947	6
3948	6
3949	6
3950	6
3951	6
3952	6
3953	6
3954	6
3955	6
3956	6
3957	6
3958	6
3959	6
3960	6
3961	6
3962	6
3963	6
3964	6
3965	6
3966	6
3967	6
3968	6
3969	6
3970	6
3971	6
3972	6
3973	6
3974	6
3975	6
3976	6
3977	6
3978	6
3979	6
3980	6
3981	6
3982	6
3983	6
3984	6
3985	6
3986	6
3987	6
3988	6
3989	6
3990	6
3991	6
3992	6
3993	6
3994	6
3995	6
3996	6
3997	6
3998	6
3999	6
4000	6
4001	6
4002	6
4003	6
4004	6
4005	6
4006	6
4007	6
4008	6
4009	6
4010	6
4011	6
4012	6
4013	6
4014	6
4015	6
4016	6
4017	6
4018	6
4019	6
4020	6
4021	6
4022	6
4023	6
4024	6
4025	6
4026	6
4027	6
4028	6
4029	6
4030	6
4031	6
4032	6
4033	6
4034	6
4035	6
4036	6
4037	6
4038	6
4039	6
4040	6
4041	6
4042	6
4043	6
4044	6
4045	6
4046	6
4047	6
4048	6
4049	6
4050	6
4051	6
4052	6
4053	6
4054	6
4055	6
4056	6
4057	6
4058	6
4059	6
4060	6
4061	6
4062	6
4063	6
4064	6
4065	6
4066	6
4067	6
4068	6
4069	6
4070	6
4071	6
4072	6
4073	6
4074	6
4075	6
4076	6
4077	6
4078	6
4079	6
4080	6
4081	6
4082	6
4083	6
4084	6
4085	6
4086	6
4087	6
4088	6
4089	6
4090	6
4091	6
4092	6
4093	6
4094	6
4095	6
4096	6
4097	6
4098	6
4099	6
4100	6
4101	6
4102	6
4103	6
4104	6
4105	6
4106	6
4107	6
4108	6
4109	6
4110	6
4111	6
4112	6
4113	6
4114	6
4115	6
4116	6
4117	6
4118	6
4119	6
4120	6
4121	6
4122	6
4123	6
4124	6
4125	6
4126	6
4127	6
4128	6
4129	6
4130	6
4131	6
4132	6
4133	6
4134	6
4135	6
4136	6
4137	6
4138	6
4139	6
4140	6
4141	6
4142	6
4143	6
4144	6
4145	6
4146	6
4147	6
4148	6
4149	6
4150	6
4151	6
4152	6
4153	6
4154	6
4155	6
4156	6
4157	6
4158	6
4159	6
4160	6
4161	6
4162	6
4163	6
4164	6
4165	6
4166	6
4167	6
4168	6
4169	6
4170	6
4171	6
4172	6
4173	6
4174	6
4175	6
4176	6
4177	6
4178	6
4179	6
4180	6
4181	6
4182	6
4183	6
4184	6
4185	6
4186	6
4187	6
4188	6
4189	6
4190	6
4191	6
4192	6
4193	6
4194	6
4195	6
4196	6
4197	6
4198	6
4199	6
4200	6
4201	6
4202	6
4203	6
4204	6
4205	6
4206	6
4207	6
4208	6
4209	6
4210	6
4211	6
4212	7
4213	7
4214	7
4215	7
4216	7
4217	7
4218	7
4219	7
4220	7
4221	7
4222	7
4223	7
4224	7
4225	7
4226	7
4227	7
4228	7
4229	7
4230	7
4231	7
4232	7
4233	7
4234	7
4235	7
4236	7
4237	7
4238	7
4239	7
4240	7
4241	7
4242	7
4243	7
4244	7
4245	7
4246	7
4247	7
4248	7
4249	7
4250	7
4251	7
4252	7
4253	7
4254	7
4255	7
4256	7
4257	7
4258	7
4259	7
4260	7
4261	7
4262	7
4263	7
4264	7
4265	7
4266	7
4267	7
4268	7
4269	7
4270	7
4271	7
4272	7
4273	7
4274	7
4275	7
4276	7
4277	7
4278	7
4279	7
4280	7
4281	7
4282	7
4283	7
4284	7
4285	7
4286	7
4287	7
4288	7
4289	7
4290	7
4291	7
4292	7
4293	7
4294	7
4295	7
4296	7
4297	7
4298	7
4299	7
4300	7
4301	7
4302	7
4303	7
4304	7
4305	7
4306	7
4307	7
4308	7
4309	7
4310	7
4311	7
4312	7
4313	7
4314	7
4315	7
4316	7
4317	7
4318	7
4319	7
4320	7
4321	7
4322	7
4323	7
4324	7
4325	7
4326	7
4327	7
4328	7
4329	7
4330	7
4331	7
4332	7
4333	7
4334	7
4335	7
4336	7
4337	7
4338	7
4339	7
4340	7
4341	7
4342	7
4343	7
4344	7
4345	7
4346	7
4347	7
4348	7
4349	7
4350	7
4351	7
4352	7
4353	7
4354	7
4355	7
4356	7
4357	7
4358	7
4359	7
4360	7
4361	7
4362	7
4363	7
4364	7
4365	7
4366	7
4367	7
4368	7
4369	7
4370	8
4371	8
4372	8
4373	8
4374	8
4375	8
4376	8
4377	8
4378	8
4379	8
4380	8
4381	8
4382	8
4383	8
4384	8
4385	8
4386	8
4387	8
4388	8
4389	8
4390	8
4391	8
4392	8
4393	8
4394	8
4395	8
4396	8
4397	8
4398	8
4399	8
4400	8
4401	8
4402	8
4403	8
4404	8
4405	8
4406	8
4407	8
4408	8
4409	8
4410	8
4411	8
4412	8
4413	8
4414	8
4415	8
4416	8
4417	8
4418	8
4419	8
4420	8
4421	8
4422	8
4423	8
4424	8
4425	8
4426	8
4427	8
4428	8
4429	8
4430	8
4431	8
4432	8
4433	8
4434	8
4435	8
4436	8
4437	8
4438	8
4439	8
4440	8
4441	8
4442	8
4443	8
4444	8
4445	8
4446	8
4447	8
4448	8
4449	8
4450	8
4451	8
4452	8
4453	8
4454	8
4455	8
4456	8
4457	8
4458	8
4459	8
4460	8
4461	8
4462	8
4463	8
4464	8
4465	8
4466	8
4467	8
4468	8
4469	8
4470	8
4471	8
4472	8
4473	8
4474	8
4475	8
4476	8
4477	8
4478	8
4479	8
4480	8
4481	8
4482	8
4483	8
4484	8
4485	8
4486	8
4487	8
4488	8
4489	8
4490	8
4491	8
4492	8
4493	8
4494	8
4495	8
4496	8
4497	8
4498	8
4499	8
4500	8
4501	8
4502	8
4503	8
4504	8
4505	8
4506	8
4507	8
4508	8
4509	8
4510	8
4511	8
4512	8
4513	8
4514	8
4515	8
4516	8
4517	8
4518	8
4519	8
4520	8
4521	8
4522	8
4523	8
4524	8
4525	8
4526	8
4527	8
4528	8
4529	8
4530	8
4531	8
4532	8
4533	8
4534	8
4535	8
4536	8
4537	8
4538	8
4539	8
4540	8
4541	8
4542	8
4543	8
4544	8
4545	8
4546	8
4547	8
4548	8
4549	8
4550	8
4551	8
4552	8
4553	8
4554	8
4555	8
4556	8
4557	8
4558	8
4559	8
4560	8
4561	8
4562	8
4563	8
4564	8
4565	8
4566	8
4567	8
4568	8
4569	8
4570	8
4571	8
4572	8
4573	8
4574	8
4575	8
4576	8
4577	8
4578	8
4579	8
4580	8
4581	8
4582	8
4583	8
4584	8
4585	8
4586	8
4587	8
4588	8
4589	8
4590	8
4591	8
4592	8
4593	8
4594	8
4595	8
4596	8
4597	8
4598	8
4599	8
4600	8
4601	8
4602	8
4603	8
4604	8
4605	8
4606	8
4607	8
4608	8
4609	8
4610	8
4611	8
4612	8
4613	8
4614	8
4615	8
4616	8
4617	8
4618	8
4619	8
4620	8
4621	8
4622	8
4623	8
4624	8
4625	8
4626	8
4627	8
4628	8
4629	8
4630	8
4631	8
4632	8
4633	8
4634	8
4635	8
4636	8
4637	8
4638	8
4639	8
4640	8
4641	8
4642	8
4643	8
4644	8
4645	8
4646	8
4647	8
4648	8
4649	8
4650	8
4651	8
4652	8
4653	8
4654	8
4655	8
4656	8
4657	8
4658	8
4659	8
4660	8
4661	8
4662	8
4663	8
4664	8
4665	8
4666	8
4667	8
4668	8
4669	8
4670	8
4671	8
4672	8
4673	8
4674	8
4675	8
4676	8
4677	8
4678	8
4679	8
4680	8
4681	8
4682	8
4683	8
4684	8
4685	8
4686	8
4687	8
4688	8
4689	8
4690	8
4691	8
4692	8
4693	8
4694	8
4695	8
4696	8
4697	8
4698	8
4699	8
4700	8
4701	8
4702	8
4703	8
4704	8
4705	8
4706	8
4707	8
4708	8
4709	8
4710	8
4711	8
4712	8
4713	8
4714	8
4715	8
4716	8
4717	8
4718	8
4719	8
4720	8
4721	8
4722	8
4723	8
4724	8
4725	8
4726	8
4727	8
4728	8
4729	8
4730	8
4731	8
4732	8
4733	8
4734	8
4735	8
4736	8
4737	8
4738	8
4739	8
4740	8
4741	8
4742	8
4743	8
4744	8
4745	8
4746	8
4747	8
4748	8
4749	8
4750	8
4751	8
4752	8
4753	8
4754	8
4755	8
4756	8
4757	8
4758	8
4759	8
4760	8
4761	8
4762	8
4763	8
4764	8
4765	8
4766	8
4767	8
4768	8
4769	8
4770	8
4771	8
4772	8
4773	8
4774	8
4775	8
4776	8
4777	8
4778	8
4779	8
4780	8
4781	8
4782	8
4783	8
4784	8
4785	8
4786	8
4787	8
4788	8
4789	8
4790	8
4791	8
4792	8
4793	8
4794	8
4795	8
4796	8
4797	8
4798	8
4799	8
4800	8
4801	8
4802	8
4803	8
4804	8
4805	8
4806	8
4807	8
4808	8
4809	8
4810	8
4811	8
4812	8
4813	8
4814	8
4815	8
4816	8
4817	8
4818	8
4819	8
4820	8
4821	8
4822	8
4823	8
4824	8
4825	8
4826	8
4827	8
4828	8
4829	8
4830	8
4831	8
4832	8
4833	8
4834	8
4835	8
4836	8
4837	8
4838	8
4839	8
4840	8
4841	8
4842	8
4843	8
4844	8
4845	8
4846	8
4847	8
4848	8
4849	8
4850	8
4851	8
4852	8
4853	8
4854	8
4855	8
4856	8
4857	8
4858	8
4859	8
4860	8
4861	8
4862	8
4863	8
4864	8
4865	8
4866	8
4867	8
4868	8
4869	8
4870	8
4871	8
4872	8
4873	8
4874	8
4875	8
4876	8
4877	8
4878	8
4879	8
4880	8
4881	8
4882	8
4883	8
4884	8
4885	8
4886	8
4887	8
4888	8
4889	8
4890	8
4891	8
4892	8
4893	8
4894	8
4895	8
4896	8
4897	8
4898	8
4899	8
4900	8
4901	8
4902	8
4903	8
4904	8
4905	8
4906	8
4907	8
4908	8
4909	8
4910	8
4911	8
4912	8
4913	8
4914	8
4915	8
4916	8
4917	8
4918	8
4919	8
4920	8
4921	8
4922	8
4923	8
4924	8
4925	8
4926	8
4927	8
4928	8
4929	8
4930	8
4931	8
4932	8
4933	8
4934	8
4935	8
4936	8
4937	8
4938	8
4939	8
4940	8
4941	8
4942	8
4943	8
4944	8
4945	8
4946	8
4947	8
4948	8
4949	8
4950	8
4951	8
4952	8
4953	8
4954	8
4955	8
4956	8
4957	8
4958	8
4959	8
4960	8
4961	8
4962	8
4963	8
4964	8
4965	8
4966	8
4967	8
4968	8
4969	8
4970	8
4971	8
4972	8
4973	8
4974	8
4975	8
4976	8
4977	8
4978	8
4979	8
4980	8
4981	8
4982	8
4983	8
4984	8
4985	8
4986	8
4987	8
4988	8
4989	8
4990	8
4991	8
4992	8
4993	8
4994	8
4995	8
4996	8
4997	8
4998	8
4999	8
5000	8
5001	8
5002	8
5003	8
5004	8
5005	8
5006	8
5007	8
5008	8
5009	8
5010	8
5011	8
5012	8
5013	8
5014	8
5015	8
5016	8
5017	8
5018	8
5019	8
5020	8
5021	8
5022	8
5023	8
5024	8
5025	8
5026	8
5027	8
5028	8
5029	8
5030	8
5031	8
5032	8
5033	8
5034	8
5035	8
5036	8
5037	8
5038	8
5039	8
5040	8
5041	8
5042	8
5043	8
5044	8
5045	8
5046	8
5047	8
5048	8
5049	8
5050	8
5051	8
5052	8
5053	8
5054	8
5055	8
5056	8
5057	8
5058	8
5059	8
5060	8
5061	8
5062	8
5063	8
5064	8
5065	8
5066	8
5067	8
5068	8
5069	8
5070	8
5071	8
5072	8
5073	8
5074	8
5075	8
5076	8
5077	8
5078	8
5079	8
5080	8
5081	8
5082	8
5083	8
5084	8
5085	8
5086	8
5087	8
5088	8
5089	8
5090	8
5091	8
5092	8
5093	8
5094	8
5095	8
5096	8
5097	8
5098	8
5099	8
5100	8
5101	8
5102	8
5103	8
5104	8
5105	8
5106	8
5107	8
5108	8
5109	8
5110	8
5111	8
5112	8
5113	8
5114	8
5115	8
5116	8
5117	8
5118	8
5119	8
5120	8
5121	8
5122	8
5123	8
5124	8
5125	8
5126	8
5127	8
5128	8
5129	8
5130	8
5131	8
5132	8
5133	8
5134	8
5135	8
5136	8
5137	8
5138	8
5139	8
5140	8
5141	8
5142	8
5143	8
5144	8
5145	8
5146	8
5147	8
5148	8
5149	8
5150	8
5151	8
5152	8
5153	8
5154	8
5155	8
5156	8
5157	8
5158	8
5159	8
5160	8
5161	8
5162	8
5163	8
5164	8
5165	8
5166	8
5167	8
5168	8
5169	8
5170	8
5171	8
5172	8
5173	8
5174	8
5175	8
5176	8
5177	8
5178	8
5179	8
5180	8
5181	8
5182	8
5183	8
5184	8
5185	8
5186	8
5187	8
5188	8
5189	8
5190	8
5191	8
5192	8
5193	8
5194	8
5195	8
5196	8
5197	8
5198	8
5199	8
5200	8
5201	8
5202	8
5203	8
5204	8
5205	8
5206	8
5207	8
5208	8
5209	8
5210	8
5211	8
5212	8
5213	8
5214	8
5215	8
5216	8
5217	8
5218	8
5219	8
5220	8
5221	8
5222	8
5223	8
5224	8
5225	8
5226	8
5227	8
5228	8
5229	8
5230	8
5231	8
5232	8
5233	8
5234	8
5235	8
5236	8
5237	8
5238	8
5239	8
5240	8
5241	8
5242	8
5243	8
5244	8
5245	8
5246	8
5247	8
5248	8
5249	8
5250	8
5251	8
5252	8
5253	8
5254	8
5255	8
5256	8
5257	8
5258	8
5259	8
5260	8
5261	8
5262	8
5263	8
5264	8
5265	8
5266	8
5267	8
5268	8
5269	8
5270	8
5271	8
5272	8
5273	8
5274	8
5275	8
5276	8
5277	8
5278	8
5279	8
5280	8
5281	8
5282	8
5283	8
5284	8
5285	8
5286	8
5287	8
5288	8
5289	8
5290	8
5291	8
5292	8
5293	8
5294	8
5295	8
5296	8
5297	8
5298	8
5299	8
5300	8
5301	8
5302	8
5303	8
5304	8
5305	8
5306	8
5307	8
5308	8
5309	8
5310	8
5311	8
5312	8
5313	8
5314	8
5315	8
5316	8
5317	8
5318	8
5319	8
5320	8
5321	8
5322	8
5323	8
5324	8
5325	8
5326	8
5327	8
5328	8
5329	8
5330	8
5331	8
5332	8
5333	8
5334	8
5335	8
5336	8
5337	8
5338	8
5339	8
5340	8
5341	8
5342	8
5343	8
5344	8
5345	8
5346	8
5347	8
5348	8
5349	8
5350	9
5351	9
5352	9
5353	9
5354	9
5355	9
5356	9
5357	9
5358	9
5359	9
5360	9
5361	9
5362	9
5363	9
5364	9
5365	9
5366	9
5367	9
5368	9
5369	9
5370	9
5371	9
5372	9
5373	9
5374	9
5375	9
5376	9
5377	9
5378	9
5379	9
5380	9
5381	9
5382	9
5383	9
5384	9
5385	9
5386	9
5387	9
5388	9
5389	9
5390	9
5391	9
5392	9
5393	9
5394	9
5395	9
5396	9
5397	9
5398	9
5399	9
5400	9
5401	10
5402	10
5403	10
5404	10
5405	10
5406	10
5407	10
5408	10
5409	10
5410	10
5411	10
5412	10
5413	10
5414	10
5415	10
5416	10
5417	10
5418	10
5419	10
5420	10
5421	10
5422	10
5423	10
5424	10
5425	10
5426	10
5427	10
5428	10
5429	10
5430	10
5431	10
5432	10
5433	10
5434	10
5435	10
5436	10
5437	10
5438	10
5439	10
5440	10
5441	10
5442	10
5443	10
5444	10
5445	10
5446	10
5447	10
5448	10
5449	10
5450	10
5451	10
5452	10
5453	10
5454	10
5455	10
5456	10
5457	10
5458	10
5459	10
5460	10
5461	10
5462	10
5463	10
5464	10
5465	10
5466	10
5467	10
5468	10
5469	10
5470	10
5471	10
5472	10
5473	10
5474	10
5475	10
5476	10
5477	10
5478	10
5479	10
5480	10
5481	10
5482	10
5483	10
5484	10
5485	10
5486	10
5487	10
5488	10
5489	10
5490	10
5491	10
5492	10
5493	10
5494	10
5495	10
5496	10
5497	10
5498	10
5499	10
5500	10
5501	10
5502	10
5503	10
5504	10
5505	10
5506	10
5507	10
5508	10
5509	10
5510	10
5511	10
5512	10
5513	10
5514	10
5515	10
5516	10
5517	10
5518	10
5519	10
5520	10
5521	10
5522	10
5523	10
5524	10
5525	10
5526	10
5527	10
5528	10
5529	10
5530	10
5531	10
5532	10
5533	10
5534	10
5535	11
5536	11
5537	11
5538	11
5539	11
5540	11
5541	11
5542	11
5543	11
5544	11
5545	11
5546	11
5547	11
5548	11
5549	11
5550	11
5551	11
5552	11
5553	11
5554	11
5555	11
5556	11
5557	11
5558	11
5559	11
5560	11
5561	11
5562	11
5563	11
5564	11
5565	11
5566	11
5567	11
5568	11
5569	11
5570	11
5571	11
5572	11
5573	11
5574	11
5575	11
5576	11
5577	11
5578	11
5579	11
5580	11
5581	12
5582	12
5583	12
5584	12
5585	12
5586	12
5587	12
5588	12
5589	12
5590	12
5591	12
5592	12
5593	12
5594	12
5595	12
5596	12
5597	12
5598	12
5599	12
5600	12
5601	12
5602	12
5603	12
5604	12
5605	12
5606	12
5607	12
5608	12
5609	12
5610	12
5611	12
5612	12
5613	12
5614	12
5615	12
5616	12
5617	12
5618	12
5619	12
5620	12
5621	12
5622	12
5623	12
5624	12
5625	12
5626	12
5627	12
5628	12
5629	12
5630	12
5631	12
5632	12
5633	12
5634	12
5635	12
5636	12
5637	12
5638	12
5639	12
5640	12
5641	12
5642	12
5643	12
5644	12
5645	12
5646	12
5647	12
5648	12
5649	12
5650	12
5651	12
5652	12
5653	12
5654	12
5655	12
5656	12
5657	12
5658	12
5659	12
5660	12
5661	12
5662	12
5663	12
5664	12
5665	12
5666	12
5667	12
5668	12
5669	12
5670	12
5671	12
5672	12
5673	12
5674	12
5675	12
5676	12
5677	12
5678	12
5679	12
5680	12
5681	12
5682	12
5683	12
5684	12
5685	12
5686	12
5687	12
5688	12
5689	12
5690	12
5691	13
5692	13
5693	13
5694	13
5695	13
5696	13
5697	13
5698	13
5699	13
5700	13
5701	13
5702	13
5703	13
5704	13
5705	13
5706	13
5707	13
5708	13
5709	13
5710	13
5711	13
5712	13
5713	13
5714	13
5715	13
5716	13
5717	13
5718	13
5719	13
5720	13
5721	13
5722	13
5723	13
5724	13
5725	13
5726	13
5727	13
5728	13
5729	13
5730	13
5731	13
5732	13
5733	13
5734	13
5735	13
5736	13
5737	13
5738	13
5739	13
5740	13
5741	13
5742	13
5743	13
5744	13
5745	13
5746	13
5747	13
5748	13
5749	13
5750	13
5751	13
5752	13
5753	13
5754	13
5755	13
5756	13
5757	13
5758	13
5759	13
5760	13
5761	13
5762	13
5763	14
5764	14
5765	14
5766	14
5767	14
5768	14
5769	14
5770	14
5771	14
5772	14
5773	14
5774	14
5775	14
5776	14
5777	14
5778	14
5779	14
5780	14
5781	14
5782	14
5783	14
5784	14
5785	14
5786	14
5787	14
5788	14
5789	14
5790	14
5791	14
5792	14
5793	14
5794	14
5795	14
5796	14
5797	14
5798	14
5799	14
5800	14
5801	14
5802	14
5803	14
5804	14
5805	14
5806	14
5807	14
5808	14
5809	14
5810	14
5811	14
5812	14
5813	14
5814	14
5815	14
5816	14
5817	14
5818	14
5819	14
5820	14
5821	14
5822	14
5823	14
5824	14
5825	14
5826	14
5827	14
5828	14
5829	14
5830	14
5831	14
5832	14
5833	14
5834	14
5835	14
5836	14
5837	14
5838	14
5839	14
5840	14
5841	14
5842	14
5843	14
5844	14
5845	14
5846	14
5847	14
5848	14
5849	14
5850	14
5851	14
5852	14
5853	14
5854	14
5855	14
5856	14
5857	14
5858	14
5859	14
5860	14
5861	14
5862	14
5863	14
5864	14
5865	14
5866	14
5867	14
5868	14
5869	14
5870	14
5871	14
5872	14
5873	14
5874	14
5875	14
5876	14
5877	14
5878	14
5879	14
5880	14
5881	14
5882	14
5883	14
5884	14
5885	14
5886	14
5887	14
5888	14
5889	14
5890	14
5891	14
5892	14
5893	14
5894	14
5895	15
5896	15
5897	15
5898	15
5899	15
5900	15
5901	15
5902	15
5903	15
5904	15
5905	15
5906	15
5907	15
5908	15
5909	15
5910	15
5911	15
5912	15
5913	15
5914	15
5915	15
5916	15
5917	15
5918	15
5919	15
5920	15
5921	15
5922	15
5923	15
5924	15
5925	15
5926	15
5927	15
5928	15
5929	15
5930	15
5931	15
5932	15
5933	15
5934	15
5935	15
5936	15
5937	15
5938	15
5939	15
5940	15
5941	15
5942	15
5943	15
5944	15
5945	15
5946	15
5947	15
5948	15
5949	15
5950	15
5951	15
5952	15
5953	15
5954	15
5955	15
5956	15
5957	15
5958	15
5959	15
5960	15
5961	15
5962	15
5963	15
5964	15
5965	15
5966	15
5967	15
5968	15
5969	15
5970	15
5971	15
5972	15
5973	15
5974	15
5975	15
5976	15
5977	15
5978	15
5979	15
5980	15
5981	15
5982	15
5983	15
5984	15
5985	15
5986	15
5987	15
5988	15
5989	15
5990	15
5991	15
5992	15
5993	15
5994	15
5995	15
5996	15
5997	15
5998	15
5999	15
6000	15
6001	15
6002	15
6003	15
6004	15
6005	15
6006	15
6007	15
6008	15
6009	15
6010	15
6011	15
6012	15
6013	15
6014	15
6015	15
6016	15
6017	15
6018	15
6019	15
6020	15
6021	15
6022	15
6023	15
6024	15
6025	15
6026	15
6027	15
6028	15
6029	15
6030	15
6031	15
6032	15
6033	15
6034	15
6035	15
6036	15
6037	15
6038	15
6039	15
6040	15
6041	15
6042	15
6043	15
6044	15
6045	15
6046	15
6047	15
6048	15
6049	15
6050	15
6051	15
6052	15
6053	15
6054	15
6055	15
6056	15
6057	15
6058	15
6059	15
6060	15
6061	15
6062	15
6063	15
6064	15
6065	15
6066	15
6067	15
6068	15
6069	15
6070	15
6071	15
6072	15
6073	15
6074	15
6075	15
6076	15
6077	15
6078	15
6079	15
6080	15
6081	15
6082	15
6083	15
6084	15
6085	15
6086	15
6087	15
6088	15
6089	15
6090	15
6091	15
6092	15
6093	15
6094	15
6095	15
6096	15
6097	15
6098	15
6099	15
6100	15
6101	15
6102	15
6103	15
6104	15
6105	15
6106	15
6107	15
6108	15
6109	15
6110	15
6111	15
6112	15
6113	15
6114	15
6115	15
6116	15
6117	15
6118	15
6119	15
6120	15
6121	15
6122	15
6123	15
6124	15
6125	15
6126	15
6127	15
6128	15
6129	15
6130	15
6131	15
6132	15
6133	15
6134	15
6135	15
6136	15
6137	15
6138	15
6139	15
6140	15
6141	15
6142	15
6143	15
6144	15
6145	15
6146	15
6147	15
6148	15
6149	15
6150	15
6151	15
6152	15
6153	15
6154	15
6155	15
6156	15
6157	15
6158	15
6159	15
6160	15
6161	15
6162	15
6163	15
6164	15
6165	15
6166	15
6167	15
6168	15
6169	15
6170	15
6171	15
6172	15
6173	15
6174	15
6175	15
6176	15
6177	15
6178	15
6179	15
6180	15
6181	15
6182	15
6183	15
6184	15
6185	15
6186	15
6187	15
6188	15
6189	15
6190	15
6191	15
6192	15
6193	15
6194	15
6195	15
6196	15
6197	15
6198	15
6199	15
6200	15
6201	15
6202	15
6203	15
6204	15
6205	15
6206	15
6207	15
6208	15
6209	15
6210	15
6211	15
6212	15
6213	15
6214	15
6215	15
6216	15
6217	15
6218	15
6219	15
6220	15
6221	15
6222	15
6223	15
6224	15
6225	15
6226	15
6227	15
6228	15
6229	15
6230	15
6231	15
6232	15
6233	15
6234	15
6235	15
6236	15
6237	15
6238	15
6239	15
6240	15
6241	15
6242	15
6243	15
6244	15
6245	15
6246	15
6247	15
6248	15
6249	15
6250	15
6251	15
6252	15
6253	15
6254	15
6255	15
6256	15
6257	15
6258	15
6259	15
6260	15
6261	15
6262	15
6263	15
6264	15
6265	15
6266	15
6267	15
6268	15
6269	15
6270	15
6271	15
6272	15
6273	15
6274	15
6275	15
6276	15
6277	15
6278	15
6279	15
6280	15
6281	15
6282	15
6283	15
6284	15
6285	15
6286	15
6287	15
6288	15
6289	15
6290	15
6291	15
6292	15
6293	15
6294	15
6295	15
6296	15
6297	15
6298	15
6299	15
6300	15
6301	15
6302	15
6303	15
6304	15
6305	15
6306	15
6307	15
6308	15
6309	15
6310	15
6311	15
6312	15
6313	15
6314	15
6315	15
6316	15
6317	15
6318	15
6319	15
6320	15
6321	15
6322	15
6323	15
6324	15
6325	15
6326	15
6327	15
6328	15
6329	15
6330	15
6331	15
6332	15
6333	15
6334	15
6335	15
6336	15
6337	15
6338	15
6339	15
6340	15
6341	15
6342	15
6343	15
6344	15
6345	15
6346	15
6347	15
6348	15
6349	15
6350	15
6351	15
6352	15
6353	15
6354	15
6355	15
6356	15
6357	15
6358	15
6359	15
6360	15
6361	15
6362	15
6363	15
6364	15
6365	15
6366	15
6367	15
6368	15
6369	15
6370	15
6371	15
6372	15
6373	15
6374	15
6375	15
6376	15
6377	15
6378	15
6379	15
6380	15
6381	15
6382	15
6383	15
6384	15
6385	15
6386	15
6387	15
6388	15
6389	15
6390	15
6391	15
6392	15
6393	15
6394	15
6395	15
6396	15
6397	15
6398	15
6399	15
6400	15
6401	15
6402	15
6403	15
6404	15
6405	15
6406	15
6407	15
6408	15
6409	15
6410	15
6411	15
6412	15
6413	15
6414	15
6415	15
6416	15
6417	15
6418	15
6419	15
6420	15
6421	15
6422	15
6423	15
6424	15
6425	15
6426	15
6427	15
6428	15
6429	15
6430	15
6431	15
6432	15
6433	15
6434	15
6435	15
6436	15
6437	15
6438	15
6439	15
6440	15
6441	15
6442	15
6443	15
6444	15
6445	15
6446	15
6447	15
6448	15
6449	15
6450	15
6451	15
6452	15
6453	15
6454	15
6455	15
6456	15
6457	15
6458	15
6459	15
6460	15
6461	15
6462	15
6463	15
6464	15
6465	15
6466	15
6467	15
6468	15
6469	15
6470	15
6471	15
6472	15
6473	15
6474	15
6475	15
6476	15
6477	15
6478	15
6479	15
6480	15
6481	15
6482	15
6483	15
6484	15
6485	15
6486	15
6487	15
6488	15
6489	15
6490	15
6491	15
6492	15
6493	15
6494	15
6495	15
6496	15
6497	15
6498	15
6499	15
6500	15
6501	15
6502	15
6503	15
6504	15
6505	16
6506	16
6507	16
6508	16
6509	16
6510	16
6511	16
6512	16
6513	16
6514	16
6515	16
6516	16
6517	16
6518	16
6519	16
6520	16
6521	16
6522	16
6523	16
6524	16
6525	16
6526	16
6527	16
6528	16
6529	16
6530	16
6531	16
6532	16
6533	16
6534	16
6535	16
6536	16
6537	16
6538	16
6539	16
6540	16
6541	16
6542	16
6543	16
6544	16
6545	16
6546	16
6547	16
6548	16
6549	16
6550	16
6551	16
6552	16
6553	16
6554	16
6555	16
6556	16
6557	16
6558	16
6559	16
6560	16
6561	16
6562	16
6563	16
6564	16
6565	16
6566	16
6567	16
6568	16
6569	16
6570	16
6571	16
6572	16
6573	16
6574	16
6575	16
6576	16
6577	16
6578	16
6579	16
6580	16
6581	16
6582	16
6583	16
6584	16
6585	16
6586	16
6587	16
6588	16
6589	16
6590	16
6591	16
6592	16
6593	16
6594	16
6595	16
6596	16
6597	16
6598	16
6599	16
6600	16
6601	16
6602	16
6603	16
6604	16
6605	16
6606	16
6607	16
6608	16
6609	16
6610	16
6611	16
6612	16
6613	16
6614	16
6615	16
6616	16
6617	16
6618	16
6619	16
6620	16
6621	16
6622	16
6623	16
6624	16
6625	16
6626	16
6627	16
6628	16
6629	16
6630	16
6631	16
6632	16
6633	16
6634	16
6635	16
6636	16
6637	16
6638	16
6639	16
6640	16
6641	16
6642	16
6643	16
6644	16
6645	16
6646	16
6647	16
6648	16
6649	16
6650	16
6651	16
6652	16
6653	16
6654	16
6655	16
6656	16
6657	16
6658	16
6659	16
6660	16
6661	16
6662	16
6663	16
6664	16
6665	16
6666	16
6667	16
6668	16
6669	16
6670	16
6671	16
6672	16
6673	16
6674	16
6675	16
6676	16
6677	16
6678	16
6679	16
6680	16
6681	16
6682	16
6683	16
6684	16
6685	16
6686	16
6687	16
6688	16
6689	16
6690	16
6691	16
6692	17
6693	17
6694	17
6695	17
6696	17
6697	17
6698	17
6699	17
6700	17
6701	17
6702	17
6703	17
6704	17
6705	17
6706	17
6707	17
6708	17
6709	17
6710	17
6711	17
6712	17
6713	17
6714	17
6715	17
6716	17
6717	17
6718	17
6719	17
6720	17
6721	17
6722	17
6723	17
6724	17
6725	17
6726	17
6727	17
6728	17
6729	17
6730	17
6731	17
6732	17
6733	17
6734	17
6735	17
6736	17
6737	17
6738	17
6739	17
6740	17
6741	17
6742	17
6743	17
6744	17
6745	17
6746	17
6747	17
6748	17
6749	17
6750	17
6751	17
6752	17
6753	17
6754	17
6755	17
6756	17
6757	17
6758	17
6759	17
6760	17
6761	17
6762	17
6763	17
6764	17
6765	17
6766	17
6767	17
6768	17
6769	17
6770	17
6771	17
6772	17
6773	17
6774	17
6775	17
6776	17
6777	17
6778	17
6779	17
6780	17
6781	17
6782	17
6783	17
6784	17
6785	17
6786	17
6787	17
6788	17
6789	17
6790	17
6791	17
6792	17
6793	17
6794	17
6795	17
6796	17
6797	17
6798	17
6799	17
6800	17
6801	17
6802	17
6803	17
6804	17
6805	17
6806	17
6807	17
6808	17
6809	17
6810	17
6811	17
6812	17
6813	17
6814	17
6815	17
6816	17
6817	17
6818	17
6819	17
6820	17
6821	17
6822	17
6823	17
6824	17
6825	17
6826	17
6827	17
6828	17
6829	17
6830	17
6831	17
6832	17
6833	17
6834	17
6835	17
6836	17
6837	17
6838	17
6839	17
6840	17
6841	17
6842	17
6843	17
6844	17
6845	17
6846	17
6847	17
6848	17
6849	17
6850	17
6851	17
6852	17
6853	17
6854	17
6855	17
6856	17
6857	17
6858	17
6859	17
6860	17
6861	17
6862	17
6863	17
6864	17
6865	17
6866	17
6867	17
6868	17
6869	17
6870	17
6871	17
6872	17
6873	17
6874	17
6875	17
6876	17
6877	17
6878	17
6879	17
6880	17
6881	17
6882	17
6883	17
6884	17
6885	17
6886	17
6887	17
6888	17
6889	17
6890	17
6891	17
6892	17
6893	17
6894	17
6895	17
6896	17
6897	17
6898	17
6899	17
6900	17
6901	17
6902	18
6903	18
6904	18
6905	18
6906	18
6907	18
6908	18
6909	18
6910	18
6911	18
6912	18
6913	18
6914	18
6915	18
6916	18
6917	18
6918	18
6919	18
6920	18
6921	18
6922	18
6923	18
6924	18
6925	18
6926	18
6927	18
6928	18
6929	18
6930	18
6931	18
6932	18
6933	18
6934	18
6935	18
6936	18
6937	18
6938	18
6939	18
6940	18
6941	18
6942	18
6943	18
6944	18
6945	18
6946	18
6947	18
6948	18
6949	18
6950	18
6951	18
6952	18
6953	18
6954	18
6955	18
6956	18
6957	18
6958	18
6959	18
6960	18
6961	18
6962	18
6963	18
6964	18
6965	18
6966	18
6967	18
6968	18
6969	18
6970	18
6971	18
6972	18
6973	18
6974	18
6975	18
6976	18
6977	18
6978	18
6979	18
6980	18
6981	18
6982	18
6983	18
6984	18
6985	18
6986	18
6987	18
6988	18
6989	18
6990	18
6991	18
6992	18
6993	18
6994	18
6995	18
6996	18
6997	18
6998	18
6999	18
7000	18
7001	18
7002	18
7003	18
7004	18
7005	18
7006	18
7007	18
7008	18
7009	18
7010	18
7011	18
7012	18
7013	18
7014	18
7015	18
7016	18
7017	18
7018	18
7019	18
7020	18
7021	18
7022	18
7023	18
7024	18
7025	18
7026	18
7027	18
7028	18
7029	18
7030	18
7031	18
7032	18
7033	18
7034	18
7035	18
7036	18
7037	18
7038	18
7039	18
7040	18
7041	18
7042	18
7043	18
7044	18
7045	18
7046	18
7047	18
7048	18
7049	18
7050	18
7051	18
7052	18
7053	18
7054	18
7055	18
7056	18
7057	18
7058	18
7059	18
7060	18
7061	18
7062	18
7063	18
7064	18
7065	18
7066	18
7067	18
7068	18
7069	18
7070	18
7071	18
7072	18
7073	18
7074	18
7075	18
7076	18
7077	18
7078	18
7079	18
7080	18
7081	18
7082	18
7083	18
7084	18
7085	18
7086	19
7087	19
7088	19
7089	19
7090	19
7091	19
7092	19
7093	19
7094	19
7095	19
7096	19
7097	19
7098	19
7099	19
7100	19
7101	19
7102	19
7103	19
7104	19
7105	19
7106	19
7107	19
7108	19
7109	19
7110	19
7111	19
7112	19
7113	19
7114	19
7115	19
7116	19
7117	19
7118	19
7119	19
7120	19
7121	19
7122	19
7123	19
7124	19
7125	19
7126	19
7127	19
7128	19
7129	19
7130	19
7131	19
7132	19
7133	19
7134	19
7135	19
7136	19
7137	19
7138	19
7139	19
7140	19
7141	19
7142	19
7143	19
7144	19
7145	19
7146	19
7147	19
7148	19
7149	19
7150	19
7151	19
7152	19
7153	19
7154	19
7155	19
7156	19
7157	19
7158	19
7159	19
7160	19
7161	19
7162	19
7163	19
7164	19
7165	19
7166	19
7167	19
7168	19
7169	19
7170	19
7171	19
7172	19
7173	19
7174	19
7175	19
7176	19
7177	19
7178	19
7179	19
7180	19
7181	19
7182	19
7183	19
7184	19
7185	19
7186	19
7187	19
7188	19
7189	19
7190	19
7191	19
7192	19
7193	19
7194	19
7195	19
7196	19
7197	20
7198	20
7199	20
7200	20
7201	20
7202	20
7203	20
7204	20
7205	20
7206	20
7207	20
7208	20
7209	20
7210	20
7211	20
7212	20
7213	20
7214	20
7215	20
7216	20
7217	20
7218	20
7219	20
7220	20
7221	20
7222	20
7223	20
7224	21
7225	21
7226	21
7227	21
7228	21
7229	21
7230	21
7231	21
7232	21
7233	21
7234	21
7235	21
7236	21
7237	21
7238	21
7239	21
7240	21
7241	21
7242	21
7243	21
7244	21
7245	21
7246	21
7247	21
7248	21
7249	21
7250	21
7251	21
7252	21
7253	21
7254	21
7255	21
7256	21
7257	21
7258	21
7259	21
7260	21
7261	21
7262	21
7263	21
7264	21
7265	21
7266	21
7267	21
7268	21
7269	21
7270	21
7271	21
7272	21
7273	21
7274	21
7275	21
7276	21
7277	21
7278	21
7279	21
7280	21
7281	21
7282	21
7283	21
7284	21
7285	21
7286	21
7287	21
7288	21
7289	21
7290	21
7291	21
7292	21
7293	21
7294	21
7295	21
7296	21
7297	21
7298	21
7299	21
7300	21
7301	21
7302	21
7303	21
7304	21
7305	21
7306	21
7307	21
7308	21
7309	21
7310	21
7311	22
7312	22
7313	22
7314	22
7315	22
7316	22
7317	22
7318	22
7319	22
7320	22
7321	22
7322	22
7323	22
7324	22
7325	22
7326	22
7327	22
7328	22
7329	22
7330	22
7331	22
7332	22
7333	22
7334	22
7335	22
7336	22
7337	22
7338	22
7339	22
7340	22
7341	22
7342	22
7343	22
7344	22
7345	22
7346	22
7347	22
7348	22
7349	22
7350	22
7351	22
7352	22
7353	22
7354	22
7355	22
7356	22
7357	22
7358	22
7359	22
7360	22
7361	22
7362	22
7363	22
7364	22
7365	22
7366	22
7367	22
7368	22
7369	22
7370	22
7371	22
7372	22
7373	22
7374	22
7375	22
7376	22
7377	22
7378	22
7379	22
7380	22
7381	22
7382	22
7383	22
7384	22
7385	22
7386	22
7387	22
7388	22
7389	22
7390	22
7391	22
7392	22
7393	22
7394	22
7395	22
7396	22
7397	22
7398	22
7399	22
7400	22
7401	22
7402	22
7403	22
7404	22
7405	22
7406	22
7407	22
7408	22
7409	22
7410	22
7411	22
7412	22
7413	22
7414	22
7415	22
7416	22
7417	22
7418	22
7419	22
7420	22
7421	22
7422	22
7423	22
7424	22
7425	22
7426	22
7427	22
7428	22
7429	22
7430	22
7431	22
7432	23
7433	23
7434	23
7435	23
7436	23
7437	23
7438	23
7439	23
7440	23
7441	23
7442	23
7443	23
7444	23
7445	23
7446	23
7447	23
7448	23
7449	23
7450	23
7451	23
7452	23
7453	23
7454	23
7455	23
7456	23
7457	23
7458	23
7459	23
7460	23
7461	23
7462	23
7463	23
7464	23
7465	23
7466	23
7467	23
7468	23
7469	23
7470	23
7471	23
7472	23
7473	23
7474	23
7475	23
7476	23
7477	23
7478	23
7479	23
7480	23
7481	23
7482	23
7483	23
7484	23
7485	23
7486	23
7487	23
7488	23
7489	23
7490	23
7491	23
7492	23
7493	23
7494	23
7495	23
7496	23
7497	23
7498	23
7499	23
7500	23
7501	23
7502	23
7503	23
7504	23
7505	23
7506	23
7507	23
7508	23
7509	23
7510	23
7511	23
7512	23
7513	23
7514	23
7515	23
7516	23
7517	23
7518	23
7519	23
7520	23
7521	23
7522	23
7523	23
7524	23
7525	23
7526	23
7527	23
7528	23
7529	23
7530	23
7531	23
7532	23
7533	23
7534	23
7535	23
7536	23
7537	23
7538	23
7539	23
7540	23
7541	23
7542	23
7543	23
7544	23
7545	23
7546	23
7547	23
7548	23
7549	23
7550	23
7551	23
7552	23
7553	23
7554	23
7555	23
7556	23
7557	23
7558	23
7559	23
7560	23
7561	23
7562	23
7563	23
7564	23
7565	23
7566	23
7567	23
7568	23
7569	23
7570	23
7571	23
7572	23
7573	23
7574	23
7575	23
7576	23
7577	23
7578	23
7579	23
7580	23
7581	23
7582	23
7583	23
7584	23
7585	23
7586	23
7587	23
7588	23
7589	23
7590	23
7591	23
7592	23
7593	23
7594	23
7595	23
7596	23
7597	23
7598	23
7599	23
7600	23
7601	23
7602	23
7603	23
7604	23
7605	23
7606	23
7607	23
7608	23
7609	23
7610	23
7611	23
7612	23
7613	23
7614	23
7615	23
7616	23
7617	23
7618	23
7619	23
7620	23
7621	23
7622	23
7623	23
7624	23
7625	23
7626	23
7627	23
7628	23
7629	23
7630	23
7631	23
7632	23
7633	23
7634	23
7635	23
7636	23
7637	23
7638	23
7639	23
7640	23
7641	23
7642	23
7643	23
7644	23
7645	23
7646	23
7647	23
7648	23
7649	23
7650	23
7651	23
7652	23
7653	23
7654	23
7655	23
7656	23
7657	23
7658	23
7659	23
7660	23
7661	23
7662	23
7663	23
7664	23
7665	23
7666	23
7667	23
7668	23
7669	23
7670	23
7671	23
7672	23
7673	23
7674	23
7675	23
7676	23
7677	23
7678	23
7679	23
7680	24
7681	24
7682	24
7683	24
7684	24
7685	24
7686	24
7687	24
7688	24
7689	24
7690	24
7691	24
7692	24
7693	24
7694	24
7695	24
7696	24
7697	24
7698	24
7699	24
7700	24
7701	24
7702	24
7703	24
7704	24
7705	24
7706	24
7707	24
7708	24
7709	24
7710	24
7711	24
7712	24
7713	24
7714	24
7715	24
7716	24
7717	24
7718	24
7719	24
7720	24
7721	24
7722	24
7723	24
7724	24
7725	24
7726	24
7727	24
7728	24
7729	24
7730	24
7731	24
7732	24
7733	24
7734	24
7735	24
7736	24
7737	24
7738	24
7739	24
7740	24
7741	24
7742	24
7743	24
7744	24
7745	24
7746	24
7747	24
7748	24
7749	24
7750	24
7751	24
7752	24
7753	24
7754	24
7755	24
7756	24
7757	24
7758	24
7759	24
7760	24
7761	24
7762	24
7763	24
7764	24
7765	24
7766	24
7767	24
7768	24
7769	24
7770	24
7771	24
7772	24
7773	24
7774	24
7775	24
7776	24
7777	24
7778	24
7779	24
7780	24
7781	24
7782	24
7783	24
7784	24
7785	24
7786	24
7787	24
7788	24
7789	24
7790	24
7791	24
7792	24
7793	24
7794	24
7795	24
7796	24
7797	24
7798	24
7799	24
7800	24
7801	24
7802	24
7803	24
7804	24
7805	24
7806	24
7807	24
7808	24
7809	24
7810	24
7811	24
7812	24
7813	24
7814	24
7815	24
7816	24
7817	24
7818	24
7819	24
7820	24
7821	24
7822	24
7823	24
7824	24
7825	24
7826	24
7827	24
7828	24
7829	24
7830	24
7831	24
7832	24
7833	24
7834	24
7835	24
7836	25
7837	25
7838	25
7839	25
7840	25
7841	25
7842	25
7843	25
7844	25
7845	25
7846	25
7847	25
7848	25
7849	25
7850	25
7851	25
7852	25
7853	25
7854	25
7855	25
7856	25
7857	25
7858	25
7859	25
7860	25
7861	25
7862	25
7863	25
7864	25
7865	25
7866	25
7867	25
7868	25
7869	25
7870	25
7871	25
7872	25
7873	25
7874	25
7875	25
7876	25
7877	25
7878	25
7879	25
7880	25
7881	25
7882	25
7883	25
7884	25
7885	25
7886	25
7887	25
7888	25
7889	25
7890	25
7891	25
7892	25
7893	25
7894	25
7895	25
7896	25
7897	25
7898	25
7899	25
7900	25
7901	25
7902	25
7903	25
7904	25
7905	25
7906	25
7907	25
7908	25
7909	25
7910	25
7911	25
7912	25
7913	25
7914	25
7915	25
7916	25
7917	25
7918	25
7919	25
7920	25
7921	25
7922	25
7923	25
7924	25
7925	25
7926	25
7927	25
7928	25
7929	25
7930	25
7931	25
7932	25
7933	25
7934	25
7935	25
7936	25
7937	25
7938	25
7939	25
7940	25
7941	25
7942	25
7943	25
7944	25
7945	25
7946	25
7947	25
7948	25
7949	25
7950	25
7951	25
7952	25
7953	25
7954	25
7955	25
7956	25
7957	25
7958	25
7959	25
7960	25
7961	25
7962	25
7963	25
7964	25
7965	25
7966	25
7967	25
7968	25
7969	25
7970	25
7971	25
7972	25
7973	25
7974	25
7975	25
7976	25
7977	25
7978	25
7979	25
7980	25
7981	25
7982	25
7983	25
7984	25
7985	25
7986	25
7987	25
7988	25
7989	25
7990	25
7991	25
7992	25
7993	25
7994	25
7995	25
7996	25
7997	25
7998	25
7999	25
8000	25
8001	25
8002	25
8003	25
8004	25
8005	25
8006	25
8007	25
8008	25
8009	25
8010	25
8011	25
8012	25
8013	25
8014	25
8015	25
8016	25
8017	25
8018	25
8019	25
8020	25
8021	25
8022	25
8023	25
8024	25
8025	25
8026	25
8027	25
8028	25
8029	25
8030	25
8031	25
8032	25
8033	25
8034	25
8035	25
8036	25
8037	25
8038	25
8039	25
8040	25
8041	25
8042	25
8043	25
8044	25
8045	25
8046	25
8047	25
8048	25
8049	25
8050	25
8051	25
8052	25
8053	25
8054	25
8055	25
8056	25
8057	25
8058	25
8059	25
8060	25
8061	25
8062	25
8063	25
8064	25
8065	25
8066	25
8067	25
8068	25
8069	25
8070	25
8071	25
8072	25
8073	25
8074	25
8075	25
8076	25
8077	25
8078	25
8079	25
8080	25
8081	25
8082	25
8083	25
8084	25
8085	25
8086	25
8087	25
8088	25
8089	25
8090	25
8091	25
8092	25
8093	25
8094	25
8095	25
8096	25
8097	25
8098	25
8099	25
8100	25
8101	25
8102	25
8103	25
8104	25
8105	25
8106	25
8107	25
8108	25
8109	25
8110	25
8111	25
8112	25
8113	25
8114	25
8115	25
8116	25
8117	25
8118	25
8119	25
8120	25
8121	25
8122	25
8123	25
8124	25
8125	25
8126	25
8127	25
8128	25
8129	25
8130	25
8131	25
8132	25
8133	25
8134	25
8135	25
8136	25
8137	25
8138	25
8139	25
8140	25
8141	25
8142	25
8143	25
8144	25
8145	25
8146	25
8147	25
8148	25
8149	25
8150	25
8151	25
8152	25
8153	25
8154	25
8155	25
8156	25
8157	25
8158	25
8159	25
8160	25
8161	25
8162	25
8163	25
8164	25
8165	25
8166	25
8167	25
8168	25
8169	25
8170	25
8171	25
8172	25
8173	25
8174	25
8175	25
8176	25
8177	25
8178	25
8179	25
8180	25
8181	25
8182	25
8183	25
8184	25
8185	25
8186	25
8187	25
8188	25
8189	25
8190	25
8191	25
8192	25
8193	25
8194	25
8195	25
8196	25
8197	25
8198	25
8199	25
8200	25
8201	25
8202	25
8203	25
8204	25
8205	25
8206	25
8207	25
8208	25
8209	25
8210	25
8211	25
8212	25
8213	25
8214	25
8215	25
8216	25
8217	25
8218	25
8219	25
8220	25
8221	25
8222	25
8223	25
8224	25
8225	25
8226	25
8227	25
8228	25
8229	25
8230	25
8231	25
8232	25
8233	25
8234	25
8235	25
8236	25
8237	25
8238	25
8239	25
8240	25
8241	25
8242	25
8243	25
8244	25
8245	25
8246	25
8247	25
8248	25
8249	25
8250	25
8251	25
8252	25
8253	25
8254	25
8255	25
8256	25
8257	25
8258	25
8259	25
8260	25
8261	25
8262	25
8263	25
8264	25
8265	25
8266	25
8267	25
8268	25
8269	25
8270	25
8271	25
8272	25
8273	25
8274	25
8275	25
8276	25
8277	25
8278	25
8279	25
8280	25
8281	25
8282	25
8283	25
8284	25
8285	25
8286	25
8287	25
8288	25
8289	25
8290	25
8291	25
8292	25
8293	25
8294	25
8295	25
8296	25
8297	25
8298	25
8299	25
8300	25
8301	25
8302	25
8303	25
8304	25
8305	25
8306	25
8307	25
8308	25
8309	25
8310	25
8311	25
8312	25
8313	25
8314	25
8315	25
8316	25
8317	25
8318	25
8319	25
8320	25
8321	25
8322	25
8323	25
8324	25
8325	25
8326	25
8327	25
8328	25
8329	25
8330	25
8331	25
8332	25
8333	25
8334	25
8335	25
8336	25
8337	25
8338	25
8339	25
8340	25
8341	25
8342	25
8343	25
8344	25
8345	25
8346	25
8347	25
8348	25
8349	25
8350	25
8351	25
8352	25
8353	25
8354	25
8355	25
8356	25
8357	25
8358	25
8359	25
8360	25
8361	25
8362	25
8363	25
8364	25
8365	25
8366	25
8367	25
8368	25
8369	25
8370	25
8371	25
8372	25
8373	25
8374	25
8375	25
8376	25
8377	25
8378	25
8379	25
8380	25
8381	25
8382	25
8383	25
8384	25
8385	25
8386	25
8387	25
8388	25
8389	25
8390	25
8391	25
8392	25
8393	25
8394	25
8395	25
8396	25
8397	25
8398	25
8399	25
8400	25
8401	25
8402	25
8403	25
8404	25
8405	25
8406	25
8407	25
8408	25
8409	25
8410	25
8411	25
8412	25
8413	25
8414	25
8415	25
8416	25
8417	25
8418	25
8419	25
8420	25
8421	25
8422	25
8423	25
8424	25
8425	25
8426	25
8427	25
8428	25
8429	25
8430	25
8431	25
8432	25
8433	25
8434	25
8435	25
8436	25
8437	25
8438	25
8439	25
8440	25
8441	25
8442	25
8443	25
8444	25
8445	25
8446	25
8447	25
8448	25
8449	25
8450	25
8451	25
8452	25
8453	25
8454	25
8455	25
8456	25
8457	25
8458	25
8459	25
8460	25
8461	25
8462	25
8463	25
8464	25
8465	25
8466	25
8467	25
8468	25
8469	25
8470	25
8471	25
8472	25
8473	25
8474	25
8475	25
8476	25
8477	25
8478	25
8479	25
8480	25
8481	25
8482	25
8483	25
8484	25
8485	25
8486	25
8487	25
8488	25
8489	25
8490	25
8491	25
8492	25
8493	25
8494	25
8495	25
8496	25
8497	25
8498	25
8499	25
8500	25
8501	25
8502	25
8503	25
8504	25
8505	25
8506	25
8507	25
8508	25
8509	25
8510	25
8511	25
8512	25
8513	25
8514	25
8515	25
8516	25
8517	25
8518	25
8519	25
8520	25
8521	25
8522	25
8523	25
8524	25
8525	25
8526	25
8527	25
8528	25
8529	25
8530	25
8531	25
8532	25
8533	25
8534	25
8535	25
8536	25
8537	25
8538	25
8539	25
8540	25
8541	25
8542	25
8543	25
8544	25
8545	25
8546	25
8547	25
8548	25
8549	25
8550	25
8551	25
8552	25
8553	25
8554	25
8555	25
8556	25
8557	25
8558	25
8559	25
8560	25
8561	25
8562	25
8563	25
8564	25
8565	25
8566	25
8567	25
8568	25
8569	25
8570	25
8571	25
8572	25
8573	25
8574	25
8575	25
8576	25
8577	25
8578	25
8579	25
8580	25
8581	25
8582	25
8583	25
8584	25
8585	25
8586	25
8587	25
8588	25
8589	25
8590	25
8591	25
8592	25
8593	25
8594	25
8595	25
8596	25
8597	25
8598	25
8599	25
8600	25
8601	25
8602	25
8603	25
8604	25
8605	25
8606	25
8607	25
8608	25
8609	25
8610	25
8611	25
8612	25
8613	25
8614	25
8615	25
8616	25
8617	25
8618	25
8619	25
8620	25
8621	25
8622	25
8623	25
8624	25
8625	25
8626	25
8627	25
8628	25
8629	25
8630	25
8631	25
8632	25
8633	25
8634	25
8635	25
8636	25
8637	25
8638	25
8639	25
8640	25
8641	25
8642	25
8643	25
8644	25
8645	25
8646	25
8647	25
8648	25
8649	25
8650	25
8651	25
8652	25
8653	25
8654	25
8655	25
8656	25
8657	25
8658	25
8659	25
8660	25
8661	25
8662	25
8663	25
8664	25
8665	25
8666	25
8667	25
8668	25
8669	25
8670	25
8671	25
8672	25
8673	25
8674	25
8675	25
8676	25
8677	25
8678	25
8679	25
8680	25
8681	25
8682	25
8683	25
8684	25
8685	25
8686	25
8687	25
8688	25
8689	25
8690	25
8691	25
8692	25
8693	25
8694	25
8695	25
8696	25
8697	25
8698	25
8699	25
8700	25
8701	25
8702	25
8703	25
8704	25
8705	25
8706	25
8707	25
8708	25
8709	25
8710	25
8711	25
8712	25
8713	25
8714	25
8715	25
8716	25
8717	25
8718	25
8719	25
8720	25
8721	25
8722	25
8723	25
8724	25
8725	25
8726	25
8727	25
8728	25
8729	25
8730	25
8731	25
8732	25
8733	25
8734	25
8735	25
8736	25
8737	25
8738	25
8739	25
8740	25
8741	25
8742	25
8743	25
8744	25
8745	25
8746	25
8747	25
8748	25
8749	25
8750	25
8751	25
8752	25
8753	25
8754	25
8755	25
8756	25
8757	25
8758	25
8759	25
8760	25
8761	25
8762	25
8763	25
8764	25
8765	25
8766	25
8767	25
8768	25
8769	25
8770	25
8771	25
8772	25
8773	25
8774	25
8775	25
8776	25
8777	25
8778	25
8779	25
8780	25
8781	25
8782	25
8783	25
8784	25
8785	25
8786	25
8787	25
8788	25
8789	25
8790	25
8791	25
8792	25
8793	25
8794	25
8795	25
8796	25
8797	25
8798	25
8799	25
8800	25
8801	25
8802	25
8803	25
8804	25
8805	25
8806	25
8807	25
8808	25
8809	25
8810	25
8811	25
8812	25
8813	25
8814	25
8815	25
8816	25
8817	25
8818	25
8819	25
8820	25
8821	25
8822	25
8823	25
8824	25
8825	25
8826	25
8827	25
8828	25
8829	25
8830	25
8831	25
8832	25
8833	25
8834	25
8835	25
8836	25
8837	25
8838	25
8839	25
8840	25
8841	25
8842	25
8843	25
8844	25
8845	25
8846	25
8847	25
8848	25
8849	25
8850	25
8851	25
8852	25
8853	25
8854	25
8855	25
8856	25
8857	25
8858	25
8859	25
8860	25
8861	25
8862	25
8863	25
8864	25
8865	25
8866	25
8867	25
8868	25
8869	25
8870	25
8871	25
8872	25
8873	25
8874	25
8875	25
8876	25
8877	25
8878	25
8879	25
8880	25
8881	25
8882	25
8883	25
8884	25
8885	25
8886	25
8887	25
8888	25
8889	25
8890	25
8891	25
8892	25
8893	25
8894	25
8895	25
8896	25
8897	25
8898	25
8899	25
8900	25
8901	25
8902	25
8903	25
8904	25
8905	25
8906	25
8907	25
8908	25
8909	25
8910	25
8911	25
8912	25
8913	25
8914	25
8915	25
8916	25
8917	25
8918	25
8919	25
8920	25
8921	25
8922	25
8923	25
8924	25
8925	25
8926	25
8927	25
8928	25
8929	25
8930	25
8931	25
8932	25
8933	25
8934	25
8935	25
8936	25
8937	25
8938	25
8939	25
8940	25
8941	25
8942	25
8943	25
8944	25
8945	25
8946	25
8947	25
8948	25
8949	25
8950	25
8951	25
8952	25
8953	25
8954	25
8955	25
8956	25
8957	25
8958	25
8959	25
8960	25
8961	25
8962	25
8963	25
8964	25
8965	25
8966	25
8967	25
8968	25
8969	25
8970	25
8971	25
8972	25
8973	25
8974	25
8975	25
8976	25
8977	25
8978	25
8979	25
8980	25
8981	25
8982	25
8983	25
8984	25
8985	25
8986	25
8987	25
8988	25
8989	25
8990	25
8991	25
8992	25
8993	25
8994	25
8995	25
8996	25
8997	25
8998	25
8999	25
9000	25
9001	25
9002	25
9003	25
9004	25
9005	25
9006	25
9007	25
9008	25
9009	25
9010	25
9011	25
9012	25
9013	25
9014	25
9015	25
9016	25
9017	25
9018	25
9019	25
9020	25
9021	25
9022	25
9023	25
9024	25
9025	25
9026	25
9027	25
9028	25
9029	25
9030	25
9031	25
9032	25
9033	25
9034	25
9035	25
9036	25
9037	25
9038	25
9039	25
9040	25
9041	25
9042	25
9043	25
9044	25
9045	25
9046	25
9047	25
9048	25
9049	25
9050	25
9051	25
9052	25
9053	25
9054	25
9055	25
9056	25
9057	25
9058	25
9059	25
9060	25
9061	25
9062	25
9063	25
9064	25
9065	25
9066	25
9067	25
9068	25
9069	25
9070	25
9071	25
9072	25
9073	25
9074	25
9075	25
9076	25
9077	25
9078	25
9079	25
9080	25
9081	25
9082	25
9083	25
9084	25
9085	25
9086	25
9087	25
9088	25
9089	25
9090	25
9091	25
9092	25
9093	25
9094	25
9095	25
9096	25
9097	25
9098	25
9099	25
9100	25
9101	25
9102	25
9103	25
9104	25
9105	25
9106	25
9107	25
9108	25
9109	25
9110	25
9111	25
9112	25
9113	25
9114	25
9115	25
9116	25
9117	25
9118	25
9119	25
9120	25
9121	25
9122	25
9123	25
9124	25
9125	25
9126	25
9127	25
9128	25
9129	25
9130	25
9131	25
9132	25
9133	25
9134	25
9135	25
9136	25
9137	25
9138	25
9139	25
9140	25
9141	25
9142	25
9143	25
9144	25
9145	25
9146	25
9147	25
9148	25
9149	25
9150	25
9151	25
9152	25
9153	25
9154	25
9155	25
9156	25
9157	25
9158	25
9159	25
9160	25
9161	25
9162	25
9163	25
9164	25
9165	25
9166	25
9167	25
9168	25
9169	25
9170	25
9171	25
9172	25
9173	25
9174	25
9175	25
9176	25
9177	25
9178	25
9179	25
9180	25
9181	25
9182	25
9183	25
9184	25
9185	25
9186	25
9187	25
9188	25
9189	25
9190	25
9191	25
9192	25
9193	25
9194	25
9195	25
9196	25
9197	25
9198	25
9199	25
9200	25
9201	25
9202	25
9203	25
9204	25
9205	25
9206	25
9207	25
9208	25
9209	25
9210	25
9211	25
9212	25
9213	25
9214	25
9215	25
9216	25
9217	25
9218	25
9219	25
9220	25
9221	25
9222	25
9223	25
9224	25
9225	25
9226	25
9227	25
9228	25
9229	25
9230	25
9231	25
9232	25
9233	25
9234	25
9235	25
9236	25
9237	25
9238	25
9239	25
9240	25
9241	25
9242	25
9243	25
9244	25
9245	26
9246	26
9247	26
9248	26
9249	26
9250	26
9251	26
9252	26
9253	26
9254	26
9255	26
9256	26
9257	26
9258	26
9259	26
9260	26
9261	26
9262	26
9263	26
9264	26
9265	26
9266	26
9267	26
9268	26
9269	26
9270	26
9271	26
9272	26
9273	26
9274	26
9275	26
9276	26
9277	26
9278	26
9279	26
9280	26
9281	26
9282	26
9283	26
9284	26
9285	26
9286	26
9287	26
9288	26
9289	26
9290	26
9291	26
9292	26
9293	26
9294	26
9295	26
9296	26
9297	26
9298	26
9299	26
9300	26
9301	26
9302	26
9303	26
9304	26
9305	26
9306	26
9307	26
9308	26
9309	26
9310	26
9311	26
9312	26
9313	26
9314	26
9315	26
9316	26
9317	26
9318	26
9319	26
9320	26
9321	26
9322	26
9323	26
9324	26
9325	26
9326	26
9327	26
9328	26
9329	26
9330	26
9331	26
9332	26
9333	26
9334	26
9335	26
9336	26
9337	26
9338	26
9339	26
9340	26
9341	26
9342	26
9343	26
9344	26
9345	26
9346	26
9347	26
9348	26
9349	26
9350	26
9351	26
9352	26
9353	26
9354	26
9355	26
9356	26
9357	26
9358	26
9359	26
9360	26
9361	26
9362	26
9363	26
9364	26
9365	26
9366	26
9367	26
9368	26
9369	26
9370	26
9371	26
9372	26
9373	26
9374	26
9375	26
9376	26
9377	26
9378	26
9379	26
9380	26
9381	26
9382	26
9383	26
9384	26
9385	26
9386	26
9387	26
9388	26
9389	26
9390	26
9391	26
9392	26
9393	26
9394	26
9395	26
9396	26
9397	26
9398	26
9399	26
9400	26
9401	26
9402	26
9403	26
9404	26
9405	26
9406	26
9407	26
9408	26
9409	26
9410	26
9411	26
9412	26
9413	26
9414	26
9415	26
9416	26
9417	26
9418	26
9419	26
9420	26
9421	26
9422	26
9423	26
9424	26
9425	26
9426	26
9427	26
9428	26
9429	26
9430	26
9431	26
9432	26
9433	26
9434	26
9435	26
9436	26
9437	26
9438	26
9439	26
9440	26
9441	26
9442	26
9443	26
9444	26
9445	26
9446	26
9447	26
9448	26
9449	26
9450	26
9451	26
9452	26
9453	26
9454	26
9455	26
9456	26
9457	26
9458	26
9459	26
9460	26
9461	26
9462	26
9463	26
9464	26
9465	26
9466	26
9467	26
9468	26
9469	26
9470	26
9471	26
9472	26
9473	26
9474	26
9475	26
9476	26
9477	26
9478	26
9479	26
9480	26
9481	26
9482	26
9483	26
9484	26
9485	26
9486	26
9487	26
9488	26
9489	26
9490	26
9491	26
9492	26
9493	26
9494	26
9495	26
9496	26
9497	26
9498	26
9499	26
9500	26
9501	26
9502	26
9503	26
9504	26
9505	26
9506	26
9507	26
9508	26
9509	26
9510	26
9511	26
9512	26
9513	26
9514	26
9515	26
9516	26
9517	26
9518	26
9519	26
9520	26
9521	26
9522	26
9523	26
9524	26
9525	26
9526	26
9527	26
9528	26
9529	26
9530	26
9531	26
9532	26
9533	26
9534	26
9535	26
9536	26
9537	26
9538	26
9539	26
9540	26
9541	26
9542	26
9543	26
9544	26
9545	26
9546	26
9547	26
9548	26
9549	26
9550	26
9551	26
9552	26
9553	26
9554	26
9555	26
9556	26
9557	26
9558	26
9559	26
9560	26
9561	26
9562	26
9563	26
9564	26
9565	26
9566	26
9567	26
9568	26
9569	26
9570	26
9571	26
9572	26
9573	26
9574	26
9575	26
9576	26
9577	26
9578	26
9579	26
9580	26
9581	26
9582	26
9583	26
9584	26
9585	26
9586	26
9587	26
9588	26
9589	26
9590	26
9591	26
9592	26
9593	26
9594	26
9595	26
9596	26
9597	26
9598	26
9599	26
9600	26
9601	26
9602	26
9603	26
9604	26
9605	26
9606	26
9607	26
9608	26
9609	26
9610	26
9611	26
9612	26
9613	26
9614	26
9615	26
9616	26
9617	26
9618	26
9619	26
9620	26
9621	26
9622	26
9623	26
9624	26
9625	26
9626	26
9627	26
9628	26
9629	26
9630	26
9631	26
9632	26
9633	26
9634	26
9635	26
9636	26
9637	26
9638	26
9639	26
9640	26
9641	26
9642	26
9643	26
9644	26
9645	26
9646	26
9647	26
9648	26
9649	26
9650	26
9651	26
9652	26
9653	26
9654	26
9655	26
9656	26
9657	26
9658	26
9659	26
9660	26
9661	26
9662	26
9663	26
9664	26
9665	26
9666	26
9667	26
9668	26
9669	26
9670	26
9671	26
9672	26
9673	26
9674	26
9675	26
9676	26
9677	26
9678	26
9679	26
9680	26
9681	26
9682	26
9683	26
9684	26
9685	26
9686	26
9687	26
9688	26
9689	26
9690	26
9691	26
9692	26
9693	26
9694	26
9695	26
9696	26
9697	26
9698	26
9699	26
9700	26
9701	26
9702	26
9703	26
9704	26
9705	26
9706	26
9707	26
9708	26
9709	26
9710	26
9711	26
9712	26
9713	26
9714	26
9715	26
9716	26
9717	26
9718	26
9719	26
9720	26
9721	26
9722	26
9723	26
9724	26
9725	26
9726	26
9727	26
9728	26
9729	26
9730	26
9731	26
9732	26
9733	26
9734	26
9735	26
9736	26
9737	26
9738	26
9739	26
9740	26
9741	26
9742	26
9743	26
9744	26
9745	26
9746	26
9747	26
9748	26
9749	26
9750	27
9751	27
9752	27
9753	27
9754	27
9755	27
9756	27
9757	27
9758	27
9759	27
9760	27
9761	27
9762	27
9763	27
9764	27
9765	27
9766	27
9767	27
9768	27
9769	27
9770	27
9771	27
9772	27
9773	27
9774	27
9775	27
9776	27
9777	27
9778	27
9779	27
9780	27
9781	27
9782	27
9783	27
9784	27
9785	27
9786	27
9787	27
9788	27
9789	27
9790	27
9791	27
9792	27
9793	27
9794	27
9795	27
9796	27
9797	27
9798	27
9799	27
9800	27
9801	27
9802	27
9803	27
9804	27
9805	27
9806	27
9807	27
9808	27
9809	27
9810	27
9811	27
9812	27
9813	28
9814	28
9815	28
9816	28
9817	28
9818	28
9819	28
9820	28
9821	28
9822	28
9823	28
9824	28
9825	28
9826	28
9827	28
9828	28
9829	28
9830	28
9831	28
9832	28
9833	28
9834	28
9835	28
9836	28
9837	28
9838	28
9839	28
9840	28
9841	28
9842	28
9843	28
9844	28
9845	28
9846	28
9847	28
9848	28
9849	28
9850	28
9851	28
9852	28
9853	28
9854	28
9855	28
9856	28
9857	28
9858	28
9859	28
9860	28
9861	28
9862	28
9863	28
9864	28
9865	28
9866	28
9867	28
9868	28
9869	28
9870	28
9871	28
9872	28
9873	28
9874	28
9875	28
9876	28
9877	28
9878	28
9879	28
9880	28
9881	28
9882	28
9883	28
9884	28
9885	28
9886	28
9887	28
9888	28
9889	28
9890	28
9891	28
9892	28
9893	28
9894	28
9895	28
9896	28
9897	28
9898	28
9899	28
9900	28
9901	28
9902	28
9903	28
9904	28
9905	28
9906	28
9907	28
9908	28
9909	28
9910	28
9911	28
9912	28
9913	28
9914	28
9915	28
9916	28
9917	28
9918	28
9919	28
9920	28
9921	28
9922	28
9923	28
9924	28
9925	28
9926	28
9927	28
9928	28
9929	28
9930	28
9931	28
9932	28
9933	28
9934	28
9935	28
9936	28
9937	28
9938	28
9939	28
9940	28
9941	28
9942	28
9943	28
9944	28
9945	28
9946	29
9947	29
9948	29
9949	29
9950	29
9951	29
9952	29
9953	29
9954	29
9955	29
9956	29
9957	29
9958	29
9959	29
9960	29
9961	29
9962	29
9963	29
9964	29
9965	29
9966	29
9967	29
9968	29
9969	29
9970	29
9971	30
9972	30
9973	30
9974	30
9975	30
9976	30
9977	30
9978	30
9979	30
9980	30
9981	30
9982	30
9983	30
9984	30
9985	30
9986	30
9987	30
9988	30
9989	30
9990	30
9991	30
9992	30
9993	30
9994	30
9995	30
9996	30
9997	30
9998	30
9999	30
10000	30
