#Clock	ItemsCollected
1	0
2	0
3	0
4	0
5	0
6	0
7	0
8	0
9	0
10	0
11	0
12	0
13	0
14	0
15	0
16	0
17	0
18	0
19	0
20	0
21	0
22	0
23	0
24	0
25	0
26	0
27	0
28	0
29	0
30	0
31	0
32	0
33	0
34	0
35	0
36	0
37	0
38	0
39	0
40	0
41	0
42	0
43	0
44	0
45	0
46	0
47	0
48	0
49	0
50	0
51	0
52	0
53	0
54	0
55	0
56	0
57	0
58	0
59	0
60	0
61	0
62	0
63	0
64	0
65	0
66	0
67	0
68	0
69	0
70	0
71	0
72	0
73	0
74	0
75	0
76	0
77	0
78	0
79	0
80	0
81	0
82	0
83	0
84	0
85	0
86	0
87	0
88	0
89	0
90	0
91	0
92	0
93	0
94	0
95	0
96	0
97	0
98	0
99	0
100	0
101	0
102	0
103	0
104	0
105	0
106	0
107	0
108	0
109	0
110	0
111	0
112	0
113	0
114	0
115	0
116	0
117	0
118	0
119	0
120	0
121	0
122	0
123	0
124	0
125	0
126	0
127	0
128	0
129	0
130	0
131	0
132	0
133	0
134	0
135	0
136	0
137	0
138	0
139	0
140	0
141	0
142	0
143	0
144	0
145	0
146	0
147	0
148	0
149	0
150	0
151	0
152	0
153	0
154	0
155	0
156	0
157	0
158	0
159	0
160	0
161	0
162	0
163	0
164	0
165	0
166	0
167	0
168	0
169	0
170	0
171	0
172	0
173	0
174	0
175	0
176	0
177	0
178	0
179	0
180	0
181	0
182	0
183	0
184	0
185	0
186	0
187	0
188	0
189	0
190	0
191	0
192	0
193	0
194	0
195	0
196	0
197	0
198	0
199	0
200	0
201	0
202	0
203	0
204	0
205	0
206	0
207	0
208	0
209	0
210	0
211	0
212	0
213	0
214	0
215	0
216	0
217	0
218	0
219	0
220	0
221	0
222	0
223	0
224	0
225	0
226	0
227	0
228	0
229	0
230	0
231	0
232	0
233	0
234	0
235	0
236	0
237	0
238	0
239	0
240	0
241	0
242	0
243	0
244	0
245	0
246	0
247	0
248	0
249	0
250	0
251	0
252	0
253	0
254	0
255	0
256	0
257	0
258	0
259	0
260	0
261	0
262	0
263	0
264	0
265	0
266	0
267	0
268	0
269	0
270	0
271	0
272	0
273	0
274	0
275	0
276	0
277	0
278	0
279	0
280	0
281	0
282	0
283	0
284	0
285	0
286	0
287	0
288	0
289	0
290	0
291	0
292	0
293	0
294	0
295	0
296	0
297	0
298	0
299	0
300	0
301	0
302	0
303	0
304	0
305	0
306	0
307	0
308	0
309	0
310	0
311	0
312	0
313	0
314	0
315	0
316	0
317	0
318	0
319	0
320	0
321	0
322	0
323	0
324	0
325	0
326	0
327	0
328	0
329	0
330	0
331	0
332	0
333	0
334	0
335	0
336	0
337	0
338	0
339	0
340	0
341	0
342	0
343	0
344	0
345	0
346	0
347	0
348	0
349	0
350	0
351	0
352	0
353	0
354	0
355	0
356	0
357	0
358	0
359	0
360	0
361	0
362	0
363	0
364	0
365	0
366	0
367	0
368	0
369	0
370	0
371	0
372	0
373	0
374	0
375	0
376	0
377	0
378	0
379	0
380	0
381	0
382	0
383	0
384	0
385	0
386	0
387	0
388	0
389	0
390	0
391	0
392	0
393	0
394	0
395	0
396	0
397	0
398	0
399	0
400	0
401	0
402	0
403	0
404	0
405	0
406	0
407	0
408	0
409	0
410	0
411	0
412	0
413	0
414	0
415	0
416	0
417	0
418	0
419	0
420	0
421	0
422	0
423	0
424	0
425	0
426	0
427	0
428	0
429	0
430	0
431	0
432	0
433	0
434	0
435	0
436	0
437	0
438	0
439	0
440	0
441	0
442	0
443	0
444	0
445	0
446	0
447	0
448	0
449	0
450	0
451	0
452	0
453	0
454	0
455	0
456	0
457	0
458	0
459	0
460	0
461	0
462	0
463	0
464	0
465	0
466	0
467	0
468	0
469	0
470	0
471	0
472	0
473	0
474	0
475	0
476	0
477	0
478	0
479	0
480	0
481	0
482	0
483	0
484	0
485	0
486	0
487	0
488	0
489	0
490	0
491	0
492	0
493	0
494	0
495	0
496	0
497	0
498	0
499	0
500	0
501	0
502	0
503	0
504	0
505	0
506	0
507	0
508	0
509	0
510	0
511	0
512	0
513	0
514	0
515	0
516	0
517	0
518	0
519	0
520	0
521	0
522	0
523	0
524	0
525	0
526	0
527	0
528	0
529	0
530	0
531	0
532	0
533	0
534	0
535	0
536	0
537	0
538	0
539	0
540	0
541	0
542	0
543	0
544	0
545	0
546	0
547	0
548	0
549	0
550	0
551	0
552	0
553	0
554	0
555	0
556	0
557	0
558	0
559	0
560	0
561	0
562	0
563	0
564	0
565	0
566	0
567	0
568	0
569	0
570	0
571	0
572	0
573	0
574	0
575	0
576	0
577	0
578	0
579	0
580	0
581	0
582	0
583	0
584	0
585	0
586	0
587	0
588	0
589	0
590	0
591	0
592	0
593	0
594	0
595	0
596	0
597	0
598	0
599	0
600	0
601	0
602	0
603	0
604	0
605	0
606	0
607	0
608	0
609	0
610	0
611	0
612	0
613	0
614	0
615	0
616	0
617	0
618	0
619	0
620	0
621	0
622	0
623	0
624	0
625	0
626	0
627	0
628	0
629	0
630	0
631	0
632	0
633	0
634	0
635	0
636	0
637	0
638	0
639	0
640	0
641	0
642	0
643	0
644	0
645	0
646	0
647	0
648	0
649	0
650	0
651	0
652	0
653	0
654	0
655	0
656	0
657	0
658	0
659	0
660	0
661	0
662	0
663	0
664	0
665	0
666	0
667	0
668	0
669	0
670	0
671	0
672	0
673	0
674	0
675	0
676	0
677	0
678	0
679	0
680	0
681	0
682	0
683	0
684	0
685	0
686	0
687	0
688	0
689	0
690	0
691	0
692	0
693	0
694	0
695	0
696	0
697	0
698	0
699	0
700	0
701	0
702	0
703	0
704	0
705	0
706	0
707	0
708	0
709	0
710	0
711	0
712	0
713	0
714	0
715	0
716	0
717	0
718	0
719	0
720	0
721	0
722	0
723	0
724	0
725	0
726	0
727	0
728	0
729	0
730	0
731	0
732	0
733	0
734	0
735	0
736	0
737	0
738	0
739	0
740	0
741	0
742	0
743	0
744	0
745	0
746	0
747	0
748	0
749	0
750	0
751	0
752	0
753	0
754	0
755	0
756	0
757	0
758	0
759	0
760	0
761	0
762	0
763	0
764	0
765	0
766	0
767	0
768	0
769	0
770	0
771	0
772	0
773	0
774	0
775	0
776	0
777	0
778	0
779	0
780	0
781	0
782	0
783	0
784	0
785	0
786	0
787	0
788	0
789	0
790	0
791	0
792	0
793	0
794	0
795	0
796	0
797	0
798	0
799	0
800	0
801	0
802	0
803	0
804	0
805	0
806	0
807	0
808	0
809	0
810	0
811	0
812	0
813	0
814	0
815	0
816	0
817	0
818	0
819	0
820	0
821	0
822	0
823	0
824	0
825	0
826	0
827	0
828	0
829	0
830	0
831	0
832	0
833	0
834	0
835	0
836	0
837	0
838	0
839	0
840	0
841	0
842	0
843	0
844	0
845	0
846	0
847	0
848	0
849	0
850	0
851	0
852	0
853	0
854	0
855	0
856	0
857	0
858	0
859	0
860	0
861	0
862	0
863	0
864	0
865	0
866	0
867	0
868	0
869	0
870	0
871	0
872	0
873	0
874	0
875	0
876	0
877	0
878	0
879	0
880	0
881	0
882	0
883	0
884	0
885	0
886	0
887	0
888	0
889	0
890	0
891	0
892	0
893	0
894	0
895	0
896	0
897	0
898	0
899	0
900	0
901	0
902	0
903	0
904	0
905	0
906	0
907	0
908	0
909	0
910	0
911	0
912	0
913	0
914	0
915	0
916	0
917	0
918	0
919	0
920	0
921	0
922	0
923	0
924	0
925	0
926	0
927	0
928	0
929	0
930	0
931	0
932	0
933	0
934	0
935	0
936	0
937	0
938	0
939	0
940	0
941	0
942	0
943	0
944	0
945	0
946	0
947	0
948	0
949	0
950	0
951	0
952	0
953	0
954	0
955	0
956	0
957	0
958	0
959	0
960	0
961	0
962	0
963	0
964	0
965	0
966	0
967	0
968	0
969	0
970	0
971	0
972	0
973	0
974	0
975	0
976	0
977	0
978	0
979	0
980	0
981	0
982	0
983	0
984	0
985	0
986	0
987	0
988	0
989	0
990	0
991	0
992	0
993	0
994	0
995	0
996	0
997	0
998	0
999	0
1000	0
1001	0
1002	0
1003	0
1004	0
1005	0
1006	0
1007	0
1008	0
1009	0
1010	0
1011	0
1012	0
1013	0
1014	0
1015	0
1016	0
1017	0
1018	0
1019	0
1020	0
1021	0
1022	0
1023	0
1024	0
1025	0
1026	0
1027	0
1028	0
1029	0
1030	0
1031	0
1032	0
1033	0
1034	0
1035	0
1036	0
1037	0
1038	0
1039	0
1040	0
1041	0
1042	0
1043	0
1044	0
1045	0
1046	0
1047	0
1048	0
1049	0
1050	0
1051	0
1052	0
1053	0
1054	0
1055	0
1056	0
1057	0
1058	0
1059	0
1060	0
1061	0
1062	0
1063	0
1064	0
1065	0
1066	0
1067	0
1068	0
1069	0
1070	0
1071	0
1072	0
1073	0
1074	0
1075	0
1076	0
1077	0
1078	0
1079	0
1080	0
1081	0
1082	0
1083	0
1084	0
1085	0
1086	0
1087	0
1088	0
1089	0
1090	0
1091	0
1092	0
1093	0
1094	0
1095	0
1096	0
1097	0
1098	0
1099	0
1100	0
1101	0
1102	0
1103	0
1104	0
1105	0
1106	0
1107	0
1108	0
1109	0
1110	0
1111	0
1112	0
1113	0
1114	0
1115	0
1116	0
1117	0
1118	0
1119	0
1120	0
1121	0
1122	0
1123	0
1124	0
1125	0
1126	0
1127	0
1128	0
1129	0
1130	0
1131	0
1132	0
1133	0
1134	0
1135	0
1136	0
1137	0
1138	0
1139	0
1140	0
1141	0
1142	0
1143	0
1144	0
1145	0
1146	0
1147	0
1148	0
1149	0
1150	0
1151	0
1152	0
1153	0
1154	0
1155	0
1156	0
1157	0
1158	0
1159	0
1160	0
1161	0
1162	0
1163	0
1164	0
1165	0
1166	0
1167	0
1168	0
1169	0
1170	0
1171	0
1172	0
1173	0
1174	0
1175	0
1176	0
1177	0
1178	0
1179	0
1180	0
1181	0
1182	0
1183	0
1184	0
1185	0
1186	0
1187	0
1188	0
1189	0
1190	0
1191	0
1192	0
1193	0
1194	0
1195	0
1196	0
1197	0
1198	0
1199	0
1200	0
1201	0
1202	0
1203	0
1204	0
1205	0
1206	0
1207	0
1208	0
1209	0
1210	0
1211	0
1212	0
1213	0
1214	0
1215	0
1216	0
1217	0
1218	0
1219	0
1220	0
1221	0
1222	0
1223	0
1224	0
1225	0
1226	0
1227	0
1228	0
1229	0
1230	0
1231	0
1232	0
1233	0
1234	0
1235	0
1236	0
1237	0
1238	0
1239	0
1240	0
1241	0
1242	0
1243	0
1244	0
1245	0
1246	0
1247	0
1248	0
1249	0
1250	0
1251	0
1252	0
1253	0
1254	0
1255	0
1256	0
1257	0
1258	0
1259	0
1260	0
1261	0
1262	0
1263	0
1264	0
1265	0
1266	0
1267	0
1268	0
1269	0
1270	0
1271	0
1272	0
1273	0
1274	0
1275	0
1276	0
1277	0
1278	0
1279	0
1280	0
1281	0
1282	0
1283	0
1284	0
1285	0
1286	0
1287	0
1288	0
1289	0
1290	0
1291	0
1292	0
1293	0
1294	0
1295	0
1296	0
1297	0
1298	0
1299	0
1300	0
1301	0
1302	0
1303	0
1304	0
1305	0
1306	0
1307	0
1308	0
1309	0
1310	0
1311	0
1312	0
1313	0
1314	0
1315	0
1316	0
1317	0
1318	0
1319	0
1320	0
1321	0
1322	0
1323	0
1324	0
1325	0
1326	0
1327	0
1328	0
1329	0
1330	0
1331	0
1332	0
1333	0
1334	0
1335	0
1336	0
1337	0
1338	0
1339	0
1340	0
1341	0
1342	0
1343	0
1344	0
1345	0
1346	0
1347	0
1348	0
1349	0
1350	0
1351	0
1352	0
1353	0
1354	0
1355	0
1356	0
1357	0
1358	0
1359	0
1360	0
1361	0
1362	0
1363	0
1364	0
1365	0
1366	0
1367	0
1368	0
1369	0
1370	0
1371	0
1372	0
1373	0
1374	0
1375	0
1376	0
1377	0
1378	0
1379	0
1380	0
1381	0
1382	0
1383	0
1384	0
1385	0
1386	0
1387	0
1388	0
1389	0
1390	0
1391	0
1392	0
1393	0
1394	0
1395	0
1396	0
1397	0
1398	0
1399	0
1400	0
1401	0
1402	0
1403	0
1404	0
1405	0
1406	0
1407	0
1408	0
1409	0
1410	0
1411	0
1412	0
1413	0
1414	0
1415	0
1416	0
1417	0
1418	0
1419	0
1420	0
1421	0
1422	0
1423	0
1424	0
1425	0
1426	0
1427	0
1428	0
1429	0
1430	0
1431	0
1432	0
1433	0
1434	0
1435	0
1436	0
1437	0
1438	0
1439	0
1440	0
1441	0
1442	0
1443	0
1444	0
1445	0
1446	0
1447	0
1448	0
1449	0
1450	0
1451	0
1452	0
1453	0
1454	0
1455	0
1456	0
1457	0
1458	0
1459	0
1460	0
1461	0
1462	0
1463	0
1464	0
1465	0
1466	0
1467	0
1468	0
1469	0
1470	0
1471	0
1472	0
1473	0
1474	0
1475	0
1476	0
1477	0
1478	0
1479	0
1480	0
1481	0
1482	0
1483	0
1484	0
1485	0
1486	0
1487	0
1488	0
1489	0
1490	0
1491	0
1492	0
1493	0
1494	0
1495	0
1496	0
1497	0
1498	0
1499	0
1500	0
1501	0
1502	0
1503	0
1504	0
1505	0
1506	0
1507	0
1508	0
1509	0
1510	0
1511	0
1512	0
1513	0
1514	0
1515	0
1516	0
1517	0
1518	0
1519	0
1520	0
1521	0
1522	0
1523	0
1524	0
1525	0
1526	0
1527	0
1528	0
1529	0
1530	0
1531	0
1532	0
1533	0
1534	0
1535	0
1536	0
1537	0
1538	0
1539	0
1540	0
1541	0
1542	0
1543	0
1544	0
1545	0
1546	0
1547	0
1548	0
1549	0
1550	0
1551	0
1552	0
1553	0
1554	0
1555	0
1556	0
1557	0
1558	0
1559	0
1560	0
1561	0
1562	0
1563	0
1564	0
1565	0
1566	0
1567	0
1568	0
1569	0
1570	0
1571	0
1572	0
1573	0
1574	0
1575	0
1576	0
1577	0
1578	0
1579	0
1580	0
1581	0
1582	0
1583	0
1584	0
1585	0
1586	0
1587	0
1588	0
1589	0
1590	0
1591	0
1592	0
1593	0
1594	0
1595	0
1596	0
1597	0
1598	0
1599	0
1600	0
1601	0
1602	0
1603	0
1604	0
1605	0
1606	0
1607	0
1608	0
1609	0
1610	0
1611	0
1612	0
1613	0
1614	0
1615	0
1616	0
1617	0
1618	0
1619	0
1620	0
1621	0
1622	0
1623	0
1624	0
1625	0
1626	0
1627	0
1628	0
1629	0
1630	0
1631	0
1632	0
1633	0
1634	0
1635	0
1636	0
1637	0
1638	0
1639	0
1640	0
1641	0
1642	0
1643	0
1644	0
1645	0
1646	0
1647	0
1648	0
1649	0
1650	0
1651	0
1652	0
1653	0
1654	0
1655	0
1656	0
1657	0
1658	0
1659	0
1660	0
1661	0
1662	0
1663	0
1664	0
1665	0
1666	0
1667	0
1668	0
1669	0
1670	0
1671	0
1672	0
1673	0
1674	0
1675	0
1676	0
1677	0
1678	0
1679	0
1680	0
1681	0
1682	0
1683	0
1684	0
1685	0
1686	0
1687	0
1688	0
1689	0
1690	0
1691	0
1692	0
1693	0
1694	0
1695	0
1696	0
1697	0
1698	0
1699	0
1700	0
1701	0
1702	0
1703	0
1704	0
1705	0
1706	0
1707	0
1708	0
1709	0
1710	0
1711	0
1712	0
1713	0
1714	0
1715	0
1716	0
1717	0
1718	0
1719	0
1720	0
1721	0
1722	0
1723	0
1724	0
1725	0
1726	0
1727	0
1728	0
1729	0
1730	0
1731	0
1732	0
1733	0
1734	0
1735	0
1736	0
1737	0
1738	0
1739	0
1740	0
1741	0
1742	0
1743	0
1744	0
1745	0
1746	0
1747	0
1748	0
1749	0
1750	0
1751	0
1752	0
1753	0
1754	0
1755	0
1756	0
1757	0
1758	0
1759	0
1760	0
1761	0
1762	0
1763	0
1764	0
1765	0
1766	0
1767	0
1768	0
1769	0
1770	0
1771	0
1772	0
1773	0
1774	0
1775	0
1776	0
1777	0
1778	0
1779	0
1780	0
1781	0
1782	0
1783	0
1784	0
1785	0
1786	0
1787	0
1788	0
1789	0
1790	0
1791	0
1792	0
1793	0
1794	0
1795	0
1796	0
1797	0
1798	0
1799	0
1800	0
1801	0
1802	0
1803	0
1804	0
1805	0
1806	0
1807	0
1808	0
1809	0
1810	0
1811	0
1812	0
1813	0
1814	0
1815	0
1816	0
1817	0
1818	0
1819	0
1820	0
1821	0
1822	0
1823	0
1824	0
1825	0
1826	0
1827	0
1828	0
1829	0
1830	0
1831	0
1832	0
1833	0
1834	0
1835	0
1836	0
1837	0
1838	0
1839	0
1840	0
1841	0
1842	0
1843	0
1844	0
1845	0
1846	0
1847	0
1848	0
1849	0
1850	0
1851	0
1852	0
1853	0
1854	0
1855	0
1856	0
1857	0
1858	0
1859	0
1860	0
1861	0
1862	0
1863	0
1864	0
1865	0
1866	0
1867	0
1868	0
1869	0
1870	0
1871	0
1872	0
1873	0
1874	0
1875	0
1876	0
1877	0
1878	0
1879	0
1880	0
1881	0
1882	0
1883	0
1884	0
1885	0
1886	0
1887	0
1888	0
1889	0
1890	0
1891	0
1892	0
1893	0
1894	0
1895	0
1896	0
1897	0
1898	0
1899	0
1900	0
1901	0
1902	0
1903	0
1904	0
1905	0
1906	0
1907	0
1908	0
1909	0
1910	0
1911	0
1912	0
1913	0
1914	0
1915	0
1916	0
1917	0
1918	0
1919	0
1920	0
1921	0
1922	0
1923	0
1924	0
1925	0
1926	0
1927	0
1928	0
1929	0
1930	0
1931	0
1932	0
1933	0
1934	0
1935	0
1936	0
1937	0
1938	0
1939	0
1940	0
1941	0
1942	0
1943	0
1944	0
1945	0
1946	0
1947	0
1948	0
1949	0
1950	0
1951	0
1952	0
1953	0
1954	0
1955	0
1956	0
1957	0
1958	0
1959	0
1960	0
1961	0
1962	0
1963	0
1964	0
1965	0
1966	0
1967	0
1968	0
1969	0
1970	0
1971	0
1972	0
1973	0
1974	0
1975	0
1976	0
1977	0
1978	0
1979	0
1980	0
1981	0
1982	0
1983	0
1984	0
1985	0
1986	0
1987	0
1988	0
1989	0
1990	0
1991	0
1992	0
1993	0
1994	0
1995	0
1996	0
1997	0
1998	0
1999	0
2000	0
2001	0
2002	0
2003	0
2004	0
2005	0
2006	0
2007	0
2008	0
2009	0
2010	0
2011	0
2012	0
2013	0
2014	0
2015	0
2016	0
2017	0
2018	0
2019	0
2020	0
2021	0
2022	0
2023	0
2024	0
2025	0
2026	0
2027	0
2028	0
2029	0
2030	0
2031	0
2032	0
2033	0
2034	0
2035	0
2036	0
2037	0
2038	0
2039	0
2040	0
2041	0
2042	0
2043	0
2044	0
2045	0
2046	0
2047	0
2048	0
2049	0
2050	0
2051	0
2052	0
2053	0
2054	0
2055	0
2056	0
2057	0
2058	0
2059	0
2060	0
2061	0
2062	0
2063	0
2064	0
2065	0
2066	0
2067	0
2068	0
2069	0
2070	0
2071	0
2072	0
2073	0
2074	0
2075	0
2076	0
2077	0
2078	0
2079	0
2080	0
2081	0
2082	0
2083	0
2084	0
2085	0
2086	0
2087	0
2088	0
2089	0
2090	0
2091	0
2092	0
2093	0
2094	0
2095	0
2096	0
2097	0
2098	0
2099	0
2100	0
2101	0
2102	0
2103	0
2104	0
2105	0
2106	0
2107	0
2108	0
2109	0
2110	0
2111	0
2112	0
2113	0
2114	0
2115	0
2116	0
2117	0
2118	0
2119	0
2120	0
2121	0
2122	0
2123	0
2124	0
2125	0
2126	0
2127	0
2128	0
2129	0
2130	0
2131	0
2132	0
2133	0
2134	0
2135	0
2136	0
2137	0
2138	0
2139	0
2140	0
2141	0
2142	0
2143	0
2144	0
2145	0
2146	0
2147	0
2148	0
2149	0
2150	0
2151	0
2152	0
2153	0
2154	0
2155	0
2156	0
2157	0
2158	0
2159	0
2160	0
2161	0
2162	0
2163	0
2164	0
2165	0
2166	0
2167	0
2168	0
2169	0
2170	0
2171	0
2172	0
2173	0
2174	0
2175	0
2176	0
2177	0
2178	0
2179	0
2180	0
2181	0
2182	0
2183	0
2184	0
2185	0
2186	0
2187	0
2188	0
2189	0
2190	0
2191	0
2192	0
2193	0
2194	0
2195	0
2196	0
2197	0
2198	0
2199	0
2200	0
2201	0
2202	0
2203	0
2204	0
2205	0
2206	0
2207	0
2208	0
2209	0
2210	0
2211	0
2212	0
2213	0
2214	0
2215	0
2216	0
2217	0
2218	0
2219	0
2220	0
2221	0
2222	0
2223	0
2224	0
2225	0
2226	0
2227	0
2228	0
2229	0
2230	0
2231	0
2232	0
2233	0
2234	0
2235	0
2236	0
2237	0
2238	0
2239	0
2240	0
2241	0
2242	0
2243	0
2244	0
2245	0
2246	0
2247	0
2248	0
2249	0
2250	0
2251	0
2252	0
2253	0
2254	0
2255	0
2256	0
2257	0
2258	0
2259	0
2260	0
2261	0
2262	0
2263	0
2264	0
2265	0
2266	0
2267	0
2268	0
2269	0
2270	0
2271	0
2272	0
2273	0
2274	0
2275	0
2276	0
2277	0
2278	0
2279	0
2280	0
2281	0
2282	0
2283	0
2284	0
2285	0
2286	0
2287	0
2288	0
2289	0
2290	0
2291	0
2292	0
2293	0
2294	0
2295	0
2296	0
2297	0
2298	0
2299	0
2300	0
2301	0
2302	0
2303	0
2304	0
2305	0
2306	0
2307	0
2308	0
2309	0
2310	0
2311	0
2312	0
2313	0
2314	0
2315	0
2316	0
2317	0
2318	0
2319	0
2320	0
2321	0
2322	0
2323	0
2324	0
2325	0
2326	0
2327	0
2328	0
2329	0
2330	0
2331	0
2332	0
2333	0
2334	0
2335	0
2336	0
2337	0
2338	0
2339	0
2340	0
2341	0
2342	0
2343	0
2344	0
2345	0
2346	0
2347	0
2348	0
2349	0
2350	0
2351	0
2352	0
2353	0
2354	0
2355	0
2356	0
2357	0
2358	0
2359	0
2360	0
2361	0
2362	0
2363	0
2364	0
2365	0
2366	0
2367	0
2368	0
2369	0
2370	0
2371	0
2372	0
2373	0
2374	0
2375	0
2376	0
2377	0
2378	0
2379	0
2380	0
2381	0
2382	0
2383	0
2384	0
2385	0
2386	0
2387	0
2388	0
2389	0
2390	0
2391	0
2392	0
2393	0
2394	0
2395	0
2396	0
2397	0
2398	0
2399	0
2400	0
2401	0
2402	0
2403	0
2404	0
2405	0
2406	0
2407	0
2408	0
2409	0
2410	0
2411	0
2412	0
2413	0
2414	0
2415	0
2416	0
2417	0
2418	0
2419	0
2420	0
2421	0
2422	0
2423	0
2424	0
2425	0
2426	0
2427	0
2428	0
2429	0
2430	0
2431	0
2432	0
2433	0
2434	0
2435	0
2436	0
2437	0
2438	0
2439	0
2440	0
2441	0
2442	0
2443	0
2444	0
2445	0
2446	0
2447	0
2448	0
2449	0
2450	0
2451	0
2452	0
2453	0
2454	0
2455	0
2456	0
2457	0
2458	0
2459	0
2460	0
2461	0
2462	0
2463	0
2464	0
2465	0
2466	0
2467	0
2468	0
2469	0
2470	0
2471	0
2472	0
2473	0
2474	0
2475	0
2476	0
2477	0
2478	0
2479	0
2480	0
2481	0
2482	0
2483	0
2484	0
2485	0
2486	0
2487	0
2488	0
2489	0
2490	0
2491	0
2492	0
2493	0
2494	0
2495	0
2496	0
2497	0
2498	0
2499	0
2500	0
2501	0
2502	0
2503	0
2504	0
2505	0
2506	0
2507	0
2508	0
2509	0
2510	0
2511	0
2512	0
2513	0
2514	0
2515	0
2516	0
2517	0
2518	0
2519	0
2520	0
2521	0
2522	0
2523	0
2524	0
2525	0
2526	0
2527	0
2528	0
2529	0
2530	0
2531	0
2532	0
2533	0
2534	0
2535	0
2536	0
2537	0
2538	0
2539	0
2540	0
2541	0
2542	0
2543	0
2544	0
2545	0
2546	0
2547	0
2548	0
2549	0
2550	0
2551	0
2552	0
2553	0
2554	0
2555	0
2556	0
2557	0
2558	0
2559	0
2560	0
2561	0
2562	0
2563	0
2564	0
2565	0
2566	0
2567	0
2568	0
2569	0
2570	0
2571	0
2572	0
2573	0
2574	0
2575	0
2576	0
2577	0
2578	0
2579	0
2580	0
2581	0
2582	0
2583	0
2584	0
2585	0
2586	0
2587	0
2588	0
2589	0
2590	0
2591	0
2592	0
2593	0
2594	0
2595	0
2596	0
2597	0
2598	0
2599	0
2600	0
2601	0
2602	0
2603	0
2604	0
2605	0
2606	0
2607	0
2608	0
2609	0
2610	0
2611	0
2612	0
2613	0
2614	0
2615	0
2616	0
2617	0
2618	0
2619	0
2620	0
2621	0
2622	0
2623	0
2624	0
2625	0
2626	0
2627	0
2628	0
2629	0
2630	0
2631	0
2632	0
2633	0
2634	0
2635	0
2636	0
2637	0
2638	0
2639	0
2640	0
2641	0
2642	0
2643	0
2644	0
2645	0
2646	0
2647	0
2648	0
2649	0
2650	0
2651	0
2652	0
2653	0
2654	0
2655	0
2656	0
2657	0
2658	0
2659	0
2660	0
2661	0
2662	0
2663	0
2664	0
2665	0
2666	0
2667	0
2668	0
2669	0
2670	0
2671	0
2672	0
2673	0
2674	0
2675	0
2676	0
2677	0
2678	0
2679	0
2680	0
2681	0
2682	0
2683	0
2684	0
2685	0
2686	0
2687	0
2688	0
2689	0
2690	0
2691	0
2692	0
2693	0
2694	0
2695	0
2696	0
2697	0
2698	0
2699	0
2700	0
2701	0
2702	0
2703	0
2704	0
2705	0
2706	0
2707	0
2708	0
2709	0
2710	0
2711	0
2712	0
2713	0
2714	0
2715	0
2716	0
2717	0
2718	0
2719	0
2720	0
2721	0
2722	0
2723	0
2724	0
2725	0
2726	0
2727	0
2728	0
2729	0
2730	0
2731	0
2732	0
2733	0
2734	0
2735	0
2736	0
2737	0
2738	0
2739	0
2740	0
2741	0
2742	0
2743	0
2744	0
2745	0
2746	0
2747	0
2748	0
2749	0
2750	0
2751	0
2752	0
2753	0
2754	0
2755	0
2756	0
2757	0
2758	0
2759	0
2760	0
2761	0
2762	0
2763	0
2764	0
2765	0
2766	0
2767	0
2768	0
2769	0
2770	0
2771	0
2772	0
2773	0
2774	0
2775	0
2776	0
2777	0
2778	0
2779	0
2780	0
2781	0
2782	0
2783	0
2784	0
2785	0
2786	0
2787	0
2788	0
2789	0
2790	0
2791	0
2792	0
2793	0
2794	0
2795	0
2796	0
2797	0
2798	0
2799	0
2800	0
2801	0
2802	0
2803	0
2804	0
2805	0
2806	0
2807	0
2808	0
2809	0
2810	0
2811	0
2812	0
2813	0
2814	0
2815	0
2816	0
2817	0
2818	0
2819	0
2820	0
2821	0
2822	0
2823	0
2824	0
2825	0
2826	0
2827	0
2828	0
2829	0
2830	0
2831	0
2832	0
2833	0
2834	0
2835	0
2836	0
2837	0
2838	0
2839	0
2840	0
2841	0
2842	0
2843	0
2844	0
2845	0
2846	0
2847	0
2848	0
2849	0
2850	0
2851	0
2852	0
2853	0
2854	0
2855	0
2856	0
2857	0
2858	0
2859	0
2860	0
2861	0
2862	0
2863	0
2864	0
2865	0
2866	0
2867	0
2868	0
2869	0
2870	0
2871	0
2872	0
2873	0
2874	0
2875	0
2876	0
2877	0
2878	0
2879	0
2880	0
2881	0
2882	0
2883	0
2884	0
2885	0
2886	0
2887	0
2888	0
2889	0
2890	0
2891	0
2892	0
2893	0
2894	0
2895	0
2896	0
2897	0
2898	0
2899	0
2900	0
2901	0
2902	0
2903	0
2904	0
2905	0
2906	0
2907	0
2908	0
2909	0
2910	0
2911	0
2912	0
2913	0
2914	0
2915	0
2916	0
2917	0
2918	0
2919	0
2920	0
2921	0
2922	0
2923	0
2924	0
2925	0
2926	0
2927	0
2928	0
2929	0
2930	0
2931	0
2932	0
2933	0
2934	0
2935	0
2936	0
2937	0
2938	0
2939	0
2940	0
2941	0
2942	0
2943	0
2944	0
2945	0
2946	0
2947	0
2948	0
2949	0
2950	0
2951	0
2952	0
2953	0
2954	0
2955	0
2956	0
2957	0
2958	0
2959	0
2960	0
2961	0
2962	0
2963	0
2964	0
2965	0
2966	0
2967	0
2968	0
2969	0
2970	0
2971	0
2972	0
2973	0
2974	0
2975	0
2976	0
2977	0
2978	0
2979	0
2980	0
2981	0
2982	0
2983	0
2984	0
2985	0
2986	0
2987	0
2988	0
2989	0
2990	0
2991	0
2992	0
2993	0
2994	0
2995	0
2996	0
2997	0
2998	0
2999	0
3000	0
3001	0
3002	0
3003	0
3004	0
3005	0
3006	0
3007	0
3008	0
3009	0
3010	0
3011	0
3012	0
3013	0
3014	0
3015	0
3016	0
3017	0
3018	0
3019	0
3020	0
3021	0
3022	0
3023	0
3024	0
3025	0
3026	0
3027	0
3028	0
3029	0
3030	0
3031	0
3032	0
3033	0
3034	0
3035	0
3036	0
3037	0
3038	0
3039	0
3040	0
3041	0
3042	0
3043	0
3044	0
3045	0
3046	0
3047	0
3048	0
3049	0
3050	0
3051	0
3052	0
3053	0
3054	0
3055	0
3056	0
3057	0
3058	0
3059	0
3060	0
3061	0
3062	0
3063	0
3064	0
3065	0
3066	0
3067	0
3068	0
3069	0
3070	0
3071	0
3072	0
3073	0
3074	0
3075	0
3076	0
3077	0
3078	0
3079	0
3080	0
3081	0
3082	0
3083	0
3084	0
3085	0
3086	0
3087	0
3088	0
3089	0
3090	0
3091	0
3092	0
3093	0
3094	0
3095	0
3096	0
3097	0
3098	0
3099	0
3100	0
3101	0
3102	0
3103	0
3104	0
3105	0
3106	0
3107	0
3108	0
3109	0
3110	0
3111	0
3112	0
3113	0
3114	0
3115	0
3116	0
3117	0
3118	0
3119	0
3120	0
3121	0
3122	0
3123	0
3124	0
3125	0
3126	0
3127	0
3128	0
3129	0
3130	0
3131	0
3132	0
3133	0
3134	0
3135	0
3136	0
3137	0
3138	0
3139	0
3140	0
3141	0
3142	0
3143	0
3144	0
3145	0
3146	0
3147	0
3148	0
3149	0
3150	0
3151	0
3152	0
3153	0
3154	0
3155	0
3156	0
3157	0
3158	0
3159	0
3160	0
3161	0
3162	0
3163	0
3164	0
3165	0
3166	0
3167	0
3168	0
3169	0
3170	0
3171	0
3172	0
3173	0
3174	0
3175	0
3176	0
3177	0
3178	0
3179	0
3180	0
3181	0
3182	0
3183	0
3184	0
3185	0
3186	0
3187	0
3188	0
3189	0
3190	0
3191	0
3192	0
3193	0
3194	0
3195	0
3196	0
3197	0
3198	0
3199	0
3200	0
3201	0
3202	0
3203	0
3204	0
3205	0
3206	0
3207	0
3208	0
3209	0
3210	0
3211	0
3212	0
3213	0
3214	0
3215	0
3216	0
3217	0
3218	0
3219	0
3220	0
3221	0
3222	0
3223	0
3224	0
3225	0
3226	0
3227	0
3228	0
3229	0
3230	0
3231	0
3232	0
3233	0
3234	0
3235	0
3236	0
3237	0
3238	0
3239	0
3240	0
3241	0
3242	0
3243	0
3244	0
3245	0
3246	0
3247	0
3248	0
3249	0
3250	0
3251	0
3252	0
3253	0
3254	0
3255	0
3256	0
3257	0
3258	0
3259	0
3260	0
3261	0
3262	0
3263	0
3264	0
3265	0
3266	0
3267	0
3268	0
3269	0
3270	0
3271	0
3272	0
3273	0
3274	0
3275	0
3276	0
3277	1
3278	1
3279	1
3280	1
3281	1
3282	1
3283	1
3284	1
3285	1
3286	1
3287	1
3288	1
3289	1
3290	1
3291	1
3292	1
3293	1
3294	1
3295	1
3296	1
3297	1
3298	1
3299	1
3300	1
3301	1
3302	1
3303	1
3304	1
3305	1
3306	1
3307	1
3308	1
3309	1
3310	1
3311	1
3312	1
3313	1
3314	1
3315	1
3316	1
3317	1
3318	1
3319	1
3320	1
3321	1
3322	1
3323	1
3324	1
3325	1
3326	1
3327	1
3328	1
3329	1
3330	1
3331	1
3332	1
3333	1
3334	1
3335	1
3336	1
3337	1
3338	1
3339	1
3340	1
3341	1
3342	1
3343	1
3344	1
3345	1
3346	1
3347	1
3348	1
3349	1
3350	1
3351	1
3352	1
3353	1
3354	1
3355	1
3356	1
3357	1
3358	1
3359	1
3360	1
3361	1
3362	1
3363	1
3364	1
3365	1
3366	1
3367	1
3368	1
3369	1
3370	1
3371	1
3372	1
3373	1
3374	1
3375	1
3376	1
3377	1
3378	1
3379	1
3380	1
3381	1
3382	1
3383	1
3384	1
3385	1
3386	1
3387	1
3388	1
3389	1
3390	1
3391	1
3392	1
3393	1
3394	1
3395	1
3396	1
3397	1
3398	1
3399	1
3400	1
3401	1
3402	1
3403	1
3404	1
3405	1
3406	1
3407	1
3408	1
3409	1
3410	1
3411	1
3412	1
3413	1
3414	1
3415	1
3416	1
3417	1
3418	1
3419	1
3420	1
3421	1
3422	1
3423	1
3424	1
3425	1
3426	1
3427	1
3428	1
3429	1
3430	1
3431	1
3432	1
3433	1
3434	1
3435	1
3436	1
3437	1
3438	1
3439	1
3440	1
3441	1
3442	1
3443	1
3444	1
3445	1
3446	1
3447	1
3448	1
3449	1
3450	1
3451	1
3452	1
3453	1
3454	1
3455	1
3456	1
3457	1
3458	1
3459	1
3460	1
3461	1
3462	1
3463	1
3464	1
3465	1
3466	1
3467	1
3468	1
3469	1
3470	1
3471	1
3472	1
3473	1
3474	2
3475	2
3476	2
3477	2
3478	2
3479	2
3480	2
3481	2
3482	2
3483	2
3484	2
3485	2
3486	2
3487	2
3488	2
3489	2
3490	2
3491	2
3492	2
3493	2
3494	2
3495	2
3496	2
3497	2
3498	2
3499	2
3500	2
3501	2
3502	2
3503	2
3504	2
3505	2
3506	2
3507	2
3508	2
3509	2
3510	2
3511	2
3512	2
3513	2
3514	2
3515	2
3516	2
3517	2
3518	2
3519	2
3520	2
3521	2
3522	2
3523	2
3524	2
3525	2
3526	2
3527	2
3528	2
3529	2
3530	2
3531	2
3532	2
3533	2
3534	2
3535	2
3536	2
3537	2
3538	2
3539	2
3540	2
3541	2
3542	2
3543	2
3544	2
3545	2
3546	2
3547	2
3548	2
3549	2
3550	2
3551	2
3552	2
3553	2
3554	2
3555	2
3556	2
3557	2
3558	2
3559	2
3560	2
3561	2
3562	2
3563	2
3564	2
3565	2
3566	2
3567	2
3568	2
3569	2
3570	2
3571	2
3572	2
3573	2
3574	2
3575	2
3576	2
3577	2
3578	2
3579	2
3580	2
3581	2
3582	2
3583	2
3584	2
3585	2
3586	2
3587	2
3588	3
3589	3
3590	3
3591	3
3592	3
3593	3
3594	3
3595	3
3596	3
3597	3
3598	3
3599	3
3600	3
3601	3
3602	3
3603	3
3604	3
3605	3
3606	3
3607	3
3608	3
3609	3
3610	3
3611	3
3612	3
3613	3
3614	3
3615	3
3616	3
3617	3
3618	3
3619	3
3620	3
3621	3
3622	3
3623	3
3624	3
3625	3
3626	3
3627	3
3628	3
3629	3
3630	3
3631	3
3632	3
3633	3
3634	3
3635	3
3636	3
3637	3
3638	3
3639	3
3640	3
3641	3
3642	3
3643	3
3644	3
3645	3
3646	3
3647	3
3648	3
3649	3
3650	3
3651	3
3652	3
3653	3
3654	3
3655	3
3656	3
3657	3
3658	3
3659	3
3660	3
3661	3
3662	3
3663	3
3664	3
3665	3
3666	3
3667	3
3668	3
3669	3
3670	3
3671	3
3672	3
3673	3
3674	3
3675	3
3676	3
3677	3
3678	3
3679	3
3680	3
3681	3
3682	3
3683	3
3684	3
3685	3
3686	3
3687	3
3688	3
3689	3
3690	3
3691	3
3692	3
3693	3
3694	3
3695	3
3696	3
3697	3
3698	3
3699	3
3700	3
3701	3
3702	3
3703	3
3704	3
3705	3
3706	3
3707	3
3708	3
3709	3
3710	3
3711	3
3712	3
3713	3
3714	3
3715	3
3716	3
3717	3
3718	3
3719	3
3720	3
3721	3
3722	3
3723	3
3724	3
3725	3
3726	3
3727	3
3728	3
3729	3
3730	3
3731	3
3732	3
3733	3
3734	3
3735	3
3736	3
3737	3
3738	3
3739	3
3740	3
3741	3
3742	3
3743	3
3744	3
3745	3
3746	3
3747	3
3748	3
3749	3
3750	3
3751	3
3752	3
3753	3
3754	3
3755	3
3756	3
3757	3
3758	3
3759	3
3760	3
3761	3
3762	3
3763	3
3764	3
3765	3
3766	3
3767	3
3768	3
3769	3
3770	3
3771	3
3772	3
3773	3
3774	3
3775	3
3776	3
3777	3
3778	3
3779	3
3780	3
3781	3
3782	3
3783	3
3784	3
3785	3
3786	3
3787	3
3788	3
3789	3
3790	3
3791	3
3792	3
3793	3
3794	3
3795	3
3796	3
3797	3
3798	3
3799	3
3800	3
3801	3
3802	3
3803	3
3804	3
3805	3
3806	3
3807	3
3808	3
3809	3
3810	3
3811	3
3812	3
3813	3
3814	3
3815	3
3816	3
3817	3
3818	3
3819	3
3820	3
3821	3
3822	3
3823	3
3824	3
3825	3
3826	3
3827	3
3828	3
3829	3
3830	3
3831	3
3832	3
3833	3
3834	3
3835	3
3836	3
3837	3
3838	3
3839	3
3840	3
3841	3
3842	3
3843	3
3844	3
3845	3
3846	3
3847	3
3848	3
3849	3
3850	3
3851	3
3852	3
3853	3
3854	3
3855	3
3856	3
3857	3
3858	3
3859	3
3860	3
3861	3
3862	3
3863	3
3864	3
3865	3
3866	3
3867	3
3868	3
3869	3
3870	3
3871	3
3872	3
3873	3
3874	3
3875	3
3876	3
3877	3
3878	3
3879	3
3880	3
3881	3
3882	3
3883	3
3884	3
3885	3
3886	3
3887	3
3888	3
3889	3
3890	3
3891	3
3892	3
3893	3
3894	3
3895	3
3896	3
3897	3
3898	3
3899	3
3900	3
3901	3
3902	3
3903	3
3904	3
3905	3
3906	3
3907	3
3908	3
3909	3
3910	3
3911	3
3912	3
3913	3
3914	3
3915	3
3916	3
3917	3
3918	3
3919	3
3920	3
3921	3
3922	3
3923	3
3924	3
3925	3
3926	3
3927	3
3928	3
3929	3
3930	3
3931	3
3932	3
3933	3
3934	3
3935	3
3936	3
3937	3
3938	3
3939	3
3940	3
3941	3
3942	3
3943	3
3944	3
3945	3
3946	3
3947	3
3948	3
3949	3
3950	3
3951	3
3952	3
3953	3
3954	3
3955	3
3956	3
3957	3
3958	3
3959	3
3960	3
3961	3
3962	3
3963	3
3964	3
3965	3
3966	3
3967	3
3968	3
3969	3
3970	3
3971	3
3972	3
3973	3
3974	3
3975	3
3976	3
3977	3
3978	3
3979	3
3980	3
3981	3
3982	3
3983	3
3984	3
3985	3
3986	3
3987	3
3988	3
3989	3
3990	3
3991	3
3992	3
3993	3
3994	3
3995	3
3996	3
3997	3
3998	3
3999	3
4000	3
4001	3
4002	3
4003	3
4004	3
4005	3
4006	3
4007	3
4008	3
4009	3
4010	3
4011	3
4012	3
4013	3
4014	3
4015	3
4016	3
4017	3
4018	3
4019	3
4020	3
4021	3
4022	3
4023	3
4024	3
4025	3
4026	3
4027	3
4028	3
4029	3
4030	3
4031	3
4032	3
4033	3
4034	3
4035	3
4036	3
4037	3
4038	3
4039	3
4040	3
4041	3
4042	3
4043	3
4044	3
4045	3
4046	3
4047	3
4048	3
4049	3
4050	3
4051	3
4052	3
4053	3
4054	3
4055	3
4056	3
4057	3
4058	3
4059	3
4060	3
4061	3
4062	3
4063	3
4064	3
4065	3
4066	3
4067	3
4068	3
4069	3
4070	3
4071	3
4072	3
4073	3
4074	3
4075	3
4076	3
4077	3
4078	3
4079	3
4080	3
4081	3
4082	3
4083	3
4084	3
4085	3
4086	3
4087	3
4088	3
4089	3
4090	3
4091	3
4092	3
4093	3
4094	3
4095	3
4096	3
4097	3
4098	3
4099	3
4100	3
4101	3
4102	3
4103	3
4104	3
4105	3
4106	3
4107	3
4108	3
4109	3
4110	3
4111	3
4112	3
4113	3
4114	3
4115	3
4116	3
4117	3
4118	3
4119	3
4120	3
4121	3
4122	3
4123	3
4124	3
4125	3
4126	3
4127	3
4128	3
4129	3
4130	3
4131	3
4132	3
4133	3
4134	3
4135	3
4136	3
4137	3
4138	3
4139	3
4140	3
4141	3
4142	3
4143	3
4144	3
4145	3
4146	3
4147	3
4148	3
4149	3
4150	3
4151	3
4152	3
4153	3
4154	3
4155	3
4156	3
4157	3
4158	3
4159	3
4160	3
4161	3
4162	3
4163	3
4164	3
4165	3
4166	3
4167	3
4168	3
4169	3
4170	3
4171	3
4172	3
4173	3
4174	3
4175	3
4176	3
4177	3
4178	3
4179	3
4180	3
4181	3
4182	3
4183	3
4184	3
4185	3
4186	3
4187	3
4188	3
4189	3
4190	3
4191	3
4192	3
4193	3
4194	3
4195	3
4196	3
4197	3
4198	3
4199	3
4200	3
4201	3
4202	3
4203	3
4204	3
4205	3
4206	3
4207	3
4208	3
4209	3
4210	3
4211	3
4212	3
4213	3
4214	3
4215	3
4216	3
4217	3
4218	3
4219	3
4220	3
4221	3
4222	3
4223	3
4224	3
4225	3
4226	3
4227	3
4228	3
4229	3
4230	3
4231	3
4232	3
4233	3
4234	3
4235	3
4236	3
4237	3
4238	3
4239	3
4240	3
4241	3
4242	3
4243	3
4244	3
4245	3
4246	3
4247	3
4248	3
4249	3
4250	3
4251	3
4252	3
4253	3
4254	3
4255	3
4256	3
4257	3
4258	3
4259	3
4260	3
4261	3
4262	3
4263	3
4264	3
4265	3
4266	3
4267	3
4268	3
4269	3
4270	3
4271	3
4272	3
4273	3
4274	3
4275	3
4276	3
4277	3
4278	3
4279	3
4280	3
4281	3
4282	3
4283	3
4284	3
4285	3
4286	3
4287	3
4288	3
4289	3
4290	3
4291	3
4292	3
4293	3
4294	3
4295	3
4296	3
4297	3
4298	3
4299	3
4300	3
4301	3
4302	3
4303	3
4304	3
4305	3
4306	3
4307	3
4308	3
4309	3
4310	3
4311	3
4312	3
4313	3
4314	3
4315	3
4316	3
4317	3
4318	3
4319	3
4320	3
4321	3
4322	3
4323	3
4324	3
4325	3
4326	3
4327	3
4328	3
4329	3
4330	3
4331	3
4332	3
4333	3
4334	3
4335	3
4336	3
4337	3
4338	3
4339	3
4340	3
4341	3
4342	3
4343	3
4344	3
4345	3
4346	3
4347	3
4348	3
4349	3
4350	3
4351	3
4352	3
4353	3
4354	3
4355	3
4356	3
4357	3
4358	3
4359	3
4360	3
4361	3
4362	3
4363	3
4364	3
4365	3
4366	3
4367	3
4368	3
4369	3
4370	3
4371	3
4372	3
4373	3
4374	3
4375	3
4376	3
4377	3
4378	3
4379	3
4380	3
4381	3
4382	3
4383	3
4384	3
4385	3
4386	3
4387	3
4388	3
4389	3
4390	3
4391	3
4392	3
4393	3
4394	3
4395	3
4396	3
4397	3
4398	3
4399	3
4400	3
4401	3
4402	3
4403	3
4404	3
4405	3
4406	3
4407	3
4408	3
4409	3
4410	3
4411	3
4412	3
4413	3
4414	3
4415	3
4416	3
4417	3
4418	3
4419	3
4420	3
4421	3
4422	3
4423	3
4424	3
4425	3
4426	3
4427	3
4428	3
4429	3
4430	3
4431	3
4432	3
4433	3
4434	3
4435	3
4436	3
4437	3
4438	3
4439	3
4440	3
4441	3
4442	3
4443	3
4444	3
4445	3
4446	3
4447	3
4448	3
4449	3
4450	3
4451	3
4452	3
4453	3
4454	3
4455	3
4456	3
4457	3
4458	3
4459	3
4460	3
4461	3
4462	3
4463	3
4464	4
4465	4
4466	4
4467	4
4468	4
4469	4
4470	4
4471	4
4472	4
4473	4
4474	4
4475	4
4476	4
4477	4
4478	4
4479	4
4480	4
4481	4
4482	4
4483	4
4484	4
4485	4
4486	4
4487	4
4488	4
4489	4
4490	4
4491	4
4492	4
4493	4
4494	4
4495	4
4496	4
4497	4
4498	4
4499	4
4500	4
4501	4
4502	4
4503	4
4504	4
4505	4
4506	4
4507	4
4508	4
4509	4
4510	4
4511	4
4512	4
4513	4
4514	4
4515	4
4516	4
4517	4
4518	4
4519	4
4520	4
4521	4
4522	4
4523	4
4524	4
4525	4
4526	4
4527	4
4528	4
4529	4
4530	4
4531	4
4532	4
4533	4
4534	4
4535	4
4536	4
4537	4
4538	4
4539	4
4540	4
4541	4
4542	4
4543	4
4544	4
4545	4
4546	4
4547	4
4548	4
4549	4
4550	4
4551	4
4552	4
4553	4
4554	4
4555	4
4556	4
4557	4
4558	4
4559	4
4560	4
4561	4
4562	4
4563	4
4564	4
4565	4
4566	4
4567	4
4568	4
4569	4
4570	4
4571	4
4572	4
4573	4
4574	4
4575	4
4576	4
4577	4
4578	4
4579	4
4580	4
4581	4
4582	4
4583	4
4584	4
4585	4
4586	4
4587	4
4588	4
4589	4
4590	4
4591	4
4592	4
4593	4
4594	4
4595	4
4596	4
4597	4
4598	4
4599	4
4600	4
4601	4
4602	4
4603	4
4604	4
4605	4
4606	5
4607	5
4608	5
4609	5
4610	5
4611	5
4612	5
4613	5
4614	5
4615	5
4616	5
4617	5
4618	5
4619	5
4620	5
4621	5
4622	5
4623	5
4624	5
4625	5
4626	5
4627	5
4628	5
4629	5
4630	5
4631	5
4632	5
4633	5
4634	5
4635	5
4636	5
4637	5
4638	5
4639	5
4640	5
4641	5
4642	5
4643	5
4644	5
4645	5
4646	5
4647	5
4648	5
4649	5
4650	5
4651	5
4652	5
4653	5
4654	5
4655	5
4656	5
4657	5
4658	5
4659	5
4660	5
4661	5
4662	5
4663	5
4664	5
4665	5
4666	5
4667	5
4668	5
4669	5
4670	5
4671	5
4672	5
4673	5
4674	5
4675	5
4676	5
4677	5
4678	5
4679	5
4680	5
4681	5
4682	5
4683	5
4684	5
4685	5
4686	5
4687	5
4688	5
4689	5
4690	6
4691	6
4692	6
4693	6
4694	6
4695	6
4696	6
4697	6
4698	6
4699	6
4700	6
4701	7
4702	7
4703	7
4704	7
4705	7
4706	7
4707	7
4708	7
4709	7
4710	7
4711	7
4712	7
4713	7
4714	7
4715	7
4716	7
4717	7
4718	7
4719	7
4720	7
4721	7
4722	7
4723	7
4724	7
4725	7
4726	7
4727	7
4728	7
4729	7
4730	7
4731	7
4732	7
4733	7
4734	7
4735	7
4736	7
4737	7
4738	7
4739	7
4740	7
4741	7
4742	7
4743	7
4744	7
4745	7
4746	7
4747	7
4748	7
4749	7
4750	7
4751	7
4752	7
4753	7
4754	7
4755	7
4756	7
4757	7
4758	7
4759	7
4760	7
4761	7
4762	7
4763	7
4764	7
4765	7
4766	7
4767	7
4768	7
4769	7
4770	7
4771	7
4772	7
4773	7
4774	7
4775	7
4776	7
4777	7
4778	7
4779	7
4780	7
4781	7
4782	7
4783	7
4784	7
4785	7
4786	7
4787	7
4788	7
4789	7
4790	7
4791	7
4792	7
4793	7
4794	7
4795	7
4796	7
4797	7
4798	7
4799	7
4800	7
4801	7
4802	7
4803	7
4804	7
4805	7
4806	7
4807	7
4808	7
4809	7
4810	7
4811	7
4812	7
4813	7
4814	7
4815	7
4816	7
4817	7
4818	7
4819	7
4820	7
4821	7
4822	7
4823	7
4824	7
4825	7
4826	7
4827	7
4828	7
4829	7
4830	7
4831	7
4832	7
4833	7
4834	7
4835	7
4836	7
4837	7
4838	7
4839	7
4840	7
4841	7
4842	7
4843	7
4844	7
4845	7
4846	7
4847	7
4848	7
4849	7
4850	7
4851	7
4852	7
4853	7
4854	7
4855	7
4856	7
4857	7
4858	7
4859	7
4860	7
4861	7
4862	7
4863	7
4864	7
4865	7
4866	7
4867	7
4868	7
4869	7
4870	7
4871	7
4872	7
4873	7
4874	7
4875	7
4876	7
4877	7
4878	7
4879	7
4880	7
4881	7
4882	7
4883	7
4884	7
4885	7
4886	7
4887	7
4888	7
4889	7
4890	7
4891	7
4892	7
4893	7
4894	7
4895	7
4896	7
4897	7
4898	7
4899	7
4900	7
4901	7
4902	7
4903	7
4904	7
4905	7
4906	7
4907	7
4908	7
4909	7
4910	7
4911	7
4912	7
4913	7
4914	7
4915	7
4916	7
4917	7
4918	7
4919	7
4920	7
4921	7
4922	7
4923	7
4924	7
4925	7
4926	7
4927	7
4928	7
4929	7
4930	7
4931	7
4932	7
4933	7
4934	7
4935	7
4936	7
4937	7
4938	7
4939	7
4940	7
4941	7
4942	7
4943	7
4944	7
4945	7
4946	7
4947	7
4948	7
4949	7
4950	7
4951	7
4952	7
4953	7
4954	7
4955	7
4956	7
4957	7
4958	7
4959	7
4960	7
4961	7
4962	7
4963	7
4964	7
4965	7
4966	7
4967	7
4968	7
4969	7
4970	7
4971	7
4972	7
4973	7
4974	7
4975	7
4976	7
4977	7
4978	7
4979	7
4980	7
4981	7
4982	7
4983	7
4984	7
4985	7
4986	7
4987	7
4988	7
4989	7
4990	7
4991	7
4992	7
4993	7
4994	7
4995	7
4996	7
4997	7
4998	7
4999	7
5000	7
5001	7
5002	7
5003	7
5004	7
5005	7
5006	7
5007	7
5008	7
5009	7
5010	7
5011	7
5012	7
5013	7
5014	7
5015	7
5016	7
5017	7
5018	7
5019	7
5020	7
5021	7
5022	7
5023	7
5024	7
5025	7
5026	7
5027	7
5028	7
5029	7
5030	7
5031	7
5032	7
5033	7
5034	7
5035	7
5036	7
5037	7
5038	7
5039	7
5040	7
5041	7
5042	7
5043	7
5044	7
5045	7
5046	7
5047	7
5048	7
5049	7
5050	7
5051	7
5052	7
5053	7
5054	7
5055	7
5056	7
5057	7
5058	7
5059	7
5060	7
5061	7
5062	7
5063	7
5064	7
5065	7
5066	7
5067	7
5068	7
5069	7
5070	7
5071	7
5072	7
5073	7
5074	7
5075	7
5076	7
5077	7
5078	7
5079	7
5080	7
5081	7
5082	7
5083	7
5084	7
5085	7
5086	7
5087	7
5088	7
5089	7
5090	7
5091	7
5092	7
5093	7
5094	7
5095	7
5096	7
5097	8
5098	8
5099	8
5100	8
5101	8
5102	8
5103	8
5104	8
5105	8
5106	8
5107	8
5108	8
5109	8
5110	8
5111	8
5112	8
5113	8
5114	8
5115	8
5116	8
5117	8
5118	8
5119	8
5120	8
5121	8
5122	8
5123	8
5124	8
5125	8
5126	8
5127	8
5128	8
5129	8
5130	8
5131	8
5132	8
5133	8
5134	8
5135	8
5136	8
5137	8
5138	8
5139	8
5140	8
5141	8
5142	8
5143	8
5144	8
5145	8
5146	8
5147	8
5148	8
5149	8
5150	8
5151	8
5152	8
5153	8
5154	8
5155	8
5156	8
5157	8
5158	8
5159	8
5160	8
5161	8
5162	8
5163	8
5164	8
5165	8
5166	8
5167	8
5168	8
5169	8
5170	8
5171	8
5172	8
5173	8
5174	8
5175	8
5176	8
5177	8
5178	8
5179	8
5180	8
5181	8
5182	8
5183	8
5184	8
5185	8
5186	8
5187	8
5188	8
5189	8
5190	8
5191	8
5192	8
5193	8
5194	8
5195	8
5196	8
5197	8
5198	8
5199	8
5200	8
5201	8
5202	8
5203	8
5204	8
5205	8
5206	8
5207	8
5208	8
5209	8
5210	8
5211	8
5212	8
5213	8
5214	8
5215	8
5216	8
5217	8
5218	8
5219	8
5220	8
5221	8
5222	8
5223	8
5224	8
5225	8
5226	8
5227	8
5228	8
5229	8
5230	8
5231	8
5232	8
5233	8
5234	8
5235	8
5236	8
5237	8
5238	8
5239	8
5240	8
5241	8
5242	8
5243	8
5244	8
5245	8
5246	8
5247	8
5248	8
5249	8
5250	8
5251	8
5252	8
5253	8
5254	8
5255	8
5256	8
5257	8
5258	8
5259	8
5260	8
5261	8
5262	8
5263	8
5264	8
5265	8
5266	8
5267	8
5268	8
5269	8
5270	8
5271	8
5272	8
5273	8
5274	8
5275	8
5276	8
5277	8
5278	8
5279	8
5280	8
5281	8
5282	8
5283	8
5284	8
5285	8
5286	8
5287	8
5288	8
5289	8
5290	8
5291	8
5292	8
5293	8
5294	8
5295	8
5296	8
5297	8
5298	8
5299	8
5300	8
5301	8
5302	8
5303	8
5304	8
5305	8
5306	8
5307	8
5308	8
5309	8
5310	8
5311	8
5312	8
5313	8
5314	8
5315	8
5316	8
5317	8
5318	8
5319	8
5320	8
5321	8
5322	8
5323	8
5324	8
5325	8
5326	8
5327	8
5328	8
5329	8
5330	8
5331	8
5332	8
5333	8
5334	8
5335	8
5336	8
5337	8
5338	8
5339	8
5340	8
5341	8
5342	8
5343	8
5344	8
5345	8
5346	8
5347	8
5348	8
5349	8
5350	8
5351	8
5352	8
5353	8
5354	8
5355	8
5356	8
5357	8
5358	8
5359	8
5360	8
5361	8
5362	8
5363	8
5364	8
5365	8
5366	8
5367	8
5368	8
5369	8
5370	8
5371	8
5372	8
5373	8
5374	8
5375	8
5376	8
5377	8
5378	8
5379	8
5380	8
5381	8
5382	8
5383	8
5384	8
5385	8
5386	8
5387	8
5388	8
5389	8
5390	8
5391	8
5392	8
5393	8
5394	8
5395	8
5396	8
5397	8
5398	8
5399	8
5400	8
5401	8
5402	8
5403	8
5404	8
5405	8
5406	8
5407	8
5408	8
5409	8
5410	8
5411	8
5412	8
5413	8
5414	8
5415	8
5416	8
5417	8
5418	8
5419	8
5420	8
5421	8
5422	8
5423	8
5424	8
5425	8
5426	8
5427	8
5428	8
5429	8
5430	8
5431	8
5432	8
5433	8
5434	8
5435	8
5436	8
5437	8
5438	8
5439	8
5440	8
5441	8
5442	8
5443	8
5444	8
5445	8
5446	8
5447	8
5448	8
5449	8
5450	8
5451	8
5452	8
5453	8
5454	8
5455	8
5456	8
5457	8
5458	8
5459	8
5460	8
5461	8
5462	8
5463	8
5464	8
5465	8
5466	8
5467	8
5468	8
5469	8
5470	8
5471	8
5472	8
5473	8
5474	8
5475	8
5476	8
5477	8
5478	8
5479	8
5480	8
5481	8
5482	8
5483	8
5484	8
5485	8
5486	8
5487	8
5488	8
5489	8
5490	8
5491	8
5492	8
5493	8
5494	8
5495	8
5496	8
5497	8
5498	8
5499	8
5500	8
5501	8
5502	8
5503	8
5504	8
5505	8
5506	8
5507	8
5508	8
5509	8
5510	8
5511	8
5512	8
5513	8
5514	8
5515	8
5516	8
5517	8
5518	8
5519	8
5520	8
5521	8
5522	8
5523	8
5524	8
5525	8
5526	8
5527	8
5528	8
5529	8
5530	8
5531	8
5532	8
5533	8
5534	8
5535	8
5536	8
5537	8
5538	8
5539	8
5540	8
5541	8
5542	8
5543	8
5544	8
5545	8
5546	8
5547	8
5548	8
5549	8
5550	8
5551	8
5552	8
5553	8
5554	8
5555	8
5556	8
5557	8
5558	8
5559	8
5560	8
5561	8
5562	8
5563	8
5564	8
5565	8
5566	8
5567	8
5568	8
5569	8
5570	8
5571	8
5572	8
5573	8
5574	8
5575	8
5576	8
5577	8
5578	8
5579	8
5580	8
5581	8
5582	8
5583	8
5584	8
5585	8
5586	8
5587	8
5588	8
5589	8
5590	8
5591	8
5592	8
5593	8
5594	8
5595	8
5596	8
5597	8
5598	8
5599	8
5600	8
5601	8
5602	8
5603	8
5604	8
5605	8
5606	8
5607	8
5608	8
5609	8
5610	8
5611	8
5612	8
5613	8
5614	8
5615	8
5616	8
5617	8
5618	8
5619	8
5620	8
5621	8
5622	8
5623	8
5624	8
5625	8
5626	8
5627	8
5628	8
5629	8
5630	8
5631	8
5632	8
5633	8
5634	8
5635	8
5636	8
5637	8
5638	8
5639	8
5640	8
5641	8
5642	8
5643	8
5644	8
5645	8
5646	8
5647	8
5648	8
5649	8
5650	8
5651	8
5652	8
5653	8
5654	8
5655	8
5656	8
5657	8
5658	8
5659	8
5660	8
5661	8
5662	8
5663	8
5664	8
5665	8
5666	8
5667	8
5668	8
5669	8
5670	8
5671	8
5672	8
5673	8
5674	8
5675	8
5676	8
5677	8
5678	8
5679	8
5680	8
5681	8
5682	8
5683	8
5684	8
5685	8
5686	8
5687	8
5688	8
5689	8
5690	8
5691	8
5692	8
5693	8
5694	8
5695	8
5696	8
5697	8
5698	8
5699	8
5700	8
5701	8
5702	8
5703	8
5704	8
5705	8
5706	8
5707	8
5708	8
5709	8
5710	8
5711	8
5712	8
5713	8
5714	8
5715	8
5716	8
5717	8
5718	8
5719	8
5720	8
5721	8
5722	8
5723	8
5724	8
5725	8
5726	8
5727	8
5728	8
5729	8
5730	8
5731	8
5732	8
5733	8
5734	8
5735	8
5736	8
5737	8
5738	8
5739	8
5740	8
5741	8
5742	8
5743	8
5744	8
5745	8
5746	8
5747	8
5748	8
5749	8
5750	8
5751	8
5752	8
5753	8
5754	8
5755	8
5756	8
5757	8
5758	8
5759	8
5760	8
5761	8
5762	8
5763	8
5764	8
5765	8
5766	8
5767	8
5768	8
5769	8
5770	8
5771	8
5772	8
5773	8
5774	8
5775	8
5776	8
5777	8
5778	8
5779	8
5780	8
5781	8
5782	8
5783	8
5784	8
5785	8
5786	8
5787	8
5788	8
5789	8
5790	8
5791	8
5792	8
5793	8
5794	8
5795	8
5796	8
5797	8
5798	8
5799	8
5800	8
5801	8
5802	8
5803	8
5804	8
5805	8
5806	8
5807	8
5808	8
5809	8
5810	8
5811	8
5812	8
5813	8
5814	8
5815	8
5816	8
5817	8
5818	8
5819	8
5820	8
5821	8
5822	8
5823	8
5824	8
5825	8
5826	8
5827	8
5828	8
5829	8
5830	8
5831	8
5832	8
5833	8
5834	8
5835	8
5836	8
5837	8
5838	8
5839	8
5840	8
5841	8
5842	8
5843	8
5844	8
5845	8
5846	8
5847	8
5848	8
5849	8
5850	8
5851	8
5852	8
5853	8
5854	8
5855	8
5856	8
5857	8
5858	8
5859	8
5860	8
5861	8
5862	8
5863	8
5864	8
5865	8
5866	8
5867	8
5868	8
5869	8
5870	8
5871	8
5872	8
5873	8
5874	8
5875	8
5876	8
5877	8
5878	8
5879	8
5880	8
5881	8
5882	8
5883	8
5884	8
5885	8
5886	8
5887	8
5888	8
5889	8
5890	8
5891	8
5892	8
5893	8
5894	8
5895	8
5896	8
5897	8
5898	8
5899	8
5900	8
5901	8
5902	8
5903	8
5904	8
5905	8
5906	8
5907	8
5908	8
5909	8
5910	8
5911	8
5912	8
5913	8
5914	8
5915	8
5916	8
5917	8
5918	8
5919	8
5920	8
5921	8
5922	8
5923	8
5924	8
5925	8
5926	8
5927	8
5928	8
5929	8
5930	8
5931	8
5932	8
5933	8
5934	8
5935	8
5936	8
5937	8
5938	8
5939	8
5940	8
5941	8
5942	8
5943	8
5944	8
5945	8
5946	8
5947	8
5948	8
5949	8
5950	8
5951	8
5952	8
5953	8
5954	8
5955	8
5956	8
5957	8
5958	8
5959	8
5960	8
5961	8
5962	8
5963	8
5964	8
5965	8
5966	8
5967	8
5968	8
5969	8
5970	8
5971	8
5972	8
5973	8
5974	8
5975	8
5976	8
5977	8
5978	8
5979	8
5980	8
5981	8
5982	8
5983	8
5984	8
5985	8
5986	8
5987	8
5988	8
5989	8
5990	8
5991	8
5992	8
5993	8
5994	8
5995	8
5996	8
5997	8
5998	8
5999	8
6000	8
6001	8
6002	8
6003	8
6004	8
6005	8
6006	8
6007	8
6008	8
6009	8
6010	8
6011	8
6012	8
6013	8
6014	8
6015	8
6016	8
6017	8
6018	8
6019	8
6020	8
6021	8
6022	8
6023	8
6024	9
6025	9
6026	9
6027	9
6028	9
6029	9
6030	9
6031	9
6032	9
6033	9
6034	9
6035	9
6036	9
6037	9
6038	9
6039	9
6040	9
6041	9
6042	9
6043	9
6044	9
6045	9
6046	9
6047	9
6048	9
6049	9
6050	9
6051	9
6052	9
6053	9
6054	9
6055	9
6056	9
6057	9
6058	9
6059	9
6060	9
6061	9
6062	9
6063	9
6064	9
6065	9
6066	9
6067	9
6068	9
6069	9
6070	9
6071	9
6072	9
6073	9
6074	9
6075	9
6076	9
6077	9
6078	9
6079	9
6080	9
6081	9
6082	9
6083	9
6084	9
6085	9
6086	9
6087	9
6088	9
6089	9
6090	9
6091	9
6092	9
6093	9
6094	9
6095	9
6096	9
6097	9
6098	9
6099	9
6100	9
6101	9
6102	9
6103	9
6104	9
6105	9
6106	9
6107	9
6108	9
6109	9
6110	9
6111	9
6112	9
6113	9
6114	9
6115	9
6116	9
6117	9
6118	9
6119	9
6120	9
6121	9
6122	9
6123	9
6124	9
6125	9
6126	9
6127	9
6128	9
6129	9
6130	9
6131	9
6132	9
6133	9
6134	9
6135	9
6136	9
6137	9
6138	9
6139	9
6140	9
6141	9
6142	9
6143	9
6144	9
6145	9
6146	9
6147	9
6148	9
6149	9
6150	9
6151	9
6152	9
6153	9
6154	9
6155	9
6156	9
6157	9
6158	9
6159	9
6160	9
6161	9
6162	9
6163	9
6164	9
6165	9
6166	9
6167	9
6168	9
6169	9
6170	9
6171	9
6172	9
6173	9
6174	9
6175	9
6176	9
6177	9
6178	9
6179	9
6180	9
6181	9
6182	9
6183	9
6184	9
6185	9
6186	9
6187	9
6188	9
6189	9
6190	9
6191	9
6192	9
6193	9
6194	9
6195	9
6196	9
6197	9
6198	9
6199	9
6200	9
6201	9
6202	9
6203	9
6204	9
6205	9
6206	9
6207	9
6208	9
6209	9
6210	9
6211	9
6212	9
6213	9
6214	9
6215	9
6216	9
6217	9
6218	9
6219	9
6220	9
6221	9
6222	9
6223	9
6224	9
6225	9
6226	9
6227	9
6228	9
6229	9
6230	9
6231	9
6232	9
6233	9
6234	9
6235	9
6236	9
6237	9
6238	9
6239	9
6240	9
6241	9
6242	9
6243	9
6244	9
6245	9
6246	9
6247	9
6248	9
6249	9
6250	9
6251	9
6252	9
6253	9
6254	9
6255	9
6256	9
6257	9
6258	9
6259	9
6260	9
6261	9
6262	9
6263	9
6264	9
6265	9
6266	9
6267	9
6268	9
6269	9
6270	9
6271	9
6272	9
6273	9
6274	9
6275	9
6276	9
6277	9
6278	9
6279	9
6280	9
6281	9
6282	9
6283	9
6284	9
6285	9
6286	9
6287	9
6288	9
6289	9
6290	9
6291	9
6292	9
6293	9
6294	9
6295	9
6296	9
6297	9
6298	9
6299	9
6300	9
6301	9
6302	9
6303	9
6304	9
6305	9
6306	9
6307	9
6308	9
6309	9
6310	9
6311	9
6312	9
6313	9
6314	9
6315	9
6316	9
6317	9
6318	9
6319	9
6320	9
6321	9
6322	9
6323	9
6324	9
6325	9
6326	9
6327	9
6328	9
6329	9
6330	9
6331	9
6332	9
6333	9
6334	9
6335	9
6336	9
6337	9
6338	9
6339	9
6340	9
6341	9
6342	9
6343	9
6344	9
6345	9
6346	9
6347	9
6348	9
6349	9
6350	9
6351	9
6352	9
6353	9
6354	9
6355	9
6356	9
6357	9
6358	9
6359	9
6360	9
6361	9
6362	9
6363	9
6364	9
6365	9
6366	9
6367	9
6368	9
6369	9
6370	9
6371	9
6372	9
6373	9
6374	9
6375	9
6376	9
6377	9
6378	9
6379	9
6380	9
6381	9
6382	9
6383	9
6384	9
6385	9
6386	9
6387	9
6388	9
6389	9
6390	9
6391	9
6392	9
6393	9
6394	9
6395	9
6396	9
6397	9
6398	9
6399	9
6400	9
6401	9
6402	9
6403	9
6404	9
6405	9
6406	9
6407	9
6408	9
6409	9
6410	9
6411	9
6412	9
6413	9
6414	9
6415	9
6416	9
6417	10
6418	10
6419	10
6420	10
6421	10
6422	10
6423	10
6424	10
6425	10
6426	10
6427	10
6428	10
6429	10
6430	10
6431	10
6432	10
6433	10
6434	10
6435	10
6436	10
6437	10
6438	10
6439	10
6440	10
6441	10
6442	10
6443	10
6444	10
6445	10
6446	10
6447	10
6448	10
6449	10
6450	10
6451	10
6452	10
6453	10
6454	10
6455	10
6456	10
6457	10
6458	10
6459	10
6460	10
6461	10
6462	10
6463	10
6464	10
6465	10
6466	10
6467	10
6468	10
6469	10
6470	10
6471	10
6472	10
6473	10
6474	10
6475	10
6476	10
6477	10
6478	10
6479	10
6480	10
6481	10
6482	10
6483	10
6484	10
6485	10
6486	10
6487	10
6488	10
6489	10
6490	10
6491	10
6492	10
6493	10
6494	10
6495	10
6496	10
6497	10
6498	10
6499	10
6500	10
6501	10
6502	10
6503	10
6504	10
6505	10
6506	10
6507	10
6508	10
6509	10
6510	10
6511	10
6512	10
6513	10
6514	10
6515	10
6516	10
6517	10
6518	10
6519	10
6520	10
6521	10
6522	10
6523	10
6524	10
6525	10
6526	10
6527	10
6528	10
6529	10
6530	10
6531	10
6532	10
6533	10
6534	10
6535	10
6536	10
6537	10
6538	10
6539	10
6540	10
6541	10
6542	10
6543	10
6544	10
6545	10
6546	10
6547	10
6548	10
6549	10
6550	10
6551	10
6552	10
6553	10
6554	10
6555	10
6556	10
6557	10
6558	10
6559	10
6560	10
6561	10
6562	10
6563	10
6564	10
6565	10
6566	10
6567	10
6568	10
6569	10
6570	10
6571	10
6572	10
6573	10
6574	10
6575	10
6576	10
6577	10
6578	10
6579	10
6580	10
6581	10
6582	10
6583	10
6584	10
6585	10
6586	10
6587	10
6588	10
6589	10
6590	10
6591	10
6592	10
6593	10
6594	10
6595	10
6596	10
6597	10
6598	10
6599	10
6600	10
6601	10
6602	10
6603	10
6604	10
6605	10
6606	10
6607	10
6608	10
6609	10
6610	10
6611	10
6612	10
6613	10
6614	10
6615	10
6616	10
6617	10
6618	10
6619	10
6620	10
6621	10
6622	10
6623	10
6624	10
6625	10
6626	10
6627	10
6628	10
6629	10
6630	10
6631	10
6632	10
6633	10
6634	10
6635	10
6636	10
6637	10
6638	10
6639	10
6640	10
6641	10
6642	10
6643	10
6644	10
6645	10
6646	10
6647	10
6648	10
6649	10
6650	10
6651	10
6652	10
6653	10
6654	10
6655	10
6656	10
6657	10
6658	10
6659	10
6660	10
6661	10
6662	10
6663	10
6664	10
6665	10
6666	10
6667	10
6668	10
6669	10
6670	10
6671	10
6672	10
6673	10
6674	10
6675	10
6676	10
6677	10
6678	10
6679	10
6680	10
6681	10
6682	10
6683	10
6684	10
6685	10
6686	10
6687	10
6688	10
6689	10
6690	10
6691	10
6692	10
6693	10
6694	10
6695	10
6696	10
6697	10
6698	10
6699	10
6700	10
6701	10
6702	10
6703	10
6704	10
6705	10
6706	10
6707	10
6708	10
6709	10
6710	10
6711	10
6712	10
6713	10
6714	10
6715	10
6716	10
6717	10
6718	10
6719	10
6720	10
6721	10
6722	10
6723	10
6724	10
6725	10
6726	10
6727	10
6728	10
6729	10
6730	10
6731	10
6732	10
6733	10
6734	10
6735	10
6736	10
6737	10
6738	10
6739	10
6740	10
6741	10
6742	10
6743	10
6744	10
6745	10
6746	10
6747	10
6748	10
6749	10
6750	10
6751	10
6752	10
6753	10
6754	10
6755	10
6756	10
6757	10
6758	10
6759	10
6760	10
6761	10
6762	10
6763	10
6764	10
6765	10
6766	11
6767	11
6768	11
6769	11
6770	11
6771	11
6772	11
6773	11
6774	11
6775	11
6776	11
6777	11
6778	11
6779	11
6780	11
6781	11
6782	11
6783	11
6784	11
6785	11
6786	11
6787	11
6788	11
6789	11
6790	11
6791	11
6792	11
6793	11
6794	11
6795	11
6796	11
6797	11
6798	11
6799	11
6800	11
6801	11
6802	11
6803	11
6804	11
6805	11
6806	11
6807	11
6808	11
6809	11
6810	11
6811	11
6812	11
6813	11
6814	11
6815	11
6816	11
6817	11
6818	11
6819	11
6820	11
6821	11
6822	11
6823	11
6824	11
6825	11
6826	11
6827	11
6828	11
6829	11
6830	11
6831	11
6832	11
6833	11
6834	11
6835	11
6836	11
6837	11
6838	11
6839	11
6840	11
6841	11
6842	11
6843	11
6844	11
6845	11
6846	11
6847	11
6848	11
6849	11
6850	11
6851	11
6852	11
6853	11
6854	11
6855	11
6856	11
6857	11
6858	11
6859	11
6860	11
6861	11
6862	11
6863	11
6864	11
6865	11
6866	11
6867	11
6868	11
6869	11
6870	11
6871	11
6872	11
6873	11
6874	11
6875	11
6876	11
6877	11
6878	11
6879	11
6880	11
6881	11
6882	11
6883	11
6884	11
6885	11
6886	11
6887	11
6888	11
6889	11
6890	11
6891	11
6892	11
6893	11
6894	11
6895	11
6896	11
6897	11
6898	11
6899	11
6900	11
6901	11
6902	11
6903	11
6904	11
6905	11
6906	11
6907	11
6908	11
6909	11
6910	11
6911	11
6912	11
6913	11
6914	11
6915	11
6916	11
6917	11
6918	11
6919	11
6920	11
6921	11
6922	11
6923	11
6924	11
6925	11
6926	11
6927	11
6928	11
6929	11
6930	11
6931	11
6932	11
6933	11
6934	11
6935	11
6936	11
6937	11
6938	11
6939	11
6940	11
6941	11
6942	11
6943	11
6944	11
6945	11
6946	11
6947	11
6948	11
6949	11
6950	11
6951	11
6952	11
6953	11
6954	11
6955	11
6956	11
6957	11
6958	11
6959	11
6960	11
6961	11
6962	11
6963	11
6964	11
6965	11
6966	11
6967	11
6968	11
6969	11
6970	11
6971	11
6972	11
6973	11
6974	11
6975	11
6976	11
6977	11
6978	11
6979	11
6980	11
6981	11
6982	11
6983	11
6984	11
6985	11
6986	11
6987	11
6988	11
6989	11
6990	11
6991	11
6992	11
6993	11
6994	11
6995	11
6996	11
6997	11
6998	11
6999	11
7000	11
7001	11
7002	11
7003	11
7004	11
7005	11
7006	11
7007	11
7008	11
7009	11
7010	11
7011	11
7012	11
7013	11
7014	11
7015	11
7016	11
7017	11
7018	11
7019	11
7020	11
7021	11
7022	11
7023	11
7024	11
7025	11
7026	11
7027	11
7028	11
7029	11
7030	11
7031	11
7032	11
7033	11
7034	12
7035	12
7036	12
7037	12
7038	12
7039	12
7040	12
7041	12
7042	12
7043	12
7044	12
7045	12
7046	12
7047	12
7048	12
7049	12
7050	12
7051	12
7052	12
7053	12
7054	12
7055	12
7056	12
7057	12
7058	12
7059	12
7060	12
7061	12
7062	12
7063	12
7064	12
7065	12
7066	12
7067	12
7068	12
7069	12
7070	12
7071	12
7072	12
7073	12
7074	12
7075	12
7076	12
7077	12
7078	12
7079	12
7080	12
7081	12
7082	12
7083	12
7084	12
7085	12
7086	12
7087	12
7088	12
7089	12
7090	12
7091	12
7092	12
7093	12
7094	12
7095	12
7096	12
7097	12
7098	12
7099	12
7100	12
7101	12
7102	12
7103	12
7104	12
7105	12
7106	12
7107	12
7108	12
7109	12
7110	12
7111	12
7112	12
7113	12
7114	12
7115	12
7116	12
7117	12
7118	12
7119	12
7120	12
7121	12
7122	12
7123	12
7124	12
7125	12
7126	12
7127	12
7128	12
7129	12
7130	12
7131	12
7132	12
7133	12
7134	12
7135	12
7136	12
7137	12
7138	12
7139	12
7140	12
7141	12
7142	12
7143	12
7144	12
7145	12
7146	12
7147	12
7148	12
7149	12
7150	12
7151	12
7152	12
7153	12
7154	12
7155	12
7156	12
7157	12
7158	12
7159	12
7160	12
7161	12
7162	12
7163	12
7164	12
7165	12
7166	12
7167	12
7168	12
7169	12
7170	12
7171	12
7172	12
7173	12
7174	12
7175	12
7176	12
7177	12
7178	12
7179	12
7180	12
7181	12
7182	12
7183	12
7184	12
7185	12
7186	12
7187	12
7188	12
7189	12
7190	12
7191	12
7192	12
7193	12
7194	12
7195	12
7196	12
7197	12
7198	12
7199	12
7200	12
7201	12
7202	12
7203	12
7204	12
7205	12
7206	12
7207	12
7208	12
7209	12
7210	12
7211	12
7212	12
7213	12
7214	12
7215	12
7216	12
7217	12
7218	12
7219	12
7220	12
7221	12
7222	12
7223	12
7224	12
7225	12
7226	12
7227	12
7228	12
7229	12
7230	12
7231	12
7232	12
7233	12
7234	12
7235	12
7236	12
7237	12
7238	12
7239	12
7240	12
7241	12
7242	12
7243	12
7244	12
7245	12
7246	12
7247	12
7248	12
7249	12
7250	12
7251	12
7252	12
7253	12
7254	12
7255	12
7256	12
7257	12
7258	12
7259	12
7260	12
7261	12
7262	12
7263	12
7264	12
7265	12
7266	12
7267	12
7268	12
7269	12
7270	12
7271	12
7272	12
7273	12
7274	12
7275	12
7276	12
7277	12
7278	12
7279	12
7280	12
7281	12
7282	12
7283	12
7284	12
7285	12
7286	12
7287	12
7288	12
7289	12
7290	12
7291	12
7292	12
7293	12
7294	12
7295	12
7296	12
7297	12
7298	12
7299	12
7300	12
7301	12
7302	12
7303	12
7304	12
7305	12
7306	12
7307	12
7308	12
7309	12
7310	12
7311	12
7312	12
7313	12
7314	12
7315	12
7316	12
7317	12
7318	12
7319	12
7320	12
7321	12
7322	12
7323	12
7324	12
7325	12
7326	12
7327	12
7328	12
7329	12
7330	12
7331	12
7332	12
7333	12
7334	12
7335	12
7336	12
7337	12
7338	12
7339	12
7340	12
7341	12
7342	12
7343	12
7344	12
7345	12
7346	12
7347	12
7348	12
7349	12
7350	12
7351	12
7352	12
7353	12
7354	12
7355	12
7356	12
7357	12
7358	12
7359	12
7360	12
7361	12
7362	12
7363	12
7364	12
7365	12
7366	12
7367	12
7368	12
7369	12
7370	12
7371	12
7372	13
7373	13
7374	13
7375	13
7376	13
7377	13
7378	13
7379	13
7380	13
7381	13
7382	13
7383	13
7384	13
7385	13
7386	13
7387	13
7388	13
7389	13
7390	13
7391	13
7392	13
7393	13
7394	13
7395	13
7396	13
7397	13
7398	13
7399	13
7400	13
7401	13
7402	13
7403	13
7404	13
7405	13
7406	13
7407	13
7408	13
7409	13
7410	13
7411	13
7412	13
7413	13
7414	13
7415	13
7416	13
7417	13
7418	13
7419	13
7420	13
7421	13
7422	13
7423	13
7424	13
7425	13
7426	13
7427	13
7428	13
7429	13
7430	13
7431	13
7432	13
7433	13
7434	13
7435	13
7436	13
7437	13
7438	13
7439	13
7440	13
7441	13
7442	13
7443	13
7444	13
7445	13
7446	13
7447	13
7448	13
7449	13
7450	13
7451	13
7452	13
7453	13
7454	13
7455	13
7456	13
7457	13
7458	13
7459	13
7460	13
7461	13
7462	13
7463	13
7464	13
7465	13
7466	13
7467	13
7468	13
7469	13
7470	13
7471	13
7472	13
7473	13
7474	13
7475	13
7476	13
7477	13
7478	13
7479	13
7480	13
7481	13
7482	13
7483	13
7484	13
7485	13
7486	13
7487	13
7488	13
7489	13
7490	13
7491	13
7492	13
7493	13
7494	13
7495	13
7496	13
7497	13
7498	13
7499	13
7500	13
7501	13
7502	13
7503	13
7504	13
7505	13
7506	13
7507	13
7508	13
7509	13
7510	13
7511	13
7512	13
7513	13
7514	13
7515	13
7516	13
7517	13
7518	13
7519	13
7520	13
7521	13
7522	13
7523	13
7524	13
7525	13
7526	13
7527	13
7528	13
7529	13
7530	13
7531	13
7532	13
7533	13
7534	13
7535	13
7536	13
7537	13
7538	13
7539	13
7540	13
7541	13
7542	13
7543	13
7544	13
7545	13
7546	13
7547	13
7548	13
7549	13
7550	13
7551	13
7552	13
7553	13
7554	13
7555	13
7556	13
7557	13
7558	13
7559	13
7560	13
7561	13
7562	13
7563	13
7564	13
7565	13
7566	13
7567	13
7568	13
7569	13
7570	13
7571	13
7572	13
7573	13
7574	13
7575	13
7576	13
7577	13
7578	13
7579	13
7580	13
7581	13
7582	13
7583	13
7584	13
7585	13
7586	13
7587	13
7588	13
7589	13
7590	13
7591	13
7592	13
7593	13
7594	13
7595	13
7596	13
7597	13
7598	13
7599	13
7600	13
7601	13
7602	13
7603	13
7604	13
7605	13
7606	13
7607	13
7608	13
7609	13
7610	13
7611	13
7612	13
7613	13
7614	13
7615	13
7616	13
7617	13
7618	13
7619	13
7620	13
7621	13
7622	13
7623	13
7624	13
7625	13
7626	13
7627	13
7628	13
7629	13
7630	13
7631	13
7632	13
7633	13
7634	13
7635	13
7636	13
7637	13
7638	13
7639	13
7640	13
7641	13
7642	13
7643	13
7644	13
7645	13
7646	13
7647	13
7648	13
7649	13
7650	13
7651	13
7652	13
7653	13
7654	13
7655	13
7656	13
7657	13
7658	13
7659	13
7660	13
7661	13
7662	13
7663	13
7664	13
7665	13
7666	13
7667	13
7668	13
7669	13
7670	13
7671	13
7672	13
7673	13
7674	13
7675	13
7676	13
7677	13
7678	13
7679	13
7680	13
7681	13
7682	13
7683	13
7684	13
7685	13
7686	13
7687	13
7688	13
7689	13
7690	13
7691	13
7692	13
7693	13
7694	13
7695	13
7696	13
7697	13
7698	13
7699	13
7700	13
7701	13
7702	13
7703	13
7704	13
7705	13
7706	13
7707	13
7708	13
7709	13
7710	13
7711	13
7712	13
7713	13
7714	13
7715	13
7716	13
7717	13
7718	13
7719	13
7720	13
7721	13
7722	13
7723	13
7724	13
7725	13
7726	13
7727	13
7728	13
7729	13
7730	13
7731	13
7732	13
7733	13
7734	13
7735	13
7736	13
7737	13
7738	13
7739	13
7740	13
7741	13
7742	13
7743	13
7744	13
7745	13
7746	13
7747	13
7748	13
7749	13
7750	13
7751	13
7752	13
7753	13
7754	13
7755	13
7756	13
7757	13
7758	13
7759	13
7760	13
7761	13
7762	13
7763	13
7764	13
7765	13
7766	13
7767	13
7768	13
7769	13
7770	13
7771	13
7772	13
7773	13
7774	13
7775	13
7776	13
7777	13
7778	13
7779	13
7780	13
7781	13
7782	13
7783	13
7784	13
7785	13
7786	13
7787	13
7788	13
7789	13
7790	13
7791	13
7792	13
7793	13
7794	13
7795	13
7796	13
7797	13
7798	13
7799	13
7800	13
7801	13
7802	13
7803	13
7804	13
7805	13
7806	13
7807	13
7808	13
7809	13
7810	13
7811	13
7812	13
7813	13
7814	13
7815	14
7816	14
7817	14
7818	14
7819	14
7820	14
7821	14
7822	14
7823	14
7824	14
7825	14
7826	14
7827	14
7828	14
7829	14
7830	14
7831	14
7832	14
7833	14
7834	14
7835	14
7836	14
7837	14
7838	14
7839	14
7840	14
7841	14
7842	14
7843	14
7844	14
7845	14
7846	14
7847	14
7848	14
7849	14
7850	14
7851	14
7852	14
7853	14
7854	14
7855	14
7856	14
7857	14
7858	14
7859	14
7860	14
7861	14
7862	14
7863	14
7864	14
7865	14
7866	14
7867	14
7868	14
7869	14
7870	14
7871	14
7872	14
7873	14
7874	14
7875	14
7876	14
7877	14
7878	14
7879	14
7880	14
7881	14
7882	14
7883	14
7884	14
7885	14
7886	14
7887	14
7888	14
7889	14
7890	14
7891	14
7892	14
7893	14
7894	14
7895	14
7896	14
7897	14
7898	14
7899	14
7900	14
7901	14
7902	14
7903	14
7904	14
7905	14
7906	14
7907	14
7908	14
7909	14
7910	14
7911	14
7912	14
7913	14
7914	14
7915	14
7916	14
7917	14
7918	14
7919	14
7920	14
7921	14
7922	14
7923	14
7924	14
7925	14
7926	14
7927	14
7928	14
7929	14
7930	14
7931	14
7932	14
7933	14
7934	14
7935	14
7936	14
7937	14
7938	14
7939	14
7940	14
7941	14
7942	14
7943	14
7944	14
7945	14
7946	14
7947	14
7948	14
7949	14
7950	14
7951	14
7952	14
7953	14
7954	14
7955	14
7956	14
7957	14
7958	14
7959	14
7960	14
7961	14
7962	14
7963	14
7964	14
7965	14
7966	14
7967	14
7968	14
7969	14
7970	14
7971	14
7972	14
7973	14
7974	14
7975	14
7976	14
7977	14
7978	14
7979	14
7980	14
7981	14
7982	15
7983	15
7984	15
7985	15
7986	15
7987	15
7988	15
7989	15
7990	15
7991	15
7992	15
7993	15
7994	15
7995	15
7996	15
7997	15
7998	15
7999	15
8000	15
8001	15
8002	15
8003	15
8004	15
8005	15
8006	15
8007	15
8008	15
8009	15
8010	15
8011	15
8012	15
8013	15
8014	15
8015	15
8016	15
8017	15
8018	15
8019	15
8020	15
8021	15
8022	15
8023	15
8024	15
8025	15
8026	15
8027	15
8028	15
8029	15
8030	15
8031	15
8032	15
8033	15
8034	15
8035	15
8036	15
8037	15
8038	15
8039	15
8040	15
8041	15
8042	15
8043	15
8044	15
8045	15
8046	15
8047	15
8048	15
8049	15
8050	15
8051	15
8052	15
8053	15
8054	15
8055	15
8056	15
8057	15
8058	15
8059	15
8060	15
8061	15
8062	15
8063	16
8064	16
8065	16
8066	16
8067	16
8068	16
8069	16
8070	16
8071	16
8072	16
8073	16
8074	16
8075	16
8076	16
8077	16
8078	16
8079	16
8080	16
8081	16
8082	16
8083	16
8084	16
8085	16
8086	16
8087	16
8088	16
8089	16
8090	16
8091	16
8092	16
8093	16
8094	16
8095	16
8096	16
8097	16
8098	16
8099	16
8100	16
8101	16
8102	16
8103	16
8104	16
8105	16
8106	16
8107	16
8108	16
8109	16
8110	16
8111	16
8112	16
8113	16
8114	16
8115	16
8116	16
8117	16
8118	16
8119	16
8120	16
8121	16
8122	16
8123	16
8124	16
8125	16
8126	16
8127	16
8128	16
8129	16
8130	16
8131	16
8132	16
8133	16
8134	16
8135	16
8136	16
8137	16
8138	16
8139	16
8140	16
8141	16
8142	16
8143	16
8144	16
8145	16
8146	16
8147	16
8148	16
8149	16
8150	16
8151	16
8152	16
8153	16
8154	16
8155	16
8156	16
8157	16
8158	16
8159	16
8160	16
8161	16
8162	16
8163	16
8164	16
8165	16
8166	16
8167	16
8168	16
8169	16
8170	16
8171	16
8172	16
8173	16
8174	16
8175	16
8176	16
8177	16
8178	16
8179	16
8180	16
8181	16
8182	16
8183	16
8184	16
8185	16
8186	16
8187	16
8188	16
8189	16
8190	16
8191	16
8192	16
8193	16
8194	16
8195	16
8196	16
8197	16
8198	16
8199	16
8200	16
8201	16
8202	16
8203	16
8204	16
8205	16
8206	16
8207	16
8208	16
8209	16
8210	16
8211	16
8212	16
8213	16
8214	16
8215	16
8216	16
8217	16
8218	16
8219	16
8220	16
8221	16
8222	16
8223	16
8224	16
8225	16
8226	16
8227	16
8228	16
8229	16
8230	16
8231	16
8232	16
8233	16
8234	16
8235	16
8236	16
8237	16
8238	16
8239	16
8240	16
8241	16
8242	16
8243	16
8244	16
8245	16
8246	16
8247	16
8248	16
8249	16
8250	16
8251	16
8252	16
8253	16
8254	16
8255	16
8256	16
8257	16
8258	16
8259	16
8260	16
8261	16
8262	16
8263	16
8264	16
8265	16
8266	16
8267	16
8268	16
8269	16
8270	16
8271	16
8272	16
8273	16
8274	16
8275	16
8276	16
8277	16
8278	16
8279	16
8280	16
8281	16
8282	16
8283	16
8284	16
8285	16
8286	16
8287	16
8288	16
8289	16
8290	16
8291	16
8292	16
8293	16
8294	16
8295	16
8296	16
8297	16
8298	16
8299	16
8300	16
8301	16
8302	16
8303	16
8304	16
8305	16
8306	16
8307	16
8308	16
8309	16
8310	16
8311	16
8312	16
8313	16
8314	16
8315	16
8316	16
8317	16
8318	16
8319	16
8320	16
8321	16
8322	16
8323	16
8324	16
8325	16
8326	16
8327	16
8328	16
8329	16
8330	16
8331	16
8332	16
8333	16
8334	16
8335	16
8336	16
8337	16
8338	16
8339	16
8340	16
8341	16
8342	16
8343	16
8344	16
8345	16
8346	16
8347	16
8348	16
8349	16
8350	16
8351	16
8352	16
8353	16
8354	16
8355	16
8356	16
8357	16
8358	16
8359	16
8360	16
8361	16
8362	16
8363	16
8364	16
8365	16
8366	16
8367	16
8368	16
8369	16
8370	16
8371	16
8372	16
8373	16
8374	16
8375	16
8376	16
8377	16
8378	16
8379	16
8380	16
8381	16
8382	16
8383	16
8384	16
8385	16
8386	16
8387	16
8388	16
8389	16
8390	16
8391	16
8392	16
8393	16
8394	16
8395	16
8396	16
8397	16
8398	16
8399	16
8400	16
8401	16
8402	16
8403	16
8404	16
8405	16
8406	16
8407	16
8408	16
8409	16
8410	16
8411	16
8412	16
8413	16
8414	16
8415	16
8416	16
8417	16
8418	16
8419	16
8420	16
8421	16
8422	16
8423	16
8424	16
8425	16
8426	16
8427	16
8428	16
8429	16
8430	16
8431	16
8432	16
8433	16
8434	16
8435	16
8436	16
8437	16
8438	16
8439	16
8440	16
8441	16
8442	16
8443	16
8444	16
8445	16
8446	16
8447	16
8448	16
8449	16
8450	16
8451	16
8452	16
8453	16
8454	16
8455	16
8456	16
8457	16
8458	16
8459	16
8460	16
8461	16
8462	16
8463	16
8464	16
8465	16
8466	16
8467	16
8468	16
8469	16
8470	16
8471	16
8472	16
8473	16
8474	16
8475	16
8476	16
8477	16
8478	16
8479	16
8480	16
8481	16
8482	16
8483	16
8484	16
8485	16
8486	16
8487	16
8488	16
8489	16
8490	16
8491	16
8492	16
8493	16
8494	16
8495	16
8496	16
8497	16
8498	16
8499	16
8500	16
8501	16
8502	16
8503	16
8504	16
8505	16
8506	16
8507	16
8508	16
8509	16
8510	16
8511	16
8512	16
8513	16
8514	16
8515	16
8516	16
8517	16
8518	16
8519	16
8520	16
8521	16
8522	16
8523	16
8524	16
8525	16
8526	16
8527	16
8528	16
8529	16
8530	16
8531	16
8532	16
8533	16
8534	16
8535	16
8536	16
8537	16
8538	16
8539	16
8540	16
8541	16
8542	16
8543	16
8544	16
8545	16
8546	16
8547	16
8548	16
8549	16
8550	16
8551	16
8552	16
8553	16
8554	16
8555	16
8556	16
8557	16
8558	16
8559	16
8560	16
8561	16
8562	16
8563	16
8564	16
8565	16
8566	16
8567	16
8568	16
8569	16
8570	16
8571	16
8572	16
8573	16
8574	16
8575	16
8576	16
8577	16
8578	16
8579	16
8580	16
8581	16
8582	16
8583	16
8584	16
8585	16
8586	16
8587	16
8588	16
8589	16
8590	16
8591	16
8592	16
8593	16
8594	16
8595	16
8596	16
8597	16
8598	16
8599	16
8600	16
8601	16
8602	16
8603	16
8604	16
8605	16
8606	16
8607	16
8608	16
8609	16
8610	16
8611	16
8612	16
8613	16
8614	16
8615	16
8616	16
8617	16
8618	16
8619	16
8620	16
8621	16
8622	16
8623	16
8624	16
8625	16
8626	16
8627	16
8628	16
8629	16
8630	16
8631	16
8632	16
8633	16
8634	16
8635	16
8636	16
8637	16
8638	16
8639	16
8640	16
8641	16
8642	16
8643	16
8644	16
8645	16
8646	16
8647	16
8648	16
8649	16
8650	16
8651	16
8652	16
8653	16
8654	16
8655	16
8656	16
8657	16
8658	16
8659	16
8660	16
8661	16
8662	16
8663	16
8664	16
8665	16
8666	16
8667	16
8668	16
8669	16
8670	16
8671	16
8672	16
8673	16
8674	16
8675	16
8676	16
8677	16
8678	16
8679	16
8680	16
8681	16
8682	16
8683	16
8684	16
8685	16
8686	16
8687	16
8688	16
8689	16
8690	16
8691	16
8692	16
8693	16
8694	16
8695	16
8696	16
8697	16
8698	16
8699	16
8700	16
8701	16
8702	16
8703	16
8704	16
8705	16
8706	16
8707	16
8708	16
8709	16
8710	16
8711	16
8712	16
8713	16
8714	16
8715	16
8716	16
8717	16
8718	16
8719	16
8720	16
8721	16
8722	16
8723	16
8724	16
8725	16
8726	16
8727	16
8728	16
8729	16
8730	16
8731	16
8732	16
8733	16
8734	16
8735	16
8736	16
8737	16
8738	16
8739	16
8740	16
8741	16
8742	16
8743	16
8744	16
8745	16
8746	16
8747	16
8748	16
8749	16
8750	16
8751	16
8752	16
8753	16
8754	16
8755	16
8756	16
8757	16
8758	16
8759	16
8760	16
8761	16
8762	16
8763	16
8764	16
8765	16
8766	16
8767	16
8768	16
8769	16
8770	16
8771	16
8772	16
8773	16
8774	16
8775	16
8776	16
8777	16
8778	17
8779	17
8780	17
8781	17
8782	17
8783	17
8784	17
8785	17
8786	17
8787	17
8788	17
8789	17
8790	17
8791	17
8792	17
8793	17
8794	17
8795	17
8796	17
8797	17
8798	17
8799	17
8800	17
8801	17
8802	17
8803	17
8804	17
8805	17
8806	17
8807	17
8808	17
8809	17
8810	17
8811	17
8812	17
8813	17
8814	17
8815	17
8816	17
8817	17
8818	17
8819	17
8820	17
8821	17
8822	17
8823	17
8824	17
8825	17
8826	17
8827	17
8828	17
8829	17
8830	17
8831	17
8832	17
8833	17
8834	17
8835	17
8836	17
8837	17
8838	17
8839	17
8840	17
8841	17
8842	17
8843	17
8844	17
8845	17
8846	17
8847	17
8848	17
8849	17
8850	17
8851	17
8852	17
8853	17
8854	17
8855	17
8856	17
8857	17
8858	17
8859	17
8860	17
8861	17
8862	17
8863	17
8864	17
8865	17
8866	17
8867	17
8868	17
8869	17
8870	17
8871	17
8872	17
8873	17
8874	17
8875	17
8876	17
8877	17
8878	17
8879	17
8880	17
8881	17
8882	17
8883	17
8884	17
8885	17
8886	17
8887	17
8888	17
8889	17
8890	17
8891	17
8892	17
8893	17
8894	17
8895	17
8896	17
8897	17
8898	17
8899	17
8900	17
8901	17
8902	17
8903	17
8904	17
8905	17
8906	17
8907	17
8908	17
8909	17
8910	17
8911	17
8912	17
8913	17
8914	17
8915	18
8916	18
8917	18
8918	18
8919	18
8920	18
8921	18
8922	18
8923	18
8924	18
8925	18
8926	18
8927	18
8928	18
8929	18
8930	18
8931	18
8932	18
8933	18
8934	18
8935	18
8936	18
8937	18
8938	18
8939	18
8940	18
8941	18
8942	18
8943	18
8944	18
8945	18
8946	18
8947	18
8948	18
8949	18
8950	18
8951	18
8952	18
8953	18
8954	18
8955	18
8956	18
8957	18
8958	18
8959	18
8960	18
8961	18
8962	18
8963	18
8964	18
8965	18
8966	18
8967	18
8968	18
8969	18
8970	18
8971	18
8972	18
8973	18
8974	18
8975	18
8976	18
8977	18
8978	18
8979	18
8980	18
8981	18
8982	18
8983	18
8984	18
8985	18
8986	18
8987	18
8988	18
8989	18
8990	18
8991	18
8992	18
8993	18
8994	18
8995	18
8996	18
8997	18
8998	18
8999	18
9000	18
9001	18
9002	18
9003	18
9004	18
9005	18
9006	18
9007	18
9008	18
9009	18
9010	18
9011	18
9012	18
9013	18
9014	18
9015	18
9016	18
9017	18
9018	18
9019	18
9020	18
9021	18
9022	18
9023	18
9024	18
9025	18
9026	18
9027	18
9028	18
9029	18
9030	18
9031	18
9032	18
9033	18
9034	18
9035	18
9036	18
9037	18
9038	18
9039	18
9040	18
9041	18
9042	18
9043	18
9044	18
9045	18
9046	18
9047	18
9048	18
9049	18
9050	18
9051	18
9052	18
9053	18
9054	18
9055	18
9056	18
9057	18
9058	18
9059	18
9060	18
9061	18
9062	18
9063	18
9064	18
9065	18
9066	18
9067	18
9068	18
9069	18
9070	18
9071	18
9072	18
9073	18
9074	18
9075	18
9076	18
9077	18
9078	18
9079	18
9080	18
9081	18
9082	18
9083	18
9084	18
9085	18
9086	18
9087	18
9088	18
9089	18
9090	18
9091	18
9092	18
9093	18
9094	18
9095	18
9096	18
9097	18
9098	18
9099	18
9100	18
9101	18
9102	18
9103	18
9104	18
9105	18
9106	18
9107	18
9108	18
9109	18
9110	18
9111	18
9112	18
9113	18
9114	18
9115	18
9116	18
9117	18
9118	18
9119	18
9120	18
9121	18
9122	18
9123	18
9124	18
9125	18
9126	18
9127	18
9128	18
9129	18
9130	18
9131	18
9132	18
9133	18
9134	18
9135	18
9136	18
9137	18
9138	18
9139	18
9140	18
9141	18
9142	18
9143	18
9144	18
9145	18
9146	18
9147	18
9148	18
9149	18
9150	18
9151	18
9152	18
9153	18
9154	18
9155	18
9156	18
9157	18
9158	18
9159	18
9160	18
9161	18
9162	18
9163	18
9164	18
9165	18
9166	18
9167	18
9168	18
9169	18
9170	18
9171	18
9172	18
9173	18
9174	18
9175	18
9176	18
9177	18
9178	18
9179	18
9180	18
9181	18
9182	18
9183	18
9184	18
9185	18
9186	18
9187	18
9188	18
9189	18
9190	18
9191	18
9192	18
9193	18
9194	18
9195	18
9196	18
9197	18
9198	18
9199	18
9200	18
9201	18
9202	18
9203	18
9204	18
9205	18
9206	18
9207	18
9208	18
9209	18
9210	18
9211	18
9212	18
9213	18
9214	18
9215	18
9216	18
9217	18
9218	18
9219	18
9220	18
9221	18
9222	18
9223	18
9224	18
9225	18
9226	18
9227	18
9228	18
9229	18
9230	18
9231	18
9232	18
9233	18
9234	18
9235	18
9236	18
9237	18
9238	18
9239	18
9240	18
9241	18
9242	18
9243	18
9244	18
9245	18
9246	18
9247	18
9248	18
9249	18
9250	18
9251	18
9252	18
9253	18
9254	18
9255	18
9256	18
9257	18
9258	18
9259	18
9260	18
9261	18
9262	18
9263	18
9264	18
9265	18
9266	18
9267	18
9268	18
9269	18
9270	18
9271	18
9272	18
9273	18
9274	18
9275	18
9276	18
9277	18
9278	18
9279	18
9280	18
9281	18
9282	18
9283	18
9284	18
9285	18
9286	18
9287	18
9288	18
9289	18
9290	18
9291	18
9292	18
9293	18
9294	18
9295	18
9296	18
9297	18
9298	18
9299	18
9300	18
9301	18
9302	18
9303	18
9304	18
9305	18
9306	18
9307	18
9308	18
9309	18
9310	18
9311	18
9312	18
9313	18
9314	18
9315	18
9316	18
9317	18
9318	18
9319	18
9320	18
9321	18
9322	18
9323	18
9324	18
9325	18
9326	18
9327	18
9328	18
9329	18
9330	18
9331	18
9332	18
9333	18
9334	18
9335	18
9336	18
9337	18
9338	18
9339	18
9340	18
9341	18
9342	18
9343	18
9344	18
9345	18
9346	18
9347	18
9348	18
9349	18
9350	18
9351	18
9352	18
9353	18
9354	18
9355	18
9356	18
9357	18
9358	18
9359	18
9360	18
9361	18
9362	18
9363	18
9364	18
9365	18
9366	18
9367	18
9368	18
9369	18
9370	18
9371	18
9372	18
9373	18
9374	18
9375	18
9376	18
9377	18
9378	18
9379	18
9380	18
9381	18
9382	18
9383	18
9384	18
9385	18
9386	18
9387	18
9388	18
9389	18
9390	18
9391	18
9392	18
9393	18
9394	18
9395	18
9396	18
9397	18
9398	18
9399	18
9400	18
9401	18
9402	18
9403	18
9404	18
9405	18
9406	18
9407	18
9408	18
9409	18
9410	18
9411	18
9412	18
9413	18
9414	18
9415	18
9416	18
9417	18
9418	18
9419	18
9420	18
9421	18
9422	18
9423	18
9424	18
9425	18
9426	18
9427	18
9428	18
9429	18
9430	18
9431	18
9432	18
9433	18
9434	18
9435	18
9436	18
9437	18
9438	18
9439	18
9440	18
9441	18
9442	18
9443	18
9444	18
9445	18
9446	18
9447	18
9448	18
9449	18
9450	18
9451	18
9452	18
9453	18
9454	18
9455	18
9456	18
9457	18
9458	18
9459	18
9460	18
9461	18
9462	18
9463	18
9464	18
9465	18
9466	18
9467	18
9468	18
9469	18
9470	18
9471	18
9472	18
9473	18
9474	18
9475	18
9476	18
9477	19
9478	19
9479	19
9480	19
9481	19
9482	19
9483	19
9484	19
9485	19
9486	19
9487	19
9488	19
9489	19
9490	19
9491	19
9492	19
9493	19
9494	19
9495	19
9496	19
9497	19
9498	19
9499	19
9500	19
9501	19
9502	19
9503	19
9504	19
9505	19
9506	19
9507	19
9508	19
9509	19
9510	19
9511	19
9512	19
9513	19
9514	19
9515	19
9516	20
9517	20
9518	20
9519	20
9520	20
9521	20
9522	20
9523	20
9524	20
9525	20
9526	20
9527	20
9528	20
9529	20
9530	20
9531	20
9532	20
9533	20
9534	20
9535	20
9536	20
9537	20
9538	20
9539	20
9540	20
9541	20
9542	20
9543	20
9544	20
9545	20
9546	20
9547	20
9548	20
9549	20
9550	20
9551	20
9552	20
9553	20
9554	20
9555	20
9556	20
9557	20
9558	20
9559	20
9560	20
9561	20
9562	20
9563	20
9564	20
9565	20
9566	20
9567	20
9568	20
9569	20
9570	20
9571	20
9572	20
9573	20
9574	20
9575	20
9576	20
9577	20
9578	20
9579	20
9580	20
9581	20
9582	20
9583	20
9584	20
9585	20
9586	20
9587	20
9588	20
9589	20
9590	20
9591	20
9592	20
9593	20
9594	20
9595	20
9596	20
9597	20
9598	20
9599	20
9600	20
9601	20
9602	20
9603	20
9604	20
9605	20
9606	20
9607	20
9608	20
9609	20
9610	20
9611	20
9612	20
9613	20
9614	20
9615	20
9616	20
9617	20
9618	20
9619	20
9620	20
9621	20
9622	20
9623	20
9624	20
9625	20
9626	20
9627	20
9628	20
9629	20
9630	20
9631	20
9632	20
9633	20
9634	20
9635	20
9636	20
9637	20
9638	20
9639	20
9640	20
9641	20
9642	20
9643	20
9644	20
9645	20
9646	20
9647	20
9648	20
9649	20
9650	20
9651	20
9652	20
9653	20
9654	20
9655	20
9656	20
9657	20
9658	20
9659	20
9660	20
9661	20
9662	20
9663	20
9664	20
9665	20
9666	20
9667	20
9668	20
9669	20
9670	20
9671	20
9672	20
9673	20
9674	20
9675	20
9676	20
9677	20
9678	20
9679	20
9680	20
9681	20
9682	20
9683	20
9684	20
9685	20
9686	20
9687	20
9688	20
9689	20
9690	21
9691	21
9692	21
9693	21
9694	21
9695	21
9696	21
9697	21
9698	21
9699	21
9700	21
9701	21
9702	21
9703	21
9704	21
9705	21
9706	21
9707	21
9708	21
9709	21
9710	21
9711	21
9712	21
9713	21
9714	21
9715	21
9716	21
9717	21
9718	21
9719	21
9720	21
9721	21
9722	21
9723	21
9724	21
9725	21
9726	21
9727	21
9728	21
9729	21
9730	21
9731	21
9732	21
9733	21
9734	21
9735	21
9736	21
9737	21
9738	21
9739	21
9740	21
9741	21
9742	21
9743	21
9744	21
9745	21
9746	21
9747	21
9748	21
9749	21
9750	21
9751	21
9752	21
9753	21
9754	21
9755	21
9756	21
9757	21
9758	21
9759	21
9760	21
9761	21
9762	21
9763	21
9764	21
9765	21
9766	21
9767	21
9768	21
9769	21
9770	21
9771	21
9772	21
9773	21
9774	22
9775	22
9776	22
9777	22
9778	22
9779	22
9780	22
9781	22
9782	22
9783	22
9784	22
9785	22
9786	22
9787	22
9788	22
9789	22
9790	22
9791	22
9792	22
9793	22
9794	22
9795	22
9796	22
9797	22
9798	22
9799	22
9800	22
9801	22
9802	22
9803	22
9804	22
9805	22
9806	22
9807	22
9808	22
9809	22
9810	22
9811	22
9812	22
9813	22
9814	22
9815	22
9816	22
9817	22
9818	22
9819	22
9820	22
9821	22
9822	22
9823	22
9824	22
9825	22
9826	22
9827	22
9828	22
9829	22
9830	22
9831	22
9832	22
9833	22
9834	22
9835	22
9836	22
9837	22
9838	22
9839	22
9840	22
9841	22
9842	22
9843	22
9844	22
9845	22
9846	22
9847	22
9848	22
9849	22
9850	22
9851	22
9852	22
9853	22
9854	22
9855	22
9856	22
9857	22
9858	22
9859	22
9860	22
9861	22
9862	22
9863	22
9864	22
9865	22
9866	22
9867	22
9868	22
9869	22
9870	22
9871	22
9872	22
9873	22
9874	22
9875	22
9876	22
9877	22
9878	22
9879	22
9880	22
9881	22
9882	22
9883	22
9884	22
9885	22
9886	22
9887	22
9888	22
9889	22
9890	22
9891	22
9892	22
9893	22
9894	22
9895	22
9896	22
9897	22
9898	22
9899	22
9900	22
9901	22
9902	22
9903	22
9904	22
9905	22
9906	22
9907	22
9908	22
9909	22
9910	22
9911	22
9912	22
9913	22
9914	22
9915	22
9916	22
9917	22
9918	22
9919	22
9920	22
9921	22
9922	22
9923	22
9924	22
9925	22
9926	22
9927	22
9928	22
9929	22
9930	22
9931	22
9932	22
9933	22
9934	22
9935	22
9936	22
9937	22
9938	22
9939	22
9940	22
9941	22
9942	22
9943	22
9944	22
9945	22
9946	22
9947	23
9948	23
9949	23
9950	23
9951	23
9952	23
9953	23
9954	23
9955	23
9956	23
9957	23
9958	23
9959	23
9960	23
9961	23
9962	23
9963	23
9964	23
9965	23
9966	23
9967	23
9968	23
9969	23
9970	23
9971	23
9972	23
9973	23
9974	23
9975	23
9976	23
9977	23
9978	23
9979	23
9980	23
9981	23
9982	23
9983	23
9984	23
9985	23
9986	23
9987	23
9988	23
9989	23
9990	23
9991	23
9992	23
9993	23
9994	23
9995	23
9996	23
9997	23
9998	23
9999	23
10000	23
