#Clock	ItemsCollected
1	0
2	0
3	0
4	0
5	0
6	0
7	0
8	0
9	0
10	0
11	0
12	0
13	0
14	0
15	0
16	0
17	0
18	0
19	0
20	0
21	0
22	0
23	0
24	0
25	0
26	0
27	0
28	0
29	0
30	0
31	0
32	0
33	0
34	0
35	0
36	0
37	0
38	0
39	0
40	0
41	0
42	0
43	0
44	0
45	0
46	0
47	0
48	0
49	0
50	0
51	0
52	0
53	0
54	0
55	0
56	0
57	0
58	0
59	0
60	0
61	0
62	0
63	0
64	0
65	0
66	0
67	0
68	0
69	0
70	0
71	0
72	0
73	0
74	0
75	0
76	0
77	0
78	0
79	0
80	0
81	0
82	0
83	0
84	0
85	0
86	0
87	0
88	0
89	0
90	0
91	0
92	0
93	0
94	0
95	0
96	0
97	0
98	0
99	0
100	0
101	0
102	0
103	0
104	0
105	0
106	0
107	0
108	0
109	0
110	0
111	0
112	0
113	0
114	0
115	0
116	0
117	0
118	0
119	0
120	0
121	0
122	0
123	0
124	0
125	0
126	0
127	0
128	0
129	0
130	0
131	0
132	0
133	0
134	0
135	0
136	0
137	0
138	0
139	0
140	0
141	0
142	0
143	0
144	0
145	0
146	0
147	0
148	0
149	0
150	0
151	0
152	0
153	0
154	0
155	0
156	0
157	0
158	0
159	0
160	0
161	0
162	0
163	0
164	0
165	0
166	0
167	0
168	0
169	0
170	0
171	0
172	0
173	0
174	0
175	0
176	0
177	0
178	0
179	0
180	0
181	0
182	0
183	0
184	0
185	0
186	0
187	0
188	0
189	0
190	0
191	0
192	0
193	0
194	0
195	0
196	0
197	0
198	0
199	0
200	0
201	0
202	0
203	0
204	0
205	0
206	0
207	0
208	0
209	0
210	0
211	0
212	0
213	0
214	0
215	0
216	0
217	0
218	0
219	0
220	0
221	0
222	0
223	0
224	0
225	0
226	0
227	0
228	0
229	0
230	0
231	0
232	0
233	0
234	0
235	0
236	0
237	0
238	0
239	0
240	0
241	0
242	0
243	0
244	0
245	0
246	0
247	0
248	0
249	0
250	0
251	0
252	0
253	0
254	0
255	0
256	0
257	0
258	0
259	0
260	0
261	0
262	0
263	0
264	0
265	0
266	0
267	0
268	0
269	0
270	0
271	0
272	0
273	0
274	0
275	0
276	0
277	0
278	0
279	0
280	0
281	0
282	0
283	0
284	0
285	0
286	0
287	0
288	0
289	0
290	0
291	0
292	0
293	0
294	0
295	0
296	0
297	0
298	0
299	0
300	0
301	0
302	0
303	0
304	0
305	0
306	0
307	0
308	0
309	0
310	0
311	0
312	0
313	0
314	0
315	0
316	0
317	0
318	0
319	0
320	0
321	0
322	0
323	0
324	0
325	0
326	0
327	0
328	0
329	0
330	0
331	0
332	0
333	0
334	0
335	0
336	0
337	0
338	0
339	0
340	0
341	0
342	0
343	0
344	0
345	0
346	0
347	0
348	0
349	0
350	0
351	0
352	0
353	0
354	0
355	0
356	0
357	0
358	0
359	0
360	0
361	0
362	0
363	0
364	0
365	0
366	0
367	0
368	0
369	0
370	0
371	0
372	0
373	0
374	0
375	0
376	0
377	0
378	0
379	0
380	0
381	0
382	0
383	0
384	0
385	0
386	0
387	0
388	0
389	0
390	0
391	0
392	0
393	0
394	0
395	0
396	0
397	0
398	0
399	0
400	0
401	0
402	0
403	0
404	0
405	0
406	0
407	0
408	0
409	0
410	0
411	0
412	0
413	0
414	0
415	0
416	0
417	0
418	0
419	0
420	0
421	0
422	0
423	0
424	0
425	0
426	0
427	0
428	0
429	0
430	0
431	0
432	0
433	0
434	0
435	0
436	0
437	0
438	0
439	0
440	0
441	0
442	0
443	0
444	0
445	0
446	0
447	0
448	0
449	0
450	0
451	0
452	0
453	0
454	0
455	0
456	0
457	0
458	0
459	0
460	0
461	0
462	0
463	0
464	0
465	0
466	0
467	0
468	0
469	0
470	0
471	0
472	0
473	0
474	0
475	0
476	0
477	0
478	0
479	0
480	0
481	0
482	0
483	0
484	0
485	0
486	0
487	0
488	0
489	0
490	0
491	0
492	0
493	0
494	0
495	0
496	0
497	0
498	0
499	0
500	0
501	0
502	0
503	0
504	0
505	0
506	0
507	0
508	0
509	0
510	0
511	0
512	0
513	0
514	0
515	0
516	0
517	0
518	0
519	0
520	0
521	0
522	0
523	0
524	0
525	0
526	0
527	0
528	0
529	0
530	0
531	0
532	0
533	0
534	0
535	0
536	0
537	0
538	0
539	0
540	0
541	0
542	0
543	0
544	0
545	0
546	0
547	0
548	0
549	0
550	0
551	0
552	0
553	0
554	0
555	0
556	0
557	0
558	0
559	0
560	0
561	0
562	0
563	0
564	0
565	0
566	0
567	0
568	0
569	0
570	0
571	0
572	0
573	0
574	0
575	0
576	0
577	0
578	0
579	0
580	0
581	0
582	0
583	0
584	0
585	0
586	0
587	0
588	0
589	0
590	0
591	0
592	0
593	0
594	0
595	0
596	0
597	0
598	0
599	0
600	0
601	0
602	0
603	0
604	0
605	0
606	0
607	0
608	0
609	0
610	0
611	0
612	0
613	0
614	0
615	0
616	0
617	0
618	0
619	0
620	0
621	0
622	0
623	0
624	0
625	0
626	0
627	0
628	0
629	0
630	0
631	0
632	0
633	0
634	0
635	0
636	0
637	0
638	0
639	0
640	0
641	0
642	0
643	0
644	0
645	0
646	0
647	0
648	0
649	0
650	0
651	0
652	0
653	0
654	0
655	0
656	0
657	0
658	0
659	0
660	0
661	0
662	0
663	0
664	0
665	0
666	0
667	0
668	0
669	0
670	0
671	0
672	0
673	0
674	0
675	0
676	0
677	0
678	0
679	0
680	0
681	0
682	0
683	0
684	0
685	0
686	0
687	0
688	0
689	0
690	0
691	0
692	0
693	0
694	0
695	0
696	0
697	0
698	0
699	0
700	0
701	0
702	0
703	0
704	0
705	0
706	0
707	0
708	0
709	0
710	0
711	0
712	0
713	0
714	0
715	0
716	0
717	0
718	0
719	0
720	0
721	0
722	0
723	0
724	0
725	0
726	0
727	0
728	0
729	0
730	0
731	0
732	0
733	0
734	0
735	0
736	0
737	0
738	0
739	0
740	0
741	0
742	0
743	0
744	0
745	0
746	0
747	0
748	0
749	0
750	0
751	0
752	0
753	0
754	0
755	0
756	0
757	0
758	0
759	0
760	0
761	0
762	0
763	0
764	0
765	0
766	0
767	0
768	0
769	0
770	0
771	0
772	0
773	0
774	0
775	0
776	0
777	0
778	0
779	0
780	0
781	0
782	0
783	0
784	0
785	0
786	0
787	0
788	0
789	0
790	0
791	0
792	0
793	0
794	0
795	0
796	0
797	0
798	0
799	0
800	0
801	0
802	0
803	0
804	0
805	0
806	0
807	0
808	0
809	0
810	0
811	0
812	0
813	0
814	0
815	0
816	0
817	0
818	0
819	0
820	0
821	0
822	0
823	0
824	0
825	0
826	0
827	0
828	0
829	0
830	0
831	0
832	0
833	0
834	0
835	0
836	0
837	0
838	0
839	0
840	0
841	0
842	0
843	0
844	0
845	0
846	0
847	0
848	0
849	0
850	0
851	0
852	0
853	0
854	0
855	0
856	0
857	0
858	0
859	0
860	0
861	0
862	0
863	0
864	0
865	0
866	0
867	0
868	0
869	0
870	0
871	0
872	0
873	0
874	0
875	0
876	0
877	0
878	0
879	0
880	0
881	0
882	0
883	0
884	0
885	0
886	0
887	0
888	0
889	0
890	0
891	0
892	0
893	0
894	0
895	0
896	0
897	0
898	0
899	0
900	0
901	0
902	0
903	0
904	0
905	0
906	0
907	0
908	0
909	0
910	0
911	0
912	0
913	0
914	0
915	0
916	0
917	0
918	0
919	0
920	0
921	0
922	0
923	0
924	0
925	0
926	0
927	0
928	0
929	0
930	0
931	0
932	0
933	0
934	0
935	0
936	0
937	0
938	0
939	0
940	0
941	0
942	0
943	0
944	0
945	0
946	0
947	0
948	0
949	0
950	0
951	0
952	0
953	0
954	0
955	0
956	0
957	0
958	0
959	0
960	0
961	0
962	0
963	0
964	0
965	0
966	0
967	0
968	0
969	0
970	0
971	0
972	0
973	0
974	0
975	0
976	0
977	0
978	0
979	0
980	0
981	0
982	0
983	0
984	0
985	0
986	0
987	0
988	0
989	0
990	0
991	0
992	0
993	0
994	0
995	0
996	0
997	0
998	0
999	0
1000	0
1001	0
1002	0
1003	0
1004	0
1005	0
1006	0
1007	0
1008	0
1009	0
1010	0
1011	0
1012	0
1013	0
1014	0
1015	0
1016	0
1017	0
1018	0
1019	0
1020	0
1021	0
1022	0
1023	0
1024	0
1025	0
1026	0
1027	0
1028	0
1029	0
1030	0
1031	0
1032	0
1033	0
1034	0
1035	0
1036	0
1037	0
1038	0
1039	0
1040	0
1041	0
1042	0
1043	0
1044	0
1045	0
1046	0
1047	0
1048	0
1049	0
1050	0
1051	0
1052	0
1053	0
1054	0
1055	0
1056	0
1057	0
1058	0
1059	0
1060	0
1061	0
1062	0
1063	0
1064	0
1065	0
1066	0
1067	0
1068	0
1069	0
1070	0
1071	0
1072	0
1073	0
1074	0
1075	0
1076	0
1077	0
1078	0
1079	0
1080	0
1081	0
1082	0
1083	0
1084	0
1085	0
1086	0
1087	0
1088	0
1089	0
1090	0
1091	0
1092	0
1093	0
1094	0
1095	0
1096	0
1097	0
1098	0
1099	0
1100	0
1101	0
1102	0
1103	0
1104	0
1105	0
1106	0
1107	0
1108	0
1109	0
1110	0
1111	0
1112	0
1113	0
1114	0
1115	0
1116	0
1117	0
1118	0
1119	0
1120	0
1121	0
1122	0
1123	0
1124	0
1125	0
1126	0
1127	0
1128	0
1129	0
1130	0
1131	0
1132	0
1133	0
1134	0
1135	0
1136	0
1137	0
1138	0
1139	0
1140	0
1141	0
1142	0
1143	0
1144	0
1145	0
1146	0
1147	0
1148	0
1149	0
1150	0
1151	0
1152	0
1153	0
1154	0
1155	0
1156	0
1157	0
1158	0
1159	0
1160	0
1161	0
1162	0
1163	0
1164	0
1165	0
1166	0
1167	0
1168	0
1169	0
1170	0
1171	0
1172	0
1173	0
1174	0
1175	0
1176	0
1177	0
1178	0
1179	0
1180	0
1181	0
1182	0
1183	0
1184	0
1185	0
1186	0
1187	0
1188	0
1189	0
1190	0
1191	0
1192	0
1193	0
1194	0
1195	0
1196	0
1197	0
1198	0
1199	0
1200	0
1201	0
1202	0
1203	0
1204	0
1205	0
1206	0
1207	0
1208	0
1209	0
1210	0
1211	0
1212	0
1213	0
1214	0
1215	0
1216	0
1217	0
1218	0
1219	0
1220	0
1221	0
1222	0
1223	0
1224	0
1225	0
1226	0
1227	0
1228	0
1229	0
1230	0
1231	0
1232	0
1233	0
1234	0
1235	0
1236	0
1237	0
1238	0
1239	0
1240	0
1241	0
1242	0
1243	0
1244	0
1245	0
1246	0
1247	0
1248	0
1249	0
1250	0
1251	0
1252	0
1253	0
1254	0
1255	0
1256	0
1257	0
1258	0
1259	0
1260	0
1261	0
1262	0
1263	0
1264	0
1265	0
1266	0
1267	0
1268	0
1269	0
1270	0
1271	0
1272	0
1273	0
1274	0
1275	0
1276	0
1277	0
1278	0
1279	0
1280	0
1281	0
1282	0
1283	0
1284	0
1285	0
1286	0
1287	0
1288	0
1289	0
1290	0
1291	0
1292	0
1293	0
1294	0
1295	0
1296	0
1297	0
1298	0
1299	0
1300	0
1301	0
1302	0
1303	0
1304	0
1305	0
1306	0
1307	0
1308	0
1309	0
1310	0
1311	0
1312	0
1313	0
1314	0
1315	0
1316	0
1317	0
1318	0
1319	0
1320	0
1321	0
1322	0
1323	0
1324	0
1325	0
1326	0
1327	0
1328	0
1329	0
1330	0
1331	0
1332	0
1333	0
1334	0
1335	0
1336	0
1337	0
1338	0
1339	0
1340	0
1341	0
1342	0
1343	0
1344	0
1345	0
1346	0
1347	0
1348	0
1349	0
1350	0
1351	0
1352	0
1353	0
1354	0
1355	0
1356	0
1357	0
1358	0
1359	0
1360	0
1361	0
1362	0
1363	0
1364	0
1365	0
1366	0
1367	0
1368	0
1369	0
1370	0
1371	0
1372	0
1373	0
1374	0
1375	0
1376	0
1377	0
1378	0
1379	0
1380	0
1381	0
1382	0
1383	0
1384	0
1385	0
1386	0
1387	0
1388	0
1389	0
1390	0
1391	0
1392	0
1393	0
1394	0
1395	0
1396	0
1397	0
1398	0
1399	0
1400	0
1401	0
1402	0
1403	0
1404	0
1405	0
1406	0
1407	0
1408	0
1409	0
1410	0
1411	0
1412	0
1413	0
1414	0
1415	0
1416	0
1417	0
1418	0
1419	0
1420	0
1421	0
1422	0
1423	0
1424	0
1425	0
1426	0
1427	0
1428	0
1429	0
1430	0
1431	0
1432	0
1433	0
1434	0
1435	0
1436	0
1437	0
1438	0
1439	0
1440	0
1441	0
1442	0
1443	0
1444	0
1445	0
1446	0
1447	0
1448	0
1449	0
1450	0
1451	0
1452	0
1453	0
1454	0
1455	0
1456	0
1457	0
1458	0
1459	0
1460	0
1461	0
1462	0
1463	0
1464	0
1465	0
1466	0
1467	0
1468	0
1469	0
1470	0
1471	0
1472	0
1473	0
1474	0
1475	0
1476	0
1477	0
1478	0
1479	0
1480	0
1481	0
1482	0
1483	0
1484	0
1485	0
1486	0
1487	0
1488	0
1489	0
1490	0
1491	0
1492	0
1493	0
1494	0
1495	0
1496	0
1497	0
1498	0
1499	0
1500	0
1501	0
1502	0
1503	0
1504	0
1505	0
1506	0
1507	0
1508	0
1509	0
1510	0
1511	0
1512	0
1513	0
1514	0
1515	0
1516	0
1517	0
1518	0
1519	0
1520	0
1521	0
1522	0
1523	0
1524	0
1525	0
1526	0
1527	0
1528	0
1529	0
1530	0
1531	0
1532	0
1533	0
1534	0
1535	0
1536	0
1537	0
1538	0
1539	0
1540	0
1541	0
1542	0
1543	0
1544	0
1545	0
1546	0
1547	0
1548	0
1549	0
1550	0
1551	0
1552	0
1553	0
1554	0
1555	0
1556	0
1557	0
1558	0
1559	0
1560	0
1561	0
1562	0
1563	0
1564	0
1565	0
1566	0
1567	0
1568	0
1569	0
1570	0
1571	0
1572	0
1573	0
1574	0
1575	0
1576	0
1577	0
1578	0
1579	0
1580	0
1581	0
1582	0
1583	0
1584	0
1585	0
1586	0
1587	0
1588	0
1589	0
1590	0
1591	0
1592	0
1593	0
1594	0
1595	0
1596	0
1597	0
1598	0
1599	0
1600	0
1601	0
1602	0
1603	0
1604	0
1605	0
1606	0
1607	0
1608	0
1609	0
1610	0
1611	0
1612	0
1613	0
1614	0
1615	0
1616	0
1617	0
1618	0
1619	0
1620	0
1621	0
1622	0
1623	0
1624	0
1625	0
1626	0
1627	0
1628	0
1629	0
1630	0
1631	0
1632	0
1633	0
1634	0
1635	0
1636	0
1637	0
1638	0
1639	0
1640	0
1641	0
1642	0
1643	0
1644	0
1645	0
1646	0
1647	0
1648	0
1649	0
1650	0
1651	0
1652	0
1653	0
1654	0
1655	0
1656	0
1657	0
1658	0
1659	0
1660	0
1661	0
1662	0
1663	0
1664	0
1665	0
1666	0
1667	0
1668	0
1669	0
1670	0
1671	0
1672	0
1673	0
1674	0
1675	0
1676	0
1677	0
1678	0
1679	0
1680	0
1681	0
1682	0
1683	0
1684	0
1685	0
1686	0
1687	0
1688	0
1689	0
1690	0
1691	0
1692	0
1693	0
1694	0
1695	0
1696	0
1697	0
1698	0
1699	0
1700	0
1701	0
1702	0
1703	0
1704	0
1705	0
1706	0
1707	0
1708	0
1709	0
1710	0
1711	0
1712	0
1713	0
1714	0
1715	0
1716	0
1717	0
1718	0
1719	0
1720	0
1721	0
1722	0
1723	0
1724	0
1725	0
1726	0
1727	0
1728	0
1729	0
1730	0
1731	0
1732	0
1733	0
1734	0
1735	0
1736	0
1737	0
1738	0
1739	0
1740	0
1741	0
1742	0
1743	0
1744	0
1745	0
1746	0
1747	0
1748	0
1749	0
1750	0
1751	0
1752	0
1753	0
1754	0
1755	0
1756	0
1757	0
1758	0
1759	0
1760	0
1761	0
1762	0
1763	0
1764	0
1765	0
1766	0
1767	0
1768	0
1769	0
1770	0
1771	0
1772	0
1773	0
1774	0
1775	0
1776	0
1777	0
1778	0
1779	0
1780	0
1781	0
1782	0
1783	0
1784	0
1785	0
1786	0
1787	0
1788	0
1789	0
1790	0
1791	0
1792	0
1793	0
1794	0
1795	0
1796	0
1797	0
1798	0
1799	0
1800	0
1801	0
1802	0
1803	0
1804	0
1805	0
1806	0
1807	0
1808	0
1809	0
1810	0
1811	0
1812	0
1813	0
1814	0
1815	0
1816	0
1817	0
1818	0
1819	0
1820	0
1821	0
1822	0
1823	0
1824	0
1825	0
1826	0
1827	0
1828	0
1829	0
1830	0
1831	0
1832	0
1833	0
1834	0
1835	0
1836	0
1837	0
1838	0
1839	0
1840	0
1841	0
1842	0
1843	0
1844	0
1845	0
1846	0
1847	0
1848	0
1849	0
1850	0
1851	0
1852	0
1853	0
1854	0
1855	0
1856	0
1857	0
1858	0
1859	0
1860	0
1861	0
1862	0
1863	0
1864	0
1865	0
1866	0
1867	0
1868	0
1869	0
1870	0
1871	0
1872	0
1873	0
1874	0
1875	0
1876	0
1877	0
1878	0
1879	0
1880	0
1881	0
1882	0
1883	0
1884	0
1885	0
1886	0
1887	0
1888	0
1889	0
1890	0
1891	0
1892	0
1893	0
1894	0
1895	0
1896	0
1897	0
1898	0
1899	0
1900	0
1901	0
1902	0
1903	0
1904	0
1905	0
1906	0
1907	0
1908	0
1909	0
1910	0
1911	0
1912	0
1913	0
1914	0
1915	0
1916	0
1917	0
1918	0
1919	0
1920	0
1921	0
1922	0
1923	0
1924	0
1925	0
1926	0
1927	0
1928	0
1929	0
1930	0
1931	0
1932	0
1933	0
1934	0
1935	0
1936	0
1937	0
1938	0
1939	0
1940	0
1941	0
1942	0
1943	0
1944	0
1945	0
1946	0
1947	0
1948	0
1949	0
1950	0
1951	0
1952	0
1953	0
1954	0
1955	0
1956	0
1957	0
1958	0
1959	0
1960	0
1961	0
1962	0
1963	0
1964	0
1965	0
1966	0
1967	0
1968	0
1969	0
1970	0
1971	0
1972	0
1973	0
1974	0
1975	0
1976	0
1977	0
1978	0
1979	0
1980	0
1981	0
1982	0
1983	0
1984	0
1985	0
1986	0
1987	0
1988	0
1989	0
1990	0
1991	0
1992	0
1993	0
1994	0
1995	0
1996	0
1997	0
1998	0
1999	0
2000	0
2001	0
2002	0
2003	0
2004	0
2005	0
2006	0
2007	0
2008	0
2009	0
2010	0
2011	0
2012	0
2013	0
2014	0
2015	0
2016	0
2017	0
2018	0
2019	0
2020	0
2021	0
2022	0
2023	0
2024	0
2025	0
2026	0
2027	0
2028	0
2029	0
2030	0
2031	0
2032	0
2033	0
2034	0
2035	0
2036	0
2037	0
2038	0
2039	0
2040	0
2041	0
2042	0
2043	0
2044	0
2045	0
2046	0
2047	0
2048	0
2049	0
2050	0
2051	0
2052	0
2053	0
2054	0
2055	0
2056	0
2057	0
2058	0
2059	0
2060	0
2061	0
2062	0
2063	0
2064	0
2065	0
2066	0
2067	0
2068	0
2069	0
2070	0
2071	0
2072	0
2073	0
2074	0
2075	0
2076	0
2077	0
2078	0
2079	0
2080	0
2081	0
2082	0
2083	0
2084	0
2085	0
2086	0
2087	0
2088	0
2089	0
2090	0
2091	0
2092	0
2093	0
2094	0
2095	0
2096	0
2097	0
2098	0
2099	0
2100	0
2101	0
2102	0
2103	0
2104	0
2105	0
2106	0
2107	0
2108	0
2109	0
2110	0
2111	0
2112	0
2113	0
2114	0
2115	0
2116	0
2117	0
2118	0
2119	0
2120	0
2121	0
2122	0
2123	0
2124	0
2125	0
2126	0
2127	0
2128	0
2129	0
2130	0
2131	0
2132	0
2133	0
2134	0
2135	0
2136	0
2137	0
2138	0
2139	0
2140	0
2141	0
2142	0
2143	0
2144	0
2145	0
2146	0
2147	0
2148	0
2149	0
2150	0
2151	0
2152	0
2153	0
2154	0
2155	0
2156	0
2157	0
2158	0
2159	0
2160	0
2161	0
2162	0
2163	0
2164	0
2165	0
2166	0
2167	0
2168	0
2169	0
2170	0
2171	0
2172	0
2173	0
2174	0
2175	0
2176	0
2177	0
2178	0
2179	0
2180	0
2181	0
2182	0
2183	0
2184	0
2185	0
2186	0
2187	0
2188	0
2189	0
2190	0
2191	0
2192	0
2193	0
2194	0
2195	0
2196	0
2197	0
2198	0
2199	0
2200	0
2201	0
2202	0
2203	0
2204	0
2205	0
2206	0
2207	0
2208	0
2209	0
2210	0
2211	0
2212	0
2213	0
2214	0
2215	0
2216	0
2217	0
2218	0
2219	0
2220	0
2221	0
2222	0
2223	0
2224	0
2225	0
2226	0
2227	0
2228	0
2229	0
2230	0
2231	0
2232	0
2233	0
2234	0
2235	0
2236	0
2237	0
2238	0
2239	0
2240	0
2241	0
2242	0
2243	0
2244	0
2245	0
2246	0
2247	0
2248	0
2249	0
2250	0
2251	0
2252	0
2253	0
2254	0
2255	0
2256	0
2257	0
2258	0
2259	0
2260	0
2261	0
2262	0
2263	0
2264	0
2265	0
2266	0
2267	0
2268	0
2269	0
2270	0
2271	0
2272	0
2273	0
2274	0
2275	0
2276	0
2277	0
2278	0
2279	0
2280	0
2281	0
2282	0
2283	0
2284	0
2285	0
2286	0
2287	0
2288	0
2289	0
2290	0
2291	0
2292	0
2293	0
2294	0
2295	0
2296	0
2297	0
2298	0
2299	0
2300	0
2301	0
2302	0
2303	0
2304	0
2305	0
2306	0
2307	0
2308	0
2309	0
2310	0
2311	0
2312	0
2313	0
2314	0
2315	0
2316	0
2317	0
2318	0
2319	0
2320	0
2321	0
2322	0
2323	0
2324	0
2325	0
2326	0
2327	0
2328	0
2329	0
2330	0
2331	0
2332	0
2333	0
2334	0
2335	0
2336	0
2337	0
2338	0
2339	0
2340	0
2341	0
2342	0
2343	0
2344	0
2345	0
2346	0
2347	0
2348	0
2349	0
2350	0
2351	0
2352	0
2353	0
2354	0
2355	0
2356	0
2357	0
2358	0
2359	0
2360	0
2361	0
2362	0
2363	0
2364	0
2365	0
2366	0
2367	0
2368	0
2369	0
2370	0
2371	0
2372	0
2373	0
2374	0
2375	0
2376	0
2377	0
2378	0
2379	0
2380	0
2381	0
2382	0
2383	0
2384	0
2385	0
2386	0
2387	0
2388	0
2389	0
2390	0
2391	0
2392	0
2393	0
2394	0
2395	0
2396	0
2397	0
2398	0
2399	0
2400	0
2401	0
2402	0
2403	0
2404	0
2405	0
2406	0
2407	0
2408	0
2409	0
2410	0
2411	0
2412	0
2413	0
2414	0
2415	0
2416	0
2417	0
2418	0
2419	0
2420	0
2421	0
2422	0
2423	0
2424	0
2425	0
2426	0
2427	0
2428	0
2429	0
2430	0
2431	0
2432	0
2433	0
2434	0
2435	0
2436	0
2437	0
2438	0
2439	0
2440	0
2441	0
2442	0
2443	0
2444	0
2445	0
2446	0
2447	0
2448	0
2449	0
2450	0
2451	0
2452	0
2453	0
2454	0
2455	0
2456	0
2457	0
2458	0
2459	0
2460	0
2461	0
2462	0
2463	0
2464	0
2465	0
2466	0
2467	0
2468	0
2469	0
2470	0
2471	0
2472	0
2473	0
2474	0
2475	0
2476	0
2477	0
2478	0
2479	0
2480	0
2481	0
2482	0
2483	0
2484	0
2485	0
2486	0
2487	0
2488	0
2489	0
2490	0
2491	0
2492	0
2493	0
2494	0
2495	0
2496	0
2497	0
2498	0
2499	0
2500	0
2501	0
2502	0
2503	0
2504	0
2505	0
2506	0
2507	0
2508	0
2509	0
2510	0
2511	0
2512	0
2513	0
2514	0
2515	0
2516	0
2517	0
2518	0
2519	0
2520	0
2521	0
2522	0
2523	0
2524	0
2525	0
2526	0
2527	0
2528	0
2529	0
2530	0
2531	0
2532	0
2533	0
2534	0
2535	0
2536	0
2537	0
2538	0
2539	0
2540	0
2541	0
2542	0
2543	0
2544	0
2545	0
2546	0
2547	0
2548	0
2549	0
2550	0
2551	0
2552	0
2553	0
2554	0
2555	0
2556	0
2557	0
2558	0
2559	0
2560	0
2561	0
2562	0
2563	0
2564	0
2565	0
2566	0
2567	0
2568	0
2569	0
2570	0
2571	0
2572	0
2573	0
2574	0
2575	0
2576	0
2577	0
2578	0
2579	0
2580	0
2581	0
2582	0
2583	0
2584	0
2585	0
2586	0
2587	0
2588	0
2589	0
2590	0
2591	0
2592	0
2593	0
2594	0
2595	0
2596	0
2597	0
2598	0
2599	0
2600	0
2601	0
2602	0
2603	0
2604	0
2605	0
2606	0
2607	0
2608	0
2609	0
2610	0
2611	0
2612	0
2613	0
2614	0
2615	0
2616	0
2617	0
2618	0
2619	0
2620	0
2621	0
2622	0
2623	0
2624	0
2625	0
2626	0
2627	0
2628	0
2629	0
2630	0
2631	0
2632	0
2633	0
2634	0
2635	0
2636	0
2637	0
2638	0
2639	0
2640	0
2641	0
2642	0
2643	0
2644	0
2645	0
2646	0
2647	0
2648	0
2649	0
2650	0
2651	0
2652	0
2653	0
2654	0
2655	0
2656	0
2657	0
2658	0
2659	0
2660	0
2661	0
2662	0
2663	0
2664	0
2665	0
2666	0
2667	0
2668	0
2669	0
2670	0
2671	0
2672	0
2673	0
2674	0
2675	0
2676	0
2677	0
2678	0
2679	0
2680	0
2681	0
2682	0
2683	0
2684	0
2685	0
2686	0
2687	0
2688	0
2689	0
2690	0
2691	0
2692	0
2693	0
2694	0
2695	0
2696	0
2697	0
2698	0
2699	0
2700	0
2701	0
2702	0
2703	0
2704	0
2705	0
2706	0
2707	0
2708	0
2709	0
2710	0
2711	0
2712	0
2713	0
2714	0
2715	0
2716	0
2717	0
2718	0
2719	0
2720	0
2721	0
2722	0
2723	0
2724	0
2725	0
2726	0
2727	0
2728	0
2729	0
2730	0
2731	0
2732	0
2733	0
2734	0
2735	0
2736	0
2737	0
2738	0
2739	0
2740	0
2741	0
2742	0
2743	0
2744	0
2745	0
2746	0
2747	0
2748	0
2749	0
2750	0
2751	0
2752	0
2753	0
2754	0
2755	0
2756	0
2757	0
2758	0
2759	0
2760	0
2761	0
2762	0
2763	0
2764	0
2765	0
2766	0
2767	0
2768	0
2769	0
2770	0
2771	0
2772	0
2773	0
2774	0
2775	0
2776	0
2777	0
2778	0
2779	0
2780	0
2781	0
2782	0
2783	0
2784	0
2785	0
2786	0
2787	0
2788	0
2789	0
2790	0
2791	0
2792	0
2793	0
2794	0
2795	0
2796	0
2797	0
2798	0
2799	0
2800	0
2801	0
2802	0
2803	0
2804	0
2805	0
2806	0
2807	0
2808	0
2809	0
2810	0
2811	0
2812	0
2813	0
2814	0
2815	0
2816	0
2817	0
2818	0
2819	0
2820	0
2821	0
2822	0
2823	0
2824	0
2825	0
2826	0
2827	0
2828	0
2829	0
2830	0
2831	0
2832	0
2833	0
2834	0
2835	0
2836	0
2837	0
2838	0
2839	0
2840	0
2841	0
2842	0
2843	0
2844	0
2845	0
2846	0
2847	0
2848	0
2849	0
2850	0
2851	0
2852	0
2853	0
2854	0
2855	0
2856	0
2857	0
2858	0
2859	0
2860	0
2861	0
2862	0
2863	0
2864	0
2865	0
2866	0
2867	0
2868	0
2869	0
2870	0
2871	0
2872	0
2873	0
2874	0
2875	0
2876	0
2877	0
2878	0
2879	0
2880	0
2881	0
2882	0
2883	0
2884	0
2885	0
2886	0
2887	0
2888	0
2889	0
2890	0
2891	0
2892	0
2893	0
2894	0
2895	0
2896	0
2897	0
2898	0
2899	0
2900	0
2901	0
2902	0
2903	0
2904	0
2905	0
2906	0
2907	0
2908	0
2909	0
2910	0
2911	0
2912	0
2913	0
2914	0
2915	0
2916	0
2917	0
2918	0
2919	0
2920	0
2921	0
2922	0
2923	0
2924	0
2925	0
2926	0
2927	0
2928	0
2929	0
2930	0
2931	0
2932	0
2933	0
2934	0
2935	0
2936	0
2937	0
2938	0
2939	0
2940	0
2941	0
2942	0
2943	0
2944	0
2945	0
2946	0
2947	0
2948	0
2949	0
2950	0
2951	0
2952	0
2953	0
2954	0
2955	0
2956	0
2957	0
2958	0
2959	0
2960	0
2961	0
2962	0
2963	0
2964	0
2965	0
2966	0
2967	0
2968	0
2969	0
2970	0
2971	0
2972	0
2973	0
2974	0
2975	0
2976	0
2977	0
2978	0
2979	0
2980	0
2981	0
2982	0
2983	0
2984	0
2985	0
2986	0
2987	0
2988	0
2989	0
2990	0
2991	0
2992	0
2993	0
2994	0
2995	0
2996	0
2997	0
2998	0
2999	0
3000	0
3001	0
3002	0
3003	0
3004	0
3005	0
3006	0
3007	0
3008	0
3009	0
3010	0
3011	0
3012	0
3013	0
3014	0
3015	0
3016	0
3017	0
3018	0
3019	0
3020	0
3021	0
3022	0
3023	0
3024	0
3025	0
3026	0
3027	0
3028	0
3029	0
3030	0
3031	0
3032	0
3033	0
3034	0
3035	0
3036	0
3037	0
3038	0
3039	0
3040	0
3041	0
3042	0
3043	0
3044	0
3045	0
3046	0
3047	0
3048	0
3049	0
3050	0
3051	0
3052	0
3053	0
3054	0
3055	0
3056	0
3057	0
3058	0
3059	0
3060	0
3061	0
3062	0
3063	0
3064	0
3065	0
3066	0
3067	0
3068	0
3069	0
3070	0
3071	0
3072	0
3073	0
3074	0
3075	0
3076	0
3077	0
3078	0
3079	0
3080	0
3081	0
3082	0
3083	0
3084	0
3085	0
3086	0
3087	0
3088	0
3089	0
3090	0
3091	0
3092	0
3093	0
3094	0
3095	0
3096	0
3097	0
3098	0
3099	0
3100	0
3101	0
3102	0
3103	0
3104	0
3105	0
3106	0
3107	0
3108	0
3109	0
3110	0
3111	0
3112	0
3113	0
3114	0
3115	0
3116	0
3117	0
3118	0
3119	0
3120	0
3121	0
3122	0
3123	0
3124	0
3125	0
3126	0
3127	0
3128	0
3129	0
3130	0
3131	0
3132	0
3133	0
3134	0
3135	0
3136	0
3137	0
3138	0
3139	0
3140	0
3141	0
3142	0
3143	0
3144	0
3145	0
3146	0
3147	0
3148	0
3149	0
3150	0
3151	0
3152	0
3153	0
3154	0
3155	0
3156	0
3157	0
3158	0
3159	0
3160	0
3161	0
3162	0
3163	0
3164	0
3165	0
3166	0
3167	0
3168	0
3169	0
3170	0
3171	0
3172	0
3173	0
3174	0
3175	0
3176	0
3177	0
3178	0
3179	0
3180	0
3181	0
3182	0
3183	0
3184	0
3185	0
3186	0
3187	0
3188	0
3189	0
3190	0
3191	0
3192	0
3193	0
3194	0
3195	0
3196	0
3197	0
3198	0
3199	0
3200	0
3201	0
3202	0
3203	0
3204	0
3205	0
3206	0
3207	0
3208	0
3209	0
3210	0
3211	0
3212	0
3213	0
3214	0
3215	0
3216	0
3217	0
3218	0
3219	0
3220	0
3221	0
3222	0
3223	0
3224	0
3225	0
3226	0
3227	0
3228	0
3229	0
3230	0
3231	0
3232	0
3233	0
3234	0
3235	0
3236	0
3237	0
3238	0
3239	0
3240	0
3241	0
3242	0
3243	0
3244	0
3245	0
3246	0
3247	0
3248	0
3249	0
3250	0
3251	0
3252	0
3253	0
3254	0
3255	0
3256	0
3257	0
3258	0
3259	0
3260	0
3261	0
3262	0
3263	0
3264	0
3265	0
3266	0
3267	0
3268	0
3269	0
3270	0
3271	0
3272	0
3273	0
3274	0
3275	0
3276	0
3277	0
3278	0
3279	0
3280	0
3281	0
3282	0
3283	0
3284	0
3285	0
3286	0
3287	0
3288	0
3289	0
3290	0
3291	0
3292	0
3293	0
3294	0
3295	0
3296	0
3297	0
3298	0
3299	0
3300	0
3301	0
3302	0
3303	0
3304	0
3305	0
3306	0
3307	0
3308	0
3309	0
3310	0
3311	0
3312	0
3313	0
3314	0
3315	0
3316	0
3317	0
3318	0
3319	0
3320	0
3321	0
3322	0
3323	0
3324	0
3325	0
3326	0
3327	0
3328	0
3329	0
3330	0
3331	0
3332	0
3333	0
3334	0
3335	0
3336	0
3337	0
3338	0
3339	0
3340	0
3341	1
3342	1
3343	1
3344	1
3345	1
3346	1
3347	1
3348	1
3349	1
3350	1
3351	1
3352	1
3353	1
3354	1
3355	1
3356	1
3357	1
3358	1
3359	1
3360	1
3361	1
3362	1
3363	1
3364	1
3365	1
3366	1
3367	1
3368	1
3369	1
3370	1
3371	1
3372	1
3373	1
3374	1
3375	1
3376	1
3377	1
3378	1
3379	1
3380	1
3381	1
3382	1
3383	1
3384	1
3385	1
3386	1
3387	1
3388	1
3389	1
3390	1
3391	1
3392	1
3393	1
3394	1
3395	1
3396	1
3397	1
3398	1
3399	1
3400	1
3401	1
3402	1
3403	1
3404	1
3405	1
3406	1
3407	1
3408	1
3409	1
3410	1
3411	1
3412	1
3413	1
3414	1
3415	1
3416	1
3417	1
3418	1
3419	1
3420	1
3421	1
3422	1
3423	1
3424	1
3425	1
3426	1
3427	1
3428	1
3429	1
3430	1
3431	1
3432	1
3433	1
3434	1
3435	1
3436	1
3437	1
3438	1
3439	1
3440	1
3441	1
3442	1
3443	1
3444	1
3445	1
3446	1
3447	1
3448	1
3449	1
3450	1
3451	1
3452	1
3453	1
3454	1
3455	1
3456	1
3457	1
3458	1
3459	1
3460	1
3461	1
3462	1
3463	1
3464	1
3465	1
3466	1
3467	1
3468	1
3469	1
3470	1
3471	1
3472	1
3473	1
3474	1
3475	1
3476	1
3477	1
3478	1
3479	1
3480	1
3481	1
3482	1
3483	1
3484	1
3485	1
3486	1
3487	1
3488	1
3489	1
3490	1
3491	1
3492	1
3493	1
3494	1
3495	1
3496	1
3497	1
3498	1
3499	1
3500	1
3501	1
3502	1
3503	1
3504	1
3505	1
3506	1
3507	1
3508	1
3509	1
3510	1
3511	1
3512	1
3513	1
3514	1
3515	1
3516	1
3517	1
3518	1
3519	1
3520	1
3521	1
3522	1
3523	1
3524	1
3525	1
3526	1
3527	1
3528	1
3529	1
3530	1
3531	1
3532	1
3533	1
3534	1
3535	1
3536	1
3537	1
3538	1
3539	1
3540	1
3541	1
3542	1
3543	1
3544	1
3545	1
3546	1
3547	1
3548	1
3549	1
3550	1
3551	1
3552	1
3553	1
3554	1
3555	1
3556	1
3557	1
3558	1
3559	1
3560	1
3561	1
3562	1
3563	1
3564	1
3565	1
3566	1
3567	1
3568	1
3569	1
3570	1
3571	1
3572	1
3573	1
3574	1
3575	1
3576	1
3577	1
3578	1
3579	1
3580	1
3581	1
3582	1
3583	1
3584	1
3585	1
3586	1
3587	1
3588	1
3589	1
3590	1
3591	1
3592	1
3593	1
3594	1
3595	1
3596	1
3597	1
3598	1
3599	1
3600	1
3601	1
3602	1
3603	1
3604	1
3605	1
3606	1
3607	1
3608	1
3609	1
3610	1
3611	1
3612	1
3613	1
3614	1
3615	1
3616	1
3617	1
3618	1
3619	1
3620	1
3621	1
3622	1
3623	1
3624	1
3625	1
3626	1
3627	1
3628	1
3629	1
3630	1
3631	1
3632	1
3633	1
3634	1
3635	1
3636	1
3637	1
3638	1
3639	1
3640	1
3641	1
3642	1
3643	1
3644	1
3645	1
3646	1
3647	1
3648	1
3649	1
3650	1
3651	1
3652	1
3653	1
3654	1
3655	1
3656	1
3657	1
3658	1
3659	1
3660	1
3661	1
3662	1
3663	1
3664	1
3665	1
3666	1
3667	1
3668	1
3669	1
3670	1
3671	1
3672	1
3673	1
3674	1
3675	1
3676	1
3677	1
3678	1
3679	1
3680	1
3681	1
3682	1
3683	1
3684	1
3685	1
3686	1
3687	1
3688	1
3689	1
3690	1
3691	1
3692	1
3693	1
3694	1
3695	1
3696	1
3697	1
3698	1
3699	1
3700	1
3701	1
3702	1
3703	1
3704	1
3705	1
3706	1
3707	1
3708	1
3709	1
3710	1
3711	1
3712	1
3713	1
3714	1
3715	1
3716	1
3717	1
3718	1
3719	1
3720	1
3721	1
3722	1
3723	1
3724	1
3725	1
3726	1
3727	1
3728	1
3729	1
3730	1
3731	1
3732	1
3733	1
3734	1
3735	1
3736	1
3737	1
3738	1
3739	1
3740	1
3741	1
3742	1
3743	1
3744	1
3745	1
3746	1
3747	1
3748	1
3749	1
3750	1
3751	1
3752	1
3753	1
3754	1
3755	1
3756	1
3757	1
3758	1
3759	1
3760	1
3761	1
3762	1
3763	1
3764	1
3765	1
3766	1
3767	1
3768	1
3769	1
3770	1
3771	1
3772	1
3773	1
3774	1
3775	1
3776	1
3777	1
3778	1
3779	1
3780	1
3781	1
3782	1
3783	1
3784	1
3785	1
3786	1
3787	1
3788	1
3789	1
3790	1
3791	1
3792	1
3793	1
3794	1
3795	1
3796	1
3797	1
3798	1
3799	1
3800	1
3801	1
3802	1
3803	1
3804	1
3805	1
3806	1
3807	1
3808	1
3809	1
3810	1
3811	1
3812	1
3813	1
3814	1
3815	1
3816	1
3817	1
3818	1
3819	1
3820	1
3821	1
3822	1
3823	1
3824	1
3825	1
3826	1
3827	1
3828	1
3829	1
3830	1
3831	1
3832	1
3833	1
3834	1
3835	1
3836	1
3837	1
3838	1
3839	1
3840	1
3841	1
3842	1
3843	1
3844	1
3845	1
3846	1
3847	1
3848	1
3849	1
3850	1
3851	1
3852	1
3853	1
3854	1
3855	1
3856	1
3857	1
3858	1
3859	1
3860	1
3861	1
3862	1
3863	1
3864	1
3865	1
3866	1
3867	1
3868	1
3869	1
3870	1
3871	1
3872	1
3873	1
3874	1
3875	1
3876	1
3877	1
3878	1
3879	1
3880	1
3881	1
3882	1
3883	1
3884	1
3885	1
3886	1
3887	1
3888	1
3889	1
3890	1
3891	1
3892	1
3893	1
3894	1
3895	1
3896	1
3897	1
3898	1
3899	1
3900	1
3901	1
3902	1
3903	1
3904	1
3905	1
3906	1
3907	1
3908	1
3909	1
3910	1
3911	1
3912	1
3913	1
3914	1
3915	1
3916	1
3917	1
3918	1
3919	1
3920	1
3921	1
3922	1
3923	1
3924	1
3925	1
3926	1
3927	1
3928	1
3929	1
3930	1
3931	1
3932	1
3933	1
3934	1
3935	1
3936	1
3937	1
3938	1
3939	1
3940	1
3941	1
3942	1
3943	1
3944	1
3945	1
3946	1
3947	1
3948	1
3949	1
3950	1
3951	1
3952	2
3953	2
3954	2
3955	2
3956	2
3957	2
3958	2
3959	2
3960	2
3961	2
3962	2
3963	2
3964	2
3965	2
3966	2
3967	2
3968	2
3969	2
3970	2
3971	2
3972	2
3973	2
3974	2
3975	2
3976	2
3977	2
3978	2
3979	2
3980	2
3981	2
3982	2
3983	2
3984	2
3985	2
3986	2
3987	2
3988	2
3989	2
3990	2
3991	2
3992	2
3993	2
3994	2
3995	2
3996	2
3997	2
3998	2
3999	2
4000	2
4001	2
4002	2
4003	2
4004	2
4005	2
4006	2
4007	2
4008	2
4009	2
4010	2
4011	2
4012	2
4013	2
4014	2
4015	2
4016	2
4017	2
4018	2
4019	2
4020	2
4021	2
4022	2
4023	2
4024	2
4025	2
4026	2
4027	2
4028	2
4029	2
4030	2
4031	2
4032	2
4033	2
4034	2
4035	2
4036	2
4037	2
4038	2
4039	2
4040	2
4041	2
4042	2
4043	2
4044	2
4045	2
4046	2
4047	2
4048	2
4049	2
4050	3
4051	3
4052	3
4053	3
4054	3
4055	3
4056	3
4057	3
4058	3
4059	3
4060	3
4061	3
4062	3
4063	3
4064	3
4065	3
4066	3
4067	3
4068	3
4069	3
4070	3
4071	3
4072	3
4073	3
4074	3
4075	3
4076	3
4077	3
4078	3
4079	3
4080	3
4081	3
4082	3
4083	3
4084	3
4085	3
4086	3
4087	3
4088	3
4089	3
4090	3
4091	3
4092	3
4093	3
4094	3
4095	3
4096	3
4097	3
4098	3
4099	3
4100	3
4101	3
4102	3
4103	3
4104	3
4105	3
4106	3
4107	3
4108	3
4109	3
4110	3
4111	3
4112	3
4113	3
4114	3
4115	3
4116	3
4117	3
4118	3
4119	3
4120	3
4121	3
4122	3
4123	3
4124	3
4125	3
4126	3
4127	3
4128	3
4129	3
4130	3
4131	3
4132	3
4133	3
4134	3
4135	3
4136	3
4137	3
4138	3
4139	3
4140	3
4141	3
4142	3
4143	3
4144	3
4145	3
4146	3
4147	3
4148	3
4149	3
4150	3
4151	3
4152	3
4153	3
4154	3
4155	3
4156	3
4157	3
4158	3
4159	4
4160	4
4161	4
4162	4
4163	4
4164	4
4165	4
4166	4
4167	4
4168	4
4169	4
4170	4
4171	4
4172	4
4173	4
4174	4
4175	4
4176	4
4177	4
4178	4
4179	4
4180	4
4181	4
4182	4
4183	4
4184	4
4185	4
4186	4
4187	4
4188	4
4189	4
4190	4
4191	4
4192	4
4193	4
4194	4
4195	4
4196	4
4197	4
4198	4
4199	4
4200	4
4201	4
4202	4
4203	4
4204	4
4205	4
4206	4
4207	4
4208	4
4209	4
4210	4
4211	4
4212	4
4213	4
4214	4
4215	4
4216	4
4217	4
4218	4
4219	4
4220	4
4221	4
4222	4
4223	4
4224	4
4225	4
4226	4
4227	4
4228	4
4229	4
4230	4
4231	4
4232	4
4233	4
4234	4
4235	4
4236	4
4237	4
4238	4
4239	4
4240	4
4241	4
4242	4
4243	4
4244	4
4245	4
4246	4
4247	4
4248	4
4249	4
4250	4
4251	4
4252	4
4253	4
4254	4
4255	4
4256	4
4257	4
4258	4
4259	4
4260	4
4261	4
4262	4
4263	4
4264	4
4265	4
4266	4
4267	4
4268	4
4269	4
4270	4
4271	4
4272	4
4273	4
4274	4
4275	4
4276	4
4277	4
4278	4
4279	4
4280	4
4281	4
4282	4
4283	4
4284	4
4285	4
4286	4
4287	4
4288	4
4289	4
4290	4
4291	4
4292	4
4293	4
4294	4
4295	4
4296	4
4297	4
4298	4
4299	4
4300	4
4301	4
4302	4
4303	4
4304	4
4305	4
4306	4
4307	4
4308	4
4309	4
4310	4
4311	4
4312	4
4313	4
4314	4
4315	4
4316	4
4317	4
4318	4
4319	4
4320	4
4321	4
4322	4
4323	4
4324	4
4325	4
4326	4
4327	4
4328	4
4329	4
4330	4
4331	4
4332	4
4333	4
4334	4
4335	4
4336	4
4337	4
4338	4
4339	4
4340	4
4341	4
4342	4
4343	4
4344	4
4345	4
4346	4
4347	4
4348	4
4349	4
4350	4
4351	4
4352	4
4353	4
4354	4
4355	4
4356	4
4357	4
4358	4
4359	4
4360	4
4361	4
4362	4
4363	4
4364	4
4365	4
4366	4
4367	4
4368	4
4369	4
4370	4
4371	4
4372	4
4373	4
4374	4
4375	4
4376	4
4377	4
4378	4
4379	4
4380	4
4381	4
4382	4
4383	4
4384	4
4385	4
4386	4
4387	4
4388	4
4389	4
4390	4
4391	4
4392	4
4393	4
4394	4
4395	4
4396	4
4397	4
4398	4
4399	4
4400	4
4401	4
4402	4
4403	4
4404	4
4405	4
4406	4
4407	4
4408	4
4409	4
4410	4
4411	4
4412	4
4413	4
4414	4
4415	4
4416	4
4417	4
4418	4
4419	4
4420	4
4421	4
4422	4
4423	4
4424	4
4425	4
4426	4
4427	4
4428	4
4429	4
4430	4
4431	4
4432	4
4433	4
4434	4
4435	4
4436	4
4437	4
4438	4
4439	4
4440	4
4441	4
4442	4
4443	4
4444	4
4445	4
4446	4
4447	4
4448	4
4449	4
4450	4
4451	4
4452	4
4453	4
4454	4
4455	4
4456	4
4457	4
4458	4
4459	4
4460	4
4461	4
4462	4
4463	4
4464	4
4465	4
4466	4
4467	4
4468	4
4469	4
4470	4
4471	4
4472	4
4473	4
4474	4
4475	4
4476	4
4477	4
4478	4
4479	4
4480	4
4481	4
4482	4
4483	4
4484	4
4485	4
4486	4
4487	4
4488	4
4489	4
4490	4
4491	4
4492	4
4493	4
4494	4
4495	4
4496	4
4497	4
4498	4
4499	4
4500	4
4501	4
4502	4
4503	4
4504	4
4505	4
4506	4
4507	4
4508	4
4509	4
4510	4
4511	4
4512	5
4513	5
4514	5
4515	5
4516	5
4517	5
4518	5
4519	5
4520	5
4521	5
4522	5
4523	5
4524	5
4525	5
4526	5
4527	5
4528	5
4529	5
4530	5
4531	5
4532	5
4533	5
4534	5
4535	5
4536	5
4537	5
4538	5
4539	5
4540	5
4541	5
4542	5
4543	5
4544	5
4545	5
4546	5
4547	5
4548	5
4549	5
4550	5
4551	5
4552	5
4553	5
4554	5
4555	5
4556	5
4557	5
4558	5
4559	5
4560	5
4561	5
4562	5
4563	5
4564	5
4565	5
4566	5
4567	5
4568	5
4569	5
4570	5
4571	5
4572	5
4573	5
4574	5
4575	5
4576	5
4577	5
4578	5
4579	5
4580	5
4581	5
4582	5
4583	5
4584	5
4585	6
4586	6
4587	6
4588	6
4589	6
4590	6
4591	6
4592	6
4593	6
4594	6
4595	6
4596	6
4597	6
4598	6
4599	6
4600	6
4601	6
4602	6
4603	6
4604	6
4605	6
4606	6
4607	6
4608	6
4609	6
4610	6
4611	6
4612	6
4613	6
4614	6
4615	6
4616	6
4617	6
4618	6
4619	6
4620	6
4621	6
4622	6
4623	6
4624	6
4625	6
4626	6
4627	6
4628	6
4629	6
4630	6
4631	6
4632	6
4633	6
4634	6
4635	6
4636	6
4637	6
4638	6
4639	6
4640	6
4641	6
4642	6
4643	6
4644	6
4645	6
4646	6
4647	6
4648	6
4649	6
4650	6
4651	6
4652	6
4653	6
4654	6
4655	6
4656	6
4657	6
4658	6
4659	6
4660	6
4661	6
4662	6
4663	6
4664	6
4665	6
4666	6
4667	6
4668	6
4669	6
4670	6
4671	6
4672	6
4673	6
4674	6
4675	6
4676	6
4677	6
4678	6
4679	6
4680	6
4681	6
4682	6
4683	6
4684	6
4685	6
4686	6
4687	6
4688	6
4689	6
4690	6
4691	6
4692	6
4693	6
4694	6
4695	6
4696	6
4697	6
4698	6
4699	6
4700	6
4701	6
4702	6
4703	6
4704	6
4705	6
4706	6
4707	6
4708	6
4709	6
4710	6
4711	6
4712	6
4713	6
4714	6
4715	6
4716	6
4717	6
4718	6
4719	6
4720	6
4721	6
4722	6
4723	6
4724	6
4725	6
4726	6
4727	6
4728	6
4729	6
4730	6
4731	6
4732	6
4733	6
4734	6
4735	6
4736	6
4737	6
4738	6
4739	6
4740	6
4741	6
4742	6
4743	6
4744	6
4745	6
4746	6
4747	6
4748	6
4749	6
4750	6
4751	6
4752	6
4753	6
4754	6
4755	6
4756	6
4757	6
4758	6
4759	6
4760	6
4761	6
4762	6
4763	6
4764	6
4765	6
4766	6
4767	6
4768	6
4769	6
4770	6
4771	6
4772	6
4773	6
4774	6
4775	6
4776	6
4777	6
4778	6
4779	6
4780	6
4781	6
4782	6
4783	6
4784	6
4785	6
4786	6
4787	6
4788	6
4789	6
4790	6
4791	6
4792	6
4793	6
4794	6
4795	6
4796	6
4797	6
4798	6
4799	6
4800	6
4801	6
4802	6
4803	6
4804	6
4805	6
4806	6
4807	6
4808	6
4809	6
4810	6
4811	6
4812	6
4813	6
4814	6
4815	6
4816	6
4817	6
4818	6
4819	6
4820	6
4821	6
4822	6
4823	6
4824	6
4825	6
4826	6
4827	6
4828	6
4829	6
4830	6
4831	6
4832	6
4833	6
4834	6
4835	6
4836	6
4837	6
4838	6
4839	6
4840	6
4841	6
4842	6
4843	6
4844	6
4845	7
4846	7
4847	7
4848	7
4849	7
4850	7
4851	7
4852	7
4853	7
4854	7
4855	7
4856	7
4857	7
4858	7
4859	7
4860	7
4861	7
4862	7
4863	7
4864	7
4865	7
4866	7
4867	7
4868	7
4869	7
4870	7
4871	7
4872	7
4873	7
4874	7
4875	7
4876	7
4877	7
4878	7
4879	7
4880	7
4881	7
4882	7
4883	7
4884	7
4885	8
4886	8
4887	8
4888	8
4889	8
4890	8
4891	8
4892	8
4893	8
4894	8
4895	8
4896	8
4897	8
4898	8
4899	8
4900	8
4901	8
4902	8
4903	8
4904	8
4905	8
4906	8
4907	8
4908	8
4909	8
4910	8
4911	8
4912	8
4913	8
4914	8
4915	8
4916	8
4917	8
4918	8
4919	8
4920	8
4921	8
4922	8
4923	8
4924	8
4925	8
4926	8
4927	8
4928	8
4929	8
4930	8
4931	8
4932	8
4933	8
4934	8
4935	8
4936	8
4937	8
4938	8
4939	8
4940	8
4941	8
4942	8
4943	8
4944	8
4945	8
4946	8
4947	8
4948	8
4949	8
4950	8
4951	8
4952	8
4953	8
4954	8
4955	8
4956	8
4957	8
4958	8
4959	8
4960	8
4961	8
4962	8
4963	8
4964	8
4965	8
4966	8
4967	8
4968	8
4969	8
4970	8
4971	8
4972	8
4973	8
4974	8
4975	8
4976	8
4977	8
4978	8
4979	8
4980	8
4981	8
4982	8
4983	8
4984	8
4985	8
4986	8
4987	8
4988	8
4989	8
4990	8
4991	8
4992	8
4993	8
4994	8
4995	8
4996	8
4997	8
4998	8
4999	8
5000	8
5001	8
5002	8
5003	8
5004	8
5005	8
5006	8
5007	8
5008	8
5009	8
5010	8
5011	8
5012	8
5013	8
5014	8
5015	8
5016	8
5017	8
5018	8
5019	8
5020	8
5021	8
5022	8
5023	8
5024	8
5025	8
5026	8
5027	8
5028	8
5029	8
5030	8
5031	8
5032	8
5033	8
5034	8
5035	8
5036	8
5037	8
5038	8
5039	8
5040	8
5041	8
5042	8
5043	9
5044	9
5045	9
5046	9
5047	9
5048	9
5049	9
5050	9
5051	9
5052	9
5053	9
5054	9
5055	9
5056	9
5057	9
5058	9
5059	9
5060	9
5061	9
5062	9
5063	9
5064	9
5065	9
5066	9
5067	9
5068	9
5069	9
5070	9
5071	9
5072	9
5073	9
5074	9
5075	9
5076	9
5077	9
5078	9
5079	9
5080	9
5081	9
5082	9
5083	9
5084	9
5085	9
5086	9
5087	9
5088	9
5089	9
5090	9
5091	9
5092	9
5093	9
5094	9
5095	9
5096	9
5097	9
5098	9
5099	9
5100	9
5101	9
5102	9
5103	9
5104	9
5105	9
5106	9
5107	9
5108	9
5109	9
5110	9
5111	9
5112	9
5113	9
5114	9
5115	9
5116	9
5117	9
5118	9
5119	9
5120	9
5121	9
5122	9
5123	9
5124	9
5125	9
5126	9
5127	9
5128	9
5129	9
5130	9
5131	9
5132	9
5133	9
5134	9
5135	9
5136	9
5137	9
5138	9
5139	9
5140	9
5141	9
5142	9
5143	9
5144	9
5145	9
5146	9
5147	9
5148	9
5149	9
5150	9
5151	9
5152	9
5153	9
5154	9
5155	9
5156	9
5157	9
5158	9
5159	9
5160	9
5161	9
5162	9
5163	9
5164	9
5165	9
5166	9
5167	9
5168	9
5169	9
5170	9
5171	9
5172	9
5173	9
5174	9
5175	9
5176	9
5177	9
5178	9
5179	9
5180	9
5181	9
5182	9
5183	9
5184	9
5185	9
5186	9
5187	9
5188	9
5189	9
5190	9
5191	9
5192	9
5193	9
5194	9
5195	9
5196	9
5197	9
5198	9
5199	9
5200	9
5201	9
5202	9
5203	9
5204	9
5205	9
5206	9
5207	9
5208	9
5209	9
5210	9
5211	9
5212	9
5213	9
5214	9
5215	9
5216	9
5217	9
5218	9
5219	9
5220	9
5221	9
5222	9
5223	9
5224	9
5225	9
5226	9
5227	9
5228	9
5229	9
5230	9
5231	9
5232	9
5233	9
5234	9
5235	9
5236	9
5237	9
5238	9
5239	9
5240	9
5241	9
5242	9
5243	9
5244	9
5245	9
5246	9
5247	9
5248	9
5249	9
5250	9
5251	9
5252	9
5253	9
5254	9
5255	9
5256	9
5257	9
5258	9
5259	9
5260	9
5261	9
5262	9
5263	9
5264	9
5265	9
5266	9
5267	9
5268	9
5269	9
5270	9
5271	9
5272	9
5273	9
5274	9
5275	9
5276	9
5277	9
5278	9
5279	9
5280	9
5281	9
5282	9
5283	9
5284	9
5285	9
5286	9
5287	9
5288	9
5289	9
5290	9
5291	9
5292	9
5293	9
5294	9
5295	9
5296	9
5297	9
5298	9
5299	9
5300	9
5301	9
5302	9
5303	9
5304	9
5305	9
5306	9
5307	9
5308	9
5309	9
5310	9
5311	9
5312	9
5313	9
5314	9
5315	9
5316	9
5317	9
5318	9
5319	9
5320	9
5321	9
5322	9
5323	9
5324	9
5325	9
5326	9
5327	9
5328	9
5329	9
5330	9
5331	9
5332	9
5333	9
5334	9
5335	9
5336	9
5337	9
5338	9
5339	9
5340	9
5341	9
5342	9
5343	9
5344	9
5345	9
5346	9
5347	9
5348	9
5349	9
5350	9
5351	9
5352	9
5353	9
5354	9
5355	9
5356	9
5357	9
5358	9
5359	9
5360	9
5361	9
5362	9
5363	9
5364	9
5365	9
5366	9
5367	9
5368	9
5369	9
5370	9
5371	9
5372	9
5373	9
5374	9
5375	9
5376	9
5377	9
5378	9
5379	9
5380	9
5381	9
5382	9
5383	9
5384	9
5385	9
5386	9
5387	9
5388	9
5389	9
5390	9
5391	9
5392	9
5393	9
5394	10
5395	10
5396	10
5397	10
5398	10
5399	10
5400	10
5401	10
5402	10
5403	10
5404	10
5405	10
5406	10
5407	10
5408	10
5409	10
5410	10
5411	10
5412	10
5413	10
5414	10
5415	10
5416	10
5417	10
5418	10
5419	10
5420	10
5421	10
5422	10
5423	10
5424	10
5425	10
5426	10
5427	10
5428	10
5429	10
5430	10
5431	10
5432	10
5433	10
5434	10
5435	10
5436	10
5437	10
5438	10
5439	10
5440	10
5441	10
5442	10
5443	10
5444	10
5445	10
5446	10
5447	10
5448	10
5449	10
5450	10
5451	10
5452	10
5453	10
5454	10
5455	10
5456	10
5457	10
5458	10
5459	10
5460	10
5461	10
5462	10
5463	10
5464	10
5465	10
5466	10
5467	10
5468	10
5469	10
5470	10
5471	10
5472	10
5473	10
5474	10
5475	10
5476	10
5477	10
5478	10
5479	10
5480	10
5481	10
5482	10
5483	10
5484	10
5485	10
5486	10
5487	10
5488	10
5489	10
5490	10
5491	10
5492	10
5493	10
5494	10
5495	10
5496	10
5497	10
5498	10
5499	10
5500	10
5501	10
5502	10
5503	11
5504	11
5505	11
5506	11
5507	11
5508	11
5509	11
5510	11
5511	11
5512	11
5513	11
5514	11
5515	11
5516	11
5517	11
5518	11
5519	11
5520	11
5521	11
5522	11
5523	11
5524	11
5525	11
5526	11
5527	11
5528	11
5529	11
5530	11
5531	11
5532	11
5533	11
5534	11
5535	11
5536	11
5537	11
5538	11
5539	11
5540	11
5541	11
5542	11
5543	11
5544	11
5545	11
5546	11
5547	11
5548	11
5549	11
5550	12
5551	12
5552	12
5553	12
5554	12
5555	12
5556	12
5557	12
5558	12
5559	12
5560	12
5561	12
5562	12
5563	12
5564	12
5565	12
5566	12
5567	12
5568	12
5569	12
5570	12
5571	12
5572	12
5573	12
5574	12
5575	12
5576	12
5577	12
5578	12
5579	12
5580	12
5581	12
5582	12
5583	12
5584	12
5585	12
5586	12
5587	12
5588	12
5589	12
5590	12
5591	12
5592	12
5593	12
5594	12
5595	12
5596	12
5597	12
5598	12
5599	12
5600	12
5601	12
5602	12
5603	12
5604	12
5605	12
5606	12
5607	12
5608	12
5609	12
5610	12
5611	12
5612	12
5613	12
5614	12
5615	12
5616	12
5617	12
5618	12
5619	12
5620	12
5621	12
5622	12
5623	12
5624	12
5625	12
5626	12
5627	12
5628	12
5629	12
5630	12
5631	12
5632	12
5633	12
5634	12
5635	12
5636	12
5637	12
5638	12
5639	12
5640	12
5641	12
5642	12
5643	12
5644	12
5645	12
5646	12
5647	12
5648	12
5649	12
5650	12
5651	12
5652	12
5653	12
5654	12
5655	12
5656	12
5657	12
5658	12
5659	12
5660	12
5661	12
5662	12
5663	12
5664	12
5665	12
5666	12
5667	12
5668	12
5669	12
5670	12
5671	12
5672	12
5673	12
5674	12
5675	12
5676	12
5677	12
5678	12
5679	12
5680	12
5681	12
5682	12
5683	12
5684	12
5685	12
5686	12
5687	12
5688	12
5689	12
5690	12
5691	12
5692	12
5693	12
5694	12
5695	12
5696	12
5697	12
5698	12
5699	12
5700	12
5701	12
5702	12
5703	12
5704	12
5705	12
5706	12
5707	12
5708	12
5709	12
5710	12
5711	12
5712	12
5713	12
5714	12
5715	12
5716	12
5717	12
5718	12
5719	12
5720	12
5721	12
5722	12
5723	12
5724	12
5725	12
5726	12
5727	12
5728	12
5729	12
5730	12
5731	12
5732	12
5733	12
5734	12
5735	12
5736	12
5737	12
5738	12
5739	12
5740	12
5741	12
5742	12
5743	12
5744	12
5745	12
5746	12
5747	12
5748	12
5749	12
5750	12
5751	12
5752	12
5753	12
5754	12
5755	12
5756	12
5757	12
5758	12
5759	12
5760	12
5761	12
5762	12
5763	12
5764	12
5765	12
5766	12
5767	12
5768	12
5769	12
5770	12
5771	12
5772	12
5773	12
5774	12
5775	12
5776	12
5777	12
5778	12
5779	12
5780	12
5781	12
5782	12
5783	12
5784	12
5785	12
5786	12
5787	12
5788	12
5789	12
5790	12
5791	12
5792	12
5793	12
5794	12
5795	12
5796	12
5797	12
5798	12
5799	12
5800	12
5801	12
5802	12
5803	12
5804	12
5805	12
5806	12
5807	12
5808	12
5809	12
5810	12
5811	12
5812	12
5813	12
5814	12
5815	12
5816	12
5817	12
5818	12
5819	12
5820	12
5821	12
5822	12
5823	12
5824	12
5825	12
5826	12
5827	12
5828	12
5829	12
5830	12
5831	12
5832	12
5833	12
5834	12
5835	12
5836	12
5837	12
5838	12
5839	12
5840	12
5841	12
5842	12
5843	12
5844	12
5845	12
5846	12
5847	12
5848	12
5849	12
5850	12
5851	12
5852	12
5853	12
5854	12
5855	12
5856	12
5857	12
5858	12
5859	12
5860	12
5861	12
5862	12
5863	12
5864	12
5865	12
5866	12
5867	12
5868	12
5869	12
5870	12
5871	12
5872	12
5873	12
5874	12
5875	12
5876	12
5877	12
5878	12
5879	12
5880	12
5881	12
5882	12
5883	12
5884	12
5885	12
5886	12
5887	12
5888	12
5889	12
5890	12
5891	12
5892	12
5893	12
5894	12
5895	12
5896	12
5897	12
5898	12
5899	12
5900	12
5901	12
5902	12
5903	12
5904	12
5905	12
5906	12
5907	12
5908	12
5909	12
5910	12
5911	12
5912	12
5913	12
5914	12
5915	12
5916	12
5917	12
5918	12
5919	12
5920	12
5921	12
5922	12
5923	12
5924	12
5925	12
5926	12
5927	12
5928	12
5929	12
5930	12
5931	12
5932	12
5933	12
5934	12
5935	12
5936	12
5937	12
5938	12
5939	12
5940	12
5941	12
5942	12
5943	12
5944	12
5945	12
5946	12
5947	12
5948	12
5949	12
5950	12
5951	12
5952	12
5953	12
5954	12
5955	12
5956	12
5957	12
5958	12
5959	12
5960	12
5961	12
5962	12
5963	12
5964	12
5965	12
5966	12
5967	12
5968	12
5969	12
5970	12
5971	12
5972	12
5973	12
5974	12
5975	12
5976	12
5977	12
5978	12
5979	12
5980	12
5981	12
5982	12
5983	12
5984	12
5985	12
5986	12
5987	12
5988	12
5989	12
5990	12
5991	12
5992	12
5993	12
5994	12
5995	12
5996	12
5997	12
5998	12
5999	12
6000	12
6001	12
6002	12
6003	12
6004	12
6005	12
6006	12
6007	12
6008	12
6009	12
6010	12
6011	12
6012	12
6013	12
6014	12
6015	12
6016	12
6017	12
6018	12
6019	12
6020	12
6021	12
6022	12
6023	12
6024	12
6025	12
6026	12
6027	12
6028	12
6029	12
6030	12
6031	12
6032	12
6033	12
6034	12
6035	12
6036	12
6037	12
6038	12
6039	12
6040	12
6041	12
6042	12
6043	12
6044	12
6045	12
6046	12
6047	12
6048	12
6049	12
6050	12
6051	12
6052	12
6053	12
6054	12
6055	12
6056	12
6057	12
6058	12
6059	12
6060	12
6061	12
6062	12
6063	12
6064	12
6065	12
6066	12
6067	12
6068	12
6069	12
6070	12
6071	12
6072	12
6073	12
6074	12
6075	12
6076	12
6077	12
6078	12
6079	12
6080	12
6081	12
6082	12
6083	12
6084	12
6085	12
6086	12
6087	12
6088	12
6089	12
6090	12
6091	12
6092	12
6093	12
6094	12
6095	12
6096	12
6097	12
6098	12
6099	12
6100	12
6101	12
6102	12
6103	12
6104	12
6105	12
6106	12
6107	12
6108	12
6109	12
6110	12
6111	12
6112	12
6113	12
6114	12
6115	12
6116	12
6117	12
6118	12
6119	12
6120	12
6121	12
6122	12
6123	12
6124	12
6125	12
6126	12
6127	12
6128	12
6129	12
6130	12
6131	12
6132	12
6133	12
6134	12
6135	12
6136	12
6137	12
6138	12
6139	12
6140	12
6141	12
6142	12
6143	12
6144	12
6145	12
6146	12
6147	12
6148	12
6149	12
6150	12
6151	12
6152	12
6153	12
6154	12
6155	12
6156	12
6157	12
6158	12
6159	12
6160	12
6161	12
6162	12
6163	12
6164	12
6165	12
6166	12
6167	12
6168	12
6169	12
6170	12
6171	12
6172	12
6173	12
6174	12
6175	12
6176	12
6177	12
6178	12
6179	12
6180	12
6181	12
6182	12
6183	12
6184	12
6185	12
6186	12
6187	12
6188	12
6189	12
6190	12
6191	12
6192	12
6193	12
6194	12
6195	12
6196	12
6197	12
6198	12
6199	12
6200	12
6201	12
6202	12
6203	12
6204	12
6205	12
6206	12
6207	12
6208	12
6209	12
6210	12
6211	12
6212	12
6213	12
6214	12
6215	12
6216	12
6217	12
6218	12
6219	12
6220	12
6221	12
6222	12
6223	12
6224	12
6225	12
6226	12
6227	12
6228	12
6229	13
6230	13
6231	13
6232	13
6233	13
6234	13
6235	13
6236	13
6237	13
6238	13
6239	13
6240	13
6241	13
6242	13
6243	13
6244	13
6245	13
6246	13
6247	13
6248	13
6249	13
6250	13
6251	13
6252	13
6253	13
6254	13
6255	13
6256	13
6257	13
6258	13
6259	13
6260	13
6261	13
6262	13
6263	13
6264	13
6265	13
6266	13
6267	13
6268	13
6269	13
6270	13
6271	13
6272	13
6273	13
6274	13
6275	13
6276	13
6277	14
6278	14
6279	14
6280	14
6281	14
6282	14
6283	14
6284	14
6285	14
6286	14
6287	14
6288	14
6289	14
6290	14
6291	14
6292	14
6293	14
6294	14
6295	14
6296	14
6297	14
6298	14
6299	14
6300	14
6301	14
6302	14
6303	14
6304	14
6305	14
6306	14
6307	14
6308	14
6309	14
6310	14
6311	14
6312	14
6313	14
6314	14
6315	14
6316	14
6317	14
6318	14
6319	14
6320	14
6321	14
6322	14
6323	14
6324	14
6325	14
6326	14
6327	14
6328	14
6329	14
6330	14
6331	14
6332	14
6333	14
6334	14
6335	14
6336	14
6337	14
6338	14
6339	14
6340	14
6341	14
6342	14
6343	14
6344	14
6345	14
6346	14
6347	14
6348	14
6349	14
6350	14
6351	14
6352	14
6353	15
6354	15
6355	15
6356	15
6357	15
6358	15
6359	15
6360	15
6361	15
6362	15
6363	15
6364	15
6365	15
6366	15
6367	15
6368	15
6369	15
6370	15
6371	15
6372	15
6373	15
6374	15
6375	15
6376	15
6377	15
6378	15
6379	15
6380	15
6381	15
6382	15
6383	15
6384	15
6385	15
6386	15
6387	15
6388	15
6389	15
6390	15
6391	15
6392	15
6393	15
6394	15
6395	15
6396	15
6397	15
6398	15
6399	15
6400	15
6401	15
6402	15
6403	15
6404	15
6405	15
6406	15
6407	15
6408	15
6409	15
6410	15
6411	15
6412	15
6413	15
6414	15
6415	15
6416	15
6417	15
6418	15
6419	15
6420	15
6421	15
6422	15
6423	15
6424	15
6425	15
6426	15
6427	15
6428	15
6429	15
6430	15
6431	15
6432	15
6433	15
6434	15
6435	15
6436	15
6437	15
6438	15
6439	15
6440	15
6441	15
6442	15
6443	15
6444	15
6445	15
6446	15
6447	15
6448	15
6449	15
6450	15
6451	15
6452	15
6453	15
6454	15
6455	15
6456	15
6457	15
6458	15
6459	15
6460	15
6461	15
6462	15
6463	15
6464	15
6465	15
6466	15
6467	15
6468	15
6469	15
6470	15
6471	15
6472	15
6473	15
6474	15
6475	15
6476	15
6477	15
6478	15
6479	15
6480	15
6481	15
6482	15
6483	15
6484	15
6485	15
6486	15
6487	15
6488	15
6489	15
6490	16
6491	16
6492	16
6493	16
6494	16
6495	16
6496	16
6497	16
6498	16
6499	16
6500	16
6501	16
6502	16
6503	16
6504	16
6505	16
6506	16
6507	16
6508	16
6509	16
6510	16
6511	16
6512	16
6513	16
6514	16
6515	16
6516	16
6517	16
6518	16
6519	16
6520	16
6521	16
6522	16
6523	16
6524	16
6525	16
6526	16
6527	16
6528	16
6529	16
6530	16
6531	16
6532	16
6533	16
6534	16
6535	16
6536	16
6537	16
6538	16
6539	16
6540	16
6541	16
6542	16
6543	16
6544	16
6545	16
6546	16
6547	16
6548	16
6549	16
6550	16
6551	16
6552	16
6553	16
6554	16
6555	16
6556	16
6557	16
6558	16
6559	16
6560	16
6561	16
6562	16
6563	16
6564	16
6565	16
6566	16
6567	16
6568	16
6569	16
6570	16
6571	16
6572	16
6573	16
6574	16
6575	16
6576	16
6577	16
6578	16
6579	16
6580	16
6581	16
6582	16
6583	16
6584	16
6585	16
6586	16
6587	16
6588	16
6589	16
6590	16
6591	16
6592	16
6593	16
6594	16
6595	16
6596	16
6597	16
6598	16
6599	16
6600	16
6601	16
6602	16
6603	16
6604	16
6605	16
6606	16
6607	16
6608	16
6609	16
6610	16
6611	16
6612	16
6613	16
6614	16
6615	16
6616	16
6617	16
6618	16
6619	16
6620	16
6621	16
6622	16
6623	16
6624	16
6625	16
6626	16
6627	16
6628	16
6629	16
6630	16
6631	16
6632	16
6633	16
6634	16
6635	16
6636	16
6637	16
6638	16
6639	16
6640	16
6641	16
6642	16
6643	16
6644	16
6645	16
6646	16
6647	16
6648	16
6649	16
6650	16
6651	16
6652	16
6653	16
6654	16
6655	16
6656	16
6657	16
6658	16
6659	16
6660	16
6661	16
6662	16
6663	16
6664	16
6665	16
6666	16
6667	16
6668	16
6669	16
6670	16
6671	16
6672	16
6673	16
6674	16
6675	16
6676	16
6677	16
6678	16
6679	16
6680	16
6681	16
6682	16
6683	16
6684	16
6685	16
6686	16
6687	16
6688	16
6689	16
6690	16
6691	16
6692	16
6693	16
6694	16
6695	16
6696	16
6697	16
6698	16
6699	16
6700	16
6701	16
6702	16
6703	16
6704	16
6705	16
6706	16
6707	16
6708	16
6709	16
6710	16
6711	16
6712	16
6713	16
6714	16
6715	16
6716	16
6717	16
6718	16
6719	16
6720	16
6721	16
6722	16
6723	16
6724	16
6725	16
6726	16
6727	16
6728	16
6729	16
6730	16
6731	16
6732	16
6733	16
6734	16
6735	16
6736	16
6737	16
6738	16
6739	16
6740	16
6741	16
6742	16
6743	16
6744	16
6745	16
6746	16
6747	16
6748	16
6749	16
6750	16
6751	16
6752	16
6753	16
6754	16
6755	16
6756	16
6757	16
6758	16
6759	16
6760	16
6761	16
6762	16
6763	16
6764	16
6765	16
6766	16
6767	16
6768	16
6769	16
6770	16
6771	16
6772	16
6773	16
6774	16
6775	16
6776	16
6777	16
6778	16
6779	16
6780	16
6781	16
6782	16
6783	16
6784	16
6785	16
6786	16
6787	16
6788	16
6789	16
6790	16
6791	16
6792	16
6793	16
6794	16
6795	16
6796	16
6797	16
6798	16
6799	16
6800	16
6801	16
6802	16
6803	16
6804	16
6805	16
6806	16
6807	16
6808	16
6809	16
6810	16
6811	16
6812	16
6813	16
6814	16
6815	16
6816	16
6817	16
6818	16
6819	16
6820	16
6821	16
6822	16
6823	16
6824	16
6825	17
6826	17
6827	17
6828	17
6829	17
6830	17
6831	17
6832	17
6833	17
6834	17
6835	17
6836	17
6837	17
6838	17
6839	17
6840	17
6841	17
6842	17
6843	17
6844	17
6845	17
6846	17
6847	17
6848	17
6849	17
6850	17
6851	17
6852	17
6853	17
6854	17
6855	17
6856	17
6857	17
6858	17
6859	17
6860	17
6861	17
6862	17
6863	17
6864	17
6865	17
6866	17
6867	17
6868	17
6869	17
6870	17
6871	17
6872	17
6873	17
6874	17
6875	17
6876	17
6877	17
6878	17
6879	17
6880	17
6881	17
6882	17
6883	17
6884	17
6885	17
6886	17
6887	17
6888	17
6889	17
6890	17
6891	17
6892	17
6893	17
6894	17
6895	17
6896	17
6897	17
6898	17
6899	17
6900	17
6901	17
6902	17
6903	17
6904	17
6905	17
6906	17
6907	17
6908	17
6909	17
6910	17
6911	17
6912	17
6913	17
6914	17
6915	17
6916	17
6917	17
6918	17
6919	17
6920	17
6921	17
6922	17
6923	17
6924	17
6925	17
6926	17
6927	17
6928	17
6929	17
6930	17
6931	17
6932	17
6933	17
6934	17
6935	17
6936	17
6937	17
6938	17
6939	17
6940	17
6941	17
6942	17
6943	17
6944	17
6945	17
6946	17
6947	17
6948	17
6949	17
6950	17
6951	17
6952	17
6953	17
6954	17
6955	17
6956	17
6957	17
6958	17
6959	17
6960	17
6961	17
6962	17
6963	17
6964	17
6965	17
6966	17
6967	17
6968	17
6969	17
6970	17
6971	17
6972	17
6973	17
6974	18
6975	18
6976	18
6977	18
6978	18
6979	18
6980	18
6981	18
6982	18
6983	18
6984	18
6985	18
6986	18
6987	18
6988	18
6989	18
6990	18
6991	18
6992	18
6993	18
6994	18
6995	18
6996	18
6997	18
6998	18
6999	18
7000	18
7001	18
7002	18
7003	18
7004	18
7005	18
7006	18
7007	18
7008	18
7009	18
7010	18
7011	19
7012	19
7013	19
7014	19
7015	19
7016	19
7017	19
7018	19
7019	19
7020	19
7021	19
7022	19
7023	19
7024	19
7025	19
7026	19
7027	19
7028	19
7029	19
7030	19
7031	19
7032	19
7033	19
7034	19
7035	19
7036	19
7037	19
7038	19
7039	19
7040	19
7041	19
7042	19
7043	19
7044	19
7045	19
7046	19
7047	19
7048	19
7049	19
7050	19
7051	19
7052	19
7053	19
7054	19
7055	19
7056	19
7057	19
7058	20
7059	20
7060	20
7061	20
7062	20
7063	20
7064	20
7065	20
7066	20
7067	20
7068	20
7069	20
7070	20
7071	20
7072	20
7073	20
7074	20
7075	20
7076	20
7077	20
7078	20
7079	20
7080	20
7081	20
7082	20
7083	20
7084	20
7085	20
7086	20
7087	20
7088	20
7089	20
7090	20
7091	20
7092	20
7093	20
7094	20
7095	20
7096	20
7097	20
7098	20
7099	20
7100	20
7101	20
7102	20
7103	20
7104	20
7105	20
7106	20
7107	20
7108	20
7109	20
7110	20
7111	20
7112	20
7113	20
7114	20
7115	20
7116	20
7117	20
7118	20
7119	20
7120	20
7121	20
7122	20
7123	20
7124	20
7125	20
7126	20
7127	20
7128	20
7129	20
7130	21
7131	21
7132	21
7133	21
7134	21
7135	21
7136	21
7137	21
7138	21
7139	21
7140	21
7141	21
7142	21
7143	21
7144	21
7145	21
7146	21
7147	21
7148	21
7149	21
7150	21
7151	21
7152	21
7153	21
7154	21
7155	21
7156	21
7157	21
7158	21
7159	21
7160	21
7161	21
7162	21
7163	21
7164	21
7165	21
7166	21
7167	21
7168	21
7169	21
7170	21
7171	21
7172	22
7173	22
7174	22
7175	22
7176	22
7177	22
7178	22
7179	22
7180	22
7181	22
7182	22
7183	22
7184	22
7185	22
7186	22
7187	22
7188	22
7189	22
7190	22
7191	22
7192	22
7193	22
7194	22
7195	22
7196	22
7197	22
7198	22
7199	22
7200	22
7201	22
7202	22
7203	22
7204	22
7205	22
7206	22
7207	22
7208	22
7209	22
7210	22
7211	22
7212	22
7213	22
7214	22
7215	22
7216	22
7217	22
7218	22
7219	22
7220	22
7221	22
7222	22
7223	22
7224	22
7225	22
7226	22
7227	22
7228	22
7229	22
7230	22
7231	22
7232	22
7233	22
7234	22
7235	22
7236	22
7237	22
7238	22
7239	22
7240	22
7241	22
7242	22
7243	22
7244	22
7245	22
7246	22
7247	22
7248	22
7249	22
7250	22
7251	22
7252	22
7253	22
7254	22
7255	22
7256	22
7257	22
7258	22
7259	22
7260	22
7261	22
7262	22
7263	22
7264	22
7265	22
7266	22
7267	22
7268	22
7269	22
7270	22
7271	22
7272	22
7273	22
7274	22
7275	22
7276	22
7277	22
7278	22
7279	22
7280	22
7281	22
7282	22
7283	22
7284	22
7285	22
7286	22
7287	22
7288	22
7289	22
7290	22
7291	22
7292	22
7293	22
7294	22
7295	22
7296	22
7297	22
7298	22
7299	22
7300	22
7301	22
7302	22
7303	22
7304	22
7305	22
7306	22
7307	22
7308	22
7309	22
7310	22
7311	22
7312	22
7313	22
7314	22
7315	22
7316	22
7317	22
7318	22
7319	22
7320	22
7321	22
7322	22
7323	22
7324	22
7325	22
7326	22
7327	22
7328	22
7329	22
7330	22
7331	22
7332	22
7333	22
7334	22
7335	22
7336	22
7337	22
7338	22
7339	22
7340	22
7341	22
7342	22
7343	22
7344	22
7345	22
7346	22
7347	22
7348	22
7349	22
7350	22
7351	22
7352	22
7353	22
7354	22
7355	22
7356	22
7357	22
7358	22
7359	22
7360	22
7361	22
7362	22
7363	22
7364	22
7365	22
7366	22
7367	22
7368	22
7369	22
7370	22
7371	22
7372	22
7373	22
7374	22
7375	22
7376	22
7377	22
7378	22
7379	22
7380	22
7381	22
7382	22
7383	22
7384	22
7385	22
7386	22
7387	22
7388	22
7389	22
7390	22
7391	22
7392	22
7393	22
7394	22
7395	22
7396	22
7397	22
7398	22
7399	22
7400	22
7401	22
7402	22
7403	22
7404	22
7405	22
7406	22
7407	22
7408	22
7409	22
7410	22
7411	22
7412	22
7413	22
7414	22
7415	22
7416	22
7417	22
7418	22
7419	22
7420	22
7421	22
7422	22
7423	22
7424	22
7425	22
7426	22
7427	22
7428	22
7429	22
7430	22
7431	22
7432	22
7433	22
7434	22
7435	22
7436	22
7437	22
7438	22
7439	22
7440	22
7441	22
7442	22
7443	22
7444	22
7445	22
7446	22
7447	22
7448	22
7449	22
7450	22
7451	22
7452	22
7453	22
7454	22
7455	22
7456	22
7457	22
7458	22
7459	22
7460	22
7461	22
7462	22
7463	22
7464	22
7465	22
7466	22
7467	22
7468	22
7469	22
7470	22
7471	22
7472	22
7473	22
7474	22
7475	22
7476	22
7477	22
7478	22
7479	22
7480	22
7481	22
7482	22
7483	22
7484	22
7485	22
7486	22
7487	22
7488	22
7489	22
7490	22
7491	22
7492	22
7493	22
7494	22
7495	22
7496	22
7497	22
7498	22
7499	22
7500	22
7501	22
7502	22
7503	22
7504	22
7505	22
7506	22
7507	22
7508	22
7509	22
7510	22
7511	22
7512	22
7513	22
7514	22
7515	22
7516	22
7517	22
7518	22
7519	22
7520	22
7521	22
7522	22
7523	22
7524	22
7525	22
7526	22
7527	22
7528	22
7529	22
7530	22
7531	22
7532	22
7533	22
7534	22
7535	22
7536	22
7537	22
7538	22
7539	22
7540	22
7541	22
7542	22
7543	22
7544	22
7545	22
7546	22
7547	22
7548	22
7549	22
7550	22
7551	22
7552	22
7553	22
7554	22
7555	22
7556	22
7557	22
7558	22
7559	22
7560	22
7561	22
7562	22
7563	22
7564	22
7565	22
7566	22
7567	22
7568	22
7569	22
7570	22
7571	22
7572	22
7573	22
7574	22
7575	22
7576	22
7577	22
7578	22
7579	22
7580	22
7581	22
7582	22
7583	22
7584	22
7585	22
7586	22
7587	22
7588	22
7589	22
7590	22
7591	22
7592	22
7593	22
7594	22
7595	22
7596	22
7597	22
7598	22
7599	22
7600	22
7601	22
7602	22
7603	22
7604	22
7605	22
7606	22
7607	22
7608	22
7609	22
7610	22
7611	22
7612	22
7613	22
7614	22
7615	22
7616	22
7617	22
7618	22
7619	22
7620	22
7621	22
7622	22
7623	22
7624	22
7625	22
7626	22
7627	22
7628	22
7629	22
7630	22
7631	22
7632	22
7633	22
7634	22
7635	22
7636	22
7637	22
7638	22
7639	22
7640	22
7641	22
7642	22
7643	22
7644	22
7645	22
7646	22
7647	22
7648	22
7649	22
7650	22
7651	22
7652	22
7653	22
7654	22
7655	22
7656	22
7657	22
7658	22
7659	22
7660	22
7661	22
7662	22
7663	22
7664	22
7665	22
7666	22
7667	22
7668	22
7669	22
7670	22
7671	22
7672	22
7673	22
7674	22
7675	22
7676	22
7677	22
7678	22
7679	22
7680	22
7681	22
7682	22
7683	22
7684	22
7685	22
7686	22
7687	22
7688	22
7689	22
7690	22
7691	22
7692	22
7693	22
7694	22
7695	22
7696	22
7697	22
7698	22
7699	22
7700	22
7701	22
7702	22
7703	22
7704	22
7705	22
7706	22
7707	22
7708	22
7709	22
7710	22
7711	22
7712	22
7713	22
7714	22
7715	22
7716	22
7717	22
7718	22
7719	22
7720	22
7721	22
7722	22
7723	22
7724	22
7725	22
7726	22
7727	22
7728	22
7729	22
7730	22
7731	22
7732	22
7733	22
7734	22
7735	22
7736	22
7737	22
7738	22
7739	22
7740	22
7741	22
7742	22
7743	22
7744	22
7745	22
7746	22
7747	22
7748	22
7749	22
7750	22
7751	22
7752	22
7753	22
7754	22
7755	22
7756	22
7757	22
7758	22
7759	22
7760	22
7761	22
7762	22
7763	22
7764	22
7765	22
7766	22
7767	22
7768	22
7769	22
7770	22
7771	22
7772	22
7773	22
7774	22
7775	22
7776	22
7777	22
7778	22
7779	22
7780	22
7781	22
7782	22
7783	22
7784	22
7785	22
7786	22
7787	22
7788	22
7789	22
7790	22
7791	22
7792	22
7793	22
7794	22
7795	22
7796	22
7797	22
7798	22
7799	22
7800	22
7801	22
7802	22
7803	22
7804	22
7805	22
7806	22
7807	22
7808	22
7809	22
7810	22
7811	22
7812	22
7813	22
7814	22
7815	22
7816	22
7817	22
7818	22
7819	22
7820	22
7821	22
7822	23
7823	23
7824	23
7825	23
7826	23
7827	23
7828	23
7829	23
7830	23
7831	23
7832	23
7833	23
7834	23
7835	23
7836	23
7837	23
7838	23
7839	23
7840	23
7841	23
7842	23
7843	23
7844	23
7845	23
7846	23
7847	23
7848	23
7849	23
7850	23
7851	23
7852	23
7853	23
7854	23
7855	23
7856	23
7857	23
7858	23
7859	23
7860	23
7861	23
7862	23
7863	23
7864	23
7865	23
7866	23
7867	23
7868	23
7869	23
7870	23
7871	23
7872	23
7873	23
7874	23
7875	23
7876	23
7877	23
7878	23
7879	23
7880	23
7881	23
7882	23
7883	23
7884	23
7885	23
7886	23
7887	23
7888	23
7889	23
7890	23
7891	23
7892	23
7893	23
7894	23
7895	23
7896	23
7897	23
7898	23
7899	23
7900	23
7901	23
7902	23
7903	23
7904	23
7905	23
7906	23
7907	23
7908	23
7909	23
7910	23
7911	23
7912	23
7913	23
7914	23
7915	23
7916	23
7917	23
7918	23
7919	23
7920	23
7921	23
7922	23
7923	23
7924	23
7925	23
7926	23
7927	23
7928	23
7929	23
7930	23
7931	23
7932	23
7933	23
7934	23
7935	23
7936	23
7937	23
7938	23
7939	23
7940	23
7941	23
7942	23
7943	23
7944	23
7945	23
7946	23
7947	23
7948	23
7949	23
7950	23
7951	23
7952	23
7953	23
7954	24
7955	24
7956	24
7957	24
7958	24
7959	24
7960	24
7961	24
7962	24
7963	24
7964	24
7965	24
7966	24
7967	24
7968	24
7969	24
7970	24
7971	24
7972	24
7973	24
7974	24
7975	24
7976	24
7977	24
7978	24
7979	24
7980	24
7981	24
7982	24
7983	24
7984	24
7985	24
7986	24
7987	24
7988	24
7989	24
7990	24
7991	24
7992	24
7993	24
7994	24
7995	24
7996	24
7997	24
7998	24
7999	24
8000	24
8001	24
8002	24
8003	24
8004	24
8005	24
8006	24
8007	24
8008	24
8009	24
8010	24
8011	24
8012	24
8013	24
8014	24
8015	24
8016	24
8017	24
8018	24
8019	24
8020	24
8021	24
8022	24
8023	24
8024	24
8025	24
8026	24
8027	24
8028	24
8029	24
8030	24
8031	24
8032	24
8033	24
8034	24
8035	24
8036	24
8037	24
8038	24
8039	24
8040	24
8041	24
8042	24
8043	24
8044	24
8045	24
8046	24
8047	24
8048	24
8049	24
8050	24
8051	24
8052	24
8053	24
8054	24
8055	24
8056	24
8057	24
8058	24
8059	24
8060	24
8061	24
8062	24
8063	24
8064	24
8065	24
8066	24
8067	24
8068	24
8069	24
8070	24
8071	24
8072	24
8073	24
8074	24
8075	24
8076	24
8077	24
8078	24
8079	24
8080	24
8081	24
8082	24
8083	24
8084	24
8085	24
8086	24
8087	24
8088	24
8089	24
8090	24
8091	24
8092	24
8093	24
8094	24
8095	24
8096	24
8097	24
8098	24
8099	25
8100	25
8101	25
8102	25
8103	25
8104	25
8105	25
8106	25
8107	25
8108	25
8109	25
8110	25
8111	25
8112	25
8113	25
8114	25
8115	25
8116	25
8117	25
8118	25
8119	25
8120	25
8121	25
8122	25
8123	25
8124	25
8125	25
8126	25
8127	25
8128	25
8129	25
8130	25
8131	25
8132	25
8133	25
8134	25
8135	25
8136	25
8137	25
8138	25
8139	25
8140	25
8141	25
8142	25
8143	25
8144	25
8145	25
8146	25
8147	25
8148	25
8149	25
8150	25
8151	25
8152	25
8153	25
8154	25
8155	25
8156	25
8157	25
8158	25
8159	25
8160	25
8161	25
8162	25
8163	25
8164	25
8165	25
8166	25
8167	25
8168	25
8169	25
8170	25
8171	25
8172	25
8173	25
8174	25
8175	25
8176	25
8177	25
8178	25
8179	25
8180	25
8181	25
8182	25
8183	25
8184	25
8185	25
8186	25
8187	25
8188	25
8189	25
8190	25
8191	25
8192	25
8193	25
8194	25
8195	25
8196	25
8197	25
8198	25
8199	25
8200	25
8201	25
8202	25
8203	25
8204	25
8205	25
8206	25
8207	25
8208	25
8209	25
8210	25
8211	25
8212	25
8213	25
8214	25
8215	25
8216	25
8217	25
8218	25
8219	25
8220	25
8221	25
8222	25
8223	25
8224	25
8225	25
8226	25
8227	25
8228	25
8229	25
8230	25
8231	25
8232	25
8233	25
8234	25
8235	25
8236	25
8237	25
8238	25
8239	25
8240	25
8241	25
8242	25
8243	25
8244	25
8245	25
8246	25
8247	25
8248	25
8249	25
8250	25
8251	25
8252	25
8253	25
8254	25
8255	25
8256	25
8257	25
8258	25
8259	25
8260	25
8261	25
8262	25
8263	25
8264	25
8265	25
8266	25
8267	25
8268	25
8269	25
8270	25
8271	25
8272	25
8273	25
8274	25
8275	25
8276	25
8277	25
8278	26
8279	26
8280	26
8281	26
8282	26
8283	26
8284	26
8285	26
8286	26
8287	26
8288	26
8289	26
8290	26
8291	26
8292	26
8293	26
8294	26
8295	26
8296	26
8297	26
8298	26
8299	26
8300	26
8301	26
8302	26
8303	26
8304	26
8305	26
8306	26
8307	26
8308	26
8309	26
8310	26
8311	26
8312	26
8313	26
8314	26
8315	26
8316	26
8317	26
8318	26
8319	26
8320	26
8321	26
8322	26
8323	26
8324	26
8325	26
8326	26
8327	26
8328	26
8329	26
8330	26
8331	26
8332	26
8333	26
8334	26
8335	26
8336	26
8337	26
8338	26
8339	26
8340	26
8341	26
8342	26
8343	26
8344	26
8345	26
8346	26
8347	26
8348	26
8349	26
8350	26
8351	26
8352	26
8353	26
8354	26
8355	26
8356	26
8357	26
8358	26
8359	26
8360	26
8361	26
8362	26
8363	26
8364	26
8365	26
8366	26
8367	26
8368	26
8369	26
8370	26
8371	26
8372	26
8373	26
8374	26
8375	26
8376	26
8377	26
8378	26
8379	26
8380	26
8381	26
8382	26
8383	26
8384	26
8385	26
8386	26
8387	26
8388	26
8389	26
8390	26
8391	26
8392	26
8393	26
8394	26
8395	26
8396	26
8397	26
8398	26
8399	26
8400	26
8401	26
8402	26
8403	26
8404	26
8405	26
8406	26
8407	26
8408	26
8409	26
8410	26
8411	26
8412	26
8413	26
8414	26
8415	26
8416	26
8417	26
8418	26
8419	26
8420	26
8421	26
8422	26
8423	26
8424	26
8425	26
8426	26
8427	26
8428	26
8429	26
8430	26
8431	26
8432	26
8433	26
8434	26
8435	26
8436	26
8437	26
8438	26
8439	26
8440	26
8441	26
8442	26
8443	26
8444	26
8445	26
8446	26
8447	26
8448	26
8449	26
8450	26
8451	26
8452	26
8453	26
8454	26
8455	26
8456	26
8457	26
8458	26
8459	26
8460	26
8461	26
8462	26
8463	26
8464	26
8465	26
8466	26
8467	26
8468	26
8469	26
8470	26
8471	26
8472	26
8473	26
8474	26
8475	26
8476	26
8477	26
8478	26
8479	26
8480	26
8481	26
8482	26
8483	26
8484	26
8485	26
8486	26
8487	26
8488	26
8489	26
8490	26
8491	26
8492	26
8493	26
8494	26
8495	26
8496	26
8497	26
8498	26
8499	26
8500	26
8501	26
8502	26
8503	26
8504	26
8505	26
8506	26
8507	26
8508	26
8509	26
8510	26
8511	26
8512	26
8513	26
8514	26
8515	26
8516	26
8517	26
8518	26
8519	26
8520	26
8521	26
8522	26
8523	26
8524	26
8525	26
8526	26
8527	26
8528	26
8529	26
8530	26
8531	26
8532	26
8533	26
8534	26
8535	26
8536	26
8537	26
8538	26
8539	26
8540	26
8541	26
8542	26
8543	26
8544	26
8545	26
8546	26
8547	26
8548	26
8549	26
8550	26
8551	26
8552	26
8553	26
8554	26
8555	26
8556	26
8557	26
8558	26
8559	26
8560	26
8561	26
8562	26
8563	26
8564	26
8565	26
8566	26
8567	26
8568	26
8569	26
8570	26
8571	26
8572	26
8573	26
8574	26
8575	26
8576	26
8577	26
8578	26
8579	26
8580	26
8581	26
8582	26
8583	26
8584	26
8585	26
8586	26
8587	26
8588	26
8589	26
8590	26
8591	26
8592	26
8593	26
8594	26
8595	26
8596	26
8597	26
8598	26
8599	26
8600	26
8601	26
8602	26
8603	26
8604	26
8605	26
8606	26
8607	26
8608	26
8609	26
8610	26
8611	26
8612	26
8613	26
8614	26
8615	26
8616	26
8617	26
8618	26
8619	26
8620	26
8621	26
8622	26
8623	26
8624	26
8625	26
8626	26
8627	26
8628	26
8629	26
8630	26
8631	26
8632	26
8633	26
8634	26
8635	26
8636	26
8637	26
8638	26
8639	26
8640	26
8641	26
8642	26
8643	26
8644	26
8645	26
8646	26
8647	26
8648	26
8649	26
8650	26
8651	26
8652	26
8653	26
8654	26
8655	26
8656	26
8657	26
8658	26
8659	26
8660	26
8661	26
8662	26
8663	26
8664	26
8665	26
8666	26
8667	26
8668	26
8669	26
8670	26
8671	26
8672	26
8673	26
8674	26
8675	26
8676	26
8677	26
8678	26
8679	26
8680	26
8681	26
8682	26
8683	26
8684	26
8685	26
8686	26
8687	26
8688	26
8689	26
8690	26
8691	26
8692	26
8693	26
8694	26
8695	26
8696	26
8697	26
8698	26
8699	26
8700	26
8701	26
8702	26
8703	26
8704	26
8705	26
8706	26
8707	26
8708	26
8709	26
8710	26
8711	26
8712	26
8713	26
8714	26
8715	26
8716	26
8717	26
8718	26
8719	26
8720	26
8721	26
8722	26
8723	26
8724	26
8725	26
8726	26
8727	26
8728	26
8729	26
8730	26
8731	26
8732	26
8733	26
8734	26
8735	26
8736	26
8737	26
8738	26
8739	26
8740	26
8741	26
8742	26
8743	26
8744	26
8745	26
8746	26
8747	26
8748	26
8749	26
8750	26
8751	26
8752	26
8753	26
8754	26
8755	26
8756	26
8757	26
8758	26
8759	26
8760	26
8761	26
8762	26
8763	26
8764	26
8765	26
8766	26
8767	26
8768	26
8769	26
8770	26
8771	26
8772	26
8773	26
8774	26
8775	26
8776	26
8777	26
8778	26
8779	26
8780	26
8781	26
8782	26
8783	26
8784	26
8785	26
8786	26
8787	26
8788	26
8789	26
8790	26
8791	26
8792	26
8793	26
8794	26
8795	26
8796	26
8797	26
8798	26
8799	26
8800	26
8801	26
8802	26
8803	26
8804	26
8805	26
8806	26
8807	26
8808	26
8809	26
8810	26
8811	26
8812	26
8813	26
8814	26
8815	26
8816	26
8817	26
8818	26
8819	26
8820	26
8821	26
8822	26
8823	26
8824	26
8825	26
8826	26
8827	26
8828	26
8829	26
8830	26
8831	26
8832	26
8833	26
8834	26
8835	26
8836	26
8837	26
8838	26
8839	26
8840	26
8841	26
8842	26
8843	26
8844	26
8845	26
8846	26
8847	26
8848	26
8849	26
8850	26
8851	26
8852	26
8853	26
8854	27
8855	27
8856	27
8857	27
8858	27
8859	27
8860	27
8861	27
8862	27
8863	27
8864	27
8865	27
8866	27
8867	27
8868	27
8869	27
8870	27
8871	27
8872	27
8873	27
8874	27
8875	27
8876	27
8877	27
8878	27
8879	27
8880	27
8881	27
8882	27
8883	27
8884	27
8885	27
8886	27
8887	27
8888	27
8889	27
8890	27
8891	27
8892	27
8893	27
8894	27
8895	27
8896	27
8897	27
8898	27
8899	27
8900	27
8901	27
8902	27
8903	27
8904	27
8905	27
8906	27
8907	27
8908	27
8909	27
8910	27
8911	27
8912	27
8913	27
8914	27
8915	27
8916	27
8917	27
8918	27
8919	27
8920	27
8921	27
8922	27
8923	27
8924	27
8925	27
8926	27
8927	27
8928	27
8929	27
8930	27
8931	27
8932	27
8933	27
8934	27
8935	27
8936	27
8937	27
8938	27
8939	27
8940	27
8941	27
8942	27
8943	27
8944	27
8945	27
8946	27
8947	27
8948	27
8949	27
8950	27
8951	27
8952	27
8953	27
8954	27
8955	27
8956	27
8957	27
8958	27
8959	27
8960	27
8961	27
8962	27
8963	27
8964	27
8965	27
8966	27
8967	27
8968	27
8969	27
8970	27
8971	27
8972	27
8973	27
8974	27
8975	27
8976	27
8977	27
8978	27
8979	27
8980	27
8981	27
8982	27
8983	27
8984	27
8985	27
8986	27
8987	27
8988	27
8989	27
8990	27
8991	27
8992	27
8993	27
8994	27
8995	27
8996	27
8997	27
8998	27
8999	27
9000	27
9001	27
9002	27
9003	27
9004	27
9005	27
9006	27
9007	27
9008	27
9009	27
9010	27
9011	27
9012	27
9013	27
9014	27
9015	27
9016	27
9017	27
9018	27
9019	27
9020	27
9021	27
9022	27
9023	27
9024	27
9025	27
9026	27
9027	27
9028	27
9029	27
9030	27
9031	27
9032	27
9033	27
9034	27
9035	27
9036	27
9037	27
9038	27
9039	27
9040	27
9041	27
9042	27
9043	27
9044	27
9045	27
9046	27
9047	27
9048	27
9049	28
9050	28
9051	28
9052	28
9053	28
9054	28
9055	28
9056	28
9057	28
9058	28
9059	28
9060	28
9061	28
9062	28
9063	28
9064	28
9065	29
9066	29
9067	29
9068	29
9069	29
9070	29
9071	29
9072	29
9073	29
9074	29
9075	29
9076	29
9077	29
9078	29
9079	29
9080	29
9081	29
9082	29
9083	29
9084	29
9085	29
9086	29
9087	29
9088	29
9089	29
9090	29
9091	29
9092	29
9093	29
9094	29
9095	29
9096	29
9097	29
9098	29
9099	29
9100	29
9101	29
9102	29
9103	29
9104	29
9105	29
9106	29
9107	29
9108	29
9109	29
9110	29
9111	29
9112	29
9113	29
9114	29
9115	29
9116	29
9117	29
9118	29
9119	29
9120	29
9121	29
9122	29
9123	29
9124	29
9125	29
9126	29
9127	29
9128	29
9129	29
9130	29
9131	29
9132	29
9133	29
9134	29
9135	29
9136	29
9137	29
9138	29
9139	29
9140	29
9141	29
9142	29
9143	29
9144	29
9145	29
9146	29
9147	29
9148	29
9149	29
9150	29
9151	29
9152	29
9153	29
9154	29
9155	29
9156	29
9157	29
9158	29
9159	29
9160	29
9161	29
9162	29
9163	29
9164	29
9165	29
9166	29
9167	29
9168	29
9169	29
9170	29
9171	29
9172	29
9173	29
9174	29
9175	29
9176	29
9177	29
9178	29
9179	29
9180	29
9181	29
9182	29
9183	29
9184	29
9185	29
9186	29
9187	29
9188	29
9189	29
9190	29
9191	29
9192	29
9193	29
9194	29
9195	29
9196	29
9197	29
9198	29
9199	29
9200	29
9201	29
9202	29
9203	29
9204	29
9205	29
9206	29
9207	29
9208	29
9209	29
9210	29
9211	29
9212	29
9213	29
9214	29
9215	29
9216	29
9217	29
9218	29
9219	29
9220	29
9221	29
9222	29
9223	29
9224	29
9225	29
9226	29
9227	29
9228	29
9229	29
9230	29
9231	29
9232	29
9233	29
9234	29
9235	29
9236	29
9237	29
9238	29
9239	29
9240	29
9241	29
9242	29
9243	29
9244	29
9245	29
9246	29
9247	29
9248	29
9249	29
9250	29
9251	29
9252	29
9253	29
9254	29
9255	29
9256	29
9257	29
9258	29
9259	29
9260	29
9261	29
9262	29
9263	29
9264	29
9265	29
9266	29
9267	29
9268	29
9269	29
9270	29
9271	29
9272	29
9273	29
9274	29
9275	29
9276	29
9277	29
9278	29
9279	29
9280	29
9281	29
9282	29
9283	29
9284	29
9285	29
9286	29
9287	29
9288	29
9289	29
9290	29
9291	29
9292	29
9293	29
9294	29
9295	29
9296	29
9297	29
9298	29
9299	29
9300	29
9301	29
9302	29
9303	29
9304	29
9305	29
9306	29
9307	29
9308	29
9309	29
9310	29
9311	29
9312	29
9313	29
9314	29
9315	29
9316	29
9317	29
9318	29
9319	29
9320	29
9321	29
9322	29
9323	29
9324	29
9325	29
9326	29
9327	29
9328	29
9329	29
9330	29
9331	29
9332	29
9333	29
9334	29
9335	29
9336	29
9337	29
9338	29
9339	29
9340	29
9341	29
9342	29
9343	29
9344	29
9345	29
9346	29
9347	29
9348	29
9349	29
9350	29
9351	29
9352	29
9353	29
9354	29
9355	29
9356	29
9357	29
9358	29
9359	29
9360	29
9361	29
9362	29
9363	29
9364	29
9365	29
9366	29
9367	29
9368	29
9369	29
9370	29
9371	29
9372	29
9373	29
9374	29
9375	29
9376	29
9377	29
9378	29
9379	29
9380	29
9381	29
9382	29
9383	29
9384	29
9385	29
9386	29
9387	29
9388	29
9389	29
9390	29
9391	29
9392	29
9393	29
9394	29
9395	29
9396	29
9397	29
9398	29
9399	29
9400	29
9401	29
9402	29
9403	29
9404	29
9405	29
9406	29
9407	29
9408	29
9409	29
9410	29
9411	29
9412	29
9413	29
9414	29
9415	29
9416	29
9417	29
9418	29
9419	29
9420	29
9421	29
9422	29
9423	29
9424	29
9425	29
9426	29
9427	29
9428	29
9429	29
9430	29
9431	29
9432	29
9433	29
9434	29
9435	29
9436	29
9437	29
9438	29
9439	29
9440	29
9441	29
9442	29
9443	29
9444	29
9445	29
9446	29
9447	29
9448	29
9449	29
9450	29
9451	29
9452	29
9453	29
9454	29
9455	29
9456	29
9457	29
9458	29
9459	29
9460	29
9461	29
9462	29
9463	29
9464	29
9465	29
9466	29
9467	29
9468	29
9469	29
9470	29
9471	29
9472	29
9473	30
9474	30
9475	30
9476	30
9477	30
9478	30
9479	30
9480	30
9481	30
9482	30
9483	30
9484	30
9485	30
9486	30
9487	30
9488	30
9489	30
9490	30
9491	30
9492	30
9493	30
9494	30
9495	30
9496	30
9497	30
9498	30
9499	30
9500	30
9501	30
9502	30
9503	30
9504	30
9505	30
9506	30
9507	30
9508	30
9509	30
9510	30
9511	30
9512	30
9513	30
9514	30
9515	30
9516	30
9517	30
9518	30
9519	30
9520	30
9521	30
9522	30
9523	30
9524	30
9525	30
9526	30
9527	30
9528	30
9529	30
9530	30
9531	30
9532	30
9533	30
9534	30
9535	30
9536	30
9537	30
9538	30
9539	30
9540	30
9541	30
9542	30
9543	30
9544	30
9545	30
9546	30
9547	30
9548	30
9549	30
9550	30
9551	30
9552	30
9553	30
9554	30
9555	30
9556	30
9557	30
9558	30
9559	30
9560	30
9561	30
9562	30
9563	30
9564	30
9565	30
9566	30
9567	30
9568	30
9569	30
9570	30
9571	30
9572	30
9573	30
9574	30
9575	30
9576	30
9577	30
9578	30
9579	30
9580	30
9581	30
9582	30
9583	30
9584	30
9585	30
9586	30
9587	30
9588	30
9589	30
9590	30
9591	30
9592	30
9593	30
9594	30
9595	30
9596	30
9597	30
9598	30
9599	30
9600	30
9601	30
9602	30
9603	30
9604	30
9605	30
9606	30
9607	30
9608	30
9609	30
9610	30
9611	30
9612	30
9613	30
9614	30
9615	30
9616	30
9617	30
9618	30
9619	30
9620	30
9621	30
9622	30
9623	30
9624	30
9625	30
9626	30
9627	30
9628	30
9629	30
9630	30
9631	30
9632	30
9633	30
9634	30
9635	30
9636	30
9637	30
9638	30
9639	30
9640	30
9641	30
9642	30
9643	30
9644	30
9645	30
9646	30
9647	30
9648	30
9649	30
9650	30
9651	30
9652	30
9653	30
9654	30
9655	30
9656	30
9657	30
9658	30
9659	30
9660	30
9661	30
9662	30
9663	30
9664	30
9665	30
9666	30
9667	30
9668	30
9669	30
9670	30
9671	30
9672	30
9673	30
9674	30
9675	30
9676	30
9677	30
9678	30
9679	30
9680	30
9681	30
9682	30
9683	30
9684	30
9685	30
9686	30
9687	30
9688	30
9689	30
9690	30
9691	30
9692	30
9693	30
9694	30
9695	30
9696	30
9697	30
9698	30
9699	30
9700	30
9701	30
9702	30
9703	30
9704	30
9705	30
9706	30
9707	30
9708	30
9709	30
9710	30
9711	30
9712	30
9713	30
9714	30
9715	30
9716	30
9717	30
9718	30
9719	30
9720	30
9721	30
9722	30
9723	30
9724	30
9725	30
9726	30
9727	30
9728	30
9729	30
9730	30
9731	30
9732	30
9733	30
9734	30
9735	30
9736	30
9737	30
9738	30
9739	30
9740	30
9741	30
9742	30
9743	30
9744	30
9745	30
9746	30
9747	30
9748	30
9749	30
9750	30
9751	30
9752	30
9753	30
9754	30
9755	30
9756	30
9757	30
9758	30
9759	30
9760	30
9761	30
9762	30
9763	30
9764	30
9765	30
9766	30
9767	30
9768	30
9769	30
9770	30
9771	30
9772	30
9773	30
9774	30
9775	30
9776	30
9777	30
9778	30
9779	30
9780	30
9781	30
9782	30
9783	30
9784	30
9785	30
9786	30
9787	30
9788	30
9789	30
9790	30
9791	30
9792	30
9793	30
9794	30
9795	30
9796	30
9797	30
9798	30
9799	30
9800	30
9801	30
9802	30
9803	30
9804	30
9805	30
9806	30
9807	30
9808	30
9809	30
9810	30
9811	30
9812	30
9813	30
9814	30
9815	30
9816	30
9817	30
9818	30
9819	30
9820	30
9821	30
9822	30
9823	30
9824	30
9825	30
9826	30
9827	30
9828	30
9829	30
9830	30
9831	30
9832	30
9833	30
9834	30
9835	30
9836	30
9837	30
9838	30
9839	30
9840	30
9841	30
9842	30
9843	30
9844	30
9845	30
9846	30
9847	30
9848	30
9849	30
9850	30
9851	30
9852	30
9853	30
9854	30
9855	30
9856	30
9857	30
9858	30
9859	30
9860	30
9861	30
9862	30
9863	30
9864	30
9865	30
9866	30
9867	30
9868	30
9869	30
9870	30
9871	30
9872	30
9873	30
9874	30
9875	30
9876	30
9877	30
9878	30
9879	30
9880	30
9881	30
9882	30
9883	30
9884	30
9885	30
9886	30
9887	30
9888	30
9889	30
9890	30
9891	30
9892	30
9893	30
9894	30
9895	30
9896	30
9897	30
9898	30
9899	30
9900	30
9901	30
9902	30
9903	30
9904	30
9905	30
9906	30
9907	30
9908	30
9909	30
9910	30
9911	30
9912	30
9913	30
9914	30
9915	30
9916	30
9917	30
9918	30
9919	30
9920	30
9921	30
9922	30
9923	30
9924	30
9925	30
9926	30
9927	30
9928	30
9929	30
9930	30
9931	30
9932	30
9933	30
9934	30
9935	30
9936	30
9937	30
9938	30
9939	30
9940	30
9941	30
9942	30
9943	30
9944	30
9945	30
9946	30
9947	30
9948	30
9949	30
9950	30
9951	30
9952	30
9953	30
9954	30
9955	30
9956	30
9957	30
9958	30
9959	30
9960	30
9961	30
9962	30
9963	30
9964	30
9965	30
9966	30
9967	30
9968	30
9969	30
9970	30
9971	30
9972	30
9973	30
9974	30
9975	30
9976	30
9977	30
9978	30
9979	30
9980	30
9981	30
9982	30
9983	30
9984	30
9985	30
9986	30
9987	30
9988	30
9989	30
9990	30
9991	30
9992	30
9993	30
9994	30
9995	30
9996	30
9997	30
9998	30
9999	30
10000	30
