#Clock	ItemsCollected
1	0
2	0
3	0
4	0
5	0
6	0
7	0
8	0
9	0
10	0
11	0
12	0
13	0
14	0
15	0
16	0
17	0
18	0
19	0
20	0
21	0
22	0
23	0
24	0
25	0
26	0
27	0
28	0
29	0
30	0
31	0
32	0
33	0
34	0
35	0
36	0
37	0
38	0
39	0
40	0
41	0
42	0
43	0
44	0
45	0
46	0
47	0
48	0
49	0
50	0
51	0
52	0
53	0
54	0
55	0
56	0
57	0
58	0
59	0
60	0
61	0
62	0
63	0
64	0
65	0
66	0
67	0
68	0
69	0
70	0
71	0
72	0
73	0
74	0
75	0
76	0
77	0
78	0
79	0
80	0
81	0
82	0
83	0
84	0
85	0
86	0
87	0
88	0
89	0
90	0
91	0
92	0
93	0
94	0
95	0
96	0
97	0
98	0
99	0
100	0
101	0
102	0
103	0
104	0
105	0
106	0
107	0
108	0
109	0
110	0
111	0
112	0
113	0
114	0
115	0
116	0
117	0
118	0
119	0
120	0
121	0
122	0
123	0
124	0
125	0
126	0
127	0
128	0
129	0
130	0
131	0
132	0
133	0
134	0
135	0
136	0
137	0
138	0
139	0
140	0
141	0
142	0
143	0
144	0
145	0
146	0
147	0
148	0
149	0
150	0
151	0
152	0
153	0
154	0
155	0
156	0
157	0
158	0
159	0
160	0
161	0
162	0
163	0
164	0
165	0
166	0
167	0
168	0
169	0
170	0
171	0
172	0
173	0
174	0
175	0
176	0
177	0
178	0
179	0
180	0
181	0
182	0
183	0
184	0
185	0
186	0
187	0
188	0
189	0
190	0
191	0
192	0
193	0
194	0
195	0
196	0
197	0
198	0
199	0
200	0
201	0
202	0
203	0
204	0
205	0
206	0
207	0
208	0
209	0
210	0
211	0
212	0
213	0
214	0
215	0
216	0
217	0
218	0
219	0
220	0
221	0
222	0
223	0
224	0
225	0
226	0
227	0
228	0
229	0
230	0
231	0
232	0
233	0
234	0
235	0
236	0
237	0
238	0
239	0
240	0
241	0
242	0
243	0
244	0
245	0
246	0
247	0
248	0
249	0
250	0
251	0
252	0
253	0
254	0
255	0
256	0
257	0
258	0
259	0
260	0
261	0
262	0
263	0
264	0
265	0
266	0
267	0
268	0
269	0
270	0
271	0
272	0
273	0
274	0
275	0
276	0
277	0
278	0
279	0
280	0
281	0
282	0
283	0
284	0
285	0
286	0
287	0
288	0
289	0
290	0
291	0
292	0
293	0
294	0
295	0
296	0
297	0
298	0
299	0
300	0
301	0
302	0
303	0
304	0
305	0
306	0
307	0
308	0
309	0
310	0
311	0
312	0
313	0
314	0
315	0
316	0
317	0
318	0
319	0
320	0
321	0
322	0
323	0
324	0
325	0
326	0
327	0
328	0
329	0
330	0
331	0
332	0
333	0
334	0
335	0
336	0
337	0
338	0
339	0
340	0
341	0
342	0
343	0
344	0
345	0
346	0
347	0
348	0
349	0
350	0
351	0
352	0
353	0
354	0
355	0
356	0
357	0
358	0
359	0
360	0
361	0
362	0
363	0
364	0
365	0
366	0
367	0
368	0
369	0
370	0
371	0
372	0
373	0
374	0
375	0
376	0
377	0
378	0
379	0
380	0
381	0
382	0
383	0
384	0
385	0
386	0
387	0
388	0
389	0
390	0
391	0
392	0
393	0
394	0
395	0
396	0
397	0
398	0
399	0
400	0
401	0
402	0
403	0
404	0
405	0
406	0
407	0
408	0
409	0
410	0
411	0
412	0
413	0
414	0
415	0
416	0
417	0
418	0
419	0
420	0
421	0
422	0
423	0
424	0
425	0
426	0
427	0
428	0
429	0
430	0
431	0
432	0
433	0
434	0
435	0
436	0
437	0
438	0
439	0
440	0
441	0
442	0
443	0
444	0
445	0
446	0
447	0
448	0
449	0
450	0
451	0
452	0
453	0
454	0
455	0
456	0
457	0
458	0
459	0
460	0
461	0
462	0
463	0
464	0
465	0
466	0
467	0
468	0
469	0
470	0
471	0
472	0
473	0
474	0
475	0
476	0
477	0
478	0
479	0
480	0
481	0
482	0
483	0
484	0
485	0
486	0
487	0
488	0
489	0
490	0
491	0
492	0
493	0
494	0
495	0
496	0
497	0
498	0
499	0
500	0
501	0
502	0
503	0
504	0
505	0
506	0
507	0
508	0
509	0
510	0
511	0
512	0
513	0
514	0
515	0
516	0
517	0
518	0
519	0
520	0
521	0
522	0
523	0
524	0
525	0
526	0
527	0
528	0
529	0
530	0
531	0
532	0
533	0
534	0
535	0
536	0
537	0
538	0
539	0
540	0
541	0
542	0
543	0
544	0
545	0
546	0
547	0
548	0
549	0
550	0
551	0
552	0
553	0
554	0
555	0
556	0
557	0
558	0
559	0
560	0
561	0
562	0
563	0
564	0
565	0
566	0
567	0
568	0
569	0
570	0
571	0
572	0
573	0
574	0
575	0
576	0
577	0
578	0
579	0
580	0
581	0
582	0
583	0
584	0
585	0
586	0
587	0
588	0
589	0
590	0
591	0
592	0
593	0
594	0
595	0
596	0
597	0
598	0
599	0
600	0
601	0
602	0
603	0
604	0
605	0
606	0
607	0
608	0
609	0
610	0
611	0
612	0
613	0
614	0
615	0
616	0
617	0
618	0
619	0
620	0
621	0
622	0
623	0
624	0
625	0
626	0
627	0
628	0
629	0
630	0
631	0
632	0
633	0
634	0
635	0
636	0
637	0
638	0
639	0
640	0
641	0
642	0
643	0
644	0
645	0
646	0
647	0
648	0
649	0
650	0
651	0
652	0
653	0
654	0
655	0
656	0
657	0
658	0
659	0
660	0
661	0
662	0
663	0
664	0
665	0
666	0
667	0
668	0
669	0
670	0
671	0
672	0
673	0
674	0
675	0
676	0
677	0
678	0
679	0
680	0
681	0
682	0
683	0
684	0
685	0
686	0
687	0
688	0
689	0
690	0
691	0
692	0
693	0
694	0
695	0
696	0
697	0
698	0
699	0
700	0
701	0
702	0
703	0
704	0
705	0
706	0
707	0
708	0
709	0
710	0
711	0
712	0
713	0
714	0
715	0
716	0
717	0
718	0
719	0
720	0
721	0
722	0
723	0
724	0
725	0
726	0
727	0
728	0
729	0
730	0
731	0
732	0
733	0
734	0
735	0
736	0
737	0
738	0
739	0
740	0
741	0
742	0
743	0
744	0
745	0
746	0
747	0
748	0
749	0
750	0
751	0
752	0
753	0
754	0
755	0
756	0
757	0
758	0
759	0
760	0
761	0
762	0
763	0
764	0
765	0
766	0
767	0
768	0
769	0
770	0
771	0
772	0
773	0
774	0
775	0
776	0
777	0
778	0
779	0
780	0
781	0
782	0
783	0
784	0
785	0
786	0
787	0
788	0
789	0
790	0
791	0
792	0
793	0
794	0
795	0
796	0
797	0
798	0
799	0
800	0
801	0
802	0
803	0
804	0
805	0
806	0
807	0
808	0
809	0
810	0
811	0
812	0
813	0
814	0
815	0
816	0
817	0
818	0
819	0
820	0
821	0
822	0
823	0
824	0
825	0
826	0
827	0
828	0
829	0
830	0
831	0
832	0
833	0
834	0
835	0
836	0
837	0
838	0
839	0
840	0
841	0
842	0
843	0
844	0
845	0
846	0
847	0
848	0
849	0
850	0
851	0
852	0
853	0
854	0
855	0
856	0
857	0
858	0
859	0
860	0
861	0
862	0
863	0
864	0
865	0
866	0
867	0
868	0
869	0
870	0
871	0
872	0
873	0
874	0
875	0
876	0
877	0
878	0
879	0
880	0
881	0
882	0
883	0
884	0
885	0
886	0
887	0
888	0
889	0
890	0
891	0
892	0
893	0
894	0
895	0
896	0
897	0
898	0
899	0
900	0
901	0
902	0
903	0
904	0
905	0
906	0
907	0
908	0
909	0
910	0
911	0
912	0
913	0
914	0
915	0
916	0
917	0
918	0
919	0
920	0
921	0
922	0
923	0
924	0
925	0
926	0
927	0
928	0
929	0
930	0
931	0
932	0
933	0
934	0
935	0
936	0
937	0
938	0
939	0
940	0
941	0
942	0
943	0
944	0
945	0
946	0
947	0
948	0
949	0
950	0
951	0
952	0
953	0
954	0
955	0
956	0
957	0
958	0
959	0
960	0
961	0
962	0
963	0
964	0
965	0
966	0
967	0
968	0
969	0
970	0
971	0
972	0
973	0
974	0
975	0
976	0
977	0
978	0
979	0
980	0
981	0
982	0
983	0
984	0
985	0
986	0
987	0
988	0
989	0
990	0
991	0
992	0
993	0
994	0
995	0
996	0
997	0
998	0
999	0
1000	0
1001	0
1002	0
1003	0
1004	0
1005	0
1006	0
1007	0
1008	0
1009	0
1010	0
1011	0
1012	0
1013	0
1014	0
1015	0
1016	0
1017	0
1018	0
1019	0
1020	0
1021	0
1022	0
1023	0
1024	0
1025	0
1026	0
1027	0
1028	0
1029	0
1030	0
1031	0
1032	0
1033	0
1034	0
1035	0
1036	0
1037	0
1038	0
1039	0
1040	0
1041	0
1042	0
1043	0
1044	0
1045	0
1046	0
1047	0
1048	0
1049	0
1050	0
1051	0
1052	0
1053	0
1054	0
1055	0
1056	0
1057	0
1058	0
1059	0
1060	0
1061	0
1062	0
1063	0
1064	0
1065	0
1066	0
1067	0
1068	0
1069	0
1070	0
1071	0
1072	0
1073	0
1074	0
1075	0
1076	0
1077	0
1078	0
1079	0
1080	0
1081	0
1082	0
1083	0
1084	0
1085	0
1086	0
1087	0
1088	0
1089	0
1090	0
1091	0
1092	0
1093	0
1094	0
1095	0
1096	0
1097	0
1098	0
1099	0
1100	0
1101	0
1102	0
1103	0
1104	0
1105	0
1106	0
1107	0
1108	0
1109	0
1110	0
1111	0
1112	0
1113	0
1114	0
1115	0
1116	0
1117	0
1118	0
1119	0
1120	0
1121	0
1122	0
1123	0
1124	0
1125	0
1126	0
1127	0
1128	0
1129	0
1130	0
1131	0
1132	0
1133	0
1134	0
1135	0
1136	0
1137	0
1138	0
1139	0
1140	0
1141	0
1142	0
1143	0
1144	0
1145	0
1146	0
1147	0
1148	0
1149	0
1150	0
1151	0
1152	0
1153	0
1154	0
1155	0
1156	0
1157	0
1158	0
1159	0
1160	0
1161	0
1162	0
1163	0
1164	0
1165	0
1166	0
1167	0
1168	0
1169	0
1170	0
1171	0
1172	0
1173	0
1174	0
1175	0
1176	0
1177	0
1178	0
1179	0
1180	0
1181	0
1182	0
1183	0
1184	0
1185	0
1186	0
1187	0
1188	0
1189	0
1190	0
1191	0
1192	0
1193	0
1194	0
1195	0
1196	0
1197	0
1198	0
1199	0
1200	0
1201	0
1202	0
1203	0
1204	0
1205	0
1206	0
1207	0
1208	0
1209	0
1210	0
1211	0
1212	0
1213	0
1214	0
1215	0
1216	0
1217	0
1218	0
1219	0
1220	0
1221	0
1222	0
1223	0
1224	0
1225	0
1226	0
1227	0
1228	0
1229	0
1230	0
1231	0
1232	0
1233	0
1234	0
1235	0
1236	0
1237	0
1238	0
1239	0
1240	0
1241	0
1242	0
1243	0
1244	0
1245	0
1246	0
1247	0
1248	0
1249	0
1250	0
1251	0
1252	0
1253	0
1254	0
1255	0
1256	0
1257	0
1258	0
1259	0
1260	0
1261	0
1262	0
1263	0
1264	0
1265	0
1266	0
1267	0
1268	0
1269	0
1270	0
1271	0
1272	0
1273	0
1274	0
1275	0
1276	0
1277	0
1278	0
1279	0
1280	0
1281	0
1282	0
1283	0
1284	0
1285	0
1286	0
1287	0
1288	0
1289	0
1290	0
1291	0
1292	0
1293	0
1294	0
1295	0
1296	0
1297	0
1298	0
1299	0
1300	0
1301	0
1302	0
1303	0
1304	0
1305	0
1306	0
1307	0
1308	0
1309	0
1310	0
1311	0
1312	0
1313	0
1314	0
1315	0
1316	0
1317	0
1318	0
1319	0
1320	0
1321	0
1322	0
1323	0
1324	0
1325	0
1326	0
1327	0
1328	0
1329	0
1330	0
1331	0
1332	0
1333	0
1334	0
1335	0
1336	0
1337	0
1338	0
1339	0
1340	0
1341	0
1342	0
1343	0
1344	0
1345	0
1346	0
1347	0
1348	0
1349	0
1350	0
1351	0
1352	0
1353	0
1354	0
1355	0
1356	0
1357	0
1358	0
1359	0
1360	0
1361	0
1362	0
1363	0
1364	0
1365	0
1366	0
1367	0
1368	0
1369	0
1370	0
1371	0
1372	0
1373	0
1374	0
1375	0
1376	0
1377	0
1378	0
1379	0
1380	0
1381	0
1382	0
1383	0
1384	0
1385	0
1386	0
1387	0
1388	0
1389	0
1390	0
1391	0
1392	0
1393	0
1394	0
1395	0
1396	0
1397	0
1398	0
1399	0
1400	0
1401	0
1402	0
1403	0
1404	0
1405	0
1406	0
1407	0
1408	0
1409	0
1410	0
1411	0
1412	0
1413	0
1414	0
1415	0
1416	0
1417	0
1418	0
1419	0
1420	0
1421	0
1422	0
1423	0
1424	0
1425	0
1426	0
1427	0
1428	0
1429	0
1430	0
1431	0
1432	0
1433	0
1434	0
1435	0
1436	0
1437	0
1438	0
1439	0
1440	0
1441	0
1442	0
1443	0
1444	0
1445	0
1446	0
1447	0
1448	0
1449	0
1450	0
1451	0
1452	0
1453	0
1454	0
1455	0
1456	0
1457	0
1458	0
1459	0
1460	0
1461	0
1462	0
1463	0
1464	0
1465	0
1466	0
1467	0
1468	0
1469	0
1470	0
1471	0
1472	0
1473	0
1474	0
1475	0
1476	0
1477	0
1478	0
1479	0
1480	0
1481	0
1482	0
1483	0
1484	0
1485	0
1486	0
1487	0
1488	0
1489	0
1490	0
1491	0
1492	0
1493	0
1494	0
1495	0
1496	0
1497	0
1498	0
1499	0
1500	0
1501	0
1502	0
1503	0
1504	0
1505	0
1506	0
1507	0
1508	0
1509	0
1510	0
1511	0
1512	0
1513	0
1514	0
1515	0
1516	0
1517	0
1518	0
1519	0
1520	0
1521	0
1522	0
1523	0
1524	0
1525	0
1526	0
1527	0
1528	0
1529	0
1530	0
1531	0
1532	0
1533	0
1534	0
1535	0
1536	0
1537	0
1538	0
1539	0
1540	0
1541	0
1542	0
1543	0
1544	0
1545	0
1546	0
1547	0
1548	0
1549	0
1550	0
1551	0
1552	0
1553	0
1554	0
1555	0
1556	0
1557	0
1558	0
1559	0
1560	0
1561	0
1562	0
1563	0
1564	0
1565	0
1566	0
1567	0
1568	0
1569	0
1570	0
1571	0
1572	0
1573	0
1574	0
1575	0
1576	0
1577	0
1578	0
1579	0
1580	0
1581	0
1582	0
1583	0
1584	0
1585	0
1586	0
1587	0
1588	0
1589	0
1590	0
1591	0
1592	0
1593	0
1594	0
1595	0
1596	0
1597	0
1598	0
1599	0
1600	0
1601	0
1602	0
1603	0
1604	0
1605	0
1606	0
1607	0
1608	0
1609	0
1610	0
1611	0
1612	0
1613	0
1614	0
1615	0
1616	0
1617	0
1618	0
1619	0
1620	0
1621	0
1622	0
1623	0
1624	0
1625	0
1626	0
1627	0
1628	0
1629	0
1630	0
1631	0
1632	0
1633	0
1634	0
1635	0
1636	0
1637	0
1638	0
1639	0
1640	0
1641	0
1642	0
1643	0
1644	0
1645	0
1646	0
1647	0
1648	0
1649	0
1650	0
1651	0
1652	0
1653	0
1654	0
1655	0
1656	0
1657	0
1658	0
1659	0
1660	0
1661	0
1662	0
1663	0
1664	0
1665	0
1666	0
1667	0
1668	0
1669	0
1670	0
1671	0
1672	0
1673	0
1674	0
1675	0
1676	0
1677	0
1678	0
1679	0
1680	0
1681	0
1682	0
1683	0
1684	0
1685	0
1686	0
1687	0
1688	0
1689	0
1690	0
1691	0
1692	0
1693	0
1694	0
1695	0
1696	0
1697	0
1698	0
1699	0
1700	0
1701	0
1702	0
1703	0
1704	0
1705	0
1706	0
1707	0
1708	0
1709	0
1710	0
1711	0
1712	0
1713	0
1714	0
1715	0
1716	0
1717	0
1718	0
1719	0
1720	0
1721	0
1722	0
1723	0
1724	0
1725	0
1726	0
1727	0
1728	0
1729	0
1730	0
1731	0
1732	0
1733	0
1734	0
1735	0
1736	0
1737	0
1738	0
1739	0
1740	0
1741	0
1742	0
1743	0
1744	0
1745	0
1746	0
1747	0
1748	0
1749	0
1750	0
1751	0
1752	0
1753	0
1754	0
1755	0
1756	0
1757	0
1758	0
1759	0
1760	0
1761	0
1762	0
1763	0
1764	0
1765	0
1766	0
1767	0
1768	0
1769	0
1770	0
1771	0
1772	0
1773	0
1774	0
1775	0
1776	0
1777	0
1778	0
1779	0
1780	0
1781	0
1782	0
1783	0
1784	0
1785	0
1786	0
1787	0
1788	0
1789	0
1790	0
1791	0
1792	0
1793	0
1794	0
1795	0
1796	0
1797	0
1798	0
1799	0
1800	1
1801	1
1802	1
1803	1
1804	1
1805	1
1806	1
1807	1
1808	1
1809	1
1810	1
1811	1
1812	1
1813	1
1814	1
1815	1
1816	1
1817	1
1818	1
1819	1
1820	1
1821	1
1822	1
1823	1
1824	1
1825	1
1826	1
1827	1
1828	1
1829	1
1830	1
1831	1
1832	1
1833	1
1834	1
1835	1
1836	1
1837	1
1838	1
1839	1
1840	1
1841	1
1842	1
1843	1
1844	1
1845	1
1846	1
1847	1
1848	1
1849	1
1850	1
1851	1
1852	1
1853	1
1854	1
1855	1
1856	1
1857	1
1858	1
1859	1
1860	1
1861	1
1862	1
1863	1
1864	1
1865	1
1866	1
1867	1
1868	1
1869	1
1870	1
1871	1
1872	1
1873	1
1874	1
1875	1
1876	1
1877	1
1878	1
1879	1
1880	1
1881	1
1882	1
1883	1
1884	1
1885	1
1886	1
1887	1
1888	1
1889	1
1890	1
1891	1
1892	1
1893	1
1894	1
1895	1
1896	1
1897	1
1898	1
1899	1
1900	1
1901	1
1902	1
1903	1
1904	1
1905	1
1906	1
1907	1
1908	1
1909	1
1910	1
1911	1
1912	1
1913	1
1914	1
1915	1
1916	1
1917	1
1918	1
1919	1
1920	1
1921	1
1922	1
1923	1
1924	1
1925	1
1926	1
1927	1
1928	1
1929	1
1930	1
1931	1
1932	1
1933	1
1934	1
1935	1
1936	1
1937	1
1938	1
1939	1
1940	1
1941	1
1942	1
1943	1
1944	1
1945	1
1946	1
1947	1
1948	1
1949	1
1950	1
1951	1
1952	1
1953	1
1954	1
1955	1
1956	1
1957	1
1958	1
1959	1
1960	1
1961	1
1962	1
1963	1
1964	1
1965	1
1966	1
1967	1
1968	1
1969	1
1970	1
1971	1
1972	1
1973	1
1974	1
1975	1
1976	1
1977	1
1978	1
1979	1
1980	1
1981	1
1982	1
1983	1
1984	1
1985	1
1986	1
1987	1
1988	1
1989	1
1990	1
1991	1
1992	1
1993	1
1994	1
1995	1
1996	1
1997	1
1998	1
1999	1
2000	1
2001	1
2002	1
2003	1
2004	1
2005	1
2006	1
2007	1
2008	1
2009	1
2010	1
2011	1
2012	1
2013	1
2014	1
2015	1
2016	1
2017	1
2018	1
2019	1
2020	1
2021	1
2022	1
2023	1
2024	1
2025	1
2026	1
2027	1
2028	1
2029	1
2030	1
2031	1
2032	1
2033	1
2034	1
2035	1
2036	1
2037	1
2038	1
2039	1
2040	1
2041	1
2042	1
2043	1
2044	1
2045	1
2046	1
2047	1
2048	1
2049	1
2050	1
2051	1
2052	1
2053	1
2054	1
2055	1
2056	1
2057	1
2058	1
2059	1
2060	1
2061	1
2062	1
2063	1
2064	1
2065	1
2066	1
2067	1
2068	1
2069	1
2070	1
2071	1
2072	1
2073	1
2074	1
2075	1
2076	1
2077	1
2078	1
2079	1
2080	1
2081	1
2082	1
2083	1
2084	1
2085	1
2086	1
2087	1
2088	1
2089	1
2090	1
2091	1
2092	1
2093	1
2094	1
2095	1
2096	1
2097	1
2098	1
2099	1
2100	1
2101	1
2102	1
2103	1
2104	1
2105	1
2106	1
2107	1
2108	1
2109	1
2110	1
2111	1
2112	1
2113	1
2114	1
2115	1
2116	1
2117	1
2118	1
2119	1
2120	1
2121	1
2122	1
2123	1
2124	1
2125	1
2126	1
2127	1
2128	1
2129	1
2130	1
2131	1
2132	1
2133	1
2134	1
2135	1
2136	1
2137	1
2138	1
2139	1
2140	1
2141	1
2142	1
2143	1
2144	1
2145	1
2146	1
2147	1
2148	1
2149	1
2150	1
2151	1
2152	1
2153	1
2154	1
2155	1
2156	1
2157	1
2158	1
2159	1
2160	1
2161	1
2162	1
2163	1
2164	1
2165	1
2166	1
2167	1
2168	1
2169	1
2170	1
2171	1
2172	1
2173	1
2174	1
2175	1
2176	1
2177	1
2178	1
2179	1
2180	1
2181	1
2182	1
2183	1
2184	1
2185	1
2186	1
2187	1
2188	1
2189	1
2190	1
2191	1
2192	1
2193	1
2194	1
2195	1
2196	1
2197	1
2198	1
2199	1
2200	1
2201	1
2202	1
2203	1
2204	1
2205	1
2206	1
2207	1
2208	1
2209	1
2210	1
2211	1
2212	1
2213	1
2214	1
2215	1
2216	1
2217	1
2218	1
2219	1
2220	1
2221	1
2222	1
2223	1
2224	1
2225	1
2226	1
2227	1
2228	1
2229	1
2230	1
2231	1
2232	1
2233	1
2234	1
2235	1
2236	1
2237	1
2238	1
2239	1
2240	1
2241	1
2242	1
2243	1
2244	1
2245	1
2246	1
2247	1
2248	1
2249	1
2250	1
2251	1
2252	1
2253	1
2254	1
2255	1
2256	1
2257	2
2258	2
2259	2
2260	2
2261	2
2262	2
2263	2
2264	2
2265	2
2266	2
2267	2
2268	2
2269	2
2270	2
2271	2
2272	2
2273	2
2274	2
2275	2
2276	2
2277	2
2278	2
2279	2
2280	2
2281	2
2282	2
2283	2
2284	2
2285	2
2286	2
2287	2
2288	2
2289	2
2290	2
2291	2
2292	2
2293	2
2294	2
2295	2
2296	2
2297	2
2298	2
2299	2
2300	2
2301	2
2302	2
2303	2
2304	2
2305	2
2306	2
2307	2
2308	2
2309	2
2310	2
2311	2
2312	2
2313	2
2314	2
2315	2
2316	2
2317	2
2318	2
2319	2
2320	2
2321	2
2322	2
2323	2
2324	2
2325	2
2326	2
2327	2
2328	2
2329	2
2330	2
2331	2
2332	2
2333	2
2334	2
2335	2
2336	2
2337	2
2338	2
2339	2
2340	2
2341	2
2342	2
2343	2
2344	2
2345	2
2346	2
2347	2
2348	2
2349	2
2350	2
2351	2
2352	2
2353	2
2354	2
2355	2
2356	2
2357	2
2358	2
2359	2
2360	2
2361	2
2362	2
2363	2
2364	2
2365	2
2366	2
2367	2
2368	2
2369	2
2370	2
2371	2
2372	2
2373	2
2374	2
2375	2
2376	2
2377	2
2378	2
2379	2
2380	2
2381	2
2382	2
2383	2
2384	2
2385	2
2386	2
2387	2
2388	2
2389	2
2390	2
2391	2
2392	2
2393	2
2394	2
2395	2
2396	2
2397	2
2398	2
2399	2
2400	2
2401	2
2402	2
2403	2
2404	2
2405	2
2406	2
2407	2
2408	2
2409	2
2410	2
2411	2
2412	2
2413	2
2414	2
2415	2
2416	2
2417	2
2418	2
2419	2
2420	2
2421	2
2422	2
2423	2
2424	2
2425	3
2426	3
2427	3
2428	3
2429	3
2430	3
2431	3
2432	3
2433	3
2434	3
2435	3
2436	3
2437	3
2438	3
2439	3
2440	3
2441	3
2442	3
2443	3
2444	3
2445	3
2446	3
2447	3
2448	3
2449	3
2450	3
2451	3
2452	3
2453	3
2454	3
2455	3
2456	3
2457	3
2458	3
2459	3
2460	3
2461	3
2462	3
2463	3
2464	3
2465	3
2466	3
2467	3
2468	3
2469	3
2470	3
2471	3
2472	3
2473	3
2474	3
2475	3
2476	3
2477	3
2478	3
2479	3
2480	3
2481	3
2482	3
2483	3
2484	3
2485	3
2486	3
2487	3
2488	3
2489	3
2490	3
2491	3
2492	3
2493	3
2494	3
2495	3
2496	3
2497	3
2498	3
2499	3
2500	3
2501	3
2502	3
2503	3
2504	3
2505	3
2506	3
2507	3
2508	3
2509	3
2510	3
2511	3
2512	3
2513	3
2514	3
2515	3
2516	3
2517	3
2518	3
2519	3
2520	3
2521	3
2522	3
2523	3
2524	3
2525	3
2526	3
2527	3
2528	3
2529	3
2530	3
2531	3
2532	3
2533	3
2534	3
2535	3
2536	3
2537	3
2538	3
2539	3
2540	3
2541	3
2542	3
2543	3
2544	3
2545	3
2546	3
2547	3
2548	3
2549	3
2550	3
2551	3
2552	3
2553	3
2554	3
2555	3
2556	3
2557	3
2558	3
2559	3
2560	3
2561	3
2562	3
2563	3
2564	3
2565	3
2566	3
2567	3
2568	3
2569	3
2570	3
2571	3
2572	3
2573	3
2574	3
2575	3
2576	3
2577	3
2578	3
2579	3
2580	3
2581	3
2582	3
2583	3
2584	3
2585	3
2586	3
2587	3
2588	3
2589	3
2590	3
2591	3
2592	3
2593	3
2594	3
2595	3
2596	3
2597	3
2598	3
2599	3
2600	3
2601	3
2602	3
2603	3
2604	3
2605	3
2606	3
2607	3
2608	3
2609	3
2610	3
2611	3
2612	3
2613	3
2614	3
2615	3
2616	3
2617	3
2618	3
2619	3
2620	3
2621	3
2622	3
2623	3
2624	3
2625	3
2626	3
2627	3
2628	3
2629	3
2630	3
2631	3
2632	3
2633	3
2634	3
2635	3
2636	3
2637	3
2638	3
2639	3
2640	3
2641	3
2642	3
2643	3
2644	3
2645	3
2646	3
2647	3
2648	3
2649	3
2650	3
2651	3
2652	3
2653	3
2654	3
2655	3
2656	3
2657	3
2658	3
2659	3
2660	3
2661	3
2662	3
2663	3
2664	3
2665	3
2666	3
2667	3
2668	3
2669	3
2670	3
2671	3
2672	3
2673	3
2674	3
2675	3
2676	3
2677	3
2678	3
2679	3
2680	3
2681	3
2682	3
2683	3
2684	3
2685	3
2686	3
2687	3
2688	3
2689	3
2690	3
2691	3
2692	3
2693	3
2694	3
2695	3
2696	3
2697	3
2698	3
2699	3
2700	3
2701	3
2702	3
2703	3
2704	3
2705	3
2706	3
2707	3
2708	3
2709	3
2710	3
2711	3
2712	3
2713	3
2714	3
2715	3
2716	3
2717	3
2718	3
2719	3
2720	3
2721	3
2722	3
2723	3
2724	3
2725	3
2726	3
2727	3
2728	3
2729	3
2730	3
2731	3
2732	3
2733	3
2734	3
2735	3
2736	3
2737	3
2738	3
2739	3
2740	3
2741	3
2742	3
2743	3
2744	3
2745	3
2746	3
2747	3
2748	3
2749	3
2750	3
2751	3
2752	3
2753	3
2754	3
2755	3
2756	3
2757	3
2758	3
2759	3
2760	3
2761	3
2762	3
2763	3
2764	3
2765	3
2766	3
2767	3
2768	3
2769	3
2770	3
2771	3
2772	3
2773	3
2774	3
2775	3
2776	3
2777	3
2778	3
2779	3
2780	3
2781	3
2782	3
2783	3
2784	3
2785	3
2786	3
2787	3
2788	3
2789	3
2790	3
2791	3
2792	3
2793	3
2794	3
2795	3
2796	3
2797	3
2798	3
2799	3
2800	3
2801	3
2802	3
2803	3
2804	3
2805	3
2806	3
2807	3
2808	3
2809	3
2810	3
2811	3
2812	3
2813	3
2814	3
2815	3
2816	3
2817	3
2818	3
2819	3
2820	3
2821	3
2822	3
2823	3
2824	3
2825	3
2826	3
2827	3
2828	3
2829	3
2830	3
2831	3
2832	3
2833	3
2834	3
2835	3
2836	3
2837	3
2838	3
2839	3
2840	3
2841	3
2842	3
2843	3
2844	3
2845	3
2846	3
2847	3
2848	3
2849	3
2850	3
2851	3
2852	3
2853	3
2854	3
2855	3
2856	3
2857	3
2858	3
2859	3
2860	3
2861	3
2862	3
2863	3
2864	3
2865	3
2866	3
2867	3
2868	3
2869	3
2870	3
2871	3
2872	3
2873	3
2874	3
2875	3
2876	3
2877	3
2878	3
2879	3
2880	3
2881	3
2882	3
2883	3
2884	3
2885	3
2886	3
2887	3
2888	3
2889	3
2890	3
2891	3
2892	3
2893	3
2894	3
2895	3
2896	3
2897	3
2898	3
2899	3
2900	3
2901	3
2902	3
2903	3
2904	3
2905	3
2906	3
2907	3
2908	3
2909	3
2910	3
2911	3
2912	3
2913	3
2914	3
2915	3
2916	3
2917	3
2918	3
2919	3
2920	3
2921	3
2922	3
2923	3
2924	3
2925	3
2926	3
2927	3
2928	3
2929	3
2930	3
2931	3
2932	3
2933	3
2934	3
2935	3
2936	3
2937	3
2938	3
2939	3
2940	3
2941	3
2942	3
2943	3
2944	3
2945	3
2946	3
2947	3
2948	3
2949	3
2950	3
2951	3
2952	3
2953	3
2954	3
2955	3
2956	3
2957	3
2958	3
2959	3
2960	3
2961	3
2962	3
2963	3
2964	3
2965	3
2966	3
2967	3
2968	3
2969	3
2970	3
2971	3
2972	3
2973	3
2974	3
2975	3
2976	3
2977	3
2978	3
2979	3
2980	3
2981	3
2982	3
2983	3
2984	3
2985	3
2986	3
2987	3
2988	3
2989	3
2990	3
2991	3
2992	3
2993	3
2994	3
2995	3
2996	3
2997	3
2998	3
2999	3
3000	3
3001	3
3002	3
3003	3
3004	3
3005	3
3006	3
3007	3
3008	3
3009	3
3010	3
3011	3
3012	3
3013	3
3014	3
3015	3
3016	3
3017	3
3018	3
3019	3
3020	3
3021	3
3022	3
3023	3
3024	3
3025	3
3026	3
3027	3
3028	3
3029	3
3030	3
3031	3
3032	3
3033	3
3034	3
3035	3
3036	3
3037	3
3038	3
3039	3
3040	3
3041	3
3042	3
3043	3
3044	3
3045	3
3046	3
3047	3
3048	3
3049	3
3050	3
3051	3
3052	3
3053	3
3054	3
3055	3
3056	3
3057	3
3058	3
3059	3
3060	3
3061	3
3062	3
3063	3
3064	3
3065	3
3066	3
3067	3
3068	3
3069	3
3070	3
3071	3
3072	3
3073	3
3074	3
3075	3
3076	3
3077	3
3078	3
3079	3
3080	3
3081	3
3082	3
3083	3
3084	3
3085	3
3086	3
3087	3
3088	3
3089	3
3090	3
3091	3
3092	3
3093	3
3094	3
3095	3
3096	3
3097	3
3098	3
3099	3
3100	3
3101	3
3102	3
3103	3
3104	3
3105	3
3106	3
3107	3
3108	3
3109	3
3110	3
3111	3
3112	3
3113	3
3114	3
3115	3
3116	3
3117	3
3118	3
3119	3
3120	3
3121	3
3122	3
3123	3
3124	3
3125	3
3126	3
3127	3
3128	3
3129	3
3130	3
3131	3
3132	3
3133	3
3134	3
3135	3
3136	3
3137	3
3138	3
3139	3
3140	4
3141	4
3142	4
3143	4
3144	4
3145	4
3146	4
3147	4
3148	4
3149	4
3150	4
3151	4
3152	4
3153	4
3154	4
3155	4
3156	4
3157	4
3158	4
3159	4
3160	4
3161	4
3162	4
3163	4
3164	4
3165	4
3166	4
3167	4
3168	4
3169	4
3170	4
3171	4
3172	4
3173	4
3174	4
3175	4
3176	4
3177	4
3178	4
3179	4
3180	4
3181	4
3182	4
3183	4
3184	4
3185	4
3186	4
3187	4
3188	4
3189	4
3190	4
3191	4
3192	4
3193	4
3194	4
3195	4
3196	4
3197	4
3198	4
3199	4
3200	4
3201	4
3202	4
3203	4
3204	4
3205	4
3206	4
3207	4
3208	4
3209	4
3210	4
3211	4
3212	4
3213	4
3214	4
3215	4
3216	4
3217	4
3218	4
3219	4
3220	4
3221	4
3222	4
3223	4
3224	4
3225	4
3226	4
3227	4
3228	4
3229	4
3230	4
3231	4
3232	4
3233	4
3234	4
3235	4
3236	4
3237	4
3238	4
3239	4
3240	4
3241	4
3242	4
3243	4
3244	4
3245	4
3246	4
3247	4
3248	4
3249	4
3250	4
3251	4
3252	4
3253	4
3254	4
3255	4
3256	4
3257	4
3258	4
3259	4
3260	4
3261	4
3262	4
3263	4
3264	4
3265	4
3266	4
3267	4
3268	4
3269	4
3270	4
3271	4
3272	4
3273	4
3274	4
3275	4
3276	4
3277	4
3278	4
3279	4
3280	4
3281	4
3282	4
3283	4
3284	4
3285	4
3286	4
3287	4
3288	4
3289	4
3290	4
3291	4
3292	4
3293	4
3294	4
3295	4
3296	4
3297	4
3298	4
3299	4
3300	4
3301	4
3302	4
3303	4
3304	4
3305	4
3306	4
3307	4
3308	4
3309	4
3310	4
3311	4
3312	4
3313	4
3314	4
3315	4
3316	4
3317	4
3318	4
3319	4
3320	4
3321	4
3322	4
3323	4
3324	4
3325	4
3326	4
3327	4
3328	4
3329	4
3330	4
3331	4
3332	4
3333	4
3334	4
3335	4
3336	4
3337	4
3338	4
3339	4
3340	4
3341	4
3342	4
3343	4
3344	4
3345	4
3346	4
3347	4
3348	4
3349	4
3350	4
3351	4
3352	4
3353	4
3354	4
3355	4
3356	4
3357	4
3358	4
3359	4
3360	4
3361	4
3362	4
3363	4
3364	4
3365	4
3366	4
3367	4
3368	4
3369	4
3370	4
3371	4
3372	4
3373	4
3374	4
3375	4
3376	4
3377	4
3378	4
3379	4
3380	4
3381	4
3382	4
3383	4
3384	4
3385	4
3386	4
3387	4
3388	4
3389	4
3390	4
3391	4
3392	4
3393	4
3394	4
3395	4
3396	4
3397	4
3398	4
3399	4
3400	4
3401	4
3402	4
3403	4
3404	4
3405	4
3406	4
3407	4
3408	4
3409	4
3410	4
3411	4
3412	4
3413	4
3414	4
3415	4
3416	4
3417	4
3418	4
3419	4
3420	4
3421	4
3422	4
3423	4
3424	4
3425	4
3426	4
3427	4
3428	4
3429	4
3430	4
3431	4
3432	4
3433	4
3434	4
3435	4
3436	4
3437	4
3438	4
3439	4
3440	4
3441	4
3442	4
3443	4
3444	4
3445	4
3446	4
3447	4
3448	4
3449	4
3450	4
3451	4
3452	4
3453	4
3454	4
3455	4
3456	4
3457	4
3458	4
3459	4
3460	4
3461	4
3462	4
3463	4
3464	4
3465	4
3466	4
3467	4
3468	4
3469	4
3470	4
3471	4
3472	4
3473	4
3474	4
3475	4
3476	4
3477	4
3478	4
3479	4
3480	4
3481	4
3482	4
3483	4
3484	4
3485	4
3486	4
3487	4
3488	4
3489	4
3490	4
3491	4
3492	4
3493	4
3494	4
3495	4
3496	4
3497	4
3498	4
3499	4
3500	4
3501	4
3502	4
3503	4
3504	4
3505	4
3506	4
3507	4
3508	4
3509	4
3510	4
3511	4
3512	4
3513	4
3514	4
3515	4
3516	4
3517	4
3518	4
3519	4
3520	4
3521	4
3522	4
3523	4
3524	4
3525	4
3526	4
3527	4
3528	4
3529	4
3530	4
3531	4
3532	4
3533	4
3534	4
3535	4
3536	4
3537	4
3538	4
3539	4
3540	4
3541	4
3542	4
3543	4
3544	4
3545	4
3546	4
3547	4
3548	4
3549	4
3550	4
3551	4
3552	4
3553	4
3554	4
3555	4
3556	4
3557	4
3558	4
3559	4
3560	4
3561	4
3562	4
3563	4
3564	4
3565	4
3566	4
3567	4
3568	4
3569	4
3570	4
3571	4
3572	4
3573	4
3574	4
3575	4
3576	4
3577	4
3578	4
3579	4
3580	4
3581	4
3582	4
3583	4
3584	4
3585	4
3586	4
3587	4
3588	4
3589	4
3590	4
3591	4
3592	4
3593	4
3594	4
3595	4
3596	4
3597	4
3598	4
3599	4
3600	4
3601	4
3602	4
3603	4
3604	4
3605	4
3606	4
3607	4
3608	4
3609	4
3610	4
3611	4
3612	4
3613	4
3614	4
3615	4
3616	4
3617	4
3618	4
3619	4
3620	4
3621	4
3622	4
3623	4
3624	4
3625	4
3626	4
3627	4
3628	4
3629	4
3630	4
3631	4
3632	4
3633	4
3634	4
3635	4
3636	4
3637	4
3638	4
3639	4
3640	4
3641	4
3642	4
3643	4
3644	4
3645	4
3646	4
3647	4
3648	4
3649	4
3650	4
3651	4
3652	4
3653	4
3654	4
3655	4
3656	4
3657	4
3658	4
3659	4
3660	4
3661	4
3662	4
3663	4
3664	4
3665	4
3666	4
3667	4
3668	4
3669	4
3670	4
3671	4
3672	4
3673	4
3674	4
3675	4
3676	4
3677	4
3678	4
3679	4
3680	4
3681	4
3682	4
3683	4
3684	4
3685	4
3686	4
3687	4
3688	4
3689	4
3690	4
3691	4
3692	4
3693	4
3694	4
3695	4
3696	4
3697	4
3698	4
3699	4
3700	4
3701	4
3702	4
3703	4
3704	4
3705	4
3706	4
3707	4
3708	4
3709	4
3710	4
3711	4
3712	4
3713	4
3714	4
3715	4
3716	4
3717	4
3718	4
3719	4
3720	4
3721	4
3722	4
3723	4
3724	4
3725	4
3726	4
3727	4
3728	4
3729	4
3730	4
3731	4
3732	4
3733	4
3734	4
3735	4
3736	4
3737	4
3738	4
3739	4
3740	4
3741	4
3742	4
3743	4
3744	4
3745	4
3746	4
3747	4
3748	4
3749	4
3750	4
3751	4
3752	4
3753	4
3754	4
3755	4
3756	4
3757	4
3758	4
3759	4
3760	4
3761	4
3762	4
3763	4
3764	4
3765	4
3766	4
3767	4
3768	4
3769	4
3770	4
3771	4
3772	4
3773	4
3774	4
3775	4
3776	4
3777	4
3778	4
3779	4
3780	4
3781	4
3782	4
3783	4
3784	4
3785	4
3786	4
3787	4
3788	4
3789	4
3790	4
3791	4
3792	4
3793	4
3794	4
3795	4
3796	4
3797	4
3798	4
3799	4
3800	4
3801	4
3802	4
3803	4
3804	4
3805	4
3806	4
3807	4
3808	4
3809	4
3810	4
3811	4
3812	4
3813	4
3814	4
3815	4
3816	4
3817	4
3818	4
3819	4
3820	4
3821	4
3822	4
3823	4
3824	4
3825	4
3826	4
3827	4
3828	4
3829	4
3830	4
3831	4
3832	4
3833	4
3834	4
3835	4
3836	4
3837	4
3838	4
3839	4
3840	4
3841	4
3842	4
3843	4
3844	4
3845	4
3846	4
3847	4
3848	4
3849	4
3850	4
3851	4
3852	4
3853	4
3854	4
3855	4
3856	4
3857	4
3858	4
3859	4
3860	4
3861	4
3862	4
3863	4
3864	4
3865	4
3866	4
3867	4
3868	4
3869	4
3870	4
3871	4
3872	4
3873	4
3874	4
3875	4
3876	4
3877	4
3878	4
3879	4
3880	4
3881	4
3882	4
3883	4
3884	4
3885	4
3886	4
3887	4
3888	4
3889	4
3890	4
3891	4
3892	4
3893	4
3894	4
3895	4
3896	4
3897	4
3898	4
3899	4
3900	4
3901	4
3902	4
3903	4
3904	4
3905	4
3906	4
3907	4
3908	4
3909	4
3910	4
3911	4
3912	4
3913	4
3914	4
3915	4
3916	4
3917	4
3918	4
3919	4
3920	4
3921	4
3922	4
3923	4
3924	4
3925	4
3926	4
3927	4
3928	4
3929	4
3930	4
3931	4
3932	4
3933	4
3934	4
3935	4
3936	4
3937	4
3938	4
3939	4
3940	4
3941	4
3942	4
3943	4
3944	4
3945	4
3946	4
3947	4
3948	4
3949	4
3950	4
3951	4
3952	4
3953	4
3954	4
3955	4
3956	4
3957	4
3958	4
3959	4
3960	4
3961	4
3962	4
3963	4
3964	4
3965	4
3966	4
3967	4
3968	4
3969	4
3970	4
3971	4
3972	4
3973	4
3974	4
3975	4
3976	4
3977	4
3978	4
3979	4
3980	4
3981	4
3982	4
3983	4
3984	4
3985	4
3986	4
3987	4
3988	4
3989	4
3990	4
3991	4
3992	4
3993	4
3994	4
3995	4
3996	4
3997	4
3998	4
3999	4
4000	4
4001	4
4002	4
4003	4
4004	4
4005	4
4006	4
4007	4
4008	4
4009	4
4010	4
4011	4
4012	4
4013	4
4014	4
4015	4
4016	4
4017	4
4018	4
4019	4
4020	4
4021	4
4022	4
4023	4
4024	4
4025	4
4026	4
4027	4
4028	4
4029	4
4030	4
4031	4
4032	4
4033	4
4034	4
4035	4
4036	4
4037	4
4038	4
4039	4
4040	4
4041	4
4042	4
4043	4
4044	4
4045	4
4046	4
4047	4
4048	4
4049	4
4050	4
4051	4
4052	4
4053	4
4054	4
4055	4
4056	4
4057	4
4058	4
4059	4
4060	4
4061	4
4062	4
4063	4
4064	4
4065	4
4066	4
4067	4
4068	4
4069	4
4070	4
4071	4
4072	4
4073	4
4074	4
4075	4
4076	4
4077	4
4078	4
4079	4
4080	4
4081	4
4082	4
4083	4
4084	4
4085	4
4086	4
4087	4
4088	4
4089	4
4090	4
4091	4
4092	4
4093	4
4094	4
4095	4
4096	4
4097	4
4098	4
4099	4
4100	4
4101	4
4102	4
4103	4
4104	4
4105	4
4106	4
4107	4
4108	4
4109	4
4110	4
4111	4
4112	4
4113	4
4114	4
4115	4
4116	4
4117	4
4118	4
4119	4
4120	4
4121	4
4122	4
4123	4
4124	4
4125	4
4126	4
4127	4
4128	4
4129	4
4130	4
4131	4
4132	4
4133	4
4134	4
4135	4
4136	4
4137	4
4138	4
4139	4
4140	4
4141	4
4142	4
4143	4
4144	4
4145	4
4146	4
4147	4
4148	4
4149	4
4150	4
4151	4
4152	4
4153	4
4154	4
4155	4
4156	4
4157	4
4158	4
4159	4
4160	4
4161	4
4162	4
4163	4
4164	4
4165	4
4166	4
4167	4
4168	4
4169	4
4170	4
4171	4
4172	4
4173	4
4174	4
4175	4
4176	4
4177	4
4178	4
4179	4
4180	4
4181	4
4182	4
4183	4
4184	4
4185	4
4186	4
4187	4
4188	4
4189	4
4190	4
4191	4
4192	4
4193	4
4194	4
4195	4
4196	4
4197	4
4198	4
4199	4
4200	4
4201	4
4202	4
4203	4
4204	4
4205	4
4206	4
4207	4
4208	4
4209	4
4210	4
4211	4
4212	4
4213	4
4214	4
4215	4
4216	4
4217	4
4218	4
4219	4
4220	4
4221	4
4222	4
4223	4
4224	4
4225	4
4226	4
4227	4
4228	4
4229	4
4230	4
4231	4
4232	4
4233	4
4234	4
4235	4
4236	4
4237	4
4238	4
4239	4
4240	4
4241	4
4242	4
4243	4
4244	4
4245	4
4246	4
4247	4
4248	4
4249	4
4250	4
4251	4
4252	4
4253	4
4254	4
4255	4
4256	4
4257	4
4258	4
4259	4
4260	4
4261	4
4262	4
4263	4
4264	4
4265	4
4266	4
4267	4
4268	4
4269	4
4270	4
4271	4
4272	4
4273	4
4274	4
4275	4
4276	4
4277	4
4278	4
4279	4
4280	4
4281	4
4282	4
4283	4
4284	4
4285	4
4286	4
4287	4
4288	4
4289	4
4290	4
4291	4
4292	4
4293	4
4294	4
4295	4
4296	4
4297	4
4298	4
4299	4
4300	4
4301	4
4302	4
4303	4
4304	4
4305	4
4306	4
4307	4
4308	4
4309	4
4310	4
4311	4
4312	4
4313	4
4314	4
4315	4
4316	4
4317	4
4318	4
4319	4
4320	4
4321	4
4322	4
4323	4
4324	4
4325	4
4326	4
4327	4
4328	4
4329	4
4330	4
4331	4
4332	4
4333	4
4334	4
4335	4
4336	4
4337	4
4338	4
4339	4
4340	4
4341	4
4342	4
4343	4
4344	4
4345	5
4346	5
4347	5
4348	5
4349	5
4350	5
4351	5
4352	5
4353	5
4354	5
4355	5
4356	5
4357	5
4358	5
4359	5
4360	5
4361	5
4362	5
4363	5
4364	5
4365	5
4366	5
4367	5
4368	5
4369	5
4370	5
4371	5
4372	5
4373	5
4374	5
4375	5
4376	5
4377	5
4378	5
4379	5
4380	5
4381	5
4382	5
4383	5
4384	5
4385	5
4386	5
4387	5
4388	5
4389	5
4390	5
4391	5
4392	5
4393	5
4394	5
4395	5
4396	5
4397	5
4398	5
4399	5
4400	5
4401	5
4402	5
4403	5
4404	5
4405	5
4406	5
4407	5
4408	5
4409	5
4410	5
4411	5
4412	5
4413	5
4414	5
4415	5
4416	5
4417	5
4418	5
4419	5
4420	5
4421	5
4422	5
4423	5
4424	5
4425	5
4426	5
4427	5
4428	5
4429	5
4430	5
4431	5
4432	5
4433	5
4434	5
4435	5
4436	5
4437	5
4438	5
4439	5
4440	5
4441	5
4442	5
4443	5
4444	5
4445	5
4446	5
4447	5
4448	5
4449	5
4450	5
4451	5
4452	5
4453	5
4454	5
4455	5
4456	5
4457	5
4458	5
4459	5
4460	5
4461	5
4462	5
4463	5
4464	5
4465	5
4466	5
4467	5
4468	5
4469	5
4470	5
4471	5
4472	5
4473	5
4474	5
4475	5
4476	5
4477	5
4478	5
4479	5
4480	5
4481	5
4482	5
4483	5
4484	5
4485	5
4486	5
4487	5
4488	5
4489	5
4490	5
4491	5
4492	5
4493	5
4494	5
4495	5
4496	5
4497	5
4498	5
4499	5
4500	5
4501	5
4502	5
4503	5
4504	5
4505	5
4506	5
4507	5
4508	5
4509	5
4510	5
4511	5
4512	5
4513	5
4514	5
4515	5
4516	5
4517	5
4518	5
4519	5
4520	5
4521	5
4522	5
4523	5
4524	5
4525	5
4526	5
4527	5
4528	5
4529	5
4530	5
4531	5
4532	5
4533	5
4534	5
4535	5
4536	5
4537	5
4538	5
4539	5
4540	5
4541	5
4542	5
4543	5
4544	5
4545	5
4546	5
4547	5
4548	5
4549	5
4550	5
4551	5
4552	5
4553	5
4554	5
4555	5
4556	5
4557	5
4558	5
4559	5
4560	5
4561	5
4562	5
4563	5
4564	5
4565	5
4566	5
4567	5
4568	5
4569	5
4570	5
4571	5
4572	5
4573	5
4574	5
4575	5
4576	5
4577	5
4578	5
4579	5
4580	5
4581	5
4582	5
4583	5
4584	5
4585	5
4586	5
4587	5
4588	5
4589	5
4590	5
4591	5
4592	5
4593	5
4594	5
4595	5
4596	5
4597	5
4598	5
4599	5
4600	5
4601	5
4602	5
4603	5
4604	5
4605	5
4606	5
4607	5
4608	5
4609	5
4610	5
4611	5
4612	5
4613	5
4614	5
4615	5
4616	5
4617	5
4618	5
4619	5
4620	5
4621	5
4622	5
4623	5
4624	5
4625	5
4626	5
4627	5
4628	5
4629	5
4630	5
4631	5
4632	5
4633	5
4634	5
4635	5
4636	5
4637	5
4638	5
4639	5
4640	5
4641	5
4642	5
4643	5
4644	5
4645	5
4646	5
4647	5
4648	5
4649	5
4650	5
4651	5
4652	5
4653	5
4654	5
4655	5
4656	5
4657	5
4658	5
4659	5
4660	5
4661	5
4662	5
4663	5
4664	5
4665	5
4666	5
4667	5
4668	5
4669	5
4670	5
4671	5
4672	5
4673	5
4674	5
4675	5
4676	5
4677	5
4678	5
4679	5
4680	5
4681	5
4682	5
4683	5
4684	5
4685	5
4686	5
4687	5
4688	5
4689	5
4690	5
4691	5
4692	5
4693	5
4694	5
4695	5
4696	5
4697	5
4698	5
4699	5
4700	5
4701	5
4702	5
4703	5
4704	5
4705	5
4706	5
4707	5
4708	5
4709	5
4710	5
4711	5
4712	5
4713	5
4714	5
4715	5
4716	5
4717	5
4718	5
4719	5
4720	5
4721	5
4722	5
4723	5
4724	5
4725	5
4726	5
4727	5
4728	5
4729	5
4730	5
4731	5
4732	5
4733	5
4734	5
4735	5
4736	5
4737	5
4738	5
4739	5
4740	5
4741	5
4742	5
4743	6
4744	6
4745	6
4746	6
4747	6
4748	6
4749	6
4750	6
4751	6
4752	6
4753	6
4754	6
4755	6
4756	6
4757	6
4758	6
4759	6
4760	6
4761	6
4762	6
4763	6
4764	6
4765	6
4766	6
4767	6
4768	6
4769	6
4770	6
4771	6
4772	6
4773	6
4774	6
4775	6
4776	6
4777	6
4778	6
4779	6
4780	6
4781	6
4782	6
4783	6
4784	6
4785	6
4786	6
4787	6
4788	6
4789	6
4790	6
4791	6
4792	6
4793	6
4794	6
4795	6
4796	6
4797	6
4798	6
4799	6
4800	6
4801	6
4802	6
4803	6
4804	6
4805	6
4806	6
4807	6
4808	6
4809	6
4810	6
4811	6
4812	6
4813	6
4814	6
4815	6
4816	6
4817	6
4818	6
4819	6
4820	6
4821	6
4822	6
4823	6
4824	6
4825	6
4826	6
4827	6
4828	6
4829	6
4830	6
4831	6
4832	6
4833	6
4834	6
4835	6
4836	6
4837	6
4838	6
4839	6
4840	6
4841	6
4842	6
4843	6
4844	6
4845	6
4846	6
4847	6
4848	6
4849	6
4850	6
4851	6
4852	6
4853	6
4854	6
4855	6
4856	6
4857	6
4858	6
4859	6
4860	6
4861	6
4862	6
4863	6
4864	6
4865	6
4866	6
4867	6
4868	6
4869	6
4870	6
4871	6
4872	6
4873	6
4874	6
4875	6
4876	6
4877	6
4878	6
4879	6
4880	6
4881	6
4882	6
4883	6
4884	6
4885	6
4886	6
4887	6
4888	6
4889	6
4890	6
4891	6
4892	6
4893	6
4894	6
4895	6
4896	6
4897	6
4898	6
4899	6
4900	6
4901	6
4902	6
4903	6
4904	6
4905	6
4906	6
4907	6
4908	6
4909	6
4910	6
4911	6
4912	6
4913	6
4914	6
4915	6
4916	6
4917	6
4918	6
4919	6
4920	6
4921	6
4922	6
4923	6
4924	6
4925	6
4926	6
4927	6
4928	6
4929	6
4930	6
4931	6
4932	6
4933	6
4934	6
4935	6
4936	6
4937	6
4938	6
4939	6
4940	6
4941	6
4942	6
4943	6
4944	6
4945	6
4946	6
4947	6
4948	6
4949	6
4950	6
4951	6
4952	6
4953	6
4954	6
4955	6
4956	6
4957	6
4958	6
4959	6
4960	6
4961	6
4962	6
4963	6
4964	6
4965	6
4966	6
4967	6
4968	6
4969	6
4970	6
4971	6
4972	6
4973	6
4974	6
4975	6
4976	6
4977	6
4978	6
4979	6
4980	6
4981	6
4982	6
4983	6
4984	6
4985	6
4986	6
4987	6
4988	6
4989	6
4990	6
4991	6
4992	6
4993	6
4994	6
4995	6
4996	6
4997	6
4998	6
4999	6
5000	6
5001	6
5002	6
5003	6
5004	6
5005	6
5006	6
5007	6
5008	6
5009	6
5010	6
5011	6
5012	6
5013	6
5014	6
5015	6
5016	6
5017	6
5018	6
5019	6
5020	6
5021	6
5022	6
5023	6
5024	6
5025	6
5026	6
5027	6
5028	6
5029	6
5030	6
5031	6
5032	6
5033	6
5034	6
5035	6
5036	6
5037	6
5038	6
5039	6
5040	6
5041	6
5042	6
5043	6
5044	6
5045	6
5046	6
5047	6
5048	6
5049	6
5050	6
5051	6
5052	6
5053	6
5054	6
5055	6
5056	6
5057	6
5058	6
5059	6
5060	6
5061	6
5062	6
5063	6
5064	6
5065	6
5066	6
5067	6
5068	6
5069	6
5070	6
5071	6
5072	6
5073	6
5074	6
5075	6
5076	6
5077	6
5078	6
5079	6
5080	6
5081	6
5082	6
5083	6
5084	6
5085	6
5086	6
5087	6
5088	6
5089	6
5090	6
5091	6
5092	6
5093	6
5094	6
5095	6
5096	6
5097	6
5098	6
5099	6
5100	6
5101	6
5102	6
5103	6
5104	6
5105	6
5106	6
5107	6
5108	6
5109	6
5110	6
5111	6
5112	6
5113	6
5114	6
5115	6
5116	6
5117	6
5118	6
5119	6
5120	6
5121	6
5122	6
5123	6
5124	6
5125	6
5126	6
5127	6
5128	6
5129	6
5130	6
5131	6
5132	6
5133	6
5134	6
5135	6
5136	6
5137	6
5138	6
5139	6
5140	6
5141	6
5142	6
5143	6
5144	6
5145	6
5146	6
5147	6
5148	6
5149	6
5150	6
5151	6
5152	6
5153	6
5154	6
5155	6
5156	6
5157	6
5158	6
5159	6
5160	6
5161	6
5162	6
5163	6
5164	6
5165	6
5166	6
5167	6
5168	6
5169	6
5170	6
5171	6
5172	6
5173	6
5174	6
5175	6
5176	6
5177	6
5178	6
5179	6
5180	6
5181	6
5182	6
5183	6
5184	6
5185	6
5186	6
5187	6
5188	6
5189	6
5190	6
5191	6
5192	6
5193	6
5194	6
5195	6
5196	6
5197	6
5198	6
5199	6
5200	6
5201	6
5202	6
5203	6
5204	6
5205	6
5206	6
5207	6
5208	6
5209	6
5210	6
5211	6
5212	6
5213	6
5214	6
5215	6
5216	6
5217	6
5218	6
5219	6
5220	6
5221	6
5222	6
5223	6
5224	6
5225	6
5226	6
5227	6
5228	6
5229	6
5230	6
5231	6
5232	6
5233	6
5234	6
5235	6
5236	6
5237	6
5238	6
5239	6
5240	6
5241	6
5242	6
5243	6
5244	6
5245	6
5246	6
5247	6
5248	6
5249	6
5250	6
5251	6
5252	6
5253	6
5254	6
5255	6
5256	6
5257	6
5258	6
5259	6
5260	6
5261	6
5262	6
5263	6
5264	6
5265	6
5266	6
5267	6
5268	6
5269	6
5270	6
5271	6
5272	6
5273	6
5274	6
5275	6
5276	6
5277	6
5278	6
5279	6
5280	6
5281	6
5282	6
5283	6
5284	6
5285	6
5286	6
5287	6
5288	6
5289	6
5290	6
5291	6
5292	6
5293	6
5294	6
5295	6
5296	6
5297	6
5298	6
5299	6
5300	6
5301	6
5302	6
5303	6
5304	6
5305	6
5306	6
5307	6
5308	6
5309	6
5310	6
5311	6
5312	6
5313	6
5314	6
5315	6
5316	6
5317	6
5318	6
5319	6
5320	6
5321	6
5322	6
5323	6
5324	6
5325	6
5326	6
5327	6
5328	6
5329	6
5330	6
5331	6
5332	6
5333	6
5334	6
5335	6
5336	6
5337	6
5338	6
5339	6
5340	6
5341	6
5342	6
5343	6
5344	6
5345	6
5346	6
5347	6
5348	6
5349	6
5350	6
5351	6
5352	6
5353	6
5354	6
5355	6
5356	6
5357	6
5358	6
5359	6
5360	6
5361	6
5362	6
5363	6
5364	6
5365	6
5366	6
5367	6
5368	6
5369	6
5370	6
5371	6
5372	6
5373	6
5374	6
5375	6
5376	6
5377	6
5378	6
5379	6
5380	6
5381	6
5382	6
5383	6
5384	6
5385	6
5386	6
5387	6
5388	6
5389	6
5390	6
5391	6
5392	6
5393	6
5394	6
5395	6
5396	6
5397	6
5398	6
5399	6
5400	6
5401	6
5402	6
5403	6
5404	6
5405	6
5406	6
5407	6
5408	6
5409	6
5410	6
5411	6
5412	6
5413	6
5414	6
5415	6
5416	6
5417	6
5418	6
5419	6
5420	6
5421	6
5422	6
5423	6
5424	6
5425	6
5426	6
5427	6
5428	6
5429	6
5430	6
5431	6
5432	6
5433	6
5434	6
5435	6
5436	6
5437	6
5438	6
5439	6
5440	6
5441	6
5442	6
5443	6
5444	6
5445	6
5446	6
5447	6
5448	6
5449	6
5450	6
5451	6
5452	6
5453	6
5454	6
5455	6
5456	6
5457	6
5458	6
5459	6
5460	6
5461	6
5462	6
5463	6
5464	6
5465	6
5466	6
5467	6
5468	6
5469	6
5470	6
5471	6
5472	6
5473	6
5474	6
5475	6
5476	6
5477	6
5478	6
5479	6
5480	6
5481	6
5482	6
5483	6
5484	6
5485	6
5486	6
5487	6
5488	6
5489	6
5490	6
5491	6
5492	6
5493	6
5494	6
5495	6
5496	6
5497	6
5498	6
5499	6
5500	6
5501	6
5502	6
5503	6
5504	6
5505	6
5506	6
5507	6
5508	6
5509	6
5510	6
5511	6
5512	6
5513	6
5514	6
5515	6
5516	6
5517	6
5518	6
5519	6
5520	6
5521	6
5522	6
5523	6
5524	6
5525	6
5526	6
5527	6
5528	6
5529	6
5530	6
5531	6
5532	6
5533	6
5534	6
5535	6
5536	6
5537	6
5538	6
5539	6
5540	6
5541	6
5542	6
5543	6
5544	6
5545	6
5546	6
5547	6
5548	6
5549	6
5550	6
5551	6
5552	6
5553	6
5554	6
5555	6
5556	6
5557	6
5558	6
5559	6
5560	6
5561	6
5562	6
5563	6
5564	6
5565	6
5566	6
5567	6
5568	6
5569	6
5570	6
5571	6
5572	6
5573	6
5574	6
5575	6
5576	6
5577	6
5578	6
5579	6
5580	6
5581	6
5582	6
5583	6
5584	6
5585	6
5586	6
5587	6
5588	6
5589	6
5590	6
5591	6
5592	6
5593	6
5594	6
5595	6
5596	6
5597	6
5598	6
5599	6
5600	6
5601	6
5602	6
5603	6
5604	6
5605	6
5606	6
5607	6
5608	6
5609	6
5610	6
5611	6
5612	6
5613	6
5614	6
5615	6
5616	6
5617	6
5618	6
5619	6
5620	6
5621	6
5622	6
5623	6
5624	6
5625	6
5626	6
5627	6
5628	6
5629	6
5630	6
5631	6
5632	6
5633	6
5634	6
5635	6
5636	6
5637	6
5638	6
5639	6
5640	6
5641	6
5642	6
5643	6
5644	6
5645	6
5646	6
5647	6
5648	6
5649	6
5650	6
5651	6
5652	6
5653	6
5654	6
5655	6
5656	6
5657	6
5658	6
5659	6
5660	6
5661	6
5662	6
5663	6
5664	6
5665	6
5666	6
5667	6
5668	6
5669	6
5670	6
5671	6
5672	6
5673	6
5674	6
5675	6
5676	6
5677	6
5678	6
5679	6
5680	6
5681	6
5682	6
5683	6
5684	6
5685	6
5686	6
5687	6
5688	6
5689	6
5690	6
5691	6
5692	6
5693	6
5694	6
5695	6
5696	6
5697	6
5698	6
5699	6
5700	6
5701	6
5702	6
5703	6
5704	6
5705	6
5706	6
5707	6
5708	6
5709	6
5710	6
5711	6
5712	6
5713	6
5714	6
5715	6
5716	6
5717	6
5718	6
5719	6
5720	6
5721	6
5722	6
5723	6
5724	6
5725	6
5726	6
5727	6
5728	6
5729	6
5730	6
5731	6
5732	6
5733	6
5734	6
5735	6
5736	6
5737	6
5738	6
5739	6
5740	6
5741	6
5742	6
5743	6
5744	6
5745	6
5746	6
5747	6
5748	6
5749	6
5750	6
5751	6
5752	6
5753	6
5754	6
5755	6
5756	6
5757	6
5758	6
5759	6
5760	6
5761	6
5762	6
5763	6
5764	6
5765	6
5766	6
5767	6
5768	6
5769	6
5770	6
5771	6
5772	6
5773	6
5774	6
5775	6
5776	6
5777	6
5778	6
5779	6
5780	6
5781	6
5782	6
5783	6
5784	6
5785	6
5786	6
5787	6
5788	6
5789	6
5790	6
5791	6
5792	6
5793	6
5794	6
5795	6
5796	6
5797	6
5798	6
5799	6
5800	6
5801	6
5802	6
5803	6
5804	6
5805	6
5806	6
5807	6
5808	6
5809	6
5810	6
5811	6
5812	6
5813	6
5814	6
5815	6
5816	6
5817	6
5818	6
5819	6
5820	6
5821	6
5822	6
5823	6
5824	6
5825	6
5826	6
5827	6
5828	6
5829	6
5830	6
5831	6
5832	6
5833	6
5834	6
5835	6
5836	6
5837	6
5838	6
5839	6
5840	6
5841	6
5842	6
5843	6
5844	6
5845	6
5846	6
5847	6
5848	6
5849	6
5850	6
5851	6
5852	6
5853	6
5854	6
5855	6
5856	6
5857	6
5858	6
5859	6
5860	6
5861	6
5862	6
5863	6
5864	6
5865	6
5866	6
5867	6
5868	6
5869	6
5870	6
5871	6
5872	6
5873	6
5874	6
5875	6
5876	6
5877	6
5878	6
5879	6
5880	6
5881	6
5882	6
5883	6
5884	6
5885	6
5886	6
5887	6
5888	6
5889	6
5890	6
5891	6
5892	6
5893	6
5894	6
5895	6
5896	6
5897	6
5898	6
5899	6
5900	6
5901	6
5902	6
5903	6
5904	6
5905	6
5906	6
5907	6
5908	6
5909	6
5910	6
5911	6
5912	6
5913	6
5914	6
5915	6
5916	6
5917	6
5918	6
5919	6
5920	6
5921	6
5922	6
5923	6
5924	6
5925	6
5926	6
5927	6
5928	6
5929	6
5930	6
5931	6
5932	6
5933	6
5934	6
5935	6
5936	6
5937	6
5938	7
5939	7
5940	7
5941	7
5942	7
5943	7
5944	7
5945	7
5946	7
5947	7
5948	7
5949	7
5950	7
5951	7
5952	7
5953	7
5954	7
5955	7
5956	7
5957	7
5958	7
5959	7
5960	7
5961	7
5962	7
5963	7
5964	7
5965	7
5966	7
5967	7
5968	7
5969	7
5970	7
5971	7
5972	7
5973	7
5974	7
5975	7
5976	7
5977	7
5978	7
5979	7
5980	7
5981	7
5982	8
5983	8
5984	8
5985	8
5986	8
5987	8
5988	8
5989	8
5990	8
5991	8
5992	8
5993	8
5994	8
5995	8
5996	8
5997	8
5998	8
5999	8
6000	8
6001	8
6002	8
6003	8
6004	8
6005	8
6006	8
6007	8
6008	8
6009	8
6010	8
6011	8
6012	8
6013	8
6014	8
6015	8
6016	8
6017	8
6018	8
6019	8
6020	8
6021	8
6022	8
6023	8
6024	8
6025	8
6026	8
6027	8
6028	8
6029	8
6030	8
6031	8
6032	8
6033	8
6034	8
6035	8
6036	8
6037	8
6038	8
6039	8
6040	8
6041	8
6042	8
6043	8
6044	8
6045	8
6046	8
6047	8
6048	8
6049	8
6050	8
6051	8
6052	8
6053	8
6054	8
6055	8
6056	8
6057	8
6058	8
6059	8
6060	8
6061	8
6062	8
6063	8
6064	8
6065	8
6066	8
6067	8
6068	8
6069	8
6070	8
6071	8
6072	8
6073	8
6074	8
6075	8
6076	8
6077	8
6078	8
6079	8
6080	8
6081	8
6082	8
6083	8
6084	8
6085	8
6086	8
6087	8
6088	8
6089	8
6090	8
6091	8
6092	8
6093	8
6094	8
6095	8
6096	8
6097	8
6098	8
6099	8
6100	8
6101	8
6102	8
6103	8
6104	8
6105	8
6106	8
6107	8
6108	8
6109	8
6110	8
6111	8
6112	8
6113	8
6114	8
6115	8
6116	8
6117	8
6118	8
6119	8
6120	8
6121	8
6122	8
6123	8
6124	8
6125	8
6126	8
6127	8
6128	8
6129	8
6130	8
6131	8
6132	8
6133	8
6134	8
6135	8
6136	8
6137	8
6138	8
6139	8
6140	8
6141	8
6142	8
6143	8
6144	8
6145	8
6146	8
6147	8
6148	8
6149	8
6150	8
6151	8
6152	8
6153	8
6154	8
6155	8
6156	8
6157	8
6158	8
6159	8
6160	8
6161	8
6162	8
6163	8
6164	8
6165	8
6166	8
6167	8
6168	8
6169	8
6170	8
6171	8
6172	8
6173	8
6174	8
6175	8
6176	8
6177	8
6178	8
6179	8
6180	8
6181	8
6182	8
6183	8
6184	8
6185	8
6186	8
6187	8
6188	8
6189	8
6190	9
6191	9
6192	9
6193	9
6194	9
6195	9
6196	9
6197	9
6198	9
6199	9
6200	9
6201	9
6202	9
6203	9
6204	9
6205	9
6206	9
6207	9
6208	9
6209	9
6210	9
6211	9
6212	9
6213	9
6214	9
6215	9
6216	9
6217	9
6218	9
6219	9
6220	9
6221	9
6222	9
6223	9
6224	9
6225	9
6226	9
6227	9
6228	9
6229	9
6230	9
6231	9
6232	9
6233	9
6234	9
6235	9
6236	9
6237	9
6238	9
6239	9
6240	9
6241	9
6242	9
6243	9
6244	9
6245	9
6246	9
6247	9
6248	9
6249	9
6250	9
6251	9
6252	9
6253	9
6254	9
6255	9
6256	9
6257	9
6258	9
6259	9
6260	9
6261	9
6262	9
6263	9
6264	9
6265	9
6266	9
6267	9
6268	9
6269	9
6270	9
6271	9
6272	9
6273	9
6274	9
6275	9
6276	9
6277	9
6278	9
6279	9
6280	9
6281	9
6282	9
6283	9
6284	9
6285	9
6286	9
6287	9
6288	9
6289	9
6290	9
6291	9
6292	9
6293	9
6294	9
6295	9
6296	9
6297	9
6298	9
6299	9
6300	9
6301	9
6302	9
6303	9
6304	9
6305	9
6306	9
6307	9
6308	9
6309	9
6310	9
6311	9
6312	9
6313	9
6314	9
6315	9
6316	9
6317	9
6318	9
6319	9
6320	9
6321	9
6322	9
6323	9
6324	9
6325	9
6326	9
6327	9
6328	9
6329	9
6330	9
6331	9
6332	9
6333	9
6334	9
6335	9
6336	9
6337	9
6338	9
6339	9
6340	9
6341	9
6342	9
6343	9
6344	9
6345	9
6346	9
6347	9
6348	9
6349	9
6350	9
6351	9
6352	9
6353	9
6354	9
6355	9
6356	9
6357	9
6358	9
6359	9
6360	9
6361	9
6362	9
6363	9
6364	9
6365	9
6366	9
6367	9
6368	9
6369	9
6370	9
6371	9
6372	9
6373	9
6374	9
6375	9
6376	9
6377	9
6378	9
6379	9
6380	9
6381	9
6382	9
6383	9
6384	9
6385	9
6386	9
6387	9
6388	9
6389	9
6390	9
6391	9
6392	9
6393	9
6394	9
6395	9
6396	9
6397	9
6398	9
6399	9
6400	9
6401	9
6402	9
6403	9
6404	9
6405	9
6406	9
6407	9
6408	9
6409	9
6410	9
6411	9
6412	9
6413	9
6414	9
6415	9
6416	9
6417	9
6418	9
6419	9
6420	9
6421	9
6422	9
6423	9
6424	9
6425	9
6426	9
6427	9
6428	9
6429	9
6430	9
6431	9
6432	9
6433	9
6434	9
6435	9
6436	9
6437	9
6438	9
6439	9
6440	9
6441	9
6442	9
6443	9
6444	9
6445	9
6446	9
6447	9
6448	9
6449	9
6450	9
6451	9
6452	9
6453	9
6454	9
6455	9
6456	9
6457	9
6458	9
6459	9
6460	9
6461	9
6462	9
6463	9
6464	9
6465	9
6466	9
6467	9
6468	9
6469	9
6470	9
6471	9
6472	9
6473	9
6474	9
6475	9
6476	9
6477	9
6478	9
6479	9
6480	9
6481	9
6482	9
6483	9
6484	9
6485	9
6486	9
6487	9
6488	9
6489	9
6490	9
6491	9
6492	9
6493	9
6494	9
6495	9
6496	9
6497	9
6498	9
6499	9
6500	9
6501	9
6502	9
6503	9
6504	9
6505	9
6506	9
6507	9
6508	9
6509	9
6510	9
6511	9
6512	9
6513	9
6514	9
6515	9
6516	9
6517	9
6518	9
6519	9
6520	9
6521	9
6522	9
6523	9
6524	9
6525	9
6526	9
6527	9
6528	9
6529	9
6530	9
6531	9
6532	9
6533	9
6534	9
6535	9
6536	9
6537	9
6538	9
6539	9
6540	9
6541	9
6542	9
6543	9
6544	9
6545	9
6546	9
6547	9
6548	9
6549	9
6550	9
6551	9
6552	9
6553	9
6554	9
6555	9
6556	9
6557	9
6558	9
6559	9
6560	9
6561	9
6562	9
6563	9
6564	9
6565	9
6566	9
6567	9
6568	9
6569	9
6570	9
6571	9
6572	9
6573	9
6574	9
6575	9
6576	9
6577	9
6578	9
6579	9
6580	9
6581	9
6582	9
6583	9
6584	9
6585	9
6586	9
6587	9
6588	9
6589	9
6590	9
6591	9
6592	9
6593	9
6594	9
6595	9
6596	9
6597	9
6598	9
6599	9
6600	9
6601	9
6602	9
6603	9
6604	9
6605	9
6606	9
6607	9
6608	9
6609	9
6610	9
6611	9
6612	9
6613	9
6614	9
6615	9
6616	9
6617	9
6618	9
6619	9
6620	9
6621	9
6622	9
6623	9
6624	9
6625	9
6626	9
6627	9
6628	9
6629	9
6630	9
6631	9
6632	9
6633	9
6634	9
6635	9
6636	9
6637	9
6638	9
6639	9
6640	9
6641	9
6642	9
6643	9
6644	9
6645	9
6646	9
6647	9
6648	9
6649	9
6650	9
6651	9
6652	9
6653	9
6654	9
6655	9
6656	9
6657	9
6658	9
6659	9
6660	9
6661	9
6662	9
6663	9
6664	9
6665	9
6666	9
6667	9
6668	9
6669	9
6670	9
6671	9
6672	9
6673	9
6674	9
6675	9
6676	9
6677	9
6678	9
6679	9
6680	9
6681	9
6682	9
6683	9
6684	9
6685	9
6686	9
6687	9
6688	9
6689	9
6690	9
6691	9
6692	9
6693	9
6694	9
6695	9
6696	9
6697	9
6698	9
6699	9
6700	9
6701	9
6702	9
6703	9
6704	9
6705	9
6706	9
6707	9
6708	9
6709	9
6710	9
6711	9
6712	9
6713	9
6714	9
6715	9
6716	9
6717	9
6718	9
6719	9
6720	9
6721	9
6722	9
6723	9
6724	9
6725	9
6726	9
6727	9
6728	9
6729	9
6730	9
6731	9
6732	9
6733	9
6734	9
6735	9
6736	9
6737	9
6738	9
6739	9
6740	9
6741	9
6742	10
6743	10
6744	10
6745	10
6746	10
6747	10
6748	10
6749	10
6750	10
6751	10
6752	10
6753	10
6754	10
6755	10
6756	10
6757	10
6758	10
6759	10
6760	10
6761	10
6762	10
6763	10
6764	10
6765	10
6766	10
6767	10
6768	10
6769	10
6770	10
6771	10
6772	10
6773	10
6774	10
6775	10
6776	10
6777	10
6778	10
6779	10
6780	10
6781	10
6782	10
6783	10
6784	10
6785	10
6786	10
6787	10
6788	10
6789	10
6790	10
6791	10
6792	10
6793	10
6794	10
6795	10
6796	10
6797	10
6798	10
6799	10
6800	10
6801	10
6802	10
6803	10
6804	10
6805	10
6806	10
6807	10
6808	10
6809	10
6810	10
6811	10
6812	10
6813	10
6814	10
6815	10
6816	10
6817	10
6818	10
6819	10
6820	10
6821	10
6822	10
6823	10
6824	10
6825	10
6826	10
6827	10
6828	10
6829	10
6830	10
6831	10
6832	10
6833	10
6834	10
6835	10
6836	10
6837	10
6838	10
6839	10
6840	10
6841	10
6842	10
6843	10
6844	10
6845	10
6846	10
6847	10
6848	10
6849	10
6850	10
6851	10
6852	10
6853	10
6854	10
6855	10
6856	10
6857	10
6858	10
6859	10
6860	10
6861	10
6862	10
6863	10
6864	10
6865	10
6866	10
6867	10
6868	10
6869	10
6870	10
6871	10
6872	10
6873	10
6874	10
6875	10
6876	10
6877	10
6878	10
6879	10
6880	10
6881	10
6882	10
6883	10
6884	10
6885	10
6886	10
6887	10
6888	10
6889	10
6890	10
6891	10
6892	10
6893	10
6894	10
6895	10
6896	10
6897	10
6898	10
6899	10
6900	10
6901	10
6902	10
6903	10
6904	10
6905	10
6906	10
6907	10
6908	10
6909	10
6910	10
6911	10
6912	10
6913	10
6914	10
6915	10
6916	10
6917	10
6918	10
6919	10
6920	10
6921	10
6922	10
6923	10
6924	10
6925	10
6926	10
6927	10
6928	10
6929	10
6930	10
6931	10
6932	10
6933	10
6934	10
6935	10
6936	10
6937	10
6938	10
6939	10
6940	10
6941	10
6942	10
6943	10
6944	10
6945	10
6946	10
6947	10
6948	10
6949	10
6950	10
6951	10
6952	10
6953	10
6954	10
6955	10
6956	10
6957	10
6958	10
6959	10
6960	10
6961	10
6962	10
6963	10
6964	10
6965	10
6966	10
6967	10
6968	10
6969	10
6970	10
6971	10
6972	10
6973	10
6974	10
6975	10
6976	10
6977	10
6978	10
6979	10
6980	10
6981	10
6982	10
6983	10
6984	10
6985	10
6986	10
6987	10
6988	10
6989	10
6990	10
6991	10
6992	10
6993	10
6994	10
6995	10
6996	10
6997	10
6998	10
6999	10
7000	10
7001	10
7002	10
7003	10
7004	10
7005	10
7006	10
7007	10
7008	10
7009	10
7010	10
7011	10
7012	10
7013	10
7014	10
7015	10
7016	10
7017	10
7018	10
7019	10
7020	10
7021	10
7022	10
7023	10
7024	10
7025	10
7026	10
7027	10
7028	10
7029	10
7030	10
7031	10
7032	11
7033	11
7034	11
7035	11
7036	11
7037	11
7038	11
7039	11
7040	11
7041	11
7042	11
7043	11
7044	11
7045	11
7046	11
7047	11
7048	11
7049	11
7050	11
7051	11
7052	11
7053	11
7054	11
7055	11
7056	11
7057	11
7058	11
7059	11
7060	11
7061	11
7062	11
7063	11
7064	11
7065	11
7066	11
7067	11
7068	11
7069	11
7070	11
7071	11
7072	11
7073	11
7074	11
7075	11
7076	11
7077	11
7078	11
7079	11
7080	11
7081	11
7082	11
7083	11
7084	11
7085	11
7086	11
7087	11
7088	11
7089	11
7090	11
7091	11
7092	11
7093	11
7094	11
7095	11
7096	11
7097	11
7098	11
7099	11
7100	11
7101	11
7102	11
7103	11
7104	11
7105	11
7106	11
7107	11
7108	11
7109	11
7110	11
7111	11
7112	11
7113	11
7114	11
7115	11
7116	11
7117	11
7118	11
7119	11
7120	11
7121	11
7122	11
7123	11
7124	11
7125	11
7126	11
7127	11
7128	11
7129	11
7130	11
7131	11
7132	11
7133	11
7134	11
7135	11
7136	11
7137	11
7138	11
7139	11
7140	11
7141	11
7142	11
7143	11
7144	11
7145	11
7146	11
7147	11
7148	11
7149	11
7150	11
7151	11
7152	11
7153	11
7154	11
7155	11
7156	11
7157	11
7158	11
7159	11
7160	11
7161	11
7162	11
7163	11
7164	11
7165	11
7166	11
7167	11
7168	11
7169	11
7170	11
7171	11
7172	11
7173	11
7174	11
7175	11
7176	11
7177	11
7178	11
7179	11
7180	11
7181	11
7182	11
7183	11
7184	11
7185	11
7186	11
7187	11
7188	11
7189	11
7190	11
7191	11
7192	11
7193	11
7194	11
7195	11
7196	11
7197	11
7198	11
7199	11
7200	11
7201	11
7202	11
7203	11
7204	12
7205	12
7206	12
7207	12
7208	12
7209	12
7210	12
7211	12
7212	12
7213	12
7214	12
7215	12
7216	12
7217	12
7218	12
7219	12
7220	12
7221	12
7222	12
7223	12
7224	12
7225	12
7226	12
7227	12
7228	12
7229	12
7230	12
7231	12
7232	12
7233	12
7234	12
7235	12
7236	12
7237	12
7238	12
7239	12
7240	12
7241	12
7242	12
7243	12
7244	12
7245	12
7246	12
7247	12
7248	12
7249	12
7250	12
7251	12
7252	12
7253	12
7254	12
7255	12
7256	12
7257	12
7258	12
7259	12
7260	12
7261	12
7262	12
7263	12
7264	12
7265	12
7266	12
7267	12
7268	12
7269	12
7270	12
7271	12
7272	12
7273	12
7274	12
7275	12
7276	12
7277	12
7278	12
7279	12
7280	12
7281	12
7282	12
7283	12
7284	12
7285	12
7286	12
7287	12
7288	12
7289	12
7290	12
7291	12
7292	12
7293	12
7294	12
7295	12
7296	12
7297	12
7298	12
7299	12
7300	12
7301	12
7302	12
7303	12
7304	12
7305	12
7306	12
7307	12
7308	12
7309	12
7310	12
7311	12
7312	12
7313	12
7314	12
7315	12
7316	12
7317	12
7318	12
7319	12
7320	12
7321	12
7322	12
7323	12
7324	12
7325	12
7326	12
7327	12
7328	12
7329	12
7330	12
7331	12
7332	12
7333	12
7334	12
7335	13
7336	13
7337	13
7338	13
7339	13
7340	13
7341	13
7342	13
7343	13
7344	13
7345	13
7346	13
7347	13
7348	13
7349	13
7350	13
7351	13
7352	13
7353	13
7354	13
7355	13
7356	13
7357	13
7358	13
7359	13
7360	13
7361	13
7362	13
7363	13
7364	13
7365	13
7366	13
7367	13
7368	13
7369	13
7370	13
7371	13
7372	13
7373	13
7374	13
7375	13
7376	13
7377	13
7378	13
7379	13
7380	13
7381	13
7382	13
7383	13
7384	13
7385	13
7386	13
7387	13
7388	13
7389	13
7390	13
7391	13
7392	13
7393	13
7394	13
7395	13
7396	13
7397	13
7398	13
7399	13
7400	13
7401	13
7402	13
7403	13
7404	13
7405	13
7406	13
7407	13
7408	13
7409	13
7410	13
7411	13
7412	13
7413	13
7414	13
7415	13
7416	13
7417	13
7418	13
7419	13
7420	13
7421	13
7422	13
7423	13
7424	13
7425	13
7426	13
7427	13
7428	13
7429	13
7430	13
7431	13
7432	13
7433	13
7434	13
7435	13
7436	13
7437	13
7438	13
7439	13
7440	13
7441	13
7442	13
7443	13
7444	13
7445	13
7446	13
7447	13
7448	13
7449	13
7450	13
7451	13
7452	13
7453	13
7454	13
7455	13
7456	13
7457	13
7458	13
7459	13
7460	13
7461	13
7462	13
7463	13
7464	13
7465	13
7466	13
7467	13
7468	13
7469	13
7470	13
7471	13
7472	13
7473	13
7474	13
7475	13
7476	13
7477	13
7478	13
7479	13
7480	13
7481	13
7482	13
7483	13
7484	13
7485	13
7486	13
7487	13
7488	13
7489	13
7490	13
7491	13
7492	13
7493	13
7494	13
7495	13
7496	13
7497	13
7498	13
7499	13
7500	13
7501	13
7502	13
7503	13
7504	13
7505	13
7506	13
7507	13
7508	13
7509	13
7510	13
7511	13
7512	13
7513	13
7514	13
7515	13
7516	13
7517	13
7518	13
7519	13
7520	13
7521	13
7522	13
7523	13
7524	13
7525	13
7526	13
7527	13
7528	13
7529	13
7530	13
7531	13
7532	13
7533	13
7534	13
7535	13
7536	13
7537	13
7538	13
7539	13
7540	13
7541	13
7542	13
7543	13
7544	13
7545	13
7546	13
7547	13
7548	13
7549	13
7550	13
7551	13
7552	13
7553	13
7554	13
7555	13
7556	13
7557	13
7558	13
7559	13
7560	13
7561	13
7562	13
7563	13
7564	13
7565	13
7566	13
7567	13
7568	13
7569	13
7570	13
7571	13
7572	13
7573	13
7574	13
7575	13
7576	13
7577	13
7578	13
7579	13
7580	13
7581	13
7582	13
7583	13
7584	13
7585	13
7586	13
7587	13
7588	13
7589	13
7590	13
7591	13
7592	13
7593	13
7594	13
7595	13
7596	13
7597	13
7598	13
7599	13
7600	13
7601	13
7602	13
7603	13
7604	13
7605	13
7606	13
7607	13
7608	13
7609	13
7610	13
7611	13
7612	13
7613	13
7614	13
7615	13
7616	13
7617	13
7618	13
7619	13
7620	13
7621	13
7622	13
7623	13
7624	13
7625	13
7626	13
7627	13
7628	13
7629	13
7630	13
7631	13
7632	13
7633	13
7634	13
7635	13
7636	13
7637	13
7638	13
7639	13
7640	13
7641	13
7642	13
7643	13
7644	13
7645	13
7646	13
7647	13
7648	13
7649	13
7650	13
7651	13
7652	13
7653	13
7654	13
7655	13
7656	13
7657	13
7658	13
7659	13
7660	13
7661	13
7662	13
7663	13
7664	13
7665	13
7666	13
7667	13
7668	13
7669	13
7670	13
7671	13
7672	13
7673	13
7674	13
7675	13
7676	13
7677	13
7678	13
7679	13
7680	13
7681	13
7682	13
7683	13
7684	13
7685	13
7686	13
7687	13
7688	13
7689	13
7690	13
7691	13
7692	13
7693	13
7694	13
7695	13
7696	13
7697	13
7698	13
7699	13
7700	13
7701	13
7702	13
7703	13
7704	13
7705	13
7706	13
7707	13
7708	13
7709	13
7710	13
7711	13
7712	13
7713	13
7714	13
7715	13
7716	13
7717	13
7718	13
7719	13
7720	13
7721	13
7722	13
7723	13
7724	13
7725	13
7726	13
7727	13
7728	13
7729	13
7730	13
7731	13
7732	13
7733	13
7734	13
7735	13
7736	13
7737	13
7738	13
7739	13
7740	13
7741	13
7742	13
7743	13
7744	13
7745	13
7746	13
7747	13
7748	13
7749	13
7750	13
7751	13
7752	13
7753	13
7754	13
7755	13
7756	13
7757	13
7758	13
7759	13
7760	13
7761	13
7762	13
7763	13
7764	13
7765	13
7766	13
7767	13
7768	13
7769	13
7770	13
7771	13
7772	13
7773	13
7774	13
7775	13
7776	13
7777	13
7778	13
7779	13
7780	13
7781	13
7782	13
7783	13
7784	13
7785	13
7786	13
7787	13
7788	13
7789	13
7790	13
7791	13
7792	13
7793	13
7794	13
7795	13
7796	13
7797	13
7798	13
7799	13
7800	13
7801	13
7802	13
7803	13
7804	13
7805	13
7806	13
7807	13
7808	13
7809	13
7810	13
7811	13
7812	13
7813	13
7814	13
7815	13
7816	13
7817	13
7818	13
7819	13
7820	13
7821	13
7822	13
7823	13
7824	13
7825	13
7826	13
7827	13
7828	13
7829	13
7830	13
7831	13
7832	13
7833	13
7834	13
7835	13
7836	13
7837	13
7838	13
7839	13
7840	13
7841	13
7842	13
7843	13
7844	13
7845	13
7846	13
7847	13
7848	13
7849	13
7850	13
7851	13
7852	13
7853	13
7854	13
7855	13
7856	13
7857	13
7858	13
7859	13
7860	13
7861	13
7862	13
7863	13
7864	13
7865	13
7866	13
7867	13
7868	13
7869	13
7870	13
7871	13
7872	13
7873	13
7874	13
7875	13
7876	13
7877	13
7878	13
7879	13
7880	13
7881	13
7882	13
7883	13
7884	13
7885	13
7886	13
7887	13
7888	13
7889	13
7890	13
7891	13
7892	13
7893	13
7894	13
7895	13
7896	13
7897	13
7898	13
7899	13
7900	13
7901	13
7902	13
7903	13
7904	13
7905	13
7906	13
7907	13
7908	13
7909	13
7910	13
7911	13
7912	13
7913	13
7914	13
7915	13
7916	13
7917	13
7918	13
7919	13
7920	13
7921	13
7922	13
7923	13
7924	13
7925	13
7926	13
7927	13
7928	13
7929	13
7930	13
7931	13
7932	13
7933	13
7934	13
7935	13
7936	13
7937	13
7938	13
7939	13
7940	13
7941	13
7942	13
7943	13
7944	13
7945	13
7946	13
7947	13
7948	13
7949	13
7950	13
7951	13
7952	13
7953	13
7954	13
7955	13
7956	13
7957	13
7958	13
7959	13
7960	13
7961	13
7962	13
7963	14
7964	14
7965	14
7966	15
7967	15
7968	15
7969	16
7970	16
7971	16
7972	16
7973	16
7974	16
7975	16
7976	16
7977	16
7978	16
7979	16
7980	16
7981	16
7982	16
7983	16
7984	16
7985	16
7986	16
7987	16
7988	16
7989	16
7990	16
7991	16
7992	16
7993	16
7994	16
7995	16
7996	16
7997	16
7998	16
7999	16
8000	16
8001	16
8002	16
8003	16
8004	16
8005	16
8006	16
8007	16
8008	16
8009	16
8010	16
8011	16
8012	16
8013	16
8014	16
8015	16
8016	16
8017	16
8018	16
8019	16
8020	16
8021	16
8022	16
8023	16
8024	16
8025	16
8026	16
8027	16
8028	16
8029	16
8030	16
8031	16
8032	16
8033	16
8034	16
8035	16
8036	16
8037	16
8038	16
8039	16
8040	16
8041	16
8042	16
8043	16
8044	16
8045	16
8046	16
8047	16
8048	16
8049	16
8050	16
8051	16
8052	16
8053	16
8054	16
8055	16
8056	16
8057	16
8058	16
8059	16
8060	16
8061	16
8062	16
8063	16
8064	16
8065	16
8066	16
8067	16
8068	17
8069	17
8070	17
8071	17
8072	17
8073	17
8074	17
8075	17
8076	17
8077	17
8078	17
8079	17
8080	17
8081	17
8082	17
8083	17
8084	17
8085	17
8086	17
8087	17
8088	17
8089	17
8090	17
8091	17
8092	17
8093	17
8094	17
8095	17
8096	17
8097	17
8098	17
8099	17
8100	17
8101	17
8102	17
8103	17
8104	17
8105	17
8106	17
8107	17
8108	17
8109	17
8110	17
8111	17
8112	17
8113	17
8114	17
8115	17
8116	17
8117	17
8118	17
8119	17
8120	17
8121	17
8122	17
8123	17
8124	17
8125	17
8126	17
8127	17
8128	17
8129	17
8130	17
8131	17
8132	17
8133	17
8134	17
8135	17
8136	17
8137	17
8138	17
8139	17
8140	17
8141	17
8142	17
8143	17
8144	18
8145	18
8146	18
8147	18
8148	18
8149	18
8150	18
8151	18
8152	18
8153	18
8154	18
8155	18
8156	18
8157	18
8158	18
8159	18
8160	18
8161	18
8162	18
8163	18
8164	18
8165	18
8166	18
8167	18
8168	18
8169	18
8170	18
8171	18
8172	18
8173	18
8174	18
8175	18
8176	18
8177	18
8178	18
8179	18
8180	18
8181	18
8182	18
8183	18
8184	18
8185	18
8186	18
8187	18
8188	18
8189	18
8190	18
8191	18
8192	18
8193	18
8194	18
8195	18
8196	18
8197	18
8198	18
8199	18
8200	18
8201	18
8202	18
8203	18
8204	18
8205	18
8206	18
8207	18
8208	18
8209	18
8210	18
8211	18
8212	18
8213	18
8214	18
8215	18
8216	19
8217	19
8218	19
8219	19
8220	19
8221	19
8222	19
8223	19
8224	19
8225	19
8226	19
8227	19
8228	19
8229	19
8230	19
8231	19
8232	19
8233	19
8234	19
8235	19
8236	19
8237	19
8238	19
8239	19
8240	19
8241	19
8242	19
8243	19
8244	19
8245	19
8246	19
8247	19
8248	19
8249	19
8250	19
8251	19
8252	19
8253	19
8254	19
8255	19
8256	19
8257	19
8258	19
8259	19
8260	19
8261	19
8262	19
8263	19
8264	19
8265	19
8266	19
8267	19
8268	19
8269	19
8270	19
8271	19
8272	19
8273	19
8274	19
8275	19
8276	19
8277	19
8278	19
8279	19
8280	19
8281	19
8282	19
8283	19
8284	19
8285	19
8286	19
8287	19
8288	19
8289	19
8290	19
8291	19
8292	19
8293	19
8294	19
8295	20
8296	20
8297	20
8298	20
8299	20
8300	20
8301	20
8302	20
8303	20
8304	20
8305	20
8306	20
8307	20
8308	20
8309	20
8310	20
8311	20
8312	20
8313	20
8314	20
8315	20
8316	20
8317	20
8318	20
8319	20
8320	20
8321	20
8322	20
8323	20
8324	20
8325	20
8326	20
8327	20
8328	20
8329	20
8330	20
8331	20
8332	20
8333	20
8334	20
8335	20
8336	20
8337	20
8338	20
8339	20
8340	20
8341	20
8342	20
8343	20
8344	20
8345	20
8346	20
8347	20
8348	20
8349	20
8350	20
8351	20
8352	20
8353	20
8354	20
8355	20
8356	20
8357	20
8358	20
8359	20
8360	20
8361	20
8362	20
8363	20
8364	20
8365	20
8366	20
8367	20
8368	20
8369	20
8370	20
8371	20
8372	20
8373	20
8374	20
8375	21
8376	21
8377	21
8378	21
8379	21
8380	21
8381	21
8382	21
8383	21
8384	21
8385	21
8386	21
8387	21
8388	21
8389	21
8390	21
8391	21
8392	21
8393	21
8394	21
8395	21
8396	21
8397	21
8398	21
8399	21
8400	21
8401	21
8402	21
8403	21
8404	21
8405	21
8406	21
8407	21
8408	21
8409	21
8410	21
8411	21
8412	21
8413	21
8414	21
8415	21
8416	21
8417	21
8418	21
8419	21
8420	21
8421	21
8422	21
8423	21
8424	21
8425	21
8426	21
8427	21
8428	21
8429	21
8430	21
8431	21
8432	21
8433	21
8434	21
8435	21
8436	21
8437	21
8438	21
8439	21
8440	21
8441	21
8442	21
8443	21
8444	21
8445	21
8446	21
8447	21
8448	21
8449	21
8450	21
8451	21
8452	21
8453	21
8454	21
8455	21
8456	21
8457	21
8458	21
8459	21
8460	21
8461	21
8462	21
8463	21
8464	21
8465	21
8466	21
8467	21
8468	21
8469	21
8470	21
8471	21
8472	21
8473	21
8474	21
8475	21
8476	21
8477	21
8478	21
8479	21
8480	21
8481	21
8482	21
8483	21
8484	21
8485	21
8486	21
8487	21
8488	21
8489	21
8490	21
8491	21
8492	21
8493	21
8494	21
8495	21
8496	21
8497	21
8498	21
8499	21
8500	21
8501	21
8502	21
8503	21
8504	21
8505	21
8506	21
8507	21
8508	21
8509	21
8510	22
8511	22
8512	22
8513	22
8514	22
8515	22
8516	22
8517	22
8518	22
8519	22
8520	22
8521	22
8522	22
8523	22
8524	22
8525	22
8526	22
8527	22
8528	22
8529	22
8530	22
8531	22
8532	22
8533	22
8534	22
8535	22
8536	22
8537	22
8538	22
8539	22
8540	22
8541	22
8542	22
8543	22
8544	22
8545	22
8546	22
8547	22
8548	22
8549	22
8550	22
8551	22
8552	22
8553	22
8554	22
8555	22
8556	22
8557	22
8558	22
8559	22
8560	22
8561	22
8562	22
8563	22
8564	22
8565	22
8566	22
8567	22
8568	22
8569	22
8570	22
8571	22
8572	22
8573	22
8574	22
8575	22
8576	22
8577	22
8578	22
8579	22
8580	22
8581	22
8582	22
8583	22
8584	22
8585	22
8586	22
8587	22
8588	22
8589	22
8590	22
8591	22
8592	22
8593	22
8594	22
8595	22
8596	22
8597	22
8598	22
8599	22
8600	22
8601	22
8602	22
8603	22
8604	22
8605	22
8606	22
8607	22
8608	22
8609	22
8610	22
8611	22
8612	22
8613	22
8614	22
8615	22
8616	22
8617	22
8618	22
8619	22
8620	22
8621	22
8622	22
8623	22
8624	22
8625	22
8626	22
8627	22
8628	22
8629	22
8630	22
8631	22
8632	22
8633	22
8634	22
8635	22
8636	22
8637	22
8638	22
8639	22
8640	22
8641	22
8642	22
8643	22
8644	22
8645	22
8646	22
8647	22
8648	22
8649	22
8650	22
8651	22
8652	22
8653	22
8654	22
8655	22
8656	22
8657	22
8658	22
8659	22
8660	22
8661	22
8662	22
8663	22
8664	22
8665	22
8666	22
8667	22
8668	22
8669	22
8670	22
8671	22
8672	22
8673	22
8674	22
8675	22
8676	22
8677	22
8678	22
8679	22
8680	22
8681	22
8682	22
8683	22
8684	22
8685	22
8686	22
8687	22
8688	22
8689	22
8690	22
8691	22
8692	22
8693	22
8694	22
8695	22
8696	22
8697	22
8698	22
8699	22
8700	22
8701	22
8702	22
8703	22
8704	22
8705	22
8706	22
8707	22
8708	22
8709	22
8710	22
8711	22
8712	22
8713	22
8714	22
8715	22
8716	22
8717	22
8718	22
8719	22
8720	22
8721	22
8722	22
8723	22
8724	22
8725	22
8726	22
8727	22
8728	22
8729	22
8730	22
8731	22
8732	22
8733	22
8734	22
8735	22
8736	22
8737	22
8738	22
8739	22
8740	22
8741	22
8742	22
8743	22
8744	22
8745	22
8746	22
8747	22
8748	22
8749	22
8750	22
8751	22
8752	22
8753	22
8754	22
8755	22
8756	22
8757	22
8758	22
8759	22
8760	22
8761	22
8762	22
8763	22
8764	22
8765	22
8766	22
8767	22
8768	22
8769	22
8770	22
8771	22
8772	22
8773	22
8774	22
8775	22
8776	22
8777	22
8778	22
8779	22
8780	22
8781	22
8782	22
8783	22
8784	22
8785	22
8786	22
8787	22
8788	22
8789	22
8790	22
8791	22
8792	22
8793	22
8794	22
8795	22
8796	22
8797	22
8798	22
8799	22
8800	22
8801	22
8802	22
8803	22
8804	22
8805	22
8806	22
8807	22
8808	22
8809	22
8810	22
8811	22
8812	22
8813	22
8814	22
8815	22
8816	22
8817	22
8818	22
8819	22
8820	22
8821	22
8822	22
8823	22
8824	22
8825	22
8826	22
8827	22
8828	22
8829	22
8830	22
8831	22
8832	22
8833	22
8834	22
8835	22
8836	22
8837	22
8838	22
8839	22
8840	22
8841	22
8842	22
8843	22
8844	22
8845	22
8846	22
8847	22
8848	22
8849	22
8850	22
8851	22
8852	22
8853	22
8854	22
8855	22
8856	22
8857	22
8858	22
8859	22
8860	22
8861	23
8862	23
8863	23
8864	23
8865	23
8866	23
8867	23
8868	23
8869	23
8870	23
8871	23
8872	23
8873	23
8874	23
8875	23
8876	23
8877	23
8878	23
8879	23
8880	23
8881	23
8882	23
8883	23
8884	23
8885	23
8886	23
8887	23
8888	23
8889	23
8890	23
8891	23
8892	23
8893	23
8894	23
8895	23
8896	23
8897	23
8898	23
8899	23
8900	23
8901	23
8902	23
8903	23
8904	23
8905	23
8906	23
8907	23
8908	23
8909	23
8910	23
8911	23
8912	23
8913	23
8914	23
8915	23
8916	23
8917	23
8918	23
8919	23
8920	23
8921	23
8922	23
8923	23
8924	23
8925	23
8926	23
8927	23
8928	23
8929	23
8930	23
8931	23
8932	23
8933	23
8934	23
8935	23
8936	23
8937	23
8938	23
8939	23
8940	23
8941	23
8942	23
8943	23
8944	23
8945	23
8946	23
8947	23
8948	23
8949	23
8950	23
8951	23
8952	23
8953	23
8954	23
8955	23
8956	23
8957	23
8958	23
8959	23
8960	23
8961	23
8962	23
8963	23
8964	23
8965	23
8966	23
8967	23
8968	23
8969	23
8970	23
8971	23
8972	23
8973	23
8974	23
8975	23
8976	23
8977	23
8978	23
8979	23
8980	23
8981	23
8982	23
8983	23
8984	23
8985	23
8986	23
8987	23
8988	23
8989	23
8990	23
8991	23
8992	23
8993	23
8994	23
8995	23
8996	23
8997	23
8998	23
8999	23
9000	23
9001	23
9002	23
9003	23
9004	23
9005	23
9006	23
9007	23
9008	23
9009	23
9010	23
9011	23
9012	23
9013	23
9014	23
9015	23
9016	23
9017	23
9018	23
9019	23
9020	23
9021	23
9022	23
9023	23
9024	23
9025	23
9026	23
9027	23
9028	23
9029	23
9030	23
9031	23
9032	23
9033	23
9034	23
9035	23
9036	23
9037	23
9038	23
9039	23
9040	23
9041	23
9042	23
9043	23
9044	23
9045	23
9046	23
9047	23
9048	23
9049	23
9050	23
9051	23
9052	23
9053	23
9054	23
9055	23
9056	23
9057	23
9058	23
9059	23
9060	23
9061	23
9062	23
9063	23
9064	23
9065	23
9066	23
9067	23
9068	23
9069	23
9070	23
9071	23
9072	23
9073	23
9074	23
9075	23
9076	23
9077	23
9078	23
9079	23
9080	23
9081	23
9082	23
9083	23
9084	23
9085	23
9086	23
9087	23
9088	23
9089	23
9090	23
9091	23
9092	23
9093	23
9094	23
9095	23
9096	23
9097	23
9098	23
9099	24
9100	24
9101	24
9102	24
9103	24
9104	24
9105	24
9106	24
9107	24
9108	24
9109	24
9110	24
9111	24
9112	24
9113	24
9114	24
9115	24
9116	24
9117	24
9118	24
9119	24
9120	24
9121	24
9122	24
9123	24
9124	24
9125	24
9126	24
9127	24
9128	24
9129	24
9130	24
9131	24
9132	24
9133	24
9134	24
9135	24
9136	24
9137	24
9138	24
9139	24
9140	24
9141	24
9142	24
9143	24
9144	24
9145	24
9146	24
9147	24
9148	24
9149	24
9150	24
9151	24
9152	24
9153	24
9154	24
9155	24
9156	24
9157	24
9158	24
9159	24
9160	24
9161	24
9162	24
9163	24
9164	24
9165	24
9166	24
9167	24
9168	24
9169	24
9170	24
9171	24
9172	24
9173	24
9174	24
9175	24
9176	24
9177	24
9178	24
9179	24
9180	24
9181	24
9182	24
9183	24
9184	24
9185	24
9186	24
9187	24
9188	24
9189	24
9190	24
9191	24
9192	24
9193	24
9194	24
9195	24
9196	24
9197	24
9198	24
9199	24
9200	24
9201	24
9202	24
9203	24
9204	24
9205	24
9206	24
9207	24
9208	24
9209	24
9210	24
9211	24
9212	24
9213	24
9214	24
9215	24
9216	24
9217	24
9218	24
9219	24
9220	24
9221	24
9222	24
9223	24
9224	24
9225	24
9226	24
9227	24
9228	24
9229	24
9230	24
9231	24
9232	24
9233	24
9234	24
9235	24
9236	24
9237	24
9238	24
9239	24
9240	24
9241	24
9242	24
9243	24
9244	24
9245	24
9246	24
9247	24
9248	24
9249	24
9250	24
9251	24
9252	24
9253	24
9254	24
9255	24
9256	24
9257	24
9258	24
9259	24
9260	25
9261	25
9262	25
9263	25
9264	25
9265	25
9266	25
9267	25
9268	25
9269	25
9270	25
9271	25
9272	25
9273	25
9274	25
9275	25
9276	25
9277	25
9278	25
9279	25
9280	25
9281	25
9282	25
9283	25
9284	25
9285	25
9286	25
9287	25
9288	25
9289	25
9290	25
9291	25
9292	25
9293	25
9294	25
9295	25
9296	25
9297	25
9298	25
9299	25
9300	25
9301	25
9302	25
9303	25
9304	25
9305	25
9306	25
9307	25
9308	25
9309	25
9310	25
9311	25
9312	25
9313	25
9314	25
9315	25
9316	25
9317	25
9318	25
9319	25
9320	25
9321	25
9322	25
9323	25
9324	25
9325	25
9326	25
9327	25
9328	25
9329	25
9330	25
9331	25
9332	25
9333	25
9334	25
9335	25
9336	25
9337	25
9338	25
9339	25
9340	25
9341	25
9342	25
9343	25
9344	25
9345	25
9346	25
9347	25
9348	25
9349	25
9350	25
9351	25
9352	25
9353	25
9354	25
9355	25
9356	25
9357	25
9358	25
9359	25
9360	25
9361	25
9362	25
9363	25
9364	25
9365	25
9366	25
9367	25
9368	25
9369	25
9370	25
9371	25
9372	25
9373	25
9374	25
9375	25
9376	25
9377	25
9378	25
9379	25
9380	25
9381	25
9382	25
9383	25
9384	25
9385	25
9386	25
9387	25
9388	25
9389	25
9390	25
9391	25
9392	25
9393	25
9394	25
9395	25
9396	25
9397	25
9398	25
9399	25
9400	25
9401	25
9402	25
9403	25
9404	25
9405	25
9406	25
9407	25
9408	25
9409	25
9410	25
9411	25
9412	25
9413	25
9414	25
9415	25
9416	25
9417	25
9418	25
9419	25
9420	25
9421	25
9422	25
9423	25
9424	25
9425	25
9426	25
9427	25
9428	25
9429	25
9430	25
9431	25
9432	25
9433	25
9434	25
9435	25
9436	25
9437	25
9438	25
9439	25
9440	25
9441	25
9442	25
9443	25
9444	25
9445	25
9446	25
9447	25
9448	25
9449	25
9450	25
9451	25
9452	25
9453	25
9454	25
9455	25
9456	25
9457	25
9458	25
9459	25
9460	25
9461	25
9462	25
9463	25
9464	25
9465	25
9466	25
9467	25
9468	25
9469	25
9470	25
9471	25
9472	25
9473	25
9474	25
9475	25
9476	25
9477	25
9478	25
9479	25
9480	25
9481	25
9482	25
9483	25
9484	25
9485	25
9486	25
9487	25
9488	25
9489	25
9490	25
9491	25
9492	25
9493	25
9494	25
9495	25
9496	25
9497	25
9498	25
9499	25
9500	25
9501	25
9502	25
9503	25
9504	25
9505	25
9506	25
9507	25
9508	25
9509	25
9510	25
9511	25
9512	25
9513	25
9514	25
9515	25
9516	25
9517	25
9518	25
9519	25
9520	25
9521	25
9522	25
9523	25
9524	25
9525	25
9526	25
9527	25
9528	25
9529	25
9530	25
9531	25
9532	25
9533	25
9534	25
9535	25
9536	25
9537	25
9538	25
9539	25
9540	25
9541	25
9542	25
9543	25
9544	25
9545	25
9546	25
9547	25
9548	25
9549	25
9550	25
9551	25
9552	25
9553	25
9554	25
9555	25
9556	25
9557	25
9558	25
9559	25
9560	25
9561	25
9562	25
9563	25
9564	25
9565	25
9566	25
9567	25
9568	25
9569	25
9570	25
9571	25
9572	25
9573	25
9574	25
9575	25
9576	25
9577	25
9578	25
9579	25
9580	25
9581	25
9582	25
9583	25
9584	25
9585	25
9586	25
9587	25
9588	25
9589	25
9590	25
9591	25
9592	25
9593	25
9594	25
9595	25
9596	25
9597	25
9598	25
9599	25
9600	25
9601	25
9602	25
9603	25
9604	25
9605	25
9606	25
9607	25
9608	25
9609	25
9610	25
9611	25
9612	25
9613	25
9614	25
9615	25
9616	25
9617	25
9618	25
9619	25
9620	25
9621	25
9622	25
9623	25
9624	25
9625	25
9626	25
9627	25
9628	25
9629	25
9630	25
9631	25
9632	25
9633	25
9634	25
9635	25
9636	25
9637	25
9638	25
9639	25
9640	25
9641	25
9642	25
9643	25
9644	25
9645	25
9646	25
9647	25
9648	25
9649	25
9650	25
9651	25
9652	25
9653	25
9654	25
9655	25
9656	25
9657	25
9658	25
9659	25
9660	25
9661	25
9662	25
9663	25
9664	25
9665	25
9666	25
9667	25
9668	25
9669	25
9670	25
9671	25
9672	25
9673	25
9674	25
9675	25
9676	25
9677	25
9678	25
9679	25
9680	25
9681	25
9682	25
9683	25
9684	25
9685	25
9686	25
9687	25
9688	25
9689	25
9690	25
9691	25
9692	25
9693	25
9694	25
9695	25
9696	25
9697	25
9698	25
9699	25
9700	25
9701	25
9702	25
9703	25
9704	25
9705	25
9706	25
9707	25
9708	25
9709	25
9710	25
9711	25
9712	25
9713	25
9714	25
9715	25
9716	25
9717	25
9718	25
9719	25
9720	25
9721	25
9722	25
9723	25
9724	25
9725	25
9726	25
9727	25
9728	25
9729	25
9730	25
9731	25
9732	25
9733	25
9734	25
9735	25
9736	25
9737	25
9738	25
9739	25
9740	25
9741	25
9742	25
9743	25
9744	25
9745	25
9746	25
9747	25
9748	25
9749	25
9750	25
9751	25
9752	25
9753	25
9754	25
9755	25
9756	25
9757	25
9758	25
9759	25
9760	25
9761	25
9762	25
9763	25
9764	25
9765	25
9766	25
9767	25
9768	25
9769	25
9770	25
9771	25
9772	25
9773	25
9774	25
9775	25
9776	25
9777	25
9778	25
9779	25
9780	25
9781	25
9782	25
9783	25
9784	25
9785	25
9786	25
9787	25
9788	25
9789	25
9790	25
9791	25
9792	25
9793	25
9794	25
9795	25
9796	25
9797	25
9798	25
9799	25
9800	25
9801	25
9802	25
9803	25
9804	25
9805	25
9806	25
9807	25
9808	25
9809	25
9810	25
9811	25
9812	25
9813	25
9814	25
9815	25
9816	25
9817	25
9818	25
9819	25
9820	25
9821	25
9822	25
9823	25
9824	25
9825	25
9826	25
9827	25
9828	25
9829	25
9830	25
9831	25
9832	25
9833	25
9834	25
9835	25
9836	25
9837	25
9838	25
9839	25
9840	25
9841	25
9842	25
9843	25
9844	25
9845	25
9846	25
9847	25
9848	25
9849	25
9850	25
9851	25
9852	25
9853	25
9854	25
9855	25
9856	25
9857	25
9858	25
9859	25
9860	25
9861	25
9862	25
9863	25
9864	25
9865	25
9866	25
9867	25
9868	25
9869	25
9870	25
9871	25
9872	25
9873	25
9874	25
9875	25
9876	25
9877	25
9878	25
9879	25
9880	25
9881	25
9882	25
9883	25
9884	25
9885	25
9886	25
9887	25
9888	25
9889	25
9890	25
9891	25
9892	25
9893	25
9894	25
9895	25
9896	25
9897	25
9898	25
9899	25
9900	25
9901	25
9902	25
9903	25
9904	25
9905	25
9906	25
9907	25
9908	25
9909	25
9910	25
9911	25
9912	25
9913	25
9914	25
9915	25
9916	25
9917	25
9918	25
9919	25
9920	25
9921	25
9922	25
9923	25
9924	25
9925	25
9926	25
9927	25
9928	25
9929	25
9930	25
9931	25
9932	25
9933	25
9934	25
9935	25
9936	25
9937	25
9938	25
9939	25
9940	25
9941	25
9942	25
9943	25
9944	25
9945	25
9946	25
9947	25
9948	25
9949	25
9950	25
9951	25
9952	25
9953	26
9954	26
9955	26
9956	26
9957	26
9958	26
9959	26
9960	26
9961	26
9962	26
9963	26
9964	26
9965	26
9966	26
9967	26
9968	26
9969	26
9970	26
9971	26
9972	26
9973	26
9974	26
9975	26
9976	26
9977	26
9978	26
9979	26
9980	26
9981	26
9982	26
9983	26
9984	26
9985	26
9986	26
9987	26
9988	26
9989	26
9990	26
9991	26
9992	26
9993	26
9994	26
9995	26
9996	26
9997	26
9998	26
9999	26
10000	26
