#Clock	ItemsCollected
1	0
2	0
3	0
4	0
5	0
6	0
7	0
8	0
9	0
10	0
11	0
12	0
13	0
14	0
15	0
16	0
17	0
18	0
19	0
20	0
21	0
22	0
23	0
24	0
25	0
26	0
27	0
28	0
29	0
30	0
31	0
32	0
33	0
34	0
35	0
36	0
37	0
38	0
39	0
40	0
41	0
42	0
43	0
44	0
45	0
46	0
47	0
48	0
49	0
50	0
51	0
52	0
53	0
54	0
55	0
56	0
57	0
58	0
59	0
60	0
61	0
62	0
63	0
64	0
65	0
66	0
67	0
68	0
69	0
70	0
71	0
72	0
73	0
74	0
75	0
76	0
77	0
78	0
79	0
80	0
81	0
82	0
83	0
84	0
85	0
86	0
87	0
88	0
89	0
90	0
91	0
92	0
93	0
94	0
95	0
96	0
97	0
98	0
99	0
100	0
101	0
102	0
103	0
104	0
105	0
106	0
107	0
108	0
109	0
110	0
111	0
112	0
113	0
114	0
115	0
116	0
117	0
118	0
119	0
120	0
121	0
122	0
123	0
124	0
125	0
126	0
127	0
128	0
129	0
130	0
131	0
132	0
133	0
134	0
135	0
136	0
137	0
138	0
139	0
140	0
141	0
142	0
143	0
144	0
145	0
146	0
147	0
148	0
149	0
150	0
151	0
152	0
153	0
154	0
155	0
156	0
157	0
158	0
159	0
160	0
161	0
162	0
163	0
164	0
165	0
166	0
167	0
168	0
169	0
170	0
171	0
172	0
173	0
174	0
175	0
176	0
177	0
178	0
179	0
180	0
181	0
182	0
183	0
184	0
185	0
186	0
187	0
188	0
189	0
190	0
191	0
192	0
193	0
194	0
195	0
196	0
197	0
198	0
199	0
200	0
201	0
202	0
203	0
204	0
205	0
206	0
207	0
208	0
209	0
210	0
211	0
212	0
213	0
214	0
215	0
216	0
217	0
218	0
219	0
220	0
221	0
222	0
223	0
224	0
225	0
226	0
227	0
228	0
229	0
230	0
231	0
232	0
233	0
234	0
235	0
236	0
237	0
238	0
239	0
240	0
241	0
242	0
243	0
244	0
245	0
246	0
247	0
248	0
249	0
250	0
251	0
252	0
253	0
254	0
255	0
256	0
257	0
258	0
259	0
260	0
261	0
262	0
263	0
264	0
265	0
266	0
267	0
268	0
269	0
270	0
271	0
272	0
273	0
274	0
275	0
276	0
277	0
278	0
279	0
280	0
281	0
282	0
283	0
284	0
285	0
286	0
287	0
288	0
289	0
290	0
291	0
292	0
293	0
294	0
295	0
296	0
297	0
298	0
299	0
300	0
301	0
302	0
303	0
304	0
305	0
306	0
307	0
308	0
309	0
310	0
311	0
312	0
313	0
314	0
315	0
316	0
317	0
318	0
319	0
320	0
321	0
322	0
323	0
324	0
325	0
326	0
327	0
328	0
329	0
330	0
331	0
332	0
333	0
334	0
335	0
336	0
337	0
338	0
339	0
340	0
341	0
342	0
343	0
344	0
345	0
346	0
347	0
348	0
349	0
350	0
351	0
352	0
353	0
354	0
355	0
356	0
357	0
358	0
359	0
360	0
361	0
362	0
363	0
364	0
365	0
366	0
367	0
368	0
369	0
370	0
371	0
372	0
373	0
374	0
375	0
376	0
377	0
378	0
379	0
380	0
381	0
382	0
383	0
384	0
385	0
386	0
387	0
388	0
389	0
390	0
391	0
392	0
393	0
394	0
395	0
396	0
397	0
398	0
399	0
400	0
401	0
402	0
403	0
404	0
405	0
406	0
407	0
408	0
409	0
410	0
411	0
412	0
413	0
414	0
415	0
416	0
417	0
418	0
419	0
420	0
421	0
422	0
423	0
424	0
425	0
426	0
427	0
428	0
429	0
430	0
431	0
432	0
433	0
434	0
435	0
436	0
437	0
438	0
439	0
440	0
441	0
442	0
443	0
444	0
445	0
446	0
447	0
448	0
449	0
450	0
451	0
452	0
453	0
454	0
455	0
456	0
457	0
458	0
459	0
460	0
461	0
462	0
463	0
464	0
465	0
466	0
467	0
468	0
469	0
470	0
471	0
472	0
473	0
474	0
475	0
476	0
477	0
478	0
479	0
480	0
481	0
482	0
483	0
484	0
485	0
486	0
487	0
488	0
489	0
490	0
491	0
492	0
493	0
494	0
495	0
496	0
497	0
498	0
499	0
500	0
501	0
502	0
503	0
504	0
505	0
506	0
507	0
508	0
509	0
510	0
511	0
512	0
513	0
514	0
515	0
516	0
517	0
518	0
519	0
520	0
521	0
522	0
523	0
524	0
525	0
526	0
527	0
528	0
529	0
530	0
531	0
532	0
533	0
534	0
535	0
536	0
537	0
538	0
539	0
540	0
541	0
542	0
543	0
544	0
545	0
546	0
547	0
548	0
549	0
550	0
551	0
552	0
553	0
554	0
555	0
556	0
557	0
558	0
559	0
560	0
561	0
562	0
563	0
564	0
565	0
566	0
567	0
568	0
569	0
570	0
571	0
572	0
573	0
574	0
575	0
576	0
577	0
578	0
579	0
580	0
581	0
582	0
583	0
584	0
585	0
586	0
587	0
588	0
589	0
590	0
591	0
592	0
593	0
594	0
595	0
596	0
597	0
598	0
599	0
600	0
601	0
602	0
603	0
604	0
605	0
606	0
607	0
608	0
609	0
610	0
611	0
612	0
613	0
614	0
615	0
616	0
617	0
618	0
619	0
620	0
621	0
622	0
623	0
624	0
625	0
626	0
627	0
628	0
629	0
630	0
631	0
632	0
633	0
634	0
635	0
636	0
637	0
638	0
639	0
640	0
641	0
642	0
643	0
644	0
645	0
646	0
647	0
648	0
649	0
650	0
651	0
652	0
653	0
654	0
655	0
656	0
657	0
658	0
659	0
660	0
661	0
662	0
663	0
664	0
665	0
666	0
667	0
668	0
669	0
670	0
671	0
672	0
673	0
674	0
675	0
676	0
677	0
678	0
679	0
680	0
681	0
682	0
683	0
684	0
685	0
686	0
687	0
688	0
689	0
690	0
691	0
692	0
693	0
694	0
695	0
696	0
697	0
698	0
699	0
700	0
701	0
702	0
703	0
704	0
705	0
706	0
707	0
708	0
709	0
710	0
711	0
712	0
713	0
714	0
715	0
716	0
717	0
718	0
719	0
720	0
721	0
722	0
723	0
724	0
725	0
726	0
727	0
728	0
729	0
730	0
731	0
732	0
733	0
734	0
735	0
736	0
737	0
738	0
739	0
740	0
741	0
742	0
743	0
744	0
745	0
746	0
747	0
748	0
749	0
750	0
751	0
752	0
753	0
754	0
755	0
756	0
757	0
758	0
759	0
760	0
761	0
762	0
763	0
764	0
765	0
766	0
767	0
768	0
769	0
770	0
771	0
772	0
773	0
774	0
775	0
776	0
777	0
778	0
779	0
780	0
781	0
782	0
783	0
784	0
785	0
786	0
787	0
788	0
789	0
790	0
791	0
792	0
793	0
794	0
795	0
796	0
797	0
798	0
799	0
800	0
801	0
802	0
803	0
804	0
805	0
806	0
807	0
808	0
809	0
810	0
811	0
812	0
813	0
814	0
815	0
816	0
817	0
818	0
819	0
820	0
821	0
822	0
823	0
824	0
825	0
826	0
827	0
828	0
829	0
830	0
831	0
832	0
833	0
834	0
835	0
836	0
837	0
838	0
839	0
840	0
841	0
842	0
843	0
844	0
845	0
846	0
847	0
848	0
849	0
850	0
851	0
852	0
853	0
854	0
855	0
856	0
857	0
858	0
859	0
860	0
861	0
862	0
863	0
864	0
865	0
866	0
867	0
868	0
869	0
870	0
871	0
872	0
873	0
874	0
875	0
876	0
877	0
878	0
879	0
880	0
881	0
882	0
883	0
884	0
885	0
886	0
887	0
888	0
889	0
890	0
891	0
892	0
893	0
894	0
895	0
896	0
897	0
898	0
899	0
900	0
901	0
902	0
903	0
904	0
905	0
906	0
907	0
908	0
909	0
910	0
911	0
912	0
913	0
914	0
915	0
916	0
917	0
918	0
919	0
920	0
921	0
922	0
923	0
924	0
925	0
926	0
927	0
928	0
929	0
930	0
931	0
932	0
933	0
934	0
935	0
936	0
937	0
938	0
939	0
940	0
941	0
942	0
943	0
944	0
945	0
946	0
947	0
948	0
949	0
950	0
951	0
952	0
953	0
954	0
955	0
956	0
957	0
958	0
959	0
960	0
961	0
962	0
963	0
964	0
965	0
966	0
967	0
968	0
969	0
970	0
971	0
972	0
973	0
974	0
975	0
976	0
977	0
978	0
979	0
980	0
981	0
982	0
983	0
984	0
985	0
986	0
987	0
988	0
989	0
990	0
991	0
992	0
993	0
994	0
995	0
996	0
997	0
998	0
999	0
1000	0
1001	0
1002	0
1003	0
1004	0
1005	0
1006	0
1007	0
1008	0
1009	0
1010	0
1011	0
1012	0
1013	0
1014	0
1015	0
1016	0
1017	0
1018	0
1019	0
1020	0
1021	0
1022	0
1023	0
1024	0
1025	0
1026	0
1027	0
1028	0
1029	0
1030	0
1031	0
1032	0
1033	0
1034	0
1035	0
1036	0
1037	0
1038	0
1039	0
1040	0
1041	0
1042	0
1043	0
1044	0
1045	0
1046	0
1047	0
1048	0
1049	0
1050	0
1051	0
1052	0
1053	0
1054	0
1055	0
1056	0
1057	0
1058	0
1059	0
1060	0
1061	0
1062	0
1063	0
1064	0
1065	0
1066	0
1067	0
1068	0
1069	0
1070	0
1071	0
1072	0
1073	0
1074	0
1075	0
1076	0
1077	0
1078	0
1079	0
1080	0
1081	0
1082	0
1083	0
1084	0
1085	0
1086	0
1087	0
1088	0
1089	0
1090	0
1091	0
1092	0
1093	0
1094	0
1095	0
1096	0
1097	0
1098	0
1099	0
1100	0
1101	0
1102	0
1103	0
1104	0
1105	0
1106	0
1107	0
1108	0
1109	0
1110	0
1111	0
1112	0
1113	0
1114	0
1115	0
1116	0
1117	0
1118	0
1119	0
1120	0
1121	0
1122	0
1123	0
1124	0
1125	0
1126	0
1127	0
1128	0
1129	0
1130	0
1131	0
1132	0
1133	0
1134	0
1135	0
1136	0
1137	0
1138	0
1139	0
1140	0
1141	0
1142	0
1143	0
1144	0
1145	0
1146	0
1147	0
1148	0
1149	0
1150	0
1151	0
1152	0
1153	0
1154	0
1155	0
1156	0
1157	0
1158	0
1159	0
1160	0
1161	0
1162	0
1163	0
1164	0
1165	0
1166	0
1167	0
1168	0
1169	0
1170	0
1171	0
1172	0
1173	0
1174	0
1175	0
1176	0
1177	0
1178	0
1179	0
1180	0
1181	0
1182	0
1183	0
1184	0
1185	0
1186	0
1187	0
1188	0
1189	0
1190	0
1191	0
1192	0
1193	0
1194	0
1195	0
1196	0
1197	0
1198	0
1199	0
1200	0
1201	0
1202	0
1203	0
1204	0
1205	0
1206	0
1207	0
1208	0
1209	0
1210	0
1211	0
1212	0
1213	0
1214	0
1215	0
1216	0
1217	0
1218	0
1219	0
1220	0
1221	0
1222	0
1223	0
1224	0
1225	0
1226	0
1227	0
1228	0
1229	0
1230	0
1231	0
1232	0
1233	0
1234	0
1235	0
1236	0
1237	0
1238	0
1239	0
1240	0
1241	0
1242	0
1243	0
1244	0
1245	0
1246	0
1247	0
1248	0
1249	0
1250	0
1251	0
1252	0
1253	0
1254	0
1255	0
1256	0
1257	0
1258	0
1259	0
1260	0
1261	0
1262	0
1263	0
1264	0
1265	0
1266	0
1267	0
1268	0
1269	0
1270	0
1271	0
1272	0
1273	0
1274	0
1275	0
1276	0
1277	0
1278	0
1279	0
1280	0
1281	0
1282	0
1283	0
1284	0
1285	0
1286	0
1287	0
1288	0
1289	0
1290	0
1291	0
1292	0
1293	0
1294	0
1295	0
1296	0
1297	0
1298	0
1299	0
1300	0
1301	0
1302	0
1303	0
1304	0
1305	0
1306	0
1307	0
1308	0
1309	0
1310	0
1311	0
1312	0
1313	0
1314	0
1315	0
1316	0
1317	0
1318	0
1319	0
1320	0
1321	0
1322	0
1323	0
1324	0
1325	0
1326	0
1327	0
1328	0
1329	0
1330	0
1331	0
1332	0
1333	0
1334	0
1335	0
1336	0
1337	0
1338	0
1339	0
1340	0
1341	0
1342	0
1343	0
1344	0
1345	0
1346	0
1347	0
1348	0
1349	0
1350	0
1351	0
1352	0
1353	0
1354	0
1355	0
1356	0
1357	0
1358	0
1359	0
1360	0
1361	0
1362	0
1363	0
1364	0
1365	0
1366	0
1367	0
1368	0
1369	0
1370	0
1371	0
1372	0
1373	0
1374	0
1375	0
1376	0
1377	0
1378	0
1379	0
1380	0
1381	0
1382	0
1383	0
1384	0
1385	0
1386	0
1387	0
1388	0
1389	0
1390	0
1391	0
1392	0
1393	0
1394	0
1395	0
1396	0
1397	0
1398	0
1399	0
1400	0
1401	0
1402	0
1403	0
1404	0
1405	0
1406	0
1407	0
1408	0
1409	0
1410	0
1411	0
1412	0
1413	0
1414	0
1415	0
1416	0
1417	0
1418	0
1419	0
1420	0
1421	0
1422	0
1423	0
1424	0
1425	0
1426	0
1427	0
1428	0
1429	0
1430	0
1431	0
1432	0
1433	0
1434	0
1435	0
1436	0
1437	0
1438	0
1439	0
1440	0
1441	0
1442	0
1443	0
1444	0
1445	0
1446	0
1447	0
1448	0
1449	0
1450	0
1451	0
1452	0
1453	0
1454	0
1455	0
1456	0
1457	0
1458	0
1459	0
1460	0
1461	0
1462	0
1463	0
1464	0
1465	0
1466	0
1467	0
1468	0
1469	0
1470	0
1471	0
1472	0
1473	0
1474	0
1475	0
1476	0
1477	0
1478	0
1479	0
1480	0
1481	0
1482	0
1483	0
1484	0
1485	0
1486	0
1487	0
1488	0
1489	0
1490	0
1491	0
1492	0
1493	0
1494	0
1495	0
1496	0
1497	0
1498	0
1499	0
1500	0
1501	0
1502	0
1503	0
1504	0
1505	0
1506	0
1507	0
1508	0
1509	0
1510	0
1511	0
1512	0
1513	0
1514	0
1515	0
1516	0
1517	0
1518	0
1519	0
1520	0
1521	0
1522	0
1523	0
1524	0
1525	0
1526	0
1527	0
1528	0
1529	0
1530	0
1531	0
1532	0
1533	0
1534	0
1535	0
1536	0
1537	0
1538	0
1539	0
1540	0
1541	0
1542	0
1543	0
1544	0
1545	0
1546	0
1547	0
1548	0
1549	0
1550	0
1551	0
1552	0
1553	0
1554	0
1555	0
1556	0
1557	0
1558	0
1559	0
1560	0
1561	0
1562	0
1563	0
1564	0
1565	0
1566	0
1567	0
1568	0
1569	0
1570	0
1571	0
1572	0
1573	0
1574	0
1575	0
1576	0
1577	0
1578	0
1579	0
1580	0
1581	0
1582	0
1583	0
1584	0
1585	0
1586	0
1587	0
1588	0
1589	0
1590	0
1591	0
1592	0
1593	0
1594	0
1595	0
1596	0
1597	0
1598	0
1599	0
1600	0
1601	0
1602	0
1603	0
1604	0
1605	0
1606	0
1607	0
1608	0
1609	0
1610	0
1611	0
1612	0
1613	0
1614	0
1615	0
1616	0
1617	0
1618	0
1619	0
1620	0
1621	0
1622	0
1623	0
1624	0
1625	0
1626	0
1627	0
1628	0
1629	0
1630	0
1631	0
1632	0
1633	0
1634	0
1635	0
1636	0
1637	0
1638	0
1639	0
1640	0
1641	0
1642	0
1643	0
1644	0
1645	0
1646	0
1647	0
1648	0
1649	0
1650	0
1651	0
1652	0
1653	0
1654	0
1655	0
1656	0
1657	0
1658	0
1659	0
1660	0
1661	0
1662	0
1663	0
1664	0
1665	0
1666	0
1667	0
1668	0
1669	0
1670	0
1671	0
1672	0
1673	0
1674	0
1675	0
1676	0
1677	0
1678	0
1679	0
1680	0
1681	0
1682	0
1683	0
1684	0
1685	0
1686	0
1687	0
1688	0
1689	0
1690	0
1691	0
1692	0
1693	0
1694	0
1695	0
1696	0
1697	0
1698	0
1699	0
1700	0
1701	0
1702	0
1703	0
1704	0
1705	0
1706	0
1707	0
1708	0
1709	0
1710	0
1711	0
1712	0
1713	0
1714	0
1715	0
1716	0
1717	0
1718	0
1719	0
1720	0
1721	0
1722	0
1723	0
1724	0
1725	0
1726	0
1727	0
1728	0
1729	0
1730	0
1731	0
1732	0
1733	0
1734	0
1735	0
1736	0
1737	0
1738	0
1739	0
1740	0
1741	0
1742	0
1743	0
1744	0
1745	0
1746	0
1747	0
1748	0
1749	0
1750	0
1751	0
1752	0
1753	0
1754	0
1755	0
1756	0
1757	0
1758	0
1759	0
1760	0
1761	0
1762	0
1763	0
1764	0
1765	0
1766	0
1767	0
1768	0
1769	0
1770	0
1771	0
1772	0
1773	0
1774	0
1775	0
1776	0
1777	0
1778	0
1779	0
1780	0
1781	0
1782	0
1783	0
1784	0
1785	0
1786	0
1787	0
1788	0
1789	0
1790	0
1791	0
1792	0
1793	0
1794	0
1795	0
1796	0
1797	0
1798	0
1799	0
1800	0
1801	0
1802	0
1803	0
1804	0
1805	0
1806	0
1807	0
1808	0
1809	0
1810	0
1811	0
1812	0
1813	0
1814	0
1815	0
1816	0
1817	0
1818	0
1819	0
1820	0
1821	0
1822	0
1823	0
1824	0
1825	0
1826	0
1827	0
1828	0
1829	0
1830	0
1831	0
1832	0
1833	0
1834	0
1835	0
1836	0
1837	0
1838	0
1839	0
1840	0
1841	0
1842	0
1843	0
1844	0
1845	0
1846	0
1847	0
1848	0
1849	0
1850	0
1851	0
1852	0
1853	0
1854	0
1855	0
1856	0
1857	0
1858	0
1859	0
1860	0
1861	0
1862	0
1863	0
1864	0
1865	0
1866	0
1867	0
1868	0
1869	0
1870	0
1871	0
1872	0
1873	0
1874	0
1875	0
1876	0
1877	0
1878	0
1879	0
1880	0
1881	0
1882	0
1883	0
1884	0
1885	0
1886	0
1887	0
1888	0
1889	0
1890	0
1891	0
1892	0
1893	0
1894	0
1895	0
1896	0
1897	0
1898	0
1899	0
1900	0
1901	0
1902	0
1903	0
1904	0
1905	0
1906	0
1907	0
1908	0
1909	0
1910	0
1911	0
1912	0
1913	0
1914	0
1915	0
1916	0
1917	0
1918	0
1919	0
1920	0
1921	0
1922	0
1923	0
1924	0
1925	0
1926	0
1927	0
1928	0
1929	0
1930	0
1931	0
1932	0
1933	0
1934	0
1935	0
1936	0
1937	0
1938	0
1939	0
1940	0
1941	0
1942	0
1943	0
1944	0
1945	0
1946	0
1947	0
1948	0
1949	0
1950	0
1951	0
1952	0
1953	0
1954	0
1955	0
1956	0
1957	0
1958	0
1959	0
1960	0
1961	0
1962	0
1963	0
1964	0
1965	0
1966	0
1967	0
1968	0
1969	0
1970	0
1971	0
1972	0
1973	0
1974	0
1975	0
1976	0
1977	0
1978	0
1979	0
1980	0
1981	0
1982	0
1983	0
1984	0
1985	0
1986	0
1987	0
1988	0
1989	0
1990	0
1991	0
1992	0
1993	0
1994	0
1995	0
1996	0
1997	0
1998	0
1999	0
2000	0
2001	0
2002	0
2003	0
2004	0
2005	0
2006	0
2007	0
2008	0
2009	0
2010	0
2011	0
2012	0
2013	0
2014	0
2015	0
2016	0
2017	0
2018	0
2019	0
2020	0
2021	0
2022	0
2023	0
2024	0
2025	0
2026	0
2027	0
2028	0
2029	0
2030	0
2031	0
2032	0
2033	0
2034	0
2035	0
2036	0
2037	0
2038	0
2039	0
2040	0
2041	0
2042	0
2043	0
2044	0
2045	0
2046	0
2047	0
2048	0
2049	0
2050	0
2051	0
2052	0
2053	0
2054	0
2055	0
2056	0
2057	0
2058	0
2059	0
2060	0
2061	0
2062	0
2063	0
2064	0
2065	0
2066	0
2067	0
2068	0
2069	0
2070	0
2071	0
2072	0
2073	0
2074	0
2075	0
2076	0
2077	0
2078	0
2079	0
2080	0
2081	0
2082	0
2083	0
2084	0
2085	0
2086	0
2087	0
2088	0
2089	0
2090	0
2091	0
2092	0
2093	0
2094	0
2095	0
2096	0
2097	0
2098	0
2099	0
2100	0
2101	0
2102	0
2103	0
2104	0
2105	0
2106	0
2107	0
2108	0
2109	0
2110	0
2111	0
2112	0
2113	0
2114	0
2115	0
2116	0
2117	0
2118	0
2119	0
2120	0
2121	0
2122	0
2123	0
2124	0
2125	0
2126	0
2127	0
2128	0
2129	0
2130	0
2131	0
2132	0
2133	0
2134	0
2135	0
2136	0
2137	0
2138	0
2139	0
2140	0
2141	0
2142	0
2143	0
2144	0
2145	0
2146	0
2147	0
2148	0
2149	0
2150	0
2151	0
2152	0
2153	0
2154	0
2155	0
2156	0
2157	0
2158	0
2159	0
2160	0
2161	0
2162	0
2163	0
2164	0
2165	0
2166	0
2167	0
2168	0
2169	0
2170	0
2171	0
2172	0
2173	0
2174	0
2175	0
2176	0
2177	0
2178	0
2179	0
2180	0
2181	0
2182	0
2183	0
2184	0
2185	0
2186	0
2187	0
2188	0
2189	0
2190	0
2191	0
2192	0
2193	0
2194	0
2195	0
2196	0
2197	0
2198	0
2199	0
2200	0
2201	0
2202	0
2203	0
2204	0
2205	0
2206	0
2207	0
2208	0
2209	0
2210	0
2211	0
2212	0
2213	0
2214	0
2215	0
2216	0
2217	0
2218	0
2219	0
2220	0
2221	0
2222	0
2223	0
2224	0
2225	0
2226	0
2227	0
2228	0
2229	0
2230	0
2231	0
2232	0
2233	0
2234	0
2235	0
2236	0
2237	0
2238	0
2239	0
2240	0
2241	0
2242	0
2243	0
2244	0
2245	0
2246	0
2247	0
2248	0
2249	0
2250	0
2251	0
2252	0
2253	0
2254	0
2255	0
2256	0
2257	0
2258	0
2259	0
2260	0
2261	0
2262	0
2263	0
2264	0
2265	0
2266	0
2267	0
2268	0
2269	0
2270	0
2271	0
2272	0
2273	0
2274	0
2275	0
2276	0
2277	0
2278	0
2279	0
2280	0
2281	0
2282	0
2283	0
2284	0
2285	0
2286	0
2287	0
2288	0
2289	0
2290	0
2291	0
2292	0
2293	0
2294	0
2295	0
2296	0
2297	0
2298	0
2299	0
2300	0
2301	0
2302	0
2303	0
2304	0
2305	0
2306	0
2307	0
2308	0
2309	0
2310	0
2311	0
2312	0
2313	0
2314	0
2315	0
2316	0
2317	0
2318	0
2319	0
2320	0
2321	0
2322	0
2323	0
2324	0
2325	0
2326	0
2327	0
2328	0
2329	0
2330	0
2331	0
2332	0
2333	0
2334	0
2335	0
2336	0
2337	0
2338	0
2339	0
2340	0
2341	0
2342	0
2343	0
2344	0
2345	0
2346	0
2347	0
2348	0
2349	0
2350	0
2351	0
2352	0
2353	0
2354	0
2355	0
2356	0
2357	0
2358	0
2359	0
2360	0
2361	0
2362	0
2363	0
2364	0
2365	0
2366	0
2367	0
2368	0
2369	0
2370	0
2371	0
2372	0
2373	0
2374	0
2375	0
2376	0
2377	0
2378	0
2379	0
2380	0
2381	0
2382	0
2383	0
2384	0
2385	0
2386	0
2387	0
2388	0
2389	0
2390	0
2391	0
2392	0
2393	0
2394	0
2395	0
2396	0
2397	0
2398	0
2399	0
2400	0
2401	0
2402	0
2403	0
2404	0
2405	0
2406	0
2407	0
2408	0
2409	0
2410	0
2411	0
2412	0
2413	0
2414	0
2415	0
2416	0
2417	0
2418	0
2419	0
2420	0
2421	0
2422	0
2423	0
2424	0
2425	0
2426	0
2427	0
2428	0
2429	0
2430	0
2431	0
2432	0
2433	0
2434	0
2435	0
2436	0
2437	0
2438	0
2439	0
2440	0
2441	0
2442	0
2443	0
2444	0
2445	0
2446	0
2447	0
2448	0
2449	0
2450	0
2451	0
2452	0
2453	0
2454	0
2455	0
2456	0
2457	0
2458	0
2459	0
2460	0
2461	0
2462	0
2463	0
2464	0
2465	0
2466	0
2467	0
2468	0
2469	0
2470	0
2471	0
2472	0
2473	0
2474	0
2475	0
2476	0
2477	0
2478	0
2479	0
2480	0
2481	0
2482	0
2483	0
2484	0
2485	0
2486	0
2487	0
2488	0
2489	0
2490	0
2491	0
2492	0
2493	0
2494	0
2495	0
2496	0
2497	0
2498	0
2499	0
2500	0
2501	0
2502	0
2503	0
2504	0
2505	0
2506	0
2507	0
2508	0
2509	0
2510	0
2511	0
2512	0
2513	0
2514	0
2515	0
2516	0
2517	0
2518	0
2519	0
2520	0
2521	0
2522	0
2523	1
2524	1
2525	1
2526	1
2527	1
2528	1
2529	1
2530	1
2531	1
2532	1
2533	1
2534	1
2535	1
2536	1
2537	1
2538	1
2539	1
2540	1
2541	1
2542	1
2543	1
2544	1
2545	1
2546	1
2547	1
2548	1
2549	1
2550	1
2551	1
2552	1
2553	1
2554	1
2555	1
2556	1
2557	1
2558	1
2559	1
2560	1
2561	1
2562	1
2563	1
2564	1
2565	1
2566	1
2567	1
2568	1
2569	1
2570	1
2571	1
2572	1
2573	1
2574	1
2575	1
2576	1
2577	1
2578	1
2579	1
2580	1
2581	1
2582	1
2583	1
2584	1
2585	1
2586	1
2587	1
2588	1
2589	1
2590	1
2591	1
2592	1
2593	1
2594	1
2595	1
2596	1
2597	1
2598	1
2599	1
2600	1
2601	1
2602	1
2603	1
2604	1
2605	1
2606	1
2607	1
2608	1
2609	1
2610	1
2611	1
2612	1
2613	1
2614	1
2615	1
2616	1
2617	1
2618	1
2619	1
2620	1
2621	1
2622	1
2623	1
2624	1
2625	1
2626	1
2627	1
2628	1
2629	1
2630	1
2631	1
2632	1
2633	1
2634	1
2635	1
2636	1
2637	1
2638	1
2639	1
2640	1
2641	1
2642	1
2643	1
2644	1
2645	1
2646	1
2647	1
2648	1
2649	1
2650	1
2651	1
2652	1
2653	1
2654	1
2655	1
2656	1
2657	1
2658	1
2659	1
2660	1
2661	1
2662	1
2663	1
2664	1
2665	1
2666	1
2667	1
2668	1
2669	1
2670	1
2671	1
2672	1
2673	1
2674	1
2675	1
2676	1
2677	1
2678	1
2679	1
2680	1
2681	1
2682	1
2683	1
2684	1
2685	1
2686	1
2687	1
2688	1
2689	1
2690	1
2691	1
2692	1
2693	1
2694	1
2695	1
2696	1
2697	1
2698	1
2699	1
2700	1
2701	1
2702	1
2703	1
2704	1
2705	1
2706	1
2707	1
2708	1
2709	1
2710	1
2711	1
2712	1
2713	1
2714	1
2715	1
2716	1
2717	1
2718	1
2719	1
2720	1
2721	1
2722	1
2723	1
2724	1
2725	1
2726	1
2727	1
2728	1
2729	1
2730	1
2731	1
2732	1
2733	1
2734	1
2735	1
2736	1
2737	1
2738	1
2739	1
2740	1
2741	1
2742	1
2743	1
2744	1
2745	1
2746	1
2747	1
2748	1
2749	1
2750	1
2751	1
2752	1
2753	1
2754	1
2755	1
2756	1
2757	1
2758	1
2759	1
2760	1
2761	1
2762	1
2763	1
2764	1
2765	1
2766	1
2767	1
2768	1
2769	1
2770	1
2771	1
2772	1
2773	1
2774	1
2775	1
2776	1
2777	1
2778	1
2779	1
2780	1
2781	1
2782	1
2783	1
2784	1
2785	1
2786	1
2787	1
2788	1
2789	1
2790	1
2791	1
2792	1
2793	1
2794	1
2795	1
2796	1
2797	1
2798	1
2799	1
2800	1
2801	1
2802	1
2803	1
2804	1
2805	1
2806	1
2807	1
2808	1
2809	1
2810	1
2811	1
2812	1
2813	1
2814	1
2815	1
2816	1
2817	1
2818	1
2819	1
2820	1
2821	1
2822	1
2823	1
2824	1
2825	1
2826	1
2827	1
2828	1
2829	1
2830	1
2831	1
2832	1
2833	1
2834	1
2835	1
2836	1
2837	1
2838	1
2839	1
2840	1
2841	1
2842	1
2843	1
2844	1
2845	1
2846	1
2847	1
2848	1
2849	1
2850	1
2851	1
2852	1
2853	1
2854	1
2855	1
2856	1
2857	1
2858	1
2859	1
2860	1
2861	1
2862	1
2863	1
2864	1
2865	1
2866	1
2867	1
2868	1
2869	1
2870	1
2871	1
2872	1
2873	1
2874	1
2875	1
2876	1
2877	1
2878	1
2879	1
2880	1
2881	1
2882	1
2883	1
2884	1
2885	1
2886	1
2887	1
2888	1
2889	1
2890	1
2891	1
2892	1
2893	1
2894	1
2895	1
2896	1
2897	1
2898	1
2899	1
2900	1
2901	1
2902	1
2903	1
2904	1
2905	1
2906	1
2907	1
2908	1
2909	1
2910	1
2911	1
2912	1
2913	1
2914	1
2915	1
2916	1
2917	1
2918	1
2919	1
2920	1
2921	1
2922	1
2923	1
2924	1
2925	1
2926	1
2927	1
2928	1
2929	1
2930	1
2931	1
2932	1
2933	1
2934	1
2935	1
2936	1
2937	1
2938	1
2939	1
2940	1
2941	1
2942	1
2943	1
2944	1
2945	1
2946	1
2947	1
2948	1
2949	1
2950	1
2951	1
2952	1
2953	1
2954	1
2955	1
2956	1
2957	1
2958	1
2959	1
2960	1
2961	1
2962	1
2963	1
2964	1
2965	1
2966	1
2967	1
2968	1
2969	1
2970	1
2971	1
2972	1
2973	1
2974	1
2975	1
2976	1
2977	1
2978	1
2979	1
2980	1
2981	1
2982	1
2983	1
2984	1
2985	1
2986	1
2987	1
2988	1
2989	1
2990	1
2991	1
2992	1
2993	1
2994	1
2995	1
2996	1
2997	1
2998	1
2999	1
3000	1
3001	1
3002	1
3003	1
3004	1
3005	1
3006	1
3007	1
3008	1
3009	1
3010	1
3011	1
3012	1
3013	1
3014	1
3015	1
3016	1
3017	1
3018	1
3019	1
3020	1
3021	1
3022	1
3023	1
3024	1
3025	1
3026	1
3027	1
3028	1
3029	1
3030	1
3031	1
3032	1
3033	1
3034	1
3035	1
3036	1
3037	1
3038	1
3039	1
3040	1
3041	1
3042	1
3043	1
3044	1
3045	1
3046	1
3047	1
3048	1
3049	1
3050	1
3051	1
3052	1
3053	1
3054	1
3055	1
3056	1
3057	1
3058	1
3059	1
3060	1
3061	1
3062	1
3063	1
3064	1
3065	1
3066	1
3067	1
3068	1
3069	1
3070	1
3071	1
3072	1
3073	1
3074	1
3075	1
3076	1
3077	1
3078	1
3079	1
3080	1
3081	1
3082	1
3083	1
3084	1
3085	1
3086	1
3087	1
3088	1
3089	1
3090	1
3091	1
3092	1
3093	1
3094	1
3095	1
3096	1
3097	1
3098	1
3099	1
3100	1
3101	1
3102	1
3103	1
3104	1
3105	1
3106	1
3107	1
3108	1
3109	1
3110	1
3111	1
3112	1
3113	1
3114	1
3115	1
3116	1
3117	1
3118	1
3119	1
3120	1
3121	1
3122	1
3123	1
3124	1
3125	1
3126	1
3127	1
3128	1
3129	1
3130	1
3131	1
3132	1
3133	1
3134	1
3135	1
3136	1
3137	1
3138	1
3139	1
3140	1
3141	1
3142	1
3143	1
3144	1
3145	1
3146	1
3147	1
3148	1
3149	1
3150	1
3151	1
3152	1
3153	1
3154	1
3155	1
3156	1
3157	1
3158	1
3159	1
3160	1
3161	1
3162	1
3163	1
3164	1
3165	1
3166	1
3167	1
3168	1
3169	1
3170	1
3171	1
3172	1
3173	1
3174	1
3175	1
3176	1
3177	1
3178	1
3179	1
3180	1
3181	1
3182	1
3183	1
3184	1
3185	1
3186	1
3187	1
3188	1
3189	1
3190	1
3191	1
3192	1
3193	1
3194	1
3195	1
3196	1
3197	1
3198	1
3199	1
3200	1
3201	1
3202	1
3203	1
3204	1
3205	1
3206	1
3207	1
3208	1
3209	1
3210	1
3211	1
3212	1
3213	1
3214	1
3215	1
3216	1
3217	1
3218	1
3219	1
3220	1
3221	1
3222	1
3223	1
3224	1
3225	1
3226	1
3227	1
3228	1
3229	1
3230	1
3231	1
3232	1
3233	1
3234	1
3235	1
3236	1
3237	1
3238	1
3239	1
3240	1
3241	1
3242	1
3243	1
3244	1
3245	1
3246	1
3247	1
3248	1
3249	1
3250	1
3251	1
3252	1
3253	1
3254	1
3255	1
3256	1
3257	1
3258	1
3259	1
3260	1
3261	1
3262	1
3263	1
3264	1
3265	1
3266	1
3267	1
3268	1
3269	1
3270	1
3271	1
3272	1
3273	1
3274	1
3275	1
3276	1
3277	1
3278	1
3279	1
3280	1
3281	1
3282	1
3283	1
3284	1
3285	1
3286	1
3287	1
3288	1
3289	1
3290	1
3291	1
3292	1
3293	1
3294	1
3295	1
3296	1
3297	1
3298	1
3299	1
3300	1
3301	1
3302	1
3303	1
3304	1
3305	1
3306	1
3307	1
3308	1
3309	1
3310	1
3311	1
3312	1
3313	1
3314	1
3315	1
3316	1
3317	1
3318	1
3319	1
3320	1
3321	1
3322	1
3323	1
3324	1
3325	1
3326	1
3327	1
3328	1
3329	1
3330	1
3331	1
3332	1
3333	1
3334	1
3335	1
3336	1
3337	1
3338	1
3339	1
3340	1
3341	1
3342	1
3343	1
3344	1
3345	1
3346	1
3347	1
3348	1
3349	1
3350	1
3351	1
3352	1
3353	1
3354	1
3355	1
3356	1
3357	1
3358	1
3359	1
3360	1
3361	1
3362	1
3363	1
3364	1
3365	1
3366	1
3367	1
3368	1
3369	1
3370	1
3371	1
3372	1
3373	1
3374	1
3375	1
3376	1
3377	1
3378	1
3379	1
3380	1
3381	1
3382	1
3383	1
3384	1
3385	1
3386	1
3387	1
3388	1
3389	1
3390	1
3391	1
3392	1
3393	1
3394	1
3395	1
3396	1
3397	1
3398	1
3399	1
3400	1
3401	1
3402	1
3403	1
3404	1
3405	1
3406	1
3407	1
3408	1
3409	1
3410	1
3411	1
3412	1
3413	1
3414	1
3415	1
3416	1
3417	1
3418	1
3419	1
3420	1
3421	1
3422	1
3423	1
3424	1
3425	1
3426	1
3427	1
3428	1
3429	1
3430	1
3431	1
3432	1
3433	1
3434	1
3435	1
3436	1
3437	1
3438	1
3439	1
3440	1
3441	1
3442	1
3443	1
3444	1
3445	1
3446	1
3447	1
3448	1
3449	1
3450	1
3451	1
3452	1
3453	1
3454	1
3455	1
3456	1
3457	1
3458	1
3459	1
3460	1
3461	1
3462	1
3463	1
3464	1
3465	1
3466	1
3467	1
3468	1
3469	1
3470	1
3471	1
3472	1
3473	1
3474	1
3475	1
3476	1
3477	1
3478	1
3479	1
3480	1
3481	1
3482	1
3483	1
3484	1
3485	1
3486	1
3487	1
3488	1
3489	1
3490	1
3491	1
3492	1
3493	1
3494	1
3495	1
3496	1
3497	1
3498	1
3499	1
3500	1
3501	1
3502	1
3503	1
3504	1
3505	1
3506	1
3507	1
3508	1
3509	1
3510	1
3511	1
3512	1
3513	1
3514	1
3515	1
3516	1
3517	1
3518	1
3519	1
3520	1
3521	1
3522	1
3523	1
3524	1
3525	1
3526	1
3527	1
3528	1
3529	1
3530	1
3531	1
3532	1
3533	1
3534	1
3535	1
3536	1
3537	1
3538	1
3539	1
3540	1
3541	1
3542	1
3543	1
3544	1
3545	1
3546	1
3547	1
3548	1
3549	1
3550	1
3551	1
3552	1
3553	1
3554	1
3555	1
3556	1
3557	1
3558	1
3559	1
3560	1
3561	1
3562	1
3563	1
3564	1
3565	1
3566	1
3567	1
3568	1
3569	1
3570	1
3571	1
3572	1
3573	1
3574	1
3575	1
3576	1
3577	1
3578	1
3579	1
3580	1
3581	1
3582	1
3583	1
3584	1
3585	1
3586	1
3587	1
3588	1
3589	1
3590	1
3591	1
3592	1
3593	1
3594	1
3595	1
3596	1
3597	1
3598	1
3599	1
3600	1
3601	1
3602	1
3603	1
3604	1
3605	1
3606	1
3607	1
3608	1
3609	1
3610	1
3611	1
3612	1
3613	1
3614	1
3615	1
3616	1
3617	1
3618	1
3619	1
3620	1
3621	1
3622	1
3623	1
3624	1
3625	1
3626	1
3627	1
3628	1
3629	1
3630	1
3631	1
3632	1
3633	1
3634	1
3635	1
3636	1
3637	1
3638	1
3639	1
3640	1
3641	1
3642	1
3643	1
3644	1
3645	1
3646	1
3647	1
3648	1
3649	1
3650	1
3651	1
3652	1
3653	1
3654	1
3655	1
3656	1
3657	1
3658	1
3659	1
3660	1
3661	1
3662	1
3663	1
3664	1
3665	1
3666	1
3667	1
3668	1
3669	1
3670	1
3671	1
3672	1
3673	1
3674	1
3675	1
3676	1
3677	1
3678	1
3679	1
3680	1
3681	1
3682	1
3683	1
3684	1
3685	1
3686	1
3687	1
3688	2
3689	2
3690	2
3691	2
3692	2
3693	2
3694	2
3695	2
3696	2
3697	2
3698	2
3699	2
3700	2
3701	2
3702	2
3703	2
3704	2
3705	2
3706	2
3707	2
3708	2
3709	2
3710	2
3711	2
3712	2
3713	2
3714	2
3715	2
3716	2
3717	2
3718	2
3719	2
3720	2
3721	2
3722	2
3723	2
3724	2
3725	2
3726	2
3727	2
3728	2
3729	2
3730	2
3731	2
3732	2
3733	2
3734	2
3735	2
3736	2
3737	2
3738	2
3739	2
3740	2
3741	2
3742	2
3743	2
3744	2
3745	2
3746	2
3747	2
3748	2
3749	2
3750	2
3751	2
3752	2
3753	2
3754	2
3755	2
3756	2
3757	2
3758	2
3759	2
3760	2
3761	2
3762	2
3763	2
3764	2
3765	2
3766	2
3767	2
3768	2
3769	3
3770	3
3771	3
3772	3
3773	3
3774	3
3775	3
3776	3
3777	3
3778	3
3779	3
3780	3
3781	3
3782	3
3783	3
3784	3
3785	3
3786	3
3787	3
3788	3
3789	3
3790	3
3791	3
3792	3
3793	3
3794	3
3795	3
3796	3
3797	3
3798	3
3799	3
3800	3
3801	3
3802	3
3803	3
3804	3
3805	3
3806	3
3807	3
3808	3
3809	3
3810	3
3811	3
3812	3
3813	3
3814	3
3815	3
3816	3
3817	3
3818	3
3819	3
3820	3
3821	3
3822	3
3823	3
3824	3
3825	3
3826	3
3827	3
3828	3
3829	3
3830	3
3831	3
3832	3
3833	3
3834	3
3835	3
3836	3
3837	3
3838	3
3839	3
3840	3
3841	3
3842	3
3843	3
3844	3
3845	3
3846	3
3847	3
3848	3
3849	3
3850	3
3851	3
3852	3
3853	3
3854	3
3855	3
3856	3
3857	3
3858	3
3859	3
3860	3
3861	3
3862	3
3863	3
3864	3
3865	3
3866	3
3867	3
3868	3
3869	3
3870	3
3871	3
3872	3
3873	3
3874	3
3875	3
3876	3
3877	3
3878	3
3879	3
3880	3
3881	3
3882	3
3883	3
3884	3
3885	3
3886	3
3887	3
3888	3
3889	3
3890	3
3891	3
3892	3
3893	3
3894	3
3895	3
3896	3
3897	3
3898	3
3899	3
3900	3
3901	3
3902	3
3903	3
3904	3
3905	3
3906	3
3907	3
3908	3
3909	3
3910	3
3911	3
3912	3
3913	3
3914	3
3915	3
3916	3
3917	3
3918	3
3919	3
3920	3
3921	3
3922	3
3923	3
3924	3
3925	3
3926	3
3927	3
3928	3
3929	3
3930	3
3931	3
3932	3
3933	3
3934	3
3935	3
3936	3
3937	3
3938	3
3939	3
3940	3
3941	3
3942	3
3943	3
3944	3
3945	3
3946	3
3947	3
3948	3
3949	3
3950	3
3951	3
3952	3
3953	3
3954	3
3955	3
3956	3
3957	3
3958	3
3959	3
3960	3
3961	3
3962	3
3963	3
3964	3
3965	3
3966	3
3967	3
3968	3
3969	3
3970	3
3971	3
3972	3
3973	3
3974	3
3975	3
3976	3
3977	3
3978	3
3979	3
3980	3
3981	3
3982	3
3983	3
3984	3
3985	3
3986	3
3987	3
3988	3
3989	3
3990	3
3991	3
3992	3
3993	3
3994	3
3995	3
3996	3
3997	3
3998	3
3999	3
4000	3
4001	3
4002	3
4003	3
4004	3
4005	3
4006	3
4007	3
4008	3
4009	3
4010	3
4011	3
4012	3
4013	3
4014	3
4015	3
4016	3
4017	3
4018	3
4019	3
4020	3
4021	3
4022	3
4023	3
4024	3
4025	3
4026	3
4027	4
4028	4
4029	4
4030	4
4031	4
4032	4
4033	4
4034	4
4035	4
4036	4
4037	4
4038	4
4039	4
4040	4
4041	4
4042	4
4043	4
4044	4
4045	4
4046	4
4047	4
4048	4
4049	4
4050	4
4051	4
4052	4
4053	4
4054	4
4055	4
4056	4
4057	4
4058	4
4059	4
4060	4
4061	4
4062	4
4063	4
4064	4
4065	4
4066	4
4067	4
4068	4
4069	4
4070	4
4071	4
4072	4
4073	4
4074	4
4075	4
4076	4
4077	4
4078	4
4079	4
4080	4
4081	4
4082	4
4083	4
4084	4
4085	4
4086	4
4087	4
4088	4
4089	4
4090	4
4091	4
4092	4
4093	4
4094	4
4095	4
4096	4
4097	4
4098	4
4099	4
4100	4
4101	4
4102	4
4103	4
4104	4
4105	4
4106	4
4107	4
4108	4
4109	4
4110	4
4111	4
4112	4
4113	4
4114	4
4115	4
4116	4
4117	4
4118	4
4119	4
4120	4
4121	4
4122	4
4123	4
4124	4
4125	4
4126	4
4127	4
4128	4
4129	4
4130	4
4131	4
4132	4
4133	4
4134	4
4135	4
4136	4
4137	4
4138	4
4139	4
4140	4
4141	4
4142	4
4143	4
4144	4
4145	4
4146	4
4147	4
4148	4
4149	4
4150	4
4151	4
4152	4
4153	4
4154	4
4155	4
4156	4
4157	4
4158	4
4159	4
4160	4
4161	4
4162	4
4163	4
4164	4
4165	4
4166	4
4167	4
4168	4
4169	4
4170	4
4171	4
4172	4
4173	4
4174	4
4175	4
4176	4
4177	4
4178	4
4179	4
4180	4
4181	4
4182	4
4183	4
4184	4
4185	4
4186	4
4187	4
4188	4
4189	4
4190	4
4191	4
4192	4
4193	4
4194	4
4195	4
4196	4
4197	4
4198	4
4199	4
4200	4
4201	4
4202	4
4203	4
4204	4
4205	4
4206	4
4207	4
4208	4
4209	4
4210	4
4211	4
4212	4
4213	4
4214	4
4215	4
4216	4
4217	4
4218	4
4219	4
4220	4
4221	4
4222	4
4223	4
4224	4
4225	4
4226	4
4227	4
4228	4
4229	4
4230	4
4231	4
4232	4
4233	4
4234	4
4235	4
4236	4
4237	4
4238	4
4239	4
4240	4
4241	4
4242	4
4243	4
4244	4
4245	4
4246	4
4247	4
4248	4
4249	4
4250	4
4251	4
4252	4
4253	4
4254	4
4255	4
4256	4
4257	4
4258	4
4259	4
4260	4
4261	4
4262	4
4263	4
4264	4
4265	4
4266	4
4267	4
4268	4
4269	4
4270	4
4271	4
4272	4
4273	4
4274	4
4275	4
4276	4
4277	4
4278	4
4279	4
4280	4
4281	4
4282	4
4283	4
4284	4
4285	4
4286	4
4287	4
4288	4
4289	4
4290	4
4291	4
4292	4
4293	4
4294	4
4295	4
4296	4
4297	4
4298	4
4299	4
4300	4
4301	4
4302	4
4303	4
4304	4
4305	4
4306	4
4307	4
4308	4
4309	4
4310	4
4311	4
4312	4
4313	4
4314	4
4315	4
4316	4
4317	4
4318	4
4319	4
4320	4
4321	4
4322	4
4323	4
4324	4
4325	4
4326	4
4327	4
4328	4
4329	4
4330	4
4331	4
4332	4
4333	4
4334	4
4335	4
4336	4
4337	4
4338	4
4339	4
4340	4
4341	4
4342	4
4343	4
4344	4
4345	4
4346	4
4347	4
4348	4
4349	4
4350	4
4351	4
4352	4
4353	4
4354	4
4355	4
4356	4
4357	4
4358	4
4359	4
4360	4
4361	4
4362	4
4363	4
4364	4
4365	4
4366	4
4367	4
4368	4
4369	4
4370	4
4371	4
4372	4
4373	4
4374	4
4375	4
4376	4
4377	4
4378	4
4379	4
4380	4
4381	4
4382	4
4383	4
4384	4
4385	4
4386	4
4387	4
4388	4
4389	4
4390	4
4391	4
4392	4
4393	4
4394	4
4395	4
4396	4
4397	4
4398	4
4399	4
4400	4
4401	4
4402	4
4403	4
4404	4
4405	4
4406	4
4407	4
4408	4
4409	4
4410	4
4411	4
4412	4
4413	4
4414	4
4415	4
4416	4
4417	4
4418	4
4419	4
4420	4
4421	4
4422	4
4423	4
4424	4
4425	4
4426	4
4427	4
4428	4
4429	4
4430	4
4431	4
4432	4
4433	4
4434	4
4435	4
4436	4
4437	4
4438	4
4439	4
4440	4
4441	4
4442	4
4443	4
4444	4
4445	4
4446	4
4447	4
4448	4
4449	4
4450	4
4451	4
4452	4
4453	4
4454	4
4455	4
4456	4
4457	4
4458	4
4459	4
4460	4
4461	4
4462	4
4463	4
4464	4
4465	4
4466	4
4467	4
4468	4
4469	4
4470	4
4471	4
4472	4
4473	4
4474	4
4475	4
4476	4
4477	4
4478	4
4479	4
4480	4
4481	4
4482	4
4483	4
4484	4
4485	4
4486	4
4487	4
4488	4
4489	4
4490	4
4491	4
4492	4
4493	4
4494	4
4495	4
4496	4
4497	4
4498	4
4499	4
4500	4
4501	4
4502	4
4503	4
4504	4
4505	4
4506	4
4507	4
4508	4
4509	4
4510	4
4511	4
4512	4
4513	4
4514	4
4515	4
4516	4
4517	4
4518	4
4519	4
4520	4
4521	4
4522	4
4523	4
4524	4
4525	4
4526	4
4527	4
4528	4
4529	4
4530	4
4531	4
4532	4
4533	4
4534	4
4535	4
4536	4
4537	4
4538	4
4539	4
4540	4
4541	4
4542	4
4543	4
4544	4
4545	4
4546	4
4547	4
4548	4
4549	4
4550	4
4551	4
4552	4
4553	4
4554	4
4555	4
4556	4
4557	4
4558	4
4559	4
4560	4
4561	4
4562	4
4563	4
4564	4
4565	4
4566	4
4567	4
4568	4
4569	4
4570	4
4571	4
4572	4
4573	4
4574	4
4575	4
4576	4
4577	4
4578	4
4579	4
4580	4
4581	4
4582	4
4583	4
4584	4
4585	4
4586	4
4587	4
4588	4
4589	4
4590	4
4591	4
4592	4
4593	4
4594	4
4595	4
4596	4
4597	4
4598	4
4599	4
4600	4
4601	4
4602	4
4603	4
4604	4
4605	4
4606	4
4607	4
4608	4
4609	4
4610	4
4611	4
4612	4
4613	4
4614	4
4615	4
4616	4
4617	4
4618	4
4619	4
4620	4
4621	4
4622	4
4623	4
4624	4
4625	4
4626	4
4627	4
4628	4
4629	4
4630	4
4631	4
4632	4
4633	4
4634	4
4635	4
4636	4
4637	4
4638	4
4639	4
4640	4
4641	4
4642	4
4643	5
4644	5
4645	5
4646	5
4647	5
4648	5
4649	5
4650	5
4651	5
4652	5
4653	5
4654	5
4655	5
4656	5
4657	5
4658	5
4659	5
4660	5
4661	5
4662	5
4663	5
4664	5
4665	5
4666	5
4667	5
4668	5
4669	5
4670	5
4671	5
4672	5
4673	5
4674	5
4675	5
4676	5
4677	5
4678	5
4679	5
4680	5
4681	5
4682	5
4683	5
4684	5
4685	5
4686	5
4687	5
4688	5
4689	5
4690	5
4691	5
4692	5
4693	5
4694	5
4695	5
4696	5
4697	5
4698	5
4699	5
4700	5
4701	5
4702	5
4703	5
4704	5
4705	5
4706	5
4707	5
4708	5
4709	5
4710	5
4711	5
4712	5
4713	5
4714	5
4715	5
4716	5
4717	5
4718	5
4719	5
4720	5
4721	5
4722	5
4723	5
4724	5
4725	5
4726	5
4727	5
4728	5
4729	5
4730	5
4731	5
4732	5
4733	5
4734	5
4735	5
4736	5
4737	5
4738	5
4739	5
4740	5
4741	5
4742	5
4743	5
4744	5
4745	5
4746	5
4747	5
4748	5
4749	5
4750	5
4751	5
4752	5
4753	5
4754	5
4755	5
4756	5
4757	5
4758	5
4759	5
4760	5
4761	5
4762	5
4763	5
4764	5
4765	5
4766	5
4767	5
4768	5
4769	5
4770	5
4771	5
4772	5
4773	5
4774	5
4775	5
4776	5
4777	5
4778	5
4779	5
4780	5
4781	5
4782	5
4783	5
4784	5
4785	5
4786	5
4787	5
4788	5
4789	5
4790	5
4791	5
4792	5
4793	5
4794	5
4795	6
4796	6
4797	6
4798	6
4799	6
4800	6
4801	6
4802	6
4803	6
4804	6
4805	6
4806	6
4807	6
4808	6
4809	6
4810	6
4811	6
4812	6
4813	6
4814	6
4815	6
4816	6
4817	6
4818	6
4819	6
4820	6
4821	6
4822	6
4823	6
4824	6
4825	6
4826	6
4827	6
4828	6
4829	6
4830	6
4831	6
4832	6
4833	6
4834	6
4835	6
4836	6
4837	6
4838	6
4839	6
4840	6
4841	6
4842	6
4843	6
4844	6
4845	6
4846	6
4847	6
4848	6
4849	6
4850	6
4851	6
4852	6
4853	6
4854	6
4855	6
4856	6
4857	6
4858	6
4859	6
4860	6
4861	6
4862	6
4863	6
4864	6
4865	6
4866	6
4867	6
4868	6
4869	6
4870	6
4871	6
4872	6
4873	6
4874	6
4875	6
4876	6
4877	6
4878	6
4879	6
4880	6
4881	6
4882	7
4883	7
4884	7
4885	7
4886	7
4887	7
4888	7
4889	7
4890	7
4891	7
4892	7
4893	7
4894	7
4895	7
4896	7
4897	7
4898	7
4899	7
4900	7
4901	7
4902	7
4903	7
4904	7
4905	7
4906	7
4907	7
4908	7
4909	7
4910	7
4911	7
4912	7
4913	7
4914	7
4915	7
4916	7
4917	7
4918	7
4919	7
4920	7
4921	7
4922	7
4923	7
4924	7
4925	7
4926	7
4927	7
4928	7
4929	7
4930	7
4931	7
4932	7
4933	7
4934	7
4935	7
4936	7
4937	7
4938	7
4939	7
4940	7
4941	8
4942	8
4943	8
4944	8
4945	8
4946	8
4947	8
4948	8
4949	8
4950	8
4951	8
4952	8
4953	8
4954	8
4955	8
4956	8
4957	8
4958	8
4959	8
4960	8
4961	8
4962	8
4963	8
4964	8
4965	8
4966	8
4967	8
4968	8
4969	8
4970	8
4971	8
4972	8
4973	8
4974	8
4975	8
4976	8
4977	8
4978	8
4979	8
4980	8
4981	8
4982	8
4983	8
4984	8
4985	8
4986	8
4987	8
4988	8
4989	8
4990	8
4991	8
4992	8
4993	8
4994	8
4995	8
4996	8
4997	8
4998	8
4999	8
5000	8
5001	8
5002	8
5003	8
5004	8
5005	8
5006	8
5007	8
5008	8
5009	8
5010	8
5011	8
5012	8
5013	8
5014	8
5015	8
5016	8
5017	8
5018	8
5019	8
5020	8
5021	8
5022	8
5023	8
5024	8
5025	8
5026	8
5027	8
5028	8
5029	8
5030	8
5031	8
5032	8
5033	8
5034	8
5035	8
5036	8
5037	8
5038	8
5039	8
5040	8
5041	8
5042	8
5043	8
5044	8
5045	8
5046	8
5047	8
5048	8
5049	8
5050	8
5051	8
5052	8
5053	8
5054	8
5055	8
5056	8
5057	8
5058	8
5059	8
5060	8
5061	8
5062	8
5063	8
5064	8
5065	8
5066	8
5067	8
5068	8
5069	8
5070	8
5071	8
5072	8
5073	8
5074	8
5075	8
5076	8
5077	8
5078	8
5079	8
5080	8
5081	8
5082	8
5083	8
5084	8
5085	8
5086	8
5087	8
5088	8
5089	8
5090	8
5091	8
5092	8
5093	8
5094	8
5095	8
5096	8
5097	8
5098	8
5099	8
5100	8
5101	8
5102	8
5103	8
5104	8
5105	8
5106	8
5107	8
5108	8
5109	8
5110	8
5111	8
5112	8
5113	8
5114	8
5115	8
5116	8
5117	8
5118	8
5119	8
5120	8
5121	8
5122	8
5123	8
5124	8
5125	8
5126	8
5127	8
5128	8
5129	8
5130	8
5131	8
5132	8
5133	8
5134	8
5135	8
5136	8
5137	8
5138	8
5139	8
5140	8
5141	8
5142	8
5143	8
5144	8
5145	8
5146	8
5147	8
5148	8
5149	8
5150	8
5151	8
5152	8
5153	8
5154	8
5155	8
5156	8
5157	8
5158	8
5159	8
5160	8
5161	8
5162	8
5163	8
5164	8
5165	8
5166	8
5167	8
5168	8
5169	8
5170	8
5171	8
5172	8
5173	8
5174	8
5175	8
5176	8
5177	8
5178	8
5179	8
5180	8
5181	8
5182	8
5183	8
5184	8
5185	8
5186	8
5187	8
5188	8
5189	8
5190	8
5191	8
5192	8
5193	8
5194	8
5195	8
5196	8
5197	8
5198	8
5199	8
5200	8
5201	8
5202	8
5203	8
5204	8
5205	8
5206	8
5207	8
5208	8
5209	8
5210	8
5211	8
5212	8
5213	8
5214	8
5215	8
5216	9
5217	9
5218	9
5219	9
5220	9
5221	9
5222	9
5223	9
5224	9
5225	9
5226	9
5227	9
5228	9
5229	9
5230	9
5231	9
5232	9
5233	9
5234	9
5235	9
5236	9
5237	9
5238	9
5239	9
5240	9
5241	9
5242	9
5243	9
5244	9
5245	9
5246	9
5247	9
5248	9
5249	9
5250	9
5251	9
5252	9
5253	9
5254	9
5255	9
5256	9
5257	9
5258	9
5259	9
5260	9
5261	9
5262	9
5263	9
5264	9
5265	9
5266	9
5267	9
5268	9
5269	9
5270	9
5271	9
5272	9
5273	9
5274	9
5275	9
5276	9
5277	9
5278	9
5279	9
5280	9
5281	9
5282	9
5283	9
5284	9
5285	9
5286	9
5287	9
5288	9
5289	9
5290	9
5291	9
5292	9
5293	9
5294	9
5295	9
5296	9
5297	9
5298	9
5299	9
5300	9
5301	9
5302	9
5303	9
5304	9
5305	9
5306	9
5307	9
5308	9
5309	9
5310	9
5311	9
5312	9
5313	9
5314	9
5315	9
5316	9
5317	9
5318	9
5319	9
5320	9
5321	9
5322	9
5323	9
5324	9
5325	9
5326	9
5327	9
5328	9
5329	9
5330	9
5331	9
5332	9
5333	9
5334	9
5335	9
5336	9
5337	9
5338	9
5339	9
5340	9
5341	9
5342	9
5343	9
5344	9
5345	9
5346	9
5347	9
5348	9
5349	9
5350	9
5351	9
5352	9
5353	9
5354	9
5355	9
5356	9
5357	9
5358	9
5359	9
5360	9
5361	9
5362	9
5363	9
5364	9
5365	9
5366	9
5367	9
5368	9
5369	9
5370	9
5371	9
5372	9
5373	9
5374	9
5375	9
5376	9
5377	9
5378	9
5379	9
5380	9
5381	9
5382	9
5383	9
5384	9
5385	9
5386	9
5387	9
5388	9
5389	9
5390	9
5391	9
5392	9
5393	9
5394	9
5395	9
5396	9
5397	9
5398	9
5399	9
5400	9
5401	9
5402	9
5403	9
5404	9
5405	9
5406	9
5407	9
5408	9
5409	9
5410	9
5411	9
5412	9
5413	9
5414	9
5415	9
5416	9
5417	9
5418	9
5419	9
5420	9
5421	9
5422	9
5423	9
5424	9
5425	9
5426	9
5427	9
5428	9
5429	9
5430	9
5431	9
5432	9
5433	9
5434	9
5435	9
5436	9
5437	9
5438	9
5439	9
5440	9
5441	9
5442	9
5443	9
5444	9
5445	9
5446	9
5447	9
5448	9
5449	9
5450	9
5451	9
5452	9
5453	9
5454	9
5455	9
5456	9
5457	9
5458	9
5459	9
5460	9
5461	9
5462	9
5463	9
5464	9
5465	9
5466	9
5467	9
5468	9
5469	9
5470	9
5471	9
5472	9
5473	9
5474	9
5475	9
5476	9
5477	9
5478	9
5479	9
5480	9
5481	9
5482	9
5483	9
5484	9
5485	9
5486	9
5487	9
5488	9
5489	9
5490	9
5491	9
5492	9
5493	9
5494	9
5495	9
5496	9
5497	9
5498	9
5499	9
5500	9
5501	9
5502	9
5503	9
5504	9
5505	9
5506	9
5507	9
5508	9
5509	9
5510	9
5511	9
5512	9
5513	9
5514	9
5515	9
5516	9
5517	9
5518	9
5519	9
5520	9
5521	9
5522	9
5523	9
5524	9
5525	9
5526	9
5527	9
5528	9
5529	9
5530	9
5531	9
5532	9
5533	9
5534	9
5535	9
5536	9
5537	9
5538	9
5539	9
5540	9
5541	9
5542	9
5543	9
5544	9
5545	9
5546	9
5547	9
5548	9
5549	9
5550	9
5551	9
5552	9
5553	9
5554	9
5555	9
5556	9
5557	9
5558	9
5559	9
5560	9
5561	9
5562	9
5563	9
5564	9
5565	9
5566	9
5567	9
5568	9
5569	9
5570	9
5571	9
5572	9
5573	9
5574	9
5575	9
5576	9
5577	9
5578	9
5579	9
5580	9
5581	9
5582	9
5583	9
5584	9
5585	9
5586	9
5587	9
5588	9
5589	9
5590	9
5591	9
5592	9
5593	9
5594	9
5595	9
5596	9
5597	9
5598	9
5599	9
5600	9
5601	9
5602	9
5603	9
5604	9
5605	9
5606	9
5607	9
5608	9
5609	9
5610	9
5611	9
5612	9
5613	9
5614	9
5615	9
5616	9
5617	9
5618	9
5619	9
5620	9
5621	9
5622	9
5623	9
5624	9
5625	9
5626	9
5627	9
5628	9
5629	9
5630	9
5631	9
5632	9
5633	9
5634	9
5635	9
5636	9
5637	9
5638	9
5639	9
5640	9
5641	9
5642	9
5643	9
5644	9
5645	9
5646	9
5647	9
5648	9
5649	9
5650	9
5651	9
5652	9
5653	9
5654	9
5655	9
5656	9
5657	9
5658	9
5659	9
5660	9
5661	9
5662	9
5663	9
5664	9
5665	9
5666	9
5667	9
5668	9
5669	9
5670	9
5671	9
5672	9
5673	9
5674	9
5675	9
5676	9
5677	9
5678	9
5679	9
5680	9
5681	9
5682	9
5683	9
5684	9
5685	9
5686	9
5687	9
5688	9
5689	9
5690	9
5691	9
5692	9
5693	9
5694	9
5695	9
5696	9
5697	9
5698	9
5699	9
5700	9
5701	9
5702	9
5703	9
5704	9
5705	9
5706	9
5707	9
5708	9
5709	9
5710	9
5711	9
5712	9
5713	9
5714	9
5715	9
5716	9
5717	9
5718	9
5719	9
5720	9
5721	9
5722	9
5723	9
5724	9
5725	9
5726	9
5727	9
5728	9
5729	9
5730	9
5731	9
5732	9
5733	9
5734	9
5735	9
5736	9
5737	9
5738	9
5739	9
5740	9
5741	9
5742	9
5743	9
5744	9
5745	9
5746	9
5747	9
5748	9
5749	9
5750	9
5751	9
5752	9
5753	9
5754	9
5755	9
5756	9
5757	9
5758	9
5759	9
5760	9
5761	9
5762	9
5763	9
5764	9
5765	9
5766	9
5767	9
5768	9
5769	9
5770	9
5771	9
5772	9
5773	9
5774	9
5775	9
5776	9
5777	9
5778	9
5779	9
5780	9
5781	9
5782	9
5783	9
5784	9
5785	9
5786	9
5787	9
5788	9
5789	9
5790	9
5791	9
5792	9
5793	9
5794	9
5795	9
5796	9
5797	9
5798	9
5799	9
5800	9
5801	9
5802	9
5803	9
5804	9
5805	9
5806	9
5807	9
5808	9
5809	9
5810	9
5811	9
5812	9
5813	9
5814	9
5815	9
5816	9
5817	9
5818	9
5819	9
5820	9
5821	9
5822	9
5823	9
5824	9
5825	9
5826	9
5827	9
5828	9
5829	9
5830	9
5831	9
5832	9
5833	9
5834	9
5835	9
5836	9
5837	9
5838	9
5839	9
5840	9
5841	9
5842	9
5843	9
5844	9
5845	9
5846	9
5847	9
5848	9
5849	9
5850	9
5851	9
5852	9
5853	9
5854	9
5855	9
5856	9
5857	9
5858	9
5859	9
5860	9
5861	9
5862	9
5863	9
5864	9
5865	9
5866	9
5867	9
5868	9
5869	9
5870	9
5871	9
5872	9
5873	9
5874	9
5875	9
5876	9
5877	9
5878	9
5879	9
5880	9
5881	9
5882	9
5883	9
5884	9
5885	9
5886	9
5887	9
5888	9
5889	9
5890	9
5891	9
5892	9
5893	9
5894	9
5895	9
5896	9
5897	9
5898	9
5899	9
5900	9
5901	9
5902	9
5903	9
5904	9
5905	9
5906	9
5907	9
5908	9
5909	9
5910	9
5911	9
5912	9
5913	9
5914	9
5915	9
5916	9
5917	9
5918	9
5919	9
5920	9
5921	9
5922	9
5923	9
5924	9
5925	9
5926	9
5927	9
5928	9
5929	9
5930	9
5931	9
5932	9
5933	9
5934	9
5935	9
5936	9
5937	9
5938	9
5939	9
5940	9
5941	9
5942	9
5943	9
5944	9
5945	9
5946	9
5947	9
5948	9
5949	9
5950	9
5951	9
5952	9
5953	9
5954	9
5955	9
5956	9
5957	9
5958	9
5959	9
5960	9
5961	9
5962	9
5963	9
5964	9
5965	9
5966	9
5967	9
5968	9
5969	9
5970	9
5971	9
5972	9
5973	9
5974	9
5975	9
5976	9
5977	9
5978	9
5979	9
5980	9
5981	9
5982	9
5983	9
5984	9
5985	9
5986	9
5987	9
5988	9
5989	9
5990	9
5991	9
5992	9
5993	9
5994	9
5995	9
5996	9
5997	9
5998	9
5999	9
6000	9
6001	9
6002	9
6003	9
6004	9
6005	9
6006	9
6007	9
6008	9
6009	9
6010	9
6011	9
6012	9
6013	9
6014	9
6015	9
6016	9
6017	9
6018	9
6019	9
6020	9
6021	9
6022	9
6023	9
6024	9
6025	9
6026	9
6027	9
6028	9
6029	9
6030	9
6031	9
6032	9
6033	9
6034	9
6035	9
6036	9
6037	9
6038	9
6039	9
6040	9
6041	9
6042	9
6043	9
6044	9
6045	9
6046	9
6047	9
6048	9
6049	9
6050	9
6051	9
6052	9
6053	9
6054	9
6055	9
6056	9
6057	9
6058	9
6059	9
6060	9
6061	9
6062	9
6063	9
6064	9
6065	9
6066	9
6067	9
6068	9
6069	9
6070	9
6071	9
6072	9
6073	9
6074	9
6075	9
6076	9
6077	9
6078	9
6079	9
6080	9
6081	9
6082	9
6083	9
6084	9
6085	9
6086	9
6087	9
6088	9
6089	9
6090	9
6091	9
6092	9
6093	9
6094	9
6095	9
6096	9
6097	9
6098	9
6099	9
6100	9
6101	9
6102	9
6103	9
6104	9
6105	9
6106	9
6107	9
6108	9
6109	9
6110	9
6111	9
6112	9
6113	9
6114	9
6115	9
6116	9
6117	9
6118	9
6119	9
6120	9
6121	9
6122	9
6123	9
6124	9
6125	9
6126	9
6127	9
6128	9
6129	9
6130	9
6131	9
6132	9
6133	9
6134	9
6135	9
6136	9
6137	9
6138	9
6139	9
6140	9
6141	9
6142	9
6143	9
6144	9
6145	9
6146	9
6147	9
6148	9
6149	9
6150	9
6151	9
6152	9
6153	9
6154	9
6155	9
6156	9
6157	9
6158	9
6159	9
6160	9
6161	9
6162	9
6163	9
6164	9
6165	9
6166	9
6167	9
6168	9
6169	9
6170	9
6171	9
6172	9
6173	9
6174	9
6175	9
6176	9
6177	9
6178	9
6179	9
6180	9
6181	9
6182	9
6183	9
6184	9
6185	9
6186	9
6187	9
6188	9
6189	9
6190	9
6191	9
6192	9
6193	9
6194	9
6195	9
6196	9
6197	9
6198	9
6199	9
6200	9
6201	9
6202	9
6203	9
6204	9
6205	9
6206	9
6207	9
6208	9
6209	9
6210	9
6211	9
6212	9
6213	9
6214	9
6215	9
6216	9
6217	9
6218	9
6219	9
6220	9
6221	9
6222	9
6223	9
6224	9
6225	9
6226	9
6227	9
6228	9
6229	9
6230	9
6231	9
6232	9
6233	9
6234	9
6235	9
6236	9
6237	9
6238	9
6239	9
6240	9
6241	9
6242	9
6243	9
6244	9
6245	9
6246	9
6247	9
6248	9
6249	9
6250	9
6251	9
6252	9
6253	9
6254	9
6255	9
6256	9
6257	9
6258	9
6259	9
6260	9
6261	9
6262	9
6263	9
6264	9
6265	9
6266	9
6267	9
6268	9
6269	9
6270	9
6271	9
6272	9
6273	9
6274	9
6275	9
6276	9
6277	9
6278	9
6279	9
6280	9
6281	9
6282	9
6283	9
6284	9
6285	9
6286	9
6287	9
6288	9
6289	9
6290	9
6291	9
6292	10
6293	10
6294	10
6295	10
6296	10
6297	10
6298	10
6299	10
6300	10
6301	10
6302	10
6303	10
6304	10
6305	10
6306	10
6307	10
6308	10
6309	10
6310	10
6311	10
6312	10
6313	10
6314	10
6315	10
6316	10
6317	10
6318	10
6319	10
6320	10
6321	10
6322	10
6323	10
6324	10
6325	10
6326	10
6327	10
6328	10
6329	10
6330	10
6331	10
6332	10
6333	10
6334	10
6335	10
6336	10
6337	10
6338	10
6339	10
6340	10
6341	10
6342	10
6343	10
6344	10
6345	10
6346	10
6347	10
6348	10
6349	10
6350	10
6351	10
6352	10
6353	10
6354	10
6355	10
6356	10
6357	10
6358	10
6359	10
6360	10
6361	10
6362	10
6363	10
6364	10
6365	10
6366	10
6367	10
6368	10
6369	10
6370	10
6371	10
6372	10
6373	10
6374	10
6375	10
6376	10
6377	10
6378	10
6379	10
6380	10
6381	10
6382	10
6383	10
6384	10
6385	10
6386	10
6387	10
6388	10
6389	10
6390	10
6391	10
6392	10
6393	10
6394	10
6395	10
6396	10
6397	10
6398	10
6399	10
6400	10
6401	10
6402	10
6403	10
6404	10
6405	10
6406	10
6407	10
6408	10
6409	10
6410	10
6411	10
6412	10
6413	10
6414	10
6415	10
6416	10
6417	10
6418	10
6419	10
6420	10
6421	10
6422	10
6423	10
6424	10
6425	10
6426	10
6427	10
6428	10
6429	10
6430	10
6431	10
6432	10
6433	10
6434	10
6435	10
6436	10
6437	10
6438	10
6439	10
6440	10
6441	10
6442	10
6443	10
6444	10
6445	10
6446	10
6447	10
6448	10
6449	10
6450	10
6451	10
6452	10
6453	10
6454	10
6455	10
6456	10
6457	10
6458	10
6459	10
6460	10
6461	10
6462	10
6463	10
6464	10
6465	10
6466	10
6467	10
6468	10
6469	10
6470	10
6471	10
6472	10
6473	10
6474	10
6475	10
6476	10
6477	10
6478	10
6479	10
6480	10
6481	10
6482	10
6483	10
6484	10
6485	10
6486	10
6487	10
6488	10
6489	10
6490	10
6491	10
6492	10
6493	10
6494	10
6495	10
6496	10
6497	10
6498	10
6499	10
6500	10
6501	10
6502	10
6503	10
6504	10
6505	10
6506	10
6507	10
6508	10
6509	10
6510	10
6511	10
6512	10
6513	10
6514	10
6515	10
6516	10
6517	10
6518	10
6519	10
6520	10
6521	10
6522	10
6523	10
6524	10
6525	10
6526	10
6527	10
6528	10
6529	10
6530	10
6531	10
6532	10
6533	10
6534	10
6535	10
6536	10
6537	10
6538	10
6539	10
6540	10
6541	10
6542	10
6543	10
6544	10
6545	10
6546	10
6547	10
6548	10
6549	10
6550	10
6551	10
6552	10
6553	10
6554	10
6555	10
6556	10
6557	10
6558	10
6559	10
6560	10
6561	10
6562	10
6563	10
6564	10
6565	10
6566	10
6567	10
6568	10
6569	10
6570	10
6571	10
6572	10
6573	10
6574	10
6575	10
6576	10
6577	10
6578	10
6579	10
6580	10
6581	10
6582	10
6583	10
6584	10
6585	10
6586	10
6587	10
6588	10
6589	10
6590	10
6591	10
6592	10
6593	10
6594	10
6595	10
6596	10
6597	10
6598	10
6599	10
6600	10
6601	10
6602	10
6603	10
6604	10
6605	10
6606	10
6607	10
6608	10
6609	10
6610	10
6611	10
6612	10
6613	10
6614	10
6615	10
6616	10
6617	10
6618	10
6619	10
6620	10
6621	10
6622	10
6623	10
6624	10
6625	10
6626	10
6627	10
6628	10
6629	10
6630	10
6631	10
6632	10
6633	10
6634	10
6635	10
6636	10
6637	10
6638	10
6639	10
6640	10
6641	10
6642	10
6643	10
6644	10
6645	10
6646	10
6647	10
6648	10
6649	10
6650	10
6651	10
6652	10
6653	10
6654	10
6655	10
6656	10
6657	10
6658	10
6659	10
6660	10
6661	10
6662	11
6663	11
6664	11
6665	11
6666	11
6667	11
6668	11
6669	11
6670	11
6671	11
6672	11
6673	11
6674	11
6675	11
6676	11
6677	11
6678	11
6679	11
6680	11
6681	11
6682	11
6683	11
6684	11
6685	11
6686	11
6687	11
6688	11
6689	11
6690	11
6691	11
6692	11
6693	11
6694	11
6695	11
6696	11
6697	11
6698	11
6699	11
6700	11
6701	11
6702	11
6703	11
6704	11
6705	11
6706	11
6707	11
6708	11
6709	11
6710	11
6711	11
6712	11
6713	11
6714	11
6715	11
6716	11
6717	11
6718	11
6719	11
6720	11
6721	11
6722	11
6723	11
6724	11
6725	11
6726	11
6727	11
6728	11
6729	11
6730	11
6731	11
6732	11
6733	11
6734	11
6735	11
6736	11
6737	11
6738	11
6739	11
6740	11
6741	11
6742	11
6743	11
6744	11
6745	11
6746	11
6747	11
6748	11
6749	11
6750	11
6751	11
6752	11
6753	11
6754	11
6755	11
6756	11
6757	11
6758	11
6759	11
6760	11
6761	11
6762	11
6763	11
6764	11
6765	11
6766	11
6767	11
6768	11
6769	11
6770	11
6771	11
6772	11
6773	11
6774	11
6775	11
6776	11
6777	11
6778	11
6779	11
6780	11
6781	11
6782	11
6783	11
6784	11
6785	11
6786	11
6787	11
6788	11
6789	11
6790	11
6791	11
6792	11
6793	11
6794	11
6795	11
6796	11
6797	11
6798	11
6799	11
6800	11
6801	11
6802	11
6803	11
6804	11
6805	11
6806	11
6807	11
6808	11
6809	11
6810	11
6811	11
6812	11
6813	11
6814	11
6815	11
6816	11
6817	11
6818	11
6819	11
6820	11
6821	11
6822	11
6823	11
6824	11
6825	11
6826	11
6827	11
6828	11
6829	11
6830	11
6831	11
6832	11
6833	11
6834	11
6835	11
6836	11
6837	11
6838	11
6839	11
6840	11
6841	11
6842	11
6843	11
6844	11
6845	11
6846	11
6847	11
6848	11
6849	11
6850	11
6851	11
6852	11
6853	11
6854	11
6855	11
6856	11
6857	11
6858	11
6859	11
6860	11
6861	11
6862	11
6863	11
6864	11
6865	11
6866	11
6867	11
6868	11
6869	11
6870	11
6871	11
6872	11
6873	11
6874	11
6875	11
6876	11
6877	11
6878	11
6879	11
6880	11
6881	11
6882	11
6883	11
6884	11
6885	11
6886	11
6887	11
6888	11
6889	11
6890	11
6891	11
6892	11
6893	11
6894	11
6895	11
6896	11
6897	11
6898	11
6899	11
6900	11
6901	11
6902	11
6903	11
6904	11
6905	11
6906	11
6907	11
6908	11
6909	11
6910	11
6911	11
6912	11
6913	11
6914	11
6915	11
6916	11
6917	11
6918	11
6919	11
6920	11
6921	11
6922	11
6923	11
6924	11
6925	11
6926	11
6927	11
6928	11
6929	11
6930	11
6931	11
6932	11
6933	11
6934	11
6935	11
6936	11
6937	11
6938	11
6939	11
6940	11
6941	11
6942	11
6943	11
6944	11
6945	11
6946	11
6947	11
6948	11
6949	11
6950	11
6951	11
6952	11
6953	11
6954	11
6955	11
6956	11
6957	11
6958	11
6959	11
6960	11
6961	11
6962	11
6963	11
6964	11
6965	11
6966	11
6967	11
6968	11
6969	11
6970	11
6971	11
6972	11
6973	11
6974	11
6975	11
6976	11
6977	11
6978	11
6979	11
6980	11
6981	11
6982	11
6983	11
6984	11
6985	11
6986	11
6987	11
6988	11
6989	11
6990	11
6991	11
6992	11
6993	11
6994	11
6995	11
6996	11
6997	11
6998	11
6999	11
7000	11
7001	11
7002	11
7003	11
7004	11
7005	11
7006	11
7007	11
7008	11
7009	11
7010	11
7011	11
7012	11
7013	11
7014	11
7015	11
7016	11
7017	11
7018	11
7019	11
7020	11
7021	11
7022	11
7023	11
7024	11
7025	11
7026	11
7027	11
7028	11
7029	11
7030	11
7031	11
7032	11
7033	11
7034	11
7035	11
7036	11
7037	11
7038	11
7039	11
7040	11
7041	11
7042	11
7043	11
7044	11
7045	11
7046	11
7047	11
7048	11
7049	11
7050	11
7051	11
7052	11
7053	11
7054	11
7055	11
7056	11
7057	11
7058	11
7059	11
7060	11
7061	11
7062	11
7063	11
7064	11
7065	11
7066	11
7067	11
7068	11
7069	11
7070	11
7071	11
7072	11
7073	11
7074	11
7075	11
7076	11
7077	11
7078	11
7079	11
7080	11
7081	11
7082	11
7083	11
7084	11
7085	11
7086	11
7087	11
7088	11
7089	11
7090	11
7091	11
7092	11
7093	11
7094	11
7095	11
7096	11
7097	11
7098	11
7099	11
7100	11
7101	11
7102	11
7103	11
7104	11
7105	11
7106	11
7107	11
7108	11
7109	11
7110	11
7111	11
7112	11
7113	11
7114	11
7115	11
7116	11
7117	11
7118	11
7119	11
7120	11
7121	11
7122	11
7123	11
7124	11
7125	11
7126	11
7127	11
7128	11
7129	11
7130	11
7131	11
7132	11
7133	12
7134	12
7135	12
7136	12
7137	12
7138	12
7139	12
7140	12
7141	12
7142	12
7143	12
7144	12
7145	12
7146	12
7147	12
7148	12
7149	12
7150	12
7151	12
7152	12
7153	12
7154	12
7155	12
7156	12
7157	12
7158	12
7159	12
7160	12
7161	12
7162	12
7163	12
7164	12
7165	12
7166	12
7167	12
7168	12
7169	12
7170	12
7171	12
7172	12
7173	12
7174	12
7175	12
7176	12
7177	12
7178	12
7179	12
7180	12
7181	12
7182	12
7183	12
7184	12
7185	12
7186	12
7187	12
7188	12
7189	12
7190	12
7191	12
7192	12
7193	12
7194	12
7195	12
7196	12
7197	12
7198	12
7199	12
7200	12
7201	12
7202	12
7203	12
7204	12
7205	12
7206	12
7207	12
7208	12
7209	12
7210	12
7211	12
7212	12
7213	12
7214	12
7215	12
7216	12
7217	12
7218	12
7219	12
7220	12
7221	12
7222	12
7223	12
7224	12
7225	12
7226	12
7227	12
7228	12
7229	12
7230	12
7231	12
7232	12
7233	12
7234	12
7235	12
7236	12
7237	12
7238	12
7239	12
7240	12
7241	12
7242	12
7243	12
7244	12
7245	12
7246	12
7247	12
7248	12
7249	12
7250	12
7251	12
7252	12
7253	12
7254	12
7255	12
7256	12
7257	12
7258	12
7259	12
7260	12
7261	12
7262	12
7263	12
7264	12
7265	12
7266	12
7267	12
7268	12
7269	12
7270	12
7271	12
7272	12
7273	12
7274	12
7275	12
7276	12
7277	12
7278	12
7279	12
7280	12
7281	12
7282	12
7283	12
7284	12
7285	12
7286	12
7287	12
7288	12
7289	12
7290	12
7291	12
7292	12
7293	12
7294	12
7295	12
7296	12
7297	12
7298	12
7299	12
7300	12
7301	12
7302	12
7303	12
7304	12
7305	12
7306	12
7307	12
7308	12
7309	12
7310	12
7311	12
7312	12
7313	12
7314	12
7315	12
7316	12
7317	12
7318	12
7319	12
7320	12
7321	12
7322	12
7323	12
7324	12
7325	12
7326	12
7327	12
7328	12
7329	12
7330	12
7331	12
7332	12
7333	12
7334	12
7335	12
7336	12
7337	12
7338	12
7339	12
7340	12
7341	12
7342	12
7343	12
7344	12
7345	12
7346	12
7347	12
7348	12
7349	12
7350	12
7351	12
7352	12
7353	12
7354	12
7355	12
7356	12
7357	12
7358	12
7359	12
7360	12
7361	12
7362	12
7363	12
7364	12
7365	12
7366	12
7367	12
7368	12
7369	12
7370	12
7371	12
7372	12
7373	12
7374	12
7375	12
7376	12
7377	12
7378	12
7379	12
7380	12
7381	12
7382	12
7383	12
7384	12
7385	12
7386	12
7387	12
7388	12
7389	12
7390	12
7391	12
7392	12
7393	12
7394	12
7395	12
7396	12
7397	12
7398	12
7399	12
7400	12
7401	12
7402	12
7403	12
7404	12
7405	12
7406	12
7407	12
7408	12
7409	12
7410	12
7411	12
7412	12
7413	12
7414	12
7415	12
7416	12
7417	12
7418	12
7419	12
7420	12
7421	12
7422	12
7423	12
7424	12
7425	12
7426	12
7427	12
7428	12
7429	12
7430	12
7431	12
7432	12
7433	12
7434	12
7435	12
7436	12
7437	12
7438	12
7439	12
7440	12
7441	12
7442	12
7443	12
7444	12
7445	12
7446	12
7447	12
7448	12
7449	12
7450	12
7451	12
7452	12
7453	12
7454	12
7455	12
7456	12
7457	12
7458	12
7459	12
7460	12
7461	12
7462	12
7463	12
7464	12
7465	12
7466	12
7467	12
7468	12
7469	12
7470	12
7471	12
7472	12
7473	12
7474	12
7475	12
7476	12
7477	12
7478	12
7479	12
7480	12
7481	12
7482	12
7483	12
7484	12
7485	12
7486	12
7487	12
7488	12
7489	12
7490	12
7491	12
7492	12
7493	12
7494	12
7495	12
7496	12
7497	12
7498	12
7499	12
7500	12
7501	12
7502	12
7503	12
7504	12
7505	12
7506	12
7507	12
7508	12
7509	12
7510	12
7511	12
7512	12
7513	12
7514	12
7515	12
7516	12
7517	12
7518	12
7519	12
7520	12
7521	12
7522	12
7523	12
7524	12
7525	12
7526	12
7527	12
7528	12
7529	12
7530	12
7531	12
7532	12
7533	12
7534	12
7535	12
7536	12
7537	12
7538	12
7539	12
7540	12
7541	12
7542	12
7543	12
7544	12
7545	12
7546	12
7547	12
7548	12
7549	12
7550	12
7551	12
7552	12
7553	12
7554	12
7555	12
7556	12
7557	12
7558	12
7559	12
7560	12
7561	12
7562	12
7563	12
7564	12
7565	12
7566	12
7567	12
7568	12
7569	12
7570	12
7571	12
7572	12
7573	12
7574	12
7575	12
7576	12
7577	12
7578	12
7579	12
7580	12
7581	12
7582	12
7583	12
7584	12
7585	12
7586	12
7587	12
7588	12
7589	12
7590	12
7591	12
7592	12
7593	12
7594	12
7595	12
7596	12
7597	12
7598	12
7599	12
7600	12
7601	12
7602	12
7603	12
7604	12
7605	12
7606	12
7607	12
7608	12
7609	12
7610	12
7611	12
7612	12
7613	12
7614	12
7615	12
7616	12
7617	12
7618	12
7619	12
7620	12
7621	12
7622	12
7623	12
7624	12
7625	12
7626	12
7627	12
7628	12
7629	12
7630	12
7631	12
7632	12
7633	12
7634	12
7635	12
7636	12
7637	12
7638	12
7639	12
7640	12
7641	12
7642	12
7643	12
7644	12
7645	12
7646	12
7647	12
7648	12
7649	12
7650	12
7651	12
7652	12
7653	12
7654	12
7655	12
7656	12
7657	12
7658	12
7659	12
7660	12
7661	12
7662	12
7663	12
7664	12
7665	12
7666	12
7667	12
7668	12
7669	12
7670	12
7671	12
7672	12
7673	12
7674	12
7675	12
7676	12
7677	12
7678	12
7679	12
7680	12
7681	12
7682	12
7683	12
7684	12
7685	12
7686	12
7687	12
7688	12
7689	12
7690	12
7691	12
7692	12
7693	12
7694	12
7695	12
7696	12
7697	12
7698	12
7699	12
7700	12
7701	12
7702	12
7703	12
7704	12
7705	12
7706	12
7707	12
7708	12
7709	12
7710	12
7711	12
7712	12
7713	12
7714	12
7715	12
7716	12
7717	12
7718	12
7719	12
7720	12
7721	12
7722	12
7723	12
7724	12
7725	12
7726	12
7727	12
7728	12
7729	12
7730	12
7731	12
7732	12
7733	12
7734	12
7735	12
7736	12
7737	12
7738	12
7739	12
7740	12
7741	12
7742	12
7743	12
7744	12
7745	12
7746	12
7747	12
7748	12
7749	12
7750	12
7751	12
7752	12
7753	12
7754	12
7755	12
7756	12
7757	12
7758	12
7759	12
7760	12
7761	12
7762	12
7763	12
7764	12
7765	12
7766	12
7767	12
7768	12
7769	12
7770	12
7771	12
7772	12
7773	12
7774	12
7775	12
7776	12
7777	12
7778	12
7779	12
7780	13
7781	13
7782	13
7783	13
7784	13
7785	13
7786	13
7787	13
7788	13
7789	13
7790	13
7791	13
7792	13
7793	13
7794	13
7795	13
7796	13
7797	13
7798	13
7799	13
7800	13
7801	13
7802	13
7803	13
7804	13
7805	13
7806	13
7807	13
7808	13
7809	13
7810	13
7811	13
7812	13
7813	13
7814	13
7815	13
7816	13
7817	13
7818	13
7819	13
7820	13
7821	13
7822	13
7823	13
7824	13
7825	13
7826	13
7827	13
7828	13
7829	13
7830	13
7831	13
7832	13
7833	13
7834	13
7835	13
7836	13
7837	13
7838	13
7839	13
7840	13
7841	13
7842	13
7843	13
7844	13
7845	13
7846	13
7847	13
7848	13
7849	13
7850	13
7851	13
7852	13
7853	13
7854	13
7855	13
7856	13
7857	13
7858	13
7859	13
7860	13
7861	13
7862	13
7863	13
7864	13
7865	13
7866	13
7867	13
7868	13
7869	13
7870	13
7871	13
7872	13
7873	13
7874	13
7875	13
7876	13
7877	13
7878	13
7879	13
7880	13
7881	13
7882	13
7883	13
7884	13
7885	13
7886	13
7887	13
7888	13
7889	13
7890	13
7891	13
7892	13
7893	13
7894	13
7895	13
7896	13
7897	13
7898	13
7899	13
7900	13
7901	13
7902	13
7903	13
7904	13
7905	13
7906	13
7907	13
7908	13
7909	13
7910	13
7911	13
7912	13
7913	13
7914	13
7915	13
7916	13
7917	13
7918	13
7919	13
7920	13
7921	13
7922	13
7923	13
7924	13
7925	13
7926	13
7927	13
7928	13
7929	13
7930	13
7931	13
7932	13
7933	13
7934	13
7935	13
7936	13
7937	13
7938	13
7939	13
7940	13
7941	13
7942	13
7943	13
7944	13
7945	13
7946	13
7947	13
7948	13
7949	13
7950	13
7951	13
7952	13
7953	13
7954	13
7955	13
7956	13
7957	13
7958	13
7959	13
7960	13
7961	13
7962	13
7963	13
7964	13
7965	13
7966	13
7967	13
7968	13
7969	13
7970	13
7971	13
7972	13
7973	13
7974	13
7975	13
7976	13
7977	13
7978	13
7979	13
7980	13
7981	13
7982	13
7983	13
7984	13
7985	13
7986	13
7987	13
7988	13
7989	13
7990	13
7991	13
7992	13
7993	13
7994	13
7995	13
7996	13
7997	13
7998	13
7999	13
8000	13
8001	13
8002	13
8003	13
8004	13
8005	13
8006	13
8007	13
8008	13
8009	13
8010	13
8011	13
8012	13
8013	13
8014	13
8015	13
8016	13
8017	13
8018	13
8019	13
8020	13
8021	13
8022	13
8023	13
8024	13
8025	13
8026	13
8027	13
8028	13
8029	13
8030	13
8031	13
8032	13
8033	13
8034	13
8035	13
8036	13
8037	13
8038	13
8039	13
8040	13
8041	13
8042	13
8043	13
8044	13
8045	13
8046	13
8047	13
8048	13
8049	13
8050	13
8051	13
8052	13
8053	13
8054	13
8055	13
8056	13
8057	13
8058	13
8059	13
8060	13
8061	13
8062	13
8063	13
8064	13
8065	13
8066	13
8067	13
8068	13
8069	13
8070	13
8071	13
8072	13
8073	13
8074	13
8075	13
8076	13
8077	13
8078	13
8079	13
8080	13
8081	13
8082	13
8083	13
8084	13
8085	13
8086	13
8087	13
8088	13
8089	13
8090	13
8091	13
8092	13
8093	13
8094	13
8095	13
8096	13
8097	13
8098	13
8099	13
8100	13
8101	13
8102	13
8103	13
8104	13
8105	13
8106	13
8107	13
8108	13
8109	13
8110	13
8111	13
8112	13
8113	13
8114	13
8115	13
8116	13
8117	13
8118	13
8119	13
8120	13
8121	13
8122	13
8123	13
8124	13
8125	13
8126	13
8127	13
8128	13
8129	13
8130	13
8131	13
8132	13
8133	13
8134	13
8135	13
8136	13
8137	13
8138	13
8139	13
8140	13
8141	13
8142	13
8143	13
8144	13
8145	13
8146	13
8147	13
8148	13
8149	13
8150	13
8151	13
8152	13
8153	13
8154	13
8155	13
8156	13
8157	13
8158	13
8159	13
8160	13
8161	13
8162	13
8163	13
8164	13
8165	13
8166	13
8167	13
8168	13
8169	13
8170	13
8171	13
8172	13
8173	13
8174	13
8175	13
8176	13
8177	13
8178	13
8179	13
8180	13
8181	13
8182	13
8183	13
8184	13
8185	13
8186	13
8187	13
8188	13
8189	13
8190	13
8191	13
8192	13
8193	13
8194	13
8195	13
8196	13
8197	13
8198	13
8199	13
8200	13
8201	13
8202	13
8203	13
8204	13
8205	13
8206	13
8207	13
8208	13
8209	13
8210	13
8211	13
8212	13
8213	13
8214	13
8215	13
8216	13
8217	13
8218	13
8219	13
8220	13
8221	13
8222	13
8223	13
8224	13
8225	13
8226	13
8227	13
8228	13
8229	13
8230	13
8231	13
8232	13
8233	13
8234	13
8235	13
8236	13
8237	13
8238	13
8239	13
8240	13
8241	13
8242	13
8243	13
8244	13
8245	13
8246	13
8247	13
8248	13
8249	13
8250	13
8251	13
8252	13
8253	13
8254	13
8255	13
8256	13
8257	13
8258	13
8259	13
8260	13
8261	13
8262	13
8263	13
8264	13
8265	13
8266	13
8267	13
8268	13
8269	13
8270	13
8271	13
8272	13
8273	13
8274	13
8275	13
8276	13
8277	13
8278	13
8279	13
8280	13
8281	13
8282	13
8283	13
8284	13
8285	13
8286	13
8287	13
8288	13
8289	13
8290	13
8291	13
8292	13
8293	13
8294	13
8295	13
8296	13
8297	13
8298	13
8299	13
8300	13
8301	13
8302	13
8303	13
8304	13
8305	13
8306	13
8307	13
8308	13
8309	13
8310	13
8311	13
8312	13
8313	13
8314	13
8315	13
8316	13
8317	13
8318	13
8319	13
8320	13
8321	13
8322	13
8323	13
8324	13
8325	13
8326	13
8327	13
8328	13
8329	13
8330	13
8331	13
8332	13
8333	13
8334	13
8335	13
8336	13
8337	13
8338	13
8339	13
8340	13
8341	13
8342	13
8343	13
8344	13
8345	13
8346	13
8347	13
8348	13
8349	13
8350	13
8351	13
8352	14
8353	14
8354	14
8355	14
8356	14
8357	14
8358	14
8359	14
8360	14
8361	14
8362	14
8363	14
8364	14
8365	15
8366	15
8367	15
8368	15
8369	15
8370	15
8371	15
8372	15
8373	15
8374	15
8375	15
8376	15
8377	15
8378	15
8379	15
8380	15
8381	15
8382	15
8383	15
8384	15
8385	15
8386	15
8387	15
8388	15
8389	15
8390	15
8391	15
8392	15
8393	15
8394	15
8395	15
8396	15
8397	15
8398	15
8399	15
8400	15
8401	15
8402	15
8403	15
8404	15
8405	15
8406	15
8407	15
8408	15
8409	15
8410	15
8411	15
8412	15
8413	15
8414	15
8415	15
8416	15
8417	15
8418	15
8419	15
8420	15
8421	15
8422	15
8423	15
8424	15
8425	15
8426	15
8427	15
8428	15
8429	15
8430	15
8431	15
8432	15
8433	15
8434	15
8435	15
8436	15
8437	15
8438	15
8439	15
8440	15
8441	15
8442	15
8443	15
8444	15
8445	15
8446	15
8447	15
8448	15
8449	15
8450	15
8451	15
8452	15
8453	15
8454	15
8455	15
8456	15
8457	15
8458	15
8459	15
8460	15
8461	15
8462	15
8463	15
8464	15
8465	15
8466	15
8467	15
8468	15
8469	15
8470	15
8471	15
8472	15
8473	15
8474	15
8475	15
8476	15
8477	15
8478	15
8479	15
8480	15
8481	15
8482	15
8483	15
8484	15
8485	15
8486	15
8487	15
8488	15
8489	15
8490	15
8491	15
8492	15
8493	15
8494	15
8495	15
8496	15
8497	15
8498	15
8499	15
8500	15
8501	15
8502	15
8503	15
8504	15
8505	15
8506	15
8507	15
8508	15
8509	15
8510	15
8511	15
8512	15
8513	15
8514	15
8515	15
8516	15
8517	15
8518	15
8519	15
8520	15
8521	15
8522	15
8523	15
8524	15
8525	15
8526	15
8527	15
8528	15
8529	15
8530	15
8531	15
8532	15
8533	15
8534	15
8535	15
8536	15
8537	15
8538	15
8539	15
8540	15
8541	15
8542	15
8543	15
8544	15
8545	15
8546	15
8547	15
8548	15
8549	15
8550	15
8551	15
8552	15
8553	15
8554	15
8555	15
8556	15
8557	15
8558	15
8559	15
8560	15
8561	15
8562	15
8563	15
8564	15
8565	15
8566	15
8567	15
8568	15
8569	15
8570	15
8571	15
8572	15
8573	15
8574	15
8575	15
8576	15
8577	15
8578	15
8579	15
8580	15
8581	16
8582	16
8583	16
8584	16
8585	16
8586	16
8587	16
8588	16
8589	16
8590	16
8591	16
8592	16
8593	16
8594	16
8595	16
8596	16
8597	16
8598	16
8599	16
8600	16
8601	16
8602	16
8603	16
8604	16
8605	16
8606	16
8607	16
8608	16
8609	16
8610	16
8611	16
8612	16
8613	16
8614	16
8615	16
8616	16
8617	16
8618	16
8619	17
8620	17
8621	17
8622	17
8623	17
8624	17
8625	17
8626	17
8627	17
8628	17
8629	17
8630	17
8631	17
8632	17
8633	17
8634	17
8635	17
8636	17
8637	17
8638	17
8639	17
8640	17
8641	17
8642	17
8643	17
8644	17
8645	17
8646	17
8647	17
8648	17
8649	17
8650	17
8651	17
8652	17
8653	17
8654	17
8655	17
8656	17
8657	17
8658	17
8659	17
8660	17
8661	17
8662	17
8663	17
8664	17
8665	17
8666	17
8667	17
8668	17
8669	17
8670	17
8671	17
8672	17
8673	17
8674	17
8675	17
8676	17
8677	17
8678	17
8679	17
8680	17
8681	17
8682	17
8683	17
8684	17
8685	17
8686	17
8687	17
8688	17
8689	17
8690	17
8691	17
8692	17
8693	17
8694	17
8695	17
8696	17
8697	17
8698	17
8699	17
8700	17
8701	17
8702	17
8703	17
8704	17
8705	17
8706	17
8707	17
8708	17
8709	17
8710	17
8711	17
8712	17
8713	17
8714	17
8715	17
8716	17
8717	17
8718	17
8719	18
8720	18
8721	18
8722	18
8723	18
8724	18
8725	18
8726	18
8727	18
8728	18
8729	18
8730	18
8731	18
8732	18
8733	18
8734	18
8735	18
8736	18
8737	18
8738	18
8739	18
8740	18
8741	18
8742	18
8743	18
8744	18
8745	18
8746	18
8747	18
8748	18
8749	18
8750	18
8751	18
8752	18
8753	18
8754	18
8755	18
8756	18
8757	18
8758	18
8759	18
8760	18
8761	18
8762	18
8763	18
8764	18
8765	18
8766	18
8767	18
8768	18
8769	18
8770	18
8771	18
8772	18
8773	18
8774	18
8775	18
8776	18
8777	18
8778	18
8779	18
8780	18
8781	18
8782	18
8783	18
8784	18
8785	18
8786	18
8787	18
8788	18
8789	18
8790	18
8791	18
8792	18
8793	18
8794	18
8795	18
8796	18
8797	18
8798	18
8799	18
8800	18
8801	18
8802	18
8803	18
8804	18
8805	18
8806	18
8807	18
8808	18
8809	18
8810	18
8811	18
8812	18
8813	18
8814	18
8815	18
8816	18
8817	18
8818	18
8819	18
8820	18
8821	18
8822	18
8823	18
8824	18
8825	18
8826	18
8827	18
8828	18
8829	18
8830	18
8831	18
8832	18
8833	18
8834	18
8835	18
8836	18
8837	18
8838	18
8839	18
8840	18
8841	18
8842	18
8843	18
8844	18
8845	18
8846	18
8847	18
8848	18
8849	18
8850	18
8851	18
8852	18
8853	18
8854	18
8855	18
8856	18
8857	18
8858	18
8859	18
8860	18
8861	18
8862	18
8863	18
8864	18
8865	18
8866	18
8867	18
8868	18
8869	18
8870	18
8871	18
8872	18
8873	18
8874	18
8875	18
8876	18
8877	18
8878	18
8879	18
8880	18
8881	18
8882	18
8883	18
8884	18
8885	18
8886	18
8887	18
8888	18
8889	18
8890	18
8891	18
8892	18
8893	18
8894	18
8895	18
8896	18
8897	18
8898	18
8899	18
8900	18
8901	18
8902	18
8903	18
8904	18
8905	18
8906	18
8907	18
8908	18
8909	18
8910	18
8911	18
8912	18
8913	18
8914	18
8915	18
8916	18
8917	18
8918	18
8919	18
8920	18
8921	18
8922	18
8923	18
8924	18
8925	18
8926	18
8927	18
8928	18
8929	18
8930	18
8931	18
8932	18
8933	18
8934	18
8935	18
8936	18
8937	18
8938	18
8939	18
8940	18
8941	18
8942	18
8943	18
8944	18
8945	18
8946	18
8947	18
8948	18
8949	18
8950	18
8951	18
8952	18
8953	18
8954	18
8955	18
8956	18
8957	18
8958	18
8959	18
8960	18
8961	18
8962	18
8963	18
8964	18
8965	18
8966	18
8967	18
8968	18
8969	18
8970	18
8971	18
8972	18
8973	18
8974	18
8975	18
8976	18
8977	18
8978	18
8979	18
8980	18
8981	18
8982	18
8983	18
8984	18
8985	18
8986	18
8987	18
8988	18
8989	18
8990	18
8991	18
8992	18
8993	18
8994	18
8995	18
8996	18
8997	18
8998	18
8999	18
9000	18
9001	18
9002	18
9003	18
9004	18
9005	18
9006	18
9007	18
9008	18
9009	18
9010	18
9011	18
9012	18
9013	18
9014	18
9015	18
9016	18
9017	18
9018	18
9019	18
9020	18
9021	18
9022	18
9023	18
9024	18
9025	18
9026	18
9027	18
9028	18
9029	18
9030	18
9031	18
9032	18
9033	18
9034	18
9035	18
9036	18
9037	18
9038	18
9039	18
9040	18
9041	18
9042	18
9043	18
9044	18
9045	18
9046	18
9047	18
9048	18
9049	18
9050	18
9051	18
9052	18
9053	18
9054	18
9055	18
9056	18
9057	18
9058	18
9059	18
9060	18
9061	18
9062	18
9063	18
9064	18
9065	18
9066	18
9067	18
9068	18
9069	18
9070	18
9071	18
9072	18
9073	18
9074	18
9075	18
9076	18
9077	18
9078	18
9079	18
9080	18
9081	18
9082	18
9083	18
9084	18
9085	18
9086	18
9087	18
9088	18
9089	18
9090	18
9091	18
9092	18
9093	18
9094	18
9095	18
9096	18
9097	18
9098	18
9099	18
9100	18
9101	18
9102	18
9103	18
9104	18
9105	18
9106	18
9107	18
9108	18
9109	18
9110	18
9111	18
9112	18
9113	18
9114	18
9115	18
9116	18
9117	18
9118	18
9119	18
9120	18
9121	18
9122	18
9123	18
9124	18
9125	18
9126	18
9127	18
9128	18
9129	18
9130	18
9131	18
9132	18
9133	18
9134	18
9135	18
9136	18
9137	18
9138	18
9139	18
9140	18
9141	18
9142	18
9143	18
9144	18
9145	18
9146	18
9147	18
9148	18
9149	18
9150	18
9151	18
9152	18
9153	18
9154	19
9155	19
9156	19
9157	19
9158	19
9159	19
9160	19
9161	19
9162	19
9163	19
9164	19
9165	19
9166	19
9167	19
9168	19
9169	19
9170	19
9171	19
9172	19
9173	19
9174	19
9175	19
9176	19
9177	19
9178	19
9179	19
9180	19
9181	19
9182	19
9183	19
9184	19
9185	19
9186	19
9187	19
9188	19
9189	19
9190	19
9191	19
9192	19
9193	19
9194	19
9195	19
9196	19
9197	19
9198	19
9199	19
9200	19
9201	19
9202	19
9203	19
9204	19
9205	19
9206	19
9207	19
9208	19
9209	19
9210	19
9211	19
9212	19
9213	19
9214	19
9215	19
9216	19
9217	19
9218	19
9219	19
9220	19
9221	19
9222	19
9223	19
9224	19
9225	19
9226	19
9227	19
9228	19
9229	19
9230	19
9231	19
9232	19
9233	19
9234	19
9235	19
9236	19
9237	19
9238	19
9239	19
9240	19
9241	19
9242	19
9243	19
9244	19
9245	19
9246	19
9247	19
9248	19
9249	19
9250	19
9251	19
9252	19
9253	19
9254	19
9255	19
9256	19
9257	19
9258	19
9259	19
9260	19
9261	19
9262	19
9263	19
9264	19
9265	19
9266	19
9267	19
9268	19
9269	19
9270	19
9271	19
9272	19
9273	19
9274	19
9275	19
9276	19
9277	19
9278	19
9279	19
9280	19
9281	19
9282	19
9283	19
9284	19
9285	19
9286	19
9287	19
9288	19
9289	19
9290	19
9291	19
9292	19
9293	19
9294	19
9295	19
9296	19
9297	19
9298	19
9299	19
9300	19
9301	19
9302	19
9303	19
9304	19
9305	19
9306	19
9307	19
9308	19
9309	19
9310	19
9311	19
9312	19
9313	19
9314	19
9315	19
9316	20
9317	20
9318	20
9319	20
9320	20
9321	20
9322	20
9323	20
9324	20
9325	20
9326	20
9327	20
9328	20
9329	20
9330	20
9331	20
9332	20
9333	20
9334	20
9335	20
9336	20
9337	20
9338	20
9339	20
9340	20
9341	20
9342	20
9343	20
9344	20
9345	20
9346	20
9347	20
9348	20
9349	20
9350	20
9351	20
9352	20
9353	20
9354	20
9355	20
9356	20
9357	20
9358	20
9359	20
9360	20
9361	20
9362	20
9363	20
9364	20
9365	20
9366	20
9367	20
9368	20
9369	20
9370	20
9371	20
9372	20
9373	20
9374	20
9375	20
9376	20
9377	20
9378	20
9379	20
9380	20
9381	20
9382	20
9383	20
9384	20
9385	20
9386	20
9387	20
9388	20
9389	20
9390	20
9391	20
9392	20
9393	20
9394	20
9395	20
9396	20
9397	20
9398	20
9399	20
9400	20
9401	20
9402	20
9403	20
9404	20
9405	20
9406	20
9407	20
9408	20
9409	20
9410	20
9411	20
9412	20
9413	20
9414	20
9415	20
9416	20
9417	20
9418	20
9419	20
9420	20
9421	20
9422	20
9423	20
9424	20
9425	20
9426	20
9427	20
9428	20
9429	20
9430	20
9431	20
9432	20
9433	20
9434	20
9435	20
9436	20
9437	20
9438	20
9439	20
9440	20
9441	20
9442	20
9443	20
9444	20
9445	20
9446	20
9447	20
9448	20
9449	20
9450	20
9451	20
9452	20
9453	20
9454	20
9455	20
9456	20
9457	20
9458	20
9459	20
9460	20
9461	20
9462	20
9463	20
9464	20
9465	20
9466	20
9467	20
9468	20
9469	20
9470	20
9471	20
9472	21
9473	21
9474	21
9475	21
9476	21
9477	21
9478	21
9479	21
9480	21
9481	21
9482	21
9483	21
9484	21
9485	21
9486	21
9487	21
9488	21
9489	22
9490	22
9491	22
9492	22
9493	22
9494	22
9495	22
9496	22
9497	22
9498	22
9499	22
9500	22
9501	22
9502	22
9503	22
9504	22
9505	22
9506	22
9507	22
9508	22
9509	22
9510	22
9511	22
9512	22
9513	22
9514	22
9515	22
9516	22
9517	22
9518	22
9519	22
9520	22
9521	22
9522	22
9523	22
9524	22
9525	22
9526	22
9527	22
9528	22
9529	22
9530	22
9531	22
9532	22
9533	22
9534	22
9535	22
9536	22
9537	22
9538	22
9539	22
9540	22
9541	22
9542	22
9543	22
9544	22
9545	22
9546	22
9547	22
9548	22
9549	22
9550	22
9551	22
9552	22
9553	22
9554	22
9555	22
9556	22
9557	22
9558	22
9559	22
9560	22
9561	22
9562	22
9563	22
9564	22
9565	22
9566	22
9567	23
9568	23
9569	23
9570	23
9571	23
9572	23
9573	23
9574	23
9575	23
9576	23
9577	23
9578	23
9579	23
9580	23
9581	23
9582	23
9583	23
9584	23
9585	23
9586	23
9587	23
9588	23
9589	23
9590	23
9591	23
9592	23
9593	23
9594	23
9595	23
9596	23
9597	23
9598	23
9599	23
9600	23
9601	23
9602	23
9603	23
9604	23
9605	23
9606	23
9607	23
9608	23
9609	23
9610	23
9611	23
9612	23
9613	23
9614	23
9615	23
9616	23
9617	23
9618	23
9619	23
9620	23
9621	23
9622	23
9623	23
9624	23
9625	23
9626	23
9627	23
9628	23
9629	23
9630	23
9631	23
9632	23
9633	23
9634	23
9635	23
9636	23
9637	23
9638	23
9639	23
9640	23
9641	23
9642	23
9643	23
9644	23
9645	23
9646	23
9647	23
9648	23
9649	23
9650	23
9651	23
9652	23
9653	23
9654	23
9655	23
9656	23
9657	23
9658	23
9659	23
9660	23
9661	23
9662	23
9663	23
9664	23
9665	23
9666	23
9667	23
9668	23
9669	23
9670	24
9671	24
9672	24
9673	24
9674	24
9675	24
9676	24
9677	24
9678	24
9679	24
9680	24
9681	24
9682	24
9683	24
9684	24
9685	24
9686	24
9687	24
9688	24
9689	24
9690	24
9691	24
9692	24
9693	24
9694	24
9695	24
9696	24
9697	24
9698	24
9699	24
9700	24
9701	24
9702	24
9703	24
9704	24
9705	24
9706	24
9707	24
9708	24
9709	24
9710	24
9711	24
9712	24
9713	24
9714	24
9715	24
9716	24
9717	24
9718	24
9719	24
9720	24
9721	24
9722	24
9723	24
9724	24
9725	24
9726	24
9727	24
9728	24
9729	24
9730	24
9731	24
9732	24
9733	24
9734	24
9735	24
9736	24
9737	24
9738	24
9739	24
9740	24
9741	24
9742	24
9743	24
9744	24
9745	24
9746	24
9747	24
9748	24
9749	24
9750	24
9751	24
9752	24
9753	24
9754	24
9755	24
9756	24
9757	24
9758	24
9759	24
9760	24
9761	24
9762	24
9763	24
9764	24
9765	24
9766	24
9767	24
9768	24
9769	24
9770	24
9771	24
9772	24
9773	24
9774	24
9775	24
9776	24
9777	24
9778	24
9779	24
9780	24
9781	24
9782	24
9783	24
9784	24
9785	24
9786	24
9787	24
9788	24
9789	24
9790	24
9791	24
9792	24
9793	24
9794	24
9795	24
9796	24
9797	24
9798	24
9799	24
9800	24
9801	24
9802	24
9803	24
9804	24
9805	24
9806	24
9807	24
9808	24
9809	24
9810	24
9811	24
9812	24
9813	24
9814	24
9815	24
9816	24
9817	24
9818	24
9819	24
9820	24
9821	24
9822	24
9823	24
9824	24
9825	24
9826	24
9827	24
9828	24
9829	24
9830	24
9831	24
9832	24
9833	24
9834	24
9835	24
9836	24
9837	24
9838	24
9839	24
9840	24
9841	24
9842	24
9843	24
9844	24
9845	24
9846	24
9847	24
9848	24
9849	24
9850	24
9851	24
9852	24
9853	24
9854	24
9855	24
9856	24
9857	24
9858	24
9859	24
9860	24
9861	24
9862	24
9863	24
9864	24
9865	24
9866	24
9867	24
9868	24
9869	24
9870	24
9871	24
9872	24
9873	24
9874	24
9875	24
9876	24
9877	24
9878	24
9879	24
9880	24
9881	24
9882	24
9883	24
9884	24
9885	24
9886	24
9887	24
9888	24
9889	24
9890	24
9891	24
9892	24
9893	24
9894	24
9895	24
9896	24
9897	24
9898	24
9899	24
9900	24
9901	24
9902	24
9903	24
9904	24
9905	24
9906	24
9907	24
9908	24
9909	24
9910	24
9911	24
9912	24
9913	24
9914	24
9915	24
9916	24
9917	24
9918	24
9919	24
9920	24
9921	24
9922	24
9923	24
9924	24
9925	24
9926	24
9927	24
9928	24
9929	24
9930	24
9931	24
9932	25
9933	25
9934	25
9935	25
9936	25
9937	25
9938	25
9939	25
9940	25
9941	25
9942	25
9943	25
9944	25
9945	25
9946	25
9947	25
9948	25
9949	25
9950	25
9951	25
9952	25
9953	25
9954	25
9955	25
9956	25
9957	25
9958	25
9959	25
9960	25
9961	25
9962	25
9963	25
9964	25
9965	25
9966	25
9967	25
9968	25
9969	25
9970	25
9971	25
9972	25
9973	25
9974	25
9975	25
9976	25
9977	25
9978	25
9979	25
9980	25
9981	25
9982	25
9983	25
9984	25
9985	25
9986	25
9987	25
9988	25
9989	25
9990	25
9991	25
9992	25
9993	25
9994	25
9995	25
9996	25
9997	25
9998	25
9999	25
10000	25
