#Clock	ItemsCollected
1	0
2	0
3	0
4	0
5	0
6	0
7	0
8	0
9	0
10	0
11	0
12	0
13	0
14	0
15	0
16	0
17	0
18	0
19	0
20	0
21	0
22	0
23	0
24	0
25	0
26	0
27	0
28	0
29	0
30	0
31	0
32	0
33	0
34	0
35	0
36	0
37	0
38	0
39	0
40	0
41	0
42	0
43	0
44	0
45	0
46	0
47	0
48	0
49	0
50	0
51	0
52	0
53	0
54	0
55	0
56	0
57	0
58	0
59	0
60	0
61	0
62	0
63	0
64	0
65	0
66	0
67	0
68	0
69	0
70	0
71	0
72	0
73	0
74	0
75	0
76	0
77	0
78	0
79	0
80	0
81	0
82	0
83	0
84	0
85	0
86	0
87	0
88	0
89	0
90	0
91	0
92	0
93	0
94	0
95	0
96	0
97	0
98	0
99	0
100	0
101	0
102	0
103	0
104	0
105	0
106	0
107	0
108	0
109	0
110	0
111	0
112	0
113	0
114	0
115	0
116	0
117	0
118	0
119	0
120	0
121	0
122	0
123	0
124	0
125	0
126	0
127	0
128	0
129	0
130	0
131	0
132	0
133	0
134	0
135	0
136	0
137	0
138	0
139	0
140	0
141	0
142	0
143	0
144	0
145	0
146	0
147	0
148	0
149	0
150	0
151	0
152	0
153	0
154	0
155	0
156	0
157	0
158	0
159	0
160	0
161	0
162	0
163	0
164	0
165	0
166	0
167	0
168	0
169	0
170	0
171	0
172	0
173	0
174	0
175	0
176	0
177	0
178	0
179	0
180	0
181	0
182	0
183	0
184	0
185	0
186	0
187	0
188	0
189	0
190	0
191	0
192	0
193	0
194	0
195	0
196	0
197	0
198	0
199	0
200	0
201	0
202	0
203	0
204	0
205	0
206	0
207	0
208	0
209	0
210	0
211	0
212	0
213	0
214	0
215	0
216	0
217	0
218	0
219	0
220	0
221	0
222	0
223	0
224	0
225	0
226	0
227	0
228	0
229	0
230	0
231	0
232	0
233	0
234	0
235	0
236	0
237	0
238	0
239	0
240	0
241	0
242	0
243	0
244	0
245	0
246	0
247	0
248	0
249	0
250	0
251	0
252	0
253	0
254	0
255	0
256	0
257	0
258	0
259	0
260	0
261	0
262	0
263	0
264	0
265	0
266	0
267	0
268	0
269	0
270	0
271	0
272	0
273	0
274	0
275	0
276	0
277	0
278	0
279	0
280	0
281	0
282	0
283	0
284	0
285	0
286	0
287	0
288	0
289	0
290	0
291	0
292	0
293	0
294	0
295	0
296	0
297	0
298	0
299	0
300	0
301	0
302	0
303	0
304	0
305	0
306	0
307	0
308	0
309	0
310	0
311	0
312	0
313	0
314	0
315	0
316	0
317	0
318	0
319	0
320	0
321	0
322	0
323	0
324	0
325	0
326	0
327	0
328	0
329	0
330	0
331	0
332	0
333	0
334	0
335	0
336	0
337	0
338	0
339	0
340	0
341	0
342	0
343	0
344	0
345	0
346	0
347	0
348	0
349	0
350	0
351	0
352	0
353	0
354	0
355	0
356	0
357	0
358	0
359	0
360	0
361	0
362	0
363	0
364	0
365	0
366	0
367	0
368	0
369	0
370	0
371	0
372	0
373	0
374	0
375	0
376	0
377	0
378	0
379	0
380	0
381	0
382	0
383	0
384	0
385	0
386	0
387	0
388	0
389	0
390	0
391	0
392	0
393	0
394	0
395	0
396	0
397	0
398	0
399	0
400	0
401	0
402	0
403	0
404	0
405	0
406	0
407	0
408	0
409	0
410	0
411	0
412	0
413	0
414	0
415	0
416	0
417	0
418	0
419	0
420	0
421	0
422	0
423	0
424	0
425	0
426	0
427	0
428	0
429	0
430	0
431	0
432	0
433	0
434	0
435	0
436	0
437	0
438	0
439	0
440	0
441	0
442	0
443	0
444	0
445	0
446	0
447	0
448	0
449	0
450	0
451	0
452	0
453	0
454	0
455	0
456	0
457	0
458	0
459	0
460	0
461	0
462	0
463	0
464	0
465	0
466	0
467	0
468	0
469	0
470	0
471	0
472	0
473	0
474	0
475	0
476	0
477	0
478	0
479	0
480	0
481	0
482	0
483	0
484	0
485	0
486	0
487	0
488	0
489	0
490	0
491	0
492	0
493	0
494	0
495	0
496	0
497	0
498	0
499	0
500	0
501	0
502	0
503	0
504	0
505	0
506	0
507	0
508	0
509	0
510	0
511	0
512	0
513	0
514	0
515	0
516	0
517	0
518	0
519	0
520	0
521	0
522	0
523	0
524	0
525	0
526	0
527	0
528	0
529	0
530	0
531	0
532	0
533	0
534	0
535	0
536	0
537	0
538	0
539	0
540	0
541	0
542	0
543	0
544	0
545	0
546	0
547	0
548	0
549	0
550	0
551	0
552	0
553	0
554	0
555	0
556	0
557	0
558	0
559	0
560	0
561	0
562	0
563	0
564	0
565	0
566	0
567	0
568	0
569	0
570	0
571	0
572	0
573	0
574	0
575	0
576	0
577	0
578	0
579	0
580	0
581	0
582	0
583	0
584	0
585	0
586	0
587	0
588	0
589	0
590	0
591	0
592	0
593	0
594	0
595	0
596	0
597	0
598	0
599	0
600	0
601	0
602	0
603	0
604	0
605	0
606	0
607	0
608	0
609	0
610	0
611	0
612	0
613	0
614	0
615	0
616	0
617	0
618	0
619	0
620	0
621	0
622	0
623	0
624	0
625	0
626	0
627	0
628	0
629	0
630	0
631	0
632	0
633	0
634	0
635	0
636	0
637	0
638	0
639	0
640	0
641	0
642	0
643	0
644	0
645	0
646	0
647	0
648	0
649	0
650	0
651	0
652	0
653	0
654	0
655	0
656	0
657	0
658	0
659	0
660	0
661	0
662	0
663	0
664	0
665	0
666	0
667	0
668	0
669	0
670	0
671	0
672	0
673	0
674	0
675	0
676	0
677	0
678	0
679	0
680	0
681	0
682	0
683	0
684	0
685	0
686	0
687	0
688	0
689	0
690	0
691	0
692	0
693	0
694	0
695	0
696	0
697	0
698	0
699	0
700	0
701	0
702	0
703	0
704	0
705	0
706	0
707	0
708	0
709	0
710	0
711	0
712	0
713	0
714	0
715	0
716	0
717	0
718	0
719	0
720	0
721	0
722	0
723	0
724	0
725	0
726	0
727	0
728	0
729	0
730	0
731	0
732	0
733	0
734	0
735	0
736	0
737	0
738	0
739	0
740	0
741	0
742	0
743	0
744	0
745	0
746	0
747	0
748	0
749	0
750	0
751	0
752	0
753	0
754	0
755	0
756	0
757	0
758	0
759	0
760	0
761	0
762	0
763	0
764	0
765	0
766	0
767	0
768	0
769	0
770	0
771	0
772	0
773	0
774	0
775	0
776	0
777	0
778	0
779	0
780	0
781	0
782	0
783	0
784	0
785	0
786	0
787	0
788	0
789	0
790	0
791	0
792	0
793	0
794	0
795	0
796	0
797	0
798	0
799	0
800	0
801	0
802	0
803	0
804	0
805	0
806	0
807	0
808	0
809	0
810	0
811	0
812	0
813	0
814	0
815	0
816	0
817	0
818	0
819	0
820	0
821	0
822	0
823	0
824	0
825	0
826	0
827	0
828	0
829	0
830	0
831	0
832	0
833	0
834	0
835	0
836	0
837	0
838	0
839	0
840	0
841	0
842	0
843	0
844	0
845	0
846	0
847	0
848	0
849	0
850	0
851	0
852	0
853	0
854	0
855	0
856	0
857	0
858	0
859	0
860	0
861	0
862	0
863	0
864	0
865	0
866	0
867	0
868	0
869	0
870	0
871	0
872	0
873	0
874	0
875	0
876	0
877	0
878	0
879	0
880	0
881	0
882	0
883	0
884	0
885	0
886	0
887	0
888	0
889	0
890	0
891	0
892	0
893	0
894	0
895	0
896	0
897	0
898	0
899	0
900	0
901	0
902	0
903	0
904	0
905	0
906	0
907	0
908	0
909	0
910	0
911	0
912	0
913	0
914	0
915	0
916	0
917	0
918	0
919	0
920	0
921	0
922	0
923	0
924	0
925	0
926	0
927	0
928	0
929	0
930	0
931	0
932	0
933	0
934	0
935	0
936	0
937	0
938	0
939	0
940	0
941	0
942	0
943	0
944	0
945	0
946	0
947	0
948	0
949	0
950	0
951	0
952	0
953	0
954	0
955	0
956	0
957	0
958	0
959	0
960	0
961	0
962	0
963	0
964	0
965	0
966	0
967	0
968	0
969	0
970	0
971	0
972	0
973	0
974	0
975	0
976	0
977	0
978	0
979	0
980	0
981	0
982	0
983	0
984	0
985	0
986	0
987	0
988	0
989	0
990	0
991	0
992	0
993	0
994	0
995	0
996	0
997	0
998	0
999	0
1000	0
1001	0
1002	0
1003	0
1004	0
1005	0
1006	0
1007	0
1008	0
1009	0
1010	0
1011	0
1012	0
1013	0
1014	0
1015	0
1016	0
1017	0
1018	0
1019	0
1020	0
1021	0
1022	0
1023	0
1024	0
1025	0
1026	0
1027	0
1028	0
1029	0
1030	0
1031	0
1032	0
1033	0
1034	0
1035	0
1036	0
1037	0
1038	0
1039	0
1040	0
1041	0
1042	0
1043	0
1044	0
1045	0
1046	0
1047	0
1048	0
1049	0
1050	0
1051	0
1052	0
1053	0
1054	0
1055	0
1056	0
1057	0
1058	0
1059	0
1060	0
1061	0
1062	0
1063	0
1064	0
1065	0
1066	0
1067	0
1068	0
1069	0
1070	0
1071	0
1072	0
1073	0
1074	0
1075	0
1076	0
1077	0
1078	0
1079	0
1080	0
1081	0
1082	0
1083	0
1084	0
1085	0
1086	0
1087	0
1088	0
1089	0
1090	0
1091	0
1092	0
1093	0
1094	0
1095	0
1096	0
1097	0
1098	0
1099	0
1100	0
1101	0
1102	0
1103	0
1104	0
1105	0
1106	0
1107	0
1108	0
1109	0
1110	0
1111	0
1112	0
1113	0
1114	0
1115	0
1116	0
1117	0
1118	0
1119	0
1120	0
1121	0
1122	0
1123	0
1124	0
1125	0
1126	0
1127	0
1128	0
1129	0
1130	0
1131	0
1132	0
1133	0
1134	0
1135	0
1136	0
1137	0
1138	0
1139	0
1140	0
1141	0
1142	0
1143	0
1144	0
1145	0
1146	0
1147	0
1148	0
1149	0
1150	0
1151	0
1152	0
1153	0
1154	0
1155	0
1156	0
1157	0
1158	0
1159	0
1160	0
1161	0
1162	0
1163	0
1164	0
1165	0
1166	0
1167	0
1168	0
1169	0
1170	0
1171	0
1172	0
1173	0
1174	0
1175	0
1176	0
1177	0
1178	0
1179	0
1180	0
1181	0
1182	0
1183	0
1184	0
1185	0
1186	0
1187	0
1188	0
1189	0
1190	0
1191	0
1192	0
1193	0
1194	0
1195	0
1196	0
1197	0
1198	0
1199	0
1200	0
1201	0
1202	0
1203	0
1204	0
1205	0
1206	0
1207	0
1208	0
1209	0
1210	0
1211	0
1212	0
1213	0
1214	0
1215	0
1216	0
1217	0
1218	0
1219	0
1220	0
1221	0
1222	0
1223	0
1224	0
1225	0
1226	0
1227	0
1228	0
1229	0
1230	0
1231	0
1232	0
1233	0
1234	0
1235	0
1236	0
1237	0
1238	0
1239	0
1240	0
1241	0
1242	0
1243	0
1244	0
1245	0
1246	0
1247	0
1248	0
1249	0
1250	0
1251	0
1252	0
1253	0
1254	0
1255	0
1256	0
1257	0
1258	0
1259	0
1260	0
1261	0
1262	0
1263	0
1264	0
1265	0
1266	0
1267	0
1268	0
1269	0
1270	0
1271	0
1272	0
1273	0
1274	0
1275	0
1276	0
1277	0
1278	0
1279	0
1280	0
1281	0
1282	0
1283	0
1284	0
1285	0
1286	0
1287	0
1288	0
1289	0
1290	0
1291	0
1292	0
1293	0
1294	0
1295	0
1296	0
1297	0
1298	0
1299	0
1300	0
1301	0
1302	0
1303	0
1304	0
1305	0
1306	0
1307	0
1308	0
1309	0
1310	0
1311	0
1312	0
1313	0
1314	0
1315	0
1316	0
1317	0
1318	0
1319	0
1320	0
1321	0
1322	0
1323	0
1324	0
1325	0
1326	0
1327	0
1328	0
1329	0
1330	0
1331	0
1332	0
1333	0
1334	0
1335	0
1336	0
1337	0
1338	0
1339	0
1340	0
1341	0
1342	0
1343	0
1344	0
1345	0
1346	0
1347	0
1348	0
1349	0
1350	0
1351	0
1352	0
1353	0
1354	0
1355	0
1356	0
1357	0
1358	0
1359	0
1360	0
1361	0
1362	0
1363	0
1364	0
1365	0
1366	0
1367	0
1368	0
1369	0
1370	0
1371	0
1372	0
1373	0
1374	0
1375	0
1376	0
1377	0
1378	0
1379	0
1380	0
1381	0
1382	0
1383	0
1384	0
1385	0
1386	0
1387	0
1388	0
1389	0
1390	0
1391	0
1392	0
1393	0
1394	0
1395	0
1396	0
1397	0
1398	0
1399	0
1400	0
1401	0
1402	0
1403	0
1404	0
1405	0
1406	0
1407	0
1408	0
1409	0
1410	0
1411	0
1412	0
1413	0
1414	0
1415	0
1416	0
1417	0
1418	0
1419	0
1420	0
1421	0
1422	0
1423	0
1424	0
1425	0
1426	0
1427	0
1428	0
1429	0
1430	0
1431	0
1432	0
1433	0
1434	0
1435	0
1436	0
1437	0
1438	0
1439	0
1440	0
1441	0
1442	0
1443	0
1444	0
1445	0
1446	0
1447	0
1448	0
1449	0
1450	0
1451	0
1452	0
1453	0
1454	0
1455	0
1456	0
1457	0
1458	0
1459	0
1460	0
1461	0
1462	0
1463	0
1464	0
1465	0
1466	0
1467	0
1468	0
1469	0
1470	0
1471	0
1472	0
1473	0
1474	0
1475	0
1476	0
1477	0
1478	0
1479	0
1480	0
1481	0
1482	0
1483	0
1484	0
1485	0
1486	0
1487	0
1488	0
1489	0
1490	0
1491	0
1492	0
1493	0
1494	0
1495	0
1496	0
1497	0
1498	0
1499	0
1500	0
1501	0
1502	0
1503	0
1504	0
1505	0
1506	0
1507	0
1508	0
1509	0
1510	0
1511	0
1512	0
1513	0
1514	0
1515	0
1516	0
1517	0
1518	0
1519	0
1520	0
1521	0
1522	0
1523	0
1524	0
1525	0
1526	0
1527	0
1528	0
1529	0
1530	0
1531	0
1532	0
1533	0
1534	0
1535	0
1536	0
1537	0
1538	0
1539	0
1540	0
1541	0
1542	0
1543	0
1544	0
1545	0
1546	0
1547	0
1548	0
1549	0
1550	0
1551	0
1552	0
1553	0
1554	0
1555	0
1556	0
1557	0
1558	0
1559	0
1560	0
1561	0
1562	0
1563	0
1564	0
1565	0
1566	0
1567	0
1568	0
1569	0
1570	0
1571	0
1572	0
1573	0
1574	0
1575	0
1576	0
1577	0
1578	0
1579	0
1580	0
1581	0
1582	0
1583	0
1584	0
1585	0
1586	0
1587	0
1588	0
1589	0
1590	0
1591	0
1592	0
1593	0
1594	0
1595	0
1596	0
1597	0
1598	0
1599	0
1600	0
1601	0
1602	0
1603	0
1604	0
1605	0
1606	0
1607	0
1608	0
1609	0
1610	0
1611	0
1612	0
1613	0
1614	0
1615	0
1616	0
1617	0
1618	0
1619	0
1620	0
1621	0
1622	0
1623	0
1624	0
1625	0
1626	0
1627	0
1628	0
1629	0
1630	0
1631	0
1632	0
1633	0
1634	0
1635	0
1636	0
1637	0
1638	0
1639	0
1640	0
1641	0
1642	0
1643	0
1644	0
1645	0
1646	0
1647	0
1648	0
1649	0
1650	0
1651	0
1652	0
1653	0
1654	0
1655	0
1656	0
1657	0
1658	0
1659	0
1660	0
1661	0
1662	0
1663	0
1664	0
1665	0
1666	0
1667	0
1668	0
1669	0
1670	0
1671	0
1672	0
1673	0
1674	0
1675	0
1676	0
1677	0
1678	0
1679	0
1680	0
1681	0
1682	0
1683	0
1684	0
1685	0
1686	0
1687	0
1688	0
1689	0
1690	0
1691	0
1692	0
1693	0
1694	0
1695	0
1696	0
1697	0
1698	0
1699	0
1700	0
1701	0
1702	0
1703	0
1704	0
1705	0
1706	0
1707	0
1708	0
1709	0
1710	0
1711	0
1712	0
1713	0
1714	0
1715	0
1716	0
1717	0
1718	0
1719	0
1720	0
1721	0
1722	0
1723	0
1724	0
1725	0
1726	0
1727	0
1728	0
1729	0
1730	0
1731	0
1732	0
1733	0
1734	0
1735	0
1736	0
1737	0
1738	0
1739	0
1740	0
1741	0
1742	0
1743	0
1744	0
1745	0
1746	0
1747	0
1748	0
1749	0
1750	0
1751	0
1752	0
1753	0
1754	0
1755	0
1756	0
1757	0
1758	0
1759	0
1760	0
1761	0
1762	0
1763	0
1764	0
1765	0
1766	0
1767	0
1768	0
1769	0
1770	0
1771	0
1772	0
1773	0
1774	0
1775	0
1776	0
1777	0
1778	0
1779	0
1780	0
1781	0
1782	0
1783	0
1784	0
1785	0
1786	0
1787	0
1788	0
1789	0
1790	0
1791	0
1792	0
1793	0
1794	0
1795	0
1796	0
1797	0
1798	0
1799	0
1800	0
1801	0
1802	0
1803	0
1804	0
1805	0
1806	0
1807	0
1808	0
1809	0
1810	0
1811	0
1812	0
1813	0
1814	0
1815	0
1816	0
1817	0
1818	0
1819	0
1820	0
1821	0
1822	0
1823	0
1824	0
1825	0
1826	0
1827	0
1828	0
1829	0
1830	0
1831	0
1832	0
1833	0
1834	0
1835	0
1836	0
1837	0
1838	0
1839	0
1840	0
1841	0
1842	0
1843	0
1844	0
1845	0
1846	0
1847	0
1848	0
1849	0
1850	0
1851	0
1852	0
1853	0
1854	0
1855	0
1856	0
1857	0
1858	0
1859	0
1860	0
1861	0
1862	0
1863	0
1864	0
1865	0
1866	0
1867	0
1868	0
1869	0
1870	0
1871	0
1872	0
1873	0
1874	0
1875	0
1876	0
1877	0
1878	0
1879	0
1880	0
1881	0
1882	0
1883	0
1884	0
1885	0
1886	0
1887	0
1888	0
1889	0
1890	0
1891	0
1892	0
1893	0
1894	0
1895	0
1896	0
1897	0
1898	0
1899	0
1900	0
1901	0
1902	0
1903	0
1904	0
1905	0
1906	0
1907	0
1908	0
1909	0
1910	0
1911	0
1912	0
1913	0
1914	0
1915	0
1916	0
1917	0
1918	0
1919	0
1920	0
1921	0
1922	0
1923	0
1924	0
1925	0
1926	0
1927	0
1928	0
1929	0
1930	0
1931	0
1932	0
1933	0
1934	0
1935	0
1936	0
1937	0
1938	0
1939	0
1940	0
1941	0
1942	0
1943	0
1944	0
1945	0
1946	0
1947	0
1948	0
1949	0
1950	0
1951	0
1952	0
1953	0
1954	0
1955	0
1956	0
1957	0
1958	0
1959	0
1960	0
1961	0
1962	0
1963	0
1964	0
1965	0
1966	0
1967	0
1968	0
1969	0
1970	0
1971	0
1972	0
1973	0
1974	0
1975	0
1976	0
1977	0
1978	0
1979	0
1980	0
1981	0
1982	0
1983	0
1984	0
1985	0
1986	0
1987	0
1988	0
1989	0
1990	0
1991	0
1992	0
1993	0
1994	0
1995	0
1996	0
1997	0
1998	0
1999	0
2000	0
2001	0
2002	0
2003	0
2004	0
2005	0
2006	0
2007	0
2008	0
2009	0
2010	0
2011	0
2012	0
2013	0
2014	0
2015	0
2016	0
2017	0
2018	0
2019	0
2020	0
2021	0
2022	0
2023	0
2024	0
2025	0
2026	0
2027	0
2028	0
2029	0
2030	0
2031	0
2032	0
2033	0
2034	0
2035	0
2036	0
2037	0
2038	0
2039	0
2040	0
2041	0
2042	0
2043	0
2044	0
2045	0
2046	0
2047	0
2048	0
2049	0
2050	0
2051	0
2052	0
2053	0
2054	0
2055	0
2056	0
2057	0
2058	0
2059	0
2060	0
2061	0
2062	0
2063	0
2064	0
2065	0
2066	0
2067	0
2068	0
2069	0
2070	0
2071	0
2072	0
2073	0
2074	0
2075	0
2076	0
2077	0
2078	0
2079	0
2080	0
2081	0
2082	0
2083	0
2084	0
2085	0
2086	0
2087	0
2088	0
2089	0
2090	0
2091	0
2092	0
2093	0
2094	0
2095	0
2096	0
2097	0
2098	0
2099	0
2100	0
2101	0
2102	0
2103	0
2104	0
2105	0
2106	0
2107	0
2108	0
2109	0
2110	0
2111	0
2112	0
2113	0
2114	0
2115	0
2116	0
2117	0
2118	0
2119	0
2120	0
2121	0
2122	0
2123	0
2124	0
2125	0
2126	0
2127	0
2128	0
2129	0
2130	0
2131	0
2132	0
2133	0
2134	0
2135	0
2136	0
2137	0
2138	0
2139	0
2140	0
2141	0
2142	0
2143	0
2144	0
2145	0
2146	0
2147	0
2148	0
2149	0
2150	0
2151	0
2152	0
2153	0
2154	0
2155	0
2156	0
2157	0
2158	0
2159	0
2160	0
2161	0
2162	0
2163	0
2164	0
2165	0
2166	0
2167	0
2168	0
2169	0
2170	0
2171	0
2172	0
2173	0
2174	0
2175	0
2176	0
2177	0
2178	0
2179	0
2180	0
2181	0
2182	0
2183	0
2184	0
2185	0
2186	0
2187	0
2188	0
2189	0
2190	0
2191	0
2192	0
2193	0
2194	0
2195	0
2196	0
2197	0
2198	0
2199	0
2200	0
2201	0
2202	0
2203	0
2204	0
2205	0
2206	0
2207	0
2208	0
2209	0
2210	0
2211	0
2212	0
2213	0
2214	0
2215	0
2216	0
2217	0
2218	0
2219	0
2220	0
2221	0
2222	0
2223	0
2224	0
2225	0
2226	0
2227	0
2228	0
2229	0
2230	0
2231	0
2232	0
2233	0
2234	0
2235	0
2236	0
2237	0
2238	0
2239	0
2240	0
2241	0
2242	0
2243	0
2244	0
2245	0
2246	0
2247	0
2248	0
2249	0
2250	0
2251	0
2252	0
2253	0
2254	0
2255	0
2256	0
2257	0
2258	0
2259	0
2260	0
2261	0
2262	0
2263	0
2264	0
2265	0
2266	0
2267	0
2268	0
2269	0
2270	0
2271	0
2272	0
2273	0
2274	0
2275	0
2276	0
2277	0
2278	0
2279	0
2280	0
2281	0
2282	0
2283	0
2284	0
2285	0
2286	0
2287	0
2288	0
2289	0
2290	0
2291	0
2292	0
2293	0
2294	0
2295	0
2296	0
2297	0
2298	0
2299	0
2300	0
2301	0
2302	0
2303	0
2304	0
2305	0
2306	0
2307	0
2308	0
2309	0
2310	0
2311	0
2312	0
2313	0
2314	0
2315	0
2316	0
2317	0
2318	0
2319	0
2320	0
2321	0
2322	0
2323	0
2324	0
2325	0
2326	0
2327	0
2328	0
2329	0
2330	0
2331	0
2332	0
2333	0
2334	0
2335	0
2336	0
2337	0
2338	0
2339	0
2340	0
2341	0
2342	0
2343	0
2344	0
2345	0
2346	0
2347	0
2348	0
2349	0
2350	0
2351	0
2352	0
2353	0
2354	0
2355	0
2356	0
2357	0
2358	0
2359	0
2360	0
2361	0
2362	0
2363	0
2364	0
2365	0
2366	0
2367	0
2368	0
2369	0
2370	0
2371	0
2372	0
2373	0
2374	0
2375	0
2376	0
2377	0
2378	0
2379	0
2380	0
2381	0
2382	0
2383	0
2384	0
2385	0
2386	0
2387	0
2388	0
2389	0
2390	0
2391	0
2392	0
2393	0
2394	0
2395	0
2396	0
2397	0
2398	0
2399	0
2400	0
2401	0
2402	0
2403	0
2404	0
2405	0
2406	0
2407	0
2408	0
2409	0
2410	0
2411	0
2412	0
2413	0
2414	0
2415	0
2416	0
2417	0
2418	0
2419	0
2420	0
2421	0
2422	0
2423	0
2424	0
2425	0
2426	0
2427	0
2428	0
2429	0
2430	0
2431	0
2432	0
2433	0
2434	0
2435	0
2436	0
2437	0
2438	0
2439	0
2440	0
2441	0
2442	0
2443	0
2444	0
2445	0
2446	0
2447	0
2448	0
2449	0
2450	0
2451	0
2452	0
2453	0
2454	0
2455	0
2456	0
2457	0
2458	0
2459	0
2460	0
2461	0
2462	0
2463	0
2464	0
2465	0
2466	0
2467	0
2468	0
2469	0
2470	0
2471	0
2472	0
2473	0
2474	0
2475	0
2476	0
2477	0
2478	0
2479	0
2480	0
2481	0
2482	0
2483	0
2484	0
2485	0
2486	0
2487	0
2488	0
2489	0
2490	0
2491	0
2492	0
2493	0
2494	0
2495	0
2496	0
2497	0
2498	0
2499	0
2500	0
2501	0
2502	0
2503	0
2504	0
2505	0
2506	0
2507	0
2508	0
2509	0
2510	0
2511	0
2512	0
2513	0
2514	0
2515	0
2516	0
2517	0
2518	0
2519	0
2520	0
2521	0
2522	0
2523	0
2524	0
2525	0
2526	0
2527	0
2528	0
2529	0
2530	0
2531	0
2532	0
2533	0
2534	0
2535	0
2536	0
2537	0
2538	0
2539	0
2540	0
2541	0
2542	0
2543	0
2544	0
2545	0
2546	0
2547	0
2548	0
2549	0
2550	0
2551	0
2552	0
2553	0
2554	0
2555	0
2556	0
2557	0
2558	0
2559	0
2560	0
2561	0
2562	0
2563	0
2564	0
2565	0
2566	0
2567	0
2568	0
2569	0
2570	0
2571	0
2572	0
2573	0
2574	0
2575	0
2576	0
2577	0
2578	0
2579	0
2580	0
2581	0
2582	0
2583	0
2584	0
2585	0
2586	0
2587	0
2588	0
2589	0
2590	0
2591	0
2592	0
2593	0
2594	0
2595	0
2596	0
2597	0
2598	0
2599	0
2600	0
2601	0
2602	0
2603	0
2604	0
2605	0
2606	0
2607	0
2608	0
2609	0
2610	0
2611	0
2612	0
2613	0
2614	0
2615	0
2616	0
2617	0
2618	0
2619	0
2620	0
2621	0
2622	0
2623	0
2624	0
2625	0
2626	0
2627	0
2628	0
2629	0
2630	0
2631	0
2632	0
2633	0
2634	0
2635	0
2636	0
2637	0
2638	0
2639	0
2640	0
2641	0
2642	0
2643	0
2644	0
2645	0
2646	0
2647	0
2648	0
2649	0
2650	0
2651	0
2652	0
2653	0
2654	0
2655	0
2656	0
2657	0
2658	0
2659	0
2660	0
2661	0
2662	0
2663	0
2664	0
2665	0
2666	0
2667	0
2668	0
2669	0
2670	0
2671	0
2672	0
2673	0
2674	0
2675	0
2676	0
2677	0
2678	0
2679	0
2680	0
2681	0
2682	0
2683	0
2684	0
2685	0
2686	0
2687	0
2688	0
2689	0
2690	0
2691	0
2692	0
2693	0
2694	0
2695	0
2696	0
2697	0
2698	0
2699	0
2700	0
2701	0
2702	0
2703	0
2704	0
2705	0
2706	0
2707	0
2708	0
2709	0
2710	0
2711	0
2712	0
2713	0
2714	0
2715	0
2716	0
2717	0
2718	0
2719	0
2720	0
2721	0
2722	0
2723	0
2724	0
2725	0
2726	0
2727	0
2728	0
2729	0
2730	0
2731	0
2732	0
2733	0
2734	0
2735	0
2736	0
2737	0
2738	0
2739	0
2740	0
2741	0
2742	0
2743	0
2744	0
2745	0
2746	0
2747	0
2748	0
2749	0
2750	0
2751	0
2752	0
2753	0
2754	0
2755	0
2756	0
2757	0
2758	0
2759	0
2760	0
2761	0
2762	0
2763	0
2764	0
2765	0
2766	0
2767	0
2768	0
2769	0
2770	0
2771	0
2772	0
2773	0
2774	0
2775	0
2776	0
2777	0
2778	0
2779	0
2780	0
2781	0
2782	0
2783	0
2784	0
2785	0
2786	0
2787	0
2788	0
2789	0
2790	0
2791	0
2792	0
2793	0
2794	0
2795	0
2796	0
2797	0
2798	0
2799	0
2800	0
2801	0
2802	0
2803	0
2804	0
2805	0
2806	0
2807	0
2808	0
2809	0
2810	0
2811	0
2812	0
2813	0
2814	0
2815	0
2816	0
2817	0
2818	0
2819	0
2820	0
2821	0
2822	0
2823	0
2824	0
2825	0
2826	0
2827	0
2828	0
2829	0
2830	0
2831	0
2832	0
2833	0
2834	0
2835	0
2836	0
2837	0
2838	0
2839	0
2840	0
2841	0
2842	0
2843	0
2844	0
2845	0
2846	0
2847	0
2848	0
2849	0
2850	0
2851	0
2852	0
2853	0
2854	0
2855	0
2856	0
2857	0
2858	0
2859	0
2860	0
2861	0
2862	0
2863	0
2864	0
2865	0
2866	0
2867	0
2868	0
2869	0
2870	0
2871	0
2872	0
2873	0
2874	0
2875	0
2876	0
2877	0
2878	0
2879	0
2880	0
2881	0
2882	0
2883	0
2884	0
2885	0
2886	0
2887	0
2888	0
2889	0
2890	0
2891	0
2892	0
2893	0
2894	0
2895	0
2896	0
2897	0
2898	0
2899	0
2900	0
2901	0
2902	0
2903	0
2904	0
2905	0
2906	0
2907	0
2908	0
2909	0
2910	0
2911	0
2912	0
2913	0
2914	0
2915	0
2916	0
2917	0
2918	0
2919	0
2920	0
2921	0
2922	0
2923	0
2924	0
2925	0
2926	0
2927	0
2928	0
2929	0
2930	0
2931	0
2932	0
2933	0
2934	0
2935	0
2936	0
2937	0
2938	0
2939	0
2940	0
2941	0
2942	0
2943	0
2944	0
2945	0
2946	0
2947	0
2948	0
2949	0
2950	0
2951	0
2952	0
2953	0
2954	0
2955	0
2956	0
2957	0
2958	0
2959	0
2960	0
2961	0
2962	0
2963	0
2964	0
2965	0
2966	0
2967	0
2968	0
2969	0
2970	0
2971	0
2972	0
2973	0
2974	0
2975	0
2976	0
2977	0
2978	0
2979	0
2980	0
2981	0
2982	0
2983	0
2984	0
2985	0
2986	0
2987	0
2988	0
2989	0
2990	0
2991	0
2992	0
2993	0
2994	0
2995	0
2996	0
2997	0
2998	0
2999	0
3000	0
3001	0
3002	0
3003	0
3004	0
3005	0
3006	0
3007	0
3008	0
3009	0
3010	0
3011	0
3012	0
3013	0
3014	0
3015	0
3016	0
3017	0
3018	0
3019	0
3020	0
3021	0
3022	0
3023	0
3024	0
3025	0
3026	0
3027	0
3028	0
3029	0
3030	0
3031	0
3032	0
3033	0
3034	0
3035	0
3036	0
3037	0
3038	0
3039	0
3040	0
3041	0
3042	0
3043	0
3044	0
3045	0
3046	0
3047	0
3048	0
3049	0
3050	0
3051	0
3052	0
3053	0
3054	0
3055	0
3056	0
3057	0
3058	0
3059	0
3060	0
3061	0
3062	0
3063	0
3064	0
3065	0
3066	0
3067	0
3068	0
3069	0
3070	0
3071	0
3072	0
3073	0
3074	0
3075	0
3076	0
3077	0
3078	0
3079	0
3080	0
3081	0
3082	0
3083	0
3084	0
3085	0
3086	0
3087	0
3088	0
3089	0
3090	0
3091	0
3092	0
3093	0
3094	0
3095	0
3096	0
3097	0
3098	0
3099	0
3100	0
3101	0
3102	0
3103	0
3104	0
3105	0
3106	0
3107	0
3108	0
3109	0
3110	0
3111	0
3112	0
3113	0
3114	0
3115	0
3116	0
3117	0
3118	0
3119	0
3120	0
3121	0
3122	0
3123	0
3124	0
3125	0
3126	0
3127	0
3128	0
3129	0
3130	0
3131	0
3132	0
3133	0
3134	0
3135	0
3136	0
3137	0
3138	0
3139	0
3140	0
3141	0
3142	0
3143	0
3144	0
3145	0
3146	0
3147	0
3148	0
3149	0
3150	0
3151	0
3152	0
3153	0
3154	0
3155	0
3156	0
3157	0
3158	0
3159	0
3160	0
3161	0
3162	0
3163	0
3164	0
3165	0
3166	0
3167	0
3168	0
3169	0
3170	0
3171	0
3172	0
3173	0
3174	0
3175	0
3176	0
3177	0
3178	0
3179	0
3180	0
3181	0
3182	0
3183	0
3184	0
3185	0
3186	0
3187	0
3188	0
3189	0
3190	0
3191	0
3192	0
3193	0
3194	0
3195	0
3196	0
3197	0
3198	0
3199	0
3200	0
3201	0
3202	0
3203	0
3204	0
3205	0
3206	0
3207	0
3208	0
3209	0
3210	0
3211	0
3212	0
3213	0
3214	0
3215	0
3216	0
3217	0
3218	0
3219	0
3220	0
3221	0
3222	0
3223	0
3224	0
3225	0
3226	0
3227	0
3228	0
3229	0
3230	0
3231	0
3232	0
3233	0
3234	0
3235	0
3236	0
3237	0
3238	0
3239	0
3240	0
3241	0
3242	0
3243	0
3244	0
3245	0
3246	0
3247	0
3248	0
3249	0
3250	0
3251	0
3252	0
3253	0
3254	0
3255	0
3256	0
3257	0
3258	0
3259	0
3260	0
3261	0
3262	0
3263	0
3264	0
3265	0
3266	0
3267	0
3268	0
3269	0
3270	0
3271	0
3272	0
3273	0
3274	0
3275	0
3276	0
3277	0
3278	0
3279	0
3280	0
3281	0
3282	0
3283	0
3284	0
3285	0
3286	0
3287	0
3288	0
3289	0
3290	0
3291	0
3292	0
3293	0
3294	0
3295	0
3296	0
3297	0
3298	0
3299	0
3300	0
3301	0
3302	0
3303	0
3304	0
3305	0
3306	0
3307	0
3308	0
3309	0
3310	0
3311	0
3312	0
3313	0
3314	0
3315	0
3316	0
3317	0
3318	0
3319	0
3320	0
3321	0
3322	0
3323	0
3324	0
3325	0
3326	0
3327	0
3328	0
3329	0
3330	0
3331	0
3332	0
3333	0
3334	0
3335	0
3336	0
3337	0
3338	0
3339	0
3340	0
3341	0
3342	0
3343	0
3344	0
3345	0
3346	0
3347	0
3348	0
3349	0
3350	0
3351	0
3352	0
3353	0
3354	0
3355	0
3356	0
3357	0
3358	0
3359	0
3360	0
3361	0
3362	0
3363	0
3364	0
3365	0
3366	0
3367	0
3368	0
3369	0
3370	0
3371	0
3372	0
3373	0
3374	0
3375	0
3376	0
3377	0
3378	0
3379	0
3380	0
3381	0
3382	0
3383	0
3384	0
3385	0
3386	0
3387	0
3388	0
3389	0
3390	0
3391	0
3392	0
3393	0
3394	0
3395	0
3396	0
3397	0
3398	0
3399	0
3400	0
3401	0
3402	0
3403	0
3404	0
3405	0
3406	0
3407	0
3408	0
3409	0
3410	0
3411	0
3412	0
3413	0
3414	0
3415	0
3416	0
3417	0
3418	0
3419	0
3420	0
3421	0
3422	0
3423	0
3424	0
3425	0
3426	0
3427	0
3428	0
3429	0
3430	0
3431	0
3432	0
3433	0
3434	0
3435	0
3436	0
3437	0
3438	0
3439	0
3440	0
3441	0
3442	0
3443	0
3444	0
3445	0
3446	0
3447	0
3448	0
3449	0
3450	0
3451	0
3452	0
3453	0
3454	0
3455	0
3456	0
3457	0
3458	0
3459	0
3460	0
3461	0
3462	0
3463	0
3464	0
3465	0
3466	0
3467	0
3468	0
3469	0
3470	0
3471	0
3472	0
3473	0
3474	0
3475	0
3476	0
3477	0
3478	0
3479	0
3480	0
3481	0
3482	0
3483	0
3484	0
3485	0
3486	0
3487	0
3488	0
3489	0
3490	0
3491	0
3492	0
3493	0
3494	0
3495	0
3496	0
3497	0
3498	0
3499	0
3500	0
3501	0
3502	0
3503	0
3504	0
3505	0
3506	0
3507	0
3508	0
3509	0
3510	0
3511	0
3512	0
3513	0
3514	0
3515	0
3516	0
3517	0
3518	0
3519	0
3520	0
3521	0
3522	0
3523	0
3524	0
3525	0
3526	0
3527	0
3528	0
3529	0
3530	0
3531	0
3532	0
3533	0
3534	0
3535	0
3536	0
3537	0
3538	0
3539	0
3540	0
3541	0
3542	0
3543	0
3544	0
3545	0
3546	0
3547	0
3548	0
3549	0
3550	0
3551	0
3552	0
3553	0
3554	0
3555	0
3556	0
3557	0
3558	0
3559	0
3560	0
3561	0
3562	0
3563	0
3564	0
3565	0
3566	0
3567	0
3568	0
3569	0
3570	0
3571	0
3572	0
3573	0
3574	0
3575	0
3576	0
3577	0
3578	0
3579	0
3580	0
3581	0
3582	0
3583	0
3584	0
3585	0
3586	0
3587	0
3588	0
3589	0
3590	0
3591	0
3592	0
3593	0
3594	0
3595	0
3596	0
3597	0
3598	0
3599	0
3600	0
3601	0
3602	0
3603	0
3604	0
3605	0
3606	0
3607	0
3608	0
3609	0
3610	0
3611	0
3612	0
3613	0
3614	0
3615	0
3616	0
3617	0
3618	0
3619	0
3620	0
3621	0
3622	0
3623	0
3624	0
3625	0
3626	0
3627	0
3628	0
3629	0
3630	0
3631	0
3632	0
3633	0
3634	0
3635	0
3636	0
3637	0
3638	0
3639	0
3640	0
3641	0
3642	0
3643	0
3644	0
3645	0
3646	0
3647	0
3648	0
3649	0
3650	0
3651	0
3652	0
3653	0
3654	0
3655	0
3656	0
3657	0
3658	0
3659	0
3660	0
3661	0
3662	0
3663	0
3664	0
3665	0
3666	0
3667	0
3668	0
3669	0
3670	0
3671	0
3672	0
3673	0
3674	0
3675	0
3676	0
3677	0
3678	0
3679	0
3680	0
3681	0
3682	0
3683	0
3684	0
3685	0
3686	0
3687	0
3688	0
3689	0
3690	0
3691	0
3692	0
3693	0
3694	0
3695	0
3696	0
3697	0
3698	0
3699	0
3700	0
3701	0
3702	0
3703	0
3704	0
3705	0
3706	0
3707	0
3708	0
3709	0
3710	0
3711	0
3712	0
3713	0
3714	0
3715	0
3716	0
3717	0
3718	0
3719	0
3720	0
3721	0
3722	0
3723	0
3724	0
3725	0
3726	0
3727	0
3728	0
3729	0
3730	0
3731	0
3732	0
3733	0
3734	0
3735	0
3736	0
3737	0
3738	0
3739	0
3740	0
3741	0
3742	0
3743	0
3744	0
3745	0
3746	0
3747	0
3748	0
3749	0
3750	0
3751	0
3752	0
3753	0
3754	0
3755	0
3756	0
3757	0
3758	0
3759	0
3760	0
3761	0
3762	0
3763	0
3764	0
3765	0
3766	0
3767	0
3768	0
3769	0
3770	0
3771	0
3772	0
3773	0
3774	0
3775	0
3776	0
3777	0
3778	0
3779	0
3780	0
3781	0
3782	0
3783	0
3784	0
3785	0
3786	0
3787	0
3788	0
3789	0
3790	0
3791	0
3792	0
3793	0
3794	0
3795	0
3796	0
3797	0
3798	0
3799	0
3800	0
3801	0
3802	0
3803	0
3804	0
3805	0
3806	0
3807	0
3808	0
3809	0
3810	0
3811	0
3812	0
3813	0
3814	0
3815	0
3816	0
3817	0
3818	0
3819	0
3820	0
3821	0
3822	0
3823	0
3824	0
3825	0
3826	0
3827	0
3828	0
3829	0
3830	0
3831	0
3832	0
3833	0
3834	0
3835	0
3836	0
3837	0
3838	0
3839	0
3840	0
3841	0
3842	0
3843	0
3844	0
3845	0
3846	0
3847	0
3848	0
3849	0
3850	0
3851	0
3852	0
3853	0
3854	0
3855	0
3856	0
3857	0
3858	0
3859	0
3860	0
3861	0
3862	0
3863	0
3864	0
3865	0
3866	0
3867	0
3868	0
3869	0
3870	0
3871	0
3872	0
3873	0
3874	0
3875	0
3876	0
3877	0
3878	0
3879	0
3880	0
3881	0
3882	0
3883	0
3884	0
3885	0
3886	0
3887	0
3888	0
3889	0
3890	0
3891	0
3892	0
3893	0
3894	0
3895	0
3896	0
3897	0
3898	0
3899	0
3900	0
3901	0
3902	0
3903	0
3904	0
3905	0
3906	0
3907	0
3908	0
3909	0
3910	0
3911	0
3912	0
3913	0
3914	0
3915	0
3916	0
3917	0
3918	0
3919	0
3920	0
3921	0
3922	0
3923	0
3924	0
3925	0
3926	0
3927	0
3928	0
3929	0
3930	0
3931	0
3932	0
3933	0
3934	0
3935	0
3936	0
3937	0
3938	0
3939	0
3940	0
3941	0
3942	0
3943	0
3944	0
3945	0
3946	0
3947	0
3948	0
3949	0
3950	0
3951	0
3952	0
3953	0
3954	0
3955	0
3956	0
3957	0
3958	0
3959	0
3960	0
3961	0
3962	0
3963	0
3964	0
3965	0
3966	0
3967	0
3968	0
3969	0
3970	0
3971	0
3972	0
3973	0
3974	0
3975	0
3976	0
3977	0
3978	0
3979	0
3980	0
3981	0
3982	0
3983	0
3984	0
3985	0
3986	0
3987	0
3988	0
3989	0
3990	0
3991	0
3992	0
3993	0
3994	0
3995	0
3996	0
3997	0
3998	0
3999	0
4000	0
4001	0
4002	0
4003	0
4004	0
4005	0
4006	0
4007	0
4008	0
4009	0
4010	0
4011	0
4012	0
4013	0
4014	0
4015	0
4016	0
4017	0
4018	0
4019	0
4020	0
4021	0
4022	0
4023	0
4024	0
4025	0
4026	0
4027	0
4028	0
4029	0
4030	0
4031	0
4032	0
4033	0
4034	0
4035	0
4036	0
4037	0
4038	0
4039	0
4040	0
4041	0
4042	0
4043	0
4044	0
4045	0
4046	0
4047	0
4048	0
4049	0
4050	0
4051	0
4052	0
4053	0
4054	0
4055	0
4056	0
4057	0
4058	0
4059	0
4060	0
4061	0
4062	0
4063	0
4064	0
4065	0
4066	0
4067	0
4068	0
4069	0
4070	0
4071	0
4072	0
4073	0
4074	0
4075	0
4076	0
4077	0
4078	0
4079	0
4080	0
4081	0
4082	0
4083	0
4084	0
4085	0
4086	0
4087	0
4088	0
4089	0
4090	0
4091	0
4092	0
4093	0
4094	0
4095	0
4096	0
4097	0
4098	0
4099	0
4100	0
4101	0
4102	0
4103	0
4104	0
4105	0
4106	0
4107	0
4108	0
4109	0
4110	0
4111	0
4112	0
4113	0
4114	0
4115	0
4116	0
4117	0
4118	0
4119	0
4120	0
4121	0
4122	0
4123	0
4124	0
4125	0
4126	0
4127	0
4128	0
4129	0
4130	0
4131	0
4132	0
4133	0
4134	0
4135	0
4136	0
4137	0
4138	0
4139	0
4140	0
4141	0
4142	0
4143	0
4144	0
4145	0
4146	0
4147	0
4148	0
4149	0
4150	0
4151	0
4152	0
4153	0
4154	0
4155	0
4156	0
4157	0
4158	0
4159	0
4160	0
4161	0
4162	0
4163	0
4164	0
4165	0
4166	0
4167	0
4168	0
4169	0
4170	0
4171	0
4172	0
4173	0
4174	0
4175	0
4176	0
4177	0
4178	0
4179	0
4180	0
4181	0
4182	0
4183	0
4184	0
4185	0
4186	0
4187	0
4188	0
4189	0
4190	0
4191	0
4192	0
4193	0
4194	0
4195	0
4196	0
4197	0
4198	0
4199	0
4200	0
4201	0
4202	0
4203	0
4204	0
4205	0
4206	0
4207	0
4208	0
4209	0
4210	0
4211	0
4212	0
4213	0
4214	0
4215	0
4216	0
4217	0
4218	0
4219	0
4220	0
4221	0
4222	0
4223	0
4224	0
4225	0
4226	0
4227	0
4228	0
4229	0
4230	0
4231	0
4232	0
4233	0
4234	0
4235	0
4236	0
4237	0
4238	0
4239	0
4240	0
4241	0
4242	0
4243	0
4244	0
4245	0
4246	0
4247	0
4248	0
4249	0
4250	0
4251	0
4252	0
4253	0
4254	0
4255	0
4256	0
4257	0
4258	0
4259	0
4260	0
4261	0
4262	0
4263	0
4264	0
4265	0
4266	0
4267	0
4268	0
4269	0
4270	0
4271	0
4272	0
4273	0
4274	0
4275	0
4276	0
4277	0
4278	0
4279	0
4280	0
4281	0
4282	0
4283	0
4284	0
4285	0
4286	0
4287	0
4288	0
4289	0
4290	0
4291	0
4292	0
4293	0
4294	0
4295	0
4296	0
4297	0
4298	0
4299	0
4300	0
4301	0
4302	0
4303	0
4304	0
4305	0
4306	0
4307	0
4308	0
4309	0
4310	0
4311	0
4312	0
4313	0
4314	0
4315	0
4316	0
4317	0
4318	0
4319	0
4320	0
4321	0
4322	0
4323	0
4324	0
4325	0
4326	0
4327	0
4328	0
4329	0
4330	0
4331	0
4332	0
4333	0
4334	0
4335	0
4336	0
4337	0
4338	0
4339	0
4340	0
4341	0
4342	0
4343	0
4344	0
4345	0
4346	0
4347	0
4348	0
4349	0
4350	0
4351	0
4352	0
4353	0
4354	0
4355	0
4356	0
4357	0
4358	0
4359	0
4360	0
4361	0
4362	0
4363	0
4364	0
4365	0
4366	0
4367	0
4368	0
4369	0
4370	0
4371	0
4372	0
4373	0
4374	0
4375	0
4376	0
4377	0
4378	0
4379	0
4380	0
4381	0
4382	0
4383	0
4384	0
4385	0
4386	0
4387	0
4388	0
4389	0
4390	0
4391	0
4392	0
4393	0
4394	0
4395	0
4396	0
4397	0
4398	0
4399	0
4400	0
4401	0
4402	0
4403	0
4404	0
4405	0
4406	0
4407	0
4408	0
4409	0
4410	0
4411	0
4412	0
4413	0
4414	0
4415	0
4416	0
4417	0
4418	0
4419	0
4420	0
4421	0
4422	0
4423	0
4424	0
4425	0
4426	0
4427	0
4428	0
4429	0
4430	0
4431	0
4432	0
4433	0
4434	0
4435	0
4436	0
4437	0
4438	0
4439	0
4440	0
4441	0
4442	0
4443	0
4444	0
4445	0
4446	0
4447	0
4448	0
4449	0
4450	0
4451	0
4452	0
4453	0
4454	0
4455	0
4456	0
4457	0
4458	0
4459	0
4460	0
4461	0
4462	0
4463	0
4464	0
4465	0
4466	0
4467	0
4468	0
4469	0
4470	0
4471	0
4472	0
4473	0
4474	0
4475	0
4476	0
4477	0
4478	0
4479	0
4480	0
4481	0
4482	0
4483	0
4484	0
4485	0
4486	0
4487	0
4488	0
4489	0
4490	0
4491	0
4492	0
4493	0
4494	0
4495	0
4496	0
4497	0
4498	0
4499	0
4500	0
4501	0
4502	0
4503	0
4504	0
4505	0
4506	0
4507	0
4508	0
4509	0
4510	0
4511	0
4512	0
4513	0
4514	0
4515	0
4516	0
4517	0
4518	0
4519	0
4520	0
4521	0
4522	0
4523	0
4524	0
4525	0
4526	0
4527	0
4528	0
4529	0
4530	0
4531	0
4532	0
4533	0
4534	0
4535	0
4536	0
4537	0
4538	0
4539	0
4540	0
4541	0
4542	0
4543	0
4544	0
4545	0
4546	0
4547	0
4548	0
4549	0
4550	0
4551	0
4552	0
4553	0
4554	0
4555	0
4556	0
4557	0
4558	0
4559	0
4560	0
4561	0
4562	0
4563	0
4564	0
4565	0
4566	0
4567	0
4568	0
4569	0
4570	0
4571	0
4572	0
4573	0
4574	0
4575	0
4576	0
4577	0
4578	0
4579	0
4580	0
4581	0
4582	0
4583	0
4584	0
4585	0
4586	0
4587	0
4588	0
4589	0
4590	0
4591	0
4592	0
4593	0
4594	0
4595	0
4596	0
4597	0
4598	0
4599	0
4600	0
4601	0
4602	0
4603	0
4604	0
4605	0
4606	0
4607	0
4608	0
4609	0
4610	0
4611	0
4612	0
4613	0
4614	0
4615	0
4616	0
4617	0
4618	0
4619	0
4620	0
4621	0
4622	0
4623	0
4624	0
4625	0
4626	0
4627	0
4628	0
4629	0
4630	0
4631	0
4632	0
4633	0
4634	0
4635	0
4636	0
4637	0
4638	0
4639	0
4640	0
4641	0
4642	0
4643	0
4644	0
4645	0
4646	0
4647	0
4648	0
4649	0
4650	0
4651	0
4652	0
4653	0
4654	0
4655	0
4656	0
4657	0
4658	0
4659	0
4660	0
4661	0
4662	0
4663	0
4664	0
4665	0
4666	0
4667	0
4668	0
4669	0
4670	0
4671	0
4672	0
4673	0
4674	0
4675	0
4676	0
4677	0
4678	0
4679	0
4680	0
4681	0
4682	0
4683	0
4684	0
4685	0
4686	0
4687	0
4688	0
4689	0
4690	0
4691	0
4692	0
4693	0
4694	0
4695	0
4696	0
4697	0
4698	0
4699	0
4700	0
4701	0
4702	0
4703	0
4704	0
4705	0
4706	0
4707	0
4708	0
4709	0
4710	0
4711	0
4712	0
4713	0
4714	0
4715	0
4716	0
4717	0
4718	0
4719	0
4720	0
4721	0
4722	0
4723	0
4724	0
4725	0
4726	0
4727	0
4728	0
4729	0
4730	0
4731	0
4732	0
4733	0
4734	0
4735	0
4736	0
4737	0
4738	0
4739	0
4740	0
4741	0
4742	0
4743	0
4744	0
4745	0
4746	0
4747	0
4748	0
4749	0
4750	0
4751	0
4752	0
4753	0
4754	0
4755	0
4756	0
4757	0
4758	0
4759	0
4760	0
4761	0
4762	0
4763	0
4764	0
4765	0
4766	0
4767	0
4768	0
4769	0
4770	0
4771	0
4772	0
4773	0
4774	0
4775	0
4776	0
4777	0
4778	0
4779	0
4780	0
4781	0
4782	0
4783	0
4784	0
4785	0
4786	0
4787	0
4788	0
4789	0
4790	0
4791	0
4792	0
4793	0
4794	0
4795	0
4796	0
4797	0
4798	0
4799	0
4800	0
4801	0
4802	0
4803	0
4804	0
4805	0
4806	0
4807	0
4808	0
4809	0
4810	0
4811	0
4812	0
4813	0
4814	0
4815	0
4816	0
4817	0
4818	0
4819	0
4820	0
4821	0
4822	0
4823	0
4824	0
4825	0
4826	0
4827	0
4828	0
4829	0
4830	0
4831	0
4832	0
4833	0
4834	0
4835	0
4836	0
4837	0
4838	0
4839	0
4840	0
4841	0
4842	0
4843	0
4844	0
4845	0
4846	0
4847	0
4848	0
4849	0
4850	0
4851	0
4852	0
4853	0
4854	0
4855	0
4856	0
4857	0
4858	0
4859	0
4860	0
4861	0
4862	0
4863	0
4864	0
4865	0
4866	0
4867	0
4868	0
4869	0
4870	0
4871	0
4872	0
4873	0
4874	0
4875	0
4876	0
4877	0
4878	0
4879	0
4880	0
4881	0
4882	0
4883	0
4884	0
4885	0
4886	0
4887	0
4888	0
4889	0
4890	0
4891	0
4892	0
4893	0
4894	0
4895	0
4896	0
4897	0
4898	0
4899	0
4900	0
4901	0
4902	0
4903	0
4904	0
4905	0
4906	0
4907	0
4908	0
4909	0
4910	0
4911	0
4912	0
4913	0
4914	0
4915	0
4916	0
4917	0
4918	0
4919	0
4920	0
4921	0
4922	0
4923	0
4924	0
4925	0
4926	0
4927	0
4928	0
4929	0
4930	0
4931	0
4932	0
4933	0
4934	0
4935	0
4936	0
4937	0
4938	0
4939	0
4940	0
4941	0
4942	0
4943	0
4944	0
4945	0
4946	0
4947	0
4948	0
4949	0
4950	0
4951	0
4952	0
4953	0
4954	0
4955	0
4956	0
4957	0
4958	0
4959	0
4960	0
4961	0
4962	0
4963	0
4964	0
4965	0
4966	0
4967	0
4968	0
4969	0
4970	0
4971	0
4972	0
4973	0
4974	0
4975	0
4976	0
4977	0
4978	0
4979	0
4980	0
4981	0
4982	0
4983	0
4984	0
4985	0
4986	0
4987	0
4988	0
4989	0
4990	0
4991	0
4992	0
4993	0
4994	0
4995	0
4996	0
4997	0
4998	0
4999	0
5000	0
5001	0
5002	0
5003	0
5004	0
5005	0
5006	0
5007	0
5008	0
5009	0
5010	0
5011	0
5012	0
5013	0
5014	0
5015	0
5016	0
5017	0
5018	0
5019	0
5020	0
5021	0
5022	0
5023	0
5024	0
5025	0
5026	0
5027	0
5028	0
5029	0
5030	0
5031	0
5032	0
5033	0
5034	0
5035	0
5036	0
5037	0
5038	0
5039	0
5040	0
5041	0
5042	0
5043	0
5044	0
5045	0
5046	0
5047	0
5048	0
5049	0
5050	0
5051	0
5052	0
5053	0
5054	0
5055	0
5056	0
5057	0
5058	0
5059	0
5060	0
5061	0
5062	0
5063	0
5064	0
5065	0
5066	0
5067	0
5068	0
5069	0
5070	0
5071	0
5072	0
5073	0
5074	0
5075	0
5076	0
5077	0
5078	0
5079	0
5080	0
5081	0
5082	0
5083	0
5084	0
5085	0
5086	0
5087	0
5088	0
5089	0
5090	0
5091	0
5092	0
5093	0
5094	0
5095	0
5096	0
5097	0
5098	0
5099	0
5100	0
5101	0
5102	0
5103	0
5104	0
5105	0
5106	0
5107	0
5108	0
5109	0
5110	0
5111	0
5112	0
5113	0
5114	0
5115	0
5116	0
5117	0
5118	0
5119	0
5120	0
5121	0
5122	0
5123	0
5124	0
5125	0
5126	0
5127	0
5128	0
5129	0
5130	0
5131	0
5132	0
5133	0
5134	0
5135	0
5136	0
5137	0
5138	0
5139	0
5140	0
5141	0
5142	0
5143	0
5144	0
5145	0
5146	0
5147	0
5148	0
5149	0
5150	0
5151	0
5152	0
5153	0
5154	0
5155	0
5156	0
5157	0
5158	0
5159	0
5160	0
5161	0
5162	0
5163	0
5164	0
5165	0
5166	0
5167	0
5168	0
5169	0
5170	0
5171	0
5172	0
5173	0
5174	0
5175	0
5176	0
5177	0
5178	0
5179	0
5180	0
5181	0
5182	0
5183	0
5184	0
5185	0
5186	0
5187	0
5188	0
5189	0
5190	0
5191	0
5192	0
5193	0
5194	0
5195	0
5196	0
5197	0
5198	0
5199	0
5200	0
5201	0
5202	0
5203	0
5204	0
5205	0
5206	0
5207	0
5208	0
5209	0
5210	0
5211	0
5212	0
5213	0
5214	0
5215	0
5216	0
5217	0
5218	0
5219	0
5220	0
5221	0
5222	0
5223	0
5224	0
5225	0
5226	0
5227	0
5228	0
5229	0
5230	0
5231	0
5232	0
5233	0
5234	0
5235	0
5236	0
5237	0
5238	0
5239	0
5240	0
5241	0
5242	0
5243	0
5244	0
5245	0
5246	0
5247	0
5248	0
5249	0
5250	0
5251	0
5252	0
5253	0
5254	0
5255	0
5256	0
5257	0
5258	0
5259	0
5260	0
5261	0
5262	0
5263	0
5264	0
5265	0
5266	0
5267	0
5268	0
5269	0
5270	0
5271	0
5272	0
5273	0
5274	0
5275	0
5276	0
5277	0
5278	0
5279	0
5280	0
5281	0
5282	0
5283	0
5284	0
5285	0
5286	0
5287	0
5288	0
5289	0
5290	0
5291	0
5292	0
5293	0
5294	0
5295	0
5296	0
5297	0
5298	0
5299	0
5300	0
5301	0
5302	0
5303	0
5304	0
5305	0
5306	0
5307	0
5308	0
5309	0
5310	0
5311	0
5312	0
5313	0
5314	0
5315	0
5316	0
5317	0
5318	0
5319	0
5320	0
5321	0
5322	0
5323	0
5324	0
5325	0
5326	0
5327	0
5328	0
5329	0
5330	0
5331	0
5332	0
5333	0
5334	0
5335	0
5336	0
5337	0
5338	0
5339	0
5340	0
5341	0
5342	0
5343	0
5344	0
5345	0
5346	0
5347	0
5348	0
5349	0
5350	0
5351	0
5352	0
5353	0
5354	0
5355	0
5356	0
5357	0
5358	0
5359	0
5360	0
5361	0
5362	0
5363	0
5364	0
5365	0
5366	0
5367	0
5368	0
5369	0
5370	0
5371	0
5372	0
5373	0
5374	0
5375	0
5376	0
5377	0
5378	0
5379	0
5380	0
5381	0
5382	0
5383	0
5384	0
5385	0
5386	0
5387	0
5388	0
5389	0
5390	0
5391	0
5392	0
5393	0
5394	0
5395	0
5396	0
5397	0
5398	0
5399	0
5400	0
5401	0
5402	0
5403	0
5404	0
5405	0
5406	0
5407	0
5408	0
5409	0
5410	0
5411	0
5412	0
5413	0
5414	0
5415	0
5416	0
5417	0
5418	0
5419	0
5420	0
5421	0
5422	0
5423	0
5424	0
5425	0
5426	0
5427	0
5428	0
5429	0
5430	0
5431	0
5432	0
5433	0
5434	0
5435	0
5436	0
5437	0
5438	0
5439	0
5440	0
5441	0
5442	0
5443	0
5444	0
5445	0
5446	0
5447	0
5448	0
5449	0
5450	0
5451	0
5452	0
5453	0
5454	0
5455	0
5456	0
5457	0
5458	0
5459	0
5460	0
5461	0
5462	0
5463	0
5464	0
5465	0
5466	0
5467	0
5468	0
5469	0
5470	0
5471	0
5472	0
5473	0
5474	0
5475	0
5476	0
5477	0
5478	0
5479	0
5480	0
5481	0
5482	0
5483	0
5484	0
5485	0
5486	0
5487	0
5488	0
5489	0
5490	0
5491	0
5492	0
5493	0
5494	0
5495	0
5496	0
5497	0
5498	0
5499	0
5500	0
5501	0
5502	0
5503	0
5504	0
5505	0
5506	0
5507	0
5508	0
5509	0
5510	0
5511	0
5512	0
5513	0
5514	0
5515	0
5516	0
5517	0
5518	0
5519	0
5520	0
5521	0
5522	0
5523	0
5524	0
5525	0
5526	0
5527	0
5528	0
5529	0
5530	0
5531	0
5532	0
5533	0
5534	0
5535	0
5536	0
5537	0
5538	0
5539	0
5540	0
5541	0
5542	0
5543	0
5544	0
5545	0
5546	0
5547	0
5548	0
5549	0
5550	0
5551	0
5552	0
5553	0
5554	0
5555	0
5556	0
5557	0
5558	0
5559	0
5560	0
5561	0
5562	0
5563	0
5564	0
5565	0
5566	0
5567	0
5568	0
5569	0
5570	0
5571	0
5572	0
5573	0
5574	0
5575	0
5576	0
5577	0
5578	0
5579	0
5580	0
5581	0
5582	0
5583	0
5584	0
5585	0
5586	0
5587	0
5588	0
5589	0
5590	0
5591	0
5592	0
5593	0
5594	0
5595	0
5596	0
5597	0
5598	0
5599	0
5600	0
5601	0
5602	0
5603	0
5604	0
5605	0
5606	0
5607	0
5608	0
5609	0
5610	0
5611	0
5612	0
5613	0
5614	0
5615	0
5616	0
5617	0
5618	0
5619	0
5620	0
5621	0
5622	0
5623	0
5624	0
5625	0
5626	0
5627	0
5628	0
5629	0
5630	0
5631	0
5632	0
5633	0
5634	0
5635	0
5636	0
5637	0
5638	0
5639	0
5640	0
5641	0
5642	0
5643	0
5644	0
5645	0
5646	0
5647	0
5648	0
5649	0
5650	0
5651	0
5652	0
5653	0
5654	0
5655	0
5656	0
5657	0
5658	0
5659	0
5660	0
5661	0
5662	0
5663	0
5664	0
5665	0
5666	0
5667	0
5668	0
5669	0
5670	0
5671	0
5672	0
5673	0
5674	0
5675	0
5676	0
5677	0
5678	0
5679	0
5680	0
5681	0
5682	0
5683	0
5684	0
5685	0
5686	0
5687	0
5688	0
5689	0
5690	0
5691	0
5692	0
5693	0
5694	0
5695	0
5696	0
5697	0
5698	0
5699	0
5700	0
5701	0
5702	0
5703	0
5704	0
5705	0
5706	0
5707	0
5708	0
5709	0
5710	0
5711	0
5712	1
5713	1
5714	1
5715	1
5716	1
5717	1
5718	1
5719	1
5720	1
5721	1
5722	1
5723	1
5724	1
5725	1
5726	1
5727	1
5728	1
5729	1
5730	1
5731	1
5732	1
5733	1
5734	1
5735	1
5736	1
5737	1
5738	1
5739	1
5740	1
5741	1
5742	1
5743	1
5744	1
5745	1
5746	1
5747	1
5748	1
5749	1
5750	1
5751	1
5752	1
5753	1
5754	1
5755	1
5756	1
5757	1
5758	1
5759	1
5760	1
5761	1
5762	1
5763	1
5764	1
5765	1
5766	1
5767	1
5768	1
5769	1
5770	1
5771	1
5772	1
5773	1
5774	1
5775	1
5776	1
5777	1
5778	1
5779	1
5780	1
5781	1
5782	1
5783	1
5784	1
5785	1
5786	1
5787	1
5788	1
5789	1
5790	1
5791	1
5792	1
5793	1
5794	1
5795	1
5796	1
5797	1
5798	1
5799	1
5800	1
5801	1
5802	1
5803	1
5804	1
5805	1
5806	1
5807	2
5808	2
5809	2
5810	2
5811	2
5812	2
5813	2
5814	2
5815	2
5816	2
5817	2
5818	2
5819	2
5820	2
5821	2
5822	2
5823	2
5824	2
5825	2
5826	2
5827	2
5828	2
5829	2
5830	2
5831	2
5832	2
5833	2
5834	2
5835	2
5836	2
5837	2
5838	2
5839	2
5840	2
5841	2
5842	2
5843	2
5844	2
5845	2
5846	2
5847	2
5848	2
5849	2
5850	2
5851	2
5852	2
5853	2
5854	2
5855	2
5856	2
5857	2
5858	2
5859	2
5860	2
5861	2
5862	2
5863	2
5864	2
5865	2
5866	2
5867	2
5868	2
5869	2
5870	2
5871	2
5872	2
5873	2
5874	2
5875	2
5876	2
5877	2
5878	2
5879	2
5880	2
5881	2
5882	2
5883	2
5884	2
5885	2
5886	2
5887	2
5888	2
5889	2
5890	2
5891	2
5892	2
5893	2
5894	2
5895	2
5896	2
5897	2
5898	2
5899	2
5900	3
5901	3
5902	3
5903	3
5904	3
5905	3
5906	3
5907	3
5908	3
5909	3
5910	3
5911	3
5912	3
5913	3
5914	3
5915	3
5916	3
5917	3
5918	3
5919	3
5920	3
5921	3
5922	3
5923	3
5924	3
5925	3
5926	3
5927	3
5928	3
5929	3
5930	3
5931	3
5932	3
5933	3
5934	3
5935	3
5936	3
5937	3
5938	3
5939	3
5940	3
5941	3
5942	3
5943	3
5944	3
5945	3
5946	3
5947	3
5948	3
5949	3
5950	3
5951	3
5952	3
5953	3
5954	3
5955	3
5956	3
5957	3
5958	3
5959	3
5960	3
5961	3
5962	3
5963	3
5964	3
5965	3
5966	3
5967	3
5968	3
5969	3
5970	3
5971	3
5972	3
5973	3
5974	3
5975	3
5976	3
5977	3
5978	3
5979	3
5980	3
5981	3
5982	3
5983	3
5984	3
5985	3
5986	3
5987	3
5988	3
5989	3
5990	3
5991	3
5992	3
5993	3
5994	3
5995	3
5996	3
5997	3
5998	3
5999	3
6000	3
6001	3
6002	3
6003	3
6004	3
6005	3
6006	3
6007	3
6008	3
6009	3
6010	3
6011	3
6012	3
6013	3
6014	3
6015	3
6016	3
6017	3
6018	3
6019	3
6020	3
6021	3
6022	3
6023	3
6024	3
6025	3
6026	3
6027	3
6028	3
6029	3
6030	3
6031	3
6032	3
6033	3
6034	3
6035	3
6036	3
6037	3
6038	3
6039	3
6040	3
6041	3
6042	3
6043	3
6044	3
6045	3
6046	3
6047	3
6048	3
6049	3
6050	3
6051	3
6052	3
6053	3
6054	3
6055	3
6056	3
6057	3
6058	3
6059	3
6060	3
6061	3
6062	3
6063	3
6064	3
6065	3
6066	3
6067	3
6068	3
6069	3
6070	3
6071	3
6072	3
6073	3
6074	3
6075	3
6076	3
6077	3
6078	3
6079	3
6080	3
6081	3
6082	3
6083	3
6084	3
6085	3
6086	3
6087	3
6088	3
6089	3
6090	3
6091	3
6092	3
6093	3
6094	3
6095	3
6096	3
6097	3
6098	3
6099	3
6100	3
6101	3
6102	3
6103	3
6104	3
6105	3
6106	3
6107	3
6108	3
6109	3
6110	3
6111	3
6112	3
6113	3
6114	3
6115	3
6116	3
6117	3
6118	3
6119	3
6120	3
6121	3
6122	3
6123	3
6124	4
6125	4
6126	4
6127	4
6128	4
6129	4
6130	4
6131	4
6132	4
6133	4
6134	4
6135	4
6136	4
6137	4
6138	4
6139	4
6140	4
6141	4
6142	4
6143	4
6144	4
6145	4
6146	4
6147	4
6148	4
6149	4
6150	4
6151	4
6152	4
6153	4
6154	4
6155	4
6156	4
6157	4
6158	4
6159	4
6160	4
6161	4
6162	4
6163	4
6164	4
6165	4
6166	4
6167	4
6168	4
6169	4
6170	4
6171	4
6172	4
6173	4
6174	4
6175	4
6176	4
6177	4
6178	4
6179	4
6180	4
6181	4
6182	4
6183	4
6184	4
6185	4
6186	4
6187	4
6188	4
6189	4
6190	4
6191	4
6192	4
6193	4
6194	4
6195	4
6196	4
6197	4
6198	4
6199	4
6200	4
6201	4
6202	4
6203	4
6204	4
6205	4
6206	4
6207	4
6208	4
6209	4
6210	4
6211	4
6212	4
6213	4
6214	4
6215	4
6216	4
6217	4
6218	4
6219	4
6220	4
6221	4
6222	4
6223	4
6224	4
6225	4
6226	4
6227	4
6228	4
6229	4
6230	4
6231	4
6232	4
6233	4
6234	4
6235	4
6236	4
6237	4
6238	4
6239	4
6240	4
6241	4
6242	4
6243	4
6244	4
6245	4
6246	4
6247	4
6248	4
6249	4
6250	4
6251	4
6252	4
6253	4
6254	4
6255	4
6256	4
6257	4
6258	4
6259	4
6260	4
6261	4
6262	4
6263	4
6264	4
6265	4
6266	4
6267	4
6268	4
6269	4
6270	4
6271	4
6272	4
6273	4
6274	4
6275	4
6276	4
6277	4
6278	4
6279	4
6280	4
6281	4
6282	4
6283	4
6284	4
6285	4
6286	4
6287	4
6288	4
6289	4
6290	4
6291	4
6292	4
6293	4
6294	4
6295	4
6296	4
6297	4
6298	4
6299	4
6300	4
6301	4
6302	4
6303	4
6304	4
6305	4
6306	4
6307	4
6308	4
6309	4
6310	4
6311	4
6312	4
6313	4
6314	4
6315	4
6316	4
6317	4
6318	4
6319	4
6320	4
6321	4
6322	4
6323	4
6324	4
6325	4
6326	4
6327	4
6328	4
6329	4
6330	4
6331	4
6332	4
6333	4
6334	4
6335	4
6336	4
6337	4
6338	4
6339	4
6340	4
6341	4
6342	4
6343	4
6344	4
6345	4
6346	4
6347	4
6348	4
6349	4
6350	4
6351	4
6352	4
6353	4
6354	4
6355	4
6356	4
6357	4
6358	4
6359	4
6360	4
6361	4
6362	4
6363	4
6364	4
6365	4
6366	4
6367	4
6368	4
6369	4
6370	4
6371	4
6372	4
6373	4
6374	4
6375	4
6376	4
6377	4
6378	4
6379	4
6380	4
6381	4
6382	4
6383	4
6384	4
6385	4
6386	4
6387	4
6388	4
6389	4
6390	4
6391	4
6392	4
6393	4
6394	4
6395	4
6396	4
6397	4
6398	4
6399	4
6400	4
6401	4
6402	4
6403	4
6404	4
6405	4
6406	4
6407	4
6408	4
6409	4
6410	4
6411	4
6412	4
6413	4
6414	4
6415	4
6416	4
6417	4
6418	4
6419	4
6420	4
6421	4
6422	4
6423	4
6424	4
6425	4
6426	4
6427	4
6428	4
6429	4
6430	4
6431	4
6432	4
6433	4
6434	4
6435	4
6436	4
6437	4
6438	4
6439	4
6440	4
6441	4
6442	4
6443	4
6444	4
6445	4
6446	4
6447	4
6448	4
6449	4
6450	4
6451	4
6452	4
6453	4
6454	4
6455	4
6456	4
6457	4
6458	4
6459	4
6460	4
6461	4
6462	4
6463	4
6464	4
6465	4
6466	4
6467	4
6468	4
6469	4
6470	4
6471	4
6472	4
6473	4
6474	4
6475	4
6476	4
6477	4
6478	4
6479	4
6480	4
6481	4
6482	4
6483	4
6484	4
6485	4
6486	4
6487	4
6488	4
6489	4
6490	4
6491	4
6492	4
6493	4
6494	4
6495	4
6496	4
6497	4
6498	4
6499	4
6500	4
6501	4
6502	4
6503	4
6504	4
6505	4
6506	4
6507	4
6508	4
6509	4
6510	4
6511	4
6512	4
6513	4
6514	4
6515	4
6516	4
6517	4
6518	4
6519	4
6520	4
6521	4
6522	4
6523	4
6524	4
6525	4
6526	4
6527	4
6528	4
6529	4
6530	4
6531	4
6532	4
6533	4
6534	4
6535	4
6536	4
6537	4
6538	4
6539	4
6540	4
6541	4
6542	4
6543	4
6544	4
6545	4
6546	4
6547	4
6548	4
6549	4
6550	4
6551	4
6552	4
6553	4
6554	4
6555	4
6556	4
6557	4
6558	4
6559	4
6560	4
6561	4
6562	4
6563	4
6564	4
6565	4
6566	4
6567	4
6568	4
6569	4
6570	4
6571	4
6572	4
6573	4
6574	4
6575	4
6576	4
6577	4
6578	4
6579	4
6580	4
6581	4
6582	4
6583	4
6584	4
6585	4
6586	4
6587	4
6588	4
6589	4
6590	4
6591	4
6592	4
6593	4
6594	4
6595	4
6596	4
6597	4
6598	4
6599	4
6600	4
6601	4
6602	4
6603	4
6604	4
6605	4
6606	4
6607	4
6608	4
6609	4
6610	4
6611	4
6612	4
6613	4
6614	4
6615	4
6616	4
6617	4
6618	4
6619	4
6620	4
6621	4
6622	4
6623	4
6624	4
6625	4
6626	4
6627	4
6628	4
6629	4
6630	4
6631	4
6632	4
6633	4
6634	4
6635	4
6636	4
6637	4
6638	4
6639	4
6640	4
6641	4
6642	4
6643	4
6644	4
6645	4
6646	4
6647	4
6648	4
6649	4
6650	4
6651	4
6652	4
6653	4
6654	4
6655	4
6656	4
6657	4
6658	4
6659	4
6660	4
6661	4
6662	4
6663	4
6664	4
6665	4
6666	4
6667	4
6668	4
6669	4
6670	4
6671	4
6672	4
6673	4
6674	4
6675	4
6676	4
6677	4
6678	4
6679	4
6680	4
6681	4
6682	4
6683	4
6684	4
6685	4
6686	4
6687	4
6688	4
6689	4
6690	4
6691	4
6692	4
6693	4
6694	4
6695	4
6696	4
6697	4
6698	4
6699	4
6700	4
6701	5
6702	5
6703	5
6704	5
6705	5
6706	5
6707	5
6708	5
6709	5
6710	5
6711	5
6712	5
6713	5
6714	5
6715	5
6716	5
6717	5
6718	5
6719	5
6720	5
6721	5
6722	5
6723	5
6724	5
6725	5
6726	5
6727	5
6728	5
6729	5
6730	5
6731	5
6732	5
6733	5
6734	5
6735	5
6736	5
6737	5
6738	5
6739	5
6740	5
6741	5
6742	5
6743	5
6744	5
6745	5
6746	5
6747	5
6748	5
6749	5
6750	5
6751	5
6752	5
6753	5
6754	5
6755	5
6756	5
6757	5
6758	5
6759	5
6760	5
6761	5
6762	5
6763	5
6764	5
6765	5
6766	5
6767	5
6768	5
6769	5
6770	5
6771	5
6772	5
6773	5
6774	5
6775	5
6776	5
6777	5
6778	5
6779	5
6780	5
6781	5
6782	5
6783	5
6784	5
6785	5
6786	5
6787	5
6788	5
6789	5
6790	5
6791	5
6792	5
6793	5
6794	5
6795	5
6796	5
6797	5
6798	5
6799	5
6800	5
6801	5
6802	5
6803	5
6804	5
6805	5
6806	5
6807	5
6808	5
6809	5
6810	5
6811	5
6812	5
6813	5
6814	5
6815	5
6816	5
6817	5
6818	5
6819	5
6820	5
6821	5
6822	5
6823	5
6824	5
6825	5
6826	5
6827	5
6828	5
6829	5
6830	5
6831	5
6832	5
6833	5
6834	5
6835	5
6836	5
6837	5
6838	5
6839	5
6840	5
6841	5
6842	5
6843	5
6844	5
6845	5
6846	5
6847	5
6848	5
6849	5
6850	5
6851	5
6852	5
6853	5
6854	5
6855	5
6856	5
6857	5
6858	5
6859	5
6860	5
6861	5
6862	5
6863	5
6864	5
6865	5
6866	5
6867	5
6868	5
6869	5
6870	5
6871	5
6872	5
6873	5
6874	5
6875	5
6876	5
6877	5
6878	5
6879	5
6880	5
6881	5
6882	5
6883	5
6884	5
6885	5
6886	5
6887	5
6888	5
6889	5
6890	5
6891	5
6892	5
6893	5
6894	5
6895	5
6896	5
6897	5
6898	5
6899	5
6900	5
6901	5
6902	5
6903	5
6904	5
6905	5
6906	5
6907	5
6908	5
6909	6
6910	6
6911	6
6912	6
6913	6
6914	6
6915	6
6916	6
6917	6
6918	6
6919	6
6920	6
6921	6
6922	6
6923	6
6924	6
6925	6
6926	6
6927	6
6928	6
6929	6
6930	6
6931	6
6932	6
6933	6
6934	6
6935	6
6936	6
6937	6
6938	6
6939	6
6940	6
6941	6
6942	6
6943	6
6944	6
6945	6
6946	6
6947	6
6948	6
6949	6
6950	6
6951	6
6952	6
6953	6
6954	6
6955	6
6956	6
6957	6
6958	6
6959	6
6960	6
6961	6
6962	6
6963	6
6964	6
6965	6
6966	6
6967	6
6968	6
6969	6
6970	6
6971	6
6972	6
6973	6
6974	7
6975	7
6976	7
6977	7
6978	7
6979	7
6980	7
6981	7
6982	7
6983	7
6984	7
6985	7
6986	7
6987	7
6988	7
6989	7
6990	7
6991	7
6992	7
6993	7
6994	7
6995	7
6996	7
6997	7
6998	7
6999	7
7000	7
7001	7
7002	7
7003	7
7004	7
7005	7
7006	7
7007	7
7008	7
7009	7
7010	7
7011	7
7012	7
7013	7
7014	7
7015	7
7016	7
7017	7
7018	7
7019	7
7020	7
7021	7
7022	7
7023	7
7024	7
7025	7
7026	7
7027	7
7028	7
7029	7
7030	7
7031	7
7032	7
7033	7
7034	7
7035	7
7036	7
7037	7
7038	7
7039	7
7040	7
7041	7
7042	7
7043	7
7044	7
7045	7
7046	7
7047	7
7048	7
7049	7
7050	7
7051	7
7052	7
7053	7
7054	7
7055	7
7056	7
7057	7
7058	7
7059	7
7060	7
7061	7
7062	7
7063	7
7064	7
7065	7
7066	7
7067	7
7068	7
7069	7
7070	7
7071	7
7072	7
7073	7
7074	7
7075	7
7076	7
7077	7
7078	7
7079	7
7080	7
7081	7
7082	7
7083	7
7084	7
7085	7
7086	7
7087	7
7088	7
7089	7
7090	7
7091	7
7092	7
7093	7
7094	7
7095	7
7096	7
7097	7
7098	7
7099	7
7100	7
7101	7
7102	7
7103	7
7104	7
7105	7
7106	7
7107	7
7108	7
7109	7
7110	7
7111	7
7112	7
7113	7
7114	7
7115	7
7116	7
7117	7
7118	7
7119	7
7120	7
7121	7
7122	7
7123	8
7124	8
7125	8
7126	8
7127	8
7128	8
7129	8
7130	8
7131	8
7132	8
7133	8
7134	8
7135	9
7136	9
7137	9
7138	9
7139	9
7140	9
7141	9
7142	9
7143	9
7144	9
7145	9
7146	9
7147	9
7148	9
7149	9
7150	9
7151	9
7152	9
7153	9
7154	9
7155	9
7156	9
7157	9
7158	9
7159	9
7160	9
7161	9
7162	9
7163	9
7164	9
7165	9
7166	9
7167	9
7168	9
7169	9
7170	9
7171	9
7172	9
7173	9
7174	9
7175	9
7176	9
7177	9
7178	9
7179	9
7180	9
7181	9
7182	9
7183	9
7184	9
7185	9
7186	9
7187	9
7188	9
7189	9
7190	9
7191	9
7192	9
7193	9
7194	9
7195	9
7196	9
7197	9
7198	9
7199	9
7200	9
7201	9
7202	9
7203	9
7204	9
7205	9
7206	9
7207	9
7208	9
7209	9
7210	9
7211	9
7212	9
7213	9
7214	9
7215	9
7216	9
7217	9
7218	9
7219	9
7220	9
7221	9
7222	9
7223	9
7224	9
7225	9
7226	9
7227	9
7228	9
7229	9
7230	9
7231	9
7232	9
7233	9
7234	9
7235	9
7236	9
7237	9
7238	9
7239	9
7240	9
7241	9
7242	9
7243	9
7244	9
7245	9
7246	9
7247	9
7248	9
7249	9
7250	9
7251	9
7252	9
7253	9
7254	9
7255	9
7256	9
7257	9
7258	9
7259	9
7260	9
7261	9
7262	9
7263	9
7264	9
7265	9
7266	9
7267	9
7268	9
7269	9
7270	9
7271	9
7272	9
7273	9
7274	9
7275	9
7276	9
7277	9
7278	9
7279	9
7280	9
7281	9
7282	9
7283	9
7284	9
7285	9
7286	9
7287	9
7288	9
7289	9
7290	9
7291	9
7292	9
7293	9
7294	9
7295	9
7296	9
7297	9
7298	9
7299	9
7300	9
7301	9
7302	9
7303	9
7304	9
7305	9
7306	9
7307	9
7308	9
7309	9
7310	9
7311	9
7312	9
7313	9
7314	9
7315	9
7316	9
7317	9
7318	9
7319	9
7320	9
7321	9
7322	9
7323	9
7324	9
7325	9
7326	9
7327	9
7328	9
7329	9
7330	9
7331	9
7332	9
7333	9
7334	9
7335	9
7336	9
7337	9
7338	9
7339	9
7340	9
7341	9
7342	9
7343	9
7344	9
7345	9
7346	9
7347	9
7348	9
7349	9
7350	9
7351	9
7352	9
7353	9
7354	9
7355	9
7356	9
7357	9
7358	9
7359	9
7360	9
7361	9
7362	9
7363	9
7364	9
7365	9
7366	9
7367	9
7368	9
7369	9
7370	9
7371	9
7372	9
7373	9
7374	9
7375	9
7376	9
7377	9
7378	9
7379	9
7380	9
7381	9
7382	9
7383	9
7384	9
7385	9
7386	9
7387	9
7388	9
7389	9
7390	9
7391	9
7392	9
7393	9
7394	9
7395	9
7396	9
7397	9
7398	9
7399	9
7400	9
7401	9
7402	9
7403	9
7404	9
7405	9
7406	9
7407	9
7408	9
7409	9
7410	9
7411	9
7412	9
7413	9
7414	9
7415	9
7416	9
7417	9
7418	9
7419	9
7420	9
7421	9
7422	9
7423	9
7424	9
7425	9
7426	9
7427	9
7428	9
7429	9
7430	9
7431	9
7432	9
7433	9
7434	9
7435	9
7436	9
7437	9
7438	9
7439	9
7440	9
7441	9
7442	9
7443	9
7444	9
7445	9
7446	9
7447	9
7448	9
7449	9
7450	9
7451	9
7452	9
7453	9
7454	9
7455	9
7456	9
7457	9
7458	9
7459	9
7460	9
7461	9
7462	9
7463	9
7464	9
7465	9
7466	9
7467	9
7468	9
7469	9
7470	9
7471	9
7472	9
7473	9
7474	9
7475	9
7476	9
7477	9
7478	9
7479	9
7480	9
7481	9
7482	9
7483	9
7484	9
7485	9
7486	9
7487	9
7488	9
7489	9
7490	9
7491	9
7492	9
7493	9
7494	9
7495	9
7496	9
7497	9
7498	9
7499	9
7500	9
7501	9
7502	9
7503	9
7504	9
7505	9
7506	9
7507	9
7508	9
7509	9
7510	9
7511	9
7512	9
7513	9
7514	9
7515	9
7516	9
7517	9
7518	9
7519	9
7520	9
7521	9
7522	9
7523	9
7524	9
7525	9
7526	9
7527	9
7528	9
7529	9
7530	9
7531	9
7532	9
7533	9
7534	10
7535	10
7536	10
7537	10
7538	10
7539	10
7540	10
7541	10
7542	10
7543	10
7544	10
7545	10
7546	10
7547	10
7548	10
7549	10
7550	10
7551	10
7552	10
7553	10
7554	10
7555	10
7556	10
7557	11
7558	11
7559	11
7560	11
7561	11
7562	11
7563	11
7564	11
7565	11
7566	11
7567	11
7568	11
7569	11
7570	11
7571	11
7572	11
7573	11
7574	11
7575	11
7576	11
7577	11
7578	11
7579	11
7580	11
7581	11
7582	11
7583	11
7584	11
7585	11
7586	11
7587	11
7588	11
7589	11
7590	11
7591	11
7592	11
7593	11
7594	11
7595	11
7596	11
7597	11
7598	11
7599	11
7600	11
7601	11
7602	11
7603	11
7604	11
7605	11
7606	11
7607	11
7608	11
7609	11
7610	11
7611	11
7612	11
7613	11
7614	11
7615	11
7616	11
7617	11
7618	11
7619	11
7620	11
7621	11
7622	11
7623	11
7624	11
7625	11
7626	11
7627	11
7628	11
7629	11
7630	11
7631	11
7632	11
7633	11
7634	11
7635	11
7636	11
7637	11
7638	11
7639	11
7640	11
7641	11
7642	11
7643	11
7644	11
7645	11
7646	11
7647	11
7648	11
7649	11
7650	11
7651	11
7652	11
7653	11
7654	11
7655	11
7656	11
7657	11
7658	11
7659	11
7660	11
7661	11
7662	11
7663	11
7664	11
7665	11
7666	11
7667	11
7668	11
7669	11
7670	11
7671	11
7672	11
7673	11
7674	11
7675	11
7676	11
7677	11
7678	11
7679	11
7680	11
7681	11
7682	11
7683	11
7684	11
7685	11
7686	11
7687	11
7688	11
7689	11
7690	11
7691	11
7692	11
7693	11
7694	11
7695	11
7696	11
7697	11
7698	11
7699	11
7700	11
7701	11
7702	11
7703	11
7704	11
7705	11
7706	11
7707	11
7708	11
7709	11
7710	11
7711	11
7712	11
7713	11
7714	11
7715	11
7716	11
7717	11
7718	11
7719	11
7720	11
7721	11
7722	11
7723	11
7724	11
7725	11
7726	11
7727	11
7728	11
7729	11
7730	11
7731	11
7732	11
7733	11
7734	11
7735	11
7736	11
7737	11
7738	11
7739	11
7740	11
7741	11
7742	11
7743	11
7744	11
7745	11
7746	11
7747	11
7748	11
7749	11
7750	11
7751	11
7752	11
7753	11
7754	11
7755	11
7756	11
7757	11
7758	11
7759	11
7760	11
7761	11
7762	11
7763	11
7764	11
7765	11
7766	11
7767	11
7768	11
7769	11
7770	11
7771	11
7772	11
7773	11
7774	11
7775	11
7776	11
7777	11
7778	11
7779	11
7780	11
7781	11
7782	11
7783	11
7784	11
7785	11
7786	11
7787	11
7788	11
7789	11
7790	11
7791	11
7792	11
7793	11
7794	11
7795	12
7796	12
7797	12
7798	12
7799	12
7800	12
7801	12
7802	12
7803	12
7804	12
7805	12
7806	12
7807	12
7808	12
7809	12
7810	12
7811	12
7812	12
7813	12
7814	12
7815	12
7816	12
7817	12
7818	12
7819	12
7820	12
7821	12
7822	12
7823	12
7824	12
7825	12
7826	12
7827	12
7828	12
7829	12
7830	12
7831	12
7832	12
7833	12
7834	12
7835	12
7836	12
7837	12
7838	12
7839	12
7840	12
7841	12
7842	12
7843	12
7844	12
7845	12
7846	12
7847	12
7848	12
7849	12
7850	12
7851	12
7852	12
7853	12
7854	12
7855	12
7856	12
7857	12
7858	12
7859	12
7860	12
7861	12
7862	12
7863	12
7864	12
7865	12
7866	12
7867	12
7868	12
7869	12
7870	12
7871	12
7872	12
7873	12
7874	12
7875	12
7876	12
7877	12
7878	12
7879	12
7880	12
7881	12
7882	12
7883	12
7884	12
7885	12
7886	12
7887	12
7888	12
7889	12
7890	12
7891	12
7892	12
7893	12
7894	12
7895	12
7896	12
7897	12
7898	12
7899	12
7900	13
7901	13
7902	13
7903	13
7904	13
7905	13
7906	13
7907	13
7908	13
7909	13
7910	13
7911	13
7912	13
7913	13
7914	13
7915	13
7916	13
7917	13
7918	13
7919	13
7920	13
7921	13
7922	13
7923	13
7924	13
7925	13
7926	13
7927	13
7928	13
7929	13
7930	13
7931	14
7932	14
7933	14
7934	14
7935	14
7936	14
7937	14
7938	14
7939	14
7940	14
7941	14
7942	14
7943	14
7944	14
7945	14
7946	14
7947	15
7948	15
7949	15
7950	15
7951	15
7952	15
7953	15
7954	15
7955	15
7956	15
7957	15
7958	15
7959	15
7960	15
7961	15
7962	15
7963	15
7964	15
7965	15
7966	15
7967	15
7968	15
7969	15
7970	15
7971	15
7972	15
7973	15
7974	15
7975	15
7976	15
7977	15
7978	15
7979	15
7980	15
7981	15
7982	15
7983	15
7984	15
7985	15
7986	15
7987	15
7988	15
7989	15
7990	15
7991	15
7992	15
7993	15
7994	15
7995	15
7996	15
7997	15
7998	15
7999	15
8000	15
8001	15
8002	15
8003	15
8004	15
8005	15
8006	15
8007	15
8008	15
8009	15
8010	15
8011	15
8012	15
8013	15
8014	15
8015	15
8016	15
8017	15
8018	15
8019	15
8020	15
8021	15
8022	15
8023	15
8024	15
8025	15
8026	15
8027	15
8028	15
8029	15
8030	15
8031	15
8032	15
8033	15
8034	15
8035	15
8036	15
8037	15
8038	15
8039	15
8040	15
8041	15
8042	15
8043	15
8044	15
8045	15
8046	15
8047	15
8048	15
8049	15
8050	15
8051	15
8052	15
8053	15
8054	15
8055	15
8056	15
8057	15
8058	15
8059	15
8060	15
8061	15
8062	15
8063	15
8064	15
8065	15
8066	15
8067	15
8068	15
8069	15
8070	15
8071	15
8072	15
8073	15
8074	15
8075	15
8076	15
8077	15
8078	15
8079	15
8080	15
8081	15
8082	15
8083	15
8084	15
8085	15
8086	15
8087	15
8088	15
8089	15
8090	15
8091	15
8092	15
8093	15
8094	15
8095	15
8096	15
8097	15
8098	15
8099	15
8100	15
8101	15
8102	15
8103	15
8104	15
8105	15
8106	15
8107	15
8108	15
8109	15
8110	15
8111	15
8112	15
8113	15
8114	15
8115	15
8116	15
8117	15
8118	15
8119	15
8120	15
8121	15
8122	15
8123	15
8124	15
8125	15
8126	15
8127	15
8128	15
8129	15
8130	15
8131	15
8132	15
8133	15
8134	15
8135	15
8136	15
8137	15
8138	15
8139	15
8140	15
8141	15
8142	15
8143	15
8144	15
8145	15
8146	15
8147	15
8148	15
8149	15
8150	15
8151	15
8152	15
8153	15
8154	15
8155	15
8156	15
8157	15
8158	15
8159	15
8160	15
8161	15
8162	15
8163	15
8164	15
8165	15
8166	15
8167	15
8168	15
8169	15
8170	15
8171	15
8172	15
8173	15
8174	15
8175	15
8176	15
8177	15
8178	15
8179	15
8180	15
8181	15
8182	15
8183	15
8184	15
8185	15
8186	15
8187	15
8188	15
8189	15
8190	15
8191	15
8192	15
8193	15
8194	15
8195	15
8196	15
8197	15
8198	15
8199	15
8200	15
8201	15
8202	15
8203	15
8204	15
8205	15
8206	15
8207	15
8208	15
8209	15
8210	15
8211	15
8212	15
8213	15
8214	15
8215	15
8216	15
8217	15
8218	15
8219	15
8220	15
8221	15
8222	15
8223	15
8224	15
8225	15
8226	15
8227	15
8228	15
8229	15
8230	15
8231	15
8232	15
8233	15
8234	15
8235	15
8236	15
8237	15
8238	15
8239	15
8240	15
8241	15
8242	15
8243	15
8244	15
8245	15
8246	15
8247	15
8248	15
8249	15
8250	15
8251	15
8252	15
8253	15
8254	15
8255	15
8256	15
8257	15
8258	15
8259	15
8260	15
8261	15
8262	15
8263	15
8264	15
8265	15
8266	15
8267	15
8268	15
8269	15
8270	15
8271	15
8272	15
8273	15
8274	15
8275	15
8276	15
8277	15
8278	15
8279	15
8280	15
8281	15
8282	15
8283	15
8284	15
8285	15
8286	15
8287	15
8288	15
8289	15
8290	15
8291	15
8292	15
8293	15
8294	15
8295	15
8296	15
8297	15
8298	15
8299	15
8300	15
8301	15
8302	15
8303	15
8304	15
8305	15
8306	15
8307	15
8308	15
8309	15
8310	15
8311	15
8312	15
8313	15
8314	15
8315	15
8316	15
8317	15
8318	15
8319	15
8320	15
8321	15
8322	16
8323	16
8324	16
8325	16
8326	16
8327	16
8328	16
8329	16
8330	16
8331	16
8332	16
8333	16
8334	16
8335	16
8336	16
8337	16
8338	16
8339	16
8340	16
8341	16
8342	16
8343	16
8344	16
8345	16
8346	16
8347	16
8348	16
8349	16
8350	16
8351	16
8352	16
8353	16
8354	16
8355	16
8356	16
8357	16
8358	16
8359	16
8360	16
8361	16
8362	16
8363	16
8364	16
8365	16
8366	16
8367	16
8368	16
8369	16
8370	16
8371	16
8372	16
8373	16
8374	16
8375	16
8376	16
8377	16
8378	16
8379	17
8380	17
8381	17
8382	17
8383	17
8384	17
8385	17
8386	17
8387	17
8388	17
8389	17
8390	17
8391	17
8392	17
8393	17
8394	17
8395	17
8396	17
8397	17
8398	17
8399	17
8400	17
8401	17
8402	17
8403	17
8404	17
8405	17
8406	17
8407	17
8408	17
8409	17
8410	17
8411	17
8412	17
8413	17
8414	17
8415	17
8416	17
8417	17
8418	17
8419	17
8420	17
8421	17
8422	17
8423	17
8424	17
8425	17
8426	17
8427	17
8428	17
8429	17
8430	17
8431	17
8432	17
8433	17
8434	17
8435	17
8436	17
8437	17
8438	17
8439	17
8440	17
8441	17
8442	17
8443	17
8444	17
8445	17
8446	17
8447	17
8448	17
8449	17
8450	17
8451	17
8452	17
8453	17
8454	17
8455	17
8456	17
8457	17
8458	17
8459	17
8460	17
8461	17
8462	17
8463	17
8464	17
8465	17
8466	17
8467	17
8468	17
8469	17
8470	17
8471	17
8472	17
8473	17
8474	17
8475	17
8476	17
8477	17
8478	17
8479	17
8480	17
8481	17
8482	17
8483	17
8484	17
8485	17
8486	17
8487	17
8488	17
8489	17
8490	17
8491	17
8492	17
8493	17
8494	17
8495	17
8496	17
8497	17
8498	17
8499	17
8500	17
8501	17
8502	17
8503	17
8504	17
8505	17
8506	17
8507	17
8508	17
8509	17
8510	17
8511	17
8512	17
8513	17
8514	17
8515	17
8516	17
8517	17
8518	17
8519	17
8520	17
8521	17
8522	17
8523	17
8524	17
8525	17
8526	17
8527	17
8528	17
8529	17
8530	17
8531	17
8532	17
8533	17
8534	17
8535	17
8536	17
8537	17
8538	17
8539	17
8540	17
8541	17
8542	17
8543	17
8544	17
8545	17
8546	17
8547	17
8548	17
8549	17
8550	17
8551	17
8552	17
8553	17
8554	17
8555	17
8556	17
8557	17
8558	17
8559	17
8560	17
8561	17
8562	17
8563	17
8564	17
8565	17
8566	17
8567	17
8568	17
8569	17
8570	17
8571	17
8572	17
8573	17
8574	17
8575	17
8576	17
8577	17
8578	17
8579	17
8580	17
8581	17
8582	17
8583	17
8584	17
8585	17
8586	17
8587	17
8588	17
8589	17
8590	17
8591	17
8592	17
8593	17
8594	17
8595	17
8596	17
8597	17
8598	17
8599	17
8600	17
8601	17
8602	17
8603	17
8604	17
8605	18
8606	18
8607	18
8608	18
8609	18
8610	18
8611	18
8612	18
8613	18
8614	18
8615	18
8616	18
8617	18
8618	18
8619	18
8620	18
8621	18
8622	18
8623	18
8624	18
8625	18
8626	18
8627	18
8628	18
8629	18
8630	18
8631	18
8632	18
8633	18
8634	18
8635	18
8636	18
8637	18
8638	18
8639	18
8640	18
8641	18
8642	18
8643	18
8644	18
8645	18
8646	18
8647	18
8648	18
8649	18
8650	18
8651	18
8652	18
8653	18
8654	18
8655	18
8656	18
8657	18
8658	18
8659	18
8660	18
8661	18
8662	18
8663	18
8664	18
8665	18
8666	18
8667	18
8668	18
8669	18
8670	18
8671	18
8672	18
8673	18
8674	18
8675	18
8676	18
8677	18
8678	18
8679	18
8680	18
8681	18
8682	18
8683	18
8684	18
8685	18
8686	18
8687	18
8688	18
8689	18
8690	18
8691	18
8692	18
8693	18
8694	18
8695	18
8696	18
8697	18
8698	18
8699	18
8700	18
8701	18
8702	18
8703	18
8704	18
8705	18
8706	18
8707	18
8708	18
8709	18
8710	18
8711	18
8712	18
8713	18
8714	18
8715	18
8716	18
8717	18
8718	18
8719	18
8720	18
8721	18
8722	18
8723	18
8724	18
8725	18
8726	18
8727	18
8728	18
8729	18
8730	18
8731	18
8732	18
8733	18
8734	18
8735	18
8736	18
8737	18
8738	18
8739	18
8740	18
8741	18
8742	18
8743	18
8744	18
8745	18
8746	18
8747	18
8748	18
8749	18
8750	18
8751	18
8752	18
8753	18
8754	18
8755	18
8756	18
8757	18
8758	18
8759	18
8760	18
8761	18
8762	18
8763	18
8764	18
8765	18
8766	18
8767	18
8768	18
8769	18
8770	18
8771	18
8772	18
8773	18
8774	18
8775	18
8776	18
8777	18
8778	18
8779	18
8780	18
8781	18
8782	18
8783	18
8784	18
8785	18
8786	18
8787	18
8788	18
8789	18
8790	18
8791	18
8792	18
8793	18
8794	18
8795	18
8796	18
8797	18
8798	18
8799	18
8800	18
8801	18
8802	18
8803	18
8804	18
8805	18
8806	18
8807	18
8808	18
8809	18
8810	18
8811	18
8812	18
8813	18
8814	18
8815	18
8816	18
8817	18
8818	18
8819	18
8820	18
8821	18
8822	18
8823	18
8824	18
8825	18
8826	18
8827	18
8828	18
8829	18
8830	18
8831	18
8832	18
8833	18
8834	18
8835	18
8836	18
8837	18
8838	18
8839	18
8840	18
8841	18
8842	18
8843	18
8844	18
8845	18
8846	18
8847	18
8848	18
8849	18
8850	18
8851	18
8852	18
8853	18
8854	18
8855	18
8856	18
8857	18
8858	18
8859	18
8860	18
8861	18
8862	18
8863	18
8864	18
8865	18
8866	18
8867	18
8868	18
8869	18
8870	18
8871	18
8872	18
8873	18
8874	18
8875	18
8876	18
8877	18
8878	18
8879	18
8880	18
8881	18
8882	18
8883	18
8884	18
8885	18
8886	18
8887	18
8888	18
8889	18
8890	18
8891	18
8892	18
8893	18
8894	18
8895	18
8896	18
8897	18
8898	18
8899	18
8900	18
8901	18
8902	18
8903	18
8904	18
8905	18
8906	18
8907	18
8908	18
8909	18
8910	18
8911	18
8912	18
8913	18
8914	18
8915	18
8916	18
8917	19
8918	19
8919	19
8920	19
8921	19
8922	19
8923	19
8924	19
8925	19
8926	19
8927	19
8928	19
8929	19
8930	19
8931	19
8932	19
8933	19
8934	19
8935	19
8936	19
8937	19
8938	19
8939	19
8940	19
8941	19
8942	19
8943	19
8944	19
8945	19
8946	19
8947	19
8948	19
8949	19
8950	19
8951	19
8952	19
8953	19
8954	19
8955	19
8956	19
8957	19
8958	19
8959	19
8960	19
8961	19
8962	19
8963	19
8964	19
8965	19
8966	19
8967	19
8968	19
8969	19
8970	19
8971	19
8972	19
8973	19
8974	19
8975	19
8976	19
8977	19
8978	19
8979	19
8980	19
8981	19
8982	19
8983	19
8984	19
8985	19
8986	19
8987	19
8988	19
8989	19
8990	19
8991	19
8992	19
8993	19
8994	19
8995	19
8996	19
8997	19
8998	19
8999	19
9000	19
9001	19
9002	19
9003	19
9004	19
9005	19
9006	19
9007	19
9008	19
9009	19
9010	19
9011	19
9012	19
9013	19
9014	19
9015	19
9016	19
9017	19
9018	19
9019	19
9020	19
9021	19
9022	19
9023	19
9024	19
9025	19
9026	19
9027	19
9028	19
9029	19
9030	19
9031	19
9032	19
9033	19
9034	19
9035	19
9036	19
9037	19
9038	19
9039	19
9040	19
9041	19
9042	19
9043	19
9044	19
9045	19
9046	19
9047	19
9048	19
9049	19
9050	19
9051	19
9052	19
9053	19
9054	19
9055	19
9056	19
9057	19
9058	19
9059	19
9060	19
9061	19
9062	19
9063	19
9064	19
9065	19
9066	19
9067	19
9068	19
9069	19
9070	19
9071	19
9072	19
9073	19
9074	19
9075	19
9076	19
9077	19
9078	19
9079	19
9080	19
9081	19
9082	19
9083	19
9084	19
9085	19
9086	19
9087	19
9088	19
9089	19
9090	19
9091	19
9092	19
9093	19
9094	19
9095	19
9096	19
9097	19
9098	19
9099	19
9100	19
9101	19
9102	19
9103	19
9104	19
9105	19
9106	19
9107	19
9108	19
9109	19
9110	19
9111	19
9112	19
9113	19
9114	19
9115	19
9116	19
9117	19
9118	19
9119	19
9120	19
9121	19
9122	19
9123	19
9124	19
9125	19
9126	19
9127	19
9128	19
9129	19
9130	19
9131	19
9132	19
9133	19
9134	19
9135	19
9136	19
9137	19
9138	19
9139	19
9140	19
9141	19
9142	19
9143	19
9144	19
9145	19
9146	19
9147	19
9148	19
9149	19
9150	19
9151	19
9152	19
9153	19
9154	19
9155	19
9156	20
9157	20
9158	20
9159	20
9160	20
9161	20
9162	20
9163	20
9164	20
9165	20
9166	20
9167	20
9168	20
9169	20
9170	20
9171	20
9172	20
9173	20
9174	20
9175	20
9176	20
9177	20
9178	20
9179	20
9180	20
9181	20
9182	20
9183	20
9184	20
9185	20
9186	20
9187	20
9188	20
9189	20
9190	20
9191	20
9192	20
9193	20
9194	20
9195	20
9196	20
9197	20
9198	20
9199	20
9200	20
9201	20
9202	20
9203	20
9204	20
9205	20
9206	20
9207	20
9208	20
9209	20
9210	20
9211	20
9212	20
9213	20
9214	20
9215	20
9216	20
9217	20
9218	20
9219	20
9220	20
9221	20
9222	20
9223	20
9224	20
9225	20
9226	20
9227	20
9228	20
9229	20
9230	20
9231	20
9232	20
9233	20
9234	20
9235	20
9236	20
9237	20
9238	20
9239	20
9240	20
9241	20
9242	20
9243	20
9244	20
9245	20
9246	20
9247	20
9248	20
9249	20
9250	20
9251	20
9252	20
9253	20
9254	20
9255	20
9256	20
9257	20
9258	20
9259	20
9260	20
9261	20
9262	20
9263	20
9264	20
9265	20
9266	20
9267	20
9268	20
9269	20
9270	20
9271	20
9272	20
9273	20
9274	20
9275	20
9276	20
9277	20
9278	20
9279	20
9280	20
9281	20
9282	20
9283	20
9284	20
9285	20
9286	20
9287	20
9288	20
9289	20
9290	20
9291	20
9292	20
9293	20
9294	20
9295	20
9296	20
9297	20
9298	21
9299	21
9300	21
9301	21
9302	21
9303	21
9304	21
9305	21
9306	21
9307	21
9308	21
9309	21
9310	21
9311	21
9312	21
9313	21
9314	21
9315	21
9316	21
9317	21
9318	21
9319	21
9320	21
9321	21
9322	21
9323	21
9324	21
9325	21
9326	21
9327	21
9328	22
9329	22
9330	22
9331	22
9332	22
9333	22
9334	22
9335	22
9336	22
9337	22
9338	22
9339	22
9340	22
9341	22
9342	22
9343	22
9344	22
9345	22
9346	22
9347	22
9348	22
9349	22
9350	22
9351	22
9352	22
9353	22
9354	22
9355	22
9356	22
9357	22
9358	22
9359	22
9360	22
9361	22
9362	22
9363	22
9364	22
9365	22
9366	22
9367	22
9368	22
9369	22
9370	22
9371	22
9372	22
9373	22
9374	22
9375	22
9376	22
9377	22
9378	22
9379	22
9380	22
9381	22
9382	22
9383	22
9384	22
9385	22
9386	22
9387	22
9388	22
9389	22
9390	22
9391	22
9392	22
9393	22
9394	22
9395	22
9396	22
9397	22
9398	22
9399	22
9400	22
9401	22
9402	22
9403	22
9404	22
9405	22
9406	22
9407	22
9408	22
9409	22
9410	22
9411	22
9412	22
9413	22
9414	22
9415	22
9416	22
9417	22
9418	22
9419	22
9420	22
9421	22
9422	22
9423	22
9424	22
9425	22
9426	22
9427	22
9428	22
9429	22
9430	22
9431	22
9432	22
9433	22
9434	22
9435	22
9436	22
9437	22
9438	22
9439	22
9440	22
9441	22
9442	22
9443	22
9444	22
9445	22
9446	22
9447	22
9448	22
9449	22
9450	22
9451	22
9452	22
9453	22
9454	22
9455	22
9456	22
9457	22
9458	22
9459	22
9460	22
9461	22
9462	22
9463	22
9464	22
9465	22
9466	22
9467	22
9468	22
9469	22
9470	22
9471	22
9472	22
9473	22
9474	22
9475	22
9476	22
9477	22
9478	22
9479	22
9480	22
9481	22
9482	22
9483	22
9484	22
9485	22
9486	22
9487	22
9488	22
9489	22
9490	22
9491	22
9492	22
9493	23
9494	23
9495	23
9496	23
9497	23
9498	23
9499	23
9500	23
9501	23
9502	23
9503	23
9504	23
9505	23
9506	23
9507	23
9508	23
9509	23
9510	23
9511	23
9512	23
9513	23
9514	23
9515	23
9516	23
9517	23
9518	23
9519	23
9520	23
9521	23
9522	23
9523	23
9524	23
9525	23
9526	23
9527	23
9528	23
9529	23
9530	23
9531	23
9532	23
9533	23
9534	23
9535	23
9536	23
9537	23
9538	23
9539	23
9540	23
9541	24
9542	24
9543	24
9544	24
9545	24
9546	24
9547	24
9548	24
9549	24
9550	24
9551	24
9552	24
9553	24
9554	24
9555	24
9556	24
9557	24
9558	24
9559	24
9560	24
9561	24
9562	24
9563	24
9564	24
9565	24
9566	24
9567	24
9568	24
9569	24
9570	24
9571	24
9572	24
9573	24
9574	24
9575	24
9576	24
9577	24
9578	24
9579	24
9580	24
9581	24
9582	24
9583	24
9584	24
9585	24
9586	24
9587	24
9588	24
9589	24
9590	24
9591	24
9592	24
9593	24
9594	24
9595	24
9596	24
9597	24
9598	24
9599	24
9600	24
9601	24
9602	24
9603	24
9604	24
9605	24
9606	24
9607	24
9608	24
9609	24
9610	24
9611	24
9612	24
9613	24
9614	24
9615	24
9616	24
9617	24
9618	24
9619	24
9620	24
9621	24
9622	24
9623	24
9624	24
9625	24
9626	24
9627	24
9628	24
9629	24
9630	24
9631	24
9632	24
9633	24
9634	24
9635	24
9636	24
9637	24
9638	24
9639	24
9640	24
9641	24
9642	24
9643	24
9644	24
9645	24
9646	24
9647	24
9648	24
9649	24
9650	24
9651	24
9652	24
9653	24
9654	24
9655	24
9656	24
9657	24
9658	24
9659	24
9660	24
9661	24
9662	24
9663	24
9664	24
9665	24
9666	24
9667	24
9668	24
9669	24
9670	24
9671	24
9672	24
9673	24
9674	24
9675	24
9676	24
9677	25
9678	25
9679	25
9680	25
9681	25
9682	25
9683	25
9684	25
9685	25
9686	25
9687	25
9688	25
9689	25
9690	25
9691	25
9692	25
9693	25
9694	25
9695	25
9696	25
9697	25
9698	25
9699	25
9700	25
9701	25
9702	25
9703	25
9704	25
9705	25
9706	25
9707	25
9708	25
9709	25
9710	25
9711	25
9712	25
9713	25
9714	25
9715	25
9716	25
9717	25
9718	25
9719	25
9720	25
9721	25
9722	25
9723	25
9724	25
9725	25
9726	25
9727	25
9728	25
9729	26
9730	26
9731	26
9732	26
9733	26
9734	26
9735	26
9736	26
9737	26
9738	26
9739	26
9740	26
9741	26
9742	26
9743	26
9744	26
9745	26
9746	26
9747	26
9748	26
9749	26
9750	26
9751	26
9752	26
9753	26
9754	26
9755	26
9756	26
9757	26
9758	26
9759	26
9760	26
9761	26
9762	26
9763	26
9764	26
9765	26
9766	26
9767	26
9768	26
9769	26
9770	26
9771	26
9772	26
9773	26
9774	26
9775	26
9776	26
9777	26
9778	26
9779	26
9780	26
9781	26
9782	26
9783	26
9784	26
9785	26
9786	26
9787	26
9788	26
9789	26
9790	26
9791	26
9792	26
9793	26
9794	26
9795	27
9796	27
9797	27
9798	27
9799	27
9800	27
9801	27
9802	27
9803	27
9804	27
9805	27
9806	27
9807	27
9808	27
9809	27
9810	27
9811	27
9812	27
9813	27
9814	27
9815	27
9816	27
9817	27
9818	27
9819	27
9820	27
9821	27
9822	27
9823	27
9824	27
9825	27
9826	27
9827	27
9828	27
9829	27
9830	27
9831	27
9832	27
9833	27
9834	27
9835	27
9836	27
9837	27
9838	27
9839	27
9840	27
9841	27
9842	27
9843	27
9844	27
9845	27
9846	27
9847	27
9848	28
9849	28
9850	28
9851	28
9852	28
9853	28
9854	28
9855	28
9856	28
9857	28
9858	28
9859	28
9860	28
9861	28
9862	28
9863	28
9864	28
9865	28
9866	29
9867	29
9868	29
9869	29
9870	29
9871	29
9872	29
9873	29
9874	29
9875	29
9876	29
9877	29
9878	29
9879	29
9880	29
9881	29
9882	29
9883	29
9884	29
9885	29
9886	29
9887	29
9888	29
9889	29
9890	29
9891	29
9892	29
9893	29
9894	29
9895	29
9896	29
9897	29
9898	29
9899	29
9900	29
9901	29
9902	29
9903	29
9904	29
9905	29
9906	29
9907	29
9908	29
9909	29
9910	29
9911	29
9912	29
9913	29
9914	29
9915	29
9916	29
9917	29
9918	29
9919	29
9920	29
9921	29
9922	29
9923	29
9924	29
9925	29
9926	29
9927	29
9928	29
9929	29
9930	29
9931	29
9932	29
9933	29
9934	29
9935	29
9936	29
9937	29
9938	29
9939	29
9940	29
9941	29
9942	29
9943	29
9944	29
9945	29
9946	29
9947	29
9948	29
9949	29
9950	29
9951	29
9952	29
9953	29
9954	29
9955	29
9956	29
9957	29
9958	29
9959	29
9960	29
9961	29
9962	29
9963	29
9964	29
9965	29
9966	29
9967	29
9968	29
9969	29
9970	29
9971	29
9972	29
9973	29
9974	29
9975	29
9976	29
9977	29
9978	29
9979	29
9980	29
9981	29
9982	29
9983	29
9984	29
9985	29
9986	29
9987	29
9988	29
9989	29
9990	29
9991	29
9992	29
9993	29
9994	29
9995	29
9996	29
9997	29
9998	29
9999	29
10000	29
