#Clock	ItemsCollected
1	0
2	0
3	0
4	0
5	0
6	0
7	0
8	0
9	0
10	0
11	0
12	0
13	0
14	0
15	0
16	0
17	0
18	0
19	0
20	0
21	0
22	0
23	0
24	0
25	0
26	0
27	0
28	0
29	0
30	0
31	0
32	0
33	0
34	0
35	0
36	0
37	0
38	0
39	0
40	0
41	0
42	0
43	0
44	0
45	0
46	0
47	0
48	0
49	0
50	0
51	0
52	0
53	0
54	0
55	0
56	0
57	0
58	0
59	0
60	0
61	0
62	0
63	0
64	0
65	0
66	0
67	0
68	0
69	0
70	0
71	0
72	0
73	0
74	0
75	0
76	0
77	0
78	0
79	0
80	0
81	0
82	0
83	0
84	0
85	0
86	0
87	0
88	0
89	0
90	0
91	0
92	0
93	0
94	0
95	0
96	0
97	0
98	0
99	0
100	0
101	0
102	0
103	0
104	0
105	0
106	0
107	0
108	0
109	0
110	0
111	0
112	0
113	0
114	0
115	0
116	0
117	0
118	0
119	0
120	0
121	0
122	0
123	0
124	0
125	0
126	0
127	0
128	0
129	0
130	0
131	0
132	0
133	0
134	0
135	0
136	0
137	0
138	0
139	0
140	0
141	0
142	0
143	0
144	0
145	0
146	0
147	0
148	0
149	0
150	0
151	0
152	0
153	0
154	0
155	0
156	0
157	0
158	0
159	0
160	0
161	0
162	0
163	0
164	0
165	0
166	0
167	0
168	0
169	0
170	0
171	0
172	0
173	0
174	0
175	0
176	0
177	0
178	0
179	0
180	0
181	0
182	0
183	0
184	0
185	0
186	0
187	0
188	0
189	0
190	0
191	0
192	0
193	0
194	0
195	0
196	0
197	0
198	0
199	0
200	0
201	0
202	0
203	0
204	0
205	0
206	0
207	0
208	0
209	0
210	0
211	0
212	0
213	0
214	0
215	0
216	0
217	0
218	0
219	0
220	0
221	0
222	0
223	0
224	0
225	0
226	0
227	0
228	0
229	0
230	0
231	0
232	0
233	0
234	0
235	0
236	0
237	0
238	0
239	0
240	0
241	0
242	0
243	0
244	0
245	0
246	0
247	0
248	0
249	0
250	0
251	0
252	0
253	0
254	0
255	0
256	0
257	0
258	0
259	0
260	0
261	0
262	0
263	0
264	0
265	0
266	0
267	0
268	0
269	0
270	0
271	0
272	0
273	0
274	0
275	0
276	0
277	0
278	0
279	0
280	0
281	0
282	0
283	0
284	0
285	0
286	0
287	0
288	0
289	0
290	0
291	0
292	0
293	0
294	0
295	0
296	0
297	0
298	0
299	0
300	0
301	0
302	0
303	0
304	0
305	0
306	0
307	0
308	0
309	0
310	0
311	0
312	0
313	0
314	0
315	0
316	0
317	0
318	0
319	0
320	0
321	0
322	0
323	0
324	0
325	0
326	0
327	0
328	0
329	0
330	0
331	0
332	0
333	0
334	0
335	0
336	0
337	0
338	0
339	0
340	0
341	0
342	0
343	0
344	0
345	0
346	0
347	0
348	0
349	0
350	0
351	0
352	0
353	0
354	0
355	0
356	0
357	0
358	0
359	0
360	0
361	0
362	0
363	0
364	0
365	0
366	0
367	0
368	0
369	0
370	0
371	0
372	0
373	0
374	0
375	0
376	0
377	0
378	0
379	0
380	0
381	0
382	0
383	0
384	0
385	0
386	0
387	0
388	0
389	0
390	0
391	0
392	0
393	0
394	0
395	0
396	0
397	0
398	0
399	0
400	0
401	0
402	0
403	0
404	0
405	0
406	0
407	0
408	0
409	0
410	0
411	0
412	0
413	0
414	0
415	0
416	0
417	0
418	0
419	0
420	0
421	0
422	0
423	0
424	0
425	0
426	0
427	0
428	0
429	0
430	0
431	0
432	0
433	0
434	0
435	0
436	0
437	0
438	0
439	0
440	0
441	0
442	0
443	0
444	0
445	0
446	0
447	0
448	0
449	0
450	0
451	0
452	0
453	0
454	0
455	0
456	0
457	0
458	0
459	0
460	0
461	0
462	0
463	0
464	0
465	0
466	0
467	0
468	0
469	0
470	0
471	0
472	0
473	0
474	0
475	0
476	0
477	0
478	0
479	0
480	0
481	0
482	0
483	0
484	0
485	0
486	0
487	0
488	0
489	0
490	0
491	0
492	0
493	0
494	0
495	0
496	0
497	0
498	0
499	0
500	0
501	0
502	0
503	0
504	0
505	0
506	0
507	0
508	0
509	0
510	0
511	0
512	0
513	0
514	0
515	0
516	0
517	0
518	0
519	0
520	0
521	0
522	0
523	0
524	0
525	0
526	0
527	0
528	0
529	0
530	0
531	0
532	0
533	0
534	0
535	0
536	0
537	0
538	0
539	0
540	0
541	0
542	0
543	0
544	0
545	0
546	0
547	0
548	0
549	0
550	0
551	0
552	0
553	0
554	0
555	0
556	0
557	0
558	0
559	0
560	0
561	0
562	0
563	0
564	0
565	0
566	0
567	0
568	0
569	0
570	0
571	0
572	0
573	0
574	0
575	0
576	0
577	0
578	0
579	0
580	0
581	0
582	0
583	0
584	0
585	0
586	0
587	0
588	0
589	0
590	0
591	0
592	0
593	0
594	0
595	0
596	0
597	0
598	0
599	0
600	0
601	0
602	0
603	0
604	0
605	0
606	0
607	0
608	0
609	0
610	0
611	0
612	0
613	0
614	0
615	0
616	0
617	0
618	0
619	0
620	0
621	0
622	0
623	0
624	0
625	0
626	0
627	0
628	0
629	0
630	0
631	0
632	0
633	0
634	0
635	0
636	0
637	0
638	0
639	0
640	0
641	0
642	0
643	0
644	0
645	0
646	0
647	0
648	0
649	0
650	0
651	0
652	0
653	0
654	0
655	0
656	0
657	0
658	0
659	0
660	0
661	0
662	0
663	0
664	0
665	0
666	0
667	0
668	0
669	0
670	0
671	0
672	0
673	0
674	0
675	0
676	0
677	0
678	0
679	0
680	0
681	0
682	0
683	0
684	0
685	0
686	0
687	0
688	0
689	0
690	0
691	0
692	0
693	0
694	0
695	0
696	0
697	0
698	0
699	0
700	0
701	0
702	0
703	0
704	0
705	0
706	0
707	0
708	0
709	0
710	0
711	0
712	0
713	0
714	0
715	0
716	0
717	0
718	0
719	0
720	0
721	0
722	0
723	0
724	0
725	0
726	0
727	0
728	0
729	0
730	0
731	0
732	0
733	0
734	0
735	0
736	0
737	0
738	0
739	0
740	0
741	0
742	0
743	0
744	0
745	0
746	0
747	0
748	0
749	0
750	0
751	0
752	0
753	0
754	0
755	0
756	0
757	0
758	0
759	0
760	0
761	0
762	0
763	0
764	0
765	0
766	0
767	0
768	0
769	0
770	0
771	0
772	0
773	0
774	0
775	0
776	0
777	0
778	0
779	0
780	0
781	0
782	0
783	0
784	0
785	0
786	0
787	0
788	0
789	0
790	0
791	0
792	0
793	0
794	0
795	0
796	0
797	0
798	0
799	0
800	0
801	0
802	0
803	0
804	0
805	0
806	0
807	0
808	0
809	0
810	0
811	0
812	0
813	0
814	0
815	0
816	0
817	0
818	0
819	0
820	0
821	0
822	0
823	0
824	0
825	0
826	0
827	0
828	0
829	0
830	0
831	0
832	0
833	0
834	0
835	0
836	0
837	0
838	0
839	0
840	0
841	0
842	0
843	0
844	0
845	0
846	0
847	0
848	0
849	0
850	0
851	0
852	0
853	0
854	0
855	0
856	0
857	0
858	0
859	0
860	0
861	0
862	0
863	0
864	0
865	0
866	0
867	0
868	0
869	0
870	0
871	0
872	0
873	0
874	0
875	0
876	0
877	0
878	0
879	0
880	0
881	0
882	0
883	0
884	0
885	0
886	0
887	0
888	0
889	0
890	0
891	0
892	0
893	0
894	0
895	0
896	0
897	0
898	0
899	0
900	0
901	0
902	0
903	0
904	0
905	0
906	0
907	0
908	0
909	0
910	0
911	0
912	0
913	0
914	0
915	0
916	0
917	0
918	0
919	0
920	0
921	0
922	0
923	0
924	0
925	0
926	0
927	0
928	0
929	0
930	0
931	0
932	0
933	0
934	0
935	0
936	0
937	0
938	0
939	0
940	0
941	0
942	0
943	0
944	0
945	0
946	0
947	0
948	0
949	0
950	0
951	0
952	0
953	0
954	0
955	0
956	0
957	0
958	0
959	0
960	0
961	0
962	0
963	0
964	0
965	0
966	0
967	0
968	0
969	0
970	0
971	0
972	0
973	0
974	0
975	0
976	0
977	0
978	0
979	0
980	0
981	0
982	0
983	0
984	0
985	0
986	0
987	0
988	0
989	0
990	0
991	0
992	0
993	0
994	0
995	0
996	0
997	0
998	0
999	0
1000	0
1001	0
1002	0
1003	0
1004	0
1005	0
1006	0
1007	0
1008	0
1009	0
1010	0
1011	0
1012	0
1013	0
1014	0
1015	0
1016	0
1017	0
1018	0
1019	0
1020	0
1021	0
1022	0
1023	0
1024	0
1025	0
1026	0
1027	0
1028	0
1029	0
1030	0
1031	0
1032	0
1033	0
1034	0
1035	0
1036	0
1037	0
1038	0
1039	0
1040	0
1041	0
1042	0
1043	0
1044	0
1045	0
1046	0
1047	0
1048	0
1049	0
1050	0
1051	0
1052	0
1053	0
1054	0
1055	0
1056	0
1057	0
1058	0
1059	0
1060	0
1061	0
1062	0
1063	0
1064	0
1065	0
1066	0
1067	0
1068	0
1069	0
1070	0
1071	0
1072	0
1073	0
1074	0
1075	0
1076	0
1077	0
1078	0
1079	0
1080	0
1081	0
1082	0
1083	0
1084	0
1085	0
1086	0
1087	0
1088	0
1089	0
1090	0
1091	0
1092	0
1093	0
1094	0
1095	0
1096	0
1097	0
1098	0
1099	0
1100	0
1101	0
1102	0
1103	0
1104	0
1105	0
1106	0
1107	0
1108	0
1109	0
1110	0
1111	0
1112	0
1113	0
1114	0
1115	0
1116	0
1117	0
1118	0
1119	0
1120	0
1121	0
1122	0
1123	0
1124	0
1125	0
1126	0
1127	0
1128	0
1129	0
1130	0
1131	0
1132	0
1133	0
1134	0
1135	0
1136	0
1137	0
1138	0
1139	0
1140	0
1141	0
1142	0
1143	0
1144	0
1145	0
1146	0
1147	0
1148	0
1149	0
1150	0
1151	0
1152	0
1153	0
1154	0
1155	0
1156	0
1157	0
1158	0
1159	0
1160	0
1161	0
1162	0
1163	0
1164	0
1165	0
1166	0
1167	0
1168	0
1169	0
1170	0
1171	0
1172	0
1173	0
1174	0
1175	0
1176	0
1177	0
1178	0
1179	0
1180	0
1181	0
1182	0
1183	0
1184	0
1185	0
1186	0
1187	0
1188	0
1189	0
1190	0
1191	0
1192	0
1193	0
1194	0
1195	0
1196	0
1197	0
1198	0
1199	0
1200	0
1201	0
1202	0
1203	0
1204	0
1205	0
1206	0
1207	0
1208	0
1209	0
1210	0
1211	0
1212	0
1213	0
1214	0
1215	0
1216	0
1217	0
1218	0
1219	0
1220	0
1221	0
1222	0
1223	0
1224	0
1225	0
1226	0
1227	0
1228	0
1229	0
1230	0
1231	0
1232	0
1233	0
1234	0
1235	0
1236	0
1237	0
1238	0
1239	0
1240	0
1241	0
1242	0
1243	0
1244	0
1245	0
1246	0
1247	0
1248	0
1249	0
1250	0
1251	0
1252	0
1253	0
1254	0
1255	0
1256	0
1257	0
1258	0
1259	0
1260	0
1261	0
1262	0
1263	0
1264	0
1265	0
1266	0
1267	0
1268	0
1269	0
1270	0
1271	0
1272	0
1273	0
1274	0
1275	0
1276	0
1277	0
1278	0
1279	0
1280	0
1281	0
1282	0
1283	0
1284	0
1285	0
1286	0
1287	0
1288	0
1289	0
1290	0
1291	0
1292	0
1293	0
1294	0
1295	0
1296	0
1297	0
1298	0
1299	0
1300	0
1301	0
1302	0
1303	0
1304	0
1305	0
1306	0
1307	0
1308	0
1309	0
1310	0
1311	0
1312	0
1313	0
1314	0
1315	0
1316	0
1317	0
1318	0
1319	0
1320	0
1321	0
1322	0
1323	0
1324	0
1325	0
1326	0
1327	0
1328	0
1329	0
1330	0
1331	0
1332	0
1333	0
1334	0
1335	0
1336	0
1337	0
1338	0
1339	0
1340	0
1341	0
1342	0
1343	0
1344	0
1345	0
1346	0
1347	0
1348	0
1349	0
1350	0
1351	0
1352	0
1353	0
1354	0
1355	0
1356	0
1357	0
1358	0
1359	0
1360	0
1361	0
1362	0
1363	0
1364	0
1365	0
1366	0
1367	0
1368	0
1369	0
1370	0
1371	0
1372	0
1373	0
1374	0
1375	0
1376	0
1377	0
1378	0
1379	0
1380	0
1381	0
1382	0
1383	0
1384	0
1385	0
1386	0
1387	0
1388	0
1389	0
1390	0
1391	0
1392	0
1393	1
1394	1
1395	1
1396	1
1397	1
1398	1
1399	1
1400	1
1401	1
1402	1
1403	1
1404	1
1405	1
1406	1
1407	1
1408	1
1409	1
1410	1
1411	1
1412	1
1413	1
1414	1
1415	1
1416	1
1417	1
1418	1
1419	1
1420	1
1421	1
1422	1
1423	1
1424	1
1425	1
1426	1
1427	1
1428	1
1429	1
1430	1
1431	1
1432	1
1433	1
1434	1
1435	1
1436	1
1437	1
1438	1
1439	1
1440	1
1441	1
1442	1
1443	1
1444	1
1445	1
1446	1
1447	1
1448	1
1449	1
1450	1
1451	1
1452	1
1453	1
1454	1
1455	1
1456	1
1457	1
1458	1
1459	1
1460	1
1461	1
1462	1
1463	1
1464	1
1465	1
1466	1
1467	1
1468	1
1469	1
1470	1
1471	1
1472	1
1473	1
1474	1
1475	1
1476	1
1477	1
1478	1
1479	1
1480	1
1481	1
1482	1
1483	1
1484	1
1485	1
1486	1
1487	1
1488	1
1489	1
1490	1
1491	1
1492	1
1493	1
1494	1
1495	1
1496	1
1497	1
1498	1
1499	1
1500	1
1501	1
1502	1
1503	1
1504	1
1505	1
1506	1
1507	1
1508	1
1509	1
1510	1
1511	1
1512	1
1513	1
1514	1
1515	1
1516	1
1517	1
1518	1
1519	1
1520	1
1521	1
1522	1
1523	1
1524	1
1525	1
1526	1
1527	1
1528	1
1529	1
1530	1
1531	1
1532	1
1533	1
1534	1
1535	1
1536	1
1537	1
1538	1
1539	1
1540	1
1541	1
1542	1
1543	1
1544	1
1545	1
1546	1
1547	1
1548	1
1549	1
1550	1
1551	1
1552	1
1553	1
1554	1
1555	1
1556	1
1557	1
1558	1
1559	1
1560	1
1561	1
1562	1
1563	1
1564	1
1565	1
1566	1
1567	1
1568	1
1569	1
1570	1
1571	1
1572	1
1573	1
1574	1
1575	1
1576	1
1577	1
1578	1
1579	1
1580	1
1581	1
1582	1
1583	1
1584	1
1585	1
1586	1
1587	1
1588	1
1589	1
1590	1
1591	1
1592	1
1593	1
1594	1
1595	1
1596	1
1597	1
1598	1
1599	1
1600	1
1601	1
1602	1
1603	1
1604	1
1605	1
1606	1
1607	1
1608	1
1609	1
1610	1
1611	1
1612	1
1613	1
1614	1
1615	1
1616	1
1617	1
1618	1
1619	1
1620	1
1621	1
1622	1
1623	1
1624	1
1625	1
1626	1
1627	1
1628	1
1629	1
1630	1
1631	1
1632	1
1633	1
1634	1
1635	1
1636	1
1637	1
1638	1
1639	1
1640	1
1641	1
1642	1
1643	1
1644	1
1645	1
1646	1
1647	1
1648	1
1649	1
1650	1
1651	1
1652	1
1653	1
1654	1
1655	1
1656	1
1657	1
1658	1
1659	1
1660	1
1661	1
1662	1
1663	1
1664	1
1665	1
1666	1
1667	1
1668	1
1669	1
1670	1
1671	1
1672	1
1673	1
1674	1
1675	1
1676	1
1677	1
1678	1
1679	1
1680	1
1681	1
1682	1
1683	1
1684	1
1685	1
1686	1
1687	1
1688	1
1689	1
1690	1
1691	1
1692	1
1693	1
1694	1
1695	1
1696	1
1697	1
1698	1
1699	1
1700	1
1701	1
1702	1
1703	1
1704	1
1705	1
1706	1
1707	1
1708	1
1709	1
1710	1
1711	1
1712	1
1713	1
1714	1
1715	1
1716	1
1717	1
1718	1
1719	1
1720	1
1721	1
1722	1
1723	1
1724	1
1725	1
1726	1
1727	1
1728	1
1729	1
1730	1
1731	1
1732	1
1733	1
1734	1
1735	1
1736	1
1737	1
1738	1
1739	1
1740	1
1741	1
1742	1
1743	1
1744	1
1745	1
1746	1
1747	1
1748	1
1749	1
1750	1
1751	1
1752	1
1753	1
1754	1
1755	1
1756	1
1757	1
1758	1
1759	1
1760	1
1761	1
1762	1
1763	1
1764	1
1765	1
1766	1
1767	1
1768	1
1769	1
1770	1
1771	1
1772	1
1773	1
1774	1
1775	1
1776	1
1777	1
1778	1
1779	1
1780	1
1781	1
1782	1
1783	1
1784	1
1785	1
1786	1
1787	1
1788	1
1789	1
1790	1
1791	1
1792	1
1793	1
1794	1
1795	1
1796	1
1797	1
1798	1
1799	1
1800	1
1801	1
1802	1
1803	1
1804	1
1805	1
1806	1
1807	1
1808	1
1809	1
1810	1
1811	1
1812	1
1813	1
1814	1
1815	1
1816	1
1817	1
1818	1
1819	1
1820	1
1821	1
1822	1
1823	1
1824	1
1825	1
1826	1
1827	1
1828	1
1829	1
1830	1
1831	1
1832	1
1833	1
1834	1
1835	1
1836	1
1837	1
1838	1
1839	1
1840	1
1841	1
1842	1
1843	1
1844	1
1845	1
1846	1
1847	1
1848	1
1849	1
1850	1
1851	1
1852	1
1853	1
1854	1
1855	1
1856	1
1857	1
1858	1
1859	1
1860	1
1861	1
1862	1
1863	1
1864	1
1865	1
1866	1
1867	1
1868	1
1869	1
1870	1
1871	1
1872	1
1873	1
1874	1
1875	1
1876	1
1877	1
1878	1
1879	1
1880	1
1881	1
1882	1
1883	1
1884	1
1885	1
1886	1
1887	1
1888	1
1889	1
1890	1
1891	1
1892	1
1893	1
1894	1
1895	1
1896	1
1897	1
1898	1
1899	1
1900	1
1901	1
1902	1
1903	1
1904	1
1905	1
1906	1
1907	1
1908	1
1909	1
1910	1
1911	1
1912	1
1913	1
1914	1
1915	1
1916	1
1917	1
1918	1
1919	1
1920	1
1921	1
1922	1
1923	1
1924	1
1925	1
1926	1
1927	1
1928	1
1929	1
1930	1
1931	1
1932	1
1933	1
1934	1
1935	1
1936	1
1937	1
1938	1
1939	1
1940	1
1941	1
1942	1
1943	1
1944	1
1945	1
1946	1
1947	1
1948	1
1949	1
1950	1
1951	1
1952	1
1953	1
1954	1
1955	1
1956	1
1957	1
1958	1
1959	1
1960	1
1961	1
1962	1
1963	1
1964	1
1965	1
1966	1
1967	1
1968	1
1969	1
1970	1
1971	1
1972	1
1973	1
1974	1
1975	1
1976	1
1977	1
1978	1
1979	1
1980	1
1981	1
1982	1
1983	1
1984	1
1985	1
1986	1
1987	1
1988	1
1989	1
1990	1
1991	1
1992	1
1993	1
1994	1
1995	1
1996	1
1997	1
1998	1
1999	1
2000	1
2001	1
2002	1
2003	1
2004	1
2005	1
2006	1
2007	1
2008	1
2009	1
2010	1
2011	1
2012	1
2013	1
2014	1
2015	1
2016	1
2017	1
2018	1
2019	1
2020	1
2021	1
2022	1
2023	1
2024	1
2025	1
2026	1
2027	1
2028	1
2029	1
2030	1
2031	1
2032	1
2033	1
2034	1
2035	1
2036	1
2037	1
2038	1
2039	1
2040	1
2041	1
2042	1
2043	1
2044	1
2045	1
2046	1
2047	1
2048	1
2049	1
2050	1
2051	1
2052	1
2053	1
2054	1
2055	1
2056	1
2057	1
2058	1
2059	1
2060	1
2061	1
2062	1
2063	1
2064	1
2065	1
2066	1
2067	1
2068	1
2069	1
2070	1
2071	1
2072	1
2073	1
2074	1
2075	1
2076	1
2077	1
2078	1
2079	1
2080	1
2081	1
2082	1
2083	1
2084	1
2085	1
2086	1
2087	1
2088	1
2089	1
2090	1
2091	1
2092	1
2093	1
2094	1
2095	1
2096	1
2097	1
2098	1
2099	1
2100	1
2101	1
2102	1
2103	1
2104	1
2105	1
2106	1
2107	1
2108	1
2109	1
2110	1
2111	1
2112	1
2113	1
2114	1
2115	1
2116	1
2117	1
2118	1
2119	1
2120	1
2121	1
2122	1
2123	1
2124	1
2125	1
2126	1
2127	1
2128	1
2129	1
2130	1
2131	1
2132	1
2133	1
2134	1
2135	1
2136	1
2137	1
2138	1
2139	1
2140	1
2141	1
2142	1
2143	1
2144	1
2145	1
2146	1
2147	1
2148	1
2149	1
2150	1
2151	1
2152	1
2153	1
2154	1
2155	1
2156	1
2157	1
2158	1
2159	1
2160	1
2161	1
2162	1
2163	1
2164	1
2165	1
2166	1
2167	1
2168	1
2169	1
2170	1
2171	1
2172	1
2173	1
2174	1
2175	1
2176	1
2177	1
2178	1
2179	1
2180	1
2181	1
2182	1
2183	1
2184	1
2185	1
2186	1
2187	1
2188	1
2189	1
2190	1
2191	1
2192	1
2193	1
2194	1
2195	1
2196	1
2197	1
2198	1
2199	1
2200	1
2201	1
2202	1
2203	1
2204	1
2205	1
2206	1
2207	1
2208	1
2209	1
2210	1
2211	1
2212	1
2213	1
2214	1
2215	1
2216	1
2217	1
2218	1
2219	1
2220	1
2221	1
2222	1
2223	1
2224	1
2225	1
2226	1
2227	1
2228	1
2229	1
2230	1
2231	1
2232	1
2233	1
2234	1
2235	1
2236	1
2237	1
2238	1
2239	1
2240	1
2241	1
2242	1
2243	1
2244	1
2245	1
2246	1
2247	1
2248	1
2249	1
2250	1
2251	1
2252	1
2253	1
2254	1
2255	1
2256	1
2257	1
2258	1
2259	1
2260	1
2261	1
2262	1
2263	1
2264	1
2265	1
2266	1
2267	1
2268	1
2269	1
2270	1
2271	1
2272	1
2273	1
2274	1
2275	1
2276	1
2277	1
2278	1
2279	1
2280	1
2281	1
2282	1
2283	1
2284	1
2285	1
2286	1
2287	1
2288	1
2289	1
2290	1
2291	1
2292	1
2293	1
2294	1
2295	1
2296	1
2297	1
2298	1
2299	1
2300	1
2301	1
2302	1
2303	1
2304	1
2305	1
2306	1
2307	1
2308	1
2309	1
2310	1
2311	1
2312	1
2313	1
2314	1
2315	1
2316	1
2317	1
2318	1
2319	1
2320	1
2321	1
2322	1
2323	1
2324	1
2325	1
2326	1
2327	1
2328	1
2329	1
2330	1
2331	1
2332	1
2333	1
2334	1
2335	1
2336	1
2337	1
2338	1
2339	1
2340	1
2341	1
2342	1
2343	1
2344	1
2345	1
2346	1
2347	1
2348	1
2349	1
2350	1
2351	1
2352	1
2353	1
2354	1
2355	1
2356	1
2357	1
2358	1
2359	1
2360	1
2361	1
2362	1
2363	1
2364	1
2365	1
2366	1
2367	1
2368	1
2369	2
2370	2
2371	2
2372	2
2373	2
2374	2
2375	2
2376	2
2377	2
2378	2
2379	2
2380	2
2381	2
2382	2
2383	2
2384	2
2385	2
2386	2
2387	2
2388	2
2389	2
2390	2
2391	2
2392	2
2393	2
2394	2
2395	2
2396	2
2397	2
2398	2
2399	2
2400	2
2401	2
2402	2
2403	2
2404	2
2405	2
2406	2
2407	2
2408	2
2409	2
2410	2
2411	2
2412	2
2413	2
2414	2
2415	2
2416	2
2417	2
2418	2
2419	2
2420	2
2421	2
2422	2
2423	2
2424	2
2425	2
2426	2
2427	2
2428	2
2429	2
2430	2
2431	2
2432	2
2433	2
2434	2
2435	2
2436	2
2437	2
2438	2
2439	2
2440	2
2441	2
2442	2
2443	2
2444	2
2445	2
2446	2
2447	2
2448	2
2449	2
2450	2
2451	2
2452	2
2453	2
2454	2
2455	2
2456	2
2457	2
2458	2
2459	2
2460	2
2461	2
2462	2
2463	2
2464	2
2465	2
2466	2
2467	2
2468	2
2469	2
2470	2
2471	2
2472	2
2473	2
2474	2
2475	2
2476	2
2477	2
2478	2
2479	2
2480	2
2481	2
2482	2
2483	2
2484	2
2485	2
2486	2
2487	2
2488	2
2489	2
2490	2
2491	2
2492	2
2493	2
2494	2
2495	2
2496	2
2497	2
2498	2
2499	2
2500	2
2501	2
2502	2
2503	2
2504	2
2505	2
2506	2
2507	2
2508	2
2509	2
2510	2
2511	2
2512	2
2513	2
2514	2
2515	2
2516	2
2517	2
2518	2
2519	2
2520	2
2521	2
2522	2
2523	2
2524	2
2525	2
2526	2
2527	2
2528	2
2529	2
2530	2
2531	2
2532	2
2533	2
2534	2
2535	2
2536	2
2537	2
2538	2
2539	2
2540	2
2541	2
2542	2
2543	2
2544	2
2545	2
2546	2
2547	2
2548	2
2549	2
2550	2
2551	2
2552	2
2553	2
2554	2
2555	2
2556	2
2557	2
2558	2
2559	2
2560	2
2561	2
2562	2
2563	2
2564	2
2565	2
2566	2
2567	2
2568	2
2569	2
2570	2
2571	2
2572	2
2573	2
2574	2
2575	2
2576	2
2577	2
2578	2
2579	2
2580	2
2581	2
2582	2
2583	2
2584	2
2585	2
2586	2
2587	2
2588	2
2589	2
2590	2
2591	2
2592	2
2593	2
2594	2
2595	2
2596	2
2597	2
2598	2
2599	2
2600	2
2601	2
2602	2
2603	2
2604	2
2605	2
2606	2
2607	2
2608	2
2609	2
2610	2
2611	2
2612	2
2613	2
2614	2
2615	2
2616	2
2617	2
2618	2
2619	2
2620	2
2621	2
2622	2
2623	2
2624	2
2625	2
2626	2
2627	2
2628	2
2629	2
2630	2
2631	2
2632	2
2633	2
2634	2
2635	2
2636	2
2637	2
2638	2
2639	2
2640	2
2641	2
2642	2
2643	2
2644	2
2645	2
2646	2
2647	2
2648	2
2649	2
2650	2
2651	2
2652	2
2653	2
2654	2
2655	2
2656	2
2657	2
2658	2
2659	2
2660	2
2661	2
2662	2
2663	2
2664	2
2665	2
2666	2
2667	2
2668	2
2669	2
2670	2
2671	2
2672	2
2673	2
2674	2
2675	2
2676	2
2677	2
2678	2
2679	2
2680	2
2681	2
2682	2
2683	2
2684	2
2685	2
2686	2
2687	2
2688	2
2689	2
2690	2
2691	2
2692	2
2693	2
2694	2
2695	2
2696	2
2697	2
2698	2
2699	2
2700	2
2701	2
2702	2
2703	2
2704	2
2705	2
2706	2
2707	2
2708	2
2709	2
2710	2
2711	2
2712	2
2713	2
2714	2
2715	2
2716	2
2717	2
2718	2
2719	2
2720	2
2721	2
2722	2
2723	2
2724	2
2725	2
2726	2
2727	2
2728	2
2729	2
2730	2
2731	2
2732	2
2733	2
2734	2
2735	2
2736	2
2737	2
2738	2
2739	2
2740	2
2741	2
2742	2
2743	2
2744	2
2745	2
2746	2
2747	2
2748	2
2749	2
2750	2
2751	2
2752	2
2753	2
2754	2
2755	2
2756	2
2757	2
2758	2
2759	2
2760	2
2761	2
2762	2
2763	2
2764	2
2765	2
2766	2
2767	2
2768	2
2769	2
2770	2
2771	2
2772	2
2773	2
2774	2
2775	2
2776	2
2777	2
2778	2
2779	2
2780	2
2781	2
2782	2
2783	2
2784	2
2785	2
2786	2
2787	2
2788	2
2789	2
2790	2
2791	2
2792	2
2793	2
2794	2
2795	2
2796	2
2797	2
2798	2
2799	2
2800	2
2801	2
2802	2
2803	2
2804	2
2805	2
2806	2
2807	2
2808	2
2809	2
2810	2
2811	2
2812	2
2813	2
2814	2
2815	2
2816	2
2817	2
2818	2
2819	2
2820	2
2821	2
2822	2
2823	2
2824	2
2825	2
2826	2
2827	2
2828	2
2829	2
2830	2
2831	2
2832	2
2833	2
2834	2
2835	2
2836	2
2837	2
2838	2
2839	2
2840	2
2841	2
2842	2
2843	2
2844	2
2845	2
2846	2
2847	2
2848	2
2849	2
2850	2
2851	2
2852	2
2853	2
2854	2
2855	2
2856	2
2857	2
2858	2
2859	2
2860	2
2861	2
2862	2
2863	2
2864	2
2865	2
2866	2
2867	2
2868	2
2869	2
2870	2
2871	2
2872	2
2873	2
2874	2
2875	2
2876	2
2877	2
2878	2
2879	2
2880	2
2881	2
2882	2
2883	2
2884	2
2885	2
2886	2
2887	2
2888	2
2889	2
2890	2
2891	2
2892	2
2893	2
2894	2
2895	2
2896	2
2897	2
2898	2
2899	2
2900	2
2901	2
2902	2
2903	2
2904	2
2905	2
2906	2
2907	2
2908	2
2909	2
2910	2
2911	2
2912	2
2913	2
2914	2
2915	2
2916	2
2917	2
2918	2
2919	2
2920	2
2921	2
2922	2
2923	2
2924	2
2925	2
2926	2
2927	2
2928	2
2929	2
2930	2
2931	2
2932	2
2933	2
2934	2
2935	2
2936	2
2937	2
2938	2
2939	2
2940	2
2941	2
2942	2
2943	2
2944	2
2945	2
2946	2
2947	2
2948	2
2949	2
2950	2
2951	2
2952	2
2953	2
2954	2
2955	2
2956	2
2957	2
2958	2
2959	2
2960	2
2961	2
2962	2
2963	2
2964	2
2965	2
2966	2
2967	2
2968	2
2969	2
2970	2
2971	2
2972	2
2973	2
2974	2
2975	2
2976	2
2977	2
2978	2
2979	2
2980	2
2981	2
2982	2
2983	2
2984	2
2985	2
2986	2
2987	2
2988	2
2989	2
2990	2
2991	2
2992	2
2993	2
2994	2
2995	2
2996	2
2997	2
2998	2
2999	2
3000	2
3001	2
3002	2
3003	2
3004	2
3005	2
3006	2
3007	2
3008	2
3009	2
3010	2
3011	2
3012	2
3013	2
3014	2
3015	2
3016	2
3017	2
3018	2
3019	2
3020	2
3021	2
3022	2
3023	2
3024	2
3025	2
3026	2
3027	2
3028	2
3029	2
3030	2
3031	2
3032	2
3033	2
3034	2
3035	2
3036	2
3037	2
3038	2
3039	2
3040	2
3041	2
3042	2
3043	2
3044	2
3045	2
3046	2
3047	2
3048	2
3049	2
3050	2
3051	2
3052	2
3053	2
3054	2
3055	2
3056	2
3057	2
3058	2
3059	2
3060	2
3061	2
3062	2
3063	2
3064	2
3065	2
3066	2
3067	2
3068	2
3069	2
3070	2
3071	2
3072	2
3073	2
3074	2
3075	2
3076	2
3077	2
3078	2
3079	2
3080	2
3081	2
3082	2
3083	2
3084	2
3085	2
3086	2
3087	2
3088	2
3089	2
3090	2
3091	2
3092	2
3093	2
3094	2
3095	2
3096	2
3097	2
3098	2
3099	2
3100	2
3101	2
3102	2
3103	2
3104	2
3105	2
3106	2
3107	2
3108	2
3109	2
3110	2
3111	2
3112	2
3113	2
3114	2
3115	2
3116	2
3117	2
3118	2
3119	2
3120	2
3121	2
3122	2
3123	2
3124	2
3125	2
3126	2
3127	2
3128	2
3129	2
3130	2
3131	2
3132	2
3133	2
3134	2
3135	2
3136	2
3137	2
3138	2
3139	2
3140	2
3141	2
3142	2
3143	2
3144	2
3145	2
3146	2
3147	2
3148	2
3149	2
3150	2
3151	2
3152	2
3153	2
3154	2
3155	2
3156	2
3157	2
3158	2
3159	2
3160	2
3161	2
3162	2
3163	2
3164	2
3165	2
3166	2
3167	2
3168	2
3169	2
3170	2
3171	2
3172	2
3173	2
3174	2
3175	2
3176	2
3177	2
3178	2
3179	2
3180	2
3181	2
3182	2
3183	2
3184	2
3185	2
3186	2
3187	2
3188	2
3189	2
3190	2
3191	2
3192	2
3193	2
3194	2
3195	2
3196	2
3197	2
3198	2
3199	2
3200	2
3201	2
3202	2
3203	2
3204	2
3205	2
3206	2
3207	2
3208	2
3209	2
3210	2
3211	2
3212	2
3213	2
3214	2
3215	2
3216	2
3217	2
3218	2
3219	2
3220	2
3221	2
3222	2
3223	2
3224	2
3225	2
3226	2
3227	2
3228	2
3229	2
3230	2
3231	2
3232	2
3233	2
3234	2
3235	2
3236	2
3237	2
3238	2
3239	2
3240	2
3241	2
3242	2
3243	2
3244	2
3245	2
3246	2
3247	2
3248	2
3249	2
3250	2
3251	2
3252	2
3253	2
3254	2
3255	2
3256	2
3257	2
3258	2
3259	2
3260	2
3261	2
3262	2
3263	2
3264	2
3265	2
3266	2
3267	2
3268	2
3269	2
3270	2
3271	2
3272	2
3273	2
3274	2
3275	2
3276	2
3277	2
3278	2
3279	2
3280	2
3281	2
3282	2
3283	2
3284	2
3285	2
3286	2
3287	2
3288	2
3289	2
3290	2
3291	2
3292	2
3293	2
3294	2
3295	2
3296	2
3297	2
3298	2
3299	2
3300	2
3301	2
3302	2
3303	2
3304	2
3305	2
3306	2
3307	2
3308	2
3309	2
3310	2
3311	2
3312	2
3313	2
3314	2
3315	2
3316	2
3317	2
3318	2
3319	2
3320	2
3321	2
3322	2
3323	2
3324	2
3325	2
3326	2
3327	2
3328	2
3329	2
3330	2
3331	2
3332	2
3333	2
3334	2
3335	2
3336	2
3337	2
3338	2
3339	2
3340	2
3341	2
3342	2
3343	2
3344	2
3345	2
3346	2
3347	2
3348	2
3349	2
3350	2
3351	2
3352	2
3353	2
3354	2
3355	2
3356	2
3357	2
3358	2
3359	2
3360	2
3361	2
3362	2
3363	2
3364	2
3365	2
3366	2
3367	2
3368	2
3369	2
3370	2
3371	2
3372	2
3373	2
3374	2
3375	2
3376	2
3377	2
3378	2
3379	2
3380	2
3381	2
3382	2
3383	2
3384	2
3385	2
3386	2
3387	2
3388	2
3389	2
3390	2
3391	2
3392	2
3393	2
3394	2
3395	2
3396	2
3397	2
3398	2
3399	2
3400	2
3401	2
3402	2
3403	2
3404	2
3405	2
3406	2
3407	2
3408	2
3409	2
3410	2
3411	2
3412	2
3413	2
3414	2
3415	2
3416	2
3417	2
3418	2
3419	2
3420	2
3421	2
3422	2
3423	2
3424	2
3425	2
3426	2
3427	2
3428	2
3429	2
3430	2
3431	2
3432	2
3433	2
3434	2
3435	2
3436	2
3437	2
3438	2
3439	2
3440	2
3441	2
3442	2
3443	2
3444	2
3445	2
3446	2
3447	2
3448	2
3449	2
3450	2
3451	2
3452	2
3453	2
3454	2
3455	2
3456	2
3457	2
3458	2
3459	2
3460	2
3461	2
3462	2
3463	2
3464	2
3465	2
3466	2
3467	2
3468	2
3469	2
3470	2
3471	2
3472	2
3473	2
3474	2
3475	2
3476	2
3477	2
3478	2
3479	2
3480	2
3481	2
3482	2
3483	2
3484	2
3485	2
3486	2
3487	2
3488	2
3489	2
3490	2
3491	2
3492	2
3493	2
3494	2
3495	2
3496	2
3497	2
3498	2
3499	2
3500	2
3501	2
3502	2
3503	2
3504	2
3505	2
3506	2
3507	2
3508	2
3509	2
3510	2
3511	2
3512	2
3513	2
3514	2
3515	2
3516	2
3517	2
3518	2
3519	2
3520	2
3521	2
3522	2
3523	2
3524	2
3525	2
3526	2
3527	2
3528	2
3529	2
3530	2
3531	2
3532	2
3533	2
3534	2
3535	2
3536	2
3537	2
3538	2
3539	2
3540	2
3541	2
3542	2
3543	2
3544	2
3545	2
3546	2
3547	2
3548	2
3549	2
3550	2
3551	2
3552	2
3553	2
3554	2
3555	2
3556	2
3557	2
3558	2
3559	2
3560	2
3561	2
3562	2
3563	2
3564	2
3565	2
3566	2
3567	2
3568	2
3569	2
3570	2
3571	2
3572	2
3573	2
3574	2
3575	2
3576	2
3577	2
3578	2
3579	2
3580	2
3581	2
3582	2
3583	2
3584	2
3585	2
3586	2
3587	2
3588	2
3589	2
3590	2
3591	2
3592	2
3593	2
3594	2
3595	2
3596	2
3597	2
3598	2
3599	2
3600	2
3601	2
3602	2
3603	2
3604	2
3605	2
3606	2
3607	2
3608	2
3609	2
3610	2
3611	2
3612	2
3613	2
3614	2
3615	2
3616	2
3617	2
3618	2
3619	2
3620	2
3621	2
3622	2
3623	2
3624	2
3625	2
3626	2
3627	2
3628	2
3629	2
3630	2
3631	2
3632	2
3633	2
3634	2
3635	2
3636	2
3637	2
3638	2
3639	2
3640	2
3641	2
3642	2
3643	2
3644	2
3645	2
3646	2
3647	2
3648	2
3649	2
3650	2
3651	2
3652	2
3653	2
3654	2
3655	2
3656	2
3657	2
3658	2
3659	2
3660	2
3661	2
3662	2
3663	2
3664	2
3665	2
3666	2
3667	2
3668	2
3669	2
3670	2
3671	2
3672	2
3673	2
3674	2
3675	2
3676	2
3677	2
3678	2
3679	2
3680	2
3681	2
3682	2
3683	2
3684	2
3685	2
3686	2
3687	2
3688	2
3689	2
3690	2
3691	2
3692	2
3693	2
3694	2
3695	2
3696	2
3697	2
3698	2
3699	2
3700	2
3701	2
3702	2
3703	2
3704	2
3705	2
3706	2
3707	2
3708	2
3709	2
3710	2
3711	2
3712	2
3713	2
3714	2
3715	2
3716	2
3717	2
3718	2
3719	2
3720	2
3721	2
3722	2
3723	2
3724	2
3725	2
3726	2
3727	2
3728	2
3729	2
3730	2
3731	2
3732	2
3733	2
3734	2
3735	2
3736	2
3737	2
3738	2
3739	2
3740	2
3741	2
3742	2
3743	2
3744	2
3745	2
3746	2
3747	2
3748	2
3749	2
3750	2
3751	2
3752	2
3753	2
3754	2
3755	2
3756	2
3757	2
3758	2
3759	2
3760	2
3761	2
3762	2
3763	2
3764	2
3765	2
3766	2
3767	2
3768	2
3769	2
3770	2
3771	2
3772	2
3773	2
3774	2
3775	2
3776	2
3777	2
3778	2
3779	2
3780	2
3781	2
3782	2
3783	2
3784	2
3785	2
3786	2
3787	2
3788	2
3789	2
3790	2
3791	2
3792	2
3793	2
3794	2
3795	2
3796	2
3797	2
3798	2
3799	2
3800	2
3801	2
3802	2
3803	2
3804	2
3805	2
3806	2
3807	2
3808	2
3809	2
3810	2
3811	2
3812	2
3813	2
3814	2
3815	2
3816	2
3817	2
3818	2
3819	2
3820	2
3821	2
3822	2
3823	2
3824	2
3825	2
3826	2
3827	2
3828	2
3829	2
3830	2
3831	2
3832	2
3833	2
3834	2
3835	2
3836	2
3837	2
3838	2
3839	2
3840	2
3841	2
3842	2
3843	2
3844	2
3845	2
3846	2
3847	2
3848	2
3849	2
3850	2
3851	2
3852	2
3853	2
3854	2
3855	2
3856	2
3857	2
3858	2
3859	2
3860	2
3861	2
3862	2
3863	2
3864	2
3865	2
3866	2
3867	2
3868	2
3869	2
3870	2
3871	2
3872	2
3873	2
3874	2
3875	2
3876	2
3877	2
3878	2
3879	2
3880	2
3881	2
3882	2
3883	2
3884	2
3885	2
3886	2
3887	2
3888	2
3889	2
3890	2
3891	2
3892	2
3893	2
3894	2
3895	2
3896	2
3897	2
3898	2
3899	2
3900	2
3901	2
3902	2
3903	2
3904	2
3905	2
3906	2
3907	2
3908	2
3909	2
3910	2
3911	2
3912	2
3913	2
3914	2
3915	2
3916	2
3917	2
3918	2
3919	2
3920	2
3921	2
3922	2
3923	2
3924	2
3925	2
3926	2
3927	2
3928	2
3929	2
3930	2
3931	2
3932	2
3933	2
3934	2
3935	2
3936	2
3937	2
3938	2
3939	2
3940	2
3941	2
3942	2
3943	2
3944	2
3945	2
3946	2
3947	2
3948	2
3949	2
3950	2
3951	2
3952	2
3953	2
3954	2
3955	2
3956	2
3957	2
3958	2
3959	2
3960	2
3961	2
3962	2
3963	2
3964	2
3965	2
3966	2
3967	2
3968	2
3969	2
3970	2
3971	2
3972	2
3973	2
3974	2
3975	2
3976	2
3977	2
3978	2
3979	2
3980	2
3981	2
3982	2
3983	2
3984	2
3985	2
3986	2
3987	2
3988	2
3989	2
3990	2
3991	2
3992	2
3993	2
3994	2
3995	2
3996	2
3997	2
3998	2
3999	2
4000	2
4001	2
4002	2
4003	2
4004	2
4005	2
4006	2
4007	2
4008	2
4009	2
4010	2
4011	2
4012	2
4013	2
4014	2
4015	2
4016	2
4017	2
4018	2
4019	2
4020	2
4021	2
4022	2
4023	2
4024	2
4025	2
4026	2
4027	2
4028	2
4029	2
4030	2
4031	2
4032	2
4033	2
4034	2
4035	2
4036	2
4037	2
4038	2
4039	2
4040	2
4041	2
4042	2
4043	2
4044	2
4045	2
4046	2
4047	2
4048	2
4049	2
4050	2
4051	2
4052	2
4053	2
4054	2
4055	2
4056	2
4057	2
4058	2
4059	2
4060	2
4061	2
4062	2
4063	2
4064	2
4065	2
4066	2
4067	2
4068	2
4069	2
4070	2
4071	2
4072	2
4073	2
4074	2
4075	2
4076	2
4077	2
4078	2
4079	2
4080	2
4081	2
4082	2
4083	2
4084	2
4085	2
4086	2
4087	2
4088	2
4089	2
4090	2
4091	2
4092	2
4093	2
4094	2
4095	2
4096	2
4097	2
4098	2
4099	2
4100	2
4101	2
4102	2
4103	2
4104	2
4105	2
4106	2
4107	2
4108	2
4109	2
4110	2
4111	2
4112	2
4113	2
4114	2
4115	2
4116	2
4117	2
4118	2
4119	2
4120	2
4121	2
4122	2
4123	2
4124	2
4125	2
4126	2
4127	2
4128	2
4129	2
4130	2
4131	2
4132	2
4133	2
4134	2
4135	2
4136	2
4137	2
4138	2
4139	2
4140	2
4141	2
4142	2
4143	2
4144	2
4145	2
4146	2
4147	2
4148	2
4149	2
4150	2
4151	2
4152	2
4153	2
4154	2
4155	2
4156	2
4157	2
4158	2
4159	2
4160	2
4161	2
4162	2
4163	2
4164	2
4165	2
4166	2
4167	2
4168	2
4169	2
4170	2
4171	2
4172	2
4173	2
4174	2
4175	2
4176	2
4177	2
4178	2
4179	2
4180	2
4181	2
4182	2
4183	2
4184	2
4185	2
4186	2
4187	2
4188	2
4189	2
4190	2
4191	2
4192	2
4193	2
4194	2
4195	2
4196	2
4197	2
4198	2
4199	2
4200	2
4201	2
4202	2
4203	2
4204	2
4205	2
4206	2
4207	2
4208	2
4209	2
4210	2
4211	2
4212	2
4213	2
4214	2
4215	2
4216	2
4217	2
4218	2
4219	2
4220	2
4221	2
4222	2
4223	2
4224	2
4225	2
4226	2
4227	2
4228	2
4229	2
4230	2
4231	2
4232	2
4233	2
4234	2
4235	2
4236	2
4237	2
4238	2
4239	2
4240	2
4241	2
4242	2
4243	2
4244	2
4245	2
4246	2
4247	2
4248	2
4249	2
4250	2
4251	2
4252	2
4253	2
4254	2
4255	2
4256	2
4257	2
4258	2
4259	2
4260	2
4261	2
4262	2
4263	2
4264	2
4265	2
4266	2
4267	2
4268	2
4269	2
4270	2
4271	2
4272	2
4273	2
4274	2
4275	2
4276	2
4277	2
4278	2
4279	2
4280	2
4281	2
4282	2
4283	2
4284	2
4285	2
4286	2
4287	2
4288	2
4289	2
4290	2
4291	2
4292	2
4293	2
4294	2
4295	2
4296	2
4297	2
4298	2
4299	2
4300	2
4301	2
4302	2
4303	2
4304	2
4305	2
4306	2
4307	2
4308	2
4309	2
4310	2
4311	2
4312	2
4313	2
4314	2
4315	2
4316	2
4317	2
4318	2
4319	2
4320	2
4321	2
4322	2
4323	2
4324	2
4325	2
4326	2
4327	2
4328	2
4329	2
4330	2
4331	2
4332	2
4333	2
4334	2
4335	2
4336	2
4337	2
4338	2
4339	2
4340	2
4341	2
4342	2
4343	2
4344	2
4345	2
4346	2
4347	2
4348	2
4349	2
4350	2
4351	2
4352	2
4353	2
4354	2
4355	2
4356	2
4357	2
4358	2
4359	2
4360	2
4361	2
4362	2
4363	2
4364	2
4365	2
4366	2
4367	2
4368	2
4369	2
4370	2
4371	2
4372	2
4373	2
4374	2
4375	2
4376	2
4377	2
4378	2
4379	2
4380	2
4381	2
4382	2
4383	2
4384	2
4385	2
4386	2
4387	2
4388	2
4389	2
4390	2
4391	2
4392	2
4393	2
4394	2
4395	2
4396	2
4397	2
4398	2
4399	2
4400	2
4401	2
4402	2
4403	2
4404	2
4405	2
4406	2
4407	2
4408	2
4409	2
4410	2
4411	2
4412	2
4413	2
4414	2
4415	2
4416	2
4417	2
4418	2
4419	2
4420	2
4421	2
4422	2
4423	2
4424	2
4425	2
4426	2
4427	2
4428	2
4429	2
4430	2
4431	2
4432	2
4433	2
4434	2
4435	2
4436	2
4437	2
4438	2
4439	2
4440	2
4441	2
4442	2
4443	2
4444	2
4445	2
4446	2
4447	2
4448	2
4449	2
4450	2
4451	2
4452	2
4453	2
4454	2
4455	2
4456	2
4457	2
4458	2
4459	2
4460	2
4461	2
4462	2
4463	2
4464	2
4465	2
4466	2
4467	2
4468	2
4469	2
4470	2
4471	2
4472	2
4473	2
4474	2
4475	2
4476	2
4477	2
4478	2
4479	2
4480	2
4481	2
4482	2
4483	2
4484	2
4485	2
4486	2
4487	2
4488	2
4489	2
4490	2
4491	2
4492	2
4493	2
4494	2
4495	2
4496	2
4497	2
4498	2
4499	2
4500	2
4501	2
4502	2
4503	2
4504	2
4505	2
4506	2
4507	2
4508	2
4509	2
4510	2
4511	2
4512	2
4513	2
4514	2
4515	2
4516	2
4517	2
4518	2
4519	2
4520	2
4521	2
4522	2
4523	2
4524	2
4525	2
4526	2
4527	2
4528	2
4529	2
4530	2
4531	2
4532	2
4533	2
4534	2
4535	2
4536	2
4537	2
4538	2
4539	2
4540	2
4541	2
4542	2
4543	2
4544	2
4545	2
4546	2
4547	2
4548	2
4549	2
4550	2
4551	2
4552	2
4553	2
4554	2
4555	2
4556	2
4557	2
4558	2
4559	2
4560	2
4561	2
4562	2
4563	2
4564	2
4565	2
4566	2
4567	2
4568	2
4569	2
4570	2
4571	2
4572	2
4573	2
4574	2
4575	2
4576	2
4577	2
4578	2
4579	2
4580	2
4581	2
4582	2
4583	2
4584	2
4585	2
4586	2
4587	2
4588	2
4589	2
4590	2
4591	2
4592	2
4593	2
4594	2
4595	2
4596	2
4597	2
4598	2
4599	2
4600	2
4601	2
4602	2
4603	2
4604	2
4605	2
4606	2
4607	2
4608	2
4609	2
4610	2
4611	2
4612	2
4613	2
4614	2
4615	2
4616	2
4617	2
4618	2
4619	2
4620	2
4621	2
4622	2
4623	2
4624	2
4625	2
4626	2
4627	2
4628	2
4629	2
4630	2
4631	2
4632	2
4633	2
4634	2
4635	2
4636	2
4637	2
4638	2
4639	2
4640	2
4641	2
4642	2
4643	2
4644	2
4645	2
4646	2
4647	2
4648	2
4649	2
4650	2
4651	2
4652	2
4653	2
4654	2
4655	2
4656	2
4657	2
4658	2
4659	2
4660	2
4661	2
4662	2
4663	2
4664	2
4665	2
4666	2
4667	2
4668	2
4669	2
4670	2
4671	2
4672	2
4673	2
4674	2
4675	2
4676	2
4677	2
4678	2
4679	2
4680	2
4681	2
4682	2
4683	2
4684	2
4685	2
4686	2
4687	2
4688	2
4689	2
4690	2
4691	2
4692	2
4693	2
4694	2
4695	2
4696	2
4697	2
4698	2
4699	2
4700	2
4701	2
4702	2
4703	2
4704	2
4705	2
4706	2
4707	2
4708	2
4709	2
4710	2
4711	2
4712	2
4713	2
4714	2
4715	2
4716	2
4717	2
4718	2
4719	2
4720	2
4721	2
4722	2
4723	2
4724	2
4725	2
4726	2
4727	2
4728	2
4729	2
4730	2
4731	2
4732	2
4733	2
4734	2
4735	2
4736	2
4737	2
4738	2
4739	2
4740	3
4741	3
4742	3
4743	3
4744	3
4745	3
4746	3
4747	3
4748	3
4749	3
4750	3
4751	3
4752	3
4753	3
4754	3
4755	3
4756	3
4757	3
4758	3
4759	3
4760	3
4761	3
4762	3
4763	3
4764	3
4765	3
4766	3
4767	3
4768	3
4769	3
4770	3
4771	3
4772	3
4773	3
4774	3
4775	3
4776	3
4777	3
4778	3
4779	3
4780	3
4781	3
4782	3
4783	3
4784	3
4785	3
4786	3
4787	3
4788	3
4789	3
4790	3
4791	3
4792	3
4793	3
4794	3
4795	3
4796	3
4797	3
4798	3
4799	3
4800	3
4801	3
4802	3
4803	3
4804	3
4805	3
4806	3
4807	3
4808	3
4809	3
4810	3
4811	3
4812	3
4813	3
4814	3
4815	3
4816	3
4817	3
4818	3
4819	3
4820	3
4821	3
4822	3
4823	3
4824	3
4825	3
4826	3
4827	3
4828	3
4829	3
4830	3
4831	3
4832	3
4833	3
4834	3
4835	3
4836	3
4837	3
4838	3
4839	3
4840	3
4841	3
4842	3
4843	3
4844	3
4845	3
4846	3
4847	3
4848	3
4849	3
4850	4
4851	4
4852	4
4853	4
4854	4
4855	4
4856	4
4857	4
4858	4
4859	4
4860	4
4861	4
4862	4
4863	4
4864	4
4865	4
4866	4
4867	4
4868	4
4869	4
4870	4
4871	4
4872	4
4873	4
4874	4
4875	4
4876	4
4877	4
4878	4
4879	4
4880	4
4881	4
4882	4
4883	4
4884	4
4885	4
4886	4
4887	4
4888	4
4889	4
4890	4
4891	4
4892	4
4893	4
4894	4
4895	4
4896	4
4897	4
4898	4
4899	4
4900	4
4901	4
4902	4
4903	4
4904	4
4905	4
4906	4
4907	4
4908	4
4909	4
4910	4
4911	4
4912	4
4913	4
4914	4
4915	4
4916	4
4917	4
4918	5
4919	5
4920	5
4921	5
4922	5
4923	5
4924	5
4925	5
4926	5
4927	5
4928	5
4929	5
4930	5
4931	5
4932	5
4933	5
4934	5
4935	5
4936	5
4937	6
4938	6
4939	6
4940	6
4941	6
4942	6
4943	6
4944	6
4945	6
4946	6
4947	6
4948	6
4949	6
4950	6
4951	6
4952	6
4953	6
4954	6
4955	6
4956	6
4957	6
4958	6
4959	6
4960	6
4961	6
4962	6
4963	6
4964	6
4965	6
4966	6
4967	6
4968	6
4969	6
4970	6
4971	6
4972	6
4973	6
4974	6
4975	6
4976	6
4977	6
4978	6
4979	6
4980	6
4981	6
4982	6
4983	6
4984	6
4985	6
4986	6
4987	6
4988	6
4989	6
4990	6
4991	6
4992	6
4993	6
4994	6
4995	6
4996	6
4997	6
4998	6
4999	6
5000	6
5001	6
5002	6
5003	6
5004	6
5005	6
5006	6
5007	6
5008	6
5009	6
5010	6
5011	6
5012	6
5013	6
5014	6
5015	6
5016	6
5017	6
5018	6
5019	6
5020	6
5021	6
5022	6
5023	6
5024	6
5025	6
5026	6
5027	6
5028	6
5029	6
5030	6
5031	6
5032	6
5033	6
5034	6
5035	6
5036	6
5037	6
5038	6
5039	6
5040	6
5041	6
5042	6
5043	6
5044	6
5045	6
5046	6
5047	6
5048	6
5049	6
5050	6
5051	6
5052	6
5053	6
5054	6
5055	6
5056	7
5057	7
5058	7
5059	7
5060	7
5061	7
5062	7
5063	7
5064	7
5065	7
5066	7
5067	7
5068	7
5069	7
5070	7
5071	7
5072	7
5073	7
5074	7
5075	7
5076	7
5077	7
5078	7
5079	7
5080	7
5081	7
5082	7
5083	7
5084	7
5085	7
5086	7
5087	7
5088	7
5089	7
5090	7
5091	7
5092	7
5093	7
5094	7
5095	7
5096	7
5097	7
5098	7
5099	7
5100	7
5101	7
5102	7
5103	7
5104	7
5105	7
5106	7
5107	7
5108	7
5109	7
5110	7
5111	7
5112	7
5113	7
5114	7
5115	7
5116	7
5117	7
5118	7
5119	7
5120	7
5121	7
5122	7
5123	7
5124	7
5125	7
5126	7
5127	7
5128	7
5129	7
5130	7
5131	7
5132	7
5133	7
5134	7
5135	7
5136	7
5137	7
5138	7
5139	7
5140	7
5141	7
5142	7
5143	7
5144	7
5145	7
5146	7
5147	7
5148	7
5149	7
5150	7
5151	7
5152	7
5153	7
5154	7
5155	7
5156	7
5157	7
5158	7
5159	7
5160	7
5161	7
5162	7
5163	7
5164	7
5165	7
5166	7
5167	7
5168	7
5169	7
5170	7
5171	7
5172	7
5173	7
5174	7
5175	7
5176	7
5177	7
5178	7
5179	7
5180	7
5181	7
5182	7
5183	7
5184	7
5185	7
5186	7
5187	7
5188	7
5189	7
5190	7
5191	7
5192	7
5193	7
5194	7
5195	7
5196	7
5197	7
5198	7
5199	7
5200	7
5201	7
5202	7
5203	7
5204	7
5205	7
5206	7
5207	7
5208	7
5209	7
5210	7
5211	7
5212	7
5213	7
5214	7
5215	7
5216	7
5217	7
5218	7
5219	7
5220	7
5221	7
5222	7
5223	7
5224	7
5225	7
5226	7
5227	7
5228	7
5229	7
5230	7
5231	7
5232	7
5233	7
5234	7
5235	7
5236	7
5237	7
5238	7
5239	7
5240	7
5241	7
5242	7
5243	7
5244	7
5245	7
5246	7
5247	7
5248	7
5249	7
5250	7
5251	7
5252	7
5253	7
5254	7
5255	7
5256	7
5257	7
5258	7
5259	7
5260	7
5261	7
5262	7
5263	7
5264	7
5265	7
5266	7
5267	7
5268	7
5269	7
5270	7
5271	7
5272	7
5273	7
5274	7
5275	7
5276	7
5277	7
5278	7
5279	7
5280	7
5281	7
5282	7
5283	7
5284	7
5285	7
5286	7
5287	7
5288	7
5289	7
5290	7
5291	7
5292	7
5293	7
5294	7
5295	7
5296	7
5297	7
5298	7
5299	7
5300	7
5301	7
5302	7
5303	7
5304	7
5305	7
5306	7
5307	7
5308	7
5309	7
5310	7
5311	7
5312	7
5313	7
5314	7
5315	7
5316	7
5317	7
5318	7
5319	7
5320	7
5321	7
5322	7
5323	7
5324	7
5325	7
5326	7
5327	7
5328	7
5329	7
5330	7
5331	7
5332	7
5333	7
5334	7
5335	7
5336	7
5337	7
5338	7
5339	7
5340	7
5341	7
5342	7
5343	7
5344	7
5345	7
5346	7
5347	7
5348	7
5349	7
5350	7
5351	7
5352	7
5353	7
5354	7
5355	7
5356	7
5357	7
5358	7
5359	7
5360	7
5361	7
5362	7
5363	7
5364	7
5365	7
5366	7
5367	7
5368	7
5369	7
5370	7
5371	7
5372	7
5373	7
5374	7
5375	7
5376	7
5377	7
5378	7
5379	7
5380	7
5381	7
5382	7
5383	7
5384	7
5385	7
5386	7
5387	7
5388	7
5389	7
5390	7
5391	7
5392	7
5393	7
5394	7
5395	7
5396	7
5397	7
5398	7
5399	7
5400	7
5401	7
5402	7
5403	7
5404	7
5405	7
5406	7
5407	7
5408	7
5409	7
5410	7
5411	7
5412	7
5413	7
5414	7
5415	7
5416	7
5417	7
5418	7
5419	7
5420	7
5421	7
5422	7
5423	8
5424	8
5425	8
5426	8
5427	8
5428	8
5429	8
5430	8
5431	8
5432	8
5433	8
5434	8
5435	8
5436	9
5437	9
5438	9
5439	9
5440	9
5441	9
5442	9
5443	9
5444	9
5445	9
5446	9
5447	9
5448	9
5449	9
5450	9
5451	9
5452	9
5453	9
5454	9
5455	9
5456	9
5457	9
5458	9
5459	9
5460	9
5461	9
5462	9
5463	9
5464	9
5465	9
5466	9
5467	9
5468	9
5469	9
5470	9
5471	9
5472	9
5473	9
5474	9
5475	9
5476	9
5477	9
5478	9
5479	9
5480	9
5481	9
5482	9
5483	9
5484	9
5485	9
5486	9
5487	9
5488	9
5489	9
5490	9
5491	9
5492	9
5493	9
5494	9
5495	9
5496	9
5497	9
5498	9
5499	9
5500	9
5501	9
5502	9
5503	9
5504	9
5505	9
5506	9
5507	9
5508	9
5509	9
5510	9
5511	9
5512	9
5513	9
5514	9
5515	9
5516	9
5517	9
5518	9
5519	9
5520	9
5521	9
5522	9
5523	9
5524	9
5525	9
5526	9
5527	9
5528	9
5529	9
5530	9
5531	9
5532	9
5533	9
5534	9
5535	9
5536	9
5537	9
5538	9
5539	9
5540	9
5541	9
5542	9
5543	9
5544	9
5545	9
5546	9
5547	9
5548	9
5549	9
5550	9
5551	9
5552	9
5553	9
5554	9
5555	9
5556	9
5557	9
5558	9
5559	9
5560	9
5561	9
5562	9
5563	9
5564	9
5565	9
5566	10
5567	10
5568	10
5569	10
5570	10
5571	10
5572	10
5573	11
5574	11
5575	11
5576	11
5577	11
5578	11
5579	11
5580	11
5581	11
5582	11
5583	11
5584	11
5585	11
5586	11
5587	11
5588	11
5589	11
5590	11
5591	11
5592	11
5593	11
5594	11
5595	11
5596	11
5597	11
5598	11
5599	11
5600	11
5601	11
5602	11
5603	11
5604	11
5605	11
5606	11
5607	11
5608	11
5609	11
5610	11
5611	11
5612	11
5613	11
5614	11
5615	11
5616	11
5617	11
5618	11
5619	11
5620	11
5621	11
5622	11
5623	11
5624	11
5625	11
5626	11
5627	11
5628	11
5629	11
5630	11
5631	11
5632	11
5633	11
5634	11
5635	11
5636	11
5637	11
5638	11
5639	11
5640	11
5641	11
5642	11
5643	11
5644	11
5645	11
5646	11
5647	11
5648	11
5649	11
5650	11
5651	11
5652	11
5653	11
5654	11
5655	11
5656	11
5657	11
5658	11
5659	11
5660	11
5661	11
5662	11
5663	11
5664	11
5665	11
5666	11
5667	11
5668	11
5669	11
5670	11
5671	11
5672	11
5673	11
5674	11
5675	11
5676	11
5677	11
5678	11
5679	11
5680	11
5681	11
5682	11
5683	11
5684	11
5685	11
5686	11
5687	11
5688	11
5689	11
5690	11
5691	11
5692	11
5693	11
5694	11
5695	11
5696	11
5697	11
5698	11
5699	11
5700	11
5701	11
5702	11
5703	11
5704	11
5705	11
5706	11
5707	11
5708	11
5709	11
5710	11
5711	11
5712	11
5713	11
5714	11
5715	11
5716	11
5717	11
5718	11
5719	11
5720	11
5721	11
5722	11
5723	11
5724	11
5725	11
5726	11
5727	11
5728	11
5729	11
5730	11
5731	11
5732	11
5733	11
5734	11
5735	11
5736	11
5737	11
5738	11
5739	11
5740	11
5741	11
5742	11
5743	11
5744	11
5745	11
5746	11
5747	11
5748	11
5749	11
5750	11
5751	11
5752	11
5753	11
5754	11
5755	11
5756	11
5757	11
5758	11
5759	11
5760	11
5761	11
5762	11
5763	11
5764	11
5765	11
5766	11
5767	11
5768	11
5769	11
5770	11
5771	11
5772	11
5773	11
5774	11
5775	11
5776	11
5777	11
5778	11
5779	11
5780	11
5781	11
5782	11
5783	11
5784	11
5785	11
5786	11
5787	11
5788	11
5789	11
5790	11
5791	11
5792	11
5793	11
5794	11
5795	11
5796	11
5797	11
5798	11
5799	11
5800	11
5801	11
5802	11
5803	11
5804	11
5805	11
5806	11
5807	11
5808	11
5809	11
5810	11
5811	11
5812	11
5813	11
5814	11
5815	11
5816	11
5817	11
5818	11
5819	11
5820	11
5821	11
5822	11
5823	11
5824	11
5825	11
5826	11
5827	11
5828	11
5829	11
5830	11
5831	11
5832	11
5833	11
5834	11
5835	11
5836	11
5837	11
5838	11
5839	11
5840	11
5841	11
5842	11
5843	11
5844	11
5845	11
5846	11
5847	11
5848	11
5849	11
5850	11
5851	11
5852	11
5853	11
5854	11
5855	11
5856	11
5857	11
5858	11
5859	11
5860	11
5861	11
5862	11
5863	11
5864	11
5865	11
5866	11
5867	11
5868	11
5869	11
5870	11
5871	11
5872	11
5873	11
5874	11
5875	11
5876	11
5877	11
5878	11
5879	11
5880	11
5881	11
5882	11
5883	11
5884	11
5885	11
5886	11
5887	11
5888	11
5889	11
5890	11
5891	11
5892	11
5893	11
5894	11
5895	11
5896	11
5897	11
5898	11
5899	11
5900	11
5901	11
5902	11
5903	11
5904	11
5905	11
5906	11
5907	11
5908	11
5909	11
5910	11
5911	11
5912	11
5913	11
5914	11
5915	11
5916	11
5917	11
5918	11
5919	11
5920	11
5921	11
5922	11
5923	11
5924	11
5925	11
5926	11
5927	11
5928	11
5929	11
5930	11
5931	11
5932	11
5933	11
5934	11
5935	11
5936	11
5937	11
5938	11
5939	11
5940	11
5941	11
5942	11
5943	11
5944	11
5945	11
5946	11
5947	11
5948	11
5949	11
5950	11
5951	11
5952	11
5953	11
5954	11
5955	11
5956	11
5957	11
5958	11
5959	11
5960	11
5961	11
5962	11
5963	11
5964	11
5965	11
5966	11
5967	11
5968	11
5969	11
5970	11
5971	11
5972	11
5973	11
5974	11
5975	11
5976	11
5977	11
5978	11
5979	11
5980	11
5981	11
5982	11
5983	11
5984	11
5985	11
5986	11
5987	11
5988	11
5989	11
5990	11
5991	11
5992	11
5993	11
5994	11
5995	11
5996	11
5997	11
5998	11
5999	11
6000	11
6001	11
6002	11
6003	11
6004	11
6005	11
6006	11
6007	11
6008	11
6009	11
6010	11
6011	11
6012	11
6013	11
6014	11
6015	11
6016	11
6017	11
6018	11
6019	11
6020	11
6021	11
6022	11
6023	11
6024	11
6025	11
6026	11
6027	11
6028	11
6029	11
6030	11
6031	11
6032	11
6033	11
6034	11
6035	11
6036	11
6037	11
6038	11
6039	11
6040	11
6041	11
6042	11
6043	11
6044	11
6045	11
6046	11
6047	11
6048	11
6049	11
6050	11
6051	11
6052	11
6053	11
6054	11
6055	11
6056	11
6057	11
6058	11
6059	11
6060	11
6061	11
6062	11
6063	11
6064	11
6065	11
6066	11
6067	11
6068	11
6069	11
6070	11
6071	11
6072	11
6073	11
6074	11
6075	11
6076	11
6077	11
6078	11
6079	11
6080	11
6081	11
6082	11
6083	11
6084	11
6085	11
6086	11
6087	11
6088	11
6089	11
6090	11
6091	11
6092	11
6093	11
6094	11
6095	11
6096	11
6097	11
6098	11
6099	11
6100	11
6101	11
6102	11
6103	11
6104	11
6105	11
6106	11
6107	11
6108	11
6109	11
6110	11
6111	11
6112	11
6113	11
6114	11
6115	11
6116	11
6117	11
6118	11
6119	11
6120	11
6121	11
6122	11
6123	11
6124	11
6125	11
6126	11
6127	11
6128	11
6129	11
6130	11
6131	11
6132	11
6133	11
6134	11
6135	11
6136	11
6137	11
6138	11
6139	11
6140	11
6141	11
6142	11
6143	11
6144	11
6145	11
6146	11
6147	11
6148	11
6149	11
6150	11
6151	11
6152	11
6153	11
6154	11
6155	11
6156	11
6157	11
6158	11
6159	11
6160	11
6161	11
6162	11
6163	11
6164	11
6165	11
6166	11
6167	11
6168	11
6169	11
6170	11
6171	11
6172	11
6173	11
6174	11
6175	11
6176	11
6177	11
6178	11
6179	11
6180	11
6181	11
6182	11
6183	11
6184	11
6185	11
6186	11
6187	11
6188	11
6189	11
6190	11
6191	11
6192	11
6193	11
6194	11
6195	11
6196	11
6197	11
6198	11
6199	11
6200	11
6201	11
6202	11
6203	11
6204	11
6205	11
6206	11
6207	11
6208	11
6209	11
6210	11
6211	11
6212	11
6213	11
6214	11
6215	11
6216	11
6217	11
6218	11
6219	11
6220	11
6221	11
6222	11
6223	11
6224	11
6225	11
6226	11
6227	11
6228	11
6229	11
6230	11
6231	11
6232	11
6233	11
6234	11
6235	11
6236	11
6237	11
6238	11
6239	11
6240	11
6241	11
6242	11
6243	11
6244	11
6245	11
6246	11
6247	11
6248	11
6249	11
6250	11
6251	11
6252	11
6253	11
6254	11
6255	11
6256	11
6257	11
6258	11
6259	11
6260	11
6261	11
6262	11
6263	11
6264	11
6265	11
6266	11
6267	11
6268	11
6269	11
6270	11
6271	11
6272	11
6273	11
6274	11
6275	11
6276	11
6277	11
6278	11
6279	11
6280	11
6281	11
6282	11
6283	11
6284	11
6285	11
6286	11
6287	11
6288	11
6289	11
6290	11
6291	11
6292	11
6293	11
6294	11
6295	11
6296	11
6297	11
6298	11
6299	11
6300	11
6301	11
6302	11
6303	11
6304	11
6305	11
6306	11
6307	11
6308	11
6309	11
6310	11
6311	11
6312	11
6313	11
6314	11
6315	11
6316	11
6317	11
6318	11
6319	11
6320	11
6321	11
6322	11
6323	11
6324	11
6325	11
6326	11
6327	11
6328	11
6329	11
6330	11
6331	11
6332	11
6333	11
6334	11
6335	11
6336	11
6337	11
6338	11
6339	11
6340	11
6341	11
6342	11
6343	11
6344	11
6345	11
6346	11
6347	11
6348	11
6349	11
6350	11
6351	11
6352	11
6353	11
6354	11
6355	11
6356	11
6357	11
6358	11
6359	11
6360	11
6361	11
6362	11
6363	11
6364	11
6365	11
6366	11
6367	11
6368	11
6369	11
6370	11
6371	11
6372	11
6373	11
6374	11
6375	11
6376	11
6377	11
6378	11
6379	11
6380	11
6381	11
6382	11
6383	11
6384	11
6385	11
6386	11
6387	11
6388	11
6389	11
6390	11
6391	11
6392	11
6393	11
6394	11
6395	11
6396	11
6397	11
6398	11
6399	11
6400	11
6401	11
6402	11
6403	11
6404	11
6405	11
6406	11
6407	11
6408	11
6409	11
6410	11
6411	11
6412	11
6413	11
6414	11
6415	11
6416	11
6417	11
6418	11
6419	11
6420	11
6421	11
6422	11
6423	11
6424	11
6425	11
6426	11
6427	11
6428	11
6429	11
6430	11
6431	11
6432	11
6433	11
6434	11
6435	11
6436	11
6437	11
6438	11
6439	11
6440	11
6441	11
6442	11
6443	11
6444	11
6445	11
6446	11
6447	11
6448	11
6449	11
6450	11
6451	11
6452	11
6453	11
6454	11
6455	11
6456	11
6457	11
6458	11
6459	11
6460	11
6461	11
6462	11
6463	11
6464	11
6465	11
6466	11
6467	11
6468	11
6469	11
6470	11
6471	11
6472	11
6473	11
6474	11
6475	11
6476	11
6477	11
6478	11
6479	11
6480	11
6481	11
6482	11
6483	11
6484	11
6485	11
6486	11
6487	11
6488	11
6489	11
6490	11
6491	11
6492	11
6493	11
6494	11
6495	11
6496	11
6497	11
6498	11
6499	11
6500	11
6501	11
6502	11
6503	11
6504	11
6505	11
6506	11
6507	11
6508	11
6509	11
6510	11
6511	11
6512	11
6513	11
6514	11
6515	11
6516	11
6517	11
6518	11
6519	11
6520	11
6521	11
6522	11
6523	11
6524	11
6525	11
6526	11
6527	11
6528	11
6529	11
6530	11
6531	11
6532	11
6533	11
6534	11
6535	11
6536	11
6537	11
6538	11
6539	11
6540	11
6541	11
6542	11
6543	11
6544	11
6545	11
6546	11
6547	11
6548	11
6549	11
6550	11
6551	11
6552	11
6553	11
6554	11
6555	11
6556	11
6557	11
6558	11
6559	11
6560	11
6561	11
6562	11
6563	11
6564	11
6565	11
6566	11
6567	11
6568	11
6569	11
6570	11
6571	11
6572	11
6573	11
6574	11
6575	11
6576	11
6577	11
6578	11
6579	11
6580	11
6581	11
6582	11
6583	11
6584	11
6585	12
6586	12
6587	12
6588	12
6589	12
6590	12
6591	12
6592	12
6593	12
6594	12
6595	12
6596	12
6597	12
6598	12
6599	12
6600	12
6601	12
6602	12
6603	12
6604	12
6605	12
6606	12
6607	12
6608	12
6609	12
6610	12
6611	12
6612	12
6613	12
6614	12
6615	12
6616	12
6617	12
6618	12
6619	12
6620	12
6621	12
6622	12
6623	12
6624	12
6625	12
6626	12
6627	12
6628	12
6629	12
6630	12
6631	12
6632	12
6633	12
6634	12
6635	12
6636	12
6637	12
6638	12
6639	12
6640	12
6641	12
6642	12
6643	12
6644	12
6645	12
6646	12
6647	12
6648	12
6649	12
6650	12
6651	12
6652	12
6653	12
6654	12
6655	12
6656	12
6657	12
6658	12
6659	12
6660	12
6661	12
6662	12
6663	12
6664	12
6665	12
6666	12
6667	12
6668	12
6669	12
6670	12
6671	12
6672	12
6673	12
6674	12
6675	12
6676	12
6677	12
6678	12
6679	12
6680	12
6681	12
6682	12
6683	12
6684	12
6685	12
6686	12
6687	12
6688	12
6689	12
6690	12
6691	12
6692	12
6693	12
6694	12
6695	12
6696	12
6697	12
6698	12
6699	12
6700	12
6701	12
6702	12
6703	12
6704	12
6705	12
6706	12
6707	12
6708	12
6709	12
6710	12
6711	12
6712	12
6713	12
6714	12
6715	12
6716	12
6717	12
6718	12
6719	12
6720	12
6721	12
6722	12
6723	12
6724	12
6725	12
6726	12
6727	12
6728	12
6729	12
6730	12
6731	12
6732	12
6733	12
6734	12
6735	12
6736	12
6737	12
6738	12
6739	12
6740	12
6741	12
6742	12
6743	12
6744	12
6745	12
6746	12
6747	12
6748	12
6749	12
6750	12
6751	12
6752	12
6753	12
6754	12
6755	12
6756	12
6757	12
6758	12
6759	12
6760	12
6761	12
6762	12
6763	12
6764	12
6765	12
6766	12
6767	12
6768	12
6769	12
6770	12
6771	12
6772	12
6773	12
6774	12
6775	12
6776	12
6777	12
6778	12
6779	12
6780	12
6781	12
6782	12
6783	12
6784	12
6785	12
6786	12
6787	12
6788	12
6789	12
6790	12
6791	12
6792	12
6793	12
6794	12
6795	12
6796	12
6797	12
6798	12
6799	12
6800	12
6801	12
6802	12
6803	12
6804	12
6805	12
6806	12
6807	12
6808	12
6809	12
6810	12
6811	12
6812	12
6813	12
6814	12
6815	12
6816	12
6817	12
6818	12
6819	12
6820	12
6821	12
6822	12
6823	12
6824	12
6825	12
6826	12
6827	12
6828	12
6829	12
6830	12
6831	12
6832	12
6833	12
6834	12
6835	12
6836	12
6837	12
6838	12
6839	12
6840	12
6841	12
6842	12
6843	12
6844	12
6845	12
6846	12
6847	12
6848	12
6849	12
6850	12
6851	12
6852	12
6853	12
6854	12
6855	12
6856	12
6857	12
6858	12
6859	12
6860	12
6861	12
6862	12
6863	12
6864	12
6865	12
6866	12
6867	12
6868	12
6869	12
6870	12
6871	12
6872	12
6873	12
6874	12
6875	12
6876	12
6877	12
6878	12
6879	12
6880	12
6881	12
6882	12
6883	12
6884	12
6885	12
6886	12
6887	12
6888	12
6889	12
6890	12
6891	12
6892	12
6893	12
6894	12
6895	12
6896	12
6897	12
6898	12
6899	12
6900	12
6901	12
6902	12
6903	12
6904	12
6905	12
6906	12
6907	12
6908	12
6909	12
6910	12
6911	12
6912	12
6913	12
6914	12
6915	12
6916	12
6917	12
6918	12
6919	12
6920	12
6921	12
6922	12
6923	12
6924	12
6925	12
6926	12
6927	12
6928	12
6929	12
6930	12
6931	12
6932	12
6933	12
6934	12
6935	12
6936	12
6937	12
6938	12
6939	12
6940	12
6941	12
6942	12
6943	12
6944	12
6945	12
6946	12
6947	12
6948	12
6949	12
6950	12
6951	12
6952	12
6953	12
6954	12
6955	12
6956	12
6957	12
6958	12
6959	12
6960	12
6961	12
6962	12
6963	12
6964	12
6965	12
6966	12
6967	12
6968	12
6969	12
6970	12
6971	12
6972	12
6973	12
6974	12
6975	12
6976	12
6977	12
6978	12
6979	12
6980	12
6981	12
6982	12
6983	12
6984	12
6985	12
6986	12
6987	12
6988	12
6989	12
6990	12
6991	12
6992	12
6993	12
6994	12
6995	12
6996	12
6997	12
6998	12
6999	12
7000	12
7001	12
7002	12
7003	12
7004	12
7005	12
7006	12
7007	12
7008	12
7009	12
7010	12
7011	12
7012	12
7013	12
7014	12
7015	12
7016	12
7017	12
7018	12
7019	12
7020	12
7021	12
7022	12
7023	12
7024	12
7025	12
7026	12
7027	12
7028	12
7029	12
7030	12
7031	12
7032	12
7033	12
7034	12
7035	12
7036	12
7037	12
7038	12
7039	12
7040	12
7041	12
7042	12
7043	12
7044	12
7045	12
7046	12
7047	12
7048	12
7049	12
7050	12
7051	12
7052	12
7053	12
7054	12
7055	12
7056	12
7057	12
7058	12
7059	12
7060	12
7061	12
7062	12
7063	12
7064	12
7065	12
7066	12
7067	12
7068	12
7069	12
7070	12
7071	12
7072	12
7073	12
7074	12
7075	12
7076	12
7077	12
7078	12
7079	12
7080	12
7081	12
7082	12
7083	12
7084	12
7085	12
7086	12
7087	12
7088	12
7089	12
7090	12
7091	12
7092	12
7093	12
7094	12
7095	12
7096	12
7097	12
7098	12
7099	12
7100	12
7101	12
7102	12
7103	12
7104	12
7105	12
7106	12
7107	12
7108	13
7109	13
7110	13
7111	13
7112	13
7113	13
7114	13
7115	13
7116	13
7117	13
7118	13
7119	13
7120	13
7121	13
7122	13
7123	13
7124	13
7125	14
7126	14
7127	14
7128	14
7129	14
7130	14
7131	14
7132	14
7133	14
7134	14
7135	14
7136	14
7137	14
7138	14
7139	14
7140	14
7141	14
7142	14
7143	14
7144	14
7145	14
7146	14
7147	14
7148	14
7149	14
7150	14
7151	14
7152	14
7153	14
7154	14
7155	14
7156	14
7157	14
7158	14
7159	14
7160	14
7161	14
7162	14
7163	14
7164	14
7165	14
7166	14
7167	14
7168	14
7169	14
7170	14
7171	14
7172	14
7173	14
7174	14
7175	14
7176	14
7177	14
7178	14
7179	14
7180	14
7181	14
7182	14
7183	14
7184	14
7185	14
7186	14
7187	14
7188	14
7189	14
7190	14
7191	14
7192	14
7193	14
7194	14
7195	14
7196	14
7197	14
7198	14
7199	14
7200	14
7201	14
7202	14
7203	14
7204	14
7205	14
7206	14
7207	14
7208	14
7209	14
7210	14
7211	14
7212	14
7213	14
7214	14
7215	14
7216	14
7217	14
7218	14
7219	14
7220	14
7221	14
7222	14
7223	14
7224	14
7225	14
7226	14
7227	14
7228	14
7229	14
7230	14
7231	14
7232	14
7233	14
7234	14
7235	14
7236	14
7237	14
7238	14
7239	14
7240	14
7241	14
7242	14
7243	14
7244	14
7245	14
7246	14
7247	14
7248	14
7249	14
7250	14
7251	14
7252	14
7253	14
7254	14
7255	14
7256	14
7257	14
7258	14
7259	14
7260	14
7261	14
7262	14
7263	14
7264	14
7265	14
7266	14
7267	14
7268	14
7269	14
7270	14
7271	14
7272	14
7273	14
7274	14
7275	14
7276	14
7277	14
7278	14
7279	14
7280	14
7281	14
7282	14
7283	14
7284	14
7285	14
7286	14
7287	14
7288	14
7289	14
7290	14
7291	14
7292	14
7293	14
7294	14
7295	14
7296	14
7297	14
7298	14
7299	14
7300	14
7301	14
7302	14
7303	14
7304	14
7305	14
7306	14
7307	14
7308	14
7309	14
7310	14
7311	14
7312	14
7313	14
7314	14
7315	14
7316	14
7317	14
7318	14
7319	14
7320	14
7321	14
7322	14
7323	14
7324	14
7325	14
7326	14
7327	14
7328	14
7329	14
7330	14
7331	14
7332	14
7333	14
7334	14
7335	14
7336	14
7337	14
7338	14
7339	14
7340	14
7341	14
7342	14
7343	14
7344	14
7345	14
7346	14
7347	14
7348	14
7349	14
7350	14
7351	14
7352	14
7353	14
7354	14
7355	14
7356	14
7357	14
7358	14
7359	14
7360	14
7361	14
7362	14
7363	14
7364	14
7365	14
7366	14
7367	14
7368	14
7369	14
7370	14
7371	14
7372	14
7373	14
7374	14
7375	14
7376	14
7377	14
7378	14
7379	14
7380	14
7381	14
7382	14
7383	14
7384	14
7385	14
7386	14
7387	14
7388	14
7389	14
7390	14
7391	14
7392	14
7393	14
7394	14
7395	14
7396	14
7397	14
7398	14
7399	14
7400	14
7401	14
7402	14
7403	14
7404	14
7405	14
7406	14
7407	14
7408	14
7409	14
7410	14
7411	14
7412	14
7413	14
7414	14
7415	14
7416	14
7417	14
7418	14
7419	14
7420	14
7421	14
7422	14
7423	14
7424	14
7425	14
7426	14
7427	14
7428	14
7429	14
7430	14
7431	14
7432	14
7433	14
7434	14
7435	14
7436	14
7437	14
7438	14
7439	14
7440	14
7441	14
7442	14
7443	14
7444	14
7445	14
7446	14
7447	14
7448	14
7449	14
7450	14
7451	14
7452	14
7453	14
7454	14
7455	14
7456	14
7457	14
7458	14
7459	14
7460	14
7461	14
7462	14
7463	14
7464	14
7465	14
7466	14
7467	14
7468	14
7469	14
7470	14
7471	14
7472	14
7473	14
7474	14
7475	14
7476	14
7477	14
7478	14
7479	14
7480	14
7481	14
7482	14
7483	14
7484	14
7485	14
7486	14
7487	14
7488	14
7489	14
7490	14
7491	14
7492	14
7493	14
7494	14
7495	14
7496	14
7497	14
7498	14
7499	14
7500	14
7501	14
7502	14
7503	14
7504	14
7505	14
7506	14
7507	14
7508	14
7509	14
7510	14
7511	14
7512	14
7513	14
7514	14
7515	14
7516	14
7517	14
7518	14
7519	14
7520	14
7521	14
7522	14
7523	14
7524	14
7525	14
7526	14
7527	14
7528	14
7529	14
7530	14
7531	14
7532	14
7533	14
7534	14
7535	14
7536	14
7537	14
7538	14
7539	14
7540	14
7541	14
7542	14
7543	14
7544	14
7545	14
7546	14
7547	14
7548	14
7549	14
7550	14
7551	14
7552	14
7553	14
7554	14
7555	14
7556	14
7557	14
7558	14
7559	14
7560	14
7561	14
7562	14
7563	14
7564	14
7565	14
7566	14
7567	14
7568	14
7569	14
7570	14
7571	14
7572	14
7573	14
7574	14
7575	14
7576	14
7577	14
7578	14
7579	14
7580	14
7581	14
7582	14
7583	14
7584	14
7585	14
7586	14
7587	14
7588	14
7589	14
7590	14
7591	14
7592	14
7593	14
7594	14
7595	14
7596	14
7597	14
7598	14
7599	14
7600	14
7601	14
7602	14
7603	14
7604	14
7605	14
7606	14
7607	14
7608	14
7609	14
7610	14
7611	14
7612	14
7613	14
7614	14
7615	14
7616	14
7617	14
7618	14
7619	14
7620	14
7621	14
7622	14
7623	14
7624	14
7625	14
7626	14
7627	14
7628	14
7629	14
7630	14
7631	14
7632	14
7633	14
7634	14
7635	14
7636	14
7637	14
7638	14
7639	14
7640	14
7641	14
7642	14
7643	14
7644	14
7645	14
7646	14
7647	14
7648	14
7649	14
7650	14
7651	14
7652	14
7653	14
7654	14
7655	14
7656	14
7657	14
7658	14
7659	14
7660	14
7661	14
7662	14
7663	14
7664	14
7665	14
7666	14
7667	14
7668	14
7669	14
7670	14
7671	14
7672	14
7673	14
7674	14
7675	14
7676	14
7677	14
7678	14
7679	14
7680	14
7681	14
7682	14
7683	14
7684	14
7685	14
7686	14
7687	14
7688	14
7689	14
7690	14
7691	14
7692	14
7693	14
7694	14
7695	14
7696	14
7697	14
7698	14
7699	14
7700	14
7701	14
7702	14
7703	14
7704	14
7705	14
7706	14
7707	14
7708	14
7709	14
7710	14
7711	14
7712	14
7713	14
7714	14
7715	14
7716	14
7717	14
7718	14
7719	14
7720	14
7721	14
7722	14
7723	14
7724	14
7725	14
7726	14
7727	14
7728	14
7729	14
7730	14
7731	14
7732	14
7733	14
7734	14
7735	14
7736	14
7737	14
7738	14
7739	14
7740	14
7741	14
7742	14
7743	14
7744	14
7745	14
7746	14
7747	14
7748	14
7749	14
7750	14
7751	14
7752	14
7753	14
7754	14
7755	14
7756	14
7757	14
7758	14
7759	14
7760	14
7761	14
7762	14
7763	14
7764	14
7765	15
7766	15
7767	15
7768	15
7769	15
7770	15
7771	15
7772	15
7773	15
7774	15
7775	15
7776	15
7777	15
7778	15
7779	15
7780	15
7781	15
7782	15
7783	15
7784	15
7785	15
7786	15
7787	15
7788	15
7789	15
7790	15
7791	15
7792	15
7793	15
7794	15
7795	15
7796	15
7797	15
7798	15
7799	15
7800	15
7801	15
7802	15
7803	15
7804	15
7805	15
7806	15
7807	15
7808	15
7809	15
7810	15
7811	15
7812	15
7813	15
7814	15
7815	15
7816	15
7817	15
7818	15
7819	15
7820	15
7821	15
7822	15
7823	15
7824	15
7825	15
7826	15
7827	15
7828	15
7829	15
7830	15
7831	15
7832	15
7833	15
7834	15
7835	15
7836	15
7837	15
7838	15
7839	15
7840	15
7841	15
7842	15
7843	15
7844	15
7845	15
7846	15
7847	15
7848	15
7849	15
7850	15
7851	15
7852	15
7853	15
7854	15
7855	15
7856	15
7857	15
7858	15
7859	15
7860	15
7861	15
7862	15
7863	15
7864	15
7865	15
7866	15
7867	15
7868	15
7869	15
7870	15
7871	15
7872	15
7873	15
7874	15
7875	15
7876	15
7877	15
7878	15
7879	15
7880	15
7881	15
7882	15
7883	15
7884	15
7885	15
7886	15
7887	15
7888	15
7889	15
7890	15
7891	15
7892	15
7893	15
7894	15
7895	15
7896	15
7897	15
7898	15
7899	15
7900	15
7901	15
7902	15
7903	15
7904	15
7905	15
7906	15
7907	15
7908	15
7909	15
7910	15
7911	15
7912	15
7913	15
7914	15
7915	15
7916	15
7917	15
7918	15
7919	15
7920	15
7921	15
7922	15
7923	15
7924	15
7925	15
7926	15
7927	15
7928	15
7929	15
7930	15
7931	15
7932	15
7933	15
7934	15
7935	15
7936	15
7937	15
7938	15
7939	15
7940	15
7941	15
7942	15
7943	15
7944	15
7945	15
7946	15
7947	15
7948	15
7949	15
7950	15
7951	15
7952	15
7953	15
7954	15
7955	15
7956	15
7957	15
7958	15
7959	15
7960	15
7961	15
7962	15
7963	15
7964	15
7965	15
7966	15
7967	15
7968	15
7969	15
7970	15
7971	15
7972	15
7973	15
7974	15
7975	15
7976	15
7977	15
7978	15
7979	15
7980	15
7981	15
7982	15
7983	15
7984	15
7985	15
7986	15
7987	15
7988	15
7989	15
7990	15
7991	15
7992	15
7993	15
7994	15
7995	15
7996	15
7997	15
7998	15
7999	15
8000	15
8001	15
8002	15
8003	15
8004	15
8005	15
8006	15
8007	15
8008	15
8009	15
8010	15
8011	15
8012	15
8013	15
8014	15
8015	15
8016	15
8017	15
8018	15
8019	15
8020	15
8021	15
8022	15
8023	15
8024	15
8025	15
8026	15
8027	15
8028	15
8029	15
8030	15
8031	15
8032	15
8033	15
8034	15
8035	15
8036	15
8037	15
8038	15
8039	15
8040	15
8041	15
8042	15
8043	15
8044	15
8045	15
8046	15
8047	15
8048	15
8049	15
8050	15
8051	15
8052	15
8053	15
8054	15
8055	15
8056	15
8057	15
8058	15
8059	15
8060	15
8061	15
8062	15
8063	15
8064	15
8065	15
8066	15
8067	15
8068	15
8069	15
8070	15
8071	15
8072	15
8073	15
8074	15
8075	15
8076	15
8077	15
8078	15
8079	15
8080	15
8081	15
8082	15
8083	15
8084	15
8085	15
8086	15
8087	15
8088	15
8089	15
8090	15
8091	15
8092	15
8093	15
8094	15
8095	15
8096	15
8097	15
8098	15
8099	15
8100	15
8101	15
8102	15
8103	15
8104	15
8105	15
8106	15
8107	15
8108	15
8109	15
8110	15
8111	15
8112	15
8113	15
8114	15
8115	15
8116	15
8117	15
8118	15
8119	15
8120	15
8121	15
8122	15
8123	15
8124	15
8125	15
8126	15
8127	15
8128	15
8129	15
8130	15
8131	15
8132	15
8133	15
8134	15
8135	15
8136	15
8137	15
8138	15
8139	15
8140	15
8141	15
8142	15
8143	15
8144	15
8145	15
8146	15
8147	15
8148	15
8149	15
8150	15
8151	15
8152	15
8153	15
8154	15
8155	15
8156	15
8157	15
8158	15
8159	15
8160	15
8161	15
8162	15
8163	15
8164	15
8165	15
8166	15
8167	15
8168	15
8169	15
8170	15
8171	15
8172	15
8173	15
8174	15
8175	15
8176	15
8177	15
8178	15
8179	15
8180	15
8181	15
8182	15
8183	15
8184	15
8185	15
8186	15
8187	15
8188	15
8189	15
8190	15
8191	15
8192	15
8193	15
8194	15
8195	15
8196	15
8197	15
8198	15
8199	15
8200	15
8201	15
8202	15
8203	15
8204	15
8205	15
8206	15
8207	15
8208	15
8209	15
8210	15
8211	15
8212	15
8213	15
8214	15
8215	15
8216	15
8217	15
8218	15
8219	15
8220	15
8221	15
8222	15
8223	15
8224	15
8225	15
8226	15
8227	15
8228	15
8229	15
8230	15
8231	15
8232	15
8233	15
8234	15
8235	15
8236	15
8237	15
8238	15
8239	15
8240	15
8241	15
8242	15
8243	15
8244	15
8245	15
8246	15
8247	15
8248	15
8249	15
8250	15
8251	15
8252	15
8253	15
8254	15
8255	15
8256	15
8257	15
8258	15
8259	15
8260	15
8261	15
8262	15
8263	15
8264	15
8265	15
8266	15
8267	15
8268	15
8269	15
8270	15
8271	15
8272	15
8273	15
8274	15
8275	15
8276	15
8277	15
8278	15
8279	15
8280	15
8281	15
8282	15
8283	15
8284	15
8285	15
8286	15
8287	15
8288	15
8289	15
8290	15
8291	15
8292	15
8293	15
8294	15
8295	15
8296	15
8297	15
8298	15
8299	15
8300	15
8301	15
8302	15
8303	15
8304	15
8305	15
8306	15
8307	15
8308	15
8309	15
8310	15
8311	15
8312	15
8313	15
8314	15
8315	15
8316	15
8317	15
8318	15
8319	15
8320	15
8321	15
8322	15
8323	15
8324	15
8325	15
8326	15
8327	15
8328	15
8329	15
8330	15
8331	15
8332	15
8333	15
8334	15
8335	15
8336	15
8337	15
8338	15
8339	15
8340	15
8341	15
8342	15
8343	15
8344	15
8345	15
8346	15
8347	15
8348	15
8349	15
8350	15
8351	15
8352	15
8353	15
8354	15
8355	16
8356	16
8357	16
8358	16
8359	16
8360	16
8361	16
8362	16
8363	16
8364	17
8365	17
8366	17
8367	17
8368	17
8369	17
8370	17
8371	17
8372	17
8373	17
8374	17
8375	17
8376	17
8377	17
8378	17
8379	17
8380	17
8381	17
8382	17
8383	17
8384	17
8385	17
8386	17
8387	17
8388	17
8389	17
8390	17
8391	17
8392	17
8393	17
8394	17
8395	17
8396	17
8397	17
8398	17
8399	17
8400	17
8401	17
8402	17
8403	17
8404	17
8405	17
8406	17
8407	17
8408	17
8409	17
8410	17
8411	17
8412	17
8413	17
8414	17
8415	17
8416	17
8417	17
8418	17
8419	17
8420	17
8421	17
8422	17
8423	17
8424	17
8425	17
8426	17
8427	17
8428	17
8429	17
8430	17
8431	17
8432	17
8433	17
8434	17
8435	17
8436	17
8437	17
8438	17
8439	17
8440	17
8441	17
8442	17
8443	17
8444	17
8445	17
8446	17
8447	17
8448	17
8449	17
8450	17
8451	17
8452	17
8453	17
8454	17
8455	17
8456	17
8457	17
8458	17
8459	17
8460	17
8461	17
8462	17
8463	17
8464	17
8465	17
8466	17
8467	17
8468	17
8469	17
8470	17
8471	17
8472	17
8473	17
8474	17
8475	17
8476	17
8477	17
8478	17
8479	17
8480	17
8481	17
8482	17
8483	17
8484	17
8485	17
8486	17
8487	17
8488	17
8489	17
8490	17
8491	17
8492	17
8493	17
8494	17
8495	17
8496	17
8497	17
8498	17
8499	18
8500	18
8501	18
8502	18
8503	18
8504	18
8505	18
8506	18
8507	18
8508	18
8509	18
8510	18
8511	18
8512	18
8513	18
8514	18
8515	18
8516	18
8517	18
8518	18
8519	18
8520	18
8521	18
8522	18
8523	18
8524	18
8525	18
8526	18
8527	18
8528	18
8529	18
8530	18
8531	18
8532	18
8533	18
8534	18
8535	18
8536	18
8537	18
8538	18
8539	18
8540	18
8541	18
8542	18
8543	18
8544	18
8545	18
8546	18
8547	18
8548	18
8549	18
8550	18
8551	18
8552	18
8553	18
8554	18
8555	18
8556	18
8557	18
8558	18
8559	18
8560	18
8561	18
8562	18
8563	18
8564	18
8565	18
8566	18
8567	18
8568	18
8569	18
8570	18
8571	18
8572	18
8573	18
8574	18
8575	18
8576	18
8577	18
8578	18
8579	18
8580	18
8581	18
8582	18
8583	18
8584	18
8585	18
8586	18
8587	18
8588	18
8589	18
8590	18
8591	18
8592	18
8593	18
8594	18
8595	18
8596	18
8597	18
8598	18
8599	18
8600	18
8601	18
8602	18
8603	18
8604	18
8605	18
8606	18
8607	18
8608	18
8609	18
8610	18
8611	18
8612	18
8613	18
8614	18
8615	18
8616	18
8617	18
8618	18
8619	18
8620	18
8621	18
8622	18
8623	18
8624	18
8625	18
8626	18
8627	18
8628	18
8629	18
8630	18
8631	18
8632	18
8633	18
8634	18
8635	18
8636	18
8637	18
8638	18
8639	18
8640	18
8641	18
8642	18
8643	18
8644	18
8645	18
8646	18
8647	18
8648	18
8649	18
8650	18
8651	18
8652	18
8653	18
8654	18
8655	18
8656	18
8657	18
8658	18
8659	18
8660	18
8661	18
8662	18
8663	18
8664	18
8665	18
8666	18
8667	18
8668	18
8669	18
8670	18
8671	18
8672	18
8673	18
8674	18
8675	18
8676	18
8677	18
8678	18
8679	18
8680	18
8681	18
8682	18
8683	18
8684	18
8685	18
8686	18
8687	18
8688	18
8689	18
8690	18
8691	18
8692	18
8693	18
8694	18
8695	18
8696	18
8697	18
8698	18
8699	18
8700	18
8701	18
8702	18
8703	18
8704	18
8705	18
8706	18
8707	18
8708	18
8709	18
8710	18
8711	18
8712	18
8713	18
8714	18
8715	18
8716	18
8717	18
8718	18
8719	18
8720	18
8721	18
8722	18
8723	18
8724	18
8725	18
8726	18
8727	18
8728	18
8729	18
8730	18
8731	18
8732	18
8733	18
8734	18
8735	18
8736	18
8737	18
8738	18
8739	18
8740	18
8741	18
8742	18
8743	18
8744	18
8745	18
8746	18
8747	18
8748	18
8749	18
8750	18
8751	18
8752	18
8753	18
8754	18
8755	18
8756	18
8757	18
8758	18
8759	18
8760	18
8761	18
8762	18
8763	18
8764	18
8765	18
8766	18
8767	18
8768	18
8769	18
8770	18
8771	18
8772	18
8773	18
8774	18
8775	18
8776	18
8777	18
8778	18
8779	18
8780	18
8781	18
8782	18
8783	18
8784	18
8785	18
8786	18
8787	18
8788	18
8789	18
8790	18
8791	18
8792	18
8793	18
8794	18
8795	18
8796	18
8797	18
8798	18
8799	18
8800	18
8801	18
8802	18
8803	18
8804	18
8805	18
8806	18
8807	18
8808	18
8809	18
8810	18
8811	18
8812	18
8813	18
8814	18
8815	18
8816	18
8817	18
8818	18
8819	18
8820	18
8821	18
8822	18
8823	18
8824	18
8825	18
8826	18
8827	18
8828	18
8829	18
8830	18
8831	18
8832	18
8833	18
8834	18
8835	18
8836	18
8837	18
8838	18
8839	18
8840	18
8841	18
8842	18
8843	18
8844	18
8845	18
8846	18
8847	18
8848	18
8849	18
8850	18
8851	18
8852	18
8853	18
8854	18
8855	18
8856	18
8857	18
8858	18
8859	18
8860	18
8861	18
8862	18
8863	18
8864	18
8865	18
8866	18
8867	18
8868	18
8869	18
8870	18
8871	18
8872	18
8873	18
8874	18
8875	18
8876	18
8877	18
8878	18
8879	18
8880	18
8881	18
8882	18
8883	18
8884	18
8885	18
8886	18
8887	18
8888	18
8889	18
8890	18
8891	18
8892	18
8893	18
8894	18
8895	18
8896	18
8897	18
8898	18
8899	18
8900	18
8901	18
8902	18
8903	18
8904	18
8905	18
8906	18
8907	18
8908	18
8909	18
8910	18
8911	18
8912	18
8913	18
8914	18
8915	18
8916	18
8917	18
8918	18
8919	18
8920	18
8921	18
8922	18
8923	18
8924	18
8925	18
8926	18
8927	18
8928	18
8929	18
8930	18
8931	18
8932	18
8933	18
8934	18
8935	18
8936	18
8937	18
8938	18
8939	18
8940	18
8941	18
8942	18
8943	18
8944	18
8945	18
8946	18
8947	18
8948	18
8949	18
8950	18
8951	18
8952	18
8953	18
8954	18
8955	18
8956	18
8957	18
8958	18
8959	18
8960	18
8961	18
8962	18
8963	18
8964	18
8965	18
8966	18
8967	18
8968	18
8969	18
8970	18
8971	18
8972	18
8973	18
8974	18
8975	18
8976	18
8977	18
8978	18
8979	18
8980	18
8981	18
8982	18
8983	18
8984	18
8985	18
8986	18
8987	18
8988	18
8989	18
8990	18
8991	18
8992	18
8993	18
8994	18
8995	18
8996	18
8997	18
8998	18
8999	18
9000	18
9001	18
9002	18
9003	18
9004	18
9005	18
9006	18
9007	18
9008	18
9009	18
9010	18
9011	18
9012	18
9013	18
9014	18
9015	18
9016	18
9017	18
9018	18
9019	18
9020	18
9021	18
9022	18
9023	18
9024	18
9025	18
9026	18
9027	18
9028	18
9029	18
9030	18
9031	18
9032	18
9033	18
9034	18
9035	18
9036	18
9037	18
9038	18
9039	18
9040	18
9041	18
9042	18
9043	18
9044	18
9045	18
9046	18
9047	18
9048	18
9049	18
9050	18
9051	18
9052	18
9053	18
9054	18
9055	18
9056	18
9057	18
9058	18
9059	18
9060	18
9061	18
9062	18
9063	18
9064	18
9065	18
9066	18
9067	18
9068	18
9069	18
9070	18
9071	18
9072	18
9073	18
9074	18
9075	18
9076	18
9077	18
9078	18
9079	18
9080	18
9081	18
9082	18
9083	18
9084	18
9085	18
9086	18
9087	18
9088	18
9089	18
9090	18
9091	18
9092	18
9093	18
9094	18
9095	18
9096	18
9097	18
9098	18
9099	18
9100	18
9101	18
9102	18
9103	18
9104	18
9105	18
9106	18
9107	18
9108	18
9109	18
9110	18
9111	18
9112	18
9113	18
9114	18
9115	18
9116	18
9117	18
9118	18
9119	18
9120	18
9121	18
9122	18
9123	18
9124	18
9125	18
9126	18
9127	18
9128	18
9129	18
9130	18
9131	18
9132	18
9133	18
9134	18
9135	18
9136	18
9137	18
9138	18
9139	18
9140	18
9141	18
9142	18
9143	18
9144	18
9145	18
9146	18
9147	18
9148	18
9149	18
9150	18
9151	18
9152	18
9153	18
9154	18
9155	18
9156	18
9157	18
9158	18
9159	18
9160	18
9161	18
9162	18
9163	18
9164	18
9165	18
9166	18
9167	18
9168	18
9169	18
9170	18
9171	18
9172	18
9173	18
9174	18
9175	18
9176	18
9177	18
9178	18
9179	18
9180	18
9181	18
9182	18
9183	18
9184	18
9185	18
9186	18
9187	18
9188	18
9189	18
9190	18
9191	18
9192	18
9193	18
9194	18
9195	18
9196	18
9197	18
9198	18
9199	18
9200	18
9201	18
9202	18
9203	18
9204	18
9205	18
9206	18
9207	18
9208	18
9209	18
9210	18
9211	18
9212	18
9213	18
9214	18
9215	18
9216	18
9217	18
9218	18
9219	18
9220	18
9221	18
9222	18
9223	18
9224	18
9225	18
9226	18
9227	18
9228	18
9229	18
9230	18
9231	18
9232	18
9233	18
9234	18
9235	18
9236	18
9237	18
9238	18
9239	18
9240	18
9241	18
9242	18
9243	18
9244	18
9245	18
9246	18
9247	18
9248	18
9249	18
9250	18
9251	18
9252	18
9253	18
9254	18
9255	18
9256	18
9257	18
9258	18
9259	18
9260	18
9261	18
9262	18
9263	18
9264	18
9265	18
9266	18
9267	18
9268	18
9269	18
9270	18
9271	18
9272	18
9273	18
9274	18
9275	18
9276	18
9277	18
9278	18
9279	18
9280	18
9281	18
9282	18
9283	18
9284	18
9285	18
9286	18
9287	18
9288	18
9289	18
9290	18
9291	18
9292	18
9293	18
9294	18
9295	18
9296	18
9297	18
9298	18
9299	18
9300	18
9301	18
9302	18
9303	18
9304	18
9305	18
9306	18
9307	18
9308	18
9309	18
9310	18
9311	18
9312	18
9313	18
9314	18
9315	18
9316	18
9317	18
9318	18
9319	18
9320	18
9321	18
9322	18
9323	18
9324	18
9325	18
9326	18
9327	18
9328	18
9329	18
9330	18
9331	18
9332	18
9333	18
9334	18
9335	18
9336	18
9337	18
9338	18
9339	18
9340	18
9341	18
9342	18
9343	18
9344	18
9345	18
9346	18
9347	18
9348	18
9349	18
9350	18
9351	18
9352	18
9353	18
9354	18
9355	18
9356	18
9357	18
9358	18
9359	18
9360	18
9361	18
9362	18
9363	18
9364	18
9365	18
9366	18
9367	18
9368	18
9369	18
9370	18
9371	18
9372	18
9373	18
9374	18
9375	18
9376	18
9377	18
9378	18
9379	18
9380	18
9381	18
9382	18
9383	18
9384	18
9385	18
9386	18
9387	18
9388	18
9389	18
9390	18
9391	18
9392	18
9393	18
9394	18
9395	18
9396	18
9397	18
9398	18
9399	18
9400	18
9401	18
9402	18
9403	18
9404	18
9405	18
9406	18
9407	18
9408	18
9409	18
9410	18
9411	18
9412	18
9413	18
9414	18
9415	18
9416	18
9417	18
9418	18
9419	18
9420	18
9421	18
9422	18
9423	18
9424	18
9425	18
9426	18
9427	18
9428	18
9429	18
9430	18
9431	18
9432	18
9433	18
9434	18
9435	18
9436	18
9437	18
9438	18
9439	18
9440	18
9441	18
9442	18
9443	18
9444	18
9445	18
9446	18
9447	18
9448	18
9449	18
9450	18
9451	18
9452	18
9453	18
9454	18
9455	18
9456	18
9457	18
9458	18
9459	18
9460	18
9461	18
9462	18
9463	18
9464	18
9465	18
9466	18
9467	18
9468	18
9469	18
9470	18
9471	18
9472	18
9473	18
9474	18
9475	18
9476	18
9477	18
9478	18
9479	18
9480	18
9481	18
9482	18
9483	18
9484	18
9485	18
9486	18
9487	18
9488	18
9489	18
9490	18
9491	18
9492	18
9493	18
9494	18
9495	18
9496	18
9497	18
9498	18
9499	18
9500	18
9501	18
9502	18
9503	18
9504	18
9505	18
9506	18
9507	18
9508	18
9509	18
9510	18
9511	18
9512	18
9513	18
9514	18
9515	18
9516	18
9517	18
9518	18
9519	18
9520	18
9521	18
9522	18
9523	18
9524	18
9525	18
9526	18
9527	18
9528	18
9529	18
9530	18
9531	18
9532	18
9533	18
9534	18
9535	19
9536	19
9537	19
9538	19
9539	19
9540	19
9541	19
9542	19
9543	19
9544	19
9545	19
9546	19
9547	19
9548	19
9549	19
9550	19
9551	19
9552	19
9553	19
9554	19
9555	19
9556	19
9557	19
9558	19
9559	19
9560	19
9561	19
9562	19
9563	19
9564	19
9565	19
9566	19
9567	19
9568	19
9569	19
9570	19
9571	19
9572	19
9573	19
9574	19
9575	19
9576	19
9577	19
9578	19
9579	19
9580	19
9581	19
9582	19
9583	19
9584	19
9585	19
9586	19
9587	19
9588	19
9589	19
9590	19
9591	19
9592	19
9593	19
9594	19
9595	19
9596	19
9597	19
9598	19
9599	19
9600	19
9601	19
9602	19
9603	19
9604	19
9605	19
9606	19
9607	19
9608	19
9609	19
9610	19
9611	19
9612	19
9613	19
9614	19
9615	19
9616	19
9617	19
9618	19
9619	19
9620	19
9621	19
9622	19
9623	19
9624	19
9625	19
9626	19
9627	19
9628	19
9629	19
9630	19
9631	19
9632	19
9633	19
9634	19
9635	19
9636	19
9637	19
9638	19
9639	19
9640	19
9641	19
9642	19
9643	19
9644	19
9645	19
9646	19
9647	19
9648	19
9649	19
9650	19
9651	19
9652	19
9653	19
9654	19
9655	19
9656	19
9657	19
9658	19
9659	19
9660	19
9661	19
9662	19
9663	19
9664	19
9665	19
9666	19
9667	19
9668	19
9669	19
9670	19
9671	19
9672	19
9673	19
9674	19
9675	19
9676	19
9677	19
9678	19
9679	19
9680	19
9681	19
9682	19
9683	19
9684	19
9685	19
9686	19
9687	19
9688	19
9689	19
9690	19
9691	19
9692	19
9693	19
9694	19
9695	19
9696	19
9697	19
9698	19
9699	19
9700	19
9701	19
9702	19
9703	19
9704	19
9705	19
9706	19
9707	19
9708	19
9709	19
9710	19
9711	19
9712	19
9713	19
9714	19
9715	19
9716	19
9717	19
9718	19
9719	19
9720	19
9721	19
9722	19
9723	19
9724	19
9725	19
9726	19
9727	19
9728	19
9729	19
9730	19
9731	19
9732	19
9733	19
9734	19
9735	19
9736	19
9737	19
9738	19
9739	19
9740	19
9741	19
9742	19
9743	19
9744	19
9745	19
9746	19
9747	19
9748	19
9749	19
9750	19
9751	19
9752	19
9753	19
9754	19
9755	19
9756	19
9757	19
9758	19
9759	19
9760	19
9761	19
9762	19
9763	19
9764	19
9765	19
9766	19
9767	19
9768	19
9769	19
9770	19
9771	19
9772	19
9773	19
9774	19
9775	19
9776	19
9777	19
9778	19
9779	19
9780	19
9781	19
9782	19
9783	19
9784	19
9785	19
9786	19
9787	19
9788	19
9789	19
9790	19
9791	19
9792	19
9793	19
9794	19
9795	19
9796	19
9797	19
9798	19
9799	19
9800	19
9801	19
9802	19
9803	19
9804	19
9805	19
9806	19
9807	19
9808	19
9809	19
9810	19
9811	19
9812	19
9813	19
9814	19
9815	19
9816	19
9817	19
9818	19
9819	19
9820	19
9821	19
9822	19
9823	19
9824	19
9825	19
9826	19
9827	19
9828	19
9829	19
9830	19
9831	19
9832	19
9833	19
9834	19
9835	19
9836	19
9837	19
9838	19
9839	19
9840	19
9841	19
9842	19
9843	19
9844	19
9845	19
9846	19
9847	19
9848	19
9849	19
9850	19
9851	19
9852	19
9853	19
9854	19
9855	19
9856	19
9857	19
9858	19
9859	19
9860	19
9861	19
9862	19
9863	19
9864	19
9865	19
9866	19
9867	19
9868	19
9869	19
9870	19
9871	19
9872	19
9873	19
9874	19
9875	19
9876	19
9877	19
9878	19
9879	19
9880	19
9881	19
9882	19
9883	19
9884	19
9885	19
9886	19
9887	19
9888	19
9889	19
9890	19
9891	19
9892	19
9893	19
9894	19
9895	19
9896	19
9897	19
9898	19
9899	19
9900	19
9901	19
9902	19
9903	19
9904	19
9905	19
9906	19
9907	19
9908	19
9909	19
9910	19
9911	19
9912	19
9913	19
9914	19
9915	19
9916	19
9917	19
9918	19
9919	19
9920	19
9921	19
9922	19
9923	19
9924	19
9925	19
9926	19
9927	19
9928	19
9929	19
9930	19
9931	19
9932	19
9933	19
9934	19
9935	19
9936	19
9937	19
9938	19
9939	19
9940	19
9941	19
9942	19
9943	19
9944	19
9945	19
9946	19
9947	19
9948	19
9949	19
9950	19
9951	19
9952	19
9953	19
9954	19
9955	19
9956	19
9957	19
9958	19
9959	19
9960	19
9961	19
9962	19
9963	19
9964	19
9965	19
9966	19
9967	19
9968	19
9969	19
9970	19
9971	19
9972	19
9973	19
9974	19
9975	19
9976	19
9977	19
9978	19
9979	19
9980	19
9981	19
9982	19
9983	19
9984	19
9985	19
9986	19
9987	19
9988	19
9989	19
9990	19
9991	19
9992	19
9993	19
9994	19
9995	19
9996	19
9997	19
9998	19
9999	19
10000	19
