#Clock	ItemsCollected
1	0
2	0
3	0
4	0
5	0
6	0
7	0
8	0
9	0
10	0
11	0
12	0
13	0
14	0
15	0
16	0
17	0
18	0
19	0
20	0
21	0
22	0
23	0
24	0
25	0
26	0
27	0
28	0
29	0
30	0
31	0
32	0
33	0
34	0
35	0
36	0
37	0
38	0
39	0
40	0
41	0
42	0
43	0
44	0
45	0
46	0
47	0
48	0
49	0
50	0
51	0
52	0
53	0
54	0
55	0
56	0
57	0
58	0
59	0
60	0
61	0
62	0
63	0
64	0
65	0
66	0
67	0
68	0
69	0
70	0
71	0
72	0
73	0
74	0
75	0
76	0
77	0
78	0
79	0
80	0
81	0
82	0
83	0
84	0
85	0
86	0
87	0
88	0
89	0
90	0
91	0
92	0
93	0
94	0
95	0
96	0
97	0
98	0
99	0
100	0
101	0
102	0
103	0
104	0
105	0
106	0
107	0
108	0
109	0
110	0
111	0
112	0
113	0
114	0
115	0
116	0
117	0
118	0
119	0
120	0
121	0
122	0
123	0
124	0
125	0
126	0
127	0
128	0
129	0
130	0
131	0
132	0
133	0
134	0
135	0
136	0
137	0
138	0
139	0
140	0
141	0
142	0
143	0
144	0
145	0
146	0
147	0
148	0
149	0
150	0
151	0
152	0
153	0
154	0
155	0
156	0
157	0
158	0
159	0
160	0
161	0
162	0
163	0
164	0
165	0
166	0
167	0
168	0
169	0
170	0
171	0
172	0
173	0
174	0
175	0
176	0
177	0
178	0
179	0
180	0
181	0
182	0
183	0
184	0
185	0
186	0
187	0
188	0
189	0
190	0
191	0
192	0
193	0
194	0
195	0
196	0
197	0
198	0
199	0
200	0
201	0
202	0
203	0
204	0
205	0
206	0
207	0
208	0
209	0
210	0
211	0
212	0
213	0
214	0
215	0
216	0
217	0
218	0
219	0
220	0
221	0
222	0
223	0
224	0
225	0
226	0
227	0
228	0
229	0
230	0
231	0
232	0
233	0
234	0
235	0
236	0
237	0
238	0
239	0
240	0
241	0
242	0
243	0
244	0
245	0
246	0
247	0
248	0
249	0
250	0
251	0
252	0
253	0
254	0
255	0
256	0
257	0
258	0
259	0
260	0
261	0
262	0
263	0
264	0
265	0
266	0
267	0
268	0
269	0
270	0
271	0
272	0
273	0
274	0
275	0
276	0
277	0
278	0
279	0
280	0
281	0
282	0
283	0
284	0
285	0
286	0
287	0
288	0
289	0
290	0
291	0
292	0
293	0
294	0
295	0
296	0
297	0
298	0
299	0
300	0
301	0
302	0
303	0
304	0
305	0
306	0
307	0
308	0
309	0
310	0
311	0
312	0
313	0
314	0
315	0
316	0
317	0
318	0
319	0
320	0
321	0
322	0
323	0
324	0
325	0
326	0
327	0
328	0
329	0
330	0
331	0
332	0
333	0
334	0
335	0
336	0
337	0
338	0
339	0
340	0
341	0
342	0
343	0
344	0
345	0
346	0
347	0
348	0
349	0
350	0
351	0
352	0
353	0
354	0
355	0
356	0
357	0
358	0
359	0
360	0
361	0
362	0
363	0
364	0
365	0
366	0
367	0
368	0
369	0
370	0
371	0
372	0
373	0
374	0
375	0
376	0
377	0
378	0
379	0
380	0
381	0
382	0
383	0
384	0
385	0
386	0
387	0
388	0
389	0
390	0
391	0
392	0
393	0
394	0
395	0
396	0
397	0
398	0
399	0
400	0
401	0
402	0
403	0
404	0
405	0
406	0
407	0
408	0
409	0
410	0
411	0
412	0
413	0
414	0
415	0
416	0
417	0
418	0
419	0
420	0
421	0
422	0
423	0
424	0
425	0
426	0
427	0
428	0
429	0
430	0
431	0
432	0
433	0
434	0
435	0
436	0
437	0
438	0
439	0
440	0
441	0
442	0
443	0
444	0
445	0
446	0
447	0
448	0
449	0
450	0
451	0
452	0
453	0
454	0
455	0
456	0
457	0
458	0
459	0
460	0
461	0
462	0
463	0
464	0
465	0
466	0
467	0
468	0
469	0
470	0
471	0
472	0
473	0
474	0
475	0
476	0
477	0
478	0
479	0
480	0
481	0
482	0
483	0
484	0
485	0
486	0
487	0
488	0
489	0
490	0
491	0
492	0
493	0
494	0
495	0
496	0
497	0
498	0
499	0
500	0
501	0
502	0
503	0
504	0
505	0
506	0
507	0
508	0
509	0
510	0
511	0
512	0
513	0
514	0
515	0
516	0
517	0
518	0
519	0
520	0
521	0
522	0
523	0
524	0
525	0
526	0
527	0
528	0
529	0
530	0
531	0
532	0
533	0
534	0
535	0
536	0
537	0
538	0
539	0
540	0
541	0
542	0
543	0
544	0
545	0
546	0
547	0
548	0
549	0
550	0
551	0
552	0
553	0
554	0
555	0
556	0
557	0
558	0
559	0
560	0
561	0
562	0
563	0
564	0
565	0
566	0
567	0
568	0
569	0
570	0
571	0
572	0
573	0
574	0
575	0
576	0
577	0
578	0
579	0
580	0
581	0
582	0
583	0
584	0
585	0
586	0
587	0
588	0
589	0
590	0
591	0
592	0
593	0
594	0
595	0
596	0
597	0
598	0
599	0
600	0
601	0
602	0
603	0
604	0
605	0
606	0
607	0
608	0
609	0
610	0
611	0
612	0
613	0
614	0
615	0
616	0
617	0
618	0
619	0
620	0
621	0
622	0
623	0
624	0
625	0
626	0
627	0
628	0
629	0
630	0
631	0
632	0
633	0
634	0
635	0
636	0
637	0
638	0
639	0
640	0
641	0
642	0
643	0
644	0
645	0
646	0
647	0
648	0
649	0
650	0
651	0
652	0
653	0
654	0
655	0
656	0
657	0
658	0
659	0
660	0
661	0
662	0
663	0
664	0
665	0
666	0
667	0
668	0
669	0
670	0
671	0
672	0
673	0
674	0
675	0
676	0
677	0
678	0
679	0
680	0
681	0
682	0
683	0
684	0
685	0
686	0
687	0
688	0
689	0
690	0
691	0
692	0
693	0
694	0
695	0
696	0
697	0
698	0
699	0
700	0
701	0
702	0
703	0
704	0
705	0
706	0
707	0
708	0
709	0
710	0
711	0
712	0
713	0
714	0
715	0
716	0
717	0
718	0
719	0
720	0
721	0
722	0
723	0
724	0
725	0
726	0
727	0
728	0
729	0
730	0
731	0
732	0
733	0
734	0
735	0
736	0
737	0
738	0
739	0
740	0
741	0
742	0
743	0
744	0
745	0
746	0
747	0
748	0
749	0
750	0
751	0
752	0
753	0
754	0
755	0
756	0
757	0
758	0
759	0
760	0
761	0
762	0
763	0
764	0
765	0
766	0
767	0
768	0
769	0
770	0
771	0
772	0
773	0
774	0
775	0
776	0
777	0
778	0
779	0
780	0
781	0
782	0
783	0
784	0
785	0
786	0
787	0
788	0
789	0
790	0
791	0
792	0
793	0
794	0
795	0
796	0
797	0
798	0
799	0
800	0
801	0
802	0
803	0
804	0
805	0
806	0
807	0
808	0
809	0
810	0
811	0
812	0
813	0
814	0
815	0
816	0
817	0
818	0
819	0
820	0
821	0
822	0
823	0
824	0
825	0
826	0
827	0
828	0
829	0
830	0
831	0
832	0
833	0
834	0
835	0
836	0
837	0
838	0
839	0
840	0
841	0
842	0
843	0
844	0
845	0
846	0
847	0
848	0
849	0
850	0
851	0
852	0
853	0
854	0
855	0
856	0
857	0
858	0
859	0
860	0
861	0
862	0
863	0
864	0
865	0
866	0
867	0
868	0
869	0
870	0
871	0
872	0
873	0
874	0
875	0
876	0
877	0
878	0
879	0
880	0
881	0
882	0
883	0
884	0
885	0
886	0
887	0
888	0
889	0
890	0
891	0
892	0
893	0
894	0
895	0
896	0
897	0
898	0
899	0
900	0
901	0
902	0
903	0
904	0
905	0
906	0
907	0
908	0
909	0
910	0
911	0
912	0
913	0
914	0
915	0
916	0
917	0
918	0
919	0
920	0
921	0
922	0
923	0
924	0
925	0
926	0
927	0
928	0
929	0
930	0
931	0
932	0
933	0
934	0
935	0
936	0
937	0
938	0
939	0
940	0
941	0
942	0
943	0
944	0
945	0
946	0
947	0
948	0
949	0
950	0
951	0
952	0
953	0
954	0
955	0
956	0
957	0
958	0
959	0
960	0
961	0
962	0
963	0
964	0
965	0
966	0
967	0
968	0
969	0
970	0
971	0
972	0
973	0
974	0
975	0
976	0
977	0
978	0
979	0
980	0
981	0
982	0
983	0
984	0
985	0
986	0
987	0
988	0
989	0
990	0
991	0
992	0
993	0
994	0
995	0
996	0
997	0
998	0
999	0
1000	0
1001	0
1002	0
1003	0
1004	0
1005	0
1006	0
1007	0
1008	0
1009	0
1010	0
1011	0
1012	0
1013	0
1014	0
1015	0
1016	0
1017	0
1018	0
1019	0
1020	0
1021	0
1022	0
1023	0
1024	0
1025	0
1026	0
1027	0
1028	0
1029	0
1030	0
1031	0
1032	0
1033	0
1034	0
1035	0
1036	0
1037	0
1038	0
1039	0
1040	0
1041	0
1042	0
1043	0
1044	0
1045	0
1046	0
1047	0
1048	0
1049	0
1050	0
1051	0
1052	0
1053	0
1054	0
1055	0
1056	0
1057	0
1058	0
1059	1
1060	1
1061	1
1062	1
1063	1
1064	1
1065	1
1066	1
1067	1
1068	1
1069	1
1070	1
1071	1
1072	1
1073	1
1074	1
1075	1
1076	1
1077	1
1078	1
1079	1
1080	1
1081	1
1082	1
1083	1
1084	1
1085	1
1086	1
1087	1
1088	1
1089	1
1090	1
1091	1
1092	1
1093	1
1094	1
1095	1
1096	1
1097	1
1098	1
1099	1
1100	1
1101	1
1102	1
1103	1
1104	1
1105	1
1106	1
1107	1
1108	1
1109	1
1110	1
1111	1
1112	1
1113	1
1114	1
1115	1
1116	1
1117	1
1118	1
1119	1
1120	1
1121	1
1122	1
1123	1
1124	1
1125	1
1126	1
1127	1
1128	1
1129	1
1130	1
1131	1
1132	1
1133	1
1134	1
1135	1
1136	1
1137	1
1138	1
1139	1
1140	1
1141	1
1142	1
1143	1
1144	1
1145	1
1146	1
1147	1
1148	1
1149	1
1150	1
1151	1
1152	1
1153	1
1154	1
1155	1
1156	1
1157	1
1158	1
1159	1
1160	1
1161	1
1162	1
1163	1
1164	1
1165	1
1166	1
1167	1
1168	1
1169	1
1170	1
1171	1
1172	1
1173	1
1174	1
1175	1
1176	1
1177	1
1178	1
1179	1
1180	1
1181	1
1182	1
1183	1
1184	1
1185	1
1186	1
1187	1
1188	1
1189	1
1190	1
1191	1
1192	1
1193	1
1194	1
1195	1
1196	1
1197	1
1198	1
1199	1
1200	1
1201	1
1202	1
1203	1
1204	1
1205	1
1206	1
1207	1
1208	1
1209	1
1210	1
1211	1
1212	1
1213	1
1214	1
1215	1
1216	1
1217	1
1218	1
1219	1
1220	1
1221	1
1222	1
1223	1
1224	1
1225	1
1226	1
1227	1
1228	1
1229	1
1230	1
1231	1
1232	1
1233	1
1234	1
1235	1
1236	1
1237	1
1238	1
1239	1
1240	1
1241	1
1242	1
1243	1
1244	1
1245	1
1246	1
1247	1
1248	1
1249	1
1250	1
1251	1
1252	1
1253	1
1254	1
1255	1
1256	1
1257	1
1258	1
1259	1
1260	1
1261	1
1262	1
1263	1
1264	1
1265	1
1266	1
1267	1
1268	1
1269	1
1270	1
1271	1
1272	1
1273	1
1274	1
1275	1
1276	1
1277	1
1278	1
1279	1
1280	1
1281	1
1282	1
1283	1
1284	1
1285	1
1286	1
1287	1
1288	1
1289	1
1290	1
1291	1
1292	1
1293	1
1294	1
1295	1
1296	1
1297	1
1298	1
1299	1
1300	1
1301	1
1302	1
1303	1
1304	1
1305	1
1306	1
1307	1
1308	1
1309	1
1310	1
1311	1
1312	1
1313	1
1314	1
1315	1
1316	1
1317	1
1318	1
1319	1
1320	1
1321	1
1322	1
1323	1
1324	1
1325	1
1326	1
1327	1
1328	1
1329	1
1330	1
1331	1
1332	1
1333	1
1334	1
1335	1
1336	1
1337	1
1338	1
1339	1
1340	1
1341	1
1342	1
1343	1
1344	1
1345	1
1346	1
1347	1
1348	1
1349	1
1350	1
1351	1
1352	1
1353	1
1354	1
1355	1
1356	1
1357	1
1358	1
1359	1
1360	1
1361	1
1362	1
1363	1
1364	1
1365	1
1366	1
1367	1
1368	1
1369	1
1370	1
1371	1
1372	1
1373	1
1374	1
1375	1
1376	1
1377	1
1378	1
1379	1
1380	1
1381	1
1382	1
1383	1
1384	1
1385	1
1386	1
1387	1
1388	1
1389	1
1390	1
1391	1
1392	1
1393	1
1394	1
1395	1
1396	1
1397	1
1398	1
1399	1
1400	1
1401	1
1402	1
1403	1
1404	1
1405	1
1406	1
1407	1
1408	1
1409	1
1410	1
1411	1
1412	1
1413	1
1414	1
1415	1
1416	1
1417	1
1418	1
1419	1
1420	1
1421	1
1422	1
1423	1
1424	1
1425	1
1426	1
1427	1
1428	1
1429	1
1430	1
1431	1
1432	1
1433	1
1434	1
1435	1
1436	1
1437	1
1438	1
1439	1
1440	1
1441	1
1442	1
1443	1
1444	1
1445	1
1446	1
1447	1
1448	1
1449	1
1450	1
1451	1
1452	1
1453	1
1454	1
1455	1
1456	1
1457	1
1458	1
1459	1
1460	1
1461	1
1462	1
1463	1
1464	1
1465	1
1466	1
1467	1
1468	1
1469	1
1470	1
1471	1
1472	1
1473	1
1474	1
1475	1
1476	1
1477	1
1478	1
1479	1
1480	1
1481	1
1482	1
1483	1
1484	1
1485	1
1486	1
1487	1
1488	1
1489	1
1490	1
1491	1
1492	1
1493	1
1494	1
1495	1
1496	1
1497	1
1498	1
1499	1
1500	1
1501	1
1502	1
1503	1
1504	1
1505	1
1506	1
1507	1
1508	1
1509	1
1510	1
1511	1
1512	1
1513	1
1514	1
1515	1
1516	1
1517	1
1518	1
1519	1
1520	1
1521	1
1522	1
1523	1
1524	1
1525	1
1526	1
1527	1
1528	1
1529	1
1530	1
1531	1
1532	1
1533	1
1534	1
1535	1
1536	1
1537	1
1538	1
1539	1
1540	1
1541	1
1542	1
1543	1
1544	1
1545	1
1546	1
1547	1
1548	1
1549	1
1550	1
1551	1
1552	1
1553	1
1554	1
1555	1
1556	1
1557	1
1558	1
1559	1
1560	1
1561	1
1562	1
1563	1
1564	1
1565	1
1566	1
1567	1
1568	1
1569	1
1570	1
1571	1
1572	1
1573	1
1574	1
1575	1
1576	1
1577	1
1578	1
1579	1
1580	1
1581	1
1582	1
1583	1
1584	1
1585	1
1586	1
1587	1
1588	1
1589	1
1590	1
1591	1
1592	1
1593	1
1594	1
1595	1
1596	1
1597	1
1598	1
1599	1
1600	1
1601	1
1602	1
1603	1
1604	1
1605	1
1606	1
1607	1
1608	1
1609	1
1610	1
1611	1
1612	1
1613	1
1614	1
1615	1
1616	1
1617	1
1618	1
1619	1
1620	1
1621	1
1622	1
1623	1
1624	1
1625	1
1626	1
1627	1
1628	1
1629	1
1630	1
1631	1
1632	1
1633	1
1634	1
1635	1
1636	1
1637	1
1638	1
1639	1
1640	1
1641	1
1642	1
1643	1
1644	1
1645	1
1646	1
1647	1
1648	1
1649	1
1650	1
1651	1
1652	1
1653	1
1654	1
1655	1
1656	1
1657	1
1658	1
1659	1
1660	1
1661	1
1662	1
1663	1
1664	1
1665	1
1666	1
1667	1
1668	1
1669	1
1670	1
1671	1
1672	1
1673	1
1674	1
1675	1
1676	1
1677	1
1678	1
1679	1
1680	1
1681	1
1682	1
1683	1
1684	1
1685	1
1686	1
1687	1
1688	1
1689	1
1690	1
1691	1
1692	1
1693	1
1694	1
1695	1
1696	1
1697	1
1698	1
1699	1
1700	1
1701	1
1702	1
1703	1
1704	1
1705	1
1706	1
1707	1
1708	1
1709	1
1710	1
1711	1
1712	1
1713	1
1714	1
1715	1
1716	1
1717	1
1718	1
1719	1
1720	1
1721	1
1722	1
1723	1
1724	1
1725	1
1726	1
1727	1
1728	1
1729	1
1730	1
1731	1
1732	1
1733	1
1734	1
1735	1
1736	1
1737	1
1738	1
1739	1
1740	1
1741	1
1742	1
1743	1
1744	1
1745	1
1746	1
1747	1
1748	1
1749	1
1750	1
1751	1
1752	1
1753	1
1754	1
1755	1
1756	1
1757	1
1758	1
1759	1
1760	1
1761	1
1762	1
1763	1
1764	1
1765	1
1766	1
1767	1
1768	1
1769	1
1770	1
1771	1
1772	1
1773	1
1774	1
1775	1
1776	1
1777	1
1778	1
1779	1
1780	1
1781	1
1782	1
1783	1
1784	1
1785	1
1786	1
1787	1
1788	1
1789	1
1790	1
1791	1
1792	1
1793	1
1794	1
1795	1
1796	1
1797	1
1798	1
1799	1
1800	1
1801	1
1802	1
1803	1
1804	1
1805	1
1806	1
1807	1
1808	1
1809	1
1810	1
1811	1
1812	1
1813	1
1814	1
1815	1
1816	1
1817	1
1818	1
1819	1
1820	1
1821	1
1822	1
1823	1
1824	1
1825	1
1826	1
1827	1
1828	1
1829	1
1830	1
1831	1
1832	1
1833	1
1834	1
1835	1
1836	1
1837	1
1838	1
1839	1
1840	1
1841	1
1842	1
1843	1
1844	1
1845	1
1846	1
1847	1
1848	1
1849	1
1850	1
1851	1
1852	1
1853	1
1854	1
1855	1
1856	1
1857	1
1858	1
1859	1
1860	1
1861	1
1862	1
1863	1
1864	1
1865	1
1866	1
1867	1
1868	1
1869	1
1870	1
1871	1
1872	1
1873	1
1874	1
1875	1
1876	1
1877	1
1878	1
1879	1
1880	1
1881	1
1882	1
1883	1
1884	1
1885	1
1886	1
1887	1
1888	1
1889	1
1890	1
1891	1
1892	1
1893	1
1894	1
1895	1
1896	1
1897	1
1898	1
1899	1
1900	1
1901	1
1902	1
1903	1
1904	1
1905	1
1906	1
1907	1
1908	1
1909	1
1910	1
1911	1
1912	1
1913	1
1914	1
1915	1
1916	1
1917	1
1918	1
1919	1
1920	1
1921	1
1922	1
1923	1
1924	1
1925	1
1926	1
1927	1
1928	1
1929	1
1930	1
1931	1
1932	1
1933	1
1934	1
1935	1
1936	1
1937	1
1938	1
1939	1
1940	1
1941	1
1942	1
1943	1
1944	1
1945	1
1946	1
1947	1
1948	1
1949	1
1950	1
1951	1
1952	1
1953	1
1954	1
1955	1
1956	1
1957	1
1958	1
1959	1
1960	1
1961	1
1962	1
1963	1
1964	1
1965	1
1966	1
1967	1
1968	1
1969	1
1970	1
1971	1
1972	1
1973	1
1974	1
1975	1
1976	1
1977	1
1978	1
1979	1
1980	1
1981	1
1982	1
1983	1
1984	1
1985	1
1986	1
1987	1
1988	1
1989	1
1990	1
1991	1
1992	1
1993	1
1994	1
1995	1
1996	1
1997	1
1998	1
1999	1
2000	1
2001	1
2002	1
2003	1
2004	1
2005	1
2006	1
2007	1
2008	1
2009	1
2010	1
2011	1
2012	1
2013	1
2014	1
2015	1
2016	1
2017	1
2018	1
2019	1
2020	1
2021	1
2022	1
2023	1
2024	1
2025	1
2026	1
2027	1
2028	1
2029	1
2030	1
2031	1
2032	1
2033	1
2034	1
2035	1
2036	1
2037	1
2038	1
2039	1
2040	1
2041	1
2042	1
2043	1
2044	1
2045	1
2046	1
2047	1
2048	1
2049	1
2050	1
2051	1
2052	1
2053	1
2054	1
2055	1
2056	1
2057	1
2058	1
2059	1
2060	1
2061	1
2062	1
2063	1
2064	1
2065	1
2066	1
2067	1
2068	1
2069	1
2070	1
2071	1
2072	1
2073	1
2074	1
2075	1
2076	1
2077	1
2078	1
2079	1
2080	1
2081	1
2082	1
2083	1
2084	1
2085	1
2086	1
2087	1
2088	1
2089	1
2090	1
2091	1
2092	1
2093	1
2094	1
2095	1
2096	1
2097	1
2098	1
2099	1
2100	1
2101	1
2102	1
2103	1
2104	1
2105	1
2106	1
2107	1
2108	1
2109	1
2110	1
2111	1
2112	1
2113	1
2114	1
2115	1
2116	1
2117	1
2118	1
2119	1
2120	1
2121	1
2122	1
2123	1
2124	1
2125	1
2126	1
2127	1
2128	1
2129	1
2130	1
2131	1
2132	1
2133	1
2134	1
2135	1
2136	1
2137	1
2138	1
2139	1
2140	1
2141	1
2142	1
2143	1
2144	1
2145	1
2146	1
2147	1
2148	1
2149	1
2150	1
2151	1
2152	1
2153	1
2154	1
2155	1
2156	1
2157	1
2158	1
2159	1
2160	1
2161	1
2162	1
2163	1
2164	1
2165	1
2166	1
2167	1
2168	1
2169	1
2170	1
2171	1
2172	1
2173	1
2174	1
2175	1
2176	1
2177	1
2178	1
2179	1
2180	1
2181	1
2182	1
2183	1
2184	1
2185	1
2186	1
2187	1
2188	1
2189	1
2190	1
2191	1
2192	1
2193	1
2194	1
2195	1
2196	1
2197	1
2198	1
2199	1
2200	1
2201	1
2202	1
2203	1
2204	1
2205	1
2206	1
2207	1
2208	1
2209	1
2210	1
2211	1
2212	1
2213	1
2214	1
2215	1
2216	1
2217	1
2218	1
2219	1
2220	1
2221	1
2222	1
2223	1
2224	1
2225	1
2226	1
2227	1
2228	1
2229	1
2230	1
2231	1
2232	1
2233	1
2234	1
2235	1
2236	1
2237	1
2238	1
2239	1
2240	1
2241	1
2242	1
2243	1
2244	1
2245	1
2246	1
2247	1
2248	1
2249	1
2250	1
2251	1
2252	1
2253	1
2254	1
2255	1
2256	1
2257	1
2258	1
2259	1
2260	1
2261	1
2262	1
2263	1
2264	1
2265	1
2266	1
2267	1
2268	1
2269	1
2270	1
2271	1
2272	1
2273	1
2274	1
2275	1
2276	1
2277	1
2278	1
2279	1
2280	1
2281	1
2282	1
2283	1
2284	1
2285	1
2286	1
2287	1
2288	1
2289	1
2290	1
2291	1
2292	1
2293	1
2294	1
2295	1
2296	1
2297	1
2298	1
2299	1
2300	1
2301	1
2302	1
2303	1
2304	1
2305	1
2306	1
2307	1
2308	1
2309	1
2310	1
2311	1
2312	1
2313	1
2314	1
2315	1
2316	1
2317	1
2318	1
2319	1
2320	1
2321	1
2322	1
2323	1
2324	1
2325	1
2326	1
2327	1
2328	1
2329	1
2330	1
2331	1
2332	1
2333	1
2334	1
2335	1
2336	1
2337	1
2338	1
2339	1
2340	1
2341	1
2342	1
2343	1
2344	1
2345	1
2346	1
2347	1
2348	1
2349	1
2350	1
2351	1
2352	1
2353	1
2354	1
2355	1
2356	1
2357	1
2358	1
2359	1
2360	1
2361	1
2362	1
2363	1
2364	1
2365	1
2366	1
2367	1
2368	1
2369	1
2370	1
2371	1
2372	1
2373	1
2374	1
2375	1
2376	1
2377	1
2378	1
2379	1
2380	1
2381	1
2382	1
2383	1
2384	1
2385	1
2386	1
2387	1
2388	1
2389	1
2390	1
2391	1
2392	1
2393	1
2394	1
2395	1
2396	1
2397	1
2398	1
2399	1
2400	1
2401	1
2402	1
2403	1
2404	1
2405	1
2406	1
2407	1
2408	1
2409	1
2410	1
2411	1
2412	1
2413	1
2414	1
2415	1
2416	1
2417	1
2418	1
2419	1
2420	1
2421	1
2422	1
2423	1
2424	1
2425	1
2426	1
2427	1
2428	1
2429	1
2430	1
2431	1
2432	1
2433	1
2434	1
2435	1
2436	1
2437	1
2438	1
2439	1
2440	1
2441	1
2442	1
2443	1
2444	1
2445	1
2446	1
2447	1
2448	1
2449	1
2450	1
2451	1
2452	1
2453	1
2454	1
2455	1
2456	1
2457	1
2458	1
2459	1
2460	1
2461	1
2462	1
2463	1
2464	1
2465	1
2466	1
2467	1
2468	1
2469	1
2470	1
2471	1
2472	1
2473	1
2474	1
2475	1
2476	1
2477	1
2478	1
2479	1
2480	1
2481	1
2482	1
2483	1
2484	1
2485	1
2486	1
2487	1
2488	1
2489	1
2490	1
2491	1
2492	1
2493	1
2494	1
2495	1
2496	1
2497	1
2498	1
2499	1
2500	1
2501	1
2502	1
2503	1
2504	1
2505	1
2506	1
2507	1
2508	1
2509	1
2510	1
2511	1
2512	1
2513	1
2514	1
2515	1
2516	1
2517	1
2518	1
2519	1
2520	1
2521	1
2522	1
2523	1
2524	1
2525	1
2526	1
2527	1
2528	1
2529	1
2530	1
2531	1
2532	1
2533	1
2534	1
2535	1
2536	1
2537	1
2538	1
2539	1
2540	1
2541	1
2542	1
2543	1
2544	1
2545	1
2546	1
2547	1
2548	1
2549	1
2550	1
2551	1
2552	1
2553	1
2554	1
2555	1
2556	1
2557	1
2558	1
2559	1
2560	1
2561	1
2562	1
2563	1
2564	1
2565	1
2566	1
2567	1
2568	1
2569	1
2570	1
2571	1
2572	1
2573	1
2574	1
2575	1
2576	1
2577	1
2578	1
2579	1
2580	1
2581	1
2582	1
2583	1
2584	1
2585	1
2586	1
2587	1
2588	1
2589	1
2590	1
2591	1
2592	1
2593	1
2594	1
2595	1
2596	1
2597	1
2598	1
2599	1
2600	1
2601	1
2602	1
2603	1
2604	1
2605	1
2606	1
2607	1
2608	1
2609	1
2610	1
2611	1
2612	1
2613	1
2614	1
2615	1
2616	1
2617	1
2618	1
2619	1
2620	1
2621	1
2622	1
2623	1
2624	1
2625	1
2626	1
2627	1
2628	1
2629	1
2630	1
2631	1
2632	1
2633	1
2634	1
2635	1
2636	1
2637	1
2638	1
2639	1
2640	1
2641	1
2642	1
2643	1
2644	1
2645	1
2646	1
2647	1
2648	1
2649	1
2650	1
2651	1
2652	1
2653	1
2654	1
2655	1
2656	1
2657	1
2658	1
2659	1
2660	1
2661	1
2662	1
2663	1
2664	1
2665	1
2666	1
2667	1
2668	1
2669	1
2670	1
2671	1
2672	1
2673	1
2674	1
2675	1
2676	1
2677	1
2678	1
2679	1
2680	1
2681	1
2682	1
2683	1
2684	1
2685	1
2686	1
2687	1
2688	1
2689	1
2690	1
2691	1
2692	1
2693	1
2694	1
2695	1
2696	1
2697	1
2698	1
2699	1
2700	1
2701	1
2702	1
2703	1
2704	1
2705	1
2706	1
2707	1
2708	1
2709	1
2710	1
2711	1
2712	1
2713	1
2714	1
2715	1
2716	1
2717	1
2718	1
2719	1
2720	1
2721	1
2722	1
2723	1
2724	1
2725	1
2726	1
2727	1
2728	1
2729	1
2730	1
2731	1
2732	1
2733	1
2734	1
2735	1
2736	1
2737	1
2738	1
2739	1
2740	1
2741	1
2742	1
2743	1
2744	1
2745	1
2746	1
2747	1
2748	1
2749	1
2750	1
2751	1
2752	1
2753	1
2754	1
2755	1
2756	1
2757	1
2758	1
2759	1
2760	1
2761	1
2762	1
2763	1
2764	1
2765	1
2766	1
2767	1
2768	1
2769	1
2770	1
2771	1
2772	1
2773	1
2774	1
2775	1
2776	1
2777	1
2778	1
2779	1
2780	1
2781	1
2782	1
2783	1
2784	1
2785	1
2786	1
2787	1
2788	1
2789	1
2790	1
2791	1
2792	1
2793	1
2794	1
2795	1
2796	1
2797	1
2798	1
2799	1
2800	1
2801	1
2802	1
2803	1
2804	1
2805	1
2806	1
2807	1
2808	1
2809	1
2810	1
2811	1
2812	1
2813	1
2814	1
2815	1
2816	1
2817	1
2818	1
2819	1
2820	1
2821	1
2822	1
2823	1
2824	1
2825	1
2826	1
2827	1
2828	1
2829	1
2830	1
2831	1
2832	1
2833	1
2834	1
2835	1
2836	1
2837	1
2838	1
2839	1
2840	1
2841	1
2842	1
2843	1
2844	1
2845	1
2846	1
2847	1
2848	1
2849	1
2850	1
2851	1
2852	1
2853	1
2854	1
2855	1
2856	1
2857	1
2858	1
2859	1
2860	1
2861	1
2862	1
2863	1
2864	1
2865	1
2866	1
2867	1
2868	1
2869	1
2870	1
2871	1
2872	1
2873	1
2874	1
2875	1
2876	1
2877	1
2878	1
2879	1
2880	1
2881	1
2882	1
2883	1
2884	1
2885	1
2886	1
2887	1
2888	1
2889	1
2890	1
2891	1
2892	1
2893	1
2894	1
2895	1
2896	1
2897	1
2898	1
2899	1
2900	1
2901	1
2902	1
2903	1
2904	1
2905	1
2906	1
2907	1
2908	1
2909	1
2910	1
2911	1
2912	1
2913	1
2914	1
2915	1
2916	1
2917	1
2918	1
2919	1
2920	1
2921	1
2922	1
2923	1
2924	1
2925	1
2926	1
2927	1
2928	1
2929	1
2930	1
2931	1
2932	1
2933	1
2934	1
2935	1
2936	1
2937	1
2938	1
2939	1
2940	1
2941	1
2942	1
2943	1
2944	1
2945	1
2946	1
2947	1
2948	1
2949	1
2950	1
2951	1
2952	1
2953	1
2954	1
2955	1
2956	1
2957	1
2958	1
2959	1
2960	1
2961	1
2962	1
2963	1
2964	1
2965	1
2966	1
2967	1
2968	1
2969	1
2970	1
2971	1
2972	1
2973	1
2974	1
2975	1
2976	1
2977	1
2978	1
2979	1
2980	1
2981	1
2982	1
2983	1
2984	1
2985	1
2986	1
2987	1
2988	1
2989	1
2990	1
2991	1
2992	1
2993	1
2994	1
2995	1
2996	1
2997	1
2998	1
2999	1
3000	1
3001	1
3002	1
3003	1
3004	1
3005	1
3006	1
3007	1
3008	1
3009	1
3010	1
3011	1
3012	1
3013	1
3014	1
3015	1
3016	1
3017	1
3018	1
3019	1
3020	1
3021	1
3022	1
3023	1
3024	1
3025	1
3026	1
3027	1
3028	1
3029	1
3030	1
3031	1
3032	1
3033	1
3034	1
3035	1
3036	1
3037	1
3038	1
3039	1
3040	1
3041	1
3042	1
3043	1
3044	1
3045	1
3046	1
3047	1
3048	1
3049	1
3050	1
3051	1
3052	1
3053	1
3054	1
3055	1
3056	1
3057	1
3058	1
3059	1
3060	1
3061	1
3062	1
3063	1
3064	1
3065	1
3066	1
3067	1
3068	1
3069	1
3070	1
3071	1
3072	1
3073	1
3074	1
3075	1
3076	1
3077	1
3078	1
3079	1
3080	1
3081	1
3082	1
3083	1
3084	1
3085	1
3086	1
3087	1
3088	2
3089	2
3090	2
3091	2
3092	2
3093	2
3094	2
3095	2
3096	2
3097	2
3098	2
3099	2
3100	2
3101	2
3102	2
3103	2
3104	2
3105	2
3106	2
3107	2
3108	2
3109	2
3110	2
3111	2
3112	2
3113	2
3114	2
3115	2
3116	2
3117	2
3118	2
3119	2
3120	2
3121	2
3122	2
3123	2
3124	2
3125	2
3126	2
3127	2
3128	2
3129	2
3130	2
3131	2
3132	2
3133	2
3134	2
3135	2
3136	2
3137	2
3138	2
3139	2
3140	2
3141	2
3142	2
3143	2
3144	2
3145	2
3146	2
3147	2
3148	2
3149	2
3150	2
3151	2
3152	2
3153	2
3154	2
3155	2
3156	2
3157	2
3158	2
3159	2
3160	2
3161	2
3162	2
3163	2
3164	2
3165	2
3166	2
3167	2
3168	2
3169	2
3170	2
3171	2
3172	2
3173	2
3174	2
3175	2
3176	2
3177	2
3178	2
3179	2
3180	2
3181	2
3182	2
3183	2
3184	2
3185	2
3186	2
3187	2
3188	2
3189	2
3190	2
3191	2
3192	2
3193	2
3194	2
3195	2
3196	2
3197	2
3198	2
3199	2
3200	2
3201	2
3202	2
3203	2
3204	2
3205	2
3206	2
3207	2
3208	2
3209	2
3210	2
3211	2
3212	2
3213	2
3214	2
3215	2
3216	2
3217	2
3218	2
3219	2
3220	2
3221	2
3222	2
3223	2
3224	2
3225	2
3226	2
3227	2
3228	2
3229	2
3230	2
3231	2
3232	2
3233	2
3234	2
3235	2
3236	2
3237	2
3238	2
3239	2
3240	2
3241	2
3242	2
3243	2
3244	2
3245	2
3246	2
3247	2
3248	2
3249	2
3250	2
3251	2
3252	2
3253	2
3254	2
3255	2
3256	2
3257	2
3258	2
3259	2
3260	2
3261	2
3262	2
3263	2
3264	2
3265	2
3266	2
3267	2
3268	2
3269	2
3270	2
3271	2
3272	2
3273	2
3274	2
3275	2
3276	2
3277	2
3278	2
3279	2
3280	2
3281	2
3282	2
3283	2
3284	2
3285	2
3286	2
3287	2
3288	2
3289	2
3290	2
3291	2
3292	2
3293	2
3294	2
3295	2
3296	2
3297	2
3298	2
3299	2
3300	2
3301	2
3302	2
3303	2
3304	2
3305	2
3306	2
3307	2
3308	2
3309	2
3310	2
3311	2
3312	2
3313	2
3314	2
3315	2
3316	2
3317	2
3318	2
3319	2
3320	2
3321	2
3322	2
3323	2
3324	2
3325	2
3326	2
3327	2
3328	2
3329	2
3330	2
3331	2
3332	2
3333	2
3334	2
3335	2
3336	2
3337	2
3338	2
3339	2
3340	2
3341	2
3342	2
3343	2
3344	2
3345	2
3346	2
3347	2
3348	2
3349	2
3350	2
3351	2
3352	2
3353	2
3354	2
3355	2
3356	2
3357	2
3358	2
3359	2
3360	2
3361	2
3362	2
3363	2
3364	2
3365	2
3366	2
3367	2
3368	2
3369	2
3370	2
3371	2
3372	2
3373	2
3374	2
3375	2
3376	2
3377	2
3378	2
3379	2
3380	2
3381	2
3382	2
3383	2
3384	2
3385	2
3386	2
3387	2
3388	2
3389	2
3390	2
3391	2
3392	2
3393	2
3394	2
3395	2
3396	2
3397	2
3398	2
3399	2
3400	2
3401	2
3402	2
3403	2
3404	2
3405	2
3406	2
3407	2
3408	2
3409	2
3410	2
3411	2
3412	2
3413	2
3414	2
3415	2
3416	2
3417	2
3418	2
3419	2
3420	2
3421	2
3422	2
3423	2
3424	2
3425	2
3426	2
3427	2
3428	2
3429	2
3430	2
3431	2
3432	2
3433	2
3434	2
3435	2
3436	2
3437	2
3438	2
3439	2
3440	2
3441	2
3442	2
3443	2
3444	2
3445	2
3446	2
3447	2
3448	2
3449	2
3450	2
3451	2
3452	2
3453	2
3454	2
3455	2
3456	2
3457	2
3458	2
3459	2
3460	2
3461	2
3462	2
3463	2
3464	2
3465	2
3466	2
3467	2
3468	2
3469	2
3470	2
3471	2
3472	2
3473	3
3474	3
3475	3
3476	3
3477	3
3478	3
3479	3
3480	3
3481	3
3482	3
3483	3
3484	3
3485	3
3486	3
3487	3
3488	3
3489	3
3490	3
3491	3
3492	3
3493	3
3494	3
3495	3
3496	3
3497	3
3498	3
3499	3
3500	3
3501	3
3502	3
3503	3
3504	3
3505	3
3506	3
3507	3
3508	3
3509	3
3510	3
3511	3
3512	3
3513	3
3514	3
3515	3
3516	3
3517	3
3518	3
3519	3
3520	3
3521	3
3522	3
3523	3
3524	3
3525	3
3526	3
3527	3
3528	3
3529	3
3530	3
3531	3
3532	3
3533	3
3534	3
3535	3
3536	3
3537	3
3538	3
3539	3
3540	3
3541	3
3542	3
3543	3
3544	3
3545	3
3546	3
3547	3
3548	3
3549	3
3550	3
3551	3
3552	3
3553	3
3554	3
3555	3
3556	3
3557	3
3558	3
3559	3
3560	3
3561	3
3562	3
3563	3
3564	3
3565	3
3566	3
3567	3
3568	3
3569	3
3570	3
3571	3
3572	3
3573	3
3574	3
3575	3
3576	3
3577	3
3578	3
3579	3
3580	3
3581	3
3582	3
3583	3
3584	3
3585	3
3586	3
3587	3
3588	3
3589	3
3590	3
3591	3
3592	3
3593	3
3594	3
3595	3
3596	3
3597	3
3598	3
3599	3
3600	3
3601	3
3602	3
3603	3
3604	3
3605	3
3606	3
3607	3
3608	3
3609	3
3610	3
3611	3
3612	3
3613	3
3614	3
3615	3
3616	3
3617	3
3618	3
3619	3
3620	3
3621	3
3622	3
3623	3
3624	3
3625	3
3626	3
3627	3
3628	3
3629	3
3630	3
3631	3
3632	3
3633	3
3634	3
3635	3
3636	3
3637	3
3638	3
3639	3
3640	3
3641	3
3642	3
3643	3
3644	3
3645	3
3646	3
3647	3
3648	3
3649	3
3650	3
3651	3
3652	3
3653	3
3654	3
3655	3
3656	3
3657	3
3658	3
3659	3
3660	3
3661	3
3662	3
3663	3
3664	3
3665	3
3666	3
3667	3
3668	3
3669	3
3670	3
3671	3
3672	3
3673	3
3674	3
3675	3
3676	3
3677	3
3678	3
3679	3
3680	3
3681	3
3682	3
3683	3
3684	3
3685	3
3686	3
3687	3
3688	3
3689	3
3690	3
3691	3
3692	3
3693	3
3694	3
3695	3
3696	3
3697	3
3698	3
3699	3
3700	3
3701	3
3702	3
3703	3
3704	3
3705	3
3706	3
3707	3
3708	3
3709	3
3710	3
3711	3
3712	3
3713	3
3714	3
3715	3
3716	3
3717	3
3718	3
3719	3
3720	3
3721	3
3722	3
3723	3
3724	3
3725	3
3726	3
3727	3
3728	3
3729	3
3730	3
3731	3
3732	3
3733	3
3734	3
3735	3
3736	3
3737	3
3738	3
3739	3
3740	3
3741	3
3742	3
3743	3
3744	3
3745	3
3746	3
3747	3
3748	3
3749	3
3750	3
3751	3
3752	3
3753	3
3754	3
3755	3
3756	3
3757	3
3758	3
3759	3
3760	3
3761	3
3762	3
3763	3
3764	3
3765	3
3766	3
3767	3
3768	3
3769	3
3770	3
3771	3
3772	3
3773	3
3774	3
3775	3
3776	3
3777	3
3778	3
3779	3
3780	3
3781	3
3782	3
3783	3
3784	3
3785	3
3786	3
3787	3
3788	3
3789	3
3790	3
3791	3
3792	3
3793	3
3794	3
3795	3
3796	3
3797	3
3798	3
3799	3
3800	3
3801	3
3802	3
3803	3
3804	3
3805	3
3806	3
3807	3
3808	3
3809	3
3810	3
3811	3
3812	3
3813	3
3814	3
3815	3
3816	3
3817	3
3818	3
3819	3
3820	3
3821	3
3822	3
3823	3
3824	3
3825	3
3826	3
3827	3
3828	3
3829	3
3830	3
3831	3
3832	3
3833	3
3834	3
3835	3
3836	3
3837	3
3838	3
3839	3
3840	3
3841	3
3842	3
3843	3
3844	3
3845	3
3846	3
3847	3
3848	3
3849	3
3850	3
3851	3
3852	3
3853	3
3854	3
3855	3
3856	3
3857	3
3858	3
3859	3
3860	3
3861	3
3862	3
3863	3
3864	3
3865	3
3866	3
3867	3
3868	3
3869	3
3870	3
3871	3
3872	3
3873	3
3874	3
3875	3
3876	3
3877	3
3878	3
3879	3
3880	3
3881	3
3882	3
3883	3
3884	3
3885	3
3886	3
3887	3
3888	3
3889	3
3890	3
3891	3
3892	3
3893	3
3894	3
3895	3
3896	3
3897	3
3898	3
3899	3
3900	3
3901	3
3902	3
3903	3
3904	3
3905	3
3906	3
3907	3
3908	3
3909	3
3910	3
3911	3
3912	3
3913	3
3914	3
3915	3
3916	3
3917	3
3918	3
3919	3
3920	3
3921	3
3922	3
3923	3
3924	3
3925	3
3926	3
3927	3
3928	3
3929	3
3930	3
3931	3
3932	3
3933	3
3934	3
3935	3
3936	3
3937	3
3938	3
3939	3
3940	3
3941	3
3942	3
3943	3
3944	3
3945	3
3946	3
3947	3
3948	3
3949	3
3950	3
3951	3
3952	3
3953	3
3954	3
3955	3
3956	3
3957	3
3958	3
3959	3
3960	3
3961	3
3962	3
3963	3
3964	3
3965	3
3966	3
3967	3
3968	3
3969	3
3970	3
3971	3
3972	3
3973	3
3974	3
3975	3
3976	3
3977	3
3978	3
3979	3
3980	3
3981	3
3982	3
3983	3
3984	3
3985	3
3986	3
3987	3
3988	3
3989	3
3990	3
3991	3
3992	3
3993	3
3994	3
3995	3
3996	3
3997	3
3998	3
3999	3
4000	3
4001	3
4002	3
4003	3
4004	3
4005	3
4006	3
4007	3
4008	3
4009	3
4010	3
4011	3
4012	3
4013	3
4014	3
4015	3
4016	3
4017	3
4018	3
4019	3
4020	3
4021	3
4022	3
4023	3
4024	3
4025	3
4026	3
4027	3
4028	3
4029	3
4030	3
4031	3
4032	3
4033	3
4034	3
4035	3
4036	3
4037	3
4038	3
4039	3
4040	3
4041	3
4042	3
4043	3
4044	3
4045	3
4046	3
4047	3
4048	3
4049	3
4050	3
4051	3
4052	3
4053	3
4054	3
4055	3
4056	3
4057	3
4058	3
4059	3
4060	3
4061	3
4062	3
4063	3
4064	3
4065	3
4066	3
4067	3
4068	3
4069	3
4070	3
4071	3
4072	3
4073	3
4074	3
4075	3
4076	3
4077	3
4078	3
4079	3
4080	3
4081	3
4082	3
4083	3
4084	3
4085	3
4086	3
4087	3
4088	3
4089	3
4090	3
4091	3
4092	3
4093	3
4094	3
4095	3
4096	3
4097	3
4098	3
4099	3
4100	3
4101	3
4102	3
4103	3
4104	3
4105	3
4106	3
4107	3
4108	3
4109	3
4110	3
4111	3
4112	3
4113	3
4114	3
4115	3
4116	3
4117	3
4118	3
4119	3
4120	3
4121	3
4122	3
4123	3
4124	3
4125	3
4126	3
4127	3
4128	3
4129	3
4130	3
4131	3
4132	3
4133	3
4134	3
4135	3
4136	3
4137	3
4138	3
4139	3
4140	3
4141	3
4142	3
4143	3
4144	3
4145	3
4146	3
4147	3
4148	3
4149	3
4150	3
4151	3
4152	3
4153	3
4154	3
4155	3
4156	3
4157	3
4158	3
4159	3
4160	3
4161	3
4162	3
4163	3
4164	3
4165	3
4166	3
4167	3
4168	3
4169	3
4170	3
4171	3
4172	3
4173	3
4174	3
4175	3
4176	3
4177	3
4178	3
4179	3
4180	3
4181	3
4182	3
4183	3
4184	3
4185	3
4186	3
4187	3
4188	3
4189	3
4190	3
4191	3
4192	3
4193	3
4194	3
4195	3
4196	3
4197	3
4198	3
4199	3
4200	3
4201	3
4202	3
4203	3
4204	3
4205	3
4206	3
4207	3
4208	3
4209	3
4210	3
4211	3
4212	3
4213	3
4214	3
4215	3
4216	3
4217	3
4218	3
4219	3
4220	3
4221	3
4222	3
4223	3
4224	3
4225	3
4226	3
4227	3
4228	3
4229	3
4230	3
4231	3
4232	3
4233	3
4234	3
4235	3
4236	3
4237	3
4238	3
4239	3
4240	3
4241	3
4242	3
4243	3
4244	3
4245	3
4246	3
4247	3
4248	3
4249	3
4250	3
4251	3
4252	3
4253	3
4254	3
4255	3
4256	3
4257	3
4258	3
4259	3
4260	3
4261	3
4262	3
4263	3
4264	3
4265	3
4266	3
4267	3
4268	3
4269	3
4270	3
4271	3
4272	3
4273	3
4274	3
4275	3
4276	3
4277	3
4278	3
4279	3
4280	3
4281	3
4282	3
4283	3
4284	3
4285	3
4286	3
4287	3
4288	3
4289	3
4290	3
4291	3
4292	3
4293	3
4294	3
4295	3
4296	3
4297	3
4298	3
4299	3
4300	3
4301	3
4302	3
4303	3
4304	3
4305	3
4306	3
4307	3
4308	3
4309	3
4310	3
4311	3
4312	3
4313	3
4314	3
4315	3
4316	3
4317	3
4318	3
4319	3
4320	3
4321	3
4322	3
4323	3
4324	3
4325	3
4326	3
4327	3
4328	3
4329	3
4330	3
4331	3
4332	3
4333	3
4334	3
4335	3
4336	3
4337	3
4338	3
4339	3
4340	3
4341	3
4342	3
4343	3
4344	3
4345	3
4346	3
4347	3
4348	3
4349	3
4350	3
4351	3
4352	3
4353	3
4354	3
4355	3
4356	3
4357	3
4358	3
4359	3
4360	3
4361	3
4362	3
4363	3
4364	3
4365	3
4366	3
4367	3
4368	3
4369	3
4370	3
4371	3
4372	3
4373	3
4374	3
4375	3
4376	3
4377	3
4378	3
4379	3
4380	3
4381	3
4382	3
4383	3
4384	3
4385	3
4386	3
4387	3
4388	3
4389	3
4390	3
4391	3
4392	3
4393	3
4394	3
4395	3
4396	3
4397	3
4398	3
4399	3
4400	3
4401	3
4402	3
4403	3
4404	3
4405	3
4406	3
4407	3
4408	3
4409	3
4410	3
4411	3
4412	3
4413	3
4414	3
4415	3
4416	3
4417	3
4418	3
4419	3
4420	3
4421	3
4422	3
4423	3
4424	3
4425	3
4426	3
4427	3
4428	3
4429	3
4430	3
4431	3
4432	3
4433	3
4434	3
4435	3
4436	3
4437	3
4438	3
4439	3
4440	3
4441	3
4442	3
4443	3
4444	3
4445	3
4446	3
4447	3
4448	3
4449	3
4450	3
4451	3
4452	3
4453	3
4454	3
4455	3
4456	3
4457	3
4458	3
4459	3
4460	3
4461	3
4462	3
4463	3
4464	3
4465	3
4466	3
4467	3
4468	3
4469	3
4470	3
4471	3
4472	3
4473	3
4474	3
4475	3
4476	3
4477	3
4478	3
4479	3
4480	3
4481	3
4482	3
4483	3
4484	3
4485	3
4486	3
4487	3
4488	3
4489	3
4490	3
4491	3
4492	3
4493	3
4494	3
4495	3
4496	3
4497	3
4498	3
4499	3
4500	3
4501	3
4502	3
4503	3
4504	3
4505	3
4506	3
4507	3
4508	3
4509	3
4510	3
4511	3
4512	3
4513	3
4514	3
4515	3
4516	3
4517	3
4518	3
4519	3
4520	3
4521	3
4522	3
4523	3
4524	3
4525	3
4526	3
4527	3
4528	3
4529	3
4530	3
4531	3
4532	3
4533	3
4534	3
4535	3
4536	3
4537	3
4538	3
4539	3
4540	3
4541	3
4542	3
4543	3
4544	3
4545	3
4546	3
4547	3
4548	3
4549	3
4550	3
4551	3
4552	3
4553	3
4554	3
4555	3
4556	3
4557	3
4558	3
4559	3
4560	3
4561	3
4562	3
4563	3
4564	3
4565	3
4566	3
4567	3
4568	3
4569	3
4570	3
4571	3
4572	3
4573	3
4574	3
4575	3
4576	3
4577	3
4578	3
4579	3
4580	3
4581	3
4582	3
4583	3
4584	3
4585	3
4586	3
4587	3
4588	3
4589	3
4590	3
4591	3
4592	3
4593	3
4594	3
4595	3
4596	3
4597	3
4598	3
4599	3
4600	3
4601	3
4602	3
4603	3
4604	3
4605	3
4606	3
4607	3
4608	3
4609	3
4610	3
4611	3
4612	3
4613	3
4614	3
4615	3
4616	3
4617	3
4618	3
4619	3
4620	3
4621	3
4622	3
4623	3
4624	3
4625	3
4626	3
4627	3
4628	3
4629	3
4630	3
4631	3
4632	3
4633	3
4634	3
4635	3
4636	3
4637	3
4638	3
4639	3
4640	3
4641	3
4642	3
4643	3
4644	3
4645	3
4646	3
4647	3
4648	3
4649	3
4650	3
4651	3
4652	3
4653	3
4654	3
4655	3
4656	3
4657	3
4658	3
4659	3
4660	3
4661	3
4662	3
4663	3
4664	3
4665	3
4666	3
4667	3
4668	3
4669	3
4670	3
4671	3
4672	3
4673	3
4674	3
4675	3
4676	3
4677	3
4678	3
4679	3
4680	3
4681	3
4682	3
4683	3
4684	3
4685	3
4686	3
4687	3
4688	3
4689	3
4690	3
4691	3
4692	3
4693	3
4694	3
4695	3
4696	3
4697	3
4698	3
4699	3
4700	3
4701	3
4702	3
4703	3
4704	3
4705	3
4706	3
4707	3
4708	3
4709	3
4710	3
4711	3
4712	3
4713	3
4714	3
4715	3
4716	3
4717	3
4718	3
4719	3
4720	3
4721	3
4722	3
4723	3
4724	3
4725	3
4726	3
4727	3
4728	3
4729	3
4730	3
4731	3
4732	3
4733	3
4734	3
4735	3
4736	3
4737	3
4738	3
4739	3
4740	3
4741	3
4742	3
4743	3
4744	3
4745	3
4746	3
4747	3
4748	3
4749	3
4750	3
4751	3
4752	3
4753	3
4754	3
4755	3
4756	3
4757	3
4758	3
4759	3
4760	3
4761	3
4762	3
4763	3
4764	3
4765	3
4766	3
4767	3
4768	3
4769	3
4770	3
4771	3
4772	3
4773	3
4774	3
4775	3
4776	3
4777	3
4778	3
4779	3
4780	3
4781	3
4782	3
4783	3
4784	3
4785	3
4786	3
4787	3
4788	3
4789	3
4790	3
4791	3
4792	3
4793	3
4794	3
4795	3
4796	3
4797	3
4798	3
4799	3
4800	3
4801	3
4802	3
4803	3
4804	3
4805	3
4806	3
4807	3
4808	3
4809	3
4810	3
4811	3
4812	3
4813	3
4814	3
4815	3
4816	3
4817	3
4818	3
4819	3
4820	3
4821	3
4822	3
4823	3
4824	3
4825	3
4826	3
4827	3
4828	3
4829	3
4830	3
4831	3
4832	3
4833	3
4834	3
4835	3
4836	3
4837	3
4838	3
4839	3
4840	3
4841	3
4842	3
4843	3
4844	3
4845	3
4846	3
4847	3
4848	3
4849	3
4850	3
4851	3
4852	3
4853	3
4854	3
4855	3
4856	3
4857	3
4858	3
4859	3
4860	3
4861	3
4862	3
4863	3
4864	3
4865	3
4866	3
4867	3
4868	3
4869	3
4870	3
4871	3
4872	3
4873	3
4874	3
4875	3
4876	3
4877	3
4878	3
4879	3
4880	3
4881	3
4882	3
4883	3
4884	3
4885	3
4886	3
4887	3
4888	3
4889	3
4890	3
4891	3
4892	3
4893	3
4894	3
4895	3
4896	3
4897	3
4898	3
4899	3
4900	3
4901	3
4902	3
4903	3
4904	3
4905	3
4906	3
4907	3
4908	3
4909	3
4910	3
4911	3
4912	3
4913	3
4914	3
4915	3
4916	3
4917	3
4918	3
4919	3
4920	3
4921	3
4922	3
4923	3
4924	3
4925	3
4926	3
4927	3
4928	3
4929	3
4930	3
4931	3
4932	3
4933	3
4934	3
4935	3
4936	3
4937	3
4938	3
4939	3
4940	3
4941	3
4942	3
4943	3
4944	3
4945	3
4946	3
4947	3
4948	3
4949	3
4950	3
4951	3
4952	3
4953	3
4954	3
4955	3
4956	3
4957	3
4958	3
4959	3
4960	3
4961	3
4962	3
4963	3
4964	3
4965	3
4966	3
4967	3
4968	3
4969	3
4970	3
4971	3
4972	3
4973	3
4974	3
4975	3
4976	3
4977	3
4978	3
4979	3
4980	3
4981	3
4982	3
4983	3
4984	3
4985	3
4986	3
4987	3
4988	3
4989	3
4990	3
4991	3
4992	3
4993	3
4994	3
4995	3
4996	3
4997	3
4998	3
4999	3
5000	3
5001	3
5002	3
5003	3
5004	3
5005	3
5006	3
5007	3
5008	3
5009	3
5010	3
5011	3
5012	3
5013	3
5014	3
5015	3
5016	3
5017	3
5018	3
5019	3
5020	3
5021	3
5022	3
5023	3
5024	3
5025	3
5026	3
5027	3
5028	3
5029	3
5030	3
5031	3
5032	3
5033	3
5034	3
5035	3
5036	3
5037	3
5038	3
5039	3
5040	3
5041	3
5042	3
5043	3
5044	3
5045	3
5046	3
5047	3
5048	3
5049	3
5050	3
5051	3
5052	3
5053	3
5054	3
5055	3
5056	3
5057	3
5058	3
5059	3
5060	3
5061	3
5062	3
5063	3
5064	3
5065	3
5066	3
5067	3
5068	3
5069	3
5070	3
5071	3
5072	3
5073	3
5074	3
5075	3
5076	3
5077	3
5078	3
5079	3
5080	3
5081	3
5082	3
5083	3
5084	3
5085	3
5086	3
5087	3
5088	3
5089	3
5090	3
5091	3
5092	3
5093	3
5094	3
5095	3
5096	3
5097	3
5098	3
5099	3
5100	3
5101	3
5102	3
5103	3
5104	3
5105	3
5106	3
5107	3
5108	3
5109	3
5110	3
5111	3
5112	3
5113	3
5114	3
5115	3
5116	3
5117	3
5118	3
5119	3
5120	3
5121	3
5122	3
5123	3
5124	3
5125	3
5126	3
5127	3
5128	3
5129	3
5130	3
5131	3
5132	3
5133	3
5134	3
5135	3
5136	3
5137	3
5138	3
5139	3
5140	3
5141	3
5142	3
5143	3
5144	3
5145	3
5146	3
5147	3
5148	3
5149	3
5150	3
5151	3
5152	3
5153	3
5154	3
5155	3
5156	3
5157	3
5158	3
5159	3
5160	3
5161	3
5162	3
5163	3
5164	3
5165	3
5166	3
5167	3
5168	3
5169	3
5170	3
5171	3
5172	3
5173	3
5174	3
5175	3
5176	3
5177	3
5178	3
5179	3
5180	3
5181	3
5182	3
5183	3
5184	3
5185	3
5186	3
5187	3
5188	3
5189	3
5190	3
5191	3
5192	3
5193	3
5194	3
5195	3
5196	3
5197	3
5198	3
5199	3
5200	3
5201	3
5202	3
5203	3
5204	3
5205	3
5206	3
5207	3
5208	3
5209	3
5210	3
5211	3
5212	3
5213	3
5214	3
5215	3
5216	3
5217	3
5218	3
5219	3
5220	3
5221	3
5222	3
5223	3
5224	3
5225	3
5226	3
5227	3
5228	3
5229	3
5230	3
5231	3
5232	3
5233	3
5234	3
5235	3
5236	3
5237	3
5238	3
5239	3
5240	3
5241	3
5242	3
5243	3
5244	3
5245	3
5246	3
5247	3
5248	3
5249	3
5250	3
5251	3
5252	3
5253	3
5254	3
5255	3
5256	3
5257	3
5258	3
5259	3
5260	3
5261	3
5262	3
5263	3
5264	3
5265	3
5266	3
5267	3
5268	3
5269	3
5270	3
5271	3
5272	3
5273	3
5274	3
5275	3
5276	3
5277	3
5278	3
5279	3
5280	3
5281	3
5282	3
5283	3
5284	3
5285	3
5286	3
5287	3
5288	3
5289	3
5290	3
5291	3
5292	3
5293	3
5294	3
5295	3
5296	3
5297	3
5298	3
5299	3
5300	3
5301	3
5302	3
5303	3
5304	3
5305	3
5306	3
5307	3
5308	3
5309	3
5310	3
5311	3
5312	3
5313	3
5314	3
5315	3
5316	3
5317	3
5318	3
5319	3
5320	3
5321	3
5322	3
5323	3
5324	3
5325	3
5326	3
5327	3
5328	3
5329	3
5330	3
5331	3
5332	3
5333	3
5334	3
5335	3
5336	3
5337	3
5338	3
5339	3
5340	3
5341	3
5342	3
5343	3
5344	3
5345	3
5346	3
5347	3
5348	3
5349	3
5350	3
5351	3
5352	3
5353	3
5354	3
5355	3
5356	3
5357	3
5358	3
5359	3
5360	3
5361	3
5362	3
5363	3
5364	3
5365	3
5366	3
5367	3
5368	3
5369	3
5370	3
5371	3
5372	3
5373	3
5374	3
5375	3
5376	3
5377	3
5378	3
5379	3
5380	3
5381	3
5382	3
5383	3
5384	3
5385	3
5386	3
5387	3
5388	3
5389	3
5390	3
5391	3
5392	3
5393	3
5394	3
5395	3
5396	3
5397	3
5398	3
5399	3
5400	3
5401	3
5402	3
5403	3
5404	3
5405	3
5406	3
5407	3
5408	3
5409	3
5410	3
5411	3
5412	3
5413	3
5414	3
5415	3
5416	3
5417	3
5418	3
5419	3
5420	3
5421	3
5422	3
5423	3
5424	3
5425	3
5426	3
5427	3
5428	3
5429	3
5430	3
5431	3
5432	3
5433	3
5434	3
5435	3
5436	3
5437	3
5438	3
5439	3
5440	3
5441	3
5442	3
5443	3
5444	3
5445	3
5446	3
5447	3
5448	3
5449	3
5450	3
5451	3
5452	3
5453	3
5454	3
5455	3
5456	3
5457	3
5458	3
5459	3
5460	3
5461	3
5462	3
5463	3
5464	3
5465	3
5466	3
5467	3
5468	3
5469	3
5470	3
5471	3
5472	3
5473	3
5474	3
5475	3
5476	3
5477	3
5478	3
5479	3
5480	3
5481	3
5482	3
5483	3
5484	3
5485	3
5486	3
5487	3
5488	3
5489	3
5490	3
5491	3
5492	3
5493	3
5494	3
5495	3
5496	3
5497	3
5498	3
5499	3
5500	3
5501	3
5502	3
5503	3
5504	3
5505	3
5506	3
5507	3
5508	3
5509	3
5510	3
5511	3
5512	3
5513	3
5514	3
5515	3
5516	3
5517	3
5518	3
5519	3
5520	3
5521	3
5522	3
5523	3
5524	3
5525	3
5526	3
5527	3
5528	3
5529	3
5530	3
5531	3
5532	3
5533	3
5534	3
5535	3
5536	3
5537	3
5538	3
5539	3
5540	3
5541	3
5542	3
5543	3
5544	3
5545	3
5546	3
5547	3
5548	3
5549	3
5550	3
5551	3
5552	3
5553	3
5554	3
5555	3
5556	3
5557	3
5558	3
5559	3
5560	3
5561	3
5562	3
5563	3
5564	3
5565	3
5566	3
5567	3
5568	3
5569	3
5570	3
5571	3
5572	3
5573	3
5574	3
5575	3
5576	3
5577	3
5578	3
5579	3
5580	3
5581	3
5582	3
5583	3
5584	3
5585	3
5586	3
5587	3
5588	3
5589	3
5590	3
5591	3
5592	3
5593	3
5594	3
5595	3
5596	3
5597	3
5598	3
5599	3
5600	3
5601	3
5602	3
5603	3
5604	3
5605	4
5606	4
5607	4
5608	4
5609	4
5610	4
5611	4
5612	4
5613	4
5614	4
5615	4
5616	4
5617	4
5618	4
5619	4
5620	4
5621	5
5622	5
5623	5
5624	5
5625	5
5626	5
5627	5
5628	5
5629	5
5630	5
5631	5
5632	5
5633	5
5634	5
5635	5
5636	5
5637	5
5638	5
5639	5
5640	5
5641	5
5642	5
5643	5
5644	5
5645	5
5646	5
5647	5
5648	5
5649	5
5650	5
5651	5
5652	5
5653	5
5654	5
5655	5
5656	5
5657	5
5658	5
5659	5
5660	5
5661	5
5662	5
5663	5
5664	5
5665	5
5666	5
5667	5
5668	5
5669	5
5670	5
5671	5
5672	5
5673	5
5674	5
5675	5
5676	5
5677	5
5678	5
5679	5
5680	5
5681	5
5682	5
5683	5
5684	5
5685	5
5686	5
5687	5
5688	5
5689	5
5690	5
5691	5
5692	5
5693	5
5694	5
5695	5
5696	5
5697	5
5698	5
5699	5
5700	5
5701	5
5702	5
5703	5
5704	5
5705	5
5706	5
5707	5
5708	5
5709	5
5710	5
5711	5
5712	5
5713	5
5714	5
5715	5
5716	5
5717	5
5718	5
5719	5
5720	5
5721	5
5722	5
5723	5
5724	5
5725	5
5726	5
5727	5
5728	5
5729	5
5730	5
5731	5
5732	5
5733	5
5734	5
5735	5
5736	5
5737	5
5738	5
5739	5
5740	5
5741	5
5742	5
5743	5
5744	5
5745	5
5746	5
5747	5
5748	5
5749	5
5750	5
5751	5
5752	5
5753	5
5754	5
5755	5
5756	5
5757	5
5758	5
5759	5
5760	5
5761	5
5762	5
5763	5
5764	5
5765	5
5766	5
5767	5
5768	5
5769	5
5770	5
5771	5
5772	5
5773	5
5774	5
5775	5
5776	5
5777	5
5778	5
5779	5
5780	5
5781	5
5782	5
5783	5
5784	5
5785	5
5786	5
5787	5
5788	5
5789	5
5790	5
5791	5
5792	5
5793	5
5794	5
5795	5
5796	5
5797	5
5798	5
5799	5
5800	5
5801	5
5802	5
5803	5
5804	5
5805	5
5806	5
5807	5
5808	5
5809	5
5810	5
5811	5
5812	5
5813	5
5814	5
5815	5
5816	5
5817	5
5818	5
5819	5
5820	5
5821	5
5822	5
5823	5
5824	5
5825	5
5826	5
5827	5
5828	5
5829	5
5830	5
5831	5
5832	5
5833	5
5834	5
5835	5
5836	5
5837	5
5838	5
5839	5
5840	5
5841	5
5842	5
5843	5
5844	5
5845	5
5846	5
5847	5
5848	5
5849	5
5850	5
5851	5
5852	5
5853	5
5854	5
5855	5
5856	5
5857	5
5858	5
5859	5
5860	5
5861	5
5862	5
5863	5
5864	5
5865	5
5866	5
5867	5
5868	5
5869	5
5870	5
5871	5
5872	5
5873	5
5874	5
5875	5
5876	5
5877	5
5878	5
5879	5
5880	5
5881	5
5882	5
5883	5
5884	5
5885	5
5886	5
5887	5
5888	5
5889	5
5890	5
5891	5
5892	5
5893	5
5894	5
5895	5
5896	5
5897	5
5898	5
5899	5
5900	5
5901	5
5902	5
5903	5
5904	5
5905	5
5906	5
5907	5
5908	5
5909	5
5910	5
5911	5
5912	5
5913	5
5914	5
5915	5
5916	5
5917	5
5918	5
5919	5
5920	5
5921	5
5922	5
5923	5
5924	5
5925	5
5926	5
5927	5
5928	5
5929	5
5930	5
5931	5
5932	5
5933	5
5934	5
5935	5
5936	5
5937	5
5938	5
5939	5
5940	5
5941	5
5942	5
5943	5
5944	5
5945	5
5946	5
5947	5
5948	5
5949	5
5950	5
5951	5
5952	5
5953	5
5954	5
5955	5
5956	5
5957	5
5958	5
5959	5
5960	5
5961	5
5962	5
5963	5
5964	5
5965	5
5966	5
5967	5
5968	5
5969	5
5970	5
5971	5
5972	5
5973	5
5974	5
5975	5
5976	5
5977	5
5978	5
5979	5
5980	5
5981	5
5982	5
5983	5
5984	5
5985	5
5986	5
5987	5
5988	5
5989	5
5990	5
5991	5
5992	5
5993	5
5994	5
5995	5
5996	5
5997	5
5998	5
5999	5
6000	5
6001	5
6002	5
6003	5
6004	5
6005	5
6006	5
6007	5
6008	5
6009	5
6010	5
6011	5
6012	5
6013	5
6014	5
6015	5
6016	5
6017	5
6018	5
6019	5
6020	5
6021	5
6022	5
6023	5
6024	5
6025	5
6026	5
6027	5
6028	5
6029	5
6030	5
6031	5
6032	5
6033	5
6034	5
6035	5
6036	5
6037	5
6038	5
6039	5
6040	5
6041	5
6042	5
6043	5
6044	5
6045	5
6046	5
6047	5
6048	5
6049	5
6050	5
6051	5
6052	5
6053	5
6054	5
6055	5
6056	5
6057	5
6058	5
6059	5
6060	5
6061	5
6062	5
6063	5
6064	5
6065	5
6066	5
6067	5
6068	5
6069	5
6070	5
6071	5
6072	5
6073	5
6074	5
6075	5
6076	5
6077	5
6078	5
6079	5
6080	5
6081	5
6082	5
6083	5
6084	5
6085	5
6086	5
6087	5
6088	5
6089	5
6090	5
6091	5
6092	5
6093	5
6094	5
6095	5
6096	5
6097	5
6098	5
6099	5
6100	5
6101	5
6102	5
6103	5
6104	5
6105	5
6106	5
6107	5
6108	5
6109	5
6110	5
6111	5
6112	5
6113	5
6114	5
6115	5
6116	5
6117	5
6118	5
6119	5
6120	5
6121	5
6122	5
6123	5
6124	5
6125	5
6126	5
6127	5
6128	5
6129	5
6130	5
6131	5
6132	5
6133	5
6134	5
6135	5
6136	5
6137	5
6138	5
6139	5
6140	5
6141	5
6142	5
6143	5
6144	5
6145	5
6146	5
6147	5
6148	5
6149	5
6150	5
6151	5
6152	5
6153	5
6154	5
6155	5
6156	5
6157	5
6158	5
6159	5
6160	5
6161	5
6162	5
6163	5
6164	5
6165	5
6166	5
6167	5
6168	5
6169	5
6170	5
6171	5
6172	5
6173	5
6174	5
6175	5
6176	5
6177	5
6178	5
6179	5
6180	5
6181	5
6182	5
6183	5
6184	5
6185	5
6186	5
6187	5
6188	5
6189	5
6190	5
6191	5
6192	5
6193	5
6194	5
6195	5
6196	5
6197	5
6198	5
6199	5
6200	5
6201	5
6202	5
6203	5
6204	5
6205	5
6206	5
6207	5
6208	5
6209	5
6210	5
6211	5
6212	5
6213	5
6214	5
6215	5
6216	5
6217	5
6218	5
6219	5
6220	5
6221	5
6222	5
6223	5
6224	5
6225	5
6226	5
6227	5
6228	5
6229	5
6230	5
6231	5
6232	5
6233	5
6234	5
6235	5
6236	5
6237	5
6238	5
6239	5
6240	5
6241	5
6242	5
6243	5
6244	5
6245	5
6246	5
6247	5
6248	5
6249	5
6250	5
6251	5
6252	5
6253	5
6254	5
6255	5
6256	5
6257	5
6258	5
6259	5
6260	5
6261	5
6262	5
6263	5
6264	5
6265	5
6266	5
6267	5
6268	5
6269	5
6270	5
6271	5
6272	5
6273	5
6274	5
6275	5
6276	5
6277	5
6278	5
6279	5
6280	5
6281	5
6282	5
6283	5
6284	5
6285	5
6286	5
6287	5
6288	5
6289	5
6290	5
6291	5
6292	5
6293	5
6294	5
6295	5
6296	5
6297	5
6298	5
6299	5
6300	5
6301	5
6302	5
6303	5
6304	5
6305	5
6306	5
6307	5
6308	5
6309	5
6310	5
6311	5
6312	5
6313	5
6314	5
6315	5
6316	5
6317	5
6318	5
6319	5
6320	5
6321	5
6322	5
6323	5
6324	5
6325	5
6326	5
6327	5
6328	5
6329	5
6330	5
6331	5
6332	5
6333	5
6334	5
6335	5
6336	5
6337	5
6338	5
6339	5
6340	5
6341	5
6342	5
6343	5
6344	5
6345	5
6346	5
6347	5
6348	5
6349	5
6350	5
6351	5
6352	5
6353	5
6354	5
6355	5
6356	5
6357	5
6358	5
6359	5
6360	5
6361	5
6362	5
6363	5
6364	5
6365	5
6366	5
6367	5
6368	5
6369	5
6370	5
6371	5
6372	5
6373	5
6374	5
6375	5
6376	5
6377	5
6378	5
6379	5
6380	5
6381	5
6382	5
6383	5
6384	5
6385	5
6386	5
6387	5
6388	5
6389	5
6390	5
6391	5
6392	5
6393	5
6394	5
6395	5
6396	5
6397	5
6398	5
6399	5
6400	5
6401	5
6402	5
6403	5
6404	5
6405	5
6406	5
6407	5
6408	5
6409	5
6410	5
6411	5
6412	5
6413	5
6414	5
6415	5
6416	5
6417	5
6418	5
6419	5
6420	5
6421	5
6422	5
6423	5
6424	5
6425	5
6426	5
6427	5
6428	5
6429	5
6430	5
6431	5
6432	5
6433	5
6434	5
6435	5
6436	5
6437	5
6438	5
6439	5
6440	5
6441	5
6442	5
6443	5
6444	5
6445	5
6446	5
6447	5
6448	5
6449	5
6450	5
6451	5
6452	5
6453	5
6454	5
6455	5
6456	5
6457	5
6458	5
6459	5
6460	5
6461	5
6462	5
6463	5
6464	5
6465	5
6466	5
6467	5
6468	5
6469	5
6470	5
6471	5
6472	5
6473	5
6474	5
6475	5
6476	5
6477	5
6478	5
6479	5
6480	5
6481	5
6482	5
6483	5
6484	5
6485	5
6486	5
6487	5
6488	5
6489	5
6490	5
6491	5
6492	5
6493	5
6494	5
6495	5
6496	5
6497	5
6498	5
6499	5
6500	5
6501	5
6502	5
6503	5
6504	5
6505	5
6506	5
6507	5
6508	5
6509	5
6510	5
6511	5
6512	5
6513	5
6514	5
6515	5
6516	5
6517	5
6518	5
6519	5
6520	5
6521	5
6522	5
6523	5
6524	5
6525	5
6526	5
6527	5
6528	5
6529	5
6530	5
6531	5
6532	5
6533	5
6534	5
6535	5
6536	5
6537	5
6538	5
6539	5
6540	5
6541	5
6542	5
6543	5
6544	5
6545	5
6546	5
6547	5
6548	5
6549	5
6550	5
6551	5
6552	5
6553	5
6554	5
6555	5
6556	5
6557	5
6558	5
6559	5
6560	5
6561	5
6562	5
6563	5
6564	5
6565	5
6566	5
6567	5
6568	5
6569	5
6570	5
6571	5
6572	5
6573	5
6574	5
6575	5
6576	5
6577	5
6578	5
6579	5
6580	5
6581	5
6582	5
6583	5
6584	5
6585	5
6586	5
6587	5
6588	5
6589	5
6590	5
6591	5
6592	5
6593	5
6594	5
6595	5
6596	5
6597	5
6598	5
6599	5
6600	5
6601	5
6602	5
6603	5
6604	5
6605	5
6606	5
6607	5
6608	5
6609	5
6610	5
6611	5
6612	5
6613	5
6614	5
6615	5
6616	5
6617	5
6618	5
6619	5
6620	5
6621	5
6622	5
6623	5
6624	5
6625	5
6626	5
6627	5
6628	5
6629	5
6630	5
6631	5
6632	5
6633	5
6634	5
6635	5
6636	5
6637	5
6638	5
6639	5
6640	5
6641	5
6642	5
6643	5
6644	5
6645	5
6646	5
6647	5
6648	5
6649	5
6650	5
6651	5
6652	5
6653	5
6654	5
6655	5
6656	5
6657	5
6658	5
6659	5
6660	5
6661	5
6662	5
6663	5
6664	5
6665	5
6666	5
6667	5
6668	5
6669	5
6670	5
6671	5
6672	5
6673	5
6674	5
6675	5
6676	5
6677	5
6678	5
6679	5
6680	5
6681	5
6682	5
6683	5
6684	5
6685	5
6686	5
6687	5
6688	5
6689	5
6690	5
6691	5
6692	5
6693	5
6694	5
6695	5
6696	5
6697	5
6698	5
6699	5
6700	5
6701	5
6702	5
6703	5
6704	5
6705	5
6706	5
6707	5
6708	5
6709	5
6710	5
6711	5
6712	5
6713	5
6714	5
6715	5
6716	5
6717	5
6718	5
6719	5
6720	5
6721	5
6722	5
6723	5
6724	5
6725	5
6726	5
6727	5
6728	5
6729	5
6730	5
6731	5
6732	5
6733	5
6734	5
6735	5
6736	5
6737	5
6738	5
6739	5
6740	5
6741	5
6742	5
6743	5
6744	5
6745	5
6746	5
6747	5
6748	5
6749	5
6750	5
6751	5
6752	5
6753	5
6754	5
6755	5
6756	5
6757	5
6758	5
6759	5
6760	5
6761	5
6762	5
6763	5
6764	5
6765	5
6766	5
6767	5
6768	5
6769	5
6770	5
6771	5
6772	5
6773	5
6774	5
6775	5
6776	5
6777	5
6778	5
6779	5
6780	5
6781	5
6782	5
6783	5
6784	5
6785	5
6786	5
6787	5
6788	5
6789	5
6790	5
6791	5
6792	5
6793	5
6794	5
6795	5
6796	5
6797	5
6798	5
6799	5
6800	5
6801	5
6802	5
6803	5
6804	5
6805	5
6806	5
6807	5
6808	5
6809	5
6810	5
6811	5
6812	5
6813	5
6814	5
6815	5
6816	5
6817	5
6818	5
6819	5
6820	5
6821	5
6822	5
6823	5
6824	5
6825	5
6826	5
6827	5
6828	5
6829	5
6830	5
6831	5
6832	5
6833	5
6834	5
6835	5
6836	5
6837	5
6838	5
6839	5
6840	5
6841	5
6842	5
6843	5
6844	5
6845	5
6846	5
6847	5
6848	5
6849	5
6850	5
6851	5
6852	5
6853	5
6854	5
6855	5
6856	5
6857	5
6858	5
6859	5
6860	5
6861	5
6862	5
6863	5
6864	5
6865	5
6866	5
6867	5
6868	5
6869	5
6870	5
6871	5
6872	5
6873	5
6874	5
6875	5
6876	5
6877	5
6878	5
6879	5
6880	5
6881	5
6882	5
6883	5
6884	5
6885	5
6886	5
6887	5
6888	5
6889	5
6890	5
6891	5
6892	5
6893	5
6894	5
6895	5
6896	5
6897	5
6898	5
6899	5
6900	5
6901	5
6902	5
6903	5
6904	5
6905	5
6906	5
6907	5
6908	5
6909	5
6910	5
6911	5
6912	5
6913	5
6914	5
6915	5
6916	5
6917	5
6918	5
6919	5
6920	5
6921	5
6922	5
6923	5
6924	5
6925	5
6926	5
6927	5
6928	5
6929	5
6930	5
6931	5
6932	5
6933	5
6934	5
6935	5
6936	5
6937	5
6938	5
6939	5
6940	5
6941	5
6942	5
6943	5
6944	5
6945	5
6946	5
6947	5
6948	5
6949	5
6950	5
6951	5
6952	5
6953	5
6954	5
6955	5
6956	5
6957	5
6958	5
6959	5
6960	5
6961	5
6962	5
6963	5
6964	5
6965	5
6966	5
6967	5
6968	5
6969	5
6970	5
6971	5
6972	5
6973	5
6974	5
6975	5
6976	5
6977	5
6978	5
6979	5
6980	5
6981	5
6982	5
6983	5
6984	5
6985	5
6986	5
6987	5
6988	5
6989	5
6990	5
6991	5
6992	5
6993	5
6994	5
6995	5
6996	5
6997	5
6998	5
6999	5
7000	5
7001	5
7002	5
7003	5
7004	5
7005	5
7006	5
7007	5
7008	5
7009	5
7010	5
7011	5
7012	5
7013	5
7014	5
7015	5
7016	5
7017	5
7018	5
7019	5
7020	5
7021	5
7022	5
7023	5
7024	5
7025	5
7026	5
7027	5
7028	5
7029	5
7030	5
7031	5
7032	5
7033	5
7034	5
7035	5
7036	5
7037	5
7038	5
7039	5
7040	5
7041	5
7042	5
7043	5
7044	5
7045	5
7046	5
7047	5
7048	5
7049	5
7050	5
7051	5
7052	5
7053	5
7054	5
7055	5
7056	5
7057	5
7058	5
7059	5
7060	5
7061	5
7062	5
7063	5
7064	5
7065	5
7066	5
7067	5
7068	5
7069	5
7070	5
7071	5
7072	5
7073	5
7074	5
7075	5
7076	5
7077	5
7078	5
7079	5
7080	5
7081	5
7082	5
7083	5
7084	5
7085	5
7086	5
7087	5
7088	5
7089	5
7090	5
7091	5
7092	5
7093	5
7094	5
7095	5
7096	5
7097	5
7098	5
7099	5
7100	5
7101	5
7102	5
7103	5
7104	5
7105	5
7106	5
7107	5
7108	5
7109	5
7110	5
7111	5
7112	5
7113	5
7114	5
7115	5
7116	5
7117	5
7118	5
7119	5
7120	5
7121	5
7122	5
7123	5
7124	5
7125	5
7126	5
7127	5
7128	5
7129	5
7130	5
7131	5
7132	5
7133	5
7134	5
7135	5
7136	5
7137	5
7138	5
7139	5
7140	5
7141	5
7142	5
7143	5
7144	5
7145	5
7146	5
7147	5
7148	5
7149	5
7150	5
7151	5
7152	5
7153	5
7154	5
7155	5
7156	5
7157	5
7158	5
7159	5
7160	5
7161	5
7162	5
7163	5
7164	5
7165	5
7166	5
7167	5
7168	5
7169	5
7170	5
7171	5
7172	5
7173	5
7174	5
7175	5
7176	5
7177	5
7178	5
7179	5
7180	5
7181	5
7182	5
7183	5
7184	5
7185	5
7186	5
7187	5
7188	5
7189	5
7190	5
7191	5
7192	5
7193	5
7194	5
7195	5
7196	5
7197	5
7198	5
7199	5
7200	5
7201	5
7202	5
7203	5
7204	5
7205	5
7206	5
7207	5
7208	5
7209	5
7210	5
7211	5
7212	5
7213	5
7214	5
7215	5
7216	5
7217	5
7218	5
7219	5
7220	5
7221	5
7222	5
7223	5
7224	5
7225	5
7226	5
7227	5
7228	5
7229	5
7230	5
7231	5
7232	5
7233	5
7234	5
7235	5
7236	5
7237	5
7238	5
7239	5
7240	5
7241	5
7242	5
7243	5
7244	5
7245	5
7246	5
7247	5
7248	5
7249	5
7250	5
7251	5
7252	5
7253	5
7254	5
7255	5
7256	5
7257	5
7258	5
7259	5
7260	5
7261	5
7262	5
7263	5
7264	5
7265	5
7266	5
7267	5
7268	5
7269	5
7270	5
7271	5
7272	5
7273	5
7274	5
7275	5
7276	5
7277	5
7278	5
7279	5
7280	5
7281	5
7282	5
7283	5
7284	5
7285	5
7286	5
7287	5
7288	5
7289	5
7290	5
7291	5
7292	5
7293	5
7294	5
7295	5
7296	5
7297	5
7298	5
7299	5
7300	5
7301	5
7302	5
7303	5
7304	5
7305	5
7306	5
7307	5
7308	5
7309	5
7310	5
7311	5
7312	5
7313	5
7314	5
7315	5
7316	5
7317	5
7318	5
7319	5
7320	5
7321	5
7322	5
7323	5
7324	5
7325	5
7326	5
7327	5
7328	5
7329	5
7330	5
7331	5
7332	5
7333	5
7334	5
7335	5
7336	5
7337	5
7338	5
7339	5
7340	5
7341	5
7342	5
7343	5
7344	5
7345	5
7346	5
7347	5
7348	5
7349	5
7350	5
7351	5
7352	5
7353	5
7354	5
7355	5
7356	5
7357	5
7358	5
7359	6
7360	6
7361	6
7362	6
7363	6
7364	6
7365	6
7366	6
7367	6
7368	6
7369	6
7370	6
7371	6
7372	6
7373	6
7374	6
7375	6
7376	6
7377	6
7378	6
7379	6
7380	6
7381	6
7382	6
7383	6
7384	6
7385	6
7386	6
7387	6
7388	6
7389	6
7390	6
7391	6
7392	6
7393	6
7394	6
7395	6
7396	6
7397	6
7398	6
7399	6
7400	6
7401	6
7402	6
7403	6
7404	6
7405	6
7406	6
7407	6
7408	6
7409	6
7410	6
7411	6
7412	6
7413	6
7414	6
7415	6
7416	6
7417	6
7418	6
7419	6
7420	6
7421	6
7422	6
7423	6
7424	6
7425	6
7426	6
7427	6
7428	6
7429	6
7430	6
7431	6
7432	6
7433	6
7434	6
7435	6
7436	6
7437	6
7438	6
7439	6
7440	6
7441	6
7442	6
7443	6
7444	6
7445	6
7446	6
7447	6
7448	6
7449	6
7450	6
7451	6
7452	6
7453	6
7454	6
7455	6
7456	6
7457	6
7458	6
7459	6
7460	6
7461	6
7462	6
7463	6
7464	6
7465	6
7466	6
7467	6
7468	6
7469	6
7470	6
7471	6
7472	6
7473	6
7474	6
7475	6
7476	6
7477	6
7478	6
7479	6
7480	6
7481	6
7482	6
7483	6
7484	7
7485	7
7486	7
7487	7
7488	7
7489	7
7490	7
7491	7
7492	7
7493	7
7494	7
7495	7
7496	7
7497	7
7498	7
7499	7
7500	7
7501	7
7502	7
7503	7
7504	7
7505	7
7506	7
7507	7
7508	7
7509	7
7510	7
7511	7
7512	7
7513	7
7514	7
7515	7
7516	7
7517	7
7518	7
7519	7
7520	7
7521	7
7522	7
7523	7
7524	7
7525	7
7526	7
7527	7
7528	7
7529	7
7530	7
7531	7
7532	7
7533	7
7534	7
7535	7
7536	7
7537	7
7538	7
7539	7
7540	7
7541	7
7542	7
7543	7
7544	7
7545	7
7546	7
7547	7
7548	7
7549	7
7550	7
7551	7
7552	7
7553	7
7554	7
7555	7
7556	7
7557	7
7558	7
7559	7
7560	7
7561	7
7562	7
7563	7
7564	7
7565	7
7566	7
7567	7
7568	7
7569	7
7570	7
7571	7
7572	7
7573	7
7574	7
7575	7
7576	7
7577	7
7578	7
7579	7
7580	7
7581	7
7582	7
7583	7
7584	7
7585	7
7586	7
7587	7
7588	7
7589	7
7590	7
7591	7
7592	7
7593	7
7594	7
7595	7
7596	7
7597	7
7598	7
7599	7
7600	7
7601	7
7602	7
7603	7
7604	7
7605	7
7606	7
7607	7
7608	7
7609	7
7610	7
7611	7
7612	7
7613	7
7614	7
7615	7
7616	7
7617	7
7618	7
7619	7
7620	7
7621	7
7622	7
7623	7
7624	7
7625	7
7626	7
7627	7
7628	7
7629	7
7630	7
7631	7
7632	7
7633	7
7634	7
7635	7
7636	7
7637	7
7638	7
7639	7
7640	7
7641	7
7642	7
7643	7
7644	7
7645	7
7646	7
7647	7
7648	7
7649	7
7650	7
7651	7
7652	7
7653	7
7654	7
7655	7
7656	7
7657	7
7658	7
7659	7
7660	7
7661	7
7662	7
7663	7
7664	7
7665	7
7666	7
7667	7
7668	7
7669	7
7670	7
7671	7
7672	7
7673	7
7674	7
7675	7
7676	7
7677	7
7678	7
7679	7
7680	7
7681	7
7682	7
7683	7
7684	7
7685	7
7686	7
7687	7
7688	7
7689	7
7690	7
7691	7
7692	7
7693	7
7694	7
7695	7
7696	7
7697	7
7698	7
7699	7
7700	7
7701	7
7702	7
7703	7
7704	7
7705	7
7706	7
7707	7
7708	7
7709	7
7710	7
7711	7
7712	7
7713	7
7714	7
7715	7
7716	7
7717	7
7718	7
7719	7
7720	7
7721	7
7722	7
7723	7
7724	7
7725	7
7726	7
7727	7
7728	7
7729	7
7730	7
7731	7
7732	7
7733	7
7734	7
7735	7
7736	7
7737	7
7738	7
7739	7
7740	7
7741	7
7742	7
7743	7
7744	7
7745	7
7746	7
7747	7
7748	7
7749	7
7750	7
7751	7
7752	7
7753	7
7754	7
7755	7
7756	7
7757	7
7758	7
7759	7
7760	7
7761	7
7762	7
7763	7
7764	7
7765	7
7766	7
7767	7
7768	7
7769	7
7770	7
7771	7
7772	7
7773	7
7774	7
7775	7
7776	7
7777	7
7778	7
7779	7
7780	7
7781	7
7782	7
7783	7
7784	7
7785	7
7786	7
7787	7
7788	7
7789	7
7790	7
7791	7
7792	7
7793	7
7794	7
7795	7
7796	7
7797	7
7798	7
7799	7
7800	7
7801	7
7802	7
7803	7
7804	7
7805	7
7806	7
7807	7
7808	7
7809	7
7810	7
7811	7
7812	7
7813	7
7814	7
7815	7
7816	7
7817	7
7818	7
7819	7
7820	7
7821	7
7822	7
7823	7
7824	7
7825	7
7826	7
7827	7
7828	7
7829	7
7830	7
7831	7
7832	7
7833	7
7834	7
7835	7
7836	7
7837	7
7838	7
7839	7
7840	7
7841	7
7842	7
7843	7
7844	7
7845	7
7846	7
7847	7
7848	7
7849	7
7850	7
7851	7
7852	7
7853	7
7854	7
7855	7
7856	7
7857	7
7858	7
7859	7
7860	7
7861	7
7862	7
7863	7
7864	7
7865	7
7866	7
7867	7
7868	7
7869	7
7870	7
7871	7
7872	7
7873	7
7874	7
7875	7
7876	7
7877	7
7878	7
7879	7
7880	7
7881	7
7882	7
7883	7
7884	7
7885	7
7886	7
7887	7
7888	7
7889	7
7890	7
7891	7
7892	7
7893	7
7894	7
7895	7
7896	7
7897	7
7898	7
7899	7
7900	7
7901	7
7902	7
7903	7
7904	7
7905	7
7906	7
7907	7
7908	7
7909	7
7910	7
7911	7
7912	7
7913	7
7914	7
7915	7
7916	7
7917	7
7918	7
7919	7
7920	7
7921	7
7922	7
7923	7
7924	7
7925	7
7926	7
7927	7
7928	7
7929	7
7930	7
7931	7
7932	7
7933	7
7934	7
7935	7
7936	7
7937	7
7938	7
7939	7
7940	7
7941	7
7942	7
7943	7
7944	7
7945	7
7946	7
7947	7
7948	7
7949	7
7950	7
7951	7
7952	7
7953	7
7954	7
7955	7
7956	7
7957	7
7958	7
7959	7
7960	7
7961	7
7962	7
7963	7
7964	7
7965	7
7966	7
7967	7
7968	7
7969	7
7970	7
7971	7
7972	7
7973	7
7974	7
7975	7
7976	7
7977	7
7978	7
7979	7
7980	7
7981	7
7982	7
7983	7
7984	7
7985	7
7986	7
7987	7
7988	7
7989	7
7990	7
7991	7
7992	7
7993	7
7994	7
7995	7
7996	7
7997	7
7998	7
7999	7
8000	7
8001	7
8002	7
8003	7
8004	7
8005	7
8006	7
8007	7
8008	7
8009	7
8010	7
8011	7
8012	7
8013	7
8014	7
8015	7
8016	7
8017	7
8018	7
8019	7
8020	7
8021	7
8022	7
8023	7
8024	7
8025	7
8026	7
8027	7
8028	7
8029	7
8030	7
8031	7
8032	7
8033	7
8034	7
8035	7
8036	7
8037	7
8038	7
8039	7
8040	7
8041	7
8042	7
8043	7
8044	7
8045	7
8046	7
8047	7
8048	7
8049	7
8050	7
8051	7
8052	7
8053	7
8054	7
8055	7
8056	7
8057	7
8058	7
8059	7
8060	7
8061	7
8062	7
8063	7
8064	7
8065	7
8066	7
8067	7
8068	7
8069	7
8070	7
8071	7
8072	7
8073	7
8074	7
8075	7
8076	7
8077	7
8078	7
8079	7
8080	7
8081	7
8082	7
8083	7
8084	7
8085	7
8086	7
8087	7
8088	7
8089	7
8090	7
8091	7
8092	7
8093	7
8094	7
8095	7
8096	7
8097	7
8098	7
8099	7
8100	7
8101	7
8102	7
8103	7
8104	7
8105	7
8106	7
8107	7
8108	7
8109	7
8110	7
8111	7
8112	7
8113	7
8114	7
8115	7
8116	7
8117	7
8118	7
8119	7
8120	7
8121	7
8122	7
8123	7
8124	7
8125	7
8126	7
8127	7
8128	7
8129	7
8130	7
8131	7
8132	7
8133	7
8134	7
8135	7
8136	7
8137	7
8138	7
8139	7
8140	7
8141	7
8142	7
8143	7
8144	7
8145	7
8146	7
8147	7
8148	7
8149	7
8150	7
8151	7
8152	7
8153	7
8154	7
8155	7
8156	7
8157	7
8158	7
8159	7
8160	7
8161	7
8162	7
8163	7
8164	7
8165	7
8166	7
8167	7
8168	7
8169	7
8170	7
8171	7
8172	7
8173	7
8174	7
8175	7
8176	7
8177	7
8178	7
8179	7
8180	7
8181	7
8182	7
8183	7
8184	7
8185	7
8186	7
8187	7
8188	7
8189	7
8190	7
8191	7
8192	7
8193	7
8194	7
8195	7
8196	7
8197	7
8198	7
8199	7
8200	7
8201	7
8202	7
8203	7
8204	7
8205	7
8206	7
8207	7
8208	7
8209	7
8210	7
8211	7
8212	7
8213	7
8214	7
8215	7
8216	7
8217	7
8218	7
8219	7
8220	7
8221	7
8222	7
8223	7
8224	7
8225	7
8226	7
8227	7
8228	7
8229	7
8230	7
8231	7
8232	7
8233	7
8234	7
8235	7
8236	7
8237	7
8238	7
8239	7
8240	7
8241	7
8242	7
8243	7
8244	7
8245	7
8246	7
8247	7
8248	7
8249	7
8250	7
8251	7
8252	7
8253	7
8254	7
8255	7
8256	7
8257	7
8258	7
8259	7
8260	7
8261	7
8262	7
8263	7
8264	7
8265	7
8266	7
8267	7
8268	7
8269	7
8270	7
8271	7
8272	7
8273	7
8274	7
8275	7
8276	7
8277	7
8278	7
8279	7
8280	7
8281	7
8282	7
8283	7
8284	7
8285	7
8286	7
8287	7
8288	7
8289	7
8290	7
8291	7
8292	7
8293	7
8294	7
8295	7
8296	7
8297	7
8298	7
8299	7
8300	7
8301	7
8302	7
8303	7
8304	7
8305	7
8306	7
8307	7
8308	7
8309	7
8310	7
8311	7
8312	7
8313	7
8314	7
8315	7
8316	7
8317	7
8318	7
8319	7
8320	7
8321	7
8322	7
8323	7
8324	7
8325	7
8326	7
8327	7
8328	7
8329	7
8330	7
8331	7
8332	7
8333	7
8334	7
8335	7
8336	7
8337	7
8338	7
8339	7
8340	7
8341	7
8342	7
8343	7
8344	7
8345	7
8346	7
8347	7
8348	7
8349	7
8350	7
8351	7
8352	7
8353	7
8354	7
8355	7
8356	7
8357	7
8358	7
8359	7
8360	7
8361	7
8362	7
8363	7
8364	7
8365	7
8366	7
8367	7
8368	7
8369	7
8370	7
8371	7
8372	7
8373	7
8374	7
8375	7
8376	7
8377	7
8378	7
8379	7
8380	7
8381	7
8382	7
8383	7
8384	7
8385	7
8386	7
8387	7
8388	7
8389	7
8390	7
8391	7
8392	7
8393	7
8394	7
8395	7
8396	7
8397	7
8398	7
8399	7
8400	7
8401	7
8402	7
8403	7
8404	7
8405	7
8406	7
8407	7
8408	7
8409	7
8410	7
8411	7
8412	7
8413	7
8414	7
8415	7
8416	7
8417	7
8418	7
8419	7
8420	7
8421	7
8422	7
8423	7
8424	7
8425	7
8426	7
8427	7
8428	7
8429	7
8430	8
8431	8
8432	8
8433	8
8434	8
8435	8
8436	8
8437	8
8438	8
8439	8
8440	8
8441	8
8442	8
8443	8
8444	8
8445	8
8446	8
8447	8
8448	8
8449	8
8450	8
8451	8
8452	8
8453	8
8454	8
8455	8
8456	8
8457	8
8458	8
8459	8
8460	8
8461	8
8462	8
8463	8
8464	8
8465	8
8466	8
8467	8
8468	8
8469	8
8470	8
8471	8
8472	8
8473	8
8474	8
8475	8
8476	8
8477	8
8478	8
8479	8
8480	8
8481	8
8482	8
8483	8
8484	8
8485	8
8486	8
8487	8
8488	8
8489	8
8490	8
8491	8
8492	8
8493	8
8494	8
8495	8
8496	8
8497	8
8498	8
8499	8
8500	8
8501	8
8502	8
8503	8
8504	8
8505	8
8506	8
8507	8
8508	8
8509	8
8510	8
8511	8
8512	8
8513	8
8514	8
8515	8
8516	8
8517	8
8518	8
8519	8
8520	8
8521	8
8522	8
8523	8
8524	8
8525	8
8526	8
8527	8
8528	8
8529	8
8530	8
8531	8
8532	8
8533	8
8534	8
8535	8
8536	8
8537	8
8538	8
8539	8
8540	8
8541	8
8542	8
8543	8
8544	8
8545	8
8546	8
8547	8
8548	8
8549	8
8550	8
8551	8
8552	8
8553	8
8554	8
8555	8
8556	8
8557	8
8558	8
8559	8
8560	8
8561	8
8562	8
8563	8
8564	8
8565	8
8566	8
8567	8
8568	8
8569	8
8570	8
8571	8
8572	8
8573	8
8574	8
8575	8
8576	8
8577	8
8578	8
8579	8
8580	8
8581	8
8582	8
8583	8
8584	8
8585	8
8586	8
8587	8
8588	8
8589	8
8590	8
8591	8
8592	8
8593	8
8594	8
8595	8
8596	8
8597	8
8598	8
8599	8
8600	8
8601	8
8602	8
8603	8
8604	8
8605	8
8606	8
8607	8
8608	8
8609	8
8610	8
8611	8
8612	8
8613	8
8614	8
8615	8
8616	8
8617	8
8618	8
8619	8
8620	8
8621	8
8622	8
8623	8
8624	8
8625	8
8626	8
8627	8
8628	8
8629	8
8630	8
8631	8
8632	8
8633	8
8634	8
8635	8
8636	8
8637	8
8638	8
8639	8
8640	8
8641	8
8642	8
8643	8
8644	8
8645	8
8646	8
8647	8
8648	8
8649	8
8650	8
8651	8
8652	8
8653	8
8654	8
8655	8
8656	8
8657	8
8658	8
8659	8
8660	8
8661	8
8662	8
8663	8
8664	8
8665	8
8666	8
8667	8
8668	8
8669	8
8670	8
8671	8
8672	8
8673	8
8674	8
8675	8
8676	8
8677	8
8678	8
8679	8
8680	8
8681	8
8682	8
8683	8
8684	8
8685	8
8686	8
8687	8
8688	8
8689	8
8690	8
8691	8
8692	8
8693	8
8694	8
8695	8
8696	8
8697	8
8698	8
8699	8
8700	8
8701	8
8702	8
8703	8
8704	8
8705	8
8706	8
8707	8
8708	8
8709	8
8710	8
8711	8
8712	8
8713	8
8714	8
8715	8
8716	8
8717	8
8718	8
8719	8
8720	8
8721	8
8722	8
8723	8
8724	8
8725	8
8726	8
8727	8
8728	8
8729	8
8730	8
8731	8
8732	8
8733	8
8734	8
8735	8
8736	8
8737	8
8738	8
8739	8
8740	8
8741	8
8742	8
8743	8
8744	8
8745	8
8746	8
8747	8
8748	8
8749	8
8750	8
8751	8
8752	8
8753	8
8754	8
8755	8
8756	8
8757	8
8758	8
8759	8
8760	8
8761	8
8762	8
8763	8
8764	8
8765	8
8766	8
8767	8
8768	8
8769	8
8770	8
8771	8
8772	8
8773	8
8774	8
8775	8
8776	8
8777	8
8778	8
8779	8
8780	8
8781	8
8782	8
8783	8
8784	8
8785	8
8786	8
8787	8
8788	8
8789	8
8790	8
8791	8
8792	8
8793	8
8794	8
8795	8
8796	8
8797	8
8798	8
8799	8
8800	8
8801	8
8802	8
8803	8
8804	8
8805	8
8806	8
8807	8
8808	8
8809	8
8810	8
8811	8
8812	8
8813	8
8814	8
8815	8
8816	8
8817	8
8818	8
8819	8
8820	8
8821	8
8822	8
8823	8
8824	8
8825	8
8826	8
8827	8
8828	8
8829	8
8830	8
8831	8
8832	8
8833	8
8834	8
8835	8
8836	8
8837	8
8838	8
8839	8
8840	8
8841	8
8842	8
8843	8
8844	8
8845	8
8846	8
8847	8
8848	8
8849	8
8850	8
8851	8
8852	8
8853	8
8854	8
8855	8
8856	8
8857	8
8858	8
8859	8
8860	8
8861	8
8862	8
8863	8
8864	8
8865	8
8866	8
8867	8
8868	8
8869	8
8870	8
8871	8
8872	8
8873	8
8874	8
8875	8
8876	8
8877	8
8878	8
8879	8
8880	8
8881	8
8882	8
8883	8
8884	8
8885	8
8886	8
8887	8
8888	8
8889	8
8890	8
8891	8
8892	8
8893	8
8894	8
8895	8
8896	8
8897	8
8898	8
8899	8
8900	8
8901	8
8902	8
8903	8
8904	8
8905	8
8906	8
8907	8
8908	8
8909	8
8910	8
8911	8
8912	8
8913	8
8914	8
8915	8
8916	8
8917	8
8918	8
8919	8
8920	8
8921	8
8922	8
8923	8
8924	8
8925	8
8926	8
8927	8
8928	8
8929	8
8930	8
8931	8
8932	8
8933	8
8934	8
8935	8
8936	8
8937	8
8938	8
8939	8
8940	8
8941	8
8942	8
8943	8
8944	8
8945	8
8946	8
8947	8
8948	8
8949	8
8950	8
8951	8
8952	8
8953	8
8954	8
8955	8
8956	8
8957	8
8958	8
8959	8
8960	8
8961	8
8962	8
8963	8
8964	8
8965	8
8966	8
8967	8
8968	8
8969	8
8970	8
8971	8
8972	8
8973	8
8974	8
8975	8
8976	8
8977	8
8978	8
8979	8
8980	8
8981	8
8982	8
8983	8
8984	8
8985	8
8986	8
8987	8
8988	8
8989	8
8990	8
8991	8
8992	8
8993	8
8994	8
8995	8
8996	8
8997	8
8998	8
8999	8
9000	8
9001	8
9002	8
9003	8
9004	8
9005	8
9006	8
9007	8
9008	8
9009	8
9010	8
9011	8
9012	8
9013	8
9014	8
9015	8
9016	8
9017	8
9018	8
9019	8
9020	8
9021	8
9022	8
9023	8
9024	8
9025	8
9026	8
9027	8
9028	8
9029	8
9030	8
9031	8
9032	8
9033	8
9034	8
9035	8
9036	8
9037	8
9038	8
9039	8
9040	8
9041	8
9042	8
9043	8
9044	8
9045	8
9046	8
9047	8
9048	8
9049	8
9050	8
9051	8
9052	8
9053	8
9054	8
9055	8
9056	8
9057	8
9058	8
9059	8
9060	8
9061	8
9062	8
9063	8
9064	8
9065	8
9066	8
9067	8
9068	8
9069	8
9070	8
9071	8
9072	8
9073	8
9074	8
9075	8
9076	8
9077	8
9078	8
9079	8
9080	8
9081	8
9082	8
9083	8
9084	8
9085	8
9086	8
9087	8
9088	8
9089	8
9090	8
9091	8
9092	8
9093	8
9094	8
9095	8
9096	8
9097	8
9098	8
9099	8
9100	8
9101	8
9102	8
9103	8
9104	8
9105	8
9106	8
9107	8
9108	8
9109	8
9110	8
9111	8
9112	8
9113	8
9114	8
9115	8
9116	8
9117	8
9118	8
9119	8
9120	8
9121	8
9122	8
9123	8
9124	8
9125	8
9126	8
9127	8
9128	8
9129	8
9130	8
9131	8
9132	8
9133	8
9134	8
9135	8
9136	8
9137	8
9138	8
9139	8
9140	8
9141	8
9142	8
9143	8
9144	8
9145	8
9146	8
9147	8
9148	8
9149	8
9150	8
9151	8
9152	8
9153	8
9154	8
9155	8
9156	8
9157	8
9158	8
9159	8
9160	8
9161	8
9162	8
9163	8
9164	8
9165	8
9166	8
9167	8
9168	8
9169	8
9170	8
9171	8
9172	8
9173	8
9174	8
9175	8
9176	8
9177	8
9178	8
9179	8
9180	8
9181	8
9182	8
9183	8
9184	8
9185	8
9186	8
9187	8
9188	8
9189	8
9190	8
9191	8
9192	8
9193	8
9194	8
9195	8
9196	8
9197	8
9198	8
9199	8
9200	8
9201	8
9202	8
9203	8
9204	8
9205	8
9206	8
9207	8
9208	8
9209	8
9210	8
9211	8
9212	8
9213	8
9214	8
9215	8
9216	8
9217	8
9218	8
9219	8
9220	8
9221	8
9222	8
9223	8
9224	8
9225	8
9226	8
9227	8
9228	8
9229	8
9230	8
9231	9
9232	9
9233	9
9234	9
9235	9
9236	9
9237	9
9238	9
9239	9
9240	9
9241	9
9242	9
9243	9
9244	9
9245	9
9246	9
9247	9
9248	9
9249	9
9250	9
9251	9
9252	9
9253	9
9254	9
9255	9
9256	9
9257	9
9258	9
9259	9
9260	9
9261	9
9262	9
9263	9
9264	9
9265	9
9266	9
9267	9
9268	9
9269	9
9270	9
9271	9
9272	9
9273	9
9274	9
9275	9
9276	9
9277	9
9278	9
9279	9
9280	9
9281	9
9282	9
9283	9
9284	9
9285	9
9286	9
9287	9
9288	9
9289	9
9290	9
9291	9
9292	9
9293	9
9294	9
9295	9
9296	9
9297	9
9298	9
9299	9
9300	9
9301	9
9302	9
9303	9
9304	9
9305	9
9306	9
9307	9
9308	9
9309	9
9310	9
9311	9
9312	9
9313	9
9314	9
9315	9
9316	9
9317	9
9318	9
9319	9
9320	9
9321	9
9322	9
9323	9
9324	9
9325	9
9326	9
9327	9
9328	9
9329	9
9330	9
9331	9
9332	9
9333	9
9334	9
9335	9
9336	9
9337	9
9338	9
9339	9
9340	9
9341	9
9342	9
9343	9
9344	9
9345	9
9346	9
9347	9
9348	9
9349	9
9350	9
9351	9
9352	9
9353	9
9354	9
9355	9
9356	9
9357	9
9358	9
9359	9
9360	9
9361	9
9362	9
9363	9
9364	9
9365	9
9366	9
9367	9
9368	9
9369	9
9370	9
9371	9
9372	9
9373	9
9374	9
9375	9
9376	9
9377	9
9378	9
9379	9
9380	9
9381	9
9382	9
9383	9
9384	9
9385	9
9386	9
9387	9
9388	9
9389	9
9390	9
9391	9
9392	9
9393	9
9394	9
9395	9
9396	9
9397	9
9398	9
9399	9
9400	9
9401	9
9402	9
9403	9
9404	9
9405	9
9406	9
9407	9
9408	9
9409	9
9410	9
9411	9
9412	9
9413	9
9414	9
9415	9
9416	9
9417	9
9418	9
9419	9
9420	9
9421	9
9422	9
9423	9
9424	9
9425	9
9426	9
9427	9
9428	9
9429	9
9430	9
9431	9
9432	9
9433	9
9434	9
9435	9
9436	9
9437	9
9438	9
9439	9
9440	9
9441	9
9442	9
9443	9
9444	9
9445	9
9446	9
9447	9
9448	9
9449	9
9450	9
9451	9
9452	9
9453	9
9454	9
9455	9
9456	9
9457	9
9458	9
9459	9
9460	9
9461	9
9462	9
9463	9
9464	9
9465	9
9466	9
9467	9
9468	9
9469	9
9470	9
9471	9
9472	9
9473	9
9474	9
9475	9
9476	9
9477	9
9478	9
9479	9
9480	9
9481	9
9482	9
9483	9
9484	9
9485	9
9486	9
9487	9
9488	9
9489	9
9490	9
9491	9
9492	9
9493	9
9494	9
9495	9
9496	9
9497	9
9498	9
9499	9
9500	9
9501	9
9502	9
9503	9
9504	9
9505	9
9506	9
9507	9
9508	9
9509	9
9510	9
9511	9
9512	9
9513	9
9514	9
9515	9
9516	9
9517	9
9518	9
9519	9
9520	9
9521	9
9522	9
9523	9
9524	9
9525	9
9526	9
9527	9
9528	9
9529	9
9530	9
9531	9
9532	9
9533	9
9534	9
9535	9
9536	9
9537	9
9538	9
9539	9
9540	9
9541	9
9542	9
9543	9
9544	9
9545	9
9546	9
9547	9
9548	9
9549	9
9550	9
9551	9
9552	9
9553	9
9554	9
9555	9
9556	9
9557	9
9558	9
9559	9
9560	9
9561	9
9562	9
9563	9
9564	9
9565	9
9566	9
9567	9
9568	9
9569	9
9570	9
9571	9
9572	9
9573	9
9574	9
9575	9
9576	9
9577	9
9578	9
9579	9
9580	9
9581	9
9582	9
9583	9
9584	9
9585	9
9586	9
9587	9
9588	9
9589	9
9590	9
9591	9
9592	9
9593	9
9594	9
9595	9
9596	9
9597	9
9598	9
9599	9
9600	9
9601	9
9602	9
9603	9
9604	9
9605	9
9606	9
9607	9
9608	9
9609	9
9610	9
9611	9
9612	9
9613	9
9614	9
9615	9
9616	9
9617	9
9618	9
9619	9
9620	9
9621	9
9622	9
9623	9
9624	9
9625	9
9626	9
9627	9
9628	9
9629	9
9630	9
9631	9
9632	9
9633	9
9634	9
9635	9
9636	9
9637	9
9638	9
9639	9
9640	9
9641	9
9642	9
9643	9
9644	9
9645	9
9646	9
9647	9
9648	9
9649	9
9650	9
9651	9
9652	9
9653	9
9654	9
9655	9
9656	9
9657	9
9658	9
9659	9
9660	9
9661	9
9662	9
9663	9
9664	9
9665	9
9666	9
9667	9
9668	9
9669	9
9670	9
9671	9
9672	9
9673	9
9674	9
9675	9
9676	9
9677	9
9678	9
9679	9
9680	9
9681	9
9682	9
9683	9
9684	9
9685	9
9686	9
9687	9
9688	9
9689	9
9690	9
9691	9
9692	9
9693	9
9694	9
9695	9
9696	9
9697	9
9698	9
9699	9
9700	9
9701	9
9702	9
9703	9
9704	9
9705	9
9706	9
9707	9
9708	9
9709	9
9710	9
9711	9
9712	9
9713	9
9714	9
9715	9
9716	9
9717	9
9718	9
9719	9
9720	9
9721	9
9722	9
9723	9
9724	9
9725	9
9726	9
9727	9
9728	9
9729	9
9730	9
9731	9
9732	9
9733	9
9734	9
9735	9
9736	9
9737	9
9738	9
9739	9
9740	9
9741	9
9742	9
9743	9
9744	9
9745	9
9746	9
9747	9
9748	9
9749	9
9750	9
9751	9
9752	9
9753	9
9754	9
9755	9
9756	9
9757	9
9758	9
9759	9
9760	9
9761	9
9762	9
9763	9
9764	9
9765	9
9766	9
9767	9
9768	9
9769	9
9770	9
9771	9
9772	9
9773	9
9774	9
9775	9
9776	9
9777	9
9778	9
9779	9
9780	9
9781	9
9782	9
9783	9
9784	9
9785	9
9786	9
9787	9
9788	9
9789	9
9790	9
9791	9
9792	9
9793	9
9794	9
9795	9
9796	9
9797	9
9798	9
9799	9
9800	9
9801	9
9802	9
9803	9
9804	9
9805	9
9806	9
9807	9
9808	9
9809	9
9810	9
9811	9
9812	9
9813	9
9814	9
9815	9
9816	9
9817	9
9818	9
9819	9
9820	9
9821	9
9822	9
9823	9
9824	9
9825	9
9826	9
9827	9
9828	9
9829	9
9830	9
9831	9
9832	9
9833	9
9834	9
9835	9
9836	9
9837	9
9838	9
9839	9
9840	9
9841	9
9842	9
9843	9
9844	9
9845	9
9846	9
9847	9
9848	9
9849	9
9850	9
9851	9
9852	9
9853	9
9854	9
9855	9
9856	9
9857	9
9858	9
9859	9
9860	9
9861	9
9862	9
9863	9
9864	9
9865	9
9866	9
9867	9
9868	9
9869	9
9870	9
9871	9
9872	9
9873	9
9874	9
9875	9
9876	9
9877	9
9878	9
9879	9
9880	9
9881	9
9882	9
9883	9
9884	9
9885	9
9886	9
9887	9
9888	9
9889	9
9890	9
9891	9
9892	9
9893	9
9894	9
9895	9
9896	9
9897	9
9898	9
9899	9
9900	9
9901	9
9902	9
9903	9
9904	9
9905	9
9906	9
9907	9
9908	9
9909	9
9910	9
9911	9
9912	9
9913	9
9914	9
9915	9
9916	9
9917	9
9918	9
9919	9
9920	9
9921	9
9922	9
9923	9
9924	9
9925	9
9926	9
9927	9
9928	9
9929	9
9930	9
9931	9
9932	9
9933	9
9934	9
9935	9
9936	9
9937	9
9938	9
9939	9
9940	9
9941	9
9942	9
9943	9
9944	9
9945	9
9946	9
9947	9
9948	9
9949	9
9950	9
9951	9
9952	9
9953	9
9954	9
9955	9
9956	9
9957	9
9958	9
9959	9
9960	9
9961	9
9962	9
9963	9
9964	9
9965	9
9966	9
9967	9
9968	9
9969	9
9970	9
9971	9
9972	9
9973	9
9974	9
9975	9
9976	9
9977	9
9978	9
9979	9
9980	9
9981	9
9982	9
9983	9
9984	9
9985	9
9986	9
9987	9
9988	9
9989	9
9990	9
9991	9
9992	9
9993	9
9994	9
9995	9
9996	9
9997	9
9998	9
9999	9
10000	9
