#Clock	ItemsCollected
1	0
2	0
3	0
4	0
5	0
6	0
7	0
8	0
9	0
10	0
11	0
12	0
13	0
14	0
15	0
16	0
17	0
18	0
19	0
20	0
21	0
22	0
23	0
24	0
25	0
26	0
27	0
28	0
29	0
30	0
31	0
32	0
33	0
34	0
35	0
36	0
37	0
38	0
39	0
40	0
41	0
42	0
43	0
44	0
45	0
46	0
47	0
48	0
49	0
50	0
51	0
52	0
53	0
54	0
55	0
56	0
57	0
58	0
59	0
60	0
61	0
62	0
63	0
64	0
65	0
66	0
67	0
68	0
69	0
70	0
71	0
72	0
73	0
74	0
75	0
76	0
77	0
78	0
79	0
80	0
81	0
82	0
83	0
84	0
85	0
86	0
87	0
88	0
89	0
90	0
91	0
92	0
93	0
94	0
95	0
96	0
97	0
98	0
99	0
100	0
101	0
102	0
103	0
104	0
105	0
106	0
107	0
108	0
109	0
110	0
111	0
112	0
113	0
114	0
115	0
116	0
117	0
118	0
119	0
120	0
121	0
122	0
123	0
124	0
125	0
126	0
127	0
128	0
129	0
130	0
131	0
132	0
133	0
134	0
135	0
136	0
137	0
138	0
139	0
140	0
141	0
142	0
143	0
144	0
145	0
146	0
147	0
148	0
149	0
150	0
151	0
152	0
153	0
154	0
155	0
156	0
157	0
158	0
159	0
160	0
161	0
162	0
163	0
164	0
165	0
166	0
167	0
168	0
169	0
170	0
171	0
172	0
173	0
174	0
175	0
176	0
177	0
178	0
179	0
180	0
181	0
182	0
183	0
184	0
185	0
186	0
187	0
188	0
189	0
190	0
191	0
192	0
193	0
194	0
195	0
196	0
197	0
198	0
199	0
200	0
201	0
202	0
203	0
204	0
205	0
206	0
207	0
208	0
209	0
210	0
211	0
212	0
213	0
214	0
215	0
216	0
217	0
218	0
219	0
220	0
221	0
222	0
223	0
224	0
225	0
226	0
227	0
228	0
229	0
230	0
231	0
232	0
233	0
234	0
235	0
236	0
237	0
238	0
239	0
240	0
241	0
242	0
243	0
244	0
245	0
246	0
247	0
248	0
249	0
250	0
251	0
252	0
253	0
254	0
255	0
256	0
257	0
258	0
259	0
260	0
261	0
262	0
263	0
264	0
265	0
266	0
267	0
268	0
269	0
270	0
271	0
272	0
273	0
274	0
275	0
276	0
277	0
278	0
279	0
280	0
281	0
282	0
283	0
284	0
285	0
286	0
287	0
288	0
289	0
290	0
291	0
292	0
293	0
294	0
295	0
296	0
297	0
298	0
299	0
300	0
301	0
302	0
303	0
304	0
305	0
306	0
307	0
308	0
309	0
310	0
311	0
312	0
313	0
314	0
315	0
316	0
317	0
318	0
319	0
320	0
321	0
322	0
323	0
324	0
325	0
326	0
327	0
328	0
329	0
330	0
331	0
332	0
333	0
334	0
335	0
336	0
337	0
338	0
339	0
340	0
341	0
342	0
343	0
344	0
345	0
346	0
347	0
348	0
349	0
350	0
351	0
352	0
353	0
354	0
355	0
356	0
357	0
358	0
359	0
360	0
361	0
362	0
363	0
364	0
365	0
366	0
367	0
368	0
369	0
370	0
371	0
372	0
373	0
374	0
375	0
376	0
377	0
378	0
379	0
380	0
381	0
382	0
383	0
384	0
385	0
386	0
387	0
388	0
389	0
390	0
391	0
392	0
393	0
394	0
395	0
396	0
397	0
398	0
399	0
400	0
401	0
402	0
403	0
404	0
405	0
406	0
407	0
408	0
409	0
410	0
411	0
412	0
413	0
414	0
415	0
416	0
417	0
418	0
419	0
420	0
421	0
422	0
423	0
424	0
425	0
426	0
427	0
428	0
429	0
430	0
431	0
432	0
433	0
434	0
435	0
436	0
437	0
438	0
439	0
440	0
441	0
442	0
443	0
444	0
445	0
446	0
447	0
448	0
449	0
450	0
451	0
452	0
453	0
454	0
455	0
456	0
457	0
458	0
459	0
460	0
461	0
462	0
463	0
464	0
465	0
466	0
467	0
468	0
469	0
470	0
471	0
472	0
473	0
474	0
475	0
476	0
477	0
478	0
479	0
480	0
481	0
482	0
483	0
484	0
485	0
486	0
487	0
488	0
489	0
490	0
491	0
492	0
493	0
494	0
495	0
496	0
497	0
498	0
499	0
500	0
501	0
502	0
503	0
504	0
505	0
506	0
507	0
508	0
509	0
510	0
511	0
512	0
513	0
514	0
515	0
516	0
517	0
518	0
519	0
520	0
521	0
522	0
523	0
524	0
525	0
526	0
527	0
528	0
529	0
530	0
531	0
532	0
533	0
534	0
535	0
536	0
537	0
538	0
539	0
540	0
541	0
542	0
543	0
544	0
545	0
546	0
547	0
548	0
549	0
550	0
551	0
552	0
553	0
554	0
555	0
556	0
557	0
558	0
559	0
560	0
561	0
562	0
563	0
564	0
565	0
566	0
567	0
568	0
569	0
570	0
571	0
572	0
573	0
574	0
575	0
576	0
577	0
578	0
579	0
580	0
581	0
582	0
583	0
584	0
585	0
586	0
587	0
588	0
589	0
590	0
591	0
592	0
593	0
594	0
595	0
596	0
597	0
598	0
599	0
600	0
601	0
602	0
603	0
604	0
605	0
606	0
607	0
608	0
609	0
610	0
611	0
612	0
613	0
614	0
615	0
616	0
617	0
618	0
619	0
620	0
621	0
622	0
623	0
624	0
625	0
626	0
627	0
628	0
629	0
630	0
631	0
632	0
633	0
634	0
635	0
636	0
637	0
638	0
639	0
640	0
641	0
642	0
643	0
644	0
645	0
646	0
647	0
648	0
649	0
650	0
651	0
652	0
653	0
654	0
655	0
656	0
657	0
658	0
659	0
660	0
661	0
662	0
663	0
664	0
665	0
666	0
667	0
668	0
669	0
670	0
671	0
672	0
673	0
674	0
675	0
676	0
677	0
678	0
679	0
680	0
681	0
682	0
683	0
684	0
685	0
686	0
687	0
688	0
689	0
690	0
691	0
692	0
693	0
694	0
695	0
696	0
697	0
698	0
699	0
700	0
701	0
702	0
703	0
704	0
705	0
706	0
707	0
708	0
709	0
710	0
711	0
712	0
713	0
714	0
715	0
716	0
717	0
718	0
719	0
720	0
721	0
722	0
723	0
724	0
725	0
726	0
727	0
728	0
729	0
730	0
731	0
732	0
733	0
734	0
735	0
736	0
737	0
738	0
739	0
740	0
741	0
742	0
743	0
744	0
745	0
746	0
747	0
748	0
749	0
750	0
751	0
752	0
753	0
754	0
755	0
756	0
757	0
758	0
759	0
760	0
761	0
762	0
763	0
764	0
765	0
766	0
767	0
768	0
769	0
770	0
771	0
772	0
773	0
774	0
775	0
776	0
777	0
778	0
779	0
780	0
781	0
782	0
783	0
784	0
785	0
786	0
787	0
788	0
789	0
790	0
791	0
792	0
793	0
794	0
795	0
796	0
797	0
798	0
799	0
800	0
801	0
802	0
803	0
804	0
805	0
806	0
807	0
808	0
809	0
810	0
811	0
812	0
813	0
814	0
815	0
816	0
817	0
818	0
819	0
820	0
821	0
822	0
823	0
824	0
825	0
826	0
827	0
828	0
829	0
830	0
831	0
832	0
833	0
834	0
835	0
836	0
837	0
838	0
839	0
840	0
841	0
842	0
843	0
844	0
845	0
846	0
847	0
848	0
849	0
850	0
851	0
852	0
853	0
854	0
855	0
856	0
857	0
858	0
859	0
860	0
861	0
862	0
863	0
864	0
865	0
866	0
867	0
868	0
869	0
870	0
871	0
872	0
873	0
874	0
875	0
876	0
877	0
878	0
879	0
880	0
881	0
882	0
883	0
884	0
885	0
886	0
887	0
888	0
889	0
890	0
891	0
892	0
893	0
894	0
895	0
896	0
897	0
898	0
899	0
900	0
901	0
902	0
903	0
904	0
905	0
906	0
907	0
908	0
909	0
910	0
911	0
912	0
913	0
914	0
915	0
916	0
917	0
918	0
919	0
920	0
921	0
922	0
923	0
924	0
925	0
926	0
927	0
928	0
929	0
930	0
931	0
932	0
933	0
934	0
935	0
936	0
937	0
938	0
939	0
940	0
941	0
942	0
943	0
944	0
945	0
946	0
947	0
948	0
949	0
950	0
951	0
952	0
953	0
954	0
955	0
956	0
957	0
958	0
959	0
960	0
961	0
962	0
963	0
964	0
965	0
966	0
967	0
968	0
969	0
970	0
971	0
972	0
973	0
974	0
975	0
976	0
977	0
978	0
979	0
980	0
981	0
982	0
983	0
984	0
985	0
986	0
987	0
988	0
989	0
990	0
991	0
992	0
993	0
994	0
995	0
996	0
997	0
998	0
999	0
1000	0
1001	0
1002	0
1003	0
1004	0
1005	0
1006	0
1007	0
1008	0
1009	0
1010	0
1011	0
1012	0
1013	0
1014	0
1015	0
1016	0
1017	0
1018	0
1019	0
1020	0
1021	0
1022	0
1023	0
1024	0
1025	0
1026	0
1027	0
1028	0
1029	0
1030	0
1031	0
1032	0
1033	0
1034	0
1035	0
1036	0
1037	0
1038	0
1039	0
1040	0
1041	0
1042	0
1043	0
1044	0
1045	0
1046	0
1047	0
1048	0
1049	0
1050	0
1051	0
1052	0
1053	0
1054	0
1055	0
1056	0
1057	0
1058	0
1059	0
1060	0
1061	0
1062	0
1063	0
1064	0
1065	0
1066	0
1067	0
1068	0
1069	0
1070	0
1071	0
1072	0
1073	0
1074	0
1075	0
1076	0
1077	0
1078	0
1079	0
1080	0
1081	0
1082	0
1083	0
1084	0
1085	0
1086	0
1087	0
1088	0
1089	0
1090	0
1091	0
1092	0
1093	0
1094	0
1095	0
1096	0
1097	0
1098	0
1099	0
1100	0
1101	0
1102	0
1103	0
1104	0
1105	0
1106	0
1107	0
1108	0
1109	0
1110	0
1111	0
1112	0
1113	0
1114	0
1115	0
1116	0
1117	0
1118	0
1119	0
1120	0
1121	0
1122	0
1123	0
1124	0
1125	0
1126	0
1127	0
1128	0
1129	0
1130	0
1131	0
1132	0
1133	0
1134	0
1135	0
1136	0
1137	0
1138	0
1139	0
1140	0
1141	0
1142	0
1143	0
1144	0
1145	0
1146	0
1147	0
1148	0
1149	0
1150	0
1151	0
1152	0
1153	0
1154	0
1155	0
1156	0
1157	0
1158	0
1159	0
1160	0
1161	0
1162	0
1163	0
1164	0
1165	0
1166	0
1167	0
1168	0
1169	0
1170	0
1171	0
1172	0
1173	0
1174	0
1175	0
1176	0
1177	0
1178	0
1179	0
1180	0
1181	0
1182	0
1183	0
1184	0
1185	0
1186	0
1187	0
1188	0
1189	0
1190	0
1191	0
1192	0
1193	0
1194	0
1195	0
1196	0
1197	0
1198	0
1199	0
1200	0
1201	0
1202	0
1203	0
1204	0
1205	0
1206	0
1207	0
1208	0
1209	0
1210	0
1211	0
1212	0
1213	0
1214	0
1215	0
1216	0
1217	0
1218	0
1219	0
1220	0
1221	0
1222	0
1223	0
1224	0
1225	0
1226	0
1227	0
1228	0
1229	0
1230	0
1231	0
1232	0
1233	0
1234	0
1235	0
1236	0
1237	0
1238	0
1239	0
1240	0
1241	0
1242	0
1243	0
1244	0
1245	0
1246	0
1247	0
1248	0
1249	0
1250	0
1251	0
1252	0
1253	0
1254	0
1255	0
1256	0
1257	0
1258	0
1259	0
1260	0
1261	0
1262	0
1263	0
1264	0
1265	0
1266	0
1267	0
1268	0
1269	0
1270	0
1271	0
1272	0
1273	0
1274	0
1275	0
1276	0
1277	0
1278	0
1279	0
1280	0
1281	0
1282	0
1283	0
1284	0
1285	0
1286	0
1287	0
1288	0
1289	0
1290	0
1291	0
1292	0
1293	0
1294	0
1295	0
1296	0
1297	0
1298	0
1299	0
1300	0
1301	0
1302	0
1303	0
1304	0
1305	0
1306	0
1307	0
1308	0
1309	0
1310	0
1311	0
1312	0
1313	0
1314	0
1315	0
1316	0
1317	0
1318	0
1319	0
1320	0
1321	0
1322	0
1323	0
1324	0
1325	0
1326	0
1327	0
1328	0
1329	0
1330	0
1331	0
1332	0
1333	0
1334	0
1335	0
1336	0
1337	0
1338	0
1339	0
1340	0
1341	0
1342	0
1343	0
1344	0
1345	0
1346	0
1347	0
1348	0
1349	0
1350	0
1351	0
1352	0
1353	0
1354	0
1355	0
1356	0
1357	0
1358	0
1359	0
1360	0
1361	0
1362	0
1363	0
1364	0
1365	0
1366	0
1367	0
1368	0
1369	0
1370	0
1371	0
1372	0
1373	0
1374	0
1375	0
1376	0
1377	0
1378	0
1379	0
1380	0
1381	0
1382	0
1383	0
1384	0
1385	0
1386	0
1387	0
1388	0
1389	0
1390	0
1391	0
1392	0
1393	0
1394	0
1395	0
1396	0
1397	0
1398	0
1399	0
1400	0
1401	0
1402	0
1403	0
1404	0
1405	0
1406	0
1407	0
1408	0
1409	0
1410	0
1411	0
1412	0
1413	0
1414	0
1415	0
1416	0
1417	0
1418	0
1419	0
1420	0
1421	0
1422	0
1423	0
1424	0
1425	0
1426	0
1427	0
1428	0
1429	0
1430	0
1431	0
1432	0
1433	0
1434	0
1435	0
1436	0
1437	0
1438	0
1439	0
1440	0
1441	0
1442	0
1443	0
1444	0
1445	0
1446	0
1447	0
1448	0
1449	0
1450	0
1451	0
1452	0
1453	0
1454	0
1455	0
1456	0
1457	0
1458	0
1459	0
1460	0
1461	0
1462	0
1463	0
1464	0
1465	0
1466	0
1467	0
1468	0
1469	0
1470	0
1471	0
1472	0
1473	0
1474	0
1475	0
1476	0
1477	0
1478	0
1479	0
1480	0
1481	0
1482	0
1483	0
1484	0
1485	0
1486	0
1487	0
1488	0
1489	0
1490	0
1491	0
1492	0
1493	0
1494	0
1495	0
1496	0
1497	0
1498	0
1499	0
1500	0
1501	0
1502	0
1503	0
1504	0
1505	0
1506	0
1507	0
1508	0
1509	0
1510	0
1511	0
1512	0
1513	0
1514	0
1515	0
1516	0
1517	0
1518	0
1519	0
1520	0
1521	0
1522	0
1523	0
1524	0
1525	0
1526	0
1527	0
1528	0
1529	0
1530	0
1531	0
1532	0
1533	0
1534	0
1535	0
1536	0
1537	0
1538	0
1539	0
1540	0
1541	0
1542	0
1543	0
1544	0
1545	0
1546	0
1547	0
1548	0
1549	0
1550	0
1551	0
1552	0
1553	0
1554	0
1555	0
1556	0
1557	0
1558	0
1559	0
1560	0
1561	0
1562	0
1563	0
1564	0
1565	0
1566	0
1567	0
1568	0
1569	0
1570	0
1571	0
1572	0
1573	0
1574	0
1575	0
1576	0
1577	0
1578	0
1579	0
1580	0
1581	0
1582	0
1583	0
1584	0
1585	0
1586	0
1587	0
1588	0
1589	0
1590	0
1591	0
1592	0
1593	0
1594	0
1595	0
1596	0
1597	0
1598	0
1599	0
1600	0
1601	0
1602	0
1603	0
1604	0
1605	0
1606	0
1607	0
1608	0
1609	0
1610	0
1611	0
1612	0
1613	0
1614	0
1615	0
1616	0
1617	0
1618	0
1619	0
1620	0
1621	0
1622	0
1623	0
1624	0
1625	0
1626	0
1627	0
1628	0
1629	0
1630	0
1631	0
1632	0
1633	0
1634	0
1635	0
1636	0
1637	0
1638	0
1639	0
1640	0
1641	0
1642	0
1643	0
1644	0
1645	0
1646	0
1647	0
1648	0
1649	0
1650	0
1651	0
1652	0
1653	0
1654	0
1655	0
1656	0
1657	0
1658	0
1659	0
1660	0
1661	0
1662	0
1663	0
1664	0
1665	0
1666	0
1667	0
1668	0
1669	0
1670	0
1671	0
1672	0
1673	0
1674	0
1675	0
1676	0
1677	0
1678	0
1679	0
1680	0
1681	0
1682	0
1683	0
1684	0
1685	0
1686	0
1687	0
1688	0
1689	0
1690	0
1691	0
1692	0
1693	0
1694	0
1695	0
1696	0
1697	0
1698	0
1699	0
1700	0
1701	0
1702	0
1703	0
1704	0
1705	0
1706	0
1707	0
1708	0
1709	0
1710	0
1711	0
1712	0
1713	0
1714	0
1715	0
1716	0
1717	0
1718	0
1719	0
1720	0
1721	0
1722	0
1723	0
1724	0
1725	0
1726	0
1727	0
1728	0
1729	0
1730	0
1731	0
1732	0
1733	0
1734	0
1735	0
1736	0
1737	0
1738	0
1739	0
1740	0
1741	0
1742	0
1743	0
1744	0
1745	0
1746	0
1747	0
1748	0
1749	0
1750	0
1751	0
1752	0
1753	0
1754	0
1755	0
1756	0
1757	0
1758	0
1759	0
1760	0
1761	0
1762	0
1763	0
1764	0
1765	0
1766	0
1767	0
1768	0
1769	0
1770	0
1771	0
1772	0
1773	0
1774	0
1775	0
1776	0
1777	0
1778	0
1779	0
1780	0
1781	0
1782	0
1783	0
1784	0
1785	0
1786	0
1787	0
1788	0
1789	0
1790	0
1791	0
1792	0
1793	0
1794	0
1795	0
1796	0
1797	0
1798	0
1799	0
1800	0
1801	0
1802	0
1803	0
1804	0
1805	0
1806	0
1807	0
1808	0
1809	0
1810	0
1811	0
1812	0
1813	0
1814	0
1815	0
1816	0
1817	0
1818	0
1819	0
1820	0
1821	0
1822	0
1823	0
1824	0
1825	0
1826	0
1827	0
1828	0
1829	0
1830	0
1831	0
1832	0
1833	0
1834	0
1835	0
1836	0
1837	0
1838	0
1839	0
1840	0
1841	0
1842	0
1843	0
1844	0
1845	0
1846	0
1847	0
1848	0
1849	0
1850	0
1851	0
1852	0
1853	0
1854	0
1855	0
1856	0
1857	0
1858	0
1859	0
1860	0
1861	0
1862	0
1863	0
1864	0
1865	0
1866	0
1867	0
1868	0
1869	0
1870	0
1871	0
1872	0
1873	0
1874	0
1875	0
1876	0
1877	0
1878	0
1879	0
1880	0
1881	0
1882	0
1883	0
1884	0
1885	0
1886	0
1887	0
1888	0
1889	0
1890	0
1891	0
1892	0
1893	0
1894	0
1895	0
1896	0
1897	0
1898	0
1899	0
1900	0
1901	0
1902	0
1903	0
1904	0
1905	0
1906	0
1907	0
1908	0
1909	0
1910	0
1911	0
1912	0
1913	0
1914	0
1915	0
1916	0
1917	0
1918	0
1919	0
1920	0
1921	0
1922	0
1923	0
1924	0
1925	0
1926	0
1927	0
1928	0
1929	0
1930	0
1931	0
1932	0
1933	0
1934	0
1935	0
1936	0
1937	0
1938	0
1939	0
1940	0
1941	0
1942	0
1943	0
1944	0
1945	0
1946	0
1947	0
1948	0
1949	0
1950	0
1951	0
1952	0
1953	0
1954	0
1955	0
1956	0
1957	0
1958	0
1959	0
1960	0
1961	0
1962	0
1963	0
1964	0
1965	0
1966	0
1967	0
1968	0
1969	0
1970	0
1971	0
1972	0
1973	0
1974	0
1975	0
1976	0
1977	0
1978	0
1979	0
1980	0
1981	0
1982	0
1983	0
1984	0
1985	0
1986	0
1987	0
1988	0
1989	0
1990	0
1991	0
1992	0
1993	0
1994	0
1995	0
1996	0
1997	0
1998	0
1999	0
2000	0
2001	0
2002	0
2003	0
2004	0
2005	0
2006	0
2007	0
2008	0
2009	0
2010	0
2011	0
2012	0
2013	0
2014	0
2015	0
2016	0
2017	0
2018	0
2019	0
2020	0
2021	0
2022	0
2023	0
2024	0
2025	0
2026	0
2027	0
2028	0
2029	0
2030	0
2031	0
2032	0
2033	0
2034	0
2035	0
2036	0
2037	0
2038	0
2039	0
2040	0
2041	0
2042	0
2043	0
2044	0
2045	0
2046	0
2047	0
2048	0
2049	0
2050	0
2051	0
2052	0
2053	0
2054	0
2055	0
2056	0
2057	0
2058	0
2059	0
2060	0
2061	0
2062	0
2063	0
2064	0
2065	0
2066	0
2067	0
2068	0
2069	0
2070	0
2071	0
2072	0
2073	0
2074	0
2075	0
2076	0
2077	0
2078	0
2079	0
2080	0
2081	0
2082	0
2083	0
2084	0
2085	0
2086	0
2087	0
2088	0
2089	0
2090	0
2091	0
2092	0
2093	0
2094	0
2095	0
2096	0
2097	0
2098	0
2099	0
2100	0
2101	0
2102	0
2103	0
2104	0
2105	0
2106	0
2107	0
2108	0
2109	0
2110	0
2111	0
2112	0
2113	0
2114	0
2115	0
2116	0
2117	0
2118	0
2119	0
2120	0
2121	0
2122	0
2123	0
2124	0
2125	0
2126	0
2127	0
2128	0
2129	0
2130	0
2131	0
2132	0
2133	0
2134	0
2135	0
2136	0
2137	0
2138	0
2139	0
2140	0
2141	0
2142	0
2143	0
2144	0
2145	0
2146	0
2147	0
2148	0
2149	0
2150	0
2151	0
2152	0
2153	0
2154	0
2155	0
2156	0
2157	0
2158	0
2159	0
2160	0
2161	0
2162	0
2163	0
2164	0
2165	0
2166	0
2167	0
2168	0
2169	0
2170	0
2171	0
2172	0
2173	0
2174	0
2175	0
2176	0
2177	0
2178	0
2179	0
2180	0
2181	0
2182	0
2183	0
2184	0
2185	0
2186	0
2187	0
2188	0
2189	0
2190	0
2191	0
2192	0
2193	0
2194	0
2195	0
2196	0
2197	0
2198	0
2199	0
2200	0
2201	0
2202	0
2203	0
2204	0
2205	0
2206	0
2207	0
2208	0
2209	0
2210	0
2211	0
2212	0
2213	0
2214	0
2215	0
2216	0
2217	0
2218	0
2219	0
2220	0
2221	0
2222	0
2223	0
2224	0
2225	0
2226	0
2227	0
2228	0
2229	0
2230	0
2231	0
2232	0
2233	0
2234	0
2235	0
2236	0
2237	0
2238	0
2239	0
2240	0
2241	0
2242	0
2243	0
2244	0
2245	0
2246	0
2247	0
2248	0
2249	0
2250	0
2251	0
2252	0
2253	0
2254	0
2255	0
2256	0
2257	0
2258	0
2259	0
2260	0
2261	0
2262	0
2263	0
2264	0
2265	0
2266	0
2267	0
2268	0
2269	0
2270	0
2271	0
2272	0
2273	0
2274	0
2275	0
2276	0
2277	0
2278	0
2279	0
2280	0
2281	0
2282	0
2283	0
2284	0
2285	0
2286	0
2287	0
2288	0
2289	0
2290	0
2291	0
2292	0
2293	0
2294	0
2295	0
2296	0
2297	0
2298	0
2299	0
2300	0
2301	0
2302	0
2303	0
2304	0
2305	0
2306	0
2307	0
2308	0
2309	0
2310	0
2311	0
2312	0
2313	0
2314	0
2315	0
2316	0
2317	0
2318	0
2319	0
2320	0
2321	0
2322	0
2323	0
2324	0
2325	0
2326	0
2327	0
2328	0
2329	0
2330	0
2331	0
2332	0
2333	0
2334	0
2335	0
2336	0
2337	0
2338	0
2339	0
2340	0
2341	0
2342	0
2343	0
2344	0
2345	0
2346	0
2347	0
2348	0
2349	0
2350	0
2351	0
2352	0
2353	0
2354	0
2355	0
2356	0
2357	0
2358	0
2359	0
2360	0
2361	0
2362	0
2363	0
2364	0
2365	0
2366	0
2367	0
2368	0
2369	0
2370	0
2371	0
2372	0
2373	0
2374	0
2375	0
2376	0
2377	0
2378	0
2379	0
2380	0
2381	0
2382	0
2383	0
2384	0
2385	0
2386	0
2387	0
2388	0
2389	0
2390	0
2391	0
2392	0
2393	0
2394	0
2395	0
2396	0
2397	0
2398	0
2399	0
2400	0
2401	0
2402	0
2403	0
2404	0
2405	0
2406	0
2407	0
2408	0
2409	0
2410	0
2411	0
2412	0
2413	0
2414	0
2415	0
2416	0
2417	0
2418	0
2419	0
2420	0
2421	0
2422	0
2423	0
2424	0
2425	0
2426	0
2427	0
2428	0
2429	0
2430	0
2431	0
2432	0
2433	0
2434	0
2435	0
2436	0
2437	0
2438	0
2439	0
2440	0
2441	0
2442	0
2443	0
2444	0
2445	0
2446	0
2447	0
2448	0
2449	0
2450	0
2451	0
2452	0
2453	0
2454	0
2455	0
2456	0
2457	0
2458	0
2459	0
2460	0
2461	0
2462	0
2463	0
2464	0
2465	0
2466	0
2467	0
2468	0
2469	0
2470	0
2471	0
2472	0
2473	0
2474	0
2475	0
2476	0
2477	0
2478	0
2479	0
2480	0
2481	0
2482	0
2483	0
2484	0
2485	0
2486	0
2487	0
2488	0
2489	0
2490	0
2491	0
2492	0
2493	0
2494	0
2495	0
2496	0
2497	0
2498	0
2499	0
2500	0
2501	0
2502	0
2503	0
2504	0
2505	0
2506	0
2507	0
2508	0
2509	0
2510	0
2511	0
2512	0
2513	0
2514	0
2515	0
2516	0
2517	0
2518	0
2519	0
2520	0
2521	0
2522	0
2523	0
2524	0
2525	0
2526	0
2527	0
2528	0
2529	0
2530	0
2531	0
2532	0
2533	0
2534	0
2535	0
2536	0
2537	0
2538	0
2539	0
2540	0
2541	0
2542	0
2543	0
2544	0
2545	0
2546	0
2547	0
2548	0
2549	0
2550	0
2551	0
2552	0
2553	0
2554	0
2555	0
2556	0
2557	0
2558	0
2559	0
2560	0
2561	0
2562	0
2563	0
2564	0
2565	0
2566	0
2567	0
2568	0
2569	0
2570	0
2571	0
2572	0
2573	0
2574	0
2575	0
2576	0
2577	0
2578	0
2579	0
2580	0
2581	0
2582	0
2583	0
2584	0
2585	0
2586	0
2587	0
2588	0
2589	0
2590	0
2591	0
2592	0
2593	0
2594	0
2595	0
2596	0
2597	0
2598	0
2599	0
2600	0
2601	0
2602	0
2603	0
2604	0
2605	0
2606	0
2607	0
2608	0
2609	0
2610	0
2611	0
2612	1
2613	1
2614	1
2615	1
2616	1
2617	1
2618	1
2619	1
2620	1
2621	1
2622	1
2623	1
2624	1
2625	1
2626	1
2627	1
2628	1
2629	1
2630	1
2631	1
2632	1
2633	1
2634	1
2635	1
2636	1
2637	1
2638	1
2639	1
2640	1
2641	1
2642	1
2643	1
2644	1
2645	1
2646	1
2647	1
2648	1
2649	1
2650	1
2651	1
2652	1
2653	1
2654	1
2655	1
2656	1
2657	1
2658	1
2659	1
2660	1
2661	1
2662	1
2663	1
2664	1
2665	1
2666	1
2667	1
2668	1
2669	1
2670	1
2671	1
2672	1
2673	1
2674	1
2675	1
2676	1
2677	1
2678	1
2679	1
2680	1
2681	1
2682	1
2683	1
2684	1
2685	1
2686	1
2687	1
2688	1
2689	1
2690	1
2691	1
2692	1
2693	1
2694	1
2695	1
2696	1
2697	1
2698	1
2699	1
2700	1
2701	1
2702	1
2703	1
2704	1
2705	1
2706	1
2707	1
2708	1
2709	1
2710	1
2711	1
2712	1
2713	1
2714	1
2715	1
2716	1
2717	1
2718	1
2719	1
2720	1
2721	1
2722	1
2723	1
2724	1
2725	1
2726	1
2727	1
2728	1
2729	1
2730	1
2731	1
2732	1
2733	1
2734	1
2735	1
2736	1
2737	1
2738	1
2739	1
2740	1
2741	1
2742	1
2743	1
2744	1
2745	1
2746	1
2747	1
2748	1
2749	1
2750	1
2751	1
2752	1
2753	1
2754	1
2755	1
2756	1
2757	1
2758	1
2759	1
2760	1
2761	1
2762	1
2763	1
2764	1
2765	1
2766	1
2767	1
2768	1
2769	1
2770	1
2771	1
2772	1
2773	1
2774	1
2775	1
2776	2
2777	2
2778	2
2779	2
2780	2
2781	2
2782	2
2783	2
2784	2
2785	2
2786	2
2787	2
2788	2
2789	2
2790	2
2791	2
2792	2
2793	2
2794	2
2795	2
2796	2
2797	2
2798	2
2799	2
2800	2
2801	2
2802	2
2803	2
2804	2
2805	2
2806	2
2807	2
2808	2
2809	2
2810	2
2811	2
2812	2
2813	2
2814	2
2815	2
2816	2
2817	2
2818	2
2819	2
2820	2
2821	2
2822	2
2823	2
2824	2
2825	2
2826	2
2827	2
2828	2
2829	2
2830	2
2831	2
2832	2
2833	2
2834	2
2835	2
2836	2
2837	2
2838	2
2839	2
2840	2
2841	2
2842	2
2843	2
2844	2
2845	2
2846	2
2847	2
2848	2
2849	2
2850	2
2851	2
2852	2
2853	2
2854	2
2855	2
2856	2
2857	2
2858	2
2859	2
2860	2
2861	2
2862	2
2863	2
2864	2
2865	2
2866	2
2867	2
2868	2
2869	2
2870	2
2871	2
2872	2
2873	2
2874	2
2875	2
2876	2
2877	2
2878	2
2879	2
2880	2
2881	2
2882	2
2883	2
2884	2
2885	2
2886	2
2887	2
2888	2
2889	2
2890	2
2891	2
2892	2
2893	2
2894	2
2895	2
2896	2
2897	2
2898	2
2899	2
2900	2
2901	2
2902	2
2903	2
2904	2
2905	2
2906	2
2907	2
2908	2
2909	2
2910	2
2911	2
2912	2
2913	2
2914	2
2915	2
2916	2
2917	2
2918	2
2919	2
2920	2
2921	2
2922	2
2923	2
2924	2
2925	2
2926	2
2927	2
2928	2
2929	2
2930	2
2931	2
2932	2
2933	2
2934	2
2935	2
2936	2
2937	2
2938	2
2939	2
2940	2
2941	2
2942	2
2943	2
2944	2
2945	2
2946	2
2947	2
2948	2
2949	2
2950	2
2951	2
2952	2
2953	2
2954	2
2955	2
2956	2
2957	2
2958	2
2959	2
2960	2
2961	2
2962	2
2963	2
2964	2
2965	2
2966	2
2967	2
2968	2
2969	2
2970	2
2971	2
2972	2
2973	2
2974	2
2975	2
2976	2
2977	2
2978	2
2979	2
2980	2
2981	2
2982	2
2983	2
2984	2
2985	2
2986	2
2987	2
2988	2
2989	2
2990	2
2991	2
2992	2
2993	2
2994	2
2995	2
2996	2
2997	2
2998	2
2999	2
3000	2
3001	2
3002	2
3003	2
3004	2
3005	2
3006	2
3007	2
3008	2
3009	2
3010	2
3011	2
3012	2
3013	2
3014	2
3015	2
3016	2
3017	2
3018	2
3019	2
3020	2
3021	2
3022	2
3023	2
3024	2
3025	2
3026	2
3027	2
3028	2
3029	2
3030	2
3031	2
3032	2
3033	2
3034	2
3035	2
3036	2
3037	2
3038	2
3039	2
3040	2
3041	2
3042	2
3043	2
3044	2
3045	2
3046	2
3047	2
3048	2
3049	2
3050	2
3051	2
3052	2
3053	2
3054	2
3055	2
3056	2
3057	2
3058	2
3059	2
3060	2
3061	2
3062	2
3063	2
3064	2
3065	2
3066	2
3067	2
3068	2
3069	2
3070	2
3071	2
3072	2
3073	2
3074	2
3075	2
3076	2
3077	2
3078	2
3079	2
3080	2
3081	2
3082	2
3083	2
3084	2
3085	2
3086	2
3087	2
3088	2
3089	2
3090	2
3091	2
3092	2
3093	2
3094	2
3095	2
3096	2
3097	2
3098	2
3099	2
3100	2
3101	2
3102	2
3103	2
3104	2
3105	2
3106	2
3107	2
3108	2
3109	2
3110	2
3111	2
3112	2
3113	2
3114	2
3115	2
3116	2
3117	2
3118	2
3119	2
3120	2
3121	2
3122	2
3123	2
3124	2
3125	2
3126	2
3127	2
3128	2
3129	2
3130	2
3131	2
3132	2
3133	2
3134	2
3135	2
3136	2
3137	2
3138	2
3139	2
3140	2
3141	2
3142	2
3143	2
3144	2
3145	2
3146	2
3147	2
3148	2
3149	2
3150	2
3151	2
3152	2
3153	2
3154	2
3155	2
3156	2
3157	2
3158	2
3159	2
3160	2
3161	2
3162	2
3163	2
3164	2
3165	2
3166	2
3167	2
3168	2
3169	2
3170	2
3171	2
3172	2
3173	2
3174	2
3175	2
3176	2
3177	2
3178	2
3179	2
3180	2
3181	2
3182	2
3183	2
3184	2
3185	2
3186	2
3187	2
3188	2
3189	2
3190	2
3191	2
3192	2
3193	2
3194	2
3195	2
3196	2
3197	2
3198	2
3199	2
3200	2
3201	2
3202	2
3203	2
3204	2
3205	2
3206	2
3207	2
3208	2
3209	2
3210	2
3211	2
3212	2
3213	2
3214	2
3215	2
3216	2
3217	2
3218	2
3219	2
3220	2
3221	2
3222	2
3223	2
3224	2
3225	2
3226	2
3227	2
3228	2
3229	2
3230	2
3231	2
3232	2
3233	2
3234	2
3235	2
3236	2
3237	2
3238	2
3239	2
3240	2
3241	2
3242	2
3243	2
3244	2
3245	2
3246	2
3247	2
3248	2
3249	2
3250	2
3251	2
3252	2
3253	2
3254	2
3255	2
3256	2
3257	2
3258	2
3259	2
3260	2
3261	2
3262	2
3263	2
3264	2
3265	2
3266	2
3267	2
3268	2
3269	2
3270	2
3271	2
3272	2
3273	2
3274	2
3275	2
3276	2
3277	2
3278	2
3279	2
3280	2
3281	2
3282	2
3283	2
3284	2
3285	2
3286	2
3287	2
3288	2
3289	2
3290	2
3291	2
3292	2
3293	2
3294	2
3295	2
3296	2
3297	2
3298	2
3299	2
3300	2
3301	2
3302	2
3303	2
3304	2
3305	2
3306	2
3307	2
3308	2
3309	2
3310	2
3311	2
3312	2
3313	2
3314	2
3315	2
3316	2
3317	2
3318	2
3319	2
3320	2
3321	2
3322	2
3323	2
3324	2
3325	2
3326	2
3327	2
3328	2
3329	2
3330	2
3331	2
3332	2
3333	2
3334	2
3335	2
3336	2
3337	2
3338	2
3339	2
3340	2
3341	2
3342	2
3343	2
3344	2
3345	2
3346	2
3347	2
3348	2
3349	2
3350	2
3351	2
3352	2
3353	2
3354	2
3355	2
3356	2
3357	2
3358	2
3359	2
3360	2
3361	2
3362	2
3363	2
3364	2
3365	2
3366	2
3367	2
3368	2
3369	2
3370	2
3371	2
3372	2
3373	2
3374	2
3375	2
3376	2
3377	2
3378	2
3379	2
3380	2
3381	2
3382	2
3383	2
3384	2
3385	2
3386	2
3387	2
3388	2
3389	2
3390	2
3391	2
3392	2
3393	2
3394	2
3395	2
3396	2
3397	2
3398	2
3399	2
3400	2
3401	2
3402	2
3403	2
3404	2
3405	2
3406	2
3407	2
3408	2
3409	2
3410	2
3411	2
3412	2
3413	2
3414	2
3415	2
3416	2
3417	2
3418	2
3419	2
3420	2
3421	2
3422	2
3423	2
3424	2
3425	2
3426	2
3427	2
3428	2
3429	2
3430	2
3431	2
3432	2
3433	2
3434	2
3435	2
3436	2
3437	2
3438	2
3439	2
3440	2
3441	2
3442	2
3443	2
3444	2
3445	2
3446	2
3447	2
3448	2
3449	2
3450	2
3451	2
3452	2
3453	2
3454	2
3455	2
3456	2
3457	2
3458	2
3459	2
3460	2
3461	2
3462	2
3463	2
3464	2
3465	2
3466	2
3467	2
3468	2
3469	2
3470	2
3471	2
3472	2
3473	2
3474	2
3475	2
3476	2
3477	2
3478	2
3479	2
3480	2
3481	2
3482	2
3483	2
3484	2
3485	2
3486	2
3487	2
3488	2
3489	2
3490	2
3491	2
3492	2
3493	2
3494	2
3495	2
3496	2
3497	2
3498	2
3499	2
3500	2
3501	2
3502	2
3503	2
3504	2
3505	2
3506	2
3507	2
3508	2
3509	2
3510	2
3511	2
3512	2
3513	2
3514	2
3515	2
3516	2
3517	2
3518	2
3519	2
3520	2
3521	2
3522	2
3523	2
3524	2
3525	2
3526	2
3527	2
3528	2
3529	2
3530	2
3531	2
3532	2
3533	2
3534	2
3535	2
3536	2
3537	2
3538	2
3539	2
3540	2
3541	2
3542	2
3543	2
3544	2
3545	2
3546	2
3547	2
3548	2
3549	2
3550	2
3551	2
3552	2
3553	2
3554	2
3555	2
3556	2
3557	2
3558	2
3559	2
3560	2
3561	2
3562	2
3563	2
3564	2
3565	2
3566	2
3567	2
3568	2
3569	2
3570	2
3571	2
3572	2
3573	2
3574	2
3575	2
3576	2
3577	2
3578	2
3579	2
3580	2
3581	2
3582	2
3583	2
3584	2
3585	2
3586	2
3587	2
3588	2
3589	2
3590	2
3591	2
3592	2
3593	2
3594	2
3595	2
3596	2
3597	2
3598	2
3599	2
3600	2
3601	2
3602	2
3603	2
3604	2
3605	2
3606	2
3607	2
3608	2
3609	2
3610	3
3611	3
3612	3
3613	3
3614	3
3615	3
3616	3
3617	3
3618	3
3619	3
3620	3
3621	3
3622	3
3623	3
3624	3
3625	3
3626	3
3627	3
3628	3
3629	3
3630	3
3631	3
3632	3
3633	3
3634	3
3635	3
3636	3
3637	3
3638	3
3639	3
3640	3
3641	3
3642	3
3643	3
3644	3
3645	3
3646	3
3647	3
3648	3
3649	3
3650	3
3651	3
3652	3
3653	3
3654	3
3655	3
3656	3
3657	3
3658	3
3659	3
3660	3
3661	3
3662	3
3663	3
3664	3
3665	3
3666	3
3667	3
3668	3
3669	3
3670	3
3671	3
3672	3
3673	3
3674	3
3675	3
3676	3
3677	3
3678	3
3679	3
3680	3
3681	3
3682	3
3683	3
3684	3
3685	3
3686	3
3687	3
3688	3
3689	3
3690	3
3691	3
3692	3
3693	3
3694	3
3695	3
3696	3
3697	3
3698	3
3699	3
3700	3
3701	3
3702	3
3703	3
3704	3
3705	3
3706	3
3707	3
3708	3
3709	3
3710	3
3711	3
3712	3
3713	3
3714	3
3715	3
3716	3
3717	3
3718	3
3719	3
3720	3
3721	3
3722	3
3723	3
3724	3
3725	3
3726	3
3727	3
3728	3
3729	3
3730	3
3731	3
3732	3
3733	3
3734	3
3735	3
3736	3
3737	3
3738	3
3739	3
3740	3
3741	3
3742	3
3743	3
3744	3
3745	3
3746	3
3747	3
3748	3
3749	3
3750	3
3751	3
3752	3
3753	3
3754	3
3755	3
3756	3
3757	3
3758	3
3759	3
3760	3
3761	3
3762	3
3763	3
3764	3
3765	3
3766	3
3767	3
3768	3
3769	3
3770	3
3771	3
3772	3
3773	3
3774	3
3775	3
3776	3
3777	3
3778	3
3779	3
3780	3
3781	3
3782	3
3783	3
3784	3
3785	3
3786	3
3787	3
3788	3
3789	3
3790	3
3791	3
3792	3
3793	3
3794	3
3795	3
3796	3
3797	3
3798	3
3799	3
3800	3
3801	3
3802	3
3803	3
3804	3
3805	3
3806	3
3807	3
3808	3
3809	3
3810	3
3811	3
3812	3
3813	3
3814	3
3815	3
3816	3
3817	3
3818	3
3819	3
3820	3
3821	3
3822	3
3823	3
3824	3
3825	3
3826	3
3827	3
3828	3
3829	3
3830	3
3831	3
3832	3
3833	3
3834	3
3835	3
3836	3
3837	3
3838	3
3839	3
3840	3
3841	3
3842	3
3843	3
3844	3
3845	3
3846	3
3847	3
3848	3
3849	3
3850	3
3851	3
3852	3
3853	3
3854	3
3855	3
3856	3
3857	3
3858	3
3859	3
3860	3
3861	3
3862	3
3863	3
3864	3
3865	3
3866	3
3867	3
3868	3
3869	3
3870	3
3871	3
3872	3
3873	3
3874	3
3875	3
3876	3
3877	3
3878	3
3879	3
3880	3
3881	3
3882	3
3883	3
3884	3
3885	3
3886	3
3887	3
3888	3
3889	3
3890	3
3891	3
3892	3
3893	3
3894	3
3895	3
3896	3
3897	3
3898	3
3899	3
3900	3
3901	3
3902	3
3903	3
3904	3
3905	3
3906	3
3907	3
3908	3
3909	3
3910	3
3911	3
3912	3
3913	3
3914	3
3915	3
3916	3
3917	3
3918	3
3919	3
3920	3
3921	3
3922	3
3923	3
3924	3
3925	3
3926	3
3927	3
3928	3
3929	3
3930	3
3931	3
3932	3
3933	3
3934	3
3935	3
3936	3
3937	3
3938	3
3939	3
3940	3
3941	3
3942	3
3943	3
3944	3
3945	3
3946	3
3947	3
3948	3
3949	3
3950	3
3951	3
3952	3
3953	3
3954	3
3955	3
3956	3
3957	3
3958	3
3959	3
3960	3
3961	3
3962	3
3963	3
3964	3
3965	3
3966	3
3967	3
3968	3
3969	3
3970	3
3971	3
3972	3
3973	3
3974	3
3975	3
3976	3
3977	3
3978	3
3979	3
3980	3
3981	3
3982	3
3983	3
3984	3
3985	3
3986	3
3987	3
3988	3
3989	3
3990	3
3991	3
3992	3
3993	3
3994	3
3995	3
3996	3
3997	3
3998	3
3999	3
4000	3
4001	3
4002	3
4003	3
4004	3
4005	3
4006	3
4007	3
4008	3
4009	3
4010	3
4011	3
4012	3
4013	3
4014	3
4015	3
4016	3
4017	3
4018	3
4019	3
4020	3
4021	3
4022	3
4023	3
4024	3
4025	3
4026	3
4027	3
4028	3
4029	3
4030	3
4031	3
4032	3
4033	3
4034	3
4035	3
4036	3
4037	3
4038	3
4039	3
4040	3
4041	3
4042	3
4043	3
4044	3
4045	3
4046	3
4047	3
4048	3
4049	3
4050	3
4051	3
4052	3
4053	3
4054	3
4055	3
4056	3
4057	3
4058	3
4059	3
4060	3
4061	3
4062	3
4063	3
4064	3
4065	3
4066	3
4067	3
4068	3
4069	3
4070	3
4071	3
4072	3
4073	3
4074	3
4075	3
4076	3
4077	3
4078	3
4079	3
4080	3
4081	3
4082	3
4083	3
4084	3
4085	3
4086	3
4087	3
4088	3
4089	3
4090	3
4091	3
4092	3
4093	3
4094	3
4095	3
4096	3
4097	3
4098	3
4099	3
4100	3
4101	3
4102	3
4103	3
4104	3
4105	3
4106	3
4107	3
4108	3
4109	3
4110	3
4111	3
4112	3
4113	3
4114	3
4115	3
4116	3
4117	3
4118	3
4119	3
4120	3
4121	3
4122	3
4123	3
4124	3
4125	3
4126	3
4127	3
4128	3
4129	3
4130	3
4131	3
4132	3
4133	3
4134	3
4135	3
4136	3
4137	3
4138	3
4139	3
4140	3
4141	3
4142	3
4143	3
4144	3
4145	3
4146	3
4147	3
4148	3
4149	3
4150	3
4151	3
4152	3
4153	3
4154	3
4155	3
4156	3
4157	3
4158	3
4159	3
4160	3
4161	3
4162	3
4163	3
4164	3
4165	3
4166	3
4167	3
4168	3
4169	3
4170	3
4171	3
4172	3
4173	3
4174	3
4175	3
4176	3
4177	3
4178	3
4179	3
4180	3
4181	3
4182	3
4183	3
4184	3
4185	3
4186	3
4187	3
4188	3
4189	3
4190	3
4191	3
4192	3
4193	3
4194	3
4195	3
4196	3
4197	3
4198	3
4199	3
4200	3
4201	3
4202	3
4203	3
4204	3
4205	3
4206	3
4207	3
4208	3
4209	3
4210	3
4211	3
4212	3
4213	3
4214	3
4215	3
4216	3
4217	3
4218	3
4219	3
4220	3
4221	3
4222	3
4223	3
4224	3
4225	3
4226	3
4227	3
4228	3
4229	3
4230	3
4231	3
4232	3
4233	3
4234	3
4235	3
4236	3
4237	3
4238	3
4239	3
4240	3
4241	3
4242	3
4243	3
4244	3
4245	3
4246	3
4247	3
4248	3
4249	3
4250	3
4251	3
4252	3
4253	3
4254	3
4255	3
4256	3
4257	3
4258	3
4259	3
4260	3
4261	3
4262	3
4263	3
4264	3
4265	3
4266	3
4267	3
4268	3
4269	3
4270	3
4271	3
4272	3
4273	3
4274	3
4275	3
4276	3
4277	3
4278	3
4279	3
4280	3
4281	3
4282	3
4283	3
4284	3
4285	3
4286	3
4287	3
4288	3
4289	3
4290	3
4291	3
4292	3
4293	3
4294	3
4295	3
4296	3
4297	3
4298	3
4299	3
4300	3
4301	3
4302	3
4303	3
4304	3
4305	3
4306	4
4307	4
4308	4
4309	4
4310	4
4311	4
4312	4
4313	4
4314	4
4315	4
4316	4
4317	4
4318	4
4319	4
4320	4
4321	4
4322	4
4323	4
4324	4
4325	4
4326	4
4327	4
4328	4
4329	4
4330	4
4331	4
4332	4
4333	4
4334	4
4335	4
4336	4
4337	4
4338	4
4339	4
4340	4
4341	4
4342	4
4343	4
4344	4
4345	4
4346	4
4347	4
4348	4
4349	4
4350	4
4351	4
4352	4
4353	4
4354	4
4355	4
4356	4
4357	4
4358	4
4359	4
4360	4
4361	4
4362	4
4363	4
4364	4
4365	4
4366	4
4367	4
4368	4
4369	4
4370	4
4371	4
4372	4
4373	4
4374	4
4375	4
4376	4
4377	4
4378	4
4379	4
4380	4
4381	4
4382	4
4383	4
4384	4
4385	4
4386	4
4387	4
4388	4
4389	4
4390	4
4391	4
4392	4
4393	4
4394	4
4395	4
4396	4
4397	4
4398	4
4399	4
4400	4
4401	4
4402	4
4403	4
4404	4
4405	4
4406	4
4407	4
4408	4
4409	4
4410	4
4411	4
4412	4
4413	4
4414	4
4415	4
4416	4
4417	4
4418	4
4419	4
4420	4
4421	4
4422	4
4423	4
4424	4
4425	4
4426	4
4427	4
4428	4
4429	4
4430	4
4431	4
4432	4
4433	4
4434	4
4435	4
4436	4
4437	4
4438	4
4439	4
4440	4
4441	4
4442	4
4443	4
4444	4
4445	4
4446	4
4447	4
4448	4
4449	4
4450	4
4451	4
4452	4
4453	4
4454	4
4455	4
4456	4
4457	4
4458	4
4459	4
4460	4
4461	4
4462	4
4463	4
4464	4
4465	4
4466	4
4467	4
4468	4
4469	4
4470	4
4471	4
4472	4
4473	4
4474	4
4475	4
4476	4
4477	4
4478	4
4479	4
4480	4
4481	4
4482	4
4483	4
4484	4
4485	4
4486	4
4487	4
4488	4
4489	4
4490	4
4491	4
4492	4
4493	4
4494	4
4495	4
4496	4
4497	4
4498	4
4499	4
4500	4
4501	4
4502	4
4503	4
4504	4
4505	4
4506	4
4507	4
4508	4
4509	4
4510	4
4511	4
4512	4
4513	4
4514	4
4515	4
4516	4
4517	4
4518	4
4519	4
4520	4
4521	4
4522	4
4523	4
4524	4
4525	4
4526	4
4527	4
4528	4
4529	4
4530	4
4531	4
4532	4
4533	4
4534	4
4535	4
4536	4
4537	4
4538	4
4539	4
4540	4
4541	4
4542	4
4543	4
4544	4
4545	4
4546	4
4547	4
4548	4
4549	4
4550	4
4551	4
4552	4
4553	4
4554	4
4555	4
4556	4
4557	4
4558	4
4559	4
4560	4
4561	4
4562	4
4563	4
4564	4
4565	4
4566	4
4567	4
4568	4
4569	4
4570	4
4571	4
4572	4
4573	4
4574	4
4575	4
4576	4
4577	4
4578	4
4579	4
4580	4
4581	4
4582	4
4583	4
4584	4
4585	4
4586	4
4587	4
4588	4
4589	4
4590	4
4591	4
4592	4
4593	4
4594	4
4595	4
4596	4
4597	4
4598	4
4599	4
4600	4
4601	4
4602	4
4603	4
4604	4
4605	4
4606	4
4607	4
4608	4
4609	4
4610	4
4611	4
4612	4
4613	4
4614	4
4615	4
4616	4
4617	4
4618	4
4619	4
4620	4
4621	4
4622	4
4623	4
4624	4
4625	4
4626	4
4627	4
4628	4
4629	4
4630	4
4631	4
4632	4
4633	4
4634	4
4635	4
4636	4
4637	4
4638	4
4639	4
4640	4
4641	4
4642	4
4643	4
4644	4
4645	4
4646	4
4647	4
4648	4
4649	4
4650	4
4651	4
4652	4
4653	4
4654	4
4655	4
4656	4
4657	4
4658	4
4659	4
4660	4
4661	4
4662	4
4663	4
4664	4
4665	4
4666	4
4667	4
4668	4
4669	4
4670	4
4671	4
4672	4
4673	4
4674	4
4675	4
4676	4
4677	4
4678	4
4679	4
4680	4
4681	4
4682	4
4683	4
4684	4
4685	4
4686	4
4687	4
4688	4
4689	4
4690	4
4691	4
4692	4
4693	4
4694	4
4695	4
4696	4
4697	4
4698	4
4699	4
4700	4
4701	4
4702	4
4703	4
4704	4
4705	4
4706	4
4707	4
4708	4
4709	4
4710	4
4711	4
4712	4
4713	4
4714	4
4715	4
4716	4
4717	4
4718	4
4719	4
4720	4
4721	4
4722	4
4723	4
4724	4
4725	4
4726	4
4727	4
4728	4
4729	4
4730	4
4731	4
4732	4
4733	4
4734	4
4735	4
4736	4
4737	4
4738	4
4739	4
4740	4
4741	4
4742	4
4743	4
4744	4
4745	4
4746	4
4747	4
4748	4
4749	4
4750	4
4751	4
4752	4
4753	4
4754	4
4755	4
4756	4
4757	4
4758	4
4759	4
4760	4
4761	4
4762	4
4763	4
4764	4
4765	4
4766	4
4767	4
4768	4
4769	4
4770	4
4771	4
4772	4
4773	4
4774	4
4775	4
4776	4
4777	4
4778	4
4779	4
4780	4
4781	4
4782	4
4783	4
4784	4
4785	4
4786	4
4787	4
4788	4
4789	4
4790	4
4791	4
4792	4
4793	4
4794	4
4795	4
4796	4
4797	4
4798	4
4799	4
4800	4
4801	4
4802	4
4803	4
4804	4
4805	4
4806	4
4807	4
4808	4
4809	4
4810	4
4811	4
4812	4
4813	4
4814	4
4815	4
4816	4
4817	4
4818	4
4819	4
4820	4
4821	4
4822	4
4823	4
4824	4
4825	4
4826	4
4827	4
4828	4
4829	4
4830	4
4831	4
4832	4
4833	4
4834	4
4835	4
4836	4
4837	4
4838	4
4839	4
4840	4
4841	4
4842	4
4843	4
4844	4
4845	4
4846	4
4847	4
4848	4
4849	4
4850	4
4851	4
4852	4
4853	4
4854	4
4855	4
4856	4
4857	4
4858	4
4859	4
4860	4
4861	4
4862	4
4863	4
4864	4
4865	4
4866	4
4867	4
4868	4
4869	4
4870	4
4871	4
4872	4
4873	4
4874	4
4875	4
4876	4
4877	4
4878	4
4879	4
4880	4
4881	4
4882	4
4883	4
4884	4
4885	4
4886	4
4887	4
4888	4
4889	4
4890	4
4891	4
4892	4
4893	4
4894	4
4895	4
4896	4
4897	4
4898	4
4899	4
4900	4
4901	4
4902	4
4903	4
4904	4
4905	4
4906	4
4907	4
4908	4
4909	4
4910	4
4911	4
4912	4
4913	4
4914	4
4915	4
4916	4
4917	4
4918	4
4919	4
4920	4
4921	4
4922	4
4923	4
4924	4
4925	4
4926	4
4927	4
4928	4
4929	4
4930	4
4931	4
4932	4
4933	4
4934	4
4935	4
4936	4
4937	4
4938	4
4939	4
4940	4
4941	4
4942	4
4943	4
4944	4
4945	4
4946	4
4947	4
4948	4
4949	4
4950	4
4951	4
4952	4
4953	4
4954	4
4955	4
4956	4
4957	4
4958	4
4959	4
4960	4
4961	4
4962	4
4963	4
4964	4
4965	4
4966	4
4967	4
4968	4
4969	4
4970	4
4971	4
4972	4
4973	4
4974	4
4975	4
4976	4
4977	4
4978	4
4979	4
4980	4
4981	4
4982	4
4983	4
4984	4
4985	4
4986	4
4987	4
4988	4
4989	4
4990	4
4991	4
4992	4
4993	4
4994	4
4995	4
4996	4
4997	4
4998	4
4999	4
5000	4
5001	4
5002	4
5003	4
5004	4
5005	4
5006	4
5007	4
5008	4
5009	4
5010	4
5011	4
5012	4
5013	4
5014	4
5015	4
5016	4
5017	4
5018	4
5019	4
5020	4
5021	4
5022	4
5023	4
5024	4
5025	4
5026	4
5027	4
5028	4
5029	4
5030	4
5031	4
5032	4
5033	4
5034	4
5035	4
5036	4
5037	4
5038	4
5039	4
5040	4
5041	4
5042	4
5043	4
5044	4
5045	4
5046	4
5047	4
5048	4
5049	4
5050	4
5051	4
5052	4
5053	4
5054	4
5055	4
5056	4
5057	4
5058	4
5059	4
5060	4
5061	4
5062	4
5063	4
5064	4
5065	4
5066	4
5067	4
5068	4
5069	4
5070	4
5071	4
5072	4
5073	4
5074	4
5075	4
5076	4
5077	4
5078	4
5079	4
5080	4
5081	4
5082	4
5083	4
5084	4
5085	4
5086	4
5087	4
5088	4
5089	4
5090	4
5091	4
5092	4
5093	4
5094	4
5095	4
5096	4
5097	4
5098	4
5099	4
5100	4
5101	4
5102	4
5103	4
5104	4
5105	4
5106	4
5107	4
5108	4
5109	4
5110	4
5111	4
5112	4
5113	4
5114	4
5115	4
5116	4
5117	4
5118	4
5119	4
5120	4
5121	4
5122	4
5123	4
5124	4
5125	4
5126	4
5127	4
5128	4
5129	4
5130	4
5131	4
5132	4
5133	4
5134	4
5135	4
5136	4
5137	4
5138	4
5139	4
5140	4
5141	4
5142	4
5143	4
5144	4
5145	4
5146	4
5147	4
5148	4
5149	4
5150	4
5151	4
5152	4
5153	4
5154	4
5155	4
5156	4
5157	4
5158	4
5159	4
5160	4
5161	4
5162	4
5163	4
5164	4
5165	4
5166	4
5167	4
5168	4
5169	4
5170	4
5171	4
5172	4
5173	4
5174	4
5175	4
5176	4
5177	4
5178	4
5179	4
5180	4
5181	4
5182	4
5183	4
5184	4
5185	4
5186	4
5187	4
5188	4
5189	4
5190	4
5191	4
5192	4
5193	4
5194	4
5195	4
5196	4
5197	4
5198	4
5199	4
5200	4
5201	4
5202	4
5203	4
5204	4
5205	4
5206	4
5207	4
5208	4
5209	4
5210	4
5211	4
5212	4
5213	4
5214	4
5215	4
5216	4
5217	4
5218	4
5219	4
5220	4
5221	4
5222	4
5223	4
5224	4
5225	4
5226	4
5227	4
5228	4
5229	4
5230	4
5231	4
5232	4
5233	4
5234	4
5235	4
5236	4
5237	4
5238	4
5239	4
5240	4
5241	4
5242	4
5243	4
5244	4
5245	4
5246	4
5247	4
5248	4
5249	4
5250	4
5251	4
5252	4
5253	4
5254	4
5255	4
5256	4
5257	4
5258	4
5259	4
5260	4
5261	4
5262	4
5263	4
5264	4
5265	4
5266	4
5267	4
5268	4
5269	4
5270	4
5271	4
5272	4
5273	4
5274	4
5275	4
5276	4
5277	4
5278	4
5279	4
5280	4
5281	4
5282	4
5283	4
5284	4
5285	4
5286	4
5287	4
5288	4
5289	4
5290	4
5291	4
5292	4
5293	4
5294	4
5295	4
5296	4
5297	4
5298	4
5299	4
5300	4
5301	4
5302	4
5303	4
5304	4
5305	4
5306	4
5307	4
5308	4
5309	4
5310	4
5311	4
5312	4
5313	4
5314	4
5315	4
5316	4
5317	4
5318	4
5319	4
5320	4
5321	4
5322	4
5323	4
5324	4
5325	4
5326	4
5327	4
5328	4
5329	4
5330	4
5331	4
5332	4
5333	4
5334	4
5335	4
5336	4
5337	4
5338	4
5339	4
5340	4
5341	4
5342	4
5343	4
5344	4
5345	4
5346	4
5347	4
5348	4
5349	4
5350	4
5351	4
5352	4
5353	4
5354	4
5355	4
5356	4
5357	4
5358	4
5359	4
5360	4
5361	4
5362	4
5363	4
5364	4
5365	4
5366	4
5367	4
5368	4
5369	4
5370	4
5371	4
5372	4
5373	4
5374	4
5375	4
5376	4
5377	4
5378	4
5379	4
5380	4
5381	4
5382	4
5383	4
5384	4
5385	4
5386	4
5387	4
5388	4
5389	4
5390	4
5391	4
5392	4
5393	4
5394	4
5395	4
5396	4
5397	4
5398	4
5399	4
5400	4
5401	4
5402	4
5403	4
5404	4
5405	4
5406	4
5407	4
5408	4
5409	4
5410	4
5411	4
5412	4
5413	4
5414	4
5415	4
5416	4
5417	4
5418	4
5419	4
5420	4
5421	4
5422	4
5423	4
5424	4
5425	4
5426	4
5427	4
5428	4
5429	4
5430	4
5431	4
5432	4
5433	4
5434	4
5435	4
5436	4
5437	4
5438	4
5439	4
5440	4
5441	4
5442	4
5443	4
5444	4
5445	4
5446	4
5447	4
5448	4
5449	4
5450	4
5451	4
5452	4
5453	4
5454	4
5455	4
5456	4
5457	4
5458	4
5459	4
5460	4
5461	4
5462	4
5463	4
5464	4
5465	4
5466	4
5467	4
5468	4
5469	4
5470	4
5471	4
5472	4
5473	4
5474	4
5475	4
5476	4
5477	4
5478	4
5479	4
5480	4
5481	4
5482	4
5483	4
5484	4
5485	4
5486	4
5487	4
5488	4
5489	4
5490	4
5491	4
5492	4
5493	4
5494	4
5495	4
5496	4
5497	4
5498	4
5499	4
5500	4
5501	4
5502	4
5503	4
5504	4
5505	4
5506	4
5507	4
5508	4
5509	4
5510	4
5511	4
5512	4
5513	4
5514	4
5515	4
5516	4
5517	4
5518	4
5519	4
5520	4
5521	4
5522	4
5523	4
5524	4
5525	4
5526	4
5527	4
5528	4
5529	4
5530	4
5531	4
5532	4
5533	4
5534	4
5535	4
5536	4
5537	4
5538	4
5539	4
5540	4
5541	4
5542	4
5543	4
5544	4
5545	4
5546	4
5547	4
5548	4
5549	4
5550	4
5551	4
5552	4
5553	4
5554	4
5555	4
5556	4
5557	4
5558	4
5559	4
5560	4
5561	4
5562	4
5563	4
5564	4
5565	4
5566	4
5567	4
5568	4
5569	4
5570	4
5571	4
5572	4
5573	4
5574	4
5575	4
5576	4
5577	4
5578	4
5579	4
5580	4
5581	4
5582	4
5583	4
5584	4
5585	4
5586	4
5587	4
5588	4
5589	4
5590	4
5591	4
5592	4
5593	4
5594	4
5595	4
5596	4
5597	4
5598	4
5599	4
5600	4
5601	4
5602	4
5603	4
5604	4
5605	4
5606	4
5607	4
5608	4
5609	4
5610	4
5611	4
5612	4
5613	4
5614	4
5615	4
5616	4
5617	4
5618	4
5619	4
5620	4
5621	4
5622	4
5623	4
5624	4
5625	4
5626	4
5627	4
5628	4
5629	4
5630	4
5631	4
5632	4
5633	4
5634	4
5635	4
5636	4
5637	4
5638	4
5639	4
5640	4
5641	4
5642	4
5643	4
5644	4
5645	4
5646	4
5647	4
5648	4
5649	4
5650	4
5651	4
5652	4
5653	4
5654	4
5655	4
5656	4
5657	4
5658	4
5659	4
5660	4
5661	4
5662	4
5663	4
5664	4
5665	4
5666	4
5667	4
5668	4
5669	4
5670	4
5671	4
5672	4
5673	4
5674	4
5675	4
5676	4
5677	4
5678	4
5679	4
5680	4
5681	4
5682	4
5683	4
5684	4
5685	4
5686	4
5687	4
5688	4
5689	4
5690	4
5691	4
5692	4
5693	4
5694	4
5695	4
5696	4
5697	4
5698	4
5699	4
5700	4
5701	4
5702	4
5703	4
5704	4
5705	4
5706	4
5707	4
5708	4
5709	4
5710	4
5711	4
5712	4
5713	4
5714	4
5715	4
5716	4
5717	4
5718	4
5719	4
5720	4
5721	4
5722	4
5723	4
5724	4
5725	4
5726	4
5727	4
5728	4
5729	4
5730	4
5731	4
5732	4
5733	4
5734	4
5735	4
5736	4
5737	4
5738	4
5739	4
5740	4
5741	4
5742	4
5743	4
5744	4
5745	4
5746	4
5747	4
5748	4
5749	4
5750	4
5751	4
5752	4
5753	4
5754	4
5755	4
5756	4
5757	4
5758	4
5759	4
5760	4
5761	4
5762	4
5763	4
5764	4
5765	4
5766	4
5767	4
5768	4
5769	4
5770	4
5771	4
5772	4
5773	4
5774	4
5775	4
5776	4
5777	4
5778	4
5779	4
5780	4
5781	4
5782	4
5783	4
5784	4
5785	4
5786	4
5787	4
5788	4
5789	4
5790	4
5791	4
5792	4
5793	4
5794	4
5795	4
5796	4
5797	4
5798	4
5799	4
5800	4
5801	4
5802	4
5803	4
5804	4
5805	4
5806	4
5807	4
5808	4
5809	4
5810	4
5811	4
5812	4
5813	4
5814	4
5815	4
5816	4
5817	4
5818	4
5819	4
5820	4
5821	4
5822	4
5823	4
5824	4
5825	4
5826	4
5827	4
5828	4
5829	4
5830	4
5831	4
5832	4
5833	4
5834	4
5835	4
5836	4
5837	4
5838	4
5839	4
5840	4
5841	4
5842	4
5843	4
5844	4
5845	4
5846	4
5847	4
5848	4
5849	4
5850	4
5851	4
5852	4
5853	4
5854	4
5855	4
5856	4
5857	4
5858	4
5859	4
5860	4
5861	4
5862	4
5863	4
5864	4
5865	4
5866	4
5867	4
5868	4
5869	4
5870	4
5871	4
5872	4
5873	4
5874	4
5875	4
5876	4
5877	4
5878	4
5879	4
5880	4
5881	4
5882	4
5883	4
5884	4
5885	4
5886	4
5887	4
5888	4
5889	4
5890	4
5891	4
5892	4
5893	4
5894	4
5895	4
5896	4
5897	4
5898	4
5899	4
5900	4
5901	4
5902	4
5903	4
5904	4
5905	4
5906	4
5907	4
5908	4
5909	4
5910	4
5911	4
5912	4
5913	4
5914	4
5915	4
5916	4
5917	4
5918	4
5919	4
5920	4
5921	4
5922	4
5923	4
5924	4
5925	4
5926	4
5927	4
5928	4
5929	4
5930	4
5931	4
5932	4
5933	4
5934	4
5935	4
5936	4
5937	4
5938	4
5939	4
5940	4
5941	4
5942	4
5943	4
5944	4
5945	4
5946	4
5947	4
5948	4
5949	4
5950	4
5951	4
5952	4
5953	4
5954	4
5955	4
5956	4
5957	4
5958	4
5959	4
5960	4
5961	4
5962	4
5963	4
5964	4
5965	4
5966	4
5967	4
5968	4
5969	4
5970	4
5971	4
5972	4
5973	4
5974	4
5975	4
5976	4
5977	4
5978	4
5979	4
5980	4
5981	4
5982	4
5983	4
5984	4
5985	4
5986	4
5987	4
5988	4
5989	4
5990	4
5991	4
5992	4
5993	4
5994	4
5995	4
5996	4
5997	4
5998	4
5999	4
6000	4
6001	4
6002	4
6003	4
6004	4
6005	4
6006	4
6007	4
6008	4
6009	4
6010	4
6011	4
6012	4
6013	4
6014	4
6015	4
6016	4
6017	4
6018	4
6019	4
6020	4
6021	4
6022	4
6023	4
6024	4
6025	4
6026	4
6027	4
6028	4
6029	4
6030	4
6031	4
6032	4
6033	4
6034	4
6035	4
6036	4
6037	4
6038	4
6039	4
6040	4
6041	4
6042	4
6043	4
6044	4
6045	4
6046	4
6047	4
6048	4
6049	4
6050	4
6051	4
6052	4
6053	4
6054	4
6055	4
6056	4
6057	4
6058	4
6059	4
6060	4
6061	4
6062	4
6063	4
6064	4
6065	4
6066	4
6067	4
6068	4
6069	4
6070	4
6071	4
6072	4
6073	4
6074	4
6075	4
6076	4
6077	4
6078	4
6079	4
6080	4
6081	4
6082	4
6083	4
6084	4
6085	4
6086	4
6087	4
6088	4
6089	4
6090	4
6091	4
6092	4
6093	4
6094	4
6095	4
6096	4
6097	4
6098	4
6099	4
6100	4
6101	4
6102	4
6103	4
6104	4
6105	4
6106	4
6107	4
6108	4
6109	4
6110	4
6111	4
6112	4
6113	4
6114	4
6115	4
6116	4
6117	4
6118	4
6119	4
6120	4
6121	4
6122	4
6123	4
6124	4
6125	4
6126	4
6127	4
6128	4
6129	4
6130	4
6131	4
6132	4
6133	4
6134	4
6135	4
6136	4
6137	4
6138	4
6139	4
6140	4
6141	4
6142	4
6143	4
6144	4
6145	4
6146	4
6147	4
6148	4
6149	4
6150	4
6151	4
6152	4
6153	4
6154	4
6155	4
6156	4
6157	4
6158	4
6159	4
6160	4
6161	4
6162	4
6163	4
6164	4
6165	4
6166	4
6167	4
6168	4
6169	4
6170	4
6171	4
6172	4
6173	4
6174	4
6175	4
6176	4
6177	4
6178	4
6179	4
6180	4
6181	4
6182	4
6183	4
6184	4
6185	4
6186	4
6187	4
6188	4
6189	4
6190	4
6191	4
6192	4
6193	4
6194	4
6195	4
6196	4
6197	4
6198	4
6199	4
6200	4
6201	4
6202	4
6203	4
6204	4
6205	4
6206	4
6207	4
6208	4
6209	4
6210	4
6211	4
6212	4
6213	4
6214	4
6215	4
6216	4
6217	4
6218	4
6219	4
6220	4
6221	4
6222	4
6223	4
6224	4
6225	4
6226	4
6227	4
6228	4
6229	4
6230	4
6231	4
6232	4
6233	4
6234	4
6235	4
6236	4
6237	4
6238	4
6239	4
6240	4
6241	4
6242	4
6243	4
6244	4
6245	4
6246	4
6247	4
6248	4
6249	4
6250	4
6251	4
6252	4
6253	4
6254	4
6255	4
6256	4
6257	4
6258	4
6259	4
6260	4
6261	4
6262	4
6263	4
6264	4
6265	4
6266	4
6267	4
6268	4
6269	4
6270	4
6271	4
6272	4
6273	4
6274	4
6275	4
6276	4
6277	4
6278	4
6279	4
6280	4
6281	4
6282	4
6283	4
6284	4
6285	4
6286	4
6287	4
6288	4
6289	4
6290	4
6291	4
6292	4
6293	4
6294	4
6295	4
6296	4
6297	4
6298	4
6299	4
6300	4
6301	4
6302	4
6303	4
6304	4
6305	4
6306	4
6307	4
6308	4
6309	4
6310	4
6311	4
6312	4
6313	4
6314	4
6315	4
6316	4
6317	4
6318	4
6319	4
6320	4
6321	4
6322	4
6323	4
6324	4
6325	4
6326	4
6327	4
6328	4
6329	4
6330	4
6331	4
6332	4
6333	4
6334	4
6335	4
6336	4
6337	4
6338	4
6339	4
6340	4
6341	4
6342	4
6343	4
6344	4
6345	4
6346	4
6347	4
6348	4
6349	4
6350	4
6351	4
6352	4
6353	4
6354	4
6355	4
6356	4
6357	4
6358	4
6359	4
6360	4
6361	4
6362	4
6363	4
6364	4
6365	4
6366	4
6367	4
6368	4
6369	4
6370	4
6371	4
6372	4
6373	4
6374	4
6375	4
6376	4
6377	4
6378	4
6379	4
6380	4
6381	4
6382	4
6383	4
6384	4
6385	4
6386	4
6387	4
6388	4
6389	4
6390	4
6391	4
6392	4
6393	4
6394	4
6395	4
6396	4
6397	4
6398	4
6399	4
6400	4
6401	4
6402	4
6403	4
6404	4
6405	4
6406	4
6407	4
6408	4
6409	4
6410	4
6411	4
6412	4
6413	4
6414	4
6415	4
6416	4
6417	4
6418	4
6419	4
6420	4
6421	4
6422	4
6423	4
6424	4
6425	4
6426	4
6427	4
6428	4
6429	4
6430	4
6431	4
6432	4
6433	4
6434	4
6435	4
6436	4
6437	4
6438	4
6439	4
6440	4
6441	4
6442	4
6443	4
6444	4
6445	4
6446	4
6447	4
6448	4
6449	4
6450	4
6451	4
6452	4
6453	4
6454	4
6455	4
6456	4
6457	4
6458	4
6459	4
6460	4
6461	4
6462	4
6463	4
6464	4
6465	4
6466	4
6467	4
6468	4
6469	4
6470	4
6471	4
6472	4
6473	4
6474	4
6475	4
6476	4
6477	4
6478	4
6479	4
6480	4
6481	4
6482	4
6483	4
6484	4
6485	4
6486	4
6487	4
6488	4
6489	4
6490	4
6491	4
6492	4
6493	4
6494	4
6495	4
6496	4
6497	4
6498	4
6499	4
6500	4
6501	4
6502	4
6503	4
6504	4
6505	4
6506	4
6507	4
6508	4
6509	4
6510	4
6511	4
6512	4
6513	4
6514	4
6515	4
6516	4
6517	4
6518	4
6519	4
6520	4
6521	4
6522	4
6523	4
6524	4
6525	4
6526	4
6527	4
6528	4
6529	4
6530	4
6531	4
6532	4
6533	4
6534	4
6535	4
6536	4
6537	4
6538	4
6539	4
6540	4
6541	4
6542	4
6543	4
6544	4
6545	4
6546	4
6547	4
6548	4
6549	4
6550	4
6551	4
6552	4
6553	4
6554	4
6555	4
6556	4
6557	4
6558	4
6559	4
6560	4
6561	4
6562	4
6563	4
6564	4
6565	4
6566	4
6567	4
6568	4
6569	4
6570	4
6571	4
6572	4
6573	4
6574	4
6575	4
6576	4
6577	4
6578	4
6579	4
6580	4
6581	4
6582	4
6583	4
6584	4
6585	4
6586	4
6587	4
6588	4
6589	4
6590	4
6591	4
6592	4
6593	4
6594	4
6595	4
6596	4
6597	4
6598	4
6599	4
6600	4
6601	4
6602	4
6603	4
6604	4
6605	4
6606	4
6607	4
6608	4
6609	4
6610	4
6611	4
6612	4
6613	4
6614	4
6615	4
6616	4
6617	4
6618	4
6619	4
6620	4
6621	4
6622	4
6623	4
6624	4
6625	4
6626	4
6627	4
6628	4
6629	4
6630	4
6631	4
6632	4
6633	4
6634	4
6635	4
6636	4
6637	4
6638	4
6639	4
6640	4
6641	4
6642	4
6643	4
6644	4
6645	4
6646	4
6647	4
6648	4
6649	4
6650	4
6651	4
6652	4
6653	4
6654	4
6655	4
6656	4
6657	4
6658	4
6659	4
6660	4
6661	4
6662	4
6663	4
6664	4
6665	4
6666	4
6667	4
6668	4
6669	4
6670	4
6671	4
6672	4
6673	4
6674	4
6675	4
6676	4
6677	4
6678	4
6679	4
6680	4
6681	4
6682	4
6683	4
6684	4
6685	4
6686	4
6687	4
6688	4
6689	4
6690	4
6691	4
6692	4
6693	4
6694	4
6695	4
6696	4
6697	4
6698	4
6699	4
6700	4
6701	4
6702	4
6703	4
6704	4
6705	4
6706	4
6707	4
6708	4
6709	4
6710	4
6711	4
6712	4
6713	4
6714	4
6715	4
6716	4
6717	4
6718	4
6719	4
6720	4
6721	4
6722	4
6723	4
6724	4
6725	4
6726	4
6727	4
6728	4
6729	4
6730	4
6731	4
6732	4
6733	4
6734	4
6735	4
6736	4
6737	4
6738	4
6739	4
6740	4
6741	4
6742	4
6743	4
6744	4
6745	4
6746	4
6747	4
6748	4
6749	4
6750	4
6751	4
6752	4
6753	4
6754	4
6755	4
6756	4
6757	4
6758	4
6759	4
6760	4
6761	4
6762	4
6763	4
6764	4
6765	4
6766	4
6767	4
6768	4
6769	4
6770	4
6771	4
6772	4
6773	4
6774	4
6775	4
6776	4
6777	4
6778	4
6779	4
6780	4
6781	4
6782	4
6783	4
6784	4
6785	4
6786	4
6787	4
6788	4
6789	4
6790	4
6791	4
6792	4
6793	4
6794	4
6795	4
6796	4
6797	4
6798	4
6799	4
6800	4
6801	4
6802	4
6803	4
6804	4
6805	4
6806	4
6807	4
6808	4
6809	4
6810	4
6811	4
6812	4
6813	4
6814	4
6815	4
6816	4
6817	4
6818	4
6819	4
6820	4
6821	4
6822	4
6823	4
6824	4
6825	4
6826	4
6827	4
6828	4
6829	4
6830	4
6831	4
6832	4
6833	4
6834	4
6835	4
6836	4
6837	4
6838	4
6839	4
6840	4
6841	4
6842	4
6843	4
6844	4
6845	4
6846	4
6847	4
6848	4
6849	4
6850	4
6851	4
6852	4
6853	4
6854	4
6855	4
6856	4
6857	4
6858	4
6859	4
6860	4
6861	4
6862	4
6863	4
6864	4
6865	4
6866	4
6867	4
6868	4
6869	4
6870	4
6871	4
6872	4
6873	4
6874	4
6875	4
6876	4
6877	4
6878	4
6879	4
6880	4
6881	4
6882	4
6883	4
6884	4
6885	4
6886	4
6887	4
6888	4
6889	4
6890	4
6891	4
6892	4
6893	4
6894	4
6895	4
6896	4
6897	4
6898	4
6899	4
6900	4
6901	4
6902	4
6903	4
6904	4
6905	4
6906	4
6907	4
6908	4
6909	4
6910	4
6911	4
6912	4
6913	4
6914	4
6915	4
6916	4
6917	4
6918	4
6919	4
6920	4
6921	4
6922	4
6923	4
6924	4
6925	4
6926	4
6927	4
6928	4
6929	4
6930	4
6931	4
6932	4
6933	4
6934	4
6935	4
6936	4
6937	4
6938	4
6939	4
6940	4
6941	4
6942	4
6943	4
6944	4
6945	4
6946	4
6947	4
6948	4
6949	4
6950	4
6951	4
6952	4
6953	5
6954	5
6955	5
6956	5
6957	5
6958	5
6959	5
6960	5
6961	5
6962	5
6963	5
6964	5
6965	5
6966	5
6967	5
6968	5
6969	5
6970	5
6971	5
6972	5
6973	5
6974	5
6975	5
6976	5
6977	5
6978	5
6979	5
6980	5
6981	5
6982	5
6983	5
6984	5
6985	5
6986	5
6987	5
6988	5
6989	5
6990	5
6991	5
6992	5
6993	5
6994	5
6995	5
6996	5
6997	5
6998	6
6999	6
7000	6
7001	6
7002	6
7003	6
7004	6
7005	6
7006	6
7007	6
7008	6
7009	6
7010	6
7011	6
7012	6
7013	6
7014	6
7015	6
7016	6
7017	6
7018	6
7019	6
7020	6
7021	6
7022	6
7023	6
7024	6
7025	6
7026	6
7027	6
7028	6
7029	6
7030	6
7031	6
7032	6
7033	6
7034	6
7035	6
7036	6
7037	6
7038	6
7039	6
7040	6
7041	6
7042	6
7043	6
7044	6
7045	6
7046	6
7047	6
7048	6
7049	6
7050	6
7051	6
7052	6
7053	6
7054	6
7055	6
7056	6
7057	6
7058	6
7059	6
7060	6
7061	6
7062	6
7063	6
7064	6
7065	6
7066	6
7067	6
7068	6
7069	6
7070	6
7071	6
7072	6
7073	6
7074	6
7075	6
7076	6
7077	6
7078	6
7079	6
7080	6
7081	6
7082	6
7083	6
7084	6
7085	6
7086	6
7087	6
7088	6
7089	6
7090	6
7091	6
7092	6
7093	6
7094	6
7095	6
7096	6
7097	6
7098	6
7099	6
7100	6
7101	6
7102	6
7103	6
7104	6
7105	6
7106	6
7107	6
7108	6
7109	6
7110	6
7111	6
7112	6
7113	6
7114	6
7115	6
7116	6
7117	6
7118	6
7119	6
7120	6
7121	6
7122	6
7123	6
7124	6
7125	6
7126	6
7127	6
7128	6
7129	6
7130	6
7131	6
7132	6
7133	6
7134	6
7135	6
7136	6
7137	6
7138	6
7139	6
7140	6
7141	6
7142	6
7143	6
7144	6
7145	6
7146	6
7147	6
7148	6
7149	6
7150	6
7151	6
7152	6
7153	6
7154	6
7155	6
7156	6
7157	6
7158	6
7159	6
7160	6
7161	6
7162	6
7163	6
7164	6
7165	6
7166	6
7167	6
7168	6
7169	6
7170	6
7171	6
7172	6
7173	6
7174	6
7175	6
7176	6
7177	6
7178	6
7179	6
7180	6
7181	6
7182	6
7183	6
7184	6
7185	6
7186	6
7187	6
7188	6
7189	6
7190	6
7191	6
7192	6
7193	6
7194	6
7195	6
7196	6
7197	6
7198	6
7199	6
7200	6
7201	6
7202	6
7203	6
7204	6
7205	6
7206	6
7207	6
7208	6
7209	6
7210	6
7211	6
7212	6
7213	6
7214	6
7215	6
7216	6
7217	6
7218	6
7219	6
7220	6
7221	6
7222	6
7223	6
7224	6
7225	6
7226	6
7227	6
7228	6
7229	6
7230	6
7231	6
7232	6
7233	6
7234	6
7235	6
7236	6
7237	6
7238	6
7239	6
7240	6
7241	6
7242	6
7243	6
7244	6
7245	6
7246	6
7247	6
7248	6
7249	6
7250	6
7251	6
7252	6
7253	6
7254	6
7255	6
7256	6
7257	6
7258	6
7259	6
7260	6
7261	6
7262	6
7263	6
7264	6
7265	6
7266	6
7267	6
7268	6
7269	6
7270	6
7271	6
7272	6
7273	6
7274	6
7275	6
7276	6
7277	6
7278	6
7279	6
7280	6
7281	6
7282	6
7283	6
7284	6
7285	6
7286	6
7287	6
7288	6
7289	6
7290	6
7291	6
7292	6
7293	6
7294	6
7295	6
7296	6
7297	6
7298	6
7299	6
7300	6
7301	6
7302	6
7303	6
7304	6
7305	6
7306	6
7307	6
7308	6
7309	6
7310	6
7311	6
7312	6
7313	6
7314	6
7315	6
7316	6
7317	6
7318	6
7319	6
7320	6
7321	6
7322	6
7323	6
7324	6
7325	6
7326	6
7327	6
7328	6
7329	6
7330	6
7331	6
7332	6
7333	6
7334	6
7335	6
7336	6
7337	6
7338	6
7339	6
7340	6
7341	6
7342	6
7343	6
7344	6
7345	6
7346	6
7347	6
7348	6
7349	6
7350	6
7351	6
7352	6
7353	6
7354	6
7355	6
7356	6
7357	6
7358	6
7359	6
7360	6
7361	6
7362	6
7363	6
7364	6
7365	6
7366	6
7367	6
7368	6
7369	6
7370	6
7371	6
7372	6
7373	6
7374	6
7375	6
7376	6
7377	6
7378	6
7379	6
7380	6
7381	6
7382	6
7383	6
7384	6
7385	6
7386	6
7387	6
7388	6
7389	6
7390	6
7391	6
7392	6
7393	6
7394	6
7395	6
7396	6
7397	6
7398	6
7399	6
7400	6
7401	6
7402	6
7403	6
7404	6
7405	6
7406	6
7407	6
7408	6
7409	6
7410	6
7411	6
7412	6
7413	6
7414	6
7415	6
7416	6
7417	6
7418	6
7419	6
7420	6
7421	6
7422	6
7423	6
7424	6
7425	6
7426	6
7427	6
7428	6
7429	6
7430	6
7431	6
7432	6
7433	6
7434	6
7435	6
7436	6
7437	6
7438	6
7439	6
7440	6
7441	6
7442	6
7443	6
7444	6
7445	6
7446	6
7447	6
7448	6
7449	6
7450	6
7451	6
7452	6
7453	6
7454	6
7455	6
7456	6
7457	6
7458	6
7459	6
7460	6
7461	6
7462	6
7463	6
7464	6
7465	6
7466	6
7467	6
7468	6
7469	6
7470	6
7471	6
7472	6
7473	6
7474	6
7475	6
7476	6
7477	6
7478	6
7479	6
7480	6
7481	6
7482	6
7483	6
7484	6
7485	6
7486	6
7487	6
7488	6
7489	6
7490	6
7491	6
7492	6
7493	6
7494	6
7495	6
7496	6
7497	6
7498	6
7499	6
7500	6
7501	6
7502	6
7503	6
7504	6
7505	6
7506	6
7507	6
7508	6
7509	6
7510	6
7511	6
7512	6
7513	6
7514	6
7515	6
7516	6
7517	6
7518	6
7519	6
7520	6
7521	6
7522	6
7523	6
7524	6
7525	6
7526	6
7527	6
7528	6
7529	6
7530	6
7531	6
7532	6
7533	6
7534	6
7535	6
7536	6
7537	6
7538	6
7539	6
7540	6
7541	6
7542	6
7543	6
7544	6
7545	6
7546	6
7547	6
7548	6
7549	6
7550	6
7551	6
7552	6
7553	6
7554	6
7555	6
7556	6
7557	6
7558	6
7559	6
7560	6
7561	6
7562	6
7563	6
7564	6
7565	6
7566	6
7567	6
7568	6
7569	6
7570	6
7571	6
7572	6
7573	6
7574	6
7575	6
7576	6
7577	6
7578	6
7579	6
7580	6
7581	6
7582	6
7583	6
7584	6
7585	6
7586	6
7587	6
7588	6
7589	6
7590	6
7591	6
7592	6
7593	6
7594	6
7595	6
7596	6
7597	6
7598	6
7599	6
7600	6
7601	6
7602	6
7603	6
7604	6
7605	6
7606	6
7607	6
7608	6
7609	6
7610	6
7611	6
7612	6
7613	6
7614	6
7615	6
7616	6
7617	6
7618	6
7619	6
7620	6
7621	6
7622	6
7623	6
7624	6
7625	6
7626	6
7627	6
7628	6
7629	6
7630	6
7631	6
7632	6
7633	6
7634	6
7635	6
7636	6
7637	6
7638	6
7639	6
7640	6
7641	6
7642	6
7643	6
7644	6
7645	6
7646	6
7647	6
7648	6
7649	6
7650	6
7651	6
7652	6
7653	6
7654	6
7655	6
7656	6
7657	6
7658	6
7659	6
7660	6
7661	6
7662	6
7663	6
7664	6
7665	6
7666	6
7667	6
7668	6
7669	6
7670	6
7671	6
7672	6
7673	6
7674	6
7675	6
7676	6
7677	6
7678	6
7679	6
7680	6
7681	6
7682	6
7683	6
7684	6
7685	6
7686	6
7687	6
7688	6
7689	6
7690	6
7691	6
7692	6
7693	6
7694	6
7695	6
7696	6
7697	6
7698	6
7699	6
7700	6
7701	6
7702	6
7703	6
7704	6
7705	6
7706	6
7707	6
7708	6
7709	6
7710	6
7711	6
7712	6
7713	6
7714	6
7715	6
7716	6
7717	6
7718	6
7719	6
7720	6
7721	6
7722	6
7723	6
7724	6
7725	6
7726	6
7727	6
7728	6
7729	6
7730	6
7731	6
7732	6
7733	6
7734	6
7735	6
7736	6
7737	6
7738	6
7739	6
7740	6
7741	6
7742	6
7743	6
7744	6
7745	6
7746	6
7747	6
7748	6
7749	6
7750	6
7751	6
7752	6
7753	6
7754	6
7755	6
7756	6
7757	6
7758	6
7759	6
7760	6
7761	6
7762	6
7763	6
7764	6
7765	6
7766	6
7767	6
7768	6
7769	6
7770	6
7771	6
7772	6
7773	6
7774	6
7775	6
7776	6
7777	6
7778	6
7779	6
7780	6
7781	6
7782	6
7783	6
7784	6
7785	6
7786	6
7787	6
7788	6
7789	6
7790	6
7791	6
7792	6
7793	6
7794	6
7795	6
7796	6
7797	6
7798	6
7799	6
7800	6
7801	6
7802	6
7803	6
7804	6
7805	6
7806	6
7807	6
7808	6
7809	6
7810	6
7811	6
7812	6
7813	6
7814	6
7815	6
7816	6
7817	6
7818	6
7819	6
7820	6
7821	6
7822	6
7823	6
7824	6
7825	6
7826	6
7827	6
7828	6
7829	6
7830	6
7831	6
7832	6
7833	6
7834	6
7835	6
7836	6
7837	6
7838	6
7839	6
7840	6
7841	6
7842	6
7843	6
7844	6
7845	6
7846	6
7847	6
7848	6
7849	6
7850	6
7851	6
7852	6
7853	6
7854	6
7855	6
7856	6
7857	6
7858	6
7859	6
7860	6
7861	6
7862	6
7863	6
7864	6
7865	6
7866	6
7867	6
7868	6
7869	6
7870	6
7871	6
7872	6
7873	6
7874	6
7875	6
7876	6
7877	6
7878	6
7879	6
7880	6
7881	6
7882	6
7883	6
7884	6
7885	6
7886	6
7887	6
7888	6
7889	6
7890	6
7891	6
7892	6
7893	6
7894	6
7895	6
7896	6
7897	6
7898	6
7899	6
7900	6
7901	6
7902	6
7903	6
7904	6
7905	6
7906	6
7907	6
7908	6
7909	6
7910	6
7911	6
7912	6
7913	6
7914	6
7915	6
7916	6
7917	6
7918	6
7919	6
7920	6
7921	6
7922	6
7923	6
7924	6
7925	6
7926	6
7927	6
7928	6
7929	6
7930	6
7931	6
7932	6
7933	6
7934	6
7935	6
7936	6
7937	6
7938	6
7939	6
7940	6
7941	6
7942	6
7943	6
7944	6
7945	6
7946	6
7947	6
7948	6
7949	6
7950	6
7951	6
7952	6
7953	6
7954	6
7955	6
7956	6
7957	6
7958	6
7959	6
7960	6
7961	6
7962	6
7963	6
7964	6
7965	6
7966	6
7967	6
7968	6
7969	6
7970	6
7971	6
7972	6
7973	6
7974	6
7975	6
7976	6
7977	6
7978	6
7979	6
7980	6
7981	6
7982	6
7983	6
7984	6
7985	6
7986	6
7987	6
7988	6
7989	6
7990	6
7991	6
7992	6
7993	6
7994	6
7995	6
7996	6
7997	6
7998	6
7999	6
8000	6
8001	6
8002	6
8003	6
8004	6
8005	6
8006	6
8007	6
8008	6
8009	6
8010	6
8011	6
8012	6
8013	6
8014	6
8015	6
8016	6
8017	6
8018	6
8019	6
8020	6
8021	6
8022	6
8023	6
8024	6
8025	6
8026	6
8027	6
8028	6
8029	6
8030	6
8031	6
8032	6
8033	6
8034	6
8035	6
8036	6
8037	6
8038	6
8039	6
8040	6
8041	6
8042	7
8043	7
8044	7
8045	7
8046	7
8047	7
8048	7
8049	7
8050	7
8051	7
8052	7
8053	7
8054	7
8055	7
8056	7
8057	7
8058	7
8059	7
8060	7
8061	7
8062	7
8063	8
8064	8
8065	8
8066	8
8067	8
8068	8
8069	8
8070	8
8071	8
8072	8
8073	8
8074	8
8075	8
8076	8
8077	8
8078	8
8079	8
8080	8
8081	8
8082	8
8083	8
8084	8
8085	8
8086	8
8087	8
8088	8
8089	8
8090	8
8091	8
8092	8
8093	8
8094	8
8095	8
8096	8
8097	8
8098	8
8099	8
8100	8
8101	8
8102	8
8103	8
8104	8
8105	8
8106	8
8107	8
8108	8
8109	8
8110	8
8111	8
8112	8
8113	8
8114	8
8115	8
8116	8
8117	8
8118	8
8119	8
8120	8
8121	8
8122	8
8123	8
8124	8
8125	8
8126	8
8127	8
8128	8
8129	8
8130	8
8131	8
8132	8
8133	8
8134	8
8135	8
8136	8
8137	8
8138	8
8139	8
8140	8
8141	8
8142	8
8143	8
8144	8
8145	8
8146	8
8147	8
8148	9
8149	9
8150	9
8151	9
8152	9
8153	9
8154	9
8155	9
8156	9
8157	9
8158	9
8159	9
8160	9
8161	9
8162	9
8163	9
8164	9
8165	9
8166	9
8167	9
8168	9
8169	9
8170	9
8171	9
8172	9
8173	9
8174	9
8175	9
8176	9
8177	9
8178	9
8179	9
8180	9
8181	9
8182	9
8183	9
8184	9
8185	9
8186	9
8187	9
8188	9
8189	9
8190	9
8191	9
8192	9
8193	9
8194	9
8195	9
8196	9
8197	9
8198	9
8199	9
8200	9
8201	9
8202	9
8203	9
8204	9
8205	9
8206	9
8207	9
8208	9
8209	9
8210	9
8211	9
8212	9
8213	9
8214	9
8215	9
8216	9
8217	9
8218	9
8219	9
8220	9
8221	9
8222	9
8223	9
8224	9
8225	9
8226	9
8227	9
8228	9
8229	9
8230	9
8231	9
8232	9
8233	9
8234	9
8235	9
8236	9
8237	9
8238	9
8239	9
8240	9
8241	9
8242	9
8243	9
8244	9
8245	9
8246	9
8247	9
8248	9
8249	9
8250	9
8251	9
8252	9
8253	9
8254	9
8255	9
8256	9
8257	9
8258	9
8259	9
8260	9
8261	9
8262	9
8263	9
8264	9
8265	9
8266	9
8267	9
8268	9
8269	9
8270	9
8271	9
8272	9
8273	9
8274	9
8275	9
8276	9
8277	9
8278	9
8279	9
8280	9
8281	9
8282	9
8283	9
8284	9
8285	10
8286	10
8287	10
8288	10
8289	10
8290	10
8291	10
8292	10
8293	10
8294	10
8295	10
8296	10
8297	10
8298	10
8299	10
8300	10
8301	10
8302	10
8303	10
8304	10
8305	10
8306	10
8307	10
8308	10
8309	10
8310	10
8311	10
8312	10
8313	10
8314	10
8315	10
8316	10
8317	10
8318	10
8319	10
8320	10
8321	10
8322	10
8323	10
8324	10
8325	10
8326	10
8327	10
8328	10
8329	10
8330	10
8331	10
8332	10
8333	10
8334	10
8335	10
8336	10
8337	10
8338	10
8339	10
8340	10
8341	10
8342	10
8343	10
8344	10
8345	10
8346	10
8347	10
8348	10
8349	10
8350	10
8351	10
8352	10
8353	10
8354	10
8355	10
8356	10
8357	10
8358	10
8359	10
8360	10
8361	10
8362	10
8363	10
8364	10
8365	10
8366	10
8367	10
8368	10
8369	10
8370	10
8371	10
8372	10
8373	10
8374	10
8375	10
8376	10
8377	10
8378	10
8379	10
8380	10
8381	10
8382	10
8383	10
8384	10
8385	10
8386	10
8387	10
8388	10
8389	10
8390	10
8391	10
8392	10
8393	11
8394	11
8395	11
8396	11
8397	11
8398	11
8399	11
8400	11
8401	11
8402	11
8403	11
8404	11
8405	11
8406	11
8407	11
8408	11
8409	11
8410	11
8411	11
8412	11
8413	11
8414	11
8415	11
8416	11
8417	11
8418	11
8419	11
8420	11
8421	11
8422	11
8423	11
8424	11
8425	11
8426	11
8427	11
8428	11
8429	11
8430	11
8431	11
8432	11
8433	11
8434	11
8435	11
8436	11
8437	11
8438	11
8439	11
8440	11
8441	11
8442	11
8443	11
8444	11
8445	11
8446	11
8447	11
8448	11
8449	11
8450	11
8451	11
8452	11
8453	11
8454	11
8455	11
8456	11
8457	11
8458	11
8459	11
8460	11
8461	11
8462	11
8463	11
8464	11
8465	11
8466	11
8467	11
8468	11
8469	11
8470	11
8471	11
8472	11
8473	11
8474	11
8475	11
8476	11
8477	11
8478	11
8479	11
8480	11
8481	11
8482	11
8483	11
8484	11
8485	11
8486	11
8487	11
8488	11
8489	11
8490	11
8491	11
8492	11
8493	11
8494	11
8495	11
8496	11
8497	11
8498	11
8499	11
8500	11
8501	11
8502	11
8503	11
8504	11
8505	11
8506	11
8507	11
8508	11
8509	11
8510	11
8511	11
8512	11
8513	11
8514	11
8515	11
8516	11
8517	11
8518	11
8519	11
8520	11
8521	11
8522	11
8523	11
8524	11
8525	11
8526	11
8527	11
8528	11
8529	11
8530	11
8531	11
8532	11
8533	11
8534	11
8535	11
8536	11
8537	11
8538	11
8539	11
8540	11
8541	11
8542	11
8543	11
8544	11
8545	11
8546	11
8547	11
8548	11
8549	11
8550	11
8551	11
8552	11
8553	11
8554	11
8555	11
8556	11
8557	11
8558	11
8559	11
8560	11
8561	11
8562	11
8563	11
8564	11
8565	11
8566	11
8567	11
8568	11
8569	11
8570	11
8571	11
8572	11
8573	11
8574	11
8575	11
8576	11
8577	11
8578	11
8579	11
8580	11
8581	11
8582	11
8583	11
8584	11
8585	11
8586	11
8587	11
8588	11
8589	11
8590	11
8591	11
8592	11
8593	11
8594	11
8595	11
8596	11
8597	11
8598	11
8599	11
8600	11
8601	11
8602	11
8603	11
8604	11
8605	11
8606	11
8607	11
8608	11
8609	11
8610	11
8611	11
8612	11
8613	11
8614	11
8615	11
8616	11
8617	11
8618	11
8619	11
8620	11
8621	11
8622	11
8623	11
8624	11
8625	11
8626	11
8627	11
8628	11
8629	11
8630	11
8631	11
8632	11
8633	11
8634	11
8635	11
8636	11
8637	11
8638	11
8639	11
8640	11
8641	11
8642	11
8643	11
8644	11
8645	11
8646	11
8647	11
8648	11
8649	11
8650	11
8651	11
8652	11
8653	11
8654	11
8655	11
8656	11
8657	11
8658	11
8659	11
8660	11
8661	11
8662	11
8663	11
8664	11
8665	11
8666	11
8667	11
8668	11
8669	11
8670	11
8671	11
8672	11
8673	11
8674	11
8675	11
8676	11
8677	11
8678	11
8679	11
8680	11
8681	11
8682	11
8683	11
8684	11
8685	11
8686	11
8687	11
8688	11
8689	11
8690	11
8691	11
8692	11
8693	11
8694	11
8695	11
8696	11
8697	11
8698	11
8699	11
8700	11
8701	11
8702	11
8703	11
8704	11
8705	11
8706	11
8707	11
8708	11
8709	11
8710	11
8711	11
8712	11
8713	11
8714	11
8715	11
8716	11
8717	11
8718	11
8719	11
8720	11
8721	11
8722	11
8723	11
8724	11
8725	11
8726	11
8727	11
8728	11
8729	11
8730	11
8731	11
8732	11
8733	11
8734	11
8735	11
8736	11
8737	11
8738	11
8739	11
8740	11
8741	11
8742	11
8743	11
8744	11
8745	11
8746	11
8747	11
8748	11
8749	11
8750	11
8751	11
8752	11
8753	11
8754	11
8755	11
8756	11
8757	11
8758	11
8759	11
8760	11
8761	11
8762	11
8763	11
8764	11
8765	11
8766	11
8767	11
8768	11
8769	11
8770	11
8771	11
8772	11
8773	11
8774	11
8775	11
8776	11
8777	11
8778	11
8779	11
8780	11
8781	11
8782	11
8783	11
8784	11
8785	11
8786	11
8787	11
8788	11
8789	11
8790	11
8791	11
8792	11
8793	11
8794	11
8795	11
8796	11
8797	11
8798	11
8799	11
8800	11
8801	11
8802	11
8803	11
8804	11
8805	11
8806	11
8807	11
8808	11
8809	11
8810	11
8811	11
8812	11
8813	11
8814	11
8815	11
8816	11
8817	11
8818	11
8819	11
8820	11
8821	11
8822	11
8823	11
8824	11
8825	11
8826	11
8827	11
8828	11
8829	11
8830	11
8831	11
8832	11
8833	11
8834	11
8835	11
8836	11
8837	11
8838	11
8839	11
8840	11
8841	11
8842	11
8843	11
8844	11
8845	11
8846	11
8847	11
8848	11
8849	11
8850	11
8851	11
8852	11
8853	11
8854	11
8855	11
8856	11
8857	11
8858	11
8859	11
8860	11
8861	11
8862	11
8863	11
8864	11
8865	11
8866	11
8867	11
8868	11
8869	11
8870	12
8871	12
8872	12
8873	12
8874	12
8875	12
8876	12
8877	12
8878	12
8879	12
8880	12
8881	12
8882	12
8883	12
8884	12
8885	12
8886	12
8887	12
8888	12
8889	12
8890	12
8891	12
8892	12
8893	12
8894	12
8895	12
8896	12
8897	12
8898	12
8899	12
8900	12
8901	12
8902	12
8903	12
8904	12
8905	12
8906	12
8907	12
8908	12
8909	12
8910	12
8911	12
8912	12
8913	12
8914	12
8915	12
8916	12
8917	12
8918	12
8919	12
8920	12
8921	12
8922	12
8923	12
8924	12
8925	12
8926	12
8927	12
8928	12
8929	12
8930	12
8931	12
8932	12
8933	12
8934	12
8935	12
8936	12
8937	12
8938	12
8939	12
8940	12
8941	12
8942	12
8943	12
8944	12
8945	12
8946	12
8947	12
8948	12
8949	12
8950	12
8951	12
8952	12
8953	12
8954	12
8955	12
8956	12
8957	12
8958	12
8959	12
8960	12
8961	12
8962	12
8963	12
8964	12
8965	12
8966	12
8967	12
8968	12
8969	12
8970	12
8971	12
8972	12
8973	12
8974	12
8975	12
8976	12
8977	12
8978	12
8979	12
8980	12
8981	12
8982	12
8983	12
8984	12
8985	12
8986	12
8987	12
8988	12
8989	12
8990	12
8991	12
8992	12
8993	12
8994	12
8995	12
8996	12
8997	12
8998	12
8999	12
9000	12
9001	12
9002	12
9003	12
9004	12
9005	12
9006	12
9007	12
9008	12
9009	12
9010	12
9011	12
9012	12
9013	12
9014	12
9015	12
9016	12
9017	12
9018	12
9019	12
9020	12
9021	12
9022	12
9023	12
9024	12
9025	12
9026	12
9027	12
9028	12
9029	12
9030	12
9031	12
9032	12
9033	12
9034	12
9035	12
9036	12
9037	12
9038	12
9039	12
9040	12
9041	12
9042	12
9043	12
9044	12
9045	12
9046	12
9047	12
9048	12
9049	12
9050	12
9051	12
9052	12
9053	12
9054	12
9055	12
9056	12
9057	12
9058	12
9059	12
9060	12
9061	12
9062	12
9063	12
9064	12
9065	12
9066	12
9067	12
9068	12
9069	12
9070	12
9071	12
9072	12
9073	12
9074	12
9075	12
9076	12
9077	12
9078	12
9079	12
9080	12
9081	12
9082	12
9083	12
9084	12
9085	12
9086	12
9087	12
9088	12
9089	12
9090	12
9091	12
9092	12
9093	12
9094	12
9095	12
9096	12
9097	12
9098	12
9099	12
9100	12
9101	12
9102	12
9103	12
9104	12
9105	12
9106	12
9107	12
9108	12
9109	12
9110	12
9111	12
9112	12
9113	12
9114	12
9115	12
9116	12
9117	12
9118	12
9119	12
9120	12
9121	12
9122	12
9123	12
9124	12
9125	12
9126	12
9127	12
9128	12
9129	12
9130	12
9131	12
9132	12
9133	12
9134	12
9135	12
9136	12
9137	12
9138	12
9139	12
9140	12
9141	12
9142	12
9143	12
9144	12
9145	12
9146	12
9147	12
9148	12
9149	12
9150	12
9151	12
9152	12
9153	12
9154	12
9155	12
9156	12
9157	12
9158	12
9159	12
9160	12
9161	12
9162	12
9163	12
9164	12
9165	12
9166	12
9167	12
9168	12
9169	12
9170	12
9171	12
9172	12
9173	12
9174	12
9175	12
9176	12
9177	12
9178	12
9179	12
9180	12
9181	12
9182	12
9183	12
9184	12
9185	12
9186	12
9187	12
9188	12
9189	12
9190	12
9191	12
9192	12
9193	12
9194	12
9195	12
9196	12
9197	12
9198	12
9199	12
9200	12
9201	12
9202	12
9203	12
9204	12
9205	12
9206	12
9207	12
9208	12
9209	12
9210	12
9211	12
9212	12
9213	12
9214	12
9215	12
9216	12
9217	12
9218	12
9219	12
9220	12
9221	12
9222	12
9223	12
9224	12
9225	12
9226	12
9227	12
9228	12
9229	12
9230	12
9231	12
9232	12
9233	12
9234	12
9235	12
9236	12
9237	12
9238	12
9239	12
9240	12
9241	12
9242	12
9243	12
9244	12
9245	12
9246	12
9247	12
9248	12
9249	12
9250	12
9251	12
9252	12
9253	12
9254	12
9255	12
9256	12
9257	12
9258	12
9259	12
9260	12
9261	12
9262	12
9263	12
9264	12
9265	12
9266	12
9267	12
9268	12
9269	12
9270	12
9271	12
9272	12
9273	12
9274	12
9275	12
9276	12
9277	12
9278	12
9279	12
9280	12
9281	12
9282	12
9283	12
9284	12
9285	12
9286	12
9287	12
9288	12
9289	12
9290	12
9291	12
9292	12
9293	12
9294	12
9295	12
9296	12
9297	12
9298	12
9299	12
9300	12
9301	12
9302	12
9303	12
9304	12
9305	12
9306	12
9307	12
9308	12
9309	12
9310	12
9311	12
9312	12
9313	12
9314	12
9315	12
9316	12
9317	12
9318	12
9319	12
9320	12
9321	12
9322	12
9323	12
9324	12
9325	12
9326	12
9327	12
9328	12
9329	12
9330	12
9331	12
9332	12
9333	12
9334	12
9335	12
9336	12
9337	12
9338	12
9339	12
9340	12
9341	12
9342	12
9343	12
9344	12
9345	12
9346	12
9347	12
9348	12
9349	12
9350	12
9351	12
9352	12
9353	12
9354	12
9355	12
9356	12
9357	12
9358	12
9359	12
9360	12
9361	12
9362	12
9363	12
9364	12
9365	12
9366	12
9367	12
9368	12
9369	12
9370	12
9371	12
9372	12
9373	12
9374	12
9375	12
9376	12
9377	12
9378	12
9379	12
9380	12
9381	12
9382	12
9383	12
9384	12
9385	12
9386	12
9387	12
9388	12
9389	12
9390	12
9391	12
9392	12
9393	12
9394	12
9395	12
9396	12
9397	12
9398	12
9399	12
9400	12
9401	12
9402	12
9403	12
9404	12
9405	12
9406	12
9407	12
9408	12
9409	12
9410	12
9411	12
9412	12
9413	12
9414	12
9415	12
9416	12
9417	12
9418	12
9419	12
9420	12
9421	12
9422	12
9423	12
9424	12
9425	12
9426	12
9427	12
9428	12
9429	12
9430	12
9431	12
9432	12
9433	12
9434	12
9435	12
9436	12
9437	12
9438	12
9439	12
9440	12
9441	12
9442	12
9443	12
9444	12
9445	12
9446	12
9447	12
9448	12
9449	12
9450	12
9451	12
9452	12
9453	12
9454	12
9455	12
9456	12
9457	12
9458	12
9459	12
9460	12
9461	12
9462	12
9463	12
9464	12
9465	12
9466	12
9467	12
9468	12
9469	12
9470	12
9471	12
9472	12
9473	12
9474	12
9475	12
9476	12
9477	12
9478	12
9479	12
9480	12
9481	12
9482	12
9483	12
9484	12
9485	12
9486	12
9487	12
9488	12
9489	12
9490	12
9491	12
9492	12
9493	12
9494	12
9495	12
9496	12
9497	12
9498	12
9499	12
9500	12
9501	12
9502	12
9503	12
9504	12
9505	12
9506	12
9507	12
9508	12
9509	12
9510	12
9511	12
9512	12
9513	12
9514	12
9515	12
9516	12
9517	12
9518	12
9519	12
9520	12
9521	12
9522	12
9523	12
9524	12
9525	12
9526	12
9527	12
9528	12
9529	12
9530	12
9531	12
9532	12
9533	12
9534	12
9535	12
9536	12
9537	12
9538	12
9539	12
9540	12
9541	12
9542	12
9543	12
9544	12
9545	12
9546	12
9547	12
9548	12
9549	12
9550	12
9551	12
9552	12
9553	12
9554	12
9555	12
9556	12
9557	12
9558	12
9559	12
9560	12
9561	12
9562	12
9563	12
9564	12
9565	12
9566	12
9567	12
9568	12
9569	12
9570	12
9571	12
9572	12
9573	12
9574	12
9575	12
9576	12
9577	12
9578	12
9579	12
9580	12
9581	12
9582	12
9583	12
9584	12
9585	12
9586	12
9587	12
9588	12
9589	12
9590	12
9591	12
9592	12
9593	12
9594	12
9595	12
9596	12
9597	12
9598	12
9599	12
9600	12
9601	12
9602	12
9603	12
9604	12
9605	12
9606	12
9607	12
9608	12
9609	12
9610	12
9611	12
9612	12
9613	12
9614	12
9615	12
9616	12
9617	12
9618	12
9619	12
9620	12
9621	12
9622	12
9623	12
9624	12
9625	12
9626	12
9627	12
9628	12
9629	12
9630	12
9631	12
9632	12
9633	12
9634	12
9635	12
9636	12
9637	12
9638	12
9639	12
9640	12
9641	12
9642	12
9643	12
9644	12
9645	12
9646	12
9647	12
9648	12
9649	12
9650	12
9651	12
9652	12
9653	12
9654	12
9655	12
9656	12
9657	12
9658	12
9659	12
9660	12
9661	12
9662	12
9663	12
9664	12
9665	12
9666	12
9667	12
9668	12
9669	12
9670	12
9671	12
9672	12
9673	12
9674	12
9675	12
9676	12
9677	12
9678	12
9679	12
9680	12
9681	12
9682	12
9683	12
9684	12
9685	12
9686	12
9687	12
9688	12
9689	12
9690	12
9691	12
9692	12
9693	12
9694	12
9695	12
9696	12
9697	12
9698	12
9699	12
9700	12
9701	12
9702	12
9703	12
9704	12
9705	12
9706	12
9707	12
9708	12
9709	12
9710	12
9711	12
9712	12
9713	12
9714	12
9715	12
9716	12
9717	12
9718	12
9719	12
9720	12
9721	12
9722	12
9723	12
9724	12
9725	12
9726	12
9727	12
9728	12
9729	12
9730	12
9731	12
9732	12
9733	12
9734	12
9735	12
9736	12
9737	12
9738	12
9739	12
9740	12
9741	12
9742	12
9743	12
9744	12
9745	12
9746	12
9747	12
9748	12
9749	12
9750	12
9751	12
9752	12
9753	12
9754	12
9755	12
9756	12
9757	12
9758	12
9759	12
9760	12
9761	12
9762	12
9763	12
9764	12
9765	12
9766	12
9767	12
9768	12
9769	12
9770	12
9771	12
9772	12
9773	12
9774	12
9775	12
9776	12
9777	12
9778	12
9779	12
9780	12
9781	12
9782	12
9783	12
9784	12
9785	12
9786	12
9787	12
9788	12
9789	12
9790	12
9791	12
9792	12
9793	12
9794	12
9795	12
9796	12
9797	12
9798	12
9799	12
9800	12
9801	12
9802	12
9803	12
9804	12
9805	12
9806	12
9807	12
9808	12
9809	12
9810	12
9811	12
9812	12
9813	12
9814	12
9815	12
9816	12
9817	12
9818	12
9819	12
9820	12
9821	12
9822	12
9823	12
9824	12
9825	12
9826	12
9827	12
9828	12
9829	12
9830	12
9831	12
9832	12
9833	12
9834	13
9835	13
9836	13
9837	13
9838	13
9839	13
9840	13
9841	13
9842	13
9843	13
9844	13
9845	13
9846	13
9847	13
9848	13
9849	13
9850	13
9851	13
9852	13
9853	13
9854	13
9855	13
9856	13
9857	13
9858	13
9859	13
9860	13
9861	13
9862	13
9863	13
9864	13
9865	13
9866	13
9867	13
9868	13
9869	13
9870	13
9871	13
9872	13
9873	13
9874	13
9875	13
9876	13
9877	13
9878	13
9879	13
9880	13
9881	13
9882	13
9883	13
9884	13
9885	13
9886	13
9887	13
9888	13
9889	13
9890	13
9891	13
9892	13
9893	13
9894	13
9895	13
9896	13
9897	13
9898	13
9899	13
9900	13
9901	13
9902	13
9903	13
9904	13
9905	13
9906	13
9907	13
9908	13
9909	13
9910	13
9911	13
9912	13
9913	13
9914	13
9915	13
9916	13
9917	13
9918	13
9919	13
9920	13
9921	13
9922	13
9923	13
9924	13
9925	13
9926	13
9927	13
9928	13
9929	13
9930	13
9931	13
9932	13
9933	13
9934	13
9935	13
9936	13
9937	13
9938	13
9939	13
9940	13
9941	13
9942	13
9943	13
9944	13
9945	13
9946	13
9947	13
9948	13
9949	13
9950	13
9951	13
9952	13
9953	13
9954	13
9955	13
9956	13
9957	13
9958	13
9959	13
9960	13
9961	13
9962	13
9963	13
9964	13
9965	13
9966	13
9967	13
9968	13
9969	13
9970	13
9971	13
9972	13
9973	13
9974	13
9975	13
9976	13
9977	13
9978	13
9979	13
9980	13
9981	13
9982	13
9983	13
9984	13
9985	13
9986	13
9987	13
9988	13
9989	13
9990	13
9991	13
9992	13
9993	13
9994	13
9995	13
9996	13
9997	13
9998	13
9999	13
10000	13
