#Clock	ItemsCollected
1	0
2	0
3	0
4	0
5	0
6	0
7	0
8	0
9	0
10	0
11	0
12	0
13	0
14	0
15	0
16	0
17	0
18	0
19	0
20	0
21	0
22	0
23	0
24	0
25	0
26	0
27	0
28	0
29	0
30	0
31	0
32	0
33	0
34	0
35	0
36	0
37	0
38	0
39	0
40	0
41	0
42	0
43	0
44	0
45	0
46	0
47	0
48	0
49	0
50	0
51	0
52	0
53	0
54	0
55	0
56	0
57	0
58	0
59	0
60	0
61	0
62	0
63	0
64	0
65	0
66	0
67	0
68	0
69	0
70	0
71	0
72	0
73	0
74	0
75	0
76	0
77	0
78	0
79	0
80	0
81	0
82	0
83	0
84	0
85	0
86	0
87	0
88	0
89	0
90	0
91	0
92	0
93	0
94	0
95	0
96	0
97	0
98	0
99	0
100	0
101	0
102	0
103	0
104	0
105	0
106	0
107	0
108	0
109	0
110	0
111	0
112	0
113	0
114	0
115	0
116	0
117	0
118	0
119	0
120	0
121	0
122	0
123	0
124	0
125	0
126	0
127	0
128	0
129	0
130	0
131	0
132	0
133	0
134	0
135	0
136	0
137	0
138	0
139	0
140	0
141	0
142	0
143	0
144	0
145	0
146	0
147	0
148	0
149	0
150	0
151	0
152	0
153	0
154	0
155	0
156	0
157	0
158	0
159	0
160	0
161	0
162	0
163	0
164	0
165	0
166	0
167	0
168	0
169	0
170	0
171	0
172	0
173	0
174	0
175	0
176	0
177	0
178	0
179	0
180	0
181	0
182	0
183	0
184	0
185	0
186	0
187	0
188	0
189	0
190	0
191	0
192	0
193	0
194	0
195	0
196	0
197	0
198	0
199	0
200	0
201	0
202	0
203	0
204	0
205	0
206	0
207	0
208	0
209	0
210	0
211	0
212	0
213	0
214	0
215	0
216	0
217	0
218	0
219	0
220	0
221	0
222	0
223	0
224	0
225	0
226	0
227	0
228	0
229	0
230	0
231	0
232	0
233	0
234	0
235	0
236	0
237	0
238	0
239	0
240	0
241	0
242	0
243	0
244	0
245	0
246	0
247	0
248	0
249	0
250	0
251	0
252	0
253	0
254	0
255	0
256	0
257	0
258	0
259	0
260	0
261	0
262	0
263	0
264	0
265	0
266	0
267	0
268	0
269	0
270	0
271	0
272	0
273	0
274	0
275	0
276	0
277	0
278	0
279	0
280	0
281	0
282	0
283	0
284	0
285	0
286	0
287	0
288	0
289	0
290	0
291	0
292	0
293	0
294	0
295	0
296	0
297	0
298	0
299	0
300	0
301	0
302	0
303	0
304	0
305	0
306	0
307	0
308	0
309	0
310	0
311	0
312	0
313	0
314	0
315	0
316	0
317	0
318	0
319	0
320	0
321	0
322	0
323	0
324	0
325	0
326	0
327	0
328	0
329	0
330	0
331	0
332	0
333	0
334	0
335	0
336	0
337	0
338	0
339	0
340	0
341	0
342	0
343	0
344	0
345	0
346	0
347	0
348	0
349	0
350	0
351	0
352	0
353	0
354	0
355	0
356	0
357	0
358	0
359	0
360	0
361	0
362	0
363	0
364	0
365	0
366	0
367	0
368	0
369	0
370	0
371	0
372	0
373	0
374	0
375	0
376	0
377	0
378	0
379	0
380	0
381	0
382	0
383	0
384	0
385	0
386	0
387	0
388	0
389	0
390	0
391	0
392	0
393	0
394	0
395	0
396	0
397	0
398	0
399	0
400	0
401	0
402	0
403	0
404	0
405	0
406	0
407	0
408	0
409	0
410	0
411	0
412	0
413	0
414	0
415	0
416	0
417	0
418	0
419	0
420	0
421	0
422	0
423	0
424	0
425	0
426	0
427	0
428	0
429	0
430	0
431	0
432	0
433	0
434	0
435	0
436	0
437	0
438	0
439	0
440	0
441	0
442	0
443	0
444	0
445	0
446	0
447	0
448	0
449	0
450	0
451	0
452	0
453	0
454	0
455	0
456	0
457	0
458	0
459	0
460	0
461	0
462	0
463	0
464	0
465	0
466	0
467	0
468	0
469	0
470	0
471	0
472	0
473	0
474	0
475	0
476	0
477	0
478	0
479	0
480	0
481	0
482	0
483	0
484	0
485	0
486	0
487	0
488	0
489	0
490	0
491	0
492	0
493	0
494	0
495	0
496	0
497	0
498	0
499	0
500	0
501	0
502	0
503	0
504	0
505	0
506	0
507	0
508	0
509	0
510	0
511	0
512	0
513	0
514	0
515	0
516	0
517	0
518	0
519	0
520	0
521	0
522	0
523	0
524	0
525	0
526	0
527	0
528	0
529	0
530	0
531	0
532	0
533	0
534	0
535	0
536	0
537	0
538	0
539	0
540	0
541	0
542	0
543	0
544	0
545	0
546	0
547	0
548	0
549	0
550	0
551	0
552	0
553	0
554	0
555	0
556	0
557	0
558	0
559	0
560	0
561	0
562	0
563	0
564	0
565	0
566	0
567	0
568	0
569	0
570	0
571	0
572	0
573	0
574	0
575	0
576	0
577	0
578	0
579	0
580	0
581	0
582	0
583	0
584	0
585	0
586	0
587	0
588	0
589	0
590	0
591	0
592	0
593	0
594	0
595	0
596	0
597	0
598	0
599	0
600	0
601	0
602	0
603	0
604	0
605	0
606	0
607	0
608	0
609	0
610	0
611	0
612	0
613	0
614	0
615	0
616	0
617	0
618	0
619	0
620	0
621	0
622	0
623	0
624	0
625	0
626	0
627	0
628	0
629	0
630	0
631	0
632	0
633	0
634	0
635	0
636	0
637	0
638	0
639	0
640	0
641	0
642	0
643	0
644	0
645	0
646	0
647	0
648	0
649	0
650	0
651	0
652	0
653	0
654	0
655	0
656	0
657	0
658	0
659	0
660	0
661	0
662	0
663	0
664	0
665	0
666	0
667	0
668	0
669	0
670	0
671	0
672	0
673	0
674	0
675	0
676	0
677	0
678	0
679	0
680	0
681	0
682	0
683	0
684	0
685	0
686	0
687	0
688	0
689	0
690	0
691	0
692	0
693	0
694	0
695	0
696	0
697	0
698	0
699	0
700	0
701	0
702	0
703	0
704	0
705	0
706	0
707	0
708	0
709	0
710	0
711	0
712	0
713	0
714	0
715	0
716	0
717	0
718	0
719	0
720	0
721	0
722	0
723	0
724	0
725	0
726	0
727	0
728	0
729	0
730	0
731	0
732	0
733	0
734	0
735	0
736	0
737	0
738	0
739	0
740	0
741	0
742	0
743	0
744	0
745	0
746	0
747	0
748	0
749	0
750	0
751	0
752	0
753	0
754	0
755	0
756	0
757	0
758	0
759	0
760	0
761	0
762	0
763	0
764	0
765	0
766	0
767	0
768	0
769	0
770	0
771	0
772	0
773	0
774	0
775	0
776	0
777	0
778	0
779	0
780	0
781	0
782	0
783	0
784	0
785	0
786	0
787	0
788	0
789	0
790	0
791	0
792	0
793	0
794	0
795	0
796	0
797	0
798	0
799	0
800	0
801	0
802	0
803	0
804	0
805	0
806	0
807	0
808	0
809	0
810	0
811	0
812	0
813	0
814	0
815	0
816	0
817	0
818	0
819	0
820	0
821	0
822	0
823	0
824	0
825	0
826	0
827	0
828	0
829	0
830	0
831	0
832	0
833	0
834	0
835	0
836	0
837	0
838	0
839	0
840	0
841	0
842	0
843	0
844	0
845	0
846	0
847	0
848	0
849	0
850	0
851	0
852	0
853	0
854	0
855	0
856	0
857	0
858	0
859	0
860	0
861	0
862	0
863	0
864	0
865	0
866	0
867	0
868	0
869	0
870	0
871	0
872	0
873	0
874	0
875	0
876	0
877	0
878	0
879	0
880	0
881	0
882	0
883	0
884	0
885	0
886	0
887	0
888	0
889	0
890	0
891	0
892	0
893	0
894	0
895	0
896	0
897	0
898	0
899	0
900	0
901	0
902	0
903	0
904	0
905	0
906	0
907	0
908	0
909	0
910	0
911	0
912	0
913	0
914	0
915	0
916	0
917	0
918	0
919	0
920	0
921	0
922	0
923	0
924	0
925	0
926	0
927	0
928	0
929	0
930	0
931	0
932	0
933	0
934	0
935	0
936	0
937	0
938	0
939	0
940	0
941	0
942	0
943	0
944	0
945	0
946	0
947	0
948	0
949	0
950	0
951	0
952	0
953	0
954	0
955	0
956	0
957	0
958	0
959	0
960	0
961	0
962	0
963	0
964	0
965	0
966	0
967	0
968	0
969	0
970	0
971	0
972	0
973	0
974	0
975	0
976	0
977	0
978	0
979	0
980	0
981	0
982	0
983	0
984	0
985	0
986	0
987	0
988	0
989	0
990	0
991	0
992	0
993	0
994	0
995	0
996	0
997	0
998	0
999	0
1000	0
1001	0
1002	0
1003	0
1004	0
1005	0
1006	0
1007	0
1008	0
1009	0
1010	0
1011	0
1012	0
1013	0
1014	0
1015	0
1016	0
1017	0
1018	0
1019	0
1020	0
1021	0
1022	0
1023	0
1024	0
1025	0
1026	0
1027	0
1028	0
1029	0
1030	0
1031	0
1032	0
1033	0
1034	0
1035	0
1036	0
1037	0
1038	0
1039	0
1040	0
1041	0
1042	0
1043	0
1044	0
1045	0
1046	0
1047	0
1048	0
1049	0
1050	0
1051	0
1052	0
1053	0
1054	0
1055	0
1056	0
1057	0
1058	0
1059	0
1060	0
1061	0
1062	0
1063	0
1064	0
1065	0
1066	0
1067	0
1068	0
1069	0
1070	0
1071	0
1072	0
1073	0
1074	0
1075	0
1076	0
1077	0
1078	0
1079	0
1080	0
1081	0
1082	0
1083	0
1084	0
1085	0
1086	0
1087	0
1088	0
1089	0
1090	0
1091	0
1092	0
1093	0
1094	0
1095	0
1096	0
1097	0
1098	0
1099	0
1100	0
1101	0
1102	0
1103	0
1104	0
1105	0
1106	0
1107	0
1108	0
1109	0
1110	0
1111	0
1112	0
1113	0
1114	0
1115	0
1116	0
1117	0
1118	0
1119	0
1120	0
1121	0
1122	0
1123	0
1124	0
1125	0
1126	0
1127	0
1128	0
1129	0
1130	0
1131	0
1132	0
1133	0
1134	0
1135	0
1136	0
1137	0
1138	0
1139	0
1140	0
1141	0
1142	0
1143	0
1144	0
1145	0
1146	0
1147	0
1148	0
1149	0
1150	0
1151	0
1152	0
1153	0
1154	0
1155	0
1156	0
1157	0
1158	0
1159	0
1160	0
1161	0
1162	0
1163	0
1164	0
1165	0
1166	0
1167	0
1168	0
1169	0
1170	0
1171	0
1172	0
1173	0
1174	0
1175	0
1176	0
1177	0
1178	0
1179	0
1180	0
1181	0
1182	0
1183	0
1184	0
1185	0
1186	0
1187	0
1188	0
1189	0
1190	0
1191	0
1192	0
1193	0
1194	0
1195	0
1196	0
1197	0
1198	0
1199	0
1200	0
1201	0
1202	0
1203	0
1204	0
1205	0
1206	0
1207	0
1208	0
1209	0
1210	0
1211	0
1212	0
1213	0
1214	0
1215	0
1216	0
1217	0
1218	0
1219	0
1220	0
1221	0
1222	0
1223	0
1224	0
1225	0
1226	0
1227	0
1228	0
1229	0
1230	0
1231	0
1232	0
1233	0
1234	0
1235	0
1236	0
1237	0
1238	0
1239	0
1240	0
1241	0
1242	0
1243	0
1244	0
1245	0
1246	0
1247	0
1248	0
1249	0
1250	0
1251	0
1252	0
1253	0
1254	0
1255	0
1256	0
1257	0
1258	0
1259	0
1260	0
1261	0
1262	0
1263	0
1264	0
1265	0
1266	0
1267	0
1268	0
1269	0
1270	0
1271	0
1272	0
1273	0
1274	0
1275	0
1276	0
1277	0
1278	0
1279	0
1280	0
1281	0
1282	0
1283	0
1284	0
1285	0
1286	0
1287	0
1288	0
1289	0
1290	0
1291	0
1292	0
1293	0
1294	0
1295	0
1296	0
1297	0
1298	0
1299	0
1300	0
1301	0
1302	0
1303	0
1304	0
1305	0
1306	0
1307	0
1308	0
1309	0
1310	0
1311	0
1312	0
1313	0
1314	0
1315	0
1316	0
1317	0
1318	0
1319	0
1320	0
1321	0
1322	0
1323	0
1324	0
1325	0
1326	0
1327	0
1328	0
1329	0
1330	0
1331	0
1332	0
1333	0
1334	0
1335	0
1336	0
1337	0
1338	0
1339	0
1340	0
1341	0
1342	0
1343	0
1344	0
1345	0
1346	0
1347	0
1348	0
1349	0
1350	0
1351	0
1352	0
1353	0
1354	0
1355	0
1356	0
1357	0
1358	0
1359	0
1360	0
1361	0
1362	0
1363	0
1364	0
1365	0
1366	0
1367	0
1368	0
1369	0
1370	0
1371	0
1372	0
1373	0
1374	0
1375	0
1376	0
1377	0
1378	0
1379	0
1380	0
1381	0
1382	0
1383	0
1384	0
1385	0
1386	0
1387	0
1388	0
1389	0
1390	0
1391	0
1392	0
1393	0
1394	0
1395	0
1396	0
1397	0
1398	0
1399	0
1400	0
1401	0
1402	0
1403	0
1404	0
1405	0
1406	0
1407	0
1408	0
1409	0
1410	0
1411	0
1412	0
1413	0
1414	0
1415	0
1416	0
1417	0
1418	0
1419	0
1420	0
1421	0
1422	0
1423	0
1424	0
1425	0
1426	0
1427	0
1428	0
1429	0
1430	0
1431	0
1432	0
1433	0
1434	0
1435	0
1436	0
1437	0
1438	0
1439	0
1440	0
1441	0
1442	0
1443	0
1444	0
1445	0
1446	0
1447	0
1448	0
1449	0
1450	0
1451	0
1452	0
1453	0
1454	0
1455	0
1456	0
1457	0
1458	0
1459	0
1460	0
1461	0
1462	0
1463	0
1464	0
1465	0
1466	0
1467	0
1468	0
1469	0
1470	0
1471	0
1472	0
1473	0
1474	0
1475	0
1476	0
1477	0
1478	0
1479	0
1480	0
1481	0
1482	0
1483	0
1484	0
1485	0
1486	0
1487	0
1488	0
1489	0
1490	0
1491	0
1492	0
1493	0
1494	0
1495	0
1496	0
1497	0
1498	0
1499	0
1500	0
1501	0
1502	0
1503	0
1504	0
1505	0
1506	0
1507	0
1508	0
1509	0
1510	0
1511	0
1512	0
1513	0
1514	0
1515	0
1516	0
1517	0
1518	0
1519	0
1520	0
1521	0
1522	0
1523	0
1524	0
1525	0
1526	0
1527	0
1528	0
1529	0
1530	0
1531	0
1532	0
1533	0
1534	0
1535	0
1536	0
1537	0
1538	0
1539	0
1540	0
1541	0
1542	0
1543	0
1544	0
1545	0
1546	0
1547	0
1548	0
1549	0
1550	0
1551	0
1552	0
1553	0
1554	0
1555	0
1556	0
1557	0
1558	0
1559	0
1560	0
1561	0
1562	0
1563	0
1564	0
1565	0
1566	0
1567	0
1568	0
1569	0
1570	0
1571	0
1572	0
1573	0
1574	0
1575	0
1576	0
1577	0
1578	0
1579	0
1580	0
1581	0
1582	0
1583	0
1584	0
1585	0
1586	0
1587	0
1588	0
1589	0
1590	0
1591	0
1592	0
1593	0
1594	0
1595	0
1596	0
1597	0
1598	0
1599	0
1600	0
1601	0
1602	0
1603	0
1604	0
1605	0
1606	0
1607	0
1608	0
1609	0
1610	0
1611	0
1612	0
1613	0
1614	0
1615	0
1616	0
1617	0
1618	0
1619	0
1620	0
1621	0
1622	0
1623	0
1624	0
1625	0
1626	0
1627	0
1628	0
1629	0
1630	0
1631	0
1632	0
1633	0
1634	0
1635	0
1636	0
1637	0
1638	0
1639	0
1640	0
1641	0
1642	0
1643	0
1644	0
1645	0
1646	0
1647	0
1648	0
1649	0
1650	0
1651	0
1652	0
1653	0
1654	0
1655	0
1656	0
1657	0
1658	0
1659	0
1660	0
1661	0
1662	0
1663	0
1664	0
1665	0
1666	0
1667	0
1668	0
1669	0
1670	0
1671	0
1672	0
1673	0
1674	0
1675	0
1676	0
1677	0
1678	0
1679	0
1680	0
1681	0
1682	0
1683	0
1684	0
1685	0
1686	0
1687	0
1688	0
1689	0
1690	0
1691	0
1692	0
1693	0
1694	0
1695	0
1696	0
1697	0
1698	0
1699	0
1700	0
1701	0
1702	0
1703	0
1704	0
1705	0
1706	0
1707	0
1708	0
1709	0
1710	0
1711	0
1712	0
1713	0
1714	0
1715	0
1716	0
1717	0
1718	0
1719	0
1720	0
1721	0
1722	0
1723	0
1724	0
1725	0
1726	0
1727	0
1728	0
1729	0
1730	0
1731	0
1732	0
1733	0
1734	0
1735	0
1736	0
1737	0
1738	0
1739	0
1740	0
1741	0
1742	0
1743	0
1744	0
1745	0
1746	0
1747	0
1748	0
1749	0
1750	0
1751	0
1752	0
1753	0
1754	0
1755	0
1756	0
1757	0
1758	0
1759	0
1760	0
1761	0
1762	0
1763	0
1764	0
1765	0
1766	0
1767	0
1768	0
1769	0
1770	0
1771	0
1772	0
1773	0
1774	0
1775	0
1776	0
1777	0
1778	0
1779	0
1780	0
1781	0
1782	0
1783	0
1784	0
1785	0
1786	0
1787	0
1788	0
1789	0
1790	0
1791	0
1792	0
1793	0
1794	0
1795	0
1796	0
1797	0
1798	0
1799	0
1800	0
1801	0
1802	0
1803	0
1804	0
1805	0
1806	0
1807	0
1808	0
1809	0
1810	0
1811	0
1812	0
1813	0
1814	0
1815	0
1816	0
1817	0
1818	0
1819	0
1820	0
1821	0
1822	0
1823	0
1824	0
1825	0
1826	0
1827	0
1828	0
1829	0
1830	0
1831	0
1832	0
1833	0
1834	0
1835	0
1836	0
1837	0
1838	0
1839	0
1840	0
1841	0
1842	0
1843	0
1844	0
1845	0
1846	0
1847	0
1848	0
1849	0
1850	0
1851	0
1852	0
1853	0
1854	0
1855	0
1856	0
1857	0
1858	0
1859	0
1860	0
1861	0
1862	0
1863	0
1864	0
1865	0
1866	0
1867	0
1868	0
1869	0
1870	0
1871	0
1872	0
1873	0
1874	0
1875	0
1876	0
1877	0
1878	0
1879	0
1880	0
1881	0
1882	0
1883	0
1884	0
1885	0
1886	0
1887	0
1888	0
1889	0
1890	0
1891	0
1892	0
1893	0
1894	0
1895	0
1896	0
1897	0
1898	0
1899	0
1900	0
1901	0
1902	0
1903	0
1904	0
1905	0
1906	0
1907	0
1908	0
1909	0
1910	0
1911	0
1912	0
1913	0
1914	0
1915	0
1916	0
1917	0
1918	0
1919	0
1920	0
1921	0
1922	0
1923	0
1924	0
1925	0
1926	0
1927	0
1928	0
1929	0
1930	0
1931	0
1932	0
1933	0
1934	0
1935	0
1936	0
1937	0
1938	0
1939	0
1940	0
1941	0
1942	0
1943	0
1944	0
1945	0
1946	0
1947	0
1948	0
1949	0
1950	0
1951	0
1952	0
1953	0
1954	0
1955	0
1956	0
1957	0
1958	0
1959	0
1960	0
1961	0
1962	0
1963	0
1964	0
1965	0
1966	0
1967	0
1968	0
1969	0
1970	0
1971	0
1972	0
1973	0
1974	0
1975	0
1976	0
1977	0
1978	0
1979	0
1980	0
1981	0
1982	0
1983	0
1984	0
1985	0
1986	0
1987	0
1988	0
1989	0
1990	0
1991	0
1992	0
1993	0
1994	0
1995	0
1996	0
1997	0
1998	0
1999	0
2000	0
2001	0
2002	0
2003	0
2004	0
2005	0
2006	0
2007	0
2008	0
2009	0
2010	0
2011	0
2012	0
2013	0
2014	0
2015	0
2016	0
2017	0
2018	0
2019	0
2020	0
2021	0
2022	0
2023	0
2024	0
2025	0
2026	0
2027	0
2028	0
2029	0
2030	0
2031	0
2032	0
2033	0
2034	0
2035	0
2036	0
2037	0
2038	0
2039	0
2040	0
2041	0
2042	0
2043	0
2044	0
2045	0
2046	0
2047	0
2048	0
2049	0
2050	0
2051	0
2052	0
2053	0
2054	0
2055	0
2056	0
2057	0
2058	0
2059	0
2060	0
2061	0
2062	0
2063	0
2064	0
2065	0
2066	0
2067	0
2068	0
2069	0
2070	0
2071	0
2072	0
2073	0
2074	0
2075	0
2076	0
2077	0
2078	0
2079	0
2080	0
2081	0
2082	0
2083	0
2084	0
2085	0
2086	0
2087	0
2088	0
2089	0
2090	0
2091	0
2092	0
2093	0
2094	0
2095	0
2096	0
2097	0
2098	0
2099	0
2100	0
2101	0
2102	0
2103	0
2104	0
2105	0
2106	0
2107	0
2108	0
2109	0
2110	0
2111	0
2112	0
2113	0
2114	0
2115	0
2116	0
2117	0
2118	0
2119	0
2120	0
2121	0
2122	0
2123	0
2124	0
2125	0
2126	0
2127	0
2128	0
2129	0
2130	0
2131	0
2132	0
2133	0
2134	0
2135	0
2136	0
2137	0
2138	0
2139	0
2140	0
2141	0
2142	0
2143	0
2144	0
2145	0
2146	0
2147	0
2148	0
2149	0
2150	0
2151	0
2152	0
2153	0
2154	0
2155	0
2156	0
2157	0
2158	0
2159	0
2160	0
2161	0
2162	0
2163	0
2164	0
2165	0
2166	0
2167	0
2168	0
2169	0
2170	0
2171	0
2172	0
2173	0
2174	0
2175	0
2176	0
2177	0
2178	0
2179	0
2180	0
2181	0
2182	0
2183	0
2184	0
2185	0
2186	0
2187	0
2188	0
2189	0
2190	0
2191	0
2192	0
2193	0
2194	0
2195	0
2196	0
2197	0
2198	0
2199	0
2200	0
2201	0
2202	0
2203	0
2204	0
2205	0
2206	0
2207	0
2208	0
2209	0
2210	0
2211	0
2212	0
2213	0
2214	0
2215	0
2216	0
2217	0
2218	0
2219	0
2220	0
2221	0
2222	0
2223	0
2224	0
2225	0
2226	0
2227	0
2228	0
2229	0
2230	0
2231	0
2232	0
2233	0
2234	0
2235	0
2236	0
2237	0
2238	0
2239	0
2240	0
2241	0
2242	0
2243	0
2244	0
2245	0
2246	0
2247	0
2248	0
2249	0
2250	0
2251	0
2252	0
2253	0
2254	0
2255	0
2256	0
2257	0
2258	0
2259	0
2260	0
2261	0
2262	0
2263	0
2264	0
2265	0
2266	0
2267	0
2268	0
2269	0
2270	0
2271	0
2272	0
2273	0
2274	0
2275	0
2276	0
2277	0
2278	0
2279	0
2280	0
2281	0
2282	0
2283	0
2284	0
2285	0
2286	0
2287	0
2288	0
2289	0
2290	0
2291	0
2292	0
2293	0
2294	0
2295	0
2296	0
2297	0
2298	0
2299	0
2300	0
2301	0
2302	0
2303	0
2304	0
2305	0
2306	0
2307	0
2308	0
2309	0
2310	0
2311	0
2312	0
2313	0
2314	0
2315	0
2316	0
2317	0
2318	0
2319	0
2320	0
2321	0
2322	0
2323	0
2324	0
2325	0
2326	0
2327	0
2328	0
2329	0
2330	0
2331	0
2332	0
2333	0
2334	0
2335	0
2336	0
2337	0
2338	0
2339	0
2340	0
2341	0
2342	0
2343	0
2344	0
2345	0
2346	0
2347	0
2348	0
2349	0
2350	0
2351	0
2352	0
2353	0
2354	0
2355	0
2356	0
2357	0
2358	0
2359	0
2360	0
2361	0
2362	0
2363	0
2364	0
2365	0
2366	0
2367	0
2368	0
2369	0
2370	0
2371	0
2372	0
2373	0
2374	0
2375	0
2376	0
2377	0
2378	0
2379	0
2380	0
2381	0
2382	0
2383	0
2384	0
2385	0
2386	0
2387	0
2388	0
2389	0
2390	0
2391	0
2392	0
2393	0
2394	0
2395	0
2396	0
2397	0
2398	0
2399	0
2400	0
2401	0
2402	0
2403	0
2404	0
2405	0
2406	0
2407	0
2408	0
2409	0
2410	0
2411	0
2412	0
2413	0
2414	0
2415	0
2416	0
2417	0
2418	0
2419	0
2420	0
2421	0
2422	0
2423	0
2424	0
2425	0
2426	0
2427	0
2428	0
2429	0
2430	0
2431	0
2432	0
2433	0
2434	0
2435	0
2436	0
2437	0
2438	0
2439	0
2440	0
2441	0
2442	0
2443	0
2444	0
2445	0
2446	0
2447	0
2448	0
2449	0
2450	0
2451	0
2452	0
2453	0
2454	0
2455	0
2456	0
2457	0
2458	0
2459	0
2460	0
2461	0
2462	0
2463	0
2464	0
2465	0
2466	0
2467	0
2468	0
2469	0
2470	0
2471	0
2472	0
2473	0
2474	0
2475	0
2476	0
2477	0
2478	0
2479	0
2480	0
2481	0
2482	0
2483	0
2484	0
2485	0
2486	0
2487	0
2488	0
2489	0
2490	0
2491	0
2492	0
2493	0
2494	0
2495	0
2496	0
2497	0
2498	0
2499	0
2500	0
2501	0
2502	0
2503	0
2504	0
2505	0
2506	0
2507	0
2508	0
2509	0
2510	0
2511	0
2512	0
2513	0
2514	0
2515	0
2516	0
2517	0
2518	0
2519	0
2520	0
2521	0
2522	0
2523	0
2524	0
2525	0
2526	0
2527	0
2528	0
2529	0
2530	0
2531	0
2532	0
2533	0
2534	0
2535	0
2536	0
2537	0
2538	0
2539	0
2540	0
2541	0
2542	0
2543	0
2544	0
2545	0
2546	0
2547	0
2548	0
2549	0
2550	0
2551	0
2552	0
2553	0
2554	0
2555	0
2556	0
2557	0
2558	0
2559	0
2560	0
2561	0
2562	0
2563	0
2564	0
2565	0
2566	0
2567	0
2568	0
2569	0
2570	0
2571	0
2572	0
2573	0
2574	0
2575	0
2576	0
2577	0
2578	0
2579	0
2580	0
2581	0
2582	0
2583	0
2584	0
2585	0
2586	0
2587	0
2588	0
2589	0
2590	0
2591	0
2592	0
2593	0
2594	0
2595	0
2596	0
2597	0
2598	0
2599	0
2600	0
2601	0
2602	0
2603	0
2604	0
2605	0
2606	0
2607	0
2608	0
2609	0
2610	0
2611	0
2612	0
2613	0
2614	0
2615	0
2616	0
2617	0
2618	0
2619	0
2620	0
2621	0
2622	0
2623	0
2624	0
2625	0
2626	0
2627	0
2628	0
2629	0
2630	0
2631	0
2632	0
2633	0
2634	0
2635	0
2636	0
2637	0
2638	0
2639	0
2640	0
2641	0
2642	0
2643	0
2644	0
2645	0
2646	0
2647	0
2648	0
2649	0
2650	0
2651	0
2652	0
2653	0
2654	0
2655	0
2656	0
2657	0
2658	0
2659	0
2660	0
2661	0
2662	0
2663	0
2664	0
2665	0
2666	0
2667	0
2668	0
2669	0
2670	0
2671	0
2672	0
2673	0
2674	0
2675	0
2676	0
2677	0
2678	0
2679	0
2680	0
2681	0
2682	0
2683	0
2684	0
2685	0
2686	0
2687	0
2688	0
2689	0
2690	0
2691	0
2692	0
2693	0
2694	0
2695	0
2696	0
2697	0
2698	0
2699	0
2700	0
2701	0
2702	0
2703	0
2704	0
2705	0
2706	0
2707	0
2708	0
2709	0
2710	0
2711	0
2712	0
2713	0
2714	0
2715	0
2716	0
2717	0
2718	0
2719	0
2720	0
2721	0
2722	0
2723	0
2724	0
2725	0
2726	0
2727	0
2728	0
2729	0
2730	0
2731	0
2732	0
2733	0
2734	0
2735	0
2736	0
2737	0
2738	0
2739	0
2740	0
2741	0
2742	0
2743	0
2744	0
2745	0
2746	0
2747	0
2748	0
2749	0
2750	0
2751	0
2752	0
2753	0
2754	0
2755	0
2756	0
2757	0
2758	0
2759	0
2760	0
2761	0
2762	0
2763	0
2764	0
2765	0
2766	0
2767	0
2768	0
2769	0
2770	0
2771	0
2772	0
2773	0
2774	0
2775	0
2776	0
2777	0
2778	0
2779	0
2780	0
2781	0
2782	0
2783	0
2784	0
2785	0
2786	0
2787	0
2788	0
2789	0
2790	0
2791	0
2792	0
2793	0
2794	0
2795	0
2796	0
2797	0
2798	0
2799	0
2800	0
2801	0
2802	0
2803	0
2804	0
2805	0
2806	0
2807	0
2808	0
2809	0
2810	0
2811	0
2812	0
2813	0
2814	0
2815	0
2816	0
2817	0
2818	0
2819	0
2820	0
2821	0
2822	0
2823	0
2824	0
2825	0
2826	0
2827	0
2828	0
2829	0
2830	0
2831	0
2832	0
2833	0
2834	0
2835	0
2836	0
2837	0
2838	0
2839	0
2840	0
2841	0
2842	0
2843	0
2844	0
2845	0
2846	0
2847	0
2848	0
2849	0
2850	0
2851	0
2852	0
2853	0
2854	0
2855	0
2856	0
2857	0
2858	0
2859	0
2860	0
2861	0
2862	0
2863	0
2864	0
2865	0
2866	0
2867	0
2868	0
2869	0
2870	0
2871	0
2872	0
2873	0
2874	0
2875	0
2876	0
2877	0
2878	0
2879	0
2880	0
2881	0
2882	0
2883	0
2884	0
2885	0
2886	0
2887	0
2888	0
2889	0
2890	0
2891	0
2892	0
2893	0
2894	0
2895	0
2896	0
2897	0
2898	0
2899	0
2900	0
2901	0
2902	0
2903	0
2904	0
2905	0
2906	0
2907	0
2908	0
2909	0
2910	0
2911	0
2912	0
2913	0
2914	0
2915	0
2916	0
2917	0
2918	0
2919	0
2920	0
2921	0
2922	0
2923	0
2924	0
2925	0
2926	0
2927	0
2928	0
2929	0
2930	0
2931	0
2932	0
2933	0
2934	0
2935	0
2936	0
2937	0
2938	0
2939	0
2940	0
2941	0
2942	0
2943	0
2944	0
2945	0
2946	0
2947	0
2948	0
2949	0
2950	0
2951	0
2952	0
2953	0
2954	0
2955	0
2956	0
2957	0
2958	0
2959	0
2960	0
2961	0
2962	0
2963	0
2964	0
2965	0
2966	0
2967	0
2968	0
2969	0
2970	0
2971	0
2972	0
2973	0
2974	0
2975	0
2976	0
2977	0
2978	0
2979	0
2980	0
2981	0
2982	0
2983	0
2984	0
2985	0
2986	0
2987	0
2988	0
2989	0
2990	0
2991	0
2992	0
2993	0
2994	0
2995	0
2996	0
2997	0
2998	0
2999	0
3000	0
3001	0
3002	0
3003	0
3004	0
3005	0
3006	0
3007	0
3008	0
3009	0
3010	0
3011	0
3012	0
3013	0
3014	0
3015	0
3016	0
3017	0
3018	0
3019	0
3020	0
3021	0
3022	0
3023	0
3024	0
3025	0
3026	0
3027	0
3028	0
3029	0
3030	0
3031	0
3032	0
3033	0
3034	0
3035	0
3036	0
3037	0
3038	0
3039	0
3040	0
3041	0
3042	0
3043	0
3044	0
3045	0
3046	0
3047	0
3048	0
3049	0
3050	0
3051	0
3052	0
3053	0
3054	0
3055	0
3056	0
3057	0
3058	0
3059	0
3060	0
3061	0
3062	0
3063	0
3064	0
3065	0
3066	0
3067	0
3068	0
3069	0
3070	0
3071	0
3072	1
3073	1
3074	1
3075	1
3076	1
3077	1
3078	1
3079	1
3080	1
3081	1
3082	1
3083	1
3084	1
3085	1
3086	1
3087	1
3088	1
3089	1
3090	1
3091	1
3092	1
3093	1
3094	1
3095	1
3096	1
3097	1
3098	1
3099	1
3100	1
3101	1
3102	1
3103	1
3104	1
3105	1
3106	1
3107	1
3108	1
3109	1
3110	1
3111	1
3112	1
3113	1
3114	1
3115	1
3116	1
3117	1
3118	1
3119	1
3120	1
3121	1
3122	1
3123	1
3124	1
3125	1
3126	1
3127	1
3128	1
3129	1
3130	1
3131	1
3132	1
3133	1
3134	1
3135	1
3136	1
3137	1
3138	1
3139	1
3140	1
3141	1
3142	1
3143	1
3144	1
3145	1
3146	1
3147	1
3148	1
3149	1
3150	1
3151	1
3152	1
3153	1
3154	1
3155	1
3156	1
3157	1
3158	1
3159	1
3160	1
3161	1
3162	1
3163	1
3164	1
3165	1
3166	1
3167	1
3168	1
3169	1
3170	1
3171	1
3172	1
3173	1
3174	1
3175	1
3176	1
3177	1
3178	1
3179	1
3180	1
3181	1
3182	1
3183	1
3184	1
3185	1
3186	1
3187	1
3188	1
3189	1
3190	1
3191	1
3192	1
3193	1
3194	1
3195	1
3196	1
3197	1
3198	1
3199	1
3200	1
3201	1
3202	1
3203	1
3204	1
3205	1
3206	1
3207	1
3208	1
3209	1
3210	1
3211	1
3212	1
3213	1
3214	1
3215	1
3216	1
3217	1
3218	1
3219	1
3220	1
3221	1
3222	1
3223	1
3224	1
3225	1
3226	1
3227	1
3228	1
3229	1
3230	1
3231	1
3232	1
3233	1
3234	1
3235	1
3236	1
3237	1
3238	1
3239	1
3240	1
3241	1
3242	1
3243	1
3244	1
3245	1
3246	1
3247	2
3248	2
3249	2
3250	2
3251	2
3252	2
3253	2
3254	2
3255	2
3256	2
3257	2
3258	2
3259	2
3260	2
3261	2
3262	2
3263	2
3264	2
3265	2
3266	2
3267	2
3268	2
3269	2
3270	2
3271	2
3272	2
3273	2
3274	2
3275	2
3276	2
3277	2
3278	2
3279	2
3280	2
3281	2
3282	2
3283	2
3284	2
3285	2
3286	2
3287	2
3288	2
3289	2
3290	2
3291	2
3292	2
3293	2
3294	2
3295	2
3296	2
3297	2
3298	2
3299	2
3300	2
3301	2
3302	2
3303	2
3304	2
3305	2
3306	2
3307	2
3308	2
3309	2
3310	2
3311	2
3312	2
3313	2
3314	2
3315	2
3316	2
3317	2
3318	2
3319	2
3320	2
3321	2
3322	2
3323	2
3324	2
3325	2
3326	2
3327	2
3328	2
3329	2
3330	2
3331	2
3332	2
3333	2
3334	2
3335	2
3336	2
3337	2
3338	2
3339	2
3340	2
3341	2
3342	2
3343	2
3344	2
3345	2
3346	2
3347	2
3348	2
3349	2
3350	2
3351	2
3352	2
3353	2
3354	2
3355	2
3356	2
3357	2
3358	2
3359	2
3360	2
3361	2
3362	2
3363	2
3364	2
3365	2
3366	2
3367	2
3368	2
3369	2
3370	2
3371	2
3372	2
3373	2
3374	2
3375	2
3376	2
3377	2
3378	2
3379	2
3380	2
3381	2
3382	2
3383	2
3384	2
3385	2
3386	2
3387	2
3388	2
3389	2
3390	2
3391	2
3392	2
3393	2
3394	2
3395	2
3396	2
3397	2
3398	2
3399	2
3400	2
3401	2
3402	2
3403	2
3404	2
3405	2
3406	2
3407	2
3408	2
3409	2
3410	2
3411	2
3412	2
3413	2
3414	2
3415	2
3416	2
3417	2
3418	2
3419	2
3420	2
3421	2
3422	2
3423	2
3424	2
3425	2
3426	2
3427	2
3428	2
3429	2
3430	2
3431	2
3432	2
3433	2
3434	2
3435	2
3436	2
3437	2
3438	2
3439	2
3440	2
3441	2
3442	2
3443	2
3444	2
3445	2
3446	2
3447	2
3448	2
3449	2
3450	2
3451	2
3452	2
3453	2
3454	2
3455	2
3456	2
3457	2
3458	2
3459	2
3460	2
3461	2
3462	2
3463	2
3464	2
3465	2
3466	2
3467	2
3468	2
3469	2
3470	2
3471	2
3472	2
3473	2
3474	2
3475	2
3476	2
3477	2
3478	2
3479	2
3480	2
3481	2
3482	2
3483	2
3484	2
3485	2
3486	2
3487	2
3488	2
3489	2
3490	2
3491	2
3492	2
3493	2
3494	2
3495	2
3496	2
3497	2
3498	2
3499	2
3500	2
3501	2
3502	2
3503	2
3504	2
3505	2
3506	2
3507	2
3508	2
3509	2
3510	2
3511	2
3512	2
3513	2
3514	2
3515	2
3516	2
3517	2
3518	2
3519	2
3520	2
3521	2
3522	2
3523	2
3524	2
3525	2
3526	2
3527	2
3528	2
3529	2
3530	2
3531	2
3532	2
3533	2
3534	2
3535	2
3536	2
3537	2
3538	2
3539	2
3540	2
3541	2
3542	2
3543	2
3544	2
3545	2
3546	2
3547	2
3548	2
3549	2
3550	2
3551	2
3552	2
3553	2
3554	2
3555	2
3556	2
3557	2
3558	2
3559	2
3560	2
3561	2
3562	2
3563	2
3564	2
3565	2
3566	2
3567	2
3568	2
3569	2
3570	2
3571	2
3572	2
3573	2
3574	2
3575	2
3576	2
3577	2
3578	2
3579	2
3580	2
3581	2
3582	2
3583	2
3584	2
3585	2
3586	2
3587	2
3588	2
3589	2
3590	2
3591	2
3592	2
3593	2
3594	2
3595	2
3596	2
3597	2
3598	2
3599	2
3600	2
3601	2
3602	2
3603	2
3604	2
3605	2
3606	2
3607	2
3608	2
3609	2
3610	2
3611	2
3612	2
3613	2
3614	2
3615	2
3616	2
3617	2
3618	2
3619	2
3620	2
3621	2
3622	2
3623	2
3624	2
3625	2
3626	2
3627	2
3628	2
3629	2
3630	2
3631	2
3632	2
3633	2
3634	2
3635	2
3636	2
3637	2
3638	2
3639	2
3640	2
3641	2
3642	2
3643	2
3644	2
3645	2
3646	2
3647	2
3648	2
3649	2
3650	2
3651	2
3652	2
3653	2
3654	2
3655	2
3656	2
3657	2
3658	2
3659	2
3660	2
3661	2
3662	2
3663	2
3664	2
3665	2
3666	2
3667	2
3668	2
3669	2
3670	2
3671	2
3672	2
3673	2
3674	2
3675	2
3676	2
3677	2
3678	2
3679	2
3680	2
3681	2
3682	2
3683	2
3684	2
3685	2
3686	2
3687	2
3688	2
3689	2
3690	2
3691	2
3692	2
3693	2
3694	2
3695	2
3696	2
3697	2
3698	2
3699	2
3700	2
3701	2
3702	2
3703	2
3704	2
3705	2
3706	2
3707	2
3708	2
3709	2
3710	2
3711	2
3712	2
3713	2
3714	2
3715	2
3716	2
3717	2
3718	2
3719	2
3720	2
3721	2
3722	2
3723	2
3724	2
3725	2
3726	2
3727	2
3728	2
3729	2
3730	2
3731	2
3732	2
3733	2
3734	2
3735	2
3736	2
3737	2
3738	2
3739	2
3740	2
3741	2
3742	2
3743	2
3744	2
3745	2
3746	2
3747	2
3748	2
3749	2
3750	2
3751	2
3752	2
3753	2
3754	2
3755	2
3756	2
3757	2
3758	2
3759	2
3760	2
3761	2
3762	2
3763	2
3764	2
3765	2
3766	2
3767	2
3768	2
3769	2
3770	2
3771	2
3772	2
3773	2
3774	2
3775	2
3776	2
3777	2
3778	2
3779	2
3780	2
3781	2
3782	2
3783	2
3784	2
3785	2
3786	2
3787	2
3788	2
3789	2
3790	2
3791	2
3792	2
3793	2
3794	2
3795	2
3796	2
3797	2
3798	2
3799	2
3800	2
3801	2
3802	2
3803	2
3804	2
3805	2
3806	2
3807	2
3808	2
3809	2
3810	2
3811	2
3812	2
3813	2
3814	2
3815	2
3816	2
3817	2
3818	2
3819	2
3820	2
3821	2
3822	2
3823	2
3824	2
3825	2
3826	2
3827	2
3828	2
3829	2
3830	2
3831	2
3832	2
3833	2
3834	2
3835	2
3836	2
3837	2
3838	2
3839	2
3840	2
3841	2
3842	2
3843	2
3844	2
3845	2
3846	2
3847	2
3848	2
3849	2
3850	2
3851	2
3852	2
3853	2
3854	2
3855	2
3856	2
3857	2
3858	2
3859	2
3860	2
3861	2
3862	2
3863	2
3864	2
3865	2
3866	2
3867	2
3868	2
3869	2
3870	2
3871	2
3872	2
3873	2
3874	2
3875	2
3876	2
3877	2
3878	2
3879	2
3880	2
3881	2
3882	2
3883	2
3884	2
3885	2
3886	2
3887	2
3888	2
3889	2
3890	2
3891	2
3892	2
3893	2
3894	2
3895	2
3896	2
3897	2
3898	2
3899	2
3900	2
3901	2
3902	2
3903	2
3904	2
3905	2
3906	2
3907	2
3908	2
3909	2
3910	2
3911	2
3912	2
3913	2
3914	2
3915	2
3916	2
3917	2
3918	2
3919	2
3920	2
3921	2
3922	2
3923	2
3924	2
3925	2
3926	2
3927	2
3928	2
3929	2
3930	2
3931	2
3932	2
3933	2
3934	2
3935	2
3936	2
3937	2
3938	2
3939	2
3940	2
3941	2
3942	2
3943	2
3944	2
3945	2
3946	2
3947	2
3948	2
3949	2
3950	2
3951	2
3952	2
3953	2
3954	2
3955	2
3956	2
3957	2
3958	2
3959	2
3960	2
3961	2
3962	2
3963	2
3964	2
3965	2
3966	2
3967	2
3968	2
3969	2
3970	2
3971	2
3972	2
3973	2
3974	2
3975	2
3976	2
3977	2
3978	2
3979	2
3980	2
3981	2
3982	2
3983	2
3984	2
3985	2
3986	2
3987	2
3988	2
3989	2
3990	2
3991	2
3992	2
3993	2
3994	2
3995	2
3996	2
3997	2
3998	2
3999	2
4000	2
4001	2
4002	2
4003	2
4004	2
4005	2
4006	2
4007	2
4008	2
4009	2
4010	2
4011	2
4012	2
4013	2
4014	2
4015	2
4016	2
4017	2
4018	2
4019	2
4020	2
4021	2
4022	2
4023	2
4024	2
4025	2
4026	2
4027	2
4028	2
4029	2
4030	2
4031	2
4032	2
4033	2
4034	2
4035	2
4036	2
4037	2
4038	2
4039	2
4040	2
4041	2
4042	2
4043	2
4044	2
4045	2
4046	2
4047	2
4048	2
4049	2
4050	2
4051	2
4052	2
4053	2
4054	2
4055	2
4056	2
4057	2
4058	2
4059	2
4060	2
4061	2
4062	2
4063	2
4064	2
4065	2
4066	2
4067	2
4068	2
4069	2
4070	2
4071	2
4072	2
4073	2
4074	2
4075	2
4076	2
4077	2
4078	2
4079	2
4080	2
4081	2
4082	2
4083	2
4084	2
4085	2
4086	2
4087	2
4088	2
4089	2
4090	2
4091	2
4092	2
4093	2
4094	2
4095	2
4096	2
4097	2
4098	2
4099	2
4100	2
4101	2
4102	2
4103	2
4104	2
4105	2
4106	2
4107	2
4108	2
4109	2
4110	2
4111	2
4112	2
4113	2
4114	2
4115	2
4116	2
4117	2
4118	2
4119	2
4120	2
4121	2
4122	2
4123	2
4124	2
4125	2
4126	2
4127	2
4128	2
4129	2
4130	2
4131	2
4132	2
4133	2
4134	2
4135	2
4136	2
4137	2
4138	2
4139	2
4140	2
4141	2
4142	2
4143	2
4144	2
4145	2
4146	2
4147	2
4148	2
4149	2
4150	2
4151	2
4152	2
4153	2
4154	2
4155	2
4156	2
4157	2
4158	2
4159	2
4160	2
4161	2
4162	2
4163	3
4164	3
4165	3
4166	3
4167	3
4168	3
4169	3
4170	3
4171	3
4172	3
4173	3
4174	3
4175	3
4176	3
4177	3
4178	3
4179	3
4180	3
4181	3
4182	3
4183	3
4184	3
4185	3
4186	3
4187	3
4188	3
4189	3
4190	3
4191	3
4192	3
4193	3
4194	3
4195	3
4196	3
4197	3
4198	3
4199	3
4200	3
4201	3
4202	3
4203	3
4204	3
4205	3
4206	3
4207	3
4208	3
4209	3
4210	3
4211	3
4212	3
4213	3
4214	3
4215	3
4216	3
4217	3
4218	3
4219	3
4220	3
4221	3
4222	3
4223	3
4224	3
4225	3
4226	3
4227	3
4228	3
4229	3
4230	3
4231	3
4232	3
4233	3
4234	3
4235	3
4236	3
4237	3
4238	3
4239	3
4240	3
4241	3
4242	3
4243	3
4244	3
4245	3
4246	3
4247	3
4248	3
4249	3
4250	3
4251	3
4252	3
4253	3
4254	3
4255	3
4256	3
4257	3
4258	3
4259	3
4260	3
4261	3
4262	3
4263	3
4264	3
4265	3
4266	3
4267	3
4268	3
4269	3
4270	3
4271	3
4272	3
4273	3
4274	3
4275	3
4276	3
4277	3
4278	3
4279	3
4280	3
4281	3
4282	3
4283	3
4284	3
4285	3
4286	3
4287	3
4288	3
4289	3
4290	3
4291	3
4292	3
4293	3
4294	3
4295	3
4296	3
4297	3
4298	3
4299	3
4300	3
4301	3
4302	3
4303	3
4304	3
4305	3
4306	3
4307	3
4308	3
4309	3
4310	3
4311	3
4312	3
4313	3
4314	3
4315	3
4316	3
4317	3
4318	3
4319	3
4320	3
4321	3
4322	3
4323	3
4324	3
4325	3
4326	3
4327	3
4328	3
4329	3
4330	3
4331	3
4332	3
4333	3
4334	3
4335	3
4336	3
4337	3
4338	3
4339	3
4340	3
4341	3
4342	3
4343	3
4344	3
4345	3
4346	3
4347	3
4348	3
4349	3
4350	3
4351	3
4352	3
4353	3
4354	3
4355	3
4356	3
4357	3
4358	3
4359	3
4360	3
4361	3
4362	3
4363	3
4364	3
4365	3
4366	3
4367	3
4368	3
4369	3
4370	3
4371	3
4372	3
4373	3
4374	3
4375	3
4376	3
4377	3
4378	3
4379	3
4380	3
4381	3
4382	3
4383	3
4384	3
4385	3
4386	3
4387	3
4388	3
4389	3
4390	3
4391	3
4392	3
4393	3
4394	3
4395	3
4396	3
4397	3
4398	3
4399	3
4400	3
4401	3
4402	3
4403	3
4404	3
4405	3
4406	3
4407	3
4408	3
4409	3
4410	3
4411	3
4412	3
4413	3
4414	3
4415	3
4416	3
4417	3
4418	3
4419	3
4420	3
4421	3
4422	3
4423	3
4424	3
4425	3
4426	3
4427	3
4428	3
4429	3
4430	3
4431	3
4432	3
4433	3
4434	3
4435	3
4436	3
4437	3
4438	3
4439	3
4440	3
4441	3
4442	3
4443	3
4444	3
4445	3
4446	3
4447	3
4448	3
4449	3
4450	3
4451	3
4452	3
4453	3
4454	3
4455	3
4456	3
4457	3
4458	3
4459	3
4460	3
4461	3
4462	3
4463	3
4464	3
4465	3
4466	3
4467	3
4468	3
4469	3
4470	3
4471	3
4472	3
4473	3
4474	3
4475	3
4476	3
4477	3
4478	3
4479	3
4480	3
4481	3
4482	3
4483	3
4484	3
4485	3
4486	3
4487	3
4488	3
4489	3
4490	3
4491	3
4492	3
4493	3
4494	3
4495	3
4496	3
4497	3
4498	3
4499	3
4500	3
4501	3
4502	3
4503	3
4504	3
4505	3
4506	3
4507	3
4508	3
4509	3
4510	3
4511	3
4512	3
4513	3
4514	3
4515	3
4516	3
4517	3
4518	3
4519	3
4520	3
4521	3
4522	3
4523	3
4524	3
4525	3
4526	3
4527	3
4528	3
4529	3
4530	3
4531	3
4532	3
4533	3
4534	3
4535	3
4536	3
4537	3
4538	3
4539	3
4540	3
4541	3
4542	3
4543	3
4544	3
4545	3
4546	3
4547	3
4548	3
4549	3
4550	3
4551	3
4552	3
4553	3
4554	3
4555	3
4556	3
4557	3
4558	3
4559	3
4560	3
4561	3
4562	3
4563	3
4564	3
4565	3
4566	3
4567	3
4568	3
4569	3
4570	3
4571	3
4572	3
4573	3
4574	3
4575	3
4576	3
4577	3
4578	3
4579	3
4580	3
4581	3
4582	3
4583	3
4584	3
4585	3
4586	3
4587	3
4588	3
4589	3
4590	3
4591	3
4592	3
4593	3
4594	3
4595	3
4596	3
4597	3
4598	3
4599	3
4600	3
4601	3
4602	3
4603	3
4604	3
4605	3
4606	3
4607	3
4608	3
4609	3
4610	3
4611	3
4612	3
4613	3
4614	3
4615	3
4616	3
4617	3
4618	3
4619	3
4620	3
4621	3
4622	3
4623	3
4624	3
4625	3
4626	3
4627	3
4628	3
4629	3
4630	3
4631	3
4632	3
4633	3
4634	3
4635	3
4636	3
4637	3
4638	3
4639	3
4640	3
4641	3
4642	3
4643	3
4644	3
4645	3
4646	3
4647	3
4648	3
4649	3
4650	3
4651	3
4652	3
4653	3
4654	3
4655	3
4656	3
4657	3
4658	3
4659	3
4660	3
4661	3
4662	3
4663	3
4664	3
4665	3
4666	3
4667	3
4668	3
4669	3
4670	3
4671	3
4672	3
4673	3
4674	3
4675	3
4676	3
4677	3
4678	3
4679	3
4680	3
4681	3
4682	3
4683	3
4684	3
4685	3
4686	3
4687	3
4688	3
4689	3
4690	3
4691	3
4692	3
4693	3
4694	3
4695	3
4696	3
4697	3
4698	3
4699	3
4700	3
4701	3
4702	3
4703	3
4704	3
4705	3
4706	3
4707	3
4708	3
4709	3
4710	3
4711	3
4712	3
4713	3
4714	3
4715	3
4716	3
4717	3
4718	3
4719	3
4720	3
4721	3
4722	3
4723	3
4724	3
4725	3
4726	3
4727	3
4728	3
4729	3
4730	3
4731	3
4732	3
4733	3
4734	3
4735	3
4736	3
4737	3
4738	3
4739	3
4740	3
4741	3
4742	3
4743	3
4744	3
4745	3
4746	3
4747	3
4748	3
4749	3
4750	3
4751	3
4752	3
4753	3
4754	3
4755	3
4756	3
4757	3
4758	3
4759	3
4760	3
4761	3
4762	3
4763	3
4764	3
4765	3
4766	3
4767	3
4768	3
4769	3
4770	3
4771	3
4772	3
4773	3
4774	3
4775	3
4776	3
4777	3
4778	3
4779	3
4780	3
4781	3
4782	3
4783	3
4784	3
4785	3
4786	3
4787	3
4788	3
4789	3
4790	3
4791	3
4792	3
4793	3
4794	3
4795	3
4796	3
4797	3
4798	3
4799	3
4800	3
4801	3
4802	3
4803	3
4804	3
4805	3
4806	3
4807	3
4808	3
4809	3
4810	3
4811	3
4812	3
4813	3
4814	3
4815	3
4816	3
4817	3
4818	3
4819	3
4820	3
4821	3
4822	3
4823	3
4824	3
4825	3
4826	3
4827	3
4828	3
4829	3
4830	3
4831	3
4832	3
4833	3
4834	3
4835	3
4836	3
4837	3
4838	3
4839	3
4840	3
4841	3
4842	3
4843	3
4844	3
4845	3
4846	3
4847	3
4848	3
4849	3
4850	3
4851	3
4852	3
4853	3
4854	3
4855	3
4856	3
4857	3
4858	3
4859	3
4860	3
4861	3
4862	3
4863	3
4864	3
4865	3
4866	3
4867	3
4868	3
4869	3
4870	3
4871	3
4872	3
4873	3
4874	3
4875	3
4876	3
4877	3
4878	3
4879	3
4880	3
4881	3
4882	3
4883	3
4884	3
4885	3
4886	3
4887	3
4888	3
4889	3
4890	3
4891	3
4892	3
4893	3
4894	3
4895	3
4896	3
4897	3
4898	3
4899	3
4900	3
4901	3
4902	3
4903	3
4904	3
4905	3
4906	3
4907	3
4908	3
4909	3
4910	3
4911	3
4912	3
4913	3
4914	3
4915	3
4916	3
4917	3
4918	3
4919	3
4920	3
4921	3
4922	3
4923	3
4924	3
4925	3
4926	3
4927	3
4928	3
4929	3
4930	3
4931	3
4932	3
4933	3
4934	3
4935	3
4936	3
4937	3
4938	3
4939	3
4940	3
4941	3
4942	3
4943	3
4944	3
4945	3
4946	3
4947	3
4948	3
4949	3
4950	3
4951	3
4952	3
4953	3
4954	4
4955	4
4956	4
4957	4
4958	4
4959	4
4960	4
4961	4
4962	4
4963	4
4964	4
4965	4
4966	4
4967	4
4968	4
4969	4
4970	4
4971	4
4972	4
4973	4
4974	4
4975	4
4976	4
4977	4
4978	4
4979	4
4980	4
4981	4
4982	4
4983	4
4984	4
4985	4
4986	4
4987	4
4988	4
4989	4
4990	4
4991	4
4992	4
4993	4
4994	4
4995	4
4996	4
4997	4
4998	4
4999	4
5000	4
5001	4
5002	4
5003	4
5004	4
5005	4
5006	4
5007	4
5008	4
5009	4
5010	4
5011	4
5012	4
5013	4
5014	4
5015	4
5016	4
5017	4
5018	4
5019	4
5020	4
5021	4
5022	4
5023	4
5024	4
5025	4
5026	4
5027	4
5028	4
5029	4
5030	4
5031	4
5032	4
5033	4
5034	4
5035	4
5036	4
5037	4
5038	4
5039	4
5040	4
5041	4
5042	4
5043	4
5044	4
5045	4
5046	4
5047	4
5048	4
5049	4
5050	4
5051	4
5052	4
5053	4
5054	4
5055	4
5056	4
5057	4
5058	4
5059	4
5060	4
5061	4
5062	4
5063	4
5064	4
5065	4
5066	4
5067	4
5068	4
5069	4
5070	4
5071	4
5072	4
5073	4
5074	4
5075	4
5076	4
5077	4
5078	4
5079	4
5080	4
5081	4
5082	4
5083	4
5084	4
5085	4
5086	4
5087	4
5088	4
5089	4
5090	4
5091	4
5092	4
5093	4
5094	4
5095	4
5096	4
5097	4
5098	4
5099	4
5100	4
5101	4
5102	4
5103	4
5104	4
5105	4
5106	4
5107	4
5108	4
5109	4
5110	4
5111	4
5112	4
5113	4
5114	4
5115	4
5116	4
5117	4
5118	4
5119	4
5120	4
5121	4
5122	4
5123	4
5124	4
5125	4
5126	4
5127	4
5128	4
5129	4
5130	4
5131	4
5132	4
5133	4
5134	4
5135	4
5136	4
5137	4
5138	4
5139	4
5140	4
5141	4
5142	4
5143	4
5144	4
5145	4
5146	4
5147	4
5148	4
5149	4
5150	4
5151	4
5152	4
5153	4
5154	4
5155	4
5156	4
5157	4
5158	4
5159	4
5160	4
5161	4
5162	4
5163	4
5164	4
5165	4
5166	4
5167	4
5168	4
5169	4
5170	4
5171	4
5172	4
5173	4
5174	4
5175	4
5176	4
5177	4
5178	4
5179	4
5180	4
5181	4
5182	4
5183	4
5184	4
5185	4
5186	4
5187	4
5188	4
5189	4
5190	4
5191	4
5192	4
5193	4
5194	4
5195	4
5196	4
5197	4
5198	4
5199	4
5200	4
5201	4
5202	4
5203	4
5204	4
5205	4
5206	4
5207	4
5208	4
5209	4
5210	4
5211	4
5212	4
5213	4
5214	4
5215	4
5216	4
5217	4
5218	4
5219	4
5220	4
5221	4
5222	4
5223	4
5224	4
5225	4
5226	4
5227	4
5228	4
5229	4
5230	4
5231	4
5232	4
5233	4
5234	4
5235	4
5236	4
5237	4
5238	4
5239	4
5240	4
5241	4
5242	4
5243	4
5244	4
5245	4
5246	4
5247	4
5248	4
5249	4
5250	4
5251	4
5252	4
5253	4
5254	4
5255	4
5256	4
5257	4
5258	4
5259	4
5260	4
5261	4
5262	4
5263	4
5264	4
5265	4
5266	4
5267	4
5268	4
5269	4
5270	4
5271	4
5272	4
5273	4
5274	4
5275	4
5276	4
5277	4
5278	4
5279	4
5280	4
5281	4
5282	4
5283	4
5284	4
5285	4
5286	4
5287	4
5288	4
5289	4
5290	4
5291	4
5292	4
5293	4
5294	4
5295	4
5296	4
5297	4
5298	4
5299	4
5300	4
5301	4
5302	4
5303	4
5304	4
5305	4
5306	4
5307	4
5308	4
5309	4
5310	4
5311	4
5312	4
5313	4
5314	4
5315	4
5316	4
5317	4
5318	4
5319	4
5320	4
5321	4
5322	4
5323	4
5324	4
5325	4
5326	4
5327	4
5328	4
5329	4
5330	4
5331	4
5332	4
5333	4
5334	4
5335	4
5336	4
5337	4
5338	4
5339	4
5340	4
5341	4
5342	4
5343	4
5344	4
5345	4
5346	4
5347	4
5348	4
5349	4
5350	4
5351	4
5352	4
5353	4
5354	4
5355	4
5356	4
5357	4
5358	4
5359	4
5360	4
5361	4
5362	4
5363	4
5364	4
5365	4
5366	4
5367	4
5368	4
5369	4
5370	4
5371	4
5372	4
5373	4
5374	4
5375	4
5376	4
5377	4
5378	4
5379	4
5380	4
5381	4
5382	4
5383	4
5384	4
5385	4
5386	4
5387	4
5388	4
5389	4
5390	4
5391	4
5392	4
5393	4
5394	4
5395	4
5396	4
5397	4
5398	4
5399	4
5400	4
5401	4
5402	4
5403	4
5404	4
5405	4
5406	4
5407	4
5408	4
5409	4
5410	4
5411	4
5412	4
5413	4
5414	4
5415	4
5416	4
5417	4
5418	4
5419	4
5420	4
5421	4
5422	4
5423	4
5424	4
5425	4
5426	4
5427	4
5428	4
5429	4
5430	4
5431	4
5432	4
5433	4
5434	4
5435	4
5436	4
5437	4
5438	4
5439	4
5440	4
5441	4
5442	4
5443	4
5444	4
5445	4
5446	4
5447	4
5448	4
5449	4
5450	4
5451	4
5452	4
5453	4
5454	4
5455	4
5456	4
5457	4
5458	4
5459	4
5460	4
5461	4
5462	4
5463	4
5464	4
5465	4
5466	4
5467	4
5468	4
5469	4
5470	4
5471	4
5472	4
5473	4
5474	4
5475	4
5476	4
5477	4
5478	4
5479	4
5480	4
5481	4
5482	4
5483	4
5484	4
5485	4
5486	4
5487	4
5488	4
5489	4
5490	4
5491	4
5492	4
5493	4
5494	4
5495	4
5496	4
5497	4
5498	4
5499	4
5500	4
5501	4
5502	4
5503	4
5504	4
5505	4
5506	4
5507	4
5508	4
5509	4
5510	4
5511	4
5512	4
5513	4
5514	4
5515	4
5516	4
5517	4
5518	4
5519	4
5520	4
5521	4
5522	4
5523	4
5524	4
5525	4
5526	4
5527	4
5528	4
5529	4
5530	4
5531	4
5532	4
5533	4
5534	4
5535	4
5536	4
5537	4
5538	4
5539	4
5540	4
5541	4
5542	4
5543	4
5544	4
5545	4
5546	4
5547	4
5548	4
5549	4
5550	4
5551	4
5552	4
5553	4
5554	4
5555	4
5556	4
5557	4
5558	4
5559	4
5560	4
5561	4
5562	4
5563	4
5564	4
5565	4
5566	4
5567	4
5568	4
5569	4
5570	4
5571	4
5572	4
5573	4
5574	4
5575	4
5576	4
5577	4
5578	4
5579	4
5580	4
5581	4
5582	4
5583	4
5584	4
5585	4
5586	4
5587	4
5588	4
5589	4
5590	4
5591	4
5592	4
5593	4
5594	4
5595	4
5596	4
5597	4
5598	4
5599	4
5600	4
5601	4
5602	4
5603	4
5604	4
5605	4
5606	4
5607	4
5608	4
5609	4
5610	4
5611	4
5612	4
5613	4
5614	4
5615	4
5616	4
5617	4
5618	4
5619	4
5620	4
5621	4
5622	4
5623	4
5624	4
5625	4
5626	4
5627	4
5628	4
5629	4
5630	4
5631	4
5632	4
5633	4
5634	4
5635	4
5636	4
5637	4
5638	4
5639	4
5640	4
5641	4
5642	4
5643	4
5644	4
5645	4
5646	4
5647	4
5648	4
5649	4
5650	4
5651	4
5652	4
5653	4
5654	4
5655	4
5656	4
5657	4
5658	4
5659	4
5660	4
5661	4
5662	4
5663	4
5664	4
5665	4
5666	4
5667	4
5668	4
5669	4
5670	4
5671	4
5672	4
5673	4
5674	4
5675	4
5676	4
5677	4
5678	4
5679	4
5680	4
5681	4
5682	4
5683	4
5684	4
5685	4
5686	4
5687	4
5688	4
5689	4
5690	4
5691	4
5692	4
5693	4
5694	4
5695	4
5696	4
5697	4
5698	4
5699	4
5700	4
5701	4
5702	4
5703	4
5704	4
5705	4
5706	4
5707	4
5708	4
5709	4
5710	4
5711	4
5712	4
5713	4
5714	4
5715	4
5716	4
5717	4
5718	4
5719	4
5720	4
5721	4
5722	4
5723	4
5724	4
5725	4
5726	4
5727	4
5728	4
5729	4
5730	4
5731	4
5732	4
5733	4
5734	4
5735	4
5736	4
5737	4
5738	4
5739	4
5740	4
5741	4
5742	4
5743	4
5744	4
5745	4
5746	4
5747	4
5748	4
5749	4
5750	4
5751	4
5752	4
5753	4
5754	4
5755	4
5756	4
5757	4
5758	4
5759	4
5760	4
5761	4
5762	4
5763	4
5764	4
5765	4
5766	4
5767	4
5768	4
5769	4
5770	4
5771	4
5772	4
5773	4
5774	4
5775	4
5776	4
5777	4
5778	4
5779	4
5780	4
5781	4
5782	4
5783	4
5784	4
5785	4
5786	4
5787	4
5788	4
5789	4
5790	4
5791	4
5792	4
5793	4
5794	4
5795	4
5796	4
5797	4
5798	4
5799	4
5800	4
5801	4
5802	4
5803	4
5804	4
5805	4
5806	4
5807	4
5808	4
5809	4
5810	4
5811	4
5812	4
5813	4
5814	4
5815	4
5816	4
5817	4
5818	4
5819	4
5820	4
5821	4
5822	4
5823	4
5824	4
5825	4
5826	4
5827	4
5828	4
5829	4
5830	4
5831	4
5832	4
5833	4
5834	4
5835	4
5836	4
5837	4
5838	4
5839	4
5840	4
5841	4
5842	4
5843	4
5844	4
5845	4
5846	4
5847	4
5848	4
5849	4
5850	4
5851	4
5852	4
5853	4
5854	4
5855	4
5856	4
5857	4
5858	4
5859	4
5860	4
5861	4
5862	4
5863	4
5864	4
5865	4
5866	4
5867	4
5868	4
5869	4
5870	4
5871	4
5872	4
5873	4
5874	4
5875	4
5876	4
5877	4
5878	4
5879	4
5880	4
5881	4
5882	4
5883	4
5884	4
5885	4
5886	4
5887	4
5888	4
5889	4
5890	4
5891	4
5892	4
5893	4
5894	4
5895	4
5896	4
5897	4
5898	4
5899	4
5900	4
5901	4
5902	4
5903	4
5904	4
5905	4
5906	4
5907	4
5908	4
5909	4
5910	4
5911	4
5912	4
5913	4
5914	4
5915	4
5916	4
5917	4
5918	4
5919	4
5920	4
5921	4
5922	4
5923	4
5924	4
5925	4
5926	4
5927	4
5928	4
5929	4
5930	4
5931	4
5932	4
5933	4
5934	4
5935	4
5936	4
5937	4
5938	4
5939	4
5940	4
5941	4
5942	4
5943	4
5944	4
5945	4
5946	4
5947	4
5948	4
5949	4
5950	4
5951	4
5952	4
5953	4
5954	4
5955	4
5956	4
5957	4
5958	4
5959	4
5960	4
5961	4
5962	4
5963	4
5964	4
5965	4
5966	4
5967	4
5968	4
5969	4
5970	4
5971	4
5972	4
5973	4
5974	4
5975	4
5976	4
5977	4
5978	4
5979	4
5980	4
5981	4
5982	4
5983	4
5984	4
5985	4
5986	4
5987	4
5988	4
5989	4
5990	4
5991	4
5992	4
5993	4
5994	4
5995	4
5996	4
5997	4
5998	4
5999	4
6000	4
6001	4
6002	4
6003	4
6004	4
6005	4
6006	4
6007	4
6008	4
6009	4
6010	4
6011	4
6012	4
6013	4
6014	4
6015	4
6016	4
6017	4
6018	4
6019	4
6020	4
6021	4
6022	4
6023	4
6024	4
6025	4
6026	4
6027	4
6028	4
6029	4
6030	4
6031	4
6032	4
6033	4
6034	4
6035	4
6036	4
6037	4
6038	4
6039	4
6040	4
6041	4
6042	4
6043	4
6044	4
6045	4
6046	4
6047	4
6048	4
6049	4
6050	4
6051	4
6052	4
6053	4
6054	4
6055	4
6056	4
6057	4
6058	4
6059	4
6060	4
6061	4
6062	4
6063	4
6064	4
6065	4
6066	4
6067	4
6068	4
6069	4
6070	4
6071	4
6072	4
6073	4
6074	4
6075	4
6076	4
6077	4
6078	4
6079	4
6080	4
6081	4
6082	4
6083	4
6084	4
6085	4
6086	4
6087	4
6088	4
6089	4
6090	4
6091	4
6092	4
6093	4
6094	4
6095	4
6096	4
6097	4
6098	4
6099	4
6100	4
6101	4
6102	4
6103	4
6104	4
6105	4
6106	4
6107	4
6108	4
6109	4
6110	4
6111	4
6112	4
6113	4
6114	4
6115	4
6116	4
6117	4
6118	4
6119	4
6120	4
6121	4
6122	4
6123	4
6124	4
6125	4
6126	4
6127	4
6128	4
6129	4
6130	4
6131	4
6132	4
6133	4
6134	4
6135	4
6136	4
6137	4
6138	4
6139	4
6140	4
6141	4
6142	4
6143	4
6144	4
6145	4
6146	4
6147	4
6148	4
6149	4
6150	4
6151	4
6152	4
6153	4
6154	4
6155	4
6156	4
6157	4
6158	4
6159	4
6160	4
6161	4
6162	4
6163	4
6164	4
6165	4
6166	4
6167	4
6168	4
6169	4
6170	4
6171	4
6172	4
6173	4
6174	4
6175	4
6176	4
6177	4
6178	4
6179	4
6180	4
6181	4
6182	4
6183	4
6184	4
6185	4
6186	4
6187	4
6188	4
6189	4
6190	4
6191	4
6192	4
6193	4
6194	4
6195	4
6196	4
6197	4
6198	4
6199	4
6200	4
6201	4
6202	4
6203	4
6204	4
6205	4
6206	4
6207	4
6208	4
6209	4
6210	4
6211	4
6212	4
6213	4
6214	4
6215	4
6216	4
6217	4
6218	4
6219	4
6220	4
6221	4
6222	4
6223	4
6224	4
6225	4
6226	4
6227	4
6228	4
6229	4
6230	4
6231	4
6232	4
6233	4
6234	4
6235	4
6236	4
6237	4
6238	4
6239	4
6240	4
6241	4
6242	4
6243	4
6244	4
6245	4
6246	4
6247	4
6248	4
6249	4
6250	4
6251	4
6252	4
6253	4
6254	4
6255	4
6256	4
6257	4
6258	4
6259	4
6260	4
6261	4
6262	4
6263	4
6264	4
6265	4
6266	4
6267	4
6268	4
6269	4
6270	4
6271	4
6272	4
6273	4
6274	4
6275	4
6276	4
6277	4
6278	4
6279	4
6280	4
6281	4
6282	4
6283	4
6284	4
6285	4
6286	4
6287	4
6288	4
6289	4
6290	4
6291	4
6292	4
6293	4
6294	4
6295	4
6296	4
6297	4
6298	4
6299	4
6300	4
6301	4
6302	4
6303	4
6304	4
6305	4
6306	4
6307	4
6308	4
6309	4
6310	4
6311	4
6312	4
6313	4
6314	4
6315	4
6316	4
6317	4
6318	4
6319	4
6320	4
6321	4
6322	4
6323	4
6324	4
6325	4
6326	4
6327	4
6328	4
6329	4
6330	4
6331	4
6332	4
6333	4
6334	4
6335	4
6336	4
6337	4
6338	4
6339	4
6340	4
6341	4
6342	4
6343	4
6344	4
6345	4
6346	4
6347	4
6348	4
6349	4
6350	4
6351	4
6352	4
6353	4
6354	4
6355	4
6356	4
6357	4
6358	4
6359	4
6360	4
6361	4
6362	4
6363	4
6364	4
6365	4
6366	4
6367	4
6368	4
6369	4
6370	4
6371	4
6372	4
6373	4
6374	4
6375	4
6376	4
6377	4
6378	4
6379	4
6380	4
6381	4
6382	4
6383	4
6384	4
6385	4
6386	4
6387	4
6388	4
6389	4
6390	4
6391	4
6392	4
6393	4
6394	4
6395	4
6396	4
6397	4
6398	4
6399	4
6400	4
6401	4
6402	4
6403	4
6404	4
6405	4
6406	4
6407	4
6408	4
6409	4
6410	4
6411	4
6412	4
6413	4
6414	4
6415	4
6416	4
6417	4
6418	4
6419	4
6420	4
6421	4
6422	4
6423	4
6424	4
6425	4
6426	4
6427	4
6428	4
6429	4
6430	4
6431	4
6432	4
6433	4
6434	4
6435	4
6436	4
6437	4
6438	4
6439	4
6440	4
6441	4
6442	4
6443	4
6444	4
6445	4
6446	4
6447	4
6448	4
6449	4
6450	4
6451	4
6452	4
6453	4
6454	4
6455	4
6456	4
6457	4
6458	4
6459	4
6460	4
6461	4
6462	4
6463	4
6464	4
6465	4
6466	4
6467	4
6468	4
6469	4
6470	4
6471	4
6472	4
6473	4
6474	4
6475	4
6476	4
6477	4
6478	4
6479	4
6480	4
6481	4
6482	4
6483	4
6484	4
6485	4
6486	4
6487	4
6488	4
6489	4
6490	4
6491	4
6492	4
6493	4
6494	4
6495	4
6496	4
6497	4
6498	4
6499	4
6500	4
6501	4
6502	4
6503	4
6504	4
6505	4
6506	4
6507	4
6508	4
6509	4
6510	4
6511	4
6512	4
6513	4
6514	4
6515	4
6516	4
6517	4
6518	4
6519	4
6520	4
6521	4
6522	4
6523	4
6524	4
6525	4
6526	4
6527	4
6528	4
6529	4
6530	4
6531	4
6532	4
6533	4
6534	4
6535	4
6536	4
6537	4
6538	4
6539	4
6540	4
6541	4
6542	4
6543	4
6544	4
6545	4
6546	4
6547	4
6548	4
6549	4
6550	4
6551	4
6552	4
6553	4
6554	4
6555	4
6556	4
6557	4
6558	4
6559	4
6560	4
6561	4
6562	4
6563	4
6564	4
6565	4
6566	4
6567	4
6568	4
6569	4
6570	4
6571	4
6572	4
6573	4
6574	4
6575	4
6576	4
6577	4
6578	4
6579	4
6580	4
6581	4
6582	5
6583	5
6584	5
6585	5
6586	5
6587	5
6588	5
6589	5
6590	5
6591	5
6592	5
6593	5
6594	5
6595	5
6596	5
6597	5
6598	5
6599	5
6600	5
6601	5
6602	5
6603	5
6604	5
6605	5
6606	5
6607	5
6608	5
6609	5
6610	5
6611	5
6612	5
6613	5
6614	5
6615	5
6616	5
6617	5
6618	5
6619	5
6620	5
6621	5
6622	5
6623	5
6624	5
6625	5
6626	5
6627	5
6628	5
6629	5
6630	6
6631	6
6632	6
6633	6
6634	6
6635	6
6636	6
6637	6
6638	6
6639	6
6640	6
6641	6
6642	6
6643	6
6644	6
6645	6
6646	6
6647	6
6648	6
6649	6
6650	6
6651	6
6652	6
6653	6
6654	6
6655	6
6656	6
6657	6
6658	6
6659	6
6660	6
6661	6
6662	6
6663	6
6664	6
6665	6
6666	6
6667	6
6668	6
6669	6
6670	6
6671	6
6672	6
6673	6
6674	6
6675	6
6676	6
6677	6
6678	6
6679	6
6680	6
6681	6
6682	6
6683	6
6684	6
6685	6
6686	6
6687	6
6688	6
6689	6
6690	6
6691	6
6692	6
6693	6
6694	6
6695	6
6696	6
6697	6
6698	6
6699	6
6700	6
6701	6
6702	6
6703	6
6704	6
6705	6
6706	6
6707	6
6708	6
6709	7
6710	7
6711	7
6712	7
6713	7
6714	7
6715	7
6716	7
6717	7
6718	7
6719	7
6720	7
6721	7
6722	7
6723	7
6724	7
6725	7
6726	7
6727	7
6728	7
6729	7
6730	7
6731	7
6732	7
6733	7
6734	7
6735	7
6736	7
6737	7
6738	7
6739	7
6740	7
6741	7
6742	7
6743	7
6744	7
6745	7
6746	7
6747	7
6748	7
6749	7
6750	7
6751	7
6752	7
6753	7
6754	7
6755	7
6756	7
6757	7
6758	7
6759	7
6760	7
6761	7
6762	7
6763	7
6764	7
6765	7
6766	7
6767	7
6768	7
6769	7
6770	7
6771	7
6772	7
6773	7
6774	7
6775	7
6776	7
6777	7
6778	7
6779	7
6780	7
6781	7
6782	7
6783	7
6784	7
6785	7
6786	7
6787	7
6788	7
6789	7
6790	7
6791	7
6792	7
6793	7
6794	7
6795	7
6796	7
6797	7
6798	7
6799	7
6800	7
6801	7
6802	7
6803	7
6804	7
6805	7
6806	7
6807	7
6808	7
6809	7
6810	7
6811	7
6812	7
6813	7
6814	7
6815	7
6816	7
6817	7
6818	7
6819	7
6820	7
6821	7
6822	7
6823	7
6824	7
6825	7
6826	7
6827	7
6828	7
6829	7
6830	7
6831	7
6832	7
6833	7
6834	7
6835	7
6836	7
6837	7
6838	7
6839	7
6840	7
6841	7
6842	7
6843	7
6844	7
6845	7
6846	7
6847	7
6848	7
6849	7
6850	7
6851	7
6852	7
6853	7
6854	7
6855	7
6856	7
6857	7
6858	7
6859	7
6860	7
6861	7
6862	7
6863	7
6864	7
6865	7
6866	7
6867	7
6868	7
6869	7
6870	7
6871	7
6872	7
6873	7
6874	7
6875	7
6876	7
6877	7
6878	7
6879	7
6880	7
6881	7
6882	7
6883	7
6884	7
6885	7
6886	7
6887	7
6888	7
6889	7
6890	7
6891	7
6892	7
6893	7
6894	7
6895	7
6896	7
6897	7
6898	7
6899	7
6900	7
6901	7
6902	7
6903	7
6904	7
6905	7
6906	7
6907	7
6908	7
6909	7
6910	7
6911	7
6912	7
6913	7
6914	7
6915	7
6916	7
6917	7
6918	7
6919	7
6920	7
6921	7
6922	7
6923	7
6924	7
6925	7
6926	7
6927	7
6928	7
6929	7
6930	7
6931	7
6932	7
6933	7
6934	7
6935	7
6936	7
6937	7
6938	7
6939	7
6940	7
6941	7
6942	7
6943	7
6944	7
6945	7
6946	7
6947	7
6948	7
6949	7
6950	7
6951	7
6952	7
6953	7
6954	7
6955	7
6956	7
6957	7
6958	7
6959	7
6960	7
6961	7
6962	7
6963	7
6964	7
6965	7
6966	7
6967	7
6968	7
6969	7
6970	7
6971	7
6972	7
6973	7
6974	7
6975	7
6976	7
6977	7
6978	7
6979	7
6980	7
6981	7
6982	7
6983	7
6984	7
6985	7
6986	7
6987	7
6988	7
6989	7
6990	7
6991	7
6992	7
6993	7
6994	7
6995	7
6996	7
6997	7
6998	7
6999	7
7000	7
7001	7
7002	7
7003	7
7004	7
7005	7
7006	7
7007	7
7008	7
7009	7
7010	7
7011	7
7012	7
7013	7
7014	7
7015	7
7016	7
7017	7
7018	7
7019	7
7020	7
7021	7
7022	7
7023	7
7024	7
7025	7
7026	7
7027	7
7028	7
7029	7
7030	7
7031	7
7032	7
7033	7
7034	7
7035	7
7036	7
7037	7
7038	7
7039	7
7040	7
7041	7
7042	7
7043	7
7044	7
7045	7
7046	7
7047	7
7048	7
7049	7
7050	7
7051	7
7052	7
7053	7
7054	7
7055	7
7056	7
7057	7
7058	7
7059	7
7060	7
7061	7
7062	7
7063	7
7064	7
7065	7
7066	7
7067	7
7068	7
7069	7
7070	7
7071	7
7072	7
7073	7
7074	7
7075	7
7076	7
7077	7
7078	7
7079	7
7080	7
7081	7
7082	7
7083	7
7084	7
7085	7
7086	7
7087	7
7088	7
7089	7
7090	7
7091	7
7092	7
7093	7
7094	7
7095	7
7096	7
7097	7
7098	7
7099	7
7100	7
7101	7
7102	7
7103	7
7104	7
7105	7
7106	7
7107	7
7108	7
7109	7
7110	7
7111	7
7112	7
7113	7
7114	7
7115	7
7116	7
7117	7
7118	7
7119	7
7120	7
7121	7
7122	7
7123	7
7124	7
7125	7
7126	7
7127	7
7128	7
7129	7
7130	7
7131	7
7132	7
7133	7
7134	7
7135	7
7136	7
7137	7
7138	7
7139	7
7140	7
7141	7
7142	7
7143	7
7144	7
7145	7
7146	7
7147	7
7148	7
7149	7
7150	7
7151	7
7152	7
7153	7
7154	7
7155	7
7156	7
7157	7
7158	7
7159	7
7160	7
7161	7
7162	7
7163	7
7164	7
7165	7
7166	7
7167	7
7168	7
7169	7
7170	7
7171	7
7172	7
7173	7
7174	7
7175	7
7176	7
7177	7
7178	7
7179	7
7180	7
7181	7
7182	7
7183	7
7184	7
7185	7
7186	7
7187	7
7188	7
7189	7
7190	7
7191	7
7192	7
7193	7
7194	7
7195	7
7196	7
7197	7
7198	7
7199	7
7200	7
7201	7
7202	7
7203	7
7204	7
7205	7
7206	7
7207	7
7208	7
7209	7
7210	7
7211	7
7212	7
7213	7
7214	7
7215	7
7216	7
7217	7
7218	7
7219	7
7220	7
7221	7
7222	7
7223	7
7224	7
7225	7
7226	7
7227	7
7228	7
7229	7
7230	7
7231	7
7232	7
7233	7
7234	7
7235	7
7236	7
7237	7
7238	7
7239	7
7240	7
7241	7
7242	7
7243	7
7244	7
7245	7
7246	7
7247	7
7248	7
7249	7
7250	7
7251	7
7252	7
7253	7
7254	7
7255	7
7256	7
7257	7
7258	7
7259	7
7260	7
7261	7
7262	7
7263	7
7264	7
7265	7
7266	7
7267	7
7268	7
7269	7
7270	7
7271	7
7272	7
7273	7
7274	7
7275	7
7276	7
7277	7
7278	7
7279	7
7280	7
7281	7
7282	7
7283	7
7284	7
7285	7
7286	7
7287	7
7288	7
7289	7
7290	7
7291	7
7292	7
7293	7
7294	7
7295	7
7296	7
7297	7
7298	7
7299	7
7300	7
7301	7
7302	7
7303	7
7304	7
7305	7
7306	7
7307	7
7308	7
7309	7
7310	7
7311	7
7312	7
7313	7
7314	7
7315	7
7316	7
7317	7
7318	7
7319	7
7320	7
7321	7
7322	7
7323	7
7324	7
7325	7
7326	7
7327	7
7328	7
7329	7
7330	7
7331	7
7332	7
7333	7
7334	7
7335	7
7336	7
7337	7
7338	7
7339	7
7340	7
7341	7
7342	7
7343	7
7344	7
7345	7
7346	7
7347	7
7348	7
7349	7
7350	7
7351	7
7352	7
7353	7
7354	7
7355	7
7356	7
7357	7
7358	7
7359	7
7360	7
7361	7
7362	7
7363	7
7364	7
7365	7
7366	7
7367	7
7368	7
7369	7
7370	7
7371	7
7372	7
7373	7
7374	7
7375	7
7376	7
7377	7
7378	7
7379	7
7380	7
7381	7
7382	7
7383	7
7384	7
7385	7
7386	7
7387	7
7388	7
7389	7
7390	7
7391	7
7392	7
7393	7
7394	7
7395	7
7396	7
7397	7
7398	7
7399	7
7400	7
7401	7
7402	7
7403	7
7404	7
7405	7
7406	7
7407	7
7408	7
7409	7
7410	7
7411	7
7412	7
7413	7
7414	7
7415	7
7416	7
7417	7
7418	7
7419	7
7420	7
7421	7
7422	7
7423	7
7424	7
7425	7
7426	7
7427	7
7428	7
7429	7
7430	7
7431	7
7432	7
7433	7
7434	7
7435	7
7436	7
7437	7
7438	7
7439	7
7440	7
7441	7
7442	7
7443	7
7444	7
7445	7
7446	7
7447	7
7448	7
7449	7
7450	7
7451	7
7452	7
7453	7
7454	7
7455	7
7456	7
7457	7
7458	7
7459	7
7460	7
7461	7
7462	7
7463	7
7464	7
7465	7
7466	7
7467	7
7468	7
7469	7
7470	7
7471	7
7472	7
7473	7
7474	7
7475	7
7476	7
7477	7
7478	7
7479	7
7480	7
7481	7
7482	7
7483	7
7484	7
7485	7
7486	7
7487	7
7488	7
7489	7
7490	7
7491	7
7492	7
7493	7
7494	7
7495	7
7496	7
7497	7
7498	7
7499	7
7500	7
7501	7
7502	7
7503	7
7504	7
7505	7
7506	7
7507	7
7508	7
7509	7
7510	7
7511	7
7512	7
7513	7
7514	7
7515	7
7516	7
7517	7
7518	7
7519	7
7520	7
7521	7
7522	7
7523	7
7524	7
7525	7
7526	7
7527	7
7528	7
7529	7
7530	7
7531	7
7532	7
7533	7
7534	7
7535	7
7536	7
7537	7
7538	7
7539	7
7540	7
7541	7
7542	7
7543	7
7544	7
7545	7
7546	7
7547	7
7548	7
7549	7
7550	7
7551	7
7552	7
7553	7
7554	7
7555	7
7556	7
7557	7
7558	7
7559	7
7560	7
7561	7
7562	7
7563	7
7564	7
7565	7
7566	7
7567	7
7568	7
7569	7
7570	7
7571	7
7572	7
7573	7
7574	7
7575	7
7576	7
7577	7
7578	7
7579	7
7580	7
7581	7
7582	7
7583	7
7584	7
7585	7
7586	7
7587	7
7588	7
7589	7
7590	7
7591	7
7592	7
7593	7
7594	7
7595	7
7596	7
7597	7
7598	7
7599	7
7600	7
7601	7
7602	7
7603	7
7604	7
7605	7
7606	7
7607	7
7608	7
7609	7
7610	7
7611	7
7612	7
7613	7
7614	7
7615	7
7616	7
7617	7
7618	7
7619	7
7620	7
7621	7
7622	7
7623	7
7624	7
7625	7
7626	7
7627	7
7628	7
7629	7
7630	7
7631	7
7632	7
7633	7
7634	7
7635	7
7636	7
7637	7
7638	7
7639	7
7640	7
7641	7
7642	7
7643	7
7644	7
7645	7
7646	7
7647	7
7648	7
7649	7
7650	7
7651	7
7652	7
7653	7
7654	7
7655	7
7656	7
7657	7
7658	7
7659	7
7660	7
7661	7
7662	7
7663	7
7664	7
7665	7
7666	7
7667	7
7668	7
7669	7
7670	7
7671	7
7672	7
7673	7
7674	7
7675	7
7676	7
7677	7
7678	7
7679	7
7680	7
7681	7
7682	7
7683	7
7684	7
7685	7
7686	7
7687	7
7688	7
7689	7
7690	7
7691	7
7692	7
7693	7
7694	7
7695	7
7696	7
7697	7
7698	7
7699	7
7700	7
7701	7
7702	7
7703	7
7704	7
7705	7
7706	7
7707	7
7708	7
7709	7
7710	7
7711	7
7712	7
7713	7
7714	7
7715	7
7716	7
7717	7
7718	7
7719	7
7720	7
7721	7
7722	7
7723	7
7724	7
7725	7
7726	7
7727	7
7728	7
7729	7
7730	7
7731	7
7732	7
7733	7
7734	7
7735	7
7736	7
7737	7
7738	7
7739	7
7740	7
7741	7
7742	7
7743	7
7744	7
7745	7
7746	7
7747	7
7748	7
7749	7
7750	7
7751	7
7752	7
7753	7
7754	7
7755	7
7756	7
7757	7
7758	7
7759	7
7760	7
7761	7
7762	7
7763	7
7764	7
7765	7
7766	7
7767	7
7768	7
7769	7
7770	7
7771	7
7772	7
7773	7
7774	7
7775	7
7776	7
7777	7
7778	7
7779	7
7780	7
7781	7
7782	7
7783	7
7784	7
7785	7
7786	7
7787	7
7788	7
7789	7
7790	7
7791	7
7792	7
7793	7
7794	7
7795	7
7796	7
7797	7
7798	7
7799	7
7800	7
7801	7
7802	7
7803	7
7804	7
7805	7
7806	7
7807	7
7808	7
7809	7
7810	7
7811	7
7812	7
7813	7
7814	7
7815	7
7816	7
7817	7
7818	7
7819	7
7820	7
7821	7
7822	7
7823	7
7824	7
7825	7
7826	7
7827	7
7828	7
7829	7
7830	7
7831	7
7832	7
7833	7
7834	7
7835	7
7836	7
7837	7
7838	7
7839	7
7840	7
7841	7
7842	7
7843	7
7844	7
7845	7
7846	7
7847	7
7848	7
7849	7
7850	7
7851	7
7852	8
7853	8
7854	8
7855	8
7856	8
7857	8
7858	8
7859	8
7860	8
7861	8
7862	8
7863	8
7864	8
7865	8
7866	8
7867	8
7868	8
7869	8
7870	8
7871	8
7872	8
7873	8
7874	8
7875	8
7876	8
7877	8
7878	8
7879	8
7880	8
7881	8
7882	8
7883	8
7884	8
7885	8
7886	8
7887	8
7888	8
7889	8
7890	8
7891	8
7892	8
7893	8
7894	8
7895	8
7896	8
7897	8
7898	8
7899	8
7900	8
7901	8
7902	8
7903	8
7904	8
7905	8
7906	8
7907	8
7908	8
7909	8
7910	8
7911	8
7912	8
7913	8
7914	8
7915	8
7916	8
7917	8
7918	8
7919	8
7920	8
7921	8
7922	8
7923	8
7924	8
7925	8
7926	8
7927	8
7928	8
7929	8
7930	8
7931	8
7932	8
7933	8
7934	8
7935	8
7936	8
7937	8
7938	8
7939	8
7940	8
7941	8
7942	8
7943	8
7944	8
7945	8
7946	8
7947	8
7948	8
7949	8
7950	8
7951	8
7952	8
7953	8
7954	8
7955	8
7956	8
7957	8
7958	8
7959	8
7960	8
7961	8
7962	8
7963	8
7964	8
7965	8
7966	8
7967	8
7968	8
7969	8
7970	8
7971	8
7972	8
7973	8
7974	8
7975	8
7976	8
7977	8
7978	8
7979	8
7980	8
7981	8
7982	8
7983	8
7984	8
7985	8
7986	8
7987	8
7988	8
7989	8
7990	8
7991	8
7992	8
7993	8
7994	8
7995	8
7996	8
7997	8
7998	8
7999	8
8000	8
8001	8
8002	8
8003	8
8004	8
8005	8
8006	8
8007	8
8008	8
8009	8
8010	8
8011	8
8012	8
8013	8
8014	8
8015	8
8016	8
8017	8
8018	8
8019	8
8020	8
8021	8
8022	8
8023	8
8024	8
8025	8
8026	8
8027	8
8028	8
8029	8
8030	8
8031	8
8032	8
8033	8
8034	8
8035	8
8036	8
8037	8
8038	8
8039	8
8040	8
8041	8
8042	8
8043	8
8044	8
8045	8
8046	8
8047	8
8048	8
8049	8
8050	8
8051	8
8052	8
8053	8
8054	8
8055	8
8056	8
8057	8
8058	8
8059	8
8060	8
8061	8
8062	8
8063	8
8064	8
8065	8
8066	8
8067	8
8068	8
8069	8
8070	8
8071	8
8072	8
8073	8
8074	8
8075	8
8076	8
8077	8
8078	8
8079	8
8080	8
8081	8
8082	8
8083	8
8084	8
8085	8
8086	8
8087	8
8088	8
8089	8
8090	8
8091	8
8092	8
8093	8
8094	8
8095	8
8096	8
8097	8
8098	8
8099	8
8100	8
8101	8
8102	8
8103	8
8104	8
8105	8
8106	8
8107	8
8108	8
8109	8
8110	8
8111	8
8112	8
8113	8
8114	8
8115	8
8116	8
8117	8
8118	8
8119	8
8120	8
8121	8
8122	8
8123	8
8124	8
8125	8
8126	8
8127	8
8128	8
8129	8
8130	8
8131	8
8132	8
8133	8
8134	8
8135	8
8136	8
8137	8
8138	8
8139	8
8140	8
8141	8
8142	8
8143	8
8144	8
8145	8
8146	8
8147	8
8148	8
8149	8
8150	8
8151	8
8152	8
8153	8
8154	8
8155	8
8156	8
8157	8
8158	8
8159	8
8160	8
8161	8
8162	8
8163	8
8164	8
8165	8
8166	8
8167	8
8168	8
8169	8
8170	8
8171	8
8172	8
8173	8
8174	8
8175	8
8176	8
8177	8
8178	8
8179	8
8180	8
8181	8
8182	8
8183	8
8184	8
8185	8
8186	8
8187	8
8188	8
8189	8
8190	8
8191	8
8192	8
8193	8
8194	8
8195	8
8196	8
8197	8
8198	8
8199	8
8200	8
8201	8
8202	8
8203	8
8204	8
8205	8
8206	8
8207	8
8208	8
8209	8
8210	8
8211	8
8212	8
8213	8
8214	8
8215	8
8216	8
8217	8
8218	8
8219	8
8220	8
8221	8
8222	8
8223	8
8224	8
8225	8
8226	8
8227	8
8228	8
8229	8
8230	8
8231	8
8232	8
8233	8
8234	8
8235	8
8236	8
8237	8
8238	8
8239	8
8240	8
8241	8
8242	8
8243	8
8244	8
8245	8
8246	8
8247	8
8248	8
8249	8
8250	8
8251	8
8252	8
8253	8
8254	8
8255	8
8256	8
8257	8
8258	8
8259	8
8260	8
8261	8
8262	8
8263	8
8264	8
8265	8
8266	8
8267	8
8268	8
8269	8
8270	8
8271	8
8272	8
8273	8
8274	8
8275	8
8276	8
8277	8
8278	8
8279	8
8280	8
8281	8
8282	8
8283	8
8284	8
8285	8
8286	8
8287	8
8288	8
8289	8
8290	8
8291	8
8292	8
8293	8
8294	8
8295	8
8296	8
8297	8
8298	8
8299	8
8300	8
8301	8
8302	8
8303	8
8304	8
8305	8
8306	8
8307	8
8308	8
8309	8
8310	8
8311	8
8312	8
8313	8
8314	8
8315	8
8316	8
8317	8
8318	8
8319	8
8320	8
8321	8
8322	8
8323	8
8324	8
8325	8
8326	8
8327	8
8328	8
8329	8
8330	8
8331	8
8332	8
8333	8
8334	8
8335	8
8336	8
8337	8
8338	8
8339	8
8340	8
8341	8
8342	8
8343	8
8344	8
8345	8
8346	8
8347	8
8348	8
8349	8
8350	8
8351	8
8352	8
8353	8
8354	8
8355	8
8356	8
8357	8
8358	8
8359	8
8360	8
8361	8
8362	8
8363	8
8364	8
8365	8
8366	8
8367	8
8368	8
8369	8
8370	8
8371	8
8372	8
8373	8
8374	8
8375	8
8376	8
8377	8
8378	8
8379	8
8380	8
8381	8
8382	8
8383	8
8384	8
8385	8
8386	8
8387	8
8388	8
8389	8
8390	8
8391	8
8392	8
8393	8
8394	8
8395	8
8396	8
8397	8
8398	8
8399	8
8400	8
8401	8
8402	8
8403	8
8404	8
8405	8
8406	8
8407	8
8408	8
8409	8
8410	9
8411	9
8412	9
8413	9
8414	9
8415	9
8416	9
8417	9
8418	9
8419	9
8420	9
8421	9
8422	9
8423	9
8424	9
8425	9
8426	9
8427	9
8428	9
8429	9
8430	9
8431	9
8432	9
8433	9
8434	9
8435	9
8436	9
8437	9
8438	9
8439	9
8440	9
8441	9
8442	9
8443	9
8444	9
8445	9
8446	9
8447	9
8448	9
8449	9
8450	9
8451	9
8452	9
8453	9
8454	9
8455	9
8456	9
8457	9
8458	9
8459	9
8460	9
8461	9
8462	9
8463	9
8464	9
8465	9
8466	9
8467	9
8468	9
8469	9
8470	9
8471	9
8472	9
8473	9
8474	9
8475	9
8476	9
8477	9
8478	9
8479	9
8480	9
8481	9
8482	9
8483	9
8484	9
8485	9
8486	9
8487	9
8488	9
8489	9
8490	9
8491	9
8492	9
8493	9
8494	9
8495	9
8496	9
8497	9
8498	9
8499	9
8500	9
8501	9
8502	9
8503	9
8504	9
8505	9
8506	9
8507	9
8508	9
8509	9
8510	9
8511	9
8512	9
8513	9
8514	9
8515	9
8516	9
8517	9
8518	9
8519	9
8520	9
8521	9
8522	9
8523	9
8524	9
8525	9
8526	9
8527	9
8528	9
8529	9
8530	9
8531	9
8532	9
8533	9
8534	9
8535	9
8536	9
8537	9
8538	9
8539	9
8540	9
8541	9
8542	9
8543	9
8544	9
8545	9
8546	9
8547	9
8548	9
8549	9
8550	9
8551	9
8552	9
8553	9
8554	9
8555	9
8556	9
8557	9
8558	9
8559	9
8560	9
8561	9
8562	9
8563	9
8564	9
8565	9
8566	9
8567	9
8568	9
8569	9
8570	9
8571	9
8572	9
8573	9
8574	9
8575	9
8576	9
8577	9
8578	9
8579	9
8580	9
8581	9
8582	9
8583	9
8584	9
8585	9
8586	9
8587	9
8588	9
8589	9
8590	9
8591	9
8592	9
8593	9
8594	9
8595	9
8596	9
8597	9
8598	9
8599	9
8600	9
8601	9
8602	9
8603	9
8604	9
8605	9
8606	9
8607	9
8608	9
8609	9
8610	9
8611	9
8612	9
8613	9
8614	9
8615	9
8616	9
8617	9
8618	9
8619	9
8620	9
8621	9
8622	9
8623	9
8624	9
8625	9
8626	9
8627	9
8628	9
8629	9
8630	9
8631	9
8632	9
8633	9
8634	9
8635	9
8636	9
8637	9
8638	9
8639	9
8640	9
8641	9
8642	9
8643	9
8644	9
8645	9
8646	9
8647	9
8648	9
8649	9
8650	9
8651	9
8652	9
8653	9
8654	9
8655	9
8656	9
8657	9
8658	9
8659	9
8660	9
8661	9
8662	9
8663	9
8664	9
8665	9
8666	9
8667	9
8668	9
8669	9
8670	9
8671	9
8672	9
8673	9
8674	9
8675	9
8676	9
8677	9
8678	9
8679	9
8680	9
8681	9
8682	9
8683	9
8684	9
8685	9
8686	9
8687	9
8688	9
8689	9
8690	9
8691	9
8692	9
8693	9
8694	9
8695	9
8696	9
8697	9
8698	9
8699	9
8700	9
8701	9
8702	9
8703	9
8704	9
8705	9
8706	9
8707	9
8708	9
8709	9
8710	9
8711	9
8712	9
8713	9
8714	9
8715	9
8716	9
8717	9
8718	9
8719	9
8720	9
8721	9
8722	9
8723	9
8724	9
8725	9
8726	9
8727	9
8728	9
8729	9
8730	9
8731	9
8732	9
8733	9
8734	9
8735	9
8736	9
8737	9
8738	9
8739	9
8740	9
8741	9
8742	9
8743	9
8744	9
8745	9
8746	9
8747	9
8748	9
8749	9
8750	9
8751	9
8752	9
8753	9
8754	9
8755	9
8756	9
8757	9
8758	9
8759	9
8760	9
8761	9
8762	9
8763	9
8764	9
8765	9
8766	9
8767	9
8768	9
8769	9
8770	9
8771	9
8772	9
8773	9
8774	9
8775	9
8776	9
8777	9
8778	9
8779	9
8780	9
8781	9
8782	9
8783	9
8784	9
8785	9
8786	9
8787	9
8788	9
8789	9
8790	9
8791	9
8792	9
8793	9
8794	9
8795	9
8796	9
8797	9
8798	9
8799	9
8800	9
8801	9
8802	9
8803	9
8804	9
8805	9
8806	9
8807	9
8808	9
8809	9
8810	9
8811	9
8812	9
8813	9
8814	9
8815	9
8816	9
8817	9
8818	9
8819	9
8820	9
8821	9
8822	9
8823	9
8824	9
8825	9
8826	9
8827	9
8828	9
8829	9
8830	9
8831	9
8832	9
8833	9
8834	9
8835	9
8836	9
8837	9
8838	9
8839	9
8840	9
8841	9
8842	9
8843	9
8844	9
8845	9
8846	9
8847	9
8848	9
8849	9
8850	9
8851	9
8852	9
8853	9
8854	9
8855	9
8856	9
8857	9
8858	9
8859	9
8860	9
8861	9
8862	9
8863	9
8864	9
8865	9
8866	9
8867	9
8868	10
8869	10
8870	10
8871	10
8872	10
8873	10
8874	10
8875	10
8876	10
8877	10
8878	10
8879	10
8880	10
8881	10
8882	10
8883	10
8884	10
8885	10
8886	10
8887	10
8888	10
8889	10
8890	10
8891	10
8892	10
8893	10
8894	10
8895	10
8896	10
8897	10
8898	10
8899	10
8900	10
8901	10
8902	10
8903	10
8904	10
8905	10
8906	10
8907	10
8908	10
8909	10
8910	10
8911	10
8912	10
8913	10
8914	10
8915	10
8916	10
8917	10
8918	10
8919	10
8920	10
8921	10
8922	10
8923	10
8924	10
8925	10
8926	10
8927	10
8928	10
8929	10
8930	10
8931	10
8932	10
8933	10
8934	10
8935	10
8936	10
8937	10
8938	10
8939	10
8940	10
8941	10
8942	10
8943	10
8944	10
8945	10
8946	10
8947	10
8948	10
8949	10
8950	10
8951	10
8952	10
8953	10
8954	10
8955	10
8956	10
8957	10
8958	10
8959	10
8960	10
8961	10
8962	10
8963	10
8964	10
8965	10
8966	10
8967	10
8968	10
8969	10
8970	10
8971	10
8972	10
8973	10
8974	10
8975	10
8976	10
8977	10
8978	10
8979	10
8980	10
8981	10
8982	10
8983	10
8984	10
8985	10
8986	10
8987	10
8988	10
8989	10
8990	10
8991	10
8992	10
8993	10
8994	10
8995	10
8996	10
8997	10
8998	10
8999	10
9000	10
9001	10
9002	10
9003	10
9004	10
9005	10
9006	10
9007	10
9008	10
9009	10
9010	10
9011	10
9012	10
9013	10
9014	10
9015	10
9016	10
9017	10
9018	10
9019	10
9020	10
9021	10
9022	10
9023	10
9024	10
9025	10
9026	10
9027	10
9028	10
9029	10
9030	10
9031	10
9032	10
9033	10
9034	10
9035	10
9036	10
9037	10
9038	10
9039	10
9040	10
9041	10
9042	10
9043	10
9044	10
9045	10
9046	10
9047	10
9048	10
9049	10
9050	10
9051	10
9052	10
9053	10
9054	10
9055	10
9056	10
9057	10
9058	10
9059	10
9060	10
9061	10
9062	10
9063	10
9064	10
9065	10
9066	10
9067	10
9068	10
9069	10
9070	10
9071	10
9072	10
9073	10
9074	10
9075	10
9076	10
9077	10
9078	10
9079	10
9080	10
9081	10
9082	10
9083	10
9084	10
9085	10
9086	10
9087	10
9088	10
9089	10
9090	10
9091	10
9092	10
9093	10
9094	10
9095	10
9096	10
9097	10
9098	10
9099	10
9100	10
9101	10
9102	10
9103	10
9104	10
9105	10
9106	10
9107	10
9108	10
9109	10
9110	10
9111	10
9112	10
9113	10
9114	10
9115	10
9116	10
9117	10
9118	10
9119	10
9120	10
9121	10
9122	10
9123	10
9124	10
9125	10
9126	10
9127	10
9128	10
9129	10
9130	10
9131	10
9132	10
9133	10
9134	10
9135	10
9136	10
9137	10
9138	10
9139	10
9140	10
9141	10
9142	10
9143	10
9144	10
9145	10
9146	10
9147	10
9148	10
9149	10
9150	10
9151	10
9152	10
9153	10
9154	10
9155	10
9156	10
9157	10
9158	10
9159	10
9160	10
9161	10
9162	10
9163	10
9164	10
9165	10
9166	10
9167	10
9168	10
9169	10
9170	10
9171	10
9172	10
9173	10
9174	10
9175	10
9176	10
9177	10
9178	10
9179	10
9180	10
9181	10
9182	10
9183	10
9184	10
9185	10
9186	10
9187	10
9188	10
9189	10
9190	10
9191	10
9192	10
9193	10
9194	10
9195	10
9196	10
9197	10
9198	10
9199	10
9200	10
9201	10
9202	10
9203	10
9204	10
9205	10
9206	10
9207	10
9208	10
9209	10
9210	10
9211	10
9212	10
9213	10
9214	10
9215	10
9216	10
9217	10
9218	10
9219	10
9220	10
9221	10
9222	10
9223	10
9224	10
9225	10
9226	10
9227	10
9228	10
9229	10
9230	10
9231	10
9232	10
9233	10
9234	10
9235	10
9236	10
9237	10
9238	10
9239	10
9240	10
9241	10
9242	10
9243	10
9244	10
9245	10
9246	10
9247	10
9248	10
9249	10
9250	10
9251	10
9252	10
9253	10
9254	10
9255	10
9256	10
9257	10
9258	10
9259	10
9260	10
9261	10
9262	10
9263	10
9264	10
9265	10
9266	10
9267	10
9268	10
9269	10
9270	10
9271	10
9272	10
9273	10
9274	10
9275	10
9276	10
9277	10
9278	10
9279	10
9280	10
9281	10
9282	10
9283	10
9284	10
9285	10
9286	10
9287	10
9288	10
9289	10
9290	10
9291	10
9292	10
9293	10
9294	10
9295	10
9296	10
9297	10
9298	10
9299	10
9300	10
9301	10
9302	10
9303	10
9304	10
9305	10
9306	10
9307	10
9308	10
9309	10
9310	10
9311	10
9312	10
9313	10
9314	10
9315	10
9316	10
9317	10
9318	10
9319	10
9320	10
9321	10
9322	10
9323	10
9324	10
9325	10
9326	10
9327	10
9328	10
9329	10
9330	10
9331	10
9332	10
9333	10
9334	10
9335	10
9336	10
9337	10
9338	10
9339	10
9340	10
9341	10
9342	10
9343	10
9344	10
9345	10
9346	10
9347	10
9348	10
9349	10
9350	10
9351	10
9352	10
9353	10
9354	10
9355	10
9356	10
9357	10
9358	10
9359	10
9360	10
9361	10
9362	10
9363	10
9364	10
9365	10
9366	10
9367	10
9368	10
9369	10
9370	10
9371	10
9372	10
9373	10
9374	10
9375	10
9376	10
9377	10
9378	10
9379	10
9380	10
9381	10
9382	10
9383	10
9384	10
9385	10
9386	10
9387	10
9388	10
9389	10
9390	10
9391	10
9392	10
9393	10
9394	10
9395	10
9396	10
9397	10
9398	10
9399	10
9400	10
9401	10
9402	10
9403	10
9404	10
9405	10
9406	10
9407	10
9408	10
9409	10
9410	10
9411	10
9412	10
9413	10
9414	10
9415	10
9416	10
9417	10
9418	10
9419	10
9420	10
9421	10
9422	10
9423	10
9424	10
9425	10
9426	10
9427	10
9428	10
9429	10
9430	10
9431	10
9432	10
9433	10
9434	10
9435	10
9436	10
9437	10
9438	10
9439	10
9440	10
9441	10
9442	10
9443	10
9444	10
9445	10
9446	10
9447	10
9448	10
9449	10
9450	10
9451	10
9452	10
9453	10
9454	10
9455	10
9456	10
9457	10
9458	10
9459	10
9460	10
9461	10
9462	10
9463	10
9464	10
9465	10
9466	10
9467	10
9468	10
9469	10
9470	10
9471	10
9472	10
9473	10
9474	10
9475	10
9476	10
9477	10
9478	10
9479	10
9480	10
9481	10
9482	10
9483	10
9484	10
9485	10
9486	10
9487	10
9488	10
9489	10
9490	10
9491	10
9492	10
9493	10
9494	10
9495	10
9496	10
9497	10
9498	10
9499	10
9500	10
9501	10
9502	10
9503	10
9504	10
9505	10
9506	10
9507	10
9508	10
9509	10
9510	10
9511	10
9512	10
9513	10
9514	10
9515	10
9516	10
9517	10
9518	10
9519	10
9520	10
9521	10
9522	10
9523	10
9524	10
9525	10
9526	10
9527	10
9528	10
9529	10
9530	10
9531	10
9532	10
9533	10
9534	10
9535	10
9536	10
9537	10
9538	10
9539	10
9540	10
9541	10
9542	10
9543	10
9544	10
9545	10
9546	10
9547	10
9548	10
9549	10
9550	10
9551	10
9552	10
9553	10
9554	10
9555	10
9556	10
9557	10
9558	10
9559	10
9560	10
9561	10
9562	10
9563	10
9564	10
9565	10
9566	10
9567	10
9568	10
9569	10
9570	10
9571	10
9572	10
9573	10
9574	10
9575	10
9576	10
9577	10
9578	10
9579	10
9580	10
9581	10
9582	10
9583	10
9584	10
9585	10
9586	10
9587	10
9588	10
9589	10
9590	10
9591	10
9592	10
9593	10
9594	10
9595	10
9596	10
9597	10
9598	10
9599	10
9600	10
9601	10
9602	10
9603	10
9604	10
9605	10
9606	10
9607	10
9608	10
9609	10
9610	10
9611	10
9612	10
9613	10
9614	10
9615	10
9616	10
9617	10
9618	10
9619	10
9620	10
9621	10
9622	10
9623	10
9624	10
9625	10
9626	10
9627	10
9628	10
9629	10
9630	10
9631	10
9632	10
9633	10
9634	10
9635	10
9636	10
9637	10
9638	10
9639	10
9640	10
9641	10
9642	10
9643	10
9644	10
9645	10
9646	10
9647	10
9648	10
9649	10
9650	10
9651	10
9652	10
9653	10
9654	10
9655	10
9656	10
9657	10
9658	10
9659	10
9660	10
9661	10
9662	10
9663	10
9664	10
9665	10
9666	10
9667	10
9668	10
9669	10
9670	10
9671	10
9672	10
9673	10
9674	10
9675	10
9676	10
9677	10
9678	10
9679	10
9680	10
9681	10
9682	10
9683	10
9684	10
9685	10
9686	10
9687	10
9688	10
9689	10
9690	10
9691	10
9692	10
9693	10
9694	10
9695	10
9696	10
9697	10
9698	10
9699	10
9700	10
9701	10
9702	10
9703	10
9704	10
9705	10
9706	10
9707	10
9708	10
9709	10
9710	10
9711	10
9712	10
9713	10
9714	10
9715	10
9716	10
9717	10
9718	10
9719	10
9720	10
9721	10
9722	10
9723	10
9724	10
9725	10
9726	10
9727	10
9728	10
9729	10
9730	10
9731	10
9732	10
9733	10
9734	10
9735	10
9736	10
9737	10
9738	10
9739	10
9740	10
9741	10
9742	10
9743	10
9744	10
9745	10
9746	10
9747	10
9748	10
9749	10
9750	10
9751	10
9752	10
9753	10
9754	10
9755	10
9756	10
9757	10
9758	10
9759	10
9760	10
9761	10
9762	10
9763	10
9764	10
9765	10
9766	10
9767	10
9768	10
9769	10
9770	10
9771	10
9772	10
9773	10
9774	10
9775	10
9776	10
9777	10
9778	10
9779	10
9780	10
9781	10
9782	10
9783	10
9784	10
9785	10
9786	10
9787	10
9788	10
9789	10
9790	10
9791	10
9792	10
9793	10
9794	10
9795	10
9796	10
9797	10
9798	10
9799	10
9800	10
9801	10
9802	10
9803	10
9804	10
9805	10
9806	10
9807	10
9808	10
9809	10
9810	10
9811	10
9812	10
9813	10
9814	10
9815	10
9816	10
9817	10
9818	10
9819	10
9820	10
9821	10
9822	10
9823	10
9824	10
9825	10
9826	10
9827	10
9828	10
9829	10
9830	10
9831	10
9832	10
9833	10
9834	10
9835	10
9836	10
9837	10
9838	10
9839	10
9840	10
9841	10
9842	10
9843	10
9844	10
9845	10
9846	10
9847	10
9848	10
9849	10
9850	10
9851	10
9852	10
9853	10
9854	10
9855	10
9856	10
9857	10
9858	10
9859	10
9860	10
9861	10
9862	10
9863	10
9864	10
9865	10
9866	10
9867	10
9868	10
9869	10
9870	10
9871	10
9872	10
9873	10
9874	10
9875	10
9876	10
9877	10
9878	10
9879	10
9880	10
9881	10
9882	10
9883	10
9884	10
9885	10
9886	10
9887	10
9888	10
9889	10
9890	10
9891	10
9892	10
9893	10
9894	10
9895	10
9896	10
9897	10
9898	10
9899	10
9900	10
9901	10
9902	10
9903	10
9904	10
9905	10
9906	10
9907	10
9908	10
9909	10
9910	10
9911	10
9912	10
9913	10
9914	10
9915	10
9916	10
9917	10
9918	10
9919	10
9920	10
9921	10
9922	10
9923	10
9924	10
9925	10
9926	10
9927	10
9928	10
9929	10
9930	10
9931	10
9932	10
9933	10
9934	10
9935	10
9936	10
9937	10
9938	10
9939	10
9940	10
9941	10
9942	10
9943	10
9944	10
9945	10
9946	10
9947	10
9948	10
9949	10
9950	10
9951	10
9952	10
9953	10
9954	10
9955	10
9956	10
9957	10
9958	10
9959	10
9960	10
9961	10
9962	10
9963	10
9964	10
9965	10
9966	10
9967	10
9968	10
9969	10
9970	10
9971	10
9972	10
9973	10
9974	10
9975	10
9976	10
9977	10
9978	10
9979	10
9980	10
9981	10
9982	10
9983	10
9984	10
9985	10
9986	10
9987	10
9988	10
9989	10
9990	10
9991	10
9992	10
9993	10
9994	10
9995	10
9996	10
9997	10
9998	10
9999	10
10000	10
