#Clock	ItemsCollected
1	0
2	0
3	0
4	0
5	0
6	0
7	0
8	0
9	0
10	0
11	0
12	0
13	0
14	0
15	0
16	0
17	0
18	0
19	0
20	0
21	0
22	0
23	0
24	0
25	0
26	0
27	0
28	0
29	0
30	0
31	0
32	0
33	0
34	0
35	0
36	0
37	0
38	0
39	0
40	0
41	0
42	0
43	0
44	0
45	0
46	0
47	0
48	0
49	0
50	0
51	0
52	0
53	0
54	0
55	0
56	0
57	0
58	0
59	0
60	0
61	0
62	0
63	0
64	0
65	0
66	0
67	0
68	0
69	0
70	0
71	0
72	0
73	0
74	0
75	0
76	0
77	0
78	0
79	0
80	0
81	0
82	0
83	0
84	0
85	0
86	0
87	0
88	0
89	0
90	0
91	0
92	0
93	0
94	0
95	0
96	0
97	0
98	0
99	0
100	0
101	0
102	0
103	0
104	0
105	0
106	0
107	0
108	0
109	0
110	0
111	0
112	0
113	0
114	0
115	0
116	0
117	0
118	0
119	0
120	0
121	0
122	0
123	0
124	0
125	0
126	0
127	0
128	0
129	0
130	0
131	0
132	0
133	0
134	0
135	0
136	0
137	0
138	0
139	0
140	0
141	0
142	0
143	0
144	0
145	0
146	0
147	0
148	0
149	0
150	0
151	0
152	0
153	0
154	0
155	0
156	0
157	0
158	0
159	0
160	0
161	0
162	0
163	0
164	0
165	0
166	0
167	0
168	0
169	0
170	0
171	0
172	0
173	0
174	0
175	0
176	0
177	0
178	0
179	0
180	0
181	0
182	0
183	0
184	0
185	0
186	0
187	0
188	0
189	0
190	0
191	0
192	0
193	0
194	0
195	0
196	0
197	0
198	0
199	0
200	0
201	0
202	0
203	0
204	0
205	0
206	0
207	0
208	0
209	0
210	0
211	0
212	0
213	0
214	0
215	0
216	0
217	0
218	0
219	0
220	0
221	0
222	0
223	0
224	0
225	0
226	0
227	0
228	0
229	0
230	0
231	0
232	0
233	0
234	0
235	0
236	0
237	0
238	0
239	0
240	0
241	0
242	0
243	0
244	0
245	0
246	0
247	0
248	0
249	0
250	0
251	0
252	0
253	0
254	0
255	0
256	0
257	0
258	0
259	0
260	0
261	0
262	0
263	0
264	0
265	0
266	0
267	0
268	0
269	0
270	0
271	0
272	0
273	0
274	0
275	0
276	0
277	0
278	0
279	0
280	0
281	0
282	0
283	0
284	0
285	0
286	0
287	0
288	0
289	0
290	0
291	0
292	0
293	0
294	0
295	0
296	0
297	0
298	0
299	0
300	0
301	0
302	0
303	0
304	0
305	0
306	0
307	0
308	0
309	0
310	0
311	0
312	0
313	0
314	0
315	0
316	0
317	0
318	0
319	0
320	0
321	0
322	0
323	0
324	0
325	0
326	0
327	0
328	0
329	0
330	0
331	0
332	0
333	0
334	0
335	0
336	0
337	0
338	0
339	0
340	0
341	0
342	0
343	0
344	0
345	0
346	0
347	0
348	0
349	0
350	0
351	0
352	0
353	0
354	0
355	0
356	0
357	0
358	0
359	0
360	0
361	0
362	0
363	0
364	0
365	0
366	0
367	0
368	0
369	0
370	0
371	0
372	0
373	0
374	0
375	0
376	0
377	0
378	0
379	0
380	0
381	0
382	0
383	0
384	0
385	0
386	0
387	0
388	0
389	0
390	0
391	0
392	0
393	0
394	0
395	0
396	0
397	0
398	0
399	0
400	0
401	0
402	0
403	0
404	0
405	0
406	0
407	0
408	0
409	0
410	0
411	0
412	0
413	0
414	0
415	0
416	0
417	0
418	0
419	0
420	0
421	0
422	0
423	0
424	0
425	0
426	0
427	0
428	0
429	0
430	0
431	0
432	0
433	0
434	0
435	0
436	0
437	0
438	0
439	0
440	0
441	0
442	0
443	0
444	0
445	0
446	0
447	0
448	0
449	0
450	0
451	0
452	0
453	0
454	0
455	0
456	0
457	0
458	0
459	0
460	0
461	0
462	0
463	0
464	0
465	0
466	0
467	0
468	0
469	0
470	0
471	0
472	0
473	0
474	0
475	0
476	0
477	0
478	0
479	0
480	0
481	0
482	0
483	0
484	0
485	0
486	0
487	0
488	0
489	0
490	0
491	0
492	0
493	0
494	0
495	0
496	0
497	0
498	0
499	0
500	0
501	0
502	0
503	0
504	0
505	0
506	0
507	0
508	0
509	0
510	0
511	0
512	0
513	0
514	0
515	0
516	0
517	0
518	0
519	0
520	0
521	0
522	0
523	0
524	0
525	0
526	0
527	0
528	0
529	0
530	0
531	0
532	0
533	0
534	0
535	0
536	0
537	0
538	0
539	0
540	0
541	0
542	0
543	0
544	0
545	0
546	0
547	0
548	0
549	0
550	0
551	0
552	0
553	0
554	0
555	0
556	0
557	0
558	0
559	0
560	0
561	0
562	0
563	0
564	0
565	0
566	0
567	0
568	0
569	0
570	0
571	0
572	0
573	0
574	0
575	0
576	0
577	0
578	0
579	0
580	0
581	0
582	0
583	0
584	0
585	0
586	0
587	0
588	0
589	0
590	0
591	0
592	0
593	0
594	0
595	0
596	0
597	0
598	0
599	0
600	0
601	0
602	0
603	0
604	0
605	0
606	0
607	0
608	0
609	0
610	0
611	0
612	0
613	0
614	0
615	0
616	0
617	0
618	0
619	0
620	0
621	0
622	0
623	0
624	0
625	0
626	0
627	0
628	0
629	0
630	0
631	0
632	0
633	0
634	0
635	0
636	0
637	0
638	0
639	0
640	0
641	0
642	0
643	0
644	0
645	0
646	0
647	0
648	0
649	0
650	0
651	0
652	0
653	0
654	0
655	0
656	0
657	0
658	0
659	0
660	0
661	0
662	0
663	0
664	0
665	0
666	0
667	0
668	0
669	0
670	0
671	0
672	0
673	0
674	0
675	0
676	0
677	0
678	0
679	0
680	0
681	0
682	0
683	0
684	0
685	0
686	0
687	0
688	0
689	0
690	0
691	0
692	0
693	0
694	0
695	0
696	0
697	0
698	0
699	0
700	0
701	0
702	0
703	0
704	0
705	0
706	0
707	0
708	0
709	0
710	0
711	0
712	0
713	0
714	0
715	0
716	0
717	0
718	0
719	0
720	0
721	0
722	0
723	0
724	0
725	0
726	0
727	0
728	0
729	0
730	0
731	0
732	0
733	0
734	0
735	0
736	0
737	0
738	0
739	0
740	0
741	0
742	0
743	0
744	0
745	0
746	0
747	0
748	0
749	0
750	0
751	0
752	0
753	0
754	0
755	0
756	0
757	0
758	0
759	0
760	0
761	0
762	0
763	0
764	0
765	0
766	0
767	0
768	0
769	0
770	0
771	0
772	0
773	0
774	0
775	0
776	0
777	0
778	0
779	0
780	0
781	0
782	0
783	0
784	0
785	0
786	0
787	0
788	0
789	0
790	0
791	0
792	0
793	0
794	0
795	0
796	0
797	0
798	0
799	0
800	0
801	0
802	0
803	0
804	0
805	0
806	0
807	0
808	0
809	0
810	0
811	0
812	0
813	0
814	0
815	0
816	0
817	0
818	0
819	0
820	0
821	0
822	0
823	0
824	0
825	0
826	0
827	0
828	0
829	0
830	0
831	0
832	0
833	0
834	0
835	0
836	0
837	0
838	0
839	0
840	0
841	0
842	0
843	0
844	0
845	0
846	0
847	0
848	0
849	0
850	0
851	0
852	0
853	0
854	0
855	0
856	0
857	0
858	0
859	0
860	0
861	0
862	0
863	0
864	0
865	0
866	0
867	0
868	0
869	0
870	0
871	0
872	0
873	0
874	0
875	0
876	0
877	0
878	0
879	0
880	0
881	0
882	0
883	0
884	0
885	0
886	0
887	0
888	0
889	0
890	0
891	0
892	0
893	0
894	0
895	0
896	0
897	0
898	0
899	0
900	0
901	0
902	0
903	0
904	0
905	0
906	0
907	0
908	0
909	0
910	0
911	0
912	0
913	0
914	0
915	0
916	0
917	0
918	0
919	0
920	0
921	0
922	0
923	0
924	0
925	0
926	0
927	0
928	0
929	0
930	0
931	0
932	0
933	0
934	0
935	0
936	0
937	0
938	0
939	0
940	0
941	0
942	0
943	0
944	0
945	0
946	0
947	0
948	0
949	0
950	0
951	0
952	0
953	0
954	0
955	0
956	0
957	0
958	0
959	0
960	0
961	0
962	0
963	0
964	0
965	0
966	0
967	0
968	0
969	0
970	0
971	0
972	0
973	0
974	0
975	0
976	0
977	0
978	0
979	0
980	0
981	0
982	0
983	0
984	0
985	0
986	0
987	0
988	0
989	0
990	0
991	0
992	0
993	0
994	0
995	0
996	0
997	0
998	0
999	0
1000	0
1001	0
1002	0
1003	0
1004	0
1005	0
1006	0
1007	0
1008	0
1009	0
1010	0
1011	0
1012	0
1013	0
1014	0
1015	0
1016	0
1017	0
1018	0
1019	0
1020	0
1021	0
1022	0
1023	0
1024	0
1025	0
1026	0
1027	0
1028	0
1029	0
1030	0
1031	0
1032	0
1033	0
1034	0
1035	0
1036	0
1037	0
1038	0
1039	0
1040	0
1041	0
1042	0
1043	0
1044	0
1045	0
1046	0
1047	0
1048	0
1049	0
1050	0
1051	0
1052	0
1053	0
1054	0
1055	0
1056	0
1057	0
1058	0
1059	0
1060	0
1061	0
1062	0
1063	0
1064	0
1065	0
1066	0
1067	0
1068	0
1069	0
1070	0
1071	0
1072	0
1073	0
1074	0
1075	0
1076	0
1077	0
1078	0
1079	0
1080	0
1081	0
1082	0
1083	0
1084	0
1085	0
1086	0
1087	0
1088	0
1089	0
1090	0
1091	0
1092	0
1093	0
1094	0
1095	0
1096	0
1097	0
1098	0
1099	0
1100	0
1101	0
1102	0
1103	0
1104	0
1105	0
1106	0
1107	0
1108	0
1109	0
1110	0
1111	0
1112	0
1113	0
1114	0
1115	0
1116	0
1117	0
1118	0
1119	0
1120	0
1121	0
1122	0
1123	0
1124	0
1125	0
1126	0
1127	0
1128	0
1129	0
1130	0
1131	0
1132	0
1133	0
1134	0
1135	0
1136	0
1137	0
1138	0
1139	0
1140	0
1141	0
1142	0
1143	0
1144	0
1145	0
1146	0
1147	0
1148	0
1149	0
1150	0
1151	0
1152	0
1153	0
1154	0
1155	0
1156	0
1157	0
1158	0
1159	0
1160	0
1161	0
1162	0
1163	0
1164	0
1165	0
1166	0
1167	0
1168	0
1169	0
1170	0
1171	0
1172	0
1173	0
1174	0
1175	0
1176	0
1177	0
1178	0
1179	0
1180	0
1181	0
1182	0
1183	0
1184	0
1185	0
1186	0
1187	0
1188	0
1189	0
1190	0
1191	0
1192	0
1193	0
1194	0
1195	0
1196	0
1197	0
1198	0
1199	0
1200	0
1201	0
1202	0
1203	0
1204	0
1205	0
1206	0
1207	0
1208	0
1209	0
1210	0
1211	0
1212	0
1213	0
1214	0
1215	0
1216	0
1217	0
1218	0
1219	0
1220	0
1221	0
1222	0
1223	0
1224	0
1225	0
1226	0
1227	0
1228	0
1229	0
1230	0
1231	0
1232	0
1233	0
1234	0
1235	0
1236	0
1237	0
1238	0
1239	0
1240	0
1241	0
1242	0
1243	0
1244	0
1245	0
1246	0
1247	0
1248	0
1249	0
1250	0
1251	0
1252	0
1253	0
1254	0
1255	0
1256	0
1257	0
1258	0
1259	0
1260	0
1261	0
1262	0
1263	0
1264	0
1265	0
1266	0
1267	0
1268	0
1269	0
1270	0
1271	0
1272	0
1273	0
1274	0
1275	0
1276	0
1277	0
1278	0
1279	0
1280	0
1281	0
1282	0
1283	0
1284	0
1285	0
1286	0
1287	0
1288	0
1289	0
1290	0
1291	0
1292	0
1293	0
1294	0
1295	0
1296	0
1297	0
1298	0
1299	0
1300	0
1301	0
1302	0
1303	0
1304	0
1305	0
1306	0
1307	0
1308	0
1309	0
1310	0
1311	0
1312	0
1313	0
1314	0
1315	0
1316	0
1317	0
1318	0
1319	0
1320	0
1321	0
1322	0
1323	0
1324	0
1325	0
1326	0
1327	0
1328	0
1329	0
1330	0
1331	0
1332	0
1333	0
1334	0
1335	0
1336	0
1337	0
1338	0
1339	0
1340	0
1341	0
1342	0
1343	0
1344	0
1345	0
1346	0
1347	0
1348	0
1349	0
1350	0
1351	0
1352	0
1353	0
1354	0
1355	0
1356	0
1357	0
1358	0
1359	0
1360	0
1361	0
1362	0
1363	0
1364	0
1365	0
1366	0
1367	0
1368	0
1369	0
1370	0
1371	0
1372	0
1373	0
1374	0
1375	0
1376	0
1377	0
1378	0
1379	0
1380	0
1381	0
1382	0
1383	0
1384	0
1385	0
1386	0
1387	0
1388	0
1389	0
1390	0
1391	0
1392	0
1393	0
1394	0
1395	0
1396	0
1397	0
1398	0
1399	0
1400	0
1401	0
1402	0
1403	0
1404	0
1405	0
1406	0
1407	0
1408	0
1409	0
1410	0
1411	0
1412	0
1413	0
1414	0
1415	0
1416	0
1417	0
1418	0
1419	0
1420	0
1421	0
1422	0
1423	0
1424	0
1425	0
1426	0
1427	0
1428	0
1429	0
1430	0
1431	0
1432	0
1433	0
1434	0
1435	0
1436	0
1437	0
1438	0
1439	0
1440	0
1441	0
1442	0
1443	0
1444	0
1445	0
1446	0
1447	0
1448	0
1449	0
1450	0
1451	0
1452	0
1453	0
1454	0
1455	0
1456	0
1457	0
1458	0
1459	0
1460	0
1461	0
1462	0
1463	0
1464	0
1465	0
1466	0
1467	0
1468	0
1469	0
1470	0
1471	0
1472	0
1473	0
1474	0
1475	0
1476	0
1477	0
1478	0
1479	0
1480	0
1481	0
1482	0
1483	0
1484	0
1485	0
1486	0
1487	0
1488	0
1489	0
1490	0
1491	0
1492	0
1493	0
1494	0
1495	0
1496	0
1497	0
1498	0
1499	0
1500	0
1501	0
1502	0
1503	0
1504	0
1505	0
1506	0
1507	0
1508	0
1509	0
1510	0
1511	0
1512	0
1513	0
1514	0
1515	0
1516	0
1517	0
1518	0
1519	0
1520	0
1521	0
1522	0
1523	0
1524	0
1525	0
1526	0
1527	0
1528	0
1529	0
1530	0
1531	0
1532	0
1533	0
1534	0
1535	0
1536	0
1537	0
1538	0
1539	0
1540	0
1541	0
1542	0
1543	0
1544	0
1545	0
1546	0
1547	0
1548	0
1549	0
1550	0
1551	0
1552	0
1553	0
1554	0
1555	0
1556	0
1557	0
1558	0
1559	0
1560	0
1561	0
1562	0
1563	0
1564	0
1565	0
1566	0
1567	0
1568	0
1569	0
1570	0
1571	0
1572	0
1573	0
1574	0
1575	0
1576	0
1577	0
1578	0
1579	0
1580	0
1581	0
1582	0
1583	0
1584	0
1585	0
1586	0
1587	0
1588	0
1589	0
1590	0
1591	0
1592	0
1593	0
1594	0
1595	0
1596	0
1597	0
1598	0
1599	0
1600	0
1601	0
1602	0
1603	0
1604	0
1605	0
1606	0
1607	0
1608	0
1609	0
1610	0
1611	0
1612	0
1613	0
1614	0
1615	0
1616	0
1617	0
1618	0
1619	0
1620	0
1621	0
1622	0
1623	0
1624	0
1625	0
1626	0
1627	0
1628	0
1629	0
1630	0
1631	0
1632	0
1633	0
1634	0
1635	0
1636	0
1637	0
1638	0
1639	0
1640	0
1641	0
1642	0
1643	0
1644	0
1645	0
1646	0
1647	0
1648	0
1649	0
1650	0
1651	0
1652	0
1653	0
1654	0
1655	0
1656	0
1657	0
1658	0
1659	0
1660	0
1661	0
1662	0
1663	0
1664	0
1665	0
1666	0
1667	0
1668	0
1669	0
1670	0
1671	0
1672	0
1673	0
1674	0
1675	0
1676	0
1677	0
1678	0
1679	0
1680	0
1681	0
1682	0
1683	0
1684	0
1685	0
1686	0
1687	0
1688	0
1689	0
1690	0
1691	0
1692	1
1693	1
1694	1
1695	1
1696	1
1697	1
1698	1
1699	1
1700	1
1701	1
1702	1
1703	1
1704	1
1705	1
1706	1
1707	1
1708	1
1709	1
1710	1
1711	1
1712	1
1713	1
1714	1
1715	1
1716	1
1717	1
1718	1
1719	1
1720	1
1721	1
1722	1
1723	1
1724	1
1725	1
1726	1
1727	1
1728	1
1729	1
1730	1
1731	1
1732	1
1733	1
1734	1
1735	1
1736	1
1737	1
1738	1
1739	1
1740	1
1741	1
1742	1
1743	1
1744	1
1745	1
1746	1
1747	1
1748	1
1749	1
1750	1
1751	1
1752	1
1753	1
1754	1
1755	1
1756	1
1757	1
1758	1
1759	1
1760	1
1761	1
1762	1
1763	1
1764	1
1765	1
1766	1
1767	1
1768	1
1769	1
1770	1
1771	2
1772	2
1773	2
1774	2
1775	2
1776	2
1777	2
1778	2
1779	2
1780	2
1781	2
1782	2
1783	2
1784	2
1785	2
1786	2
1787	2
1788	2
1789	2
1790	2
1791	2
1792	2
1793	2
1794	2
1795	2
1796	2
1797	2
1798	2
1799	2
1800	2
1801	2
1802	2
1803	2
1804	2
1805	2
1806	2
1807	2
1808	2
1809	2
1810	2
1811	2
1812	2
1813	2
1814	2
1815	2
1816	2
1817	2
1818	2
1819	2
1820	2
1821	2
1822	2
1823	2
1824	2
1825	2
1826	2
1827	2
1828	2
1829	2
1830	2
1831	2
1832	2
1833	2
1834	2
1835	2
1836	2
1837	2
1838	2
1839	2
1840	2
1841	2
1842	2
1843	2
1844	2
1845	2
1846	2
1847	2
1848	2
1849	2
1850	2
1851	2
1852	2
1853	2
1854	2
1855	2
1856	2
1857	2
1858	2
1859	2
1860	2
1861	2
1862	2
1863	2
1864	2
1865	2
1866	2
1867	2
1868	2
1869	2
1870	2
1871	2
1872	2
1873	2
1874	2
1875	2
1876	2
1877	2
1878	2
1879	2
1880	2
1881	2
1882	2
1883	2
1884	2
1885	2
1886	2
1887	2
1888	2
1889	2
1890	2
1891	2
1892	2
1893	2
1894	2
1895	2
1896	2
1897	2
1898	2
1899	2
1900	2
1901	2
1902	2
1903	2
1904	2
1905	2
1906	2
1907	2
1908	2
1909	2
1910	2
1911	2
1912	2
1913	2
1914	2
1915	2
1916	2
1917	2
1918	2
1919	2
1920	2
1921	2
1922	2
1923	2
1924	2
1925	2
1926	2
1927	2
1928	2
1929	2
1930	2
1931	2
1932	2
1933	2
1934	2
1935	2
1936	2
1937	2
1938	2
1939	2
1940	2
1941	2
1942	2
1943	2
1944	2
1945	2
1946	2
1947	2
1948	2
1949	2
1950	2
1951	2
1952	2
1953	2
1954	2
1955	2
1956	2
1957	2
1958	2
1959	2
1960	2
1961	2
1962	2
1963	2
1964	2
1965	2
1966	2
1967	2
1968	2
1969	2
1970	2
1971	2
1972	2
1973	2
1974	2
1975	2
1976	2
1977	2
1978	2
1979	2
1980	2
1981	2
1982	2
1983	2
1984	2
1985	2
1986	2
1987	2
1988	2
1989	2
1990	2
1991	2
1992	2
1993	2
1994	2
1995	2
1996	2
1997	2
1998	2
1999	2
2000	2
2001	2
2002	2
2003	2
2004	2
2005	2
2006	2
2007	2
2008	2
2009	2
2010	2
2011	2
2012	2
2013	2
2014	2
2015	2
2016	2
2017	2
2018	2
2019	2
2020	2
2021	2
2022	2
2023	2
2024	2
2025	2
2026	2
2027	2
2028	2
2029	2
2030	2
2031	2
2032	2
2033	2
2034	2
2035	2
2036	2
2037	2
2038	2
2039	2
2040	2
2041	2
2042	2
2043	2
2044	2
2045	2
2046	2
2047	2
2048	2
2049	2
2050	2
2051	2
2052	2
2053	2
2054	2
2055	2
2056	2
2057	2
2058	2
2059	2
2060	2
2061	2
2062	2
2063	2
2064	2
2065	2
2066	2
2067	2
2068	2
2069	2
2070	2
2071	2
2072	2
2073	2
2074	2
2075	2
2076	2
2077	2
2078	2
2079	2
2080	2
2081	2
2082	2
2083	2
2084	2
2085	2
2086	2
2087	2
2088	2
2089	2
2090	2
2091	2
2092	2
2093	2
2094	2
2095	2
2096	2
2097	2
2098	2
2099	2
2100	2
2101	2
2102	2
2103	2
2104	2
2105	2
2106	2
2107	2
2108	2
2109	2
2110	2
2111	2
2112	2
2113	2
2114	2
2115	2
2116	2
2117	2
2118	2
2119	2
2120	2
2121	2
2122	2
2123	2
2124	2
2125	2
2126	2
2127	2
2128	2
2129	2
2130	2
2131	2
2132	2
2133	2
2134	2
2135	2
2136	2
2137	2
2138	2
2139	2
2140	2
2141	2
2142	2
2143	2
2144	2
2145	2
2146	2
2147	2
2148	2
2149	2
2150	2
2151	2
2152	2
2153	2
2154	2
2155	2
2156	2
2157	2
2158	2
2159	2
2160	2
2161	2
2162	2
2163	2
2164	2
2165	2
2166	2
2167	2
2168	2
2169	2
2170	2
2171	2
2172	2
2173	2
2174	2
2175	2
2176	2
2177	2
2178	2
2179	2
2180	2
2181	2
2182	2
2183	2
2184	2
2185	2
2186	2
2187	2
2188	2
2189	2
2190	2
2191	2
2192	2
2193	2
2194	2
2195	2
2196	2
2197	2
2198	2
2199	2
2200	2
2201	2
2202	2
2203	2
2204	2
2205	2
2206	2
2207	2
2208	2
2209	2
2210	2
2211	2
2212	2
2213	2
2214	2
2215	2
2216	2
2217	2
2218	2
2219	2
2220	2
2221	2
2222	2
2223	2
2224	2
2225	2
2226	2
2227	2
2228	2
2229	2
2230	2
2231	2
2232	2
2233	2
2234	2
2235	2
2236	2
2237	2
2238	2
2239	2
2240	2
2241	2
2242	2
2243	2
2244	2
2245	2
2246	2
2247	2
2248	2
2249	2
2250	2
2251	2
2252	2
2253	2
2254	2
2255	2
2256	2
2257	2
2258	2
2259	2
2260	2
2261	2
2262	2
2263	2
2264	2
2265	2
2266	2
2267	2
2268	2
2269	2
2270	2
2271	2
2272	2
2273	2
2274	2
2275	2
2276	2
2277	2
2278	2
2279	2
2280	2
2281	2
2282	2
2283	2
2284	2
2285	2
2286	2
2287	2
2288	2
2289	2
2290	2
2291	2
2292	2
2293	2
2294	2
2295	2
2296	2
2297	2
2298	2
2299	2
2300	2
2301	2
2302	2
2303	2
2304	2
2305	2
2306	2
2307	2
2308	2
2309	2
2310	2
2311	2
2312	2
2313	2
2314	2
2315	2
2316	2
2317	2
2318	2
2319	2
2320	2
2321	2
2322	2
2323	2
2324	2
2325	2
2326	2
2327	2
2328	2
2329	2
2330	2
2331	2
2332	2
2333	2
2334	2
2335	2
2336	2
2337	2
2338	2
2339	2
2340	2
2341	2
2342	2
2343	2
2344	2
2345	2
2346	2
2347	2
2348	2
2349	2
2350	2
2351	2
2352	2
2353	2
2354	2
2355	2
2356	2
2357	2
2358	2
2359	2
2360	2
2361	2
2362	2
2363	2
2364	2
2365	2
2366	2
2367	2
2368	2
2369	2
2370	2
2371	2
2372	2
2373	2
2374	2
2375	2
2376	2
2377	2
2378	2
2379	2
2380	2
2381	2
2382	2
2383	2
2384	2
2385	2
2386	2
2387	2
2388	2
2389	2
2390	2
2391	2
2392	2
2393	2
2394	2
2395	2
2396	2
2397	2
2398	2
2399	2
2400	2
2401	2
2402	2
2403	2
2404	2
2405	2
2406	2
2407	2
2408	2
2409	2
2410	2
2411	2
2412	2
2413	2
2414	2
2415	2
2416	2
2417	2
2418	2
2419	2
2420	2
2421	2
2422	2
2423	2
2424	2
2425	2
2426	2
2427	2
2428	2
2429	2
2430	2
2431	2
2432	2
2433	2
2434	2
2435	2
2436	2
2437	2
2438	2
2439	2
2440	2
2441	2
2442	2
2443	2
2444	2
2445	2
2446	2
2447	2
2448	2
2449	2
2450	2
2451	2
2452	2
2453	2
2454	2
2455	2
2456	2
2457	2
2458	2
2459	2
2460	2
2461	2
2462	2
2463	2
2464	2
2465	2
2466	2
2467	2
2468	2
2469	2
2470	2
2471	2
2472	2
2473	2
2474	2
2475	2
2476	2
2477	2
2478	2
2479	2
2480	2
2481	2
2482	2
2483	2
2484	2
2485	2
2486	2
2487	2
2488	2
2489	2
2490	2
2491	2
2492	2
2493	2
2494	2
2495	2
2496	2
2497	2
2498	2
2499	2
2500	2
2501	2
2502	2
2503	2
2504	2
2505	2
2506	2
2507	2
2508	2
2509	2
2510	2
2511	2
2512	2
2513	2
2514	2
2515	2
2516	2
2517	2
2518	2
2519	2
2520	2
2521	2
2522	2
2523	2
2524	2
2525	2
2526	2
2527	2
2528	2
2529	2
2530	2
2531	2
2532	2
2533	2
2534	2
2535	2
2536	2
2537	2
2538	2
2539	2
2540	2
2541	2
2542	2
2543	2
2544	2
2545	2
2546	2
2547	2
2548	2
2549	2
2550	2
2551	2
2552	2
2553	2
2554	2
2555	2
2556	2
2557	2
2558	2
2559	2
2560	2
2561	2
2562	2
2563	2
2564	2
2565	2
2566	2
2567	2
2568	2
2569	2
2570	2
2571	2
2572	2
2573	2
2574	2
2575	2
2576	2
2577	2
2578	2
2579	2
2580	2
2581	2
2582	2
2583	2
2584	2
2585	2
2586	2
2587	2
2588	2
2589	2
2590	2
2591	2
2592	2
2593	2
2594	2
2595	2
2596	2
2597	2
2598	2
2599	2
2600	2
2601	2
2602	2
2603	2
2604	2
2605	2
2606	2
2607	2
2608	2
2609	2
2610	2
2611	2
2612	2
2613	2
2614	2
2615	2
2616	2
2617	2
2618	2
2619	2
2620	2
2621	2
2622	2
2623	2
2624	2
2625	2
2626	2
2627	2
2628	2
2629	2
2630	2
2631	2
2632	2
2633	2
2634	2
2635	2
2636	2
2637	2
2638	2
2639	2
2640	2
2641	2
2642	2
2643	2
2644	2
2645	2
2646	2
2647	2
2648	2
2649	2
2650	2
2651	2
2652	2
2653	2
2654	2
2655	2
2656	2
2657	2
2658	2
2659	2
2660	2
2661	2
2662	2
2663	2
2664	2
2665	2
2666	2
2667	2
2668	2
2669	2
2670	2
2671	2
2672	2
2673	2
2674	2
2675	2
2676	2
2677	2
2678	2
2679	2
2680	2
2681	2
2682	2
2683	2
2684	2
2685	2
2686	2
2687	2
2688	2
2689	2
2690	2
2691	2
2692	2
2693	2
2694	2
2695	2
2696	2
2697	2
2698	2
2699	2
2700	2
2701	2
2702	2
2703	2
2704	2
2705	2
2706	2
2707	2
2708	2
2709	2
2710	2
2711	2
2712	2
2713	2
2714	2
2715	2
2716	2
2717	2
2718	2
2719	2
2720	2
2721	2
2722	2
2723	2
2724	2
2725	2
2726	2
2727	2
2728	2
2729	2
2730	2
2731	2
2732	2
2733	2
2734	2
2735	2
2736	2
2737	2
2738	2
2739	2
2740	2
2741	2
2742	2
2743	2
2744	2
2745	2
2746	2
2747	2
2748	2
2749	2
2750	2
2751	2
2752	2
2753	2
2754	2
2755	2
2756	2
2757	2
2758	2
2759	2
2760	2
2761	2
2762	2
2763	2
2764	2
2765	2
2766	2
2767	2
2768	2
2769	2
2770	2
2771	2
2772	2
2773	2
2774	2
2775	2
2776	2
2777	2
2778	2
2779	2
2780	2
2781	2
2782	2
2783	2
2784	2
2785	2
2786	2
2787	2
2788	2
2789	2
2790	2
2791	2
2792	2
2793	2
2794	2
2795	2
2796	2
2797	2
2798	2
2799	2
2800	2
2801	2
2802	2
2803	2
2804	2
2805	2
2806	2
2807	2
2808	2
2809	2
2810	2
2811	2
2812	2
2813	2
2814	2
2815	2
2816	2
2817	2
2818	2
2819	2
2820	2
2821	2
2822	2
2823	2
2824	2
2825	2
2826	2
2827	2
2828	2
2829	2
2830	2
2831	2
2832	2
2833	2
2834	2
2835	2
2836	2
2837	2
2838	2
2839	2
2840	2
2841	2
2842	2
2843	2
2844	2
2845	2
2846	2
2847	2
2848	2
2849	2
2850	2
2851	2
2852	2
2853	2
2854	2
2855	2
2856	2
2857	2
2858	2
2859	2
2860	2
2861	2
2862	2
2863	2
2864	2
2865	2
2866	2
2867	2
2868	2
2869	2
2870	2
2871	2
2872	2
2873	2
2874	2
2875	2
2876	2
2877	2
2878	2
2879	2
2880	2
2881	2
2882	2
2883	2
2884	2
2885	2
2886	2
2887	2
2888	2
2889	2
2890	2
2891	2
2892	2
2893	2
2894	2
2895	2
2896	2
2897	2
2898	2
2899	2
2900	2
2901	2
2902	2
2903	2
2904	2
2905	2
2906	2
2907	2
2908	2
2909	2
2910	2
2911	2
2912	2
2913	2
2914	2
2915	2
2916	2
2917	2
2918	2
2919	2
2920	2
2921	2
2922	2
2923	2
2924	2
2925	2
2926	2
2927	2
2928	2
2929	2
2930	2
2931	2
2932	2
2933	2
2934	2
2935	2
2936	2
2937	2
2938	2
2939	2
2940	2
2941	2
2942	2
2943	2
2944	2
2945	2
2946	2
2947	2
2948	2
2949	2
2950	2
2951	2
2952	2
2953	2
2954	2
2955	2
2956	2
2957	2
2958	2
2959	2
2960	2
2961	2
2962	2
2963	2
2964	2
2965	2
2966	2
2967	2
2968	2
2969	2
2970	2
2971	2
2972	2
2973	2
2974	2
2975	2
2976	2
2977	2
2978	2
2979	2
2980	2
2981	2
2982	2
2983	2
2984	2
2985	2
2986	2
2987	2
2988	2
2989	2
2990	2
2991	2
2992	2
2993	2
2994	2
2995	2
2996	2
2997	2
2998	2
2999	2
3000	2
3001	2
3002	2
3003	2
3004	2
3005	2
3006	2
3007	2
3008	2
3009	2
3010	2
3011	2
3012	2
3013	2
3014	2
3015	2
3016	2
3017	2
3018	2
3019	2
3020	2
3021	2
3022	2
3023	2
3024	2
3025	2
3026	2
3027	2
3028	2
3029	2
3030	2
3031	2
3032	2
3033	2
3034	2
3035	2
3036	2
3037	2
3038	2
3039	2
3040	2
3041	2
3042	2
3043	2
3044	2
3045	2
3046	2
3047	2
3048	2
3049	2
3050	2
3051	2
3052	2
3053	2
3054	2
3055	2
3056	2
3057	2
3058	2
3059	2
3060	2
3061	2
3062	2
3063	2
3064	2
3065	2
3066	2
3067	2
3068	2
3069	2
3070	2
3071	2
3072	2
3073	2
3074	2
3075	2
3076	2
3077	2
3078	2
3079	2
3080	2
3081	2
3082	2
3083	2
3084	2
3085	2
3086	2
3087	2
3088	2
3089	2
3090	2
3091	2
3092	2
3093	2
3094	2
3095	2
3096	2
3097	2
3098	2
3099	2
3100	2
3101	2
3102	2
3103	2
3104	2
3105	2
3106	2
3107	2
3108	2
3109	2
3110	2
3111	2
3112	2
3113	2
3114	2
3115	2
3116	2
3117	2
3118	2
3119	2
3120	2
3121	2
3122	2
3123	2
3124	2
3125	2
3126	2
3127	2
3128	2
3129	2
3130	2
3131	2
3132	2
3133	2
3134	2
3135	2
3136	2
3137	2
3138	2
3139	2
3140	2
3141	2
3142	2
3143	2
3144	2
3145	2
3146	2
3147	2
3148	2
3149	2
3150	2
3151	2
3152	2
3153	2
3154	2
3155	2
3156	2
3157	2
3158	2
3159	2
3160	2
3161	2
3162	2
3163	2
3164	2
3165	2
3166	2
3167	2
3168	2
3169	2
3170	2
3171	2
3172	2
3173	2
3174	2
3175	2
3176	2
3177	2
3178	2
3179	2
3180	2
3181	2
3182	2
3183	2
3184	2
3185	2
3186	2
3187	2
3188	2
3189	2
3190	2
3191	2
3192	2
3193	2
3194	2
3195	2
3196	2
3197	2
3198	2
3199	2
3200	2
3201	2
3202	2
3203	2
3204	2
3205	2
3206	2
3207	2
3208	2
3209	2
3210	2
3211	2
3212	2
3213	2
3214	2
3215	2
3216	2
3217	2
3218	2
3219	2
3220	2
3221	2
3222	2
3223	2
3224	2
3225	2
3226	2
3227	2
3228	2
3229	2
3230	2
3231	2
3232	2
3233	2
3234	2
3235	2
3236	2
3237	2
3238	2
3239	2
3240	2
3241	2
3242	2
3243	2
3244	2
3245	2
3246	2
3247	2
3248	2
3249	2
3250	2
3251	2
3252	2
3253	2
3254	2
3255	2
3256	2
3257	2
3258	2
3259	2
3260	2
3261	2
3262	2
3263	2
3264	2
3265	2
3266	2
3267	2
3268	2
3269	2
3270	2
3271	2
3272	2
3273	2
3274	2
3275	2
3276	2
3277	2
3278	2
3279	2
3280	2
3281	2
3282	2
3283	2
3284	2
3285	2
3286	2
3287	2
3288	2
3289	2
3290	2
3291	2
3292	2
3293	2
3294	2
3295	2
3296	2
3297	2
3298	2
3299	2
3300	2
3301	2
3302	2
3303	2
3304	2
3305	2
3306	2
3307	2
3308	2
3309	2
3310	2
3311	2
3312	2
3313	2
3314	2
3315	2
3316	2
3317	2
3318	2
3319	2
3320	2
3321	2
3322	2
3323	2
3324	2
3325	2
3326	2
3327	2
3328	2
3329	2
3330	2
3331	2
3332	2
3333	2
3334	2
3335	2
3336	2
3337	2
3338	2
3339	2
3340	2
3341	2
3342	2
3343	2
3344	2
3345	2
3346	2
3347	2
3348	2
3349	2
3350	2
3351	2
3352	2
3353	2
3354	2
3355	2
3356	2
3357	2
3358	2
3359	2
3360	2
3361	2
3362	2
3363	2
3364	2
3365	2
3366	2
3367	2
3368	2
3369	2
3370	2
3371	2
3372	2
3373	3
3374	3
3375	3
3376	3
3377	3
3378	3
3379	3
3380	3
3381	3
3382	3
3383	3
3384	3
3385	3
3386	3
3387	3
3388	3
3389	3
3390	3
3391	3
3392	3
3393	3
3394	3
3395	3
3396	3
3397	3
3398	3
3399	3
3400	3
3401	3
3402	3
3403	3
3404	3
3405	3
3406	3
3407	3
3408	3
3409	3
3410	3
3411	3
3412	3
3413	3
3414	3
3415	3
3416	3
3417	3
3418	3
3419	3
3420	3
3421	3
3422	3
3423	3
3424	3
3425	3
3426	3
3427	3
3428	3
3429	3
3430	3
3431	3
3432	3
3433	3
3434	3
3435	3
3436	3
3437	3
3438	3
3439	3
3440	3
3441	3
3442	3
3443	3
3444	3
3445	3
3446	3
3447	3
3448	3
3449	3
3450	3
3451	3
3452	3
3453	3
3454	3
3455	3
3456	3
3457	3
3458	3
3459	3
3460	3
3461	3
3462	3
3463	3
3464	3
3465	3
3466	3
3467	3
3468	3
3469	3
3470	3
3471	3
3472	3
3473	4
3474	4
3475	4
3476	4
3477	4
3478	4
3479	4
3480	4
3481	4
3482	4
3483	4
3484	4
3485	4
3486	4
3487	4
3488	4
3489	4
3490	4
3491	4
3492	4
3493	4
3494	4
3495	4
3496	4
3497	4
3498	4
3499	4
3500	4
3501	4
3502	4
3503	4
3504	4
3505	4
3506	4
3507	4
3508	4
3509	4
3510	4
3511	4
3512	4
3513	4
3514	4
3515	4
3516	4
3517	4
3518	4
3519	4
3520	4
3521	4
3522	4
3523	4
3524	4
3525	4
3526	4
3527	4
3528	4
3529	4
3530	4
3531	4
3532	4
3533	4
3534	4
3535	4
3536	4
3537	4
3538	4
3539	4
3540	4
3541	4
3542	4
3543	4
3544	4
3545	4
3546	4
3547	4
3548	4
3549	4
3550	4
3551	4
3552	4
3553	4
3554	4
3555	4
3556	4
3557	4
3558	4
3559	4
3560	4
3561	4
3562	4
3563	4
3564	4
3565	4
3566	4
3567	4
3568	4
3569	4
3570	4
3571	4
3572	4
3573	4
3574	4
3575	4
3576	4
3577	4
3578	4
3579	4
3580	4
3581	4
3582	4
3583	4
3584	4
3585	4
3586	4
3587	4
3588	4
3589	4
3590	4
3591	4
3592	4
3593	4
3594	4
3595	4
3596	4
3597	4
3598	4
3599	4
3600	4
3601	4
3602	4
3603	4
3604	4
3605	4
3606	4
3607	4
3608	4
3609	4
3610	4
3611	4
3612	4
3613	4
3614	4
3615	4
3616	4
3617	4
3618	4
3619	4
3620	4
3621	4
3622	4
3623	4
3624	4
3625	4
3626	4
3627	4
3628	4
3629	4
3630	4
3631	4
3632	4
3633	4
3634	4
3635	4
3636	4
3637	4
3638	4
3639	4
3640	4
3641	4
3642	4
3643	4
3644	4
3645	4
3646	4
3647	4
3648	4
3649	4
3650	4
3651	4
3652	4
3653	4
3654	4
3655	4
3656	4
3657	4
3658	4
3659	4
3660	4
3661	4
3662	4
3663	4
3664	4
3665	4
3666	4
3667	4
3668	4
3669	4
3670	4
3671	4
3672	4
3673	4
3674	4
3675	4
3676	4
3677	4
3678	4
3679	4
3680	4
3681	4
3682	4
3683	4
3684	4
3685	4
3686	4
3687	4
3688	4
3689	4
3690	4
3691	4
3692	4
3693	4
3694	4
3695	4
3696	4
3697	4
3698	4
3699	4
3700	4
3701	4
3702	4
3703	4
3704	4
3705	4
3706	4
3707	4
3708	4
3709	4
3710	4
3711	4
3712	4
3713	4
3714	4
3715	4
3716	4
3717	4
3718	4
3719	4
3720	4
3721	4
3722	4
3723	4
3724	4
3725	4
3726	4
3727	4
3728	4
3729	4
3730	4
3731	5
3732	5
3733	5
3734	5
3735	5
3736	5
3737	5
3738	5
3739	5
3740	5
3741	5
3742	5
3743	5
3744	5
3745	5
3746	5
3747	5
3748	5
3749	5
3750	5
3751	5
3752	5
3753	5
3754	5
3755	5
3756	5
3757	5
3758	5
3759	5
3760	5
3761	5
3762	5
3763	5
3764	5
3765	5
3766	5
3767	5
3768	5
3769	5
3770	5
3771	5
3772	5
3773	5
3774	5
3775	5
3776	5
3777	5
3778	5
3779	5
3780	5
3781	5
3782	5
3783	5
3784	5
3785	5
3786	5
3787	5
3788	5
3789	5
3790	5
3791	5
3792	5
3793	5
3794	5
3795	5
3796	5
3797	5
3798	5
3799	5
3800	5
3801	5
3802	5
3803	5
3804	5
3805	5
3806	5
3807	5
3808	5
3809	5
3810	5
3811	5
3812	5
3813	5
3814	5
3815	5
3816	5
3817	5
3818	5
3819	5
3820	5
3821	5
3822	5
3823	5
3824	5
3825	5
3826	5
3827	5
3828	5
3829	5
3830	5
3831	5
3832	5
3833	5
3834	5
3835	5
3836	5
3837	5
3838	5
3839	5
3840	5
3841	5
3842	5
3843	5
3844	5
3845	5
3846	5
3847	5
3848	5
3849	5
3850	5
3851	5
3852	5
3853	5
3854	5
3855	5
3856	5
3857	5
3858	5
3859	5
3860	5
3861	5
3862	5
3863	5
3864	5
3865	5
3866	5
3867	5
3868	5
3869	5
3870	5
3871	5
3872	5
3873	5
3874	5
3875	5
3876	5
3877	5
3878	5
3879	6
3880	6
3881	6
3882	6
3883	6
3884	6
3885	6
3886	6
3887	6
3888	6
3889	6
3890	6
3891	6
3892	6
3893	6
3894	6
3895	6
3896	6
3897	6
3898	6
3899	6
3900	6
3901	6
3902	6
3903	6
3904	6
3905	6
3906	6
3907	6
3908	6
3909	6
3910	6
3911	6
3912	6
3913	6
3914	6
3915	6
3916	6
3917	6
3918	6
3919	6
3920	6
3921	6
3922	6
3923	6
3924	6
3925	6
3926	6
3927	6
3928	6
3929	6
3930	6
3931	6
3932	6
3933	6
3934	6
3935	6
3936	6
3937	6
3938	6
3939	6
3940	6
3941	6
3942	6
3943	6
3944	6
3945	6
3946	6
3947	6
3948	6
3949	6
3950	6
3951	6
3952	6
3953	6
3954	6
3955	6
3956	6
3957	6
3958	6
3959	6
3960	6
3961	6
3962	6
3963	6
3964	6
3965	6
3966	6
3967	6
3968	6
3969	6
3970	6
3971	6
3972	6
3973	6
3974	6
3975	6
3976	6
3977	6
3978	6
3979	6
3980	6
3981	6
3982	6
3983	6
3984	6
3985	6
3986	6
3987	6
3988	6
3989	6
3990	6
3991	6
3992	6
3993	6
3994	6
3995	6
3996	6
3997	6
3998	6
3999	6
4000	6
4001	6
4002	6
4003	6
4004	6
4005	6
4006	6
4007	6
4008	6
4009	6
4010	6
4011	6
4012	6
4013	6
4014	6
4015	6
4016	6
4017	6
4018	6
4019	6
4020	6
4021	6
4022	6
4023	6
4024	6
4025	6
4026	6
4027	6
4028	6
4029	6
4030	6
4031	6
4032	6
4033	6
4034	6
4035	6
4036	6
4037	6
4038	6
4039	6
4040	6
4041	6
4042	6
4043	6
4044	6
4045	6
4046	6
4047	6
4048	6
4049	6
4050	6
4051	6
4052	6
4053	6
4054	6
4055	6
4056	6
4057	6
4058	6
4059	6
4060	6
4061	6
4062	6
4063	6
4064	6
4065	6
4066	6
4067	6
4068	6
4069	6
4070	6
4071	6
4072	6
4073	6
4074	6
4075	6
4076	6
4077	6
4078	6
4079	6
4080	6
4081	6
4082	6
4083	6
4084	6
4085	6
4086	6
4087	6
4088	6
4089	6
4090	6
4091	6
4092	6
4093	6
4094	6
4095	6
4096	6
4097	6
4098	6
4099	6
4100	6
4101	6
4102	6
4103	6
4104	6
4105	6
4106	6
4107	6
4108	6
4109	6
4110	6
4111	6
4112	6
4113	6
4114	6
4115	6
4116	6
4117	6
4118	6
4119	6
4120	6
4121	6
4122	6
4123	6
4124	6
4125	6
4126	6
4127	6
4128	6
4129	6
4130	6
4131	6
4132	6
4133	6
4134	6
4135	6
4136	6
4137	6
4138	6
4139	6
4140	6
4141	6
4142	6
4143	6
4144	6
4145	6
4146	6
4147	6
4148	6
4149	6
4150	6
4151	6
4152	6
4153	6
4154	6
4155	6
4156	6
4157	6
4158	6
4159	6
4160	6
4161	6
4162	6
4163	6
4164	6
4165	6
4166	6
4167	6
4168	6
4169	6
4170	6
4171	6
4172	6
4173	6
4174	6
4175	6
4176	6
4177	6
4178	6
4179	6
4180	6
4181	6
4182	6
4183	6
4184	6
4185	6
4186	6
4187	6
4188	6
4189	6
4190	6
4191	6
4192	6
4193	6
4194	6
4195	6
4196	6
4197	6
4198	6
4199	6
4200	6
4201	6
4202	6
4203	6
4204	6
4205	6
4206	6
4207	6
4208	6
4209	6
4210	6
4211	6
4212	6
4213	6
4214	6
4215	6
4216	6
4217	6
4218	6
4219	6
4220	6
4221	6
4222	6
4223	6
4224	6
4225	6
4226	6
4227	6
4228	6
4229	6
4230	6
4231	6
4232	6
4233	6
4234	6
4235	6
4236	6
4237	6
4238	6
4239	6
4240	6
4241	6
4242	6
4243	6
4244	6
4245	6
4246	6
4247	6
4248	6
4249	6
4250	6
4251	6
4252	6
4253	6
4254	6
4255	6
4256	6
4257	6
4258	6
4259	6
4260	6
4261	6
4262	6
4263	6
4264	6
4265	6
4266	6
4267	6
4268	6
4269	6
4270	6
4271	6
4272	6
4273	6
4274	6
4275	6
4276	6
4277	6
4278	6
4279	6
4280	6
4281	6
4282	6
4283	6
4284	6
4285	6
4286	6
4287	6
4288	6
4289	6
4290	6
4291	6
4292	6
4293	6
4294	6
4295	6
4296	6
4297	6
4298	6
4299	6
4300	6
4301	6
4302	6
4303	6
4304	6
4305	6
4306	6
4307	6
4308	6
4309	6
4310	6
4311	6
4312	6
4313	6
4314	6
4315	6
4316	6
4317	6
4318	6
4319	6
4320	6
4321	6
4322	6
4323	6
4324	6
4325	6
4326	6
4327	6
4328	6
4329	6
4330	6
4331	6
4332	6
4333	6
4334	6
4335	6
4336	6
4337	6
4338	6
4339	6
4340	6
4341	6
4342	6
4343	6
4344	6
4345	6
4346	6
4347	6
4348	6
4349	6
4350	6
4351	6
4352	6
4353	6
4354	6
4355	6
4356	6
4357	6
4358	6
4359	6
4360	6
4361	6
4362	6
4363	6
4364	6
4365	6
4366	6
4367	6
4368	6
4369	6
4370	6
4371	6
4372	6
4373	6
4374	6
4375	6
4376	6
4377	6
4378	6
4379	6
4380	6
4381	6
4382	6
4383	6
4384	6
4385	6
4386	6
4387	6
4388	6
4389	6
4390	6
4391	6
4392	6
4393	6
4394	6
4395	6
4396	6
4397	6
4398	6
4399	6
4400	6
4401	6
4402	6
4403	6
4404	6
4405	6
4406	6
4407	6
4408	6
4409	6
4410	6
4411	6
4412	6
4413	6
4414	6
4415	6
4416	6
4417	6
4418	6
4419	6
4420	6
4421	6
4422	6
4423	6
4424	6
4425	6
4426	6
4427	6
4428	6
4429	6
4430	6
4431	6
4432	6
4433	6
4434	6
4435	6
4436	6
4437	6
4438	6
4439	6
4440	6
4441	6
4442	6
4443	6
4444	6
4445	6
4446	6
4447	6
4448	6
4449	6
4450	6
4451	6
4452	6
4453	6
4454	6
4455	6
4456	6
4457	6
4458	6
4459	6
4460	6
4461	6
4462	6
4463	6
4464	6
4465	6
4466	6
4467	6
4468	6
4469	6
4470	6
4471	6
4472	6
4473	6
4474	6
4475	6
4476	6
4477	6
4478	6
4479	6
4480	6
4481	6
4482	6
4483	6
4484	6
4485	6
4486	6
4487	6
4488	6
4489	6
4490	6
4491	6
4492	6
4493	6
4494	6
4495	6
4496	6
4497	6
4498	6
4499	6
4500	6
4501	6
4502	6
4503	6
4504	6
4505	6
4506	6
4507	6
4508	6
4509	6
4510	6
4511	6
4512	6
4513	6
4514	6
4515	6
4516	6
4517	6
4518	6
4519	6
4520	6
4521	6
4522	6
4523	6
4524	6
4525	6
4526	6
4527	6
4528	6
4529	6
4530	6
4531	6
4532	6
4533	6
4534	6
4535	6
4536	6
4537	6
4538	6
4539	6
4540	6
4541	6
4542	6
4543	6
4544	6
4545	6
4546	6
4547	6
4548	6
4549	6
4550	6
4551	6
4552	6
4553	6
4554	6
4555	6
4556	6
4557	6
4558	6
4559	6
4560	6
4561	6
4562	6
4563	6
4564	6
4565	6
4566	6
4567	6
4568	6
4569	6
4570	6
4571	6
4572	6
4573	6
4574	6
4575	6
4576	6
4577	6
4578	6
4579	6
4580	6
4581	6
4582	6
4583	6
4584	6
4585	6
4586	6
4587	6
4588	6
4589	6
4590	6
4591	6
4592	6
4593	6
4594	6
4595	6
4596	6
4597	6
4598	6
4599	6
4600	6
4601	6
4602	6
4603	6
4604	6
4605	6
4606	6
4607	6
4608	6
4609	6
4610	6
4611	6
4612	6
4613	6
4614	6
4615	6
4616	6
4617	6
4618	6
4619	6
4620	6
4621	6
4622	6
4623	6
4624	6
4625	6
4626	6
4627	6
4628	6
4629	6
4630	6
4631	6
4632	6
4633	6
4634	6
4635	6
4636	6
4637	6
4638	6
4639	6
4640	6
4641	6
4642	6
4643	6
4644	6
4645	6
4646	6
4647	6
4648	6
4649	6
4650	6
4651	6
4652	6
4653	6
4654	6
4655	6
4656	6
4657	6
4658	6
4659	6
4660	6
4661	6
4662	6
4663	6
4664	6
4665	6
4666	6
4667	6
4668	6
4669	6
4670	6
4671	6
4672	6
4673	6
4674	6
4675	6
4676	6
4677	6
4678	6
4679	6
4680	6
4681	6
4682	6
4683	6
4684	6
4685	6
4686	6
4687	6
4688	6
4689	6
4690	6
4691	6
4692	6
4693	6
4694	6
4695	6
4696	6
4697	6
4698	6
4699	6
4700	6
4701	6
4702	6
4703	6
4704	6
4705	6
4706	6
4707	6
4708	6
4709	6
4710	6
4711	6
4712	6
4713	6
4714	6
4715	6
4716	6
4717	6
4718	6
4719	6
4720	6
4721	6
4722	6
4723	6
4724	6
4725	6
4726	6
4727	6
4728	6
4729	6
4730	6
4731	6
4732	6
4733	6
4734	6
4735	6
4736	6
4737	6
4738	6
4739	6
4740	6
4741	6
4742	6
4743	6
4744	6
4745	6
4746	6
4747	6
4748	6
4749	6
4750	6
4751	6
4752	6
4753	6
4754	6
4755	6
4756	6
4757	6
4758	6
4759	6
4760	6
4761	6
4762	6
4763	6
4764	6
4765	6
4766	6
4767	6
4768	6
4769	6
4770	6
4771	6
4772	6
4773	6
4774	6
4775	6
4776	6
4777	6
4778	6
4779	6
4780	6
4781	6
4782	6
4783	6
4784	6
4785	6
4786	6
4787	6
4788	6
4789	6
4790	6
4791	6
4792	6
4793	6
4794	6
4795	6
4796	6
4797	6
4798	6
4799	6
4800	6
4801	6
4802	6
4803	6
4804	6
4805	6
4806	6
4807	6
4808	6
4809	6
4810	6
4811	6
4812	6
4813	6
4814	6
4815	6
4816	6
4817	6
4818	6
4819	6
4820	6
4821	6
4822	6
4823	6
4824	6
4825	6
4826	6
4827	6
4828	6
4829	6
4830	6
4831	6
4832	6
4833	6
4834	6
4835	6
4836	6
4837	6
4838	6
4839	6
4840	6
4841	6
4842	6
4843	6
4844	6
4845	6
4846	6
4847	6
4848	6
4849	6
4850	6
4851	6
4852	6
4853	6
4854	6
4855	6
4856	6
4857	6
4858	6
4859	6
4860	6
4861	6
4862	6
4863	6
4864	6
4865	6
4866	6
4867	6
4868	6
4869	6
4870	6
4871	6
4872	6
4873	6
4874	6
4875	6
4876	6
4877	6
4878	6
4879	6
4880	6
4881	6
4882	6
4883	6
4884	6
4885	6
4886	6
4887	6
4888	6
4889	6
4890	6
4891	6
4892	6
4893	6
4894	6
4895	6
4896	6
4897	6
4898	6
4899	6
4900	6
4901	6
4902	6
4903	6
4904	6
4905	6
4906	6
4907	6
4908	6
4909	6
4910	6
4911	6
4912	6
4913	6
4914	6
4915	6
4916	6
4917	6
4918	6
4919	6
4920	6
4921	6
4922	6
4923	6
4924	6
4925	6
4926	6
4927	6
4928	6
4929	6
4930	6
4931	6
4932	6
4933	6
4934	6
4935	6
4936	6
4937	6
4938	6
4939	6
4940	6
4941	6
4942	6
4943	6
4944	6
4945	6
4946	6
4947	6
4948	6
4949	6
4950	6
4951	6
4952	6
4953	6
4954	6
4955	6
4956	6
4957	6
4958	6
4959	6
4960	6
4961	6
4962	6
4963	6
4964	6
4965	6
4966	6
4967	6
4968	6
4969	6
4970	6
4971	6
4972	6
4973	6
4974	6
4975	6
4976	6
4977	6
4978	6
4979	6
4980	6
4981	6
4982	6
4983	6
4984	6
4985	6
4986	6
4987	6
4988	6
4989	6
4990	6
4991	6
4992	6
4993	6
4994	6
4995	6
4996	6
4997	6
4998	6
4999	6
5000	6
5001	6
5002	6
5003	6
5004	6
5005	6
5006	6
5007	6
5008	6
5009	6
5010	6
5011	6
5012	6
5013	6
5014	6
5015	6
5016	6
5017	6
5018	6
5019	6
5020	6
5021	6
5022	6
5023	6
5024	6
5025	6
5026	6
5027	6
5028	6
5029	6
5030	6
5031	6
5032	6
5033	6
5034	6
5035	6
5036	6
5037	6
5038	6
5039	6
5040	6
5041	6
5042	6
5043	6
5044	6
5045	6
5046	6
5047	6
5048	6
5049	6
5050	6
5051	6
5052	6
5053	6
5054	6
5055	6
5056	6
5057	6
5058	6
5059	6
5060	6
5061	6
5062	6
5063	6
5064	6
5065	6
5066	6
5067	6
5068	6
5069	6
5070	6
5071	6
5072	6
5073	6
5074	6
5075	6
5076	6
5077	6
5078	6
5079	6
5080	6
5081	6
5082	6
5083	6
5084	6
5085	6
5086	6
5087	6
5088	6
5089	6
5090	6
5091	6
5092	6
5093	6
5094	6
5095	6
5096	6
5097	6
5098	6
5099	6
5100	6
5101	6
5102	6
5103	6
5104	6
5105	6
5106	6
5107	6
5108	6
5109	6
5110	6
5111	6
5112	6
5113	6
5114	6
5115	6
5116	6
5117	6
5118	6
5119	6
5120	6
5121	6
5122	6
5123	6
5124	6
5125	6
5126	6
5127	6
5128	6
5129	6
5130	6
5131	6
5132	6
5133	6
5134	6
5135	6
5136	6
5137	6
5138	6
5139	6
5140	6
5141	6
5142	6
5143	6
5144	6
5145	6
5146	6
5147	6
5148	6
5149	6
5150	6
5151	6
5152	6
5153	6
5154	6
5155	6
5156	6
5157	6
5158	6
5159	6
5160	6
5161	6
5162	6
5163	6
5164	6
5165	6
5166	6
5167	6
5168	6
5169	6
5170	6
5171	6
5172	6
5173	6
5174	6
5175	6
5176	6
5177	6
5178	6
5179	6
5180	6
5181	6
5182	6
5183	6
5184	6
5185	6
5186	6
5187	6
5188	6
5189	6
5190	6
5191	6
5192	6
5193	6
5194	6
5195	6
5196	6
5197	6
5198	6
5199	6
5200	6
5201	6
5202	6
5203	6
5204	6
5205	6
5206	6
5207	6
5208	6
5209	6
5210	6
5211	6
5212	6
5213	6
5214	6
5215	6
5216	6
5217	6
5218	6
5219	6
5220	6
5221	6
5222	6
5223	6
5224	6
5225	6
5226	6
5227	6
5228	6
5229	6
5230	6
5231	6
5232	6
5233	6
5234	6
5235	6
5236	6
5237	6
5238	6
5239	6
5240	6
5241	6
5242	6
5243	6
5244	6
5245	6
5246	6
5247	6
5248	6
5249	6
5250	6
5251	6
5252	6
5253	6
5254	6
5255	6
5256	6
5257	6
5258	6
5259	6
5260	6
5261	6
5262	6
5263	6
5264	6
5265	6
5266	6
5267	6
5268	6
5269	6
5270	6
5271	6
5272	6
5273	6
5274	6
5275	6
5276	6
5277	6
5278	6
5279	6
5280	6
5281	6
5282	6
5283	6
5284	6
5285	6
5286	6
5287	6
5288	6
5289	6
5290	6
5291	6
5292	6
5293	6
5294	6
5295	6
5296	6
5297	6
5298	6
5299	6
5300	6
5301	6
5302	6
5303	6
5304	6
5305	6
5306	6
5307	6
5308	6
5309	6
5310	6
5311	6
5312	6
5313	6
5314	6
5315	6
5316	6
5317	6
5318	6
5319	6
5320	6
5321	6
5322	6
5323	6
5324	6
5325	6
5326	6
5327	6
5328	6
5329	6
5330	6
5331	6
5332	6
5333	6
5334	6
5335	6
5336	6
5337	6
5338	6
5339	6
5340	6
5341	6
5342	6
5343	6
5344	6
5345	6
5346	6
5347	6
5348	6
5349	6
5350	6
5351	6
5352	6
5353	6
5354	6
5355	6
5356	6
5357	6
5358	6
5359	6
5360	6
5361	6
5362	6
5363	6
5364	6
5365	6
5366	6
5367	6
5368	6
5369	6
5370	6
5371	6
5372	6
5373	6
5374	6
5375	6
5376	6
5377	6
5378	6
5379	6
5380	6
5381	6
5382	6
5383	6
5384	6
5385	6
5386	6
5387	6
5388	6
5389	6
5390	6
5391	6
5392	6
5393	6
5394	6
5395	6
5396	6
5397	6
5398	6
5399	6
5400	6
5401	6
5402	6
5403	6
5404	6
5405	6
5406	6
5407	6
5408	6
5409	6
5410	6
5411	6
5412	6
5413	6
5414	6
5415	6
5416	6
5417	6
5418	6
5419	6
5420	6
5421	6
5422	6
5423	6
5424	6
5425	6
5426	6
5427	6
5428	6
5429	6
5430	6
5431	6
5432	6
5433	6
5434	6
5435	6
5436	6
5437	6
5438	6
5439	6
5440	6
5441	6
5442	6
5443	6
5444	6
5445	6
5446	6
5447	6
5448	6
5449	6
5450	6
5451	6
5452	6
5453	6
5454	6
5455	6
5456	6
5457	6
5458	6
5459	6
5460	6
5461	6
5462	6
5463	6
5464	6
5465	6
5466	6
5467	6
5468	6
5469	6
5470	6
5471	6
5472	6
5473	6
5474	6
5475	6
5476	6
5477	6
5478	6
5479	6
5480	6
5481	6
5482	6
5483	6
5484	6
5485	6
5486	6
5487	6
5488	6
5489	6
5490	6
5491	6
5492	6
5493	6
5494	6
5495	6
5496	6
5497	6
5498	6
5499	6
5500	6
5501	6
5502	6
5503	6
5504	6
5505	6
5506	6
5507	6
5508	6
5509	6
5510	6
5511	6
5512	6
5513	6
5514	6
5515	6
5516	6
5517	6
5518	6
5519	6
5520	6
5521	6
5522	6
5523	6
5524	6
5525	6
5526	6
5527	6
5528	6
5529	6
5530	6
5531	6
5532	6
5533	6
5534	6
5535	6
5536	6
5537	6
5538	6
5539	6
5540	6
5541	6
5542	6
5543	6
5544	6
5545	6
5546	6
5547	6
5548	6
5549	6
5550	6
5551	6
5552	6
5553	6
5554	6
5555	6
5556	6
5557	6
5558	6
5559	6
5560	6
5561	6
5562	6
5563	6
5564	6
5565	6
5566	6
5567	6
5568	6
5569	6
5570	6
5571	6
5572	6
5573	6
5574	6
5575	6
5576	6
5577	6
5578	6
5579	6
5580	6
5581	6
5582	6
5583	6
5584	6
5585	6
5586	6
5587	6
5588	6
5589	6
5590	6
5591	6
5592	6
5593	6
5594	6
5595	6
5596	6
5597	6
5598	6
5599	6
5600	6
5601	6
5602	6
5603	6
5604	6
5605	6
5606	6
5607	6
5608	6
5609	6
5610	6
5611	6
5612	6
5613	6
5614	6
5615	6
5616	6
5617	6
5618	6
5619	6
5620	6
5621	6
5622	6
5623	6
5624	6
5625	6
5626	6
5627	6
5628	6
5629	6
5630	6
5631	6
5632	6
5633	6
5634	6
5635	6
5636	6
5637	6
5638	6
5639	6
5640	6
5641	6
5642	6
5643	6
5644	6
5645	6
5646	6
5647	6
5648	6
5649	6
5650	6
5651	6
5652	6
5653	6
5654	6
5655	6
5656	6
5657	6
5658	6
5659	6
5660	6
5661	6
5662	6
5663	6
5664	6
5665	6
5666	6
5667	6
5668	6
5669	6
5670	6
5671	6
5672	6
5673	6
5674	6
5675	6
5676	6
5677	6
5678	6
5679	6
5680	7
5681	7
5682	7
5683	7
5684	7
5685	7
5686	7
5687	7
5688	7
5689	7
5690	7
5691	7
5692	7
5693	7
5694	7
5695	7
5696	7
5697	7
5698	7
5699	7
5700	7
5701	7
5702	7
5703	7
5704	7
5705	7
5706	7
5707	7
5708	7
5709	7
5710	7
5711	7
5712	7
5713	7
5714	7
5715	7
5716	7
5717	7
5718	7
5719	7
5720	7
5721	7
5722	7
5723	7
5724	7
5725	7
5726	7
5727	7
5728	7
5729	7
5730	7
5731	7
5732	7
5733	7
5734	7
5735	7
5736	7
5737	7
5738	7
5739	7
5740	7
5741	7
5742	7
5743	7
5744	7
5745	7
5746	7
5747	7
5748	7
5749	7
5750	7
5751	7
5752	7
5753	7
5754	7
5755	7
5756	7
5757	7
5758	7
5759	7
5760	7
5761	7
5762	7
5763	7
5764	7
5765	7
5766	7
5767	7
5768	7
5769	7
5770	7
5771	7
5772	7
5773	7
5774	7
5775	7
5776	7
5777	7
5778	7
5779	7
5780	7
5781	7
5782	7
5783	7
5784	7
5785	7
5786	7
5787	7
5788	7
5789	7
5790	7
5791	7
5792	7
5793	7
5794	7
5795	7
5796	7
5797	7
5798	7
5799	7
5800	7
5801	7
5802	7
5803	7
5804	7
5805	7
5806	7
5807	7
5808	7
5809	7
5810	7
5811	7
5812	7
5813	7
5814	7
5815	7
5816	7
5817	7
5818	7
5819	7
5820	7
5821	7
5822	7
5823	7
5824	7
5825	7
5826	7
5827	7
5828	7
5829	7
5830	7
5831	7
5832	8
5833	8
5834	8
5835	8
5836	8
5837	8
5838	8
5839	8
5840	8
5841	8
5842	8
5843	8
5844	8
5845	8
5846	8
5847	8
5848	8
5849	8
5850	8
5851	8
5852	8
5853	8
5854	8
5855	8
5856	8
5857	8
5858	8
5859	8
5860	8
5861	8
5862	8
5863	8
5864	8
5865	8
5866	8
5867	8
5868	8
5869	8
5870	8
5871	8
5872	8
5873	8
5874	8
5875	8
5876	8
5877	8
5878	8
5879	8
5880	8
5881	8
5882	8
5883	8
5884	8
5885	8
5886	8
5887	8
5888	8
5889	8
5890	8
5891	8
5892	8
5893	8
5894	8
5895	8
5896	8
5897	8
5898	8
5899	8
5900	8
5901	8
5902	8
5903	8
5904	8
5905	8
5906	8
5907	8
5908	8
5909	8
5910	8
5911	8
5912	8
5913	8
5914	8
5915	8
5916	8
5917	8
5918	8
5919	8
5920	8
5921	8
5922	8
5923	8
5924	8
5925	8
5926	8
5927	8
5928	8
5929	8
5930	8
5931	8
5932	8
5933	8
5934	8
5935	8
5936	8
5937	8
5938	8
5939	8
5940	8
5941	8
5942	8
5943	8
5944	8
5945	8
5946	8
5947	8
5948	8
5949	8
5950	8
5951	8
5952	8
5953	8
5954	8
5955	8
5956	8
5957	8
5958	8
5959	8
5960	8
5961	8
5962	8
5963	8
5964	8
5965	8
5966	8
5967	8
5968	8
5969	8
5970	8
5971	8
5972	8
5973	8
5974	8
5975	8
5976	8
5977	8
5978	8
5979	9
5980	9
5981	9
5982	9
5983	9
5984	9
5985	9
5986	9
5987	9
5988	9
5989	9
5990	9
5991	9
5992	9
5993	9
5994	9
5995	9
5996	9
5997	9
5998	9
5999	9
6000	9
6001	9
6002	9
6003	9
6004	9
6005	9
6006	9
6007	9
6008	9
6009	9
6010	9
6011	9
6012	9
6013	9
6014	9
6015	9
6016	9
6017	9
6018	9
6019	9
6020	9
6021	9
6022	9
6023	9
6024	9
6025	9
6026	9
6027	9
6028	9
6029	9
6030	9
6031	9
6032	9
6033	9
6034	9
6035	9
6036	9
6037	9
6038	9
6039	9
6040	9
6041	9
6042	9
6043	9
6044	9
6045	9
6046	9
6047	9
6048	9
6049	9
6050	9
6051	9
6052	9
6053	9
6054	9
6055	9
6056	9
6057	9
6058	9
6059	9
6060	9
6061	9
6062	9
6063	9
6064	9
6065	9
6066	9
6067	9
6068	9
6069	9
6070	9
6071	9
6072	9
6073	9
6074	9
6075	9
6076	9
6077	9
6078	9
6079	9
6080	9
6081	9
6082	9
6083	9
6084	9
6085	9
6086	9
6087	9
6088	9
6089	9
6090	9
6091	9
6092	9
6093	9
6094	9
6095	9
6096	9
6097	9
6098	9
6099	9
6100	9
6101	9
6102	9
6103	9
6104	9
6105	9
6106	9
6107	9
6108	9
6109	9
6110	9
6111	9
6112	9
6113	9
6114	9
6115	9
6116	9
6117	9
6118	9
6119	9
6120	9
6121	9
6122	9
6123	9
6124	9
6125	9
6126	9
6127	9
6128	9
6129	9
6130	9
6131	9
6132	9
6133	9
6134	9
6135	9
6136	9
6137	9
6138	9
6139	9
6140	9
6141	9
6142	9
6143	9
6144	9
6145	9
6146	9
6147	9
6148	9
6149	9
6150	9
6151	9
6152	9
6153	9
6154	9
6155	9
6156	9
6157	9
6158	9
6159	9
6160	9
6161	9
6162	9
6163	9
6164	9
6165	9
6166	9
6167	9
6168	9
6169	9
6170	9
6171	9
6172	9
6173	9
6174	9
6175	9
6176	9
6177	9
6178	9
6179	9
6180	9
6181	9
6182	9
6183	9
6184	9
6185	9
6186	9
6187	9
6188	9
6189	9
6190	9
6191	9
6192	9
6193	9
6194	9
6195	9
6196	9
6197	9
6198	9
6199	9
6200	9
6201	9
6202	9
6203	9
6204	9
6205	9
6206	9
6207	9
6208	9
6209	9
6210	9
6211	9
6212	9
6213	9
6214	9
6215	9
6216	9
6217	9
6218	9
6219	9
6220	9
6221	9
6222	9
6223	9
6224	9
6225	9
6226	9
6227	9
6228	9
6229	9
6230	9
6231	9
6232	9
6233	9
6234	9
6235	9
6236	9
6237	9
6238	9
6239	9
6240	9
6241	9
6242	9
6243	9
6244	9
6245	9
6246	9
6247	9
6248	9
6249	9
6250	9
6251	9
6252	9
6253	9
6254	9
6255	9
6256	9
6257	9
6258	9
6259	9
6260	9
6261	9
6262	9
6263	9
6264	9
6265	9
6266	9
6267	9
6268	9
6269	9
6270	9
6271	9
6272	9
6273	9
6274	9
6275	9
6276	9
6277	9
6278	9
6279	9
6280	9
6281	9
6282	9
6283	9
6284	9
6285	9
6286	9
6287	9
6288	9
6289	9
6290	9
6291	9
6292	9
6293	9
6294	9
6295	9
6296	9
6297	9
6298	9
6299	9
6300	9
6301	9
6302	9
6303	9
6304	9
6305	9
6306	9
6307	9
6308	9
6309	9
6310	9
6311	9
6312	9
6313	9
6314	9
6315	9
6316	9
6317	9
6318	9
6319	9
6320	9
6321	9
6322	9
6323	9
6324	9
6325	9
6326	9
6327	9
6328	9
6329	9
6330	9
6331	9
6332	9
6333	9
6334	9
6335	9
6336	9
6337	9
6338	9
6339	9
6340	9
6341	9
6342	9
6343	9
6344	9
6345	9
6346	9
6347	9
6348	9
6349	9
6350	9
6351	9
6352	9
6353	9
6354	9
6355	9
6356	9
6357	9
6358	9
6359	9
6360	9
6361	9
6362	9
6363	9
6364	9
6365	9
6366	9
6367	9
6368	9
6369	9
6370	9
6371	9
6372	9
6373	9
6374	9
6375	9
6376	9
6377	9
6378	9
6379	9
6380	9
6381	9
6382	9
6383	9
6384	9
6385	9
6386	9
6387	9
6388	9
6389	9
6390	9
6391	9
6392	9
6393	9
6394	9
6395	9
6396	9
6397	9
6398	9
6399	9
6400	9
6401	9
6402	9
6403	9
6404	9
6405	9
6406	9
6407	9
6408	9
6409	9
6410	9
6411	9
6412	9
6413	9
6414	9
6415	9
6416	9
6417	9
6418	9
6419	9
6420	9
6421	9
6422	9
6423	9
6424	9
6425	9
6426	9
6427	9
6428	9
6429	9
6430	9
6431	9
6432	9
6433	9
6434	9
6435	9
6436	9
6437	9
6438	9
6439	9
6440	9
6441	9
6442	9
6443	9
6444	9
6445	9
6446	9
6447	9
6448	9
6449	9
6450	9
6451	9
6452	9
6453	9
6454	9
6455	9
6456	9
6457	9
6458	9
6459	9
6460	9
6461	9
6462	9
6463	9
6464	9
6465	9
6466	9
6467	9
6468	9
6469	9
6470	9
6471	9
6472	9
6473	9
6474	9
6475	9
6476	9
6477	9
6478	9
6479	9
6480	9
6481	9
6482	9
6483	9
6484	9
6485	9
6486	9
6487	9
6488	9
6489	9
6490	9
6491	9
6492	9
6493	9
6494	9
6495	9
6496	9
6497	9
6498	9
6499	9
6500	9
6501	9
6502	9
6503	9
6504	9
6505	9
6506	9
6507	9
6508	9
6509	9
6510	9
6511	9
6512	9
6513	9
6514	9
6515	9
6516	9
6517	9
6518	9
6519	9
6520	9
6521	9
6522	9
6523	9
6524	9
6525	9
6526	9
6527	9
6528	9
6529	9
6530	9
6531	9
6532	9
6533	9
6534	9
6535	9
6536	9
6537	9
6538	9
6539	9
6540	9
6541	9
6542	9
6543	9
6544	9
6545	9
6546	9
6547	9
6548	9
6549	9
6550	9
6551	9
6552	9
6553	9
6554	9
6555	9
6556	9
6557	9
6558	9
6559	9
6560	9
6561	9
6562	9
6563	9
6564	9
6565	9
6566	9
6567	9
6568	9
6569	9
6570	9
6571	9
6572	9
6573	9
6574	9
6575	9
6576	9
6577	9
6578	9
6579	9
6580	9
6581	9
6582	9
6583	9
6584	9
6585	9
6586	9
6587	9
6588	9
6589	9
6590	9
6591	9
6592	9
6593	9
6594	9
6595	9
6596	9
6597	9
6598	9
6599	9
6600	9
6601	9
6602	9
6603	9
6604	9
6605	9
6606	9
6607	9
6608	9
6609	9
6610	9
6611	9
6612	9
6613	9
6614	9
6615	9
6616	9
6617	9
6618	9
6619	9
6620	9
6621	9
6622	9
6623	9
6624	9
6625	9
6626	9
6627	9
6628	9
6629	9
6630	9
6631	9
6632	9
6633	9
6634	9
6635	9
6636	9
6637	9
6638	9
6639	9
6640	9
6641	9
6642	9
6643	9
6644	9
6645	9
6646	9
6647	9
6648	9
6649	9
6650	9
6651	9
6652	9
6653	9
6654	9
6655	9
6656	9
6657	9
6658	9
6659	9
6660	9
6661	9
6662	9
6663	9
6664	9
6665	9
6666	9
6667	9
6668	9
6669	9
6670	9
6671	9
6672	9
6673	9
6674	9
6675	9
6676	9
6677	9
6678	9
6679	9
6680	9
6681	9
6682	9
6683	9
6684	9
6685	9
6686	9
6687	9
6688	9
6689	9
6690	9
6691	9
6692	9
6693	9
6694	9
6695	9
6696	9
6697	9
6698	9
6699	9
6700	9
6701	9
6702	9
6703	9
6704	9
6705	9
6706	9
6707	9
6708	9
6709	9
6710	9
6711	9
6712	9
6713	9
6714	9
6715	9
6716	9
6717	9
6718	9
6719	9
6720	9
6721	9
6722	9
6723	9
6724	9
6725	9
6726	9
6727	9
6728	9
6729	9
6730	9
6731	9
6732	9
6733	9
6734	9
6735	9
6736	9
6737	9
6738	9
6739	9
6740	9
6741	9
6742	9
6743	9
6744	9
6745	9
6746	9
6747	9
6748	9
6749	9
6750	9
6751	9
6752	9
6753	9
6754	9
6755	9
6756	9
6757	9
6758	9
6759	9
6760	9
6761	9
6762	9
6763	9
6764	9
6765	9
6766	9
6767	9
6768	9
6769	9
6770	9
6771	9
6772	9
6773	9
6774	9
6775	9
6776	9
6777	9
6778	9
6779	9
6780	9
6781	9
6782	9
6783	9
6784	9
6785	9
6786	9
6787	9
6788	9
6789	9
6790	9
6791	9
6792	9
6793	9
6794	9
6795	9
6796	9
6797	9
6798	9
6799	9
6800	9
6801	9
6802	9
6803	9
6804	9
6805	9
6806	9
6807	9
6808	9
6809	9
6810	9
6811	9
6812	9
6813	9
6814	9
6815	9
6816	9
6817	9
6818	9
6819	9
6820	9
6821	9
6822	9
6823	9
6824	9
6825	9
6826	9
6827	9
6828	9
6829	9
6830	9
6831	9
6832	9
6833	9
6834	9
6835	9
6836	9
6837	9
6838	9
6839	9
6840	9
6841	9
6842	9
6843	9
6844	9
6845	9
6846	9
6847	9
6848	9
6849	9
6850	9
6851	9
6852	9
6853	9
6854	9
6855	9
6856	9
6857	9
6858	9
6859	9
6860	9
6861	9
6862	9
6863	9
6864	9
6865	9
6866	9
6867	9
6868	9
6869	9
6870	9
6871	9
6872	9
6873	9
6874	9
6875	9
6876	9
6877	9
6878	9
6879	9
6880	9
6881	9
6882	9
6883	9
6884	9
6885	9
6886	9
6887	9
6888	9
6889	9
6890	9
6891	9
6892	9
6893	9
6894	9
6895	9
6896	9
6897	9
6898	9
6899	9
6900	9
6901	9
6902	9
6903	9
6904	9
6905	9
6906	9
6907	9
6908	9
6909	9
6910	9
6911	9
6912	9
6913	9
6914	9
6915	9
6916	9
6917	9
6918	9
6919	9
6920	9
6921	9
6922	9
6923	9
6924	9
6925	9
6926	9
6927	9
6928	9
6929	9
6930	9
6931	9
6932	9
6933	9
6934	9
6935	9
6936	9
6937	9
6938	9
6939	9
6940	9
6941	9
6942	9
6943	9
6944	9
6945	9
6946	9
6947	9
6948	9
6949	9
6950	9
6951	9
6952	9
6953	9
6954	9
6955	9
6956	9
6957	9
6958	9
6959	9
6960	9
6961	9
6962	9
6963	9
6964	9
6965	9
6966	9
6967	9
6968	9
6969	9
6970	9
6971	9
6972	9
6973	9
6974	9
6975	9
6976	9
6977	9
6978	9
6979	9
6980	9
6981	9
6982	9
6983	9
6984	9
6985	9
6986	9
6987	9
6988	9
6989	9
6990	9
6991	9
6992	9
6993	9
6994	9
6995	9
6996	9
6997	9
6998	9
6999	9
7000	9
7001	9
7002	9
7003	9
7004	9
7005	9
7006	9
7007	9
7008	9
7009	9
7010	9
7011	9
7012	9
7013	9
7014	9
7015	9
7016	9
7017	9
7018	9
7019	9
7020	9
7021	9
7022	9
7023	9
7024	9
7025	9
7026	9
7027	9
7028	9
7029	9
7030	9
7031	9
7032	9
7033	9
7034	9
7035	9
7036	9
7037	9
7038	9
7039	9
7040	9
7041	9
7042	9
7043	9
7044	9
7045	9
7046	9
7047	9
7048	9
7049	9
7050	9
7051	9
7052	9
7053	9
7054	9
7055	9
7056	9
7057	9
7058	9
7059	9
7060	9
7061	9
7062	9
7063	9
7064	9
7065	9
7066	9
7067	9
7068	9
7069	9
7070	9
7071	9
7072	9
7073	9
7074	9
7075	9
7076	9
7077	9
7078	9
7079	9
7080	9
7081	9
7082	9
7083	9
7084	9
7085	9
7086	9
7087	9
7088	9
7089	9
7090	9
7091	9
7092	9
7093	9
7094	9
7095	9
7096	9
7097	9
7098	9
7099	9
7100	9
7101	9
7102	9
7103	9
7104	9
7105	9
7106	9
7107	9
7108	9
7109	9
7110	9
7111	9
7112	9
7113	9
7114	9
7115	9
7116	9
7117	9
7118	9
7119	9
7120	9
7121	9
7122	9
7123	9
7124	9
7125	9
7126	9
7127	9
7128	9
7129	9
7130	9
7131	9
7132	9
7133	9
7134	9
7135	9
7136	9
7137	9
7138	9
7139	9
7140	9
7141	9
7142	9
7143	9
7144	9
7145	9
7146	9
7147	9
7148	9
7149	9
7150	9
7151	9
7152	9
7153	9
7154	9
7155	9
7156	9
7157	9
7158	9
7159	9
7160	9
7161	9
7162	9
7163	9
7164	9
7165	9
7166	9
7167	9
7168	9
7169	9
7170	9
7171	9
7172	9
7173	9
7174	9
7175	9
7176	9
7177	9
7178	9
7179	9
7180	9
7181	9
7182	9
7183	9
7184	9
7185	9
7186	9
7187	9
7188	9
7189	9
7190	9
7191	9
7192	9
7193	9
7194	9
7195	9
7196	9
7197	9
7198	9
7199	9
7200	9
7201	9
7202	9
7203	9
7204	9
7205	9
7206	9
7207	9
7208	9
7209	9
7210	9
7211	9
7212	9
7213	9
7214	9
7215	9
7216	9
7217	9
7218	9
7219	9
7220	9
7221	9
7222	9
7223	9
7224	9
7225	9
7226	9
7227	9
7228	9
7229	9
7230	9
7231	9
7232	9
7233	9
7234	9
7235	9
7236	9
7237	9
7238	9
7239	9
7240	9
7241	9
7242	9
7243	9
7244	9
7245	9
7246	9
7247	9
7248	9
7249	9
7250	9
7251	9
7252	9
7253	9
7254	9
7255	9
7256	9
7257	9
7258	9
7259	9
7260	9
7261	9
7262	9
7263	9
7264	9
7265	9
7266	9
7267	9
7268	9
7269	9
7270	9
7271	9
7272	9
7273	9
7274	9
7275	9
7276	9
7277	9
7278	9
7279	9
7280	9
7281	9
7282	9
7283	9
7284	9
7285	9
7286	9
7287	9
7288	9
7289	9
7290	9
7291	9
7292	9
7293	9
7294	9
7295	9
7296	9
7297	9
7298	9
7299	9
7300	9
7301	9
7302	9
7303	9
7304	9
7305	9
7306	9
7307	9
7308	9
7309	9
7310	9
7311	9
7312	9
7313	9
7314	9
7315	9
7316	9
7317	9
7318	9
7319	9
7320	9
7321	9
7322	9
7323	9
7324	9
7325	9
7326	9
7327	9
7328	9
7329	9
7330	9
7331	9
7332	9
7333	9
7334	9
7335	9
7336	9
7337	9
7338	9
7339	9
7340	9
7341	9
7342	9
7343	9
7344	9
7345	9
7346	9
7347	9
7348	9
7349	9
7350	9
7351	9
7352	9
7353	9
7354	9
7355	9
7356	9
7357	9
7358	9
7359	9
7360	9
7361	9
7362	9
7363	9
7364	9
7365	9
7366	9
7367	9
7368	9
7369	9
7370	9
7371	10
7372	10
7373	10
7374	10
7375	10
7376	10
7377	10
7378	10
7379	10
7380	10
7381	10
7382	10
7383	10
7384	10
7385	10
7386	10
7387	10
7388	10
7389	10
7390	10
7391	10
7392	10
7393	10
7394	10
7395	10
7396	10
7397	10
7398	10
7399	10
7400	10
7401	10
7402	10
7403	10
7404	10
7405	10
7406	10
7407	10
7408	10
7409	10
7410	10
7411	10
7412	10
7413	10
7414	10
7415	10
7416	10
7417	10
7418	10
7419	10
7420	10
7421	10
7422	10
7423	10
7424	10
7425	10
7426	10
7427	10
7428	10
7429	10
7430	10
7431	10
7432	10
7433	10
7434	10
7435	10
7436	10
7437	10
7438	10
7439	10
7440	10
7441	10
7442	10
7443	10
7444	10
7445	10
7446	10
7447	10
7448	10
7449	10
7450	10
7451	10
7452	10
7453	10
7454	10
7455	10
7456	10
7457	10
7458	10
7459	10
7460	10
7461	10
7462	10
7463	10
7464	10
7465	10
7466	10
7467	10
7468	10
7469	10
7470	10
7471	10
7472	10
7473	10
7474	10
7475	10
7476	10
7477	10
7478	10
7479	10
7480	10
7481	10
7482	10
7483	10
7484	10
7485	10
7486	10
7487	10
7488	10
7489	10
7490	10
7491	10
7492	10
7493	10
7494	10
7495	10
7496	10
7497	10
7498	10
7499	10
7500	10
7501	10
7502	10
7503	10
7504	10
7505	10
7506	10
7507	10
7508	10
7509	10
7510	10
7511	10
7512	10
7513	10
7514	10
7515	10
7516	10
7517	10
7518	10
7519	10
7520	10
7521	10
7522	10
7523	10
7524	10
7525	10
7526	10
7527	10
7528	10
7529	10
7530	10
7531	10
7532	10
7533	10
7534	10
7535	10
7536	10
7537	10
7538	10
7539	10
7540	10
7541	10
7542	10
7543	10
7544	10
7545	10
7546	10
7547	10
7548	10
7549	10
7550	10
7551	10
7552	10
7553	10
7554	10
7555	10
7556	10
7557	10
7558	10
7559	10
7560	10
7561	10
7562	10
7563	10
7564	10
7565	10
7566	10
7567	10
7568	10
7569	10
7570	10
7571	10
7572	10
7573	10
7574	10
7575	10
7576	10
7577	10
7578	10
7579	10
7580	10
7581	10
7582	10
7583	10
7584	10
7585	10
7586	10
7587	10
7588	10
7589	10
7590	10
7591	10
7592	10
7593	10
7594	10
7595	10
7596	10
7597	10
7598	10
7599	10
7600	10
7601	10
7602	10
7603	10
7604	10
7605	10
7606	10
7607	10
7608	10
7609	10
7610	10
7611	10
7612	10
7613	10
7614	10
7615	10
7616	10
7617	10
7618	10
7619	10
7620	10
7621	10
7622	10
7623	10
7624	10
7625	10
7626	10
7627	10
7628	10
7629	10
7630	10
7631	10
7632	10
7633	10
7634	10
7635	10
7636	10
7637	10
7638	10
7639	10
7640	10
7641	10
7642	10
7643	10
7644	10
7645	10
7646	10
7647	10
7648	10
7649	10
7650	10
7651	10
7652	10
7653	10
7654	10
7655	10
7656	10
7657	10
7658	10
7659	10
7660	10
7661	10
7662	10
7663	10
7664	10
7665	10
7666	10
7667	10
7668	10
7669	10
7670	10
7671	10
7672	10
7673	10
7674	10
7675	10
7676	10
7677	10
7678	10
7679	10
7680	10
7681	10
7682	10
7683	10
7684	10
7685	10
7686	10
7687	10
7688	10
7689	10
7690	10
7691	10
7692	10
7693	10
7694	10
7695	10
7696	10
7697	10
7698	10
7699	10
7700	10
7701	10
7702	10
7703	10
7704	10
7705	10
7706	10
7707	10
7708	10
7709	10
7710	10
7711	10
7712	10
7713	10
7714	10
7715	10
7716	10
7717	10
7718	10
7719	10
7720	10
7721	10
7722	10
7723	10
7724	10
7725	10
7726	10
7727	10
7728	10
7729	10
7730	10
7731	10
7732	10
7733	10
7734	10
7735	10
7736	10
7737	10
7738	10
7739	10
7740	10
7741	10
7742	10
7743	10
7744	10
7745	10
7746	10
7747	10
7748	10
7749	10
7750	10
7751	10
7752	10
7753	10
7754	10
7755	10
7756	10
7757	10
7758	10
7759	10
7760	10
7761	10
7762	10
7763	10
7764	10
7765	10
7766	10
7767	10
7768	10
7769	10
7770	10
7771	10
7772	10
7773	10
7774	10
7775	10
7776	10
7777	10
7778	10
7779	10
7780	10
7781	10
7782	10
7783	10
7784	10
7785	10
7786	10
7787	10
7788	10
7789	10
7790	10
7791	10
7792	10
7793	10
7794	10
7795	10
7796	10
7797	10
7798	10
7799	10
7800	10
7801	10
7802	10
7803	10
7804	10
7805	10
7806	10
7807	10
7808	10
7809	10
7810	10
7811	10
7812	10
7813	10
7814	10
7815	10
7816	10
7817	10
7818	10
7819	10
7820	10
7821	10
7822	10
7823	10
7824	10
7825	10
7826	10
7827	10
7828	10
7829	10
7830	10
7831	10
7832	10
7833	10
7834	10
7835	10
7836	10
7837	10
7838	10
7839	10
7840	10
7841	10
7842	10
7843	10
7844	10
7845	10
7846	10
7847	10
7848	10
7849	10
7850	10
7851	10
7852	10
7853	10
7854	10
7855	10
7856	10
7857	10
7858	10
7859	10
7860	10
7861	10
7862	10
7863	10
7864	10
7865	10
7866	10
7867	10
7868	10
7869	10
7870	10
7871	10
7872	10
7873	10
7874	10
7875	10
7876	10
7877	10
7878	10
7879	10
7880	10
7881	10
7882	10
7883	10
7884	10
7885	10
7886	10
7887	10
7888	10
7889	10
7890	10
7891	10
7892	10
7893	10
7894	10
7895	10
7896	10
7897	10
7898	10
7899	10
7900	10
7901	10
7902	10
7903	10
7904	10
7905	10
7906	10
7907	10
7908	10
7909	10
7910	10
7911	10
7912	10
7913	10
7914	10
7915	10
7916	10
7917	10
7918	10
7919	10
7920	10
7921	10
7922	10
7923	10
7924	10
7925	10
7926	10
7927	10
7928	10
7929	10
7930	10
7931	10
7932	10
7933	10
7934	10
7935	10
7936	10
7937	10
7938	10
7939	10
7940	10
7941	10
7942	10
7943	10
7944	10
7945	10
7946	10
7947	10
7948	10
7949	10
7950	10
7951	10
7952	10
7953	10
7954	10
7955	10
7956	10
7957	10
7958	10
7959	10
7960	10
7961	10
7962	10
7963	10
7964	10
7965	10
7966	10
7967	10
7968	10
7969	10
7970	10
7971	10
7972	10
7973	10
7974	10
7975	10
7976	10
7977	10
7978	10
7979	10
7980	10
7981	10
7982	10
7983	10
7984	10
7985	10
7986	10
7987	10
7988	10
7989	10
7990	10
7991	10
7992	10
7993	10
7994	10
7995	10
7996	10
7997	10
7998	10
7999	10
8000	10
8001	10
8002	10
8003	10
8004	10
8005	10
8006	10
8007	10
8008	10
8009	10
8010	10
8011	10
8012	10
8013	10
8014	10
8015	10
8016	10
8017	10
8018	10
8019	10
8020	10
8021	10
8022	10
8023	10
8024	10
8025	10
8026	10
8027	10
8028	10
8029	10
8030	10
8031	10
8032	10
8033	10
8034	10
8035	10
8036	10
8037	10
8038	10
8039	10
8040	10
8041	10
8042	10
8043	10
8044	10
8045	10
8046	10
8047	10
8048	10
8049	10
8050	10
8051	10
8052	10
8053	10
8054	10
8055	10
8056	10
8057	10
8058	10
8059	10
8060	10
8061	10
8062	10
8063	10
8064	10
8065	10
8066	10
8067	10
8068	10
8069	10
8070	10
8071	10
8072	10
8073	10
8074	10
8075	10
8076	10
8077	10
8078	10
8079	10
8080	10
8081	10
8082	10
8083	10
8084	10
8085	10
8086	10
8087	10
8088	10
8089	10
8090	10
8091	10
8092	10
8093	10
8094	10
8095	10
8096	10
8097	10
8098	10
8099	10
8100	10
8101	10
8102	10
8103	10
8104	10
8105	10
8106	10
8107	10
8108	10
8109	10
8110	10
8111	10
8112	10
8113	10
8114	10
8115	10
8116	10
8117	10
8118	10
8119	10
8120	10
8121	10
8122	10
8123	10
8124	10
8125	10
8126	10
8127	10
8128	10
8129	10
8130	10
8131	10
8132	10
8133	10
8134	10
8135	10
8136	10
8137	10
8138	10
8139	10
8140	10
8141	10
8142	10
8143	10
8144	10
8145	10
8146	10
8147	10
8148	10
8149	10
8150	10
8151	10
8152	10
8153	10
8154	10
8155	10
8156	10
8157	10
8158	10
8159	10
8160	10
8161	10
8162	10
8163	10
8164	10
8165	10
8166	10
8167	10
8168	10
8169	10
8170	10
8171	10
8172	10
8173	10
8174	10
8175	10
8176	10
8177	10
8178	10
8179	10
8180	10
8181	10
8182	10
8183	10
8184	10
8185	10
8186	10
8187	10
8188	10
8189	10
8190	10
8191	10
8192	10
8193	10
8194	10
8195	10
8196	10
8197	10
8198	10
8199	10
8200	10
8201	10
8202	10
8203	10
8204	10
8205	10
8206	10
8207	10
8208	10
8209	10
8210	10
8211	10
8212	10
8213	10
8214	10
8215	10
8216	10
8217	10
8218	10
8219	10
8220	10
8221	10
8222	10
8223	10
8224	10
8225	10
8226	10
8227	10
8228	10
8229	10
8230	10
8231	10
8232	10
8233	10
8234	10
8235	10
8236	10
8237	10
8238	10
8239	10
8240	10
8241	10
8242	10
8243	10
8244	10
8245	10
8246	10
8247	10
8248	10
8249	10
8250	10
8251	10
8252	10
8253	10
8254	10
8255	10
8256	10
8257	10
8258	10
8259	10
8260	10
8261	10
8262	10
8263	10
8264	10
8265	10
8266	10
8267	10
8268	10
8269	10
8270	10
8271	10
8272	10
8273	10
8274	10
8275	10
8276	10
8277	10
8278	10
8279	10
8280	10
8281	10
8282	10
8283	10
8284	10
8285	10
8286	10
8287	10
8288	10
8289	10
8290	10
8291	10
8292	10
8293	10
8294	10
8295	10
8296	10
8297	10
8298	10
8299	10
8300	10
8301	10
8302	10
8303	10
8304	10
8305	10
8306	10
8307	10
8308	10
8309	10
8310	10
8311	10
8312	10
8313	10
8314	10
8315	10
8316	10
8317	10
8318	10
8319	10
8320	10
8321	10
8322	10
8323	10
8324	10
8325	10
8326	10
8327	10
8328	10
8329	10
8330	10
8331	10
8332	10
8333	10
8334	10
8335	10
8336	10
8337	10
8338	10
8339	10
8340	10
8341	10
8342	10
8343	10
8344	10
8345	10
8346	10
8347	10
8348	10
8349	10
8350	10
8351	10
8352	10
8353	10
8354	10
8355	10
8356	10
8357	10
8358	10
8359	10
8360	10
8361	10
8362	10
8363	10
8364	10
8365	10
8366	10
8367	10
8368	10
8369	10
8370	10
8371	10
8372	10
8373	10
8374	10
8375	10
8376	10
8377	10
8378	10
8379	10
8380	10
8381	10
8382	10
8383	10
8384	10
8385	10
8386	10
8387	10
8388	10
8389	10
8390	10
8391	10
8392	10
8393	10
8394	10
8395	10
8396	10
8397	10
8398	10
8399	10
8400	10
8401	10
8402	10
8403	10
8404	10
8405	10
8406	10
8407	10
8408	10
8409	10
8410	10
8411	10
8412	10
8413	10
8414	10
8415	10
8416	10
8417	10
8418	10
8419	10
8420	10
8421	10
8422	10
8423	10
8424	10
8425	10
8426	10
8427	10
8428	10
8429	10
8430	10
8431	10
8432	10
8433	10
8434	10
8435	10
8436	10
8437	10
8438	10
8439	11
8440	11
8441	11
8442	11
8443	11
8444	11
8445	11
8446	11
8447	11
8448	11
8449	11
8450	11
8451	11
8452	11
8453	11
8454	11
8455	11
8456	11
8457	11
8458	11
8459	11
8460	11
8461	11
8462	11
8463	11
8464	11
8465	11
8466	11
8467	11
8468	11
8469	11
8470	11
8471	11
8472	11
8473	11
8474	11
8475	11
8476	11
8477	11
8478	11
8479	11
8480	11
8481	11
8482	11
8483	11
8484	11
8485	11
8486	11
8487	11
8488	11
8489	11
8490	11
8491	11
8492	11
8493	11
8494	11
8495	11
8496	11
8497	11
8498	11
8499	11
8500	11
8501	11
8502	11
8503	11
8504	11
8505	11
8506	11
8507	11
8508	11
8509	11
8510	11
8511	11
8512	11
8513	11
8514	11
8515	11
8516	11
8517	11
8518	11
8519	11
8520	11
8521	11
8522	11
8523	11
8524	11
8525	11
8526	11
8527	11
8528	11
8529	11
8530	11
8531	11
8532	11
8533	11
8534	11
8535	11
8536	11
8537	11
8538	11
8539	11
8540	11
8541	11
8542	11
8543	11
8544	11
8545	11
8546	11
8547	11
8548	11
8549	11
8550	11
8551	11
8552	11
8553	11
8554	11
8555	11
8556	11
8557	11
8558	11
8559	11
8560	11
8561	11
8562	11
8563	11
8564	11
8565	11
8566	11
8567	11
8568	11
8569	11
8570	11
8571	11
8572	11
8573	11
8574	11
8575	11
8576	11
8577	11
8578	11
8579	11
8580	11
8581	11
8582	11
8583	11
8584	11
8585	11
8586	11
8587	11
8588	11
8589	11
8590	11
8591	11
8592	11
8593	11
8594	11
8595	11
8596	11
8597	11
8598	11
8599	11
8600	11
8601	11
8602	11
8603	11
8604	11
8605	11
8606	11
8607	11
8608	11
8609	11
8610	11
8611	11
8612	11
8613	11
8614	11
8615	11
8616	11
8617	11
8618	11
8619	11
8620	11
8621	11
8622	11
8623	11
8624	11
8625	11
8626	11
8627	11
8628	11
8629	11
8630	11
8631	11
8632	11
8633	11
8634	11
8635	11
8636	11
8637	11
8638	11
8639	11
8640	11
8641	11
8642	11
8643	11
8644	11
8645	11
8646	11
8647	11
8648	11
8649	11
8650	11
8651	11
8652	11
8653	11
8654	11
8655	11
8656	11
8657	11
8658	11
8659	11
8660	11
8661	11
8662	11
8663	11
8664	11
8665	11
8666	11
8667	11
8668	11
8669	11
8670	11
8671	11
8672	11
8673	11
8674	11
8675	11
8676	11
8677	11
8678	11
8679	11
8680	11
8681	11
8682	11
8683	11
8684	11
8685	11
8686	11
8687	11
8688	11
8689	11
8690	11
8691	11
8692	11
8693	11
8694	11
8695	11
8696	11
8697	11
8698	11
8699	11
8700	11
8701	11
8702	11
8703	11
8704	11
8705	11
8706	11
8707	11
8708	11
8709	11
8710	11
8711	11
8712	11
8713	11
8714	11
8715	11
8716	11
8717	11
8718	11
8719	11
8720	11
8721	11
8722	11
8723	11
8724	11
8725	11
8726	11
8727	11
8728	11
8729	11
8730	11
8731	11
8732	11
8733	11
8734	11
8735	11
8736	11
8737	11
8738	11
8739	11
8740	11
8741	11
8742	11
8743	11
8744	11
8745	11
8746	11
8747	11
8748	11
8749	11
8750	11
8751	11
8752	11
8753	11
8754	11
8755	11
8756	11
8757	11
8758	11
8759	11
8760	11
8761	11
8762	11
8763	11
8764	11
8765	11
8766	11
8767	11
8768	11
8769	11
8770	11
8771	11
8772	11
8773	11
8774	11
8775	11
8776	11
8777	11
8778	11
8779	11
8780	11
8781	11
8782	11
8783	11
8784	11
8785	11
8786	11
8787	11
8788	11
8789	11
8790	11
8791	11
8792	11
8793	11
8794	11
8795	11
8796	11
8797	11
8798	11
8799	11
8800	11
8801	11
8802	11
8803	11
8804	11
8805	11
8806	11
8807	11
8808	11
8809	11
8810	11
8811	11
8812	11
8813	11
8814	11
8815	11
8816	11
8817	11
8818	11
8819	11
8820	11
8821	11
8822	11
8823	11
8824	11
8825	11
8826	11
8827	11
8828	11
8829	11
8830	11
8831	11
8832	11
8833	11
8834	11
8835	11
8836	11
8837	11
8838	11
8839	11
8840	11
8841	11
8842	11
8843	11
8844	11
8845	11
8846	11
8847	11
8848	11
8849	11
8850	11
8851	11
8852	11
8853	11
8854	11
8855	11
8856	11
8857	11
8858	11
8859	11
8860	11
8861	11
8862	11
8863	11
8864	11
8865	11
8866	11
8867	11
8868	11
8869	11
8870	11
8871	11
8872	11
8873	11
8874	11
8875	11
8876	11
8877	11
8878	11
8879	11
8880	11
8881	11
8882	11
8883	11
8884	11
8885	11
8886	11
8887	11
8888	11
8889	11
8890	11
8891	11
8892	11
8893	11
8894	11
8895	11
8896	11
8897	11
8898	11
8899	11
8900	11
8901	11
8902	11
8903	11
8904	11
8905	11
8906	11
8907	11
8908	11
8909	11
8910	11
8911	11
8912	11
8913	11
8914	11
8915	11
8916	11
8917	11
8918	11
8919	11
8920	11
8921	11
8922	11
8923	11
8924	11
8925	11
8926	11
8927	11
8928	11
8929	11
8930	11
8931	11
8932	11
8933	11
8934	11
8935	11
8936	11
8937	11
8938	11
8939	11
8940	11
8941	11
8942	11
8943	11
8944	11
8945	11
8946	11
8947	11
8948	11
8949	11
8950	11
8951	11
8952	11
8953	11
8954	11
8955	11
8956	11
8957	11
8958	11
8959	11
8960	11
8961	11
8962	11
8963	11
8964	11
8965	11
8966	11
8967	11
8968	11
8969	11
8970	11
8971	11
8972	11
8973	11
8974	11
8975	11
8976	11
8977	11
8978	11
8979	11
8980	11
8981	11
8982	11
8983	11
8984	11
8985	11
8986	11
8987	11
8988	11
8989	11
8990	11
8991	11
8992	11
8993	11
8994	11
8995	11
8996	11
8997	11
8998	11
8999	11
9000	11
9001	11
9002	11
9003	11
9004	11
9005	11
9006	11
9007	11
9008	11
9009	11
9010	11
9011	11
9012	11
9013	11
9014	11
9015	11
9016	11
9017	11
9018	11
9019	11
9020	11
9021	11
9022	11
9023	11
9024	11
9025	11
9026	11
9027	11
9028	11
9029	11
9030	11
9031	11
9032	11
9033	11
9034	11
9035	11
9036	11
9037	11
9038	11
9039	11
9040	11
9041	11
9042	11
9043	11
9044	11
9045	11
9046	11
9047	11
9048	11
9049	11
9050	11
9051	11
9052	11
9053	11
9054	11
9055	11
9056	11
9057	11
9058	11
9059	11
9060	11
9061	11
9062	11
9063	11
9064	11
9065	11
9066	11
9067	11
9068	11
9069	11
9070	11
9071	11
9072	11
9073	11
9074	11
9075	11
9076	11
9077	11
9078	11
9079	11
9080	11
9081	11
9082	11
9083	11
9084	11
9085	11
9086	11
9087	11
9088	11
9089	11
9090	11
9091	11
9092	11
9093	11
9094	11
9095	11
9096	11
9097	11
9098	11
9099	11
9100	11
9101	11
9102	11
9103	11
9104	11
9105	11
9106	11
9107	11
9108	11
9109	11
9110	11
9111	11
9112	11
9113	11
9114	11
9115	11
9116	11
9117	11
9118	11
9119	11
9120	11
9121	11
9122	11
9123	11
9124	11
9125	11
9126	11
9127	11
9128	11
9129	11
9130	11
9131	11
9132	11
9133	11
9134	11
9135	11
9136	11
9137	11
9138	11
9139	11
9140	11
9141	11
9142	11
9143	11
9144	11
9145	11
9146	11
9147	11
9148	11
9149	11
9150	11
9151	11
9152	11
9153	11
9154	11
9155	11
9156	11
9157	11
9158	11
9159	11
9160	11
9161	11
9162	11
9163	11
9164	11
9165	11
9166	11
9167	11
9168	11
9169	11
9170	11
9171	11
9172	11
9173	11
9174	11
9175	11
9176	11
9177	11
9178	11
9179	11
9180	11
9181	11
9182	11
9183	11
9184	11
9185	11
9186	11
9187	11
9188	11
9189	11
9190	11
9191	11
9192	11
9193	11
9194	11
9195	11
9196	11
9197	11
9198	11
9199	11
9200	11
9201	11
9202	11
9203	11
9204	11
9205	11
9206	11
9207	11
9208	11
9209	11
9210	11
9211	11
9212	11
9213	11
9214	11
9215	11
9216	11
9217	11
9218	11
9219	11
9220	11
9221	11
9222	11
9223	11
9224	11
9225	11
9226	11
9227	11
9228	11
9229	11
9230	11
9231	11
9232	11
9233	11
9234	11
9235	11
9236	11
9237	11
9238	11
9239	11
9240	11
9241	11
9242	11
9243	11
9244	11
9245	11
9246	11
9247	11
9248	11
9249	11
9250	11
9251	11
9252	11
9253	11
9254	11
9255	11
9256	11
9257	11
9258	11
9259	11
9260	11
9261	11
9262	11
9263	11
9264	11
9265	11
9266	11
9267	11
9268	11
9269	11
9270	11
9271	11
9272	11
9273	11
9274	11
9275	11
9276	11
9277	11
9278	11
9279	11
9280	11
9281	11
9282	11
9283	11
9284	11
9285	11
9286	11
9287	11
9288	11
9289	11
9290	11
9291	11
9292	11
9293	11
9294	11
9295	11
9296	11
9297	11
9298	11
9299	11
9300	11
9301	11
9302	11
9303	11
9304	11
9305	11
9306	11
9307	11
9308	11
9309	11
9310	11
9311	11
9312	11
9313	11
9314	11
9315	11
9316	11
9317	11
9318	11
9319	11
9320	11
9321	11
9322	11
9323	11
9324	11
9325	11
9326	11
9327	11
9328	11
9329	11
9330	11
9331	11
9332	11
9333	11
9334	11
9335	11
9336	11
9337	11
9338	11
9339	11
9340	11
9341	11
9342	11
9343	11
9344	11
9345	11
9346	11
9347	11
9348	11
9349	11
9350	11
9351	11
9352	11
9353	11
9354	11
9355	11
9356	11
9357	11
9358	11
9359	11
9360	11
9361	11
9362	11
9363	11
9364	11
9365	11
9366	11
9367	11
9368	11
9369	11
9370	11
9371	11
9372	11
9373	11
9374	11
9375	11
9376	11
9377	11
9378	11
9379	11
9380	11
9381	11
9382	11
9383	11
9384	11
9385	11
9386	11
9387	11
9388	11
9389	11
9390	11
9391	11
9392	11
9393	11
9394	11
9395	11
9396	11
9397	11
9398	11
9399	11
9400	11
9401	11
9402	11
9403	11
9404	11
9405	11
9406	11
9407	11
9408	11
9409	11
9410	11
9411	11
9412	11
9413	11
9414	11
9415	11
9416	11
9417	11
9418	11
9419	11
9420	11
9421	11
9422	11
9423	11
9424	11
9425	11
9426	11
9427	11
9428	11
9429	11
9430	11
9431	11
9432	11
9433	11
9434	11
9435	11
9436	11
9437	11
9438	11
9439	11
9440	11
9441	11
9442	11
9443	11
9444	11
9445	11
9446	11
9447	11
9448	11
9449	11
9450	11
9451	11
9452	11
9453	11
9454	11
9455	11
9456	11
9457	11
9458	11
9459	11
9460	11
9461	11
9462	11
9463	11
9464	11
9465	11
9466	11
9467	11
9468	11
9469	11
9470	11
9471	11
9472	11
9473	11
9474	11
9475	11
9476	11
9477	11
9478	11
9479	11
9480	11
9481	11
9482	11
9483	11
9484	11
9485	11
9486	11
9487	11
9488	11
9489	11
9490	11
9491	11
9492	11
9493	11
9494	11
9495	11
9496	11
9497	11
9498	11
9499	11
9500	11
9501	11
9502	11
9503	11
9504	11
9505	11
9506	11
9507	11
9508	11
9509	11
9510	11
9511	11
9512	11
9513	11
9514	11
9515	11
9516	11
9517	11
9518	11
9519	11
9520	11
9521	11
9522	11
9523	11
9524	11
9525	11
9526	11
9527	11
9528	11
9529	11
9530	11
9531	11
9532	11
9533	11
9534	11
9535	11
9536	11
9537	11
9538	11
9539	11
9540	11
9541	11
9542	11
9543	11
9544	11
9545	11
9546	11
9547	11
9548	11
9549	11
9550	11
9551	11
9552	11
9553	11
9554	11
9555	11
9556	11
9557	11
9558	11
9559	11
9560	11
9561	11
9562	11
9563	11
9564	11
9565	11
9566	11
9567	11
9568	11
9569	11
9570	11
9571	11
9572	11
9573	11
9574	11
9575	11
9576	11
9577	11
9578	11
9579	11
9580	11
9581	11
9582	11
9583	11
9584	11
9585	11
9586	11
9587	11
9588	11
9589	11
9590	11
9591	11
9592	11
9593	11
9594	11
9595	11
9596	11
9597	11
9598	11
9599	11
9600	11
9601	11
9602	11
9603	11
9604	11
9605	11
9606	11
9607	11
9608	11
9609	11
9610	11
9611	11
9612	11
9613	11
9614	11
9615	11
9616	11
9617	11
9618	11
9619	11
9620	11
9621	11
9622	11
9623	11
9624	11
9625	11
9626	11
9627	11
9628	11
9629	11
9630	11
9631	11
9632	11
9633	11
9634	11
9635	11
9636	11
9637	11
9638	11
9639	11
9640	11
9641	11
9642	11
9643	11
9644	11
9645	11
9646	11
9647	11
9648	11
9649	11
9650	11
9651	11
9652	11
9653	11
9654	11
9655	11
9656	11
9657	11
9658	11
9659	11
9660	11
9661	11
9662	11
9663	11
9664	11
9665	11
9666	11
9667	11
9668	11
9669	11
9670	11
9671	11
9672	11
9673	11
9674	11
9675	11
9676	11
9677	11
9678	11
9679	11
9680	11
9681	11
9682	11
9683	11
9684	11
9685	11
9686	11
9687	11
9688	11
9689	11
9690	11
9691	11
9692	11
9693	11
9694	11
9695	11
9696	11
9697	11
9698	11
9699	11
9700	11
9701	11
9702	11
9703	11
9704	11
9705	11
9706	11
9707	11
9708	11
9709	11
9710	11
9711	11
9712	11
9713	11
9714	11
9715	11
9716	11
9717	11
9718	11
9719	11
9720	11
9721	11
9722	11
9723	11
9724	11
9725	11
9726	11
9727	11
9728	11
9729	11
9730	11
9731	11
9732	11
9733	11
9734	11
9735	11
9736	11
9737	11
9738	11
9739	11
9740	11
9741	11
9742	11
9743	11
9744	11
9745	11
9746	11
9747	11
9748	11
9749	11
9750	11
9751	11
9752	11
9753	11
9754	11
9755	11
9756	11
9757	11
9758	11
9759	11
9760	11
9761	11
9762	11
9763	11
9764	11
9765	11
9766	11
9767	11
9768	11
9769	11
9770	11
9771	11
9772	11
9773	11
9774	11
9775	11
9776	11
9777	11
9778	11
9779	11
9780	11
9781	11
9782	11
9783	11
9784	11
9785	11
9786	11
9787	11
9788	11
9789	11
9790	11
9791	11
9792	11
9793	11
9794	11
9795	11
9796	11
9797	11
9798	11
9799	11
9800	11
9801	11
9802	11
9803	11
9804	11
9805	11
9806	11
9807	11
9808	11
9809	11
9810	11
9811	11
9812	11
9813	11
9814	11
9815	11
9816	11
9817	11
9818	11
9819	11
9820	11
9821	11
9822	11
9823	11
9824	11
9825	11
9826	11
9827	11
9828	11
9829	11
9830	11
9831	11
9832	11
9833	11
9834	11
9835	11
9836	11
9837	11
9838	11
9839	11
9840	11
9841	11
9842	11
9843	11
9844	11
9845	11
9846	11
9847	11
9848	11
9849	11
9850	11
9851	11
9852	11
9853	11
9854	11
9855	11
9856	11
9857	11
9858	11
9859	11
9860	11
9861	11
9862	11
9863	11
9864	11
9865	11
9866	11
9867	11
9868	11
9869	11
9870	11
9871	11
9872	11
9873	11
9874	11
9875	11
9876	11
9877	11
9878	11
9879	11
9880	11
9881	11
9882	11
9883	11
9884	11
9885	11
9886	11
9887	11
9888	11
9889	11
9890	11
9891	11
9892	11
9893	11
9894	11
9895	11
9896	11
9897	11
9898	11
9899	11
9900	11
9901	11
9902	11
9903	11
9904	11
9905	11
9906	11
9907	11
9908	11
9909	11
9910	11
9911	11
9912	11
9913	11
9914	11
9915	11
9916	11
9917	11
9918	11
9919	11
9920	11
9921	11
9922	11
9923	11
9924	11
9925	11
9926	11
9927	11
9928	11
9929	11
9930	11
9931	11
9932	11
9933	11
9934	11
9935	11
9936	11
9937	11
9938	11
9939	11
9940	11
9941	11
9942	11
9943	11
9944	11
9945	11
9946	11
9947	11
9948	11
9949	11
9950	11
9951	11
9952	11
9953	11
9954	11
9955	11
9956	11
9957	11
9958	11
9959	11
9960	11
9961	11
9962	11
9963	11
9964	11
9965	11
9966	11
9967	11
9968	11
9969	11
9970	11
9971	11
9972	11
9973	11
9974	11
9975	11
9976	11
9977	11
9978	11
9979	11
9980	11
9981	11
9982	11
9983	11
9984	11
9985	11
9986	11
9987	11
9988	11
9989	11
9990	11
9991	11
9992	11
9993	11
9994	11
9995	11
9996	11
9997	11
9998	11
9999	11
10000	11
