#Clock	ItemsCollected
1	0
2	0
3	0
4	0
5	0
6	0
7	0
8	0
9	0
10	0
11	0
12	0
13	0
14	0
15	0
16	0
17	0
18	0
19	0
20	0
21	0
22	0
23	0
24	0
25	0
26	0
27	0
28	0
29	0
30	0
31	0
32	0
33	0
34	0
35	0
36	0
37	0
38	0
39	0
40	0
41	0
42	0
43	0
44	0
45	0
46	0
47	0
48	0
49	0
50	0
51	0
52	0
53	0
54	0
55	0
56	0
57	0
58	0
59	0
60	0
61	0
62	0
63	0
64	0
65	0
66	0
67	0
68	0
69	0
70	0
71	0
72	0
73	0
74	0
75	0
76	0
77	0
78	0
79	0
80	0
81	0
82	0
83	0
84	0
85	0
86	0
87	0
88	0
89	0
90	0
91	0
92	0
93	0
94	0
95	0
96	0
97	0
98	0
99	0
100	0
101	0
102	0
103	0
104	0
105	0
106	0
107	0
108	0
109	0
110	0
111	0
112	0
113	0
114	0
115	0
116	0
117	0
118	0
119	0
120	0
121	0
122	0
123	0
124	0
125	0
126	0
127	0
128	0
129	0
130	0
131	0
132	0
133	0
134	0
135	0
136	0
137	0
138	0
139	0
140	0
141	0
142	0
143	0
144	0
145	0
146	0
147	0
148	0
149	0
150	0
151	0
152	0
153	0
154	0
155	0
156	0
157	0
158	0
159	0
160	0
161	0
162	0
163	0
164	0
165	0
166	0
167	0
168	0
169	0
170	0
171	0
172	0
173	0
174	0
175	0
176	0
177	0
178	0
179	0
180	0
181	0
182	0
183	0
184	0
185	0
186	0
187	0
188	0
189	0
190	0
191	0
192	0
193	0
194	0
195	0
196	0
197	0
198	0
199	0
200	0
201	0
202	0
203	0
204	0
205	0
206	0
207	0
208	0
209	0
210	0
211	0
212	0
213	0
214	0
215	0
216	0
217	0
218	0
219	0
220	0
221	0
222	0
223	0
224	0
225	0
226	0
227	0
228	0
229	0
230	0
231	0
232	0
233	0
234	0
235	0
236	0
237	0
238	0
239	0
240	0
241	0
242	0
243	0
244	0
245	0
246	0
247	0
248	0
249	0
250	0
251	0
252	0
253	0
254	0
255	0
256	0
257	0
258	0
259	0
260	0
261	0
262	0
263	0
264	0
265	0
266	0
267	0
268	0
269	0
270	0
271	0
272	0
273	0
274	0
275	0
276	0
277	0
278	0
279	0
280	0
281	0
282	0
283	0
284	0
285	0
286	0
287	0
288	0
289	0
290	0
291	0
292	0
293	0
294	0
295	0
296	0
297	0
298	0
299	0
300	0
301	0
302	0
303	0
304	0
305	0
306	0
307	0
308	0
309	0
310	0
311	0
312	0
313	0
314	0
315	0
316	0
317	0
318	0
319	0
320	0
321	0
322	0
323	0
324	0
325	0
326	0
327	0
328	0
329	0
330	0
331	0
332	0
333	0
334	0
335	0
336	0
337	0
338	0
339	0
340	0
341	0
342	0
343	0
344	0
345	0
346	0
347	0
348	0
349	0
350	0
351	0
352	0
353	0
354	0
355	0
356	0
357	0
358	0
359	0
360	0
361	0
362	0
363	0
364	0
365	0
366	0
367	0
368	0
369	0
370	0
371	0
372	0
373	0
374	0
375	0
376	0
377	0
378	0
379	0
380	0
381	0
382	0
383	0
384	0
385	0
386	0
387	0
388	0
389	0
390	0
391	0
392	0
393	0
394	0
395	0
396	0
397	0
398	0
399	0
400	0
401	0
402	0
403	0
404	0
405	0
406	0
407	0
408	0
409	0
410	0
411	0
412	0
413	0
414	0
415	0
416	0
417	0
418	0
419	0
420	0
421	0
422	0
423	0
424	0
425	0
426	0
427	0
428	0
429	0
430	0
431	0
432	0
433	0
434	0
435	0
436	0
437	0
438	0
439	0
440	0
441	0
442	0
443	0
444	0
445	0
446	0
447	0
448	0
449	0
450	0
451	0
452	0
453	0
454	0
455	0
456	0
457	0
458	0
459	0
460	0
461	0
462	0
463	0
464	0
465	0
466	0
467	0
468	0
469	0
470	0
471	0
472	0
473	0
474	0
475	0
476	0
477	0
478	0
479	0
480	0
481	0
482	0
483	0
484	0
485	0
486	0
487	0
488	0
489	0
490	0
491	0
492	0
493	0
494	0
495	0
496	0
497	0
498	0
499	0
500	0
501	0
502	0
503	0
504	0
505	0
506	0
507	0
508	0
509	0
510	0
511	0
512	0
513	0
514	0
515	0
516	0
517	0
518	0
519	0
520	0
521	0
522	0
523	0
524	0
525	0
526	0
527	0
528	0
529	0
530	0
531	0
532	0
533	0
534	0
535	0
536	0
537	0
538	0
539	0
540	0
541	0
542	0
543	0
544	0
545	0
546	0
547	0
548	0
549	0
550	0
551	0
552	0
553	0
554	0
555	0
556	0
557	0
558	0
559	0
560	0
561	0
562	0
563	0
564	0
565	0
566	0
567	0
568	0
569	0
570	0
571	0
572	0
573	0
574	0
575	0
576	0
577	0
578	0
579	0
580	0
581	0
582	0
583	0
584	0
585	0
586	0
587	0
588	0
589	0
590	0
591	0
592	0
593	0
594	0
595	0
596	0
597	0
598	0
599	0
600	0
601	0
602	0
603	0
604	0
605	0
606	0
607	0
608	0
609	0
610	0
611	0
612	0
613	0
614	0
615	0
616	0
617	0
618	0
619	0
620	0
621	0
622	0
623	0
624	0
625	0
626	0
627	0
628	0
629	0
630	0
631	0
632	0
633	0
634	0
635	0
636	0
637	0
638	0
639	0
640	0
641	0
642	0
643	0
644	0
645	0
646	0
647	0
648	0
649	0
650	0
651	0
652	0
653	0
654	0
655	0
656	0
657	0
658	0
659	0
660	0
661	0
662	0
663	0
664	0
665	0
666	0
667	0
668	0
669	0
670	0
671	0
672	0
673	0
674	0
675	0
676	0
677	0
678	0
679	0
680	0
681	0
682	0
683	0
684	0
685	0
686	0
687	0
688	0
689	0
690	0
691	0
692	0
693	0
694	0
695	0
696	0
697	0
698	0
699	0
700	0
701	0
702	0
703	0
704	0
705	0
706	0
707	0
708	0
709	0
710	0
711	0
712	0
713	0
714	0
715	0
716	0
717	0
718	0
719	0
720	0
721	0
722	0
723	0
724	0
725	0
726	0
727	0
728	0
729	0
730	0
731	0
732	0
733	0
734	0
735	0
736	0
737	0
738	0
739	0
740	0
741	0
742	0
743	0
744	0
745	0
746	0
747	0
748	0
749	0
750	0
751	0
752	0
753	0
754	0
755	0
756	0
757	0
758	0
759	0
760	0
761	0
762	0
763	0
764	0
765	0
766	0
767	0
768	0
769	0
770	0
771	0
772	0
773	0
774	0
775	0
776	0
777	0
778	0
779	0
780	0
781	0
782	0
783	0
784	0
785	0
786	0
787	0
788	0
789	0
790	0
791	0
792	0
793	0
794	0
795	0
796	0
797	0
798	0
799	0
800	0
801	0
802	0
803	0
804	0
805	0
806	0
807	0
808	0
809	0
810	0
811	0
812	0
813	0
814	0
815	0
816	0
817	0
818	0
819	0
820	0
821	0
822	0
823	0
824	0
825	0
826	0
827	0
828	0
829	0
830	0
831	0
832	0
833	0
834	0
835	0
836	0
837	0
838	0
839	0
840	0
841	0
842	0
843	0
844	0
845	0
846	0
847	0
848	0
849	0
850	0
851	0
852	0
853	0
854	0
855	0
856	0
857	0
858	0
859	0
860	0
861	0
862	0
863	0
864	0
865	0
866	0
867	0
868	0
869	0
870	0
871	0
872	0
873	0
874	0
875	0
876	0
877	0
878	0
879	0
880	0
881	0
882	0
883	0
884	0
885	0
886	0
887	0
888	0
889	0
890	0
891	0
892	0
893	0
894	0
895	0
896	0
897	0
898	0
899	0
900	0
901	0
902	0
903	0
904	0
905	0
906	0
907	0
908	0
909	0
910	0
911	0
912	0
913	0
914	0
915	0
916	0
917	0
918	0
919	0
920	0
921	0
922	0
923	0
924	0
925	0
926	0
927	0
928	0
929	0
930	0
931	0
932	0
933	0
934	0
935	0
936	0
937	0
938	0
939	0
940	0
941	0
942	0
943	0
944	0
945	0
946	0
947	0
948	0
949	0
950	0
951	0
952	0
953	0
954	0
955	0
956	0
957	0
958	0
959	0
960	0
961	0
962	0
963	0
964	0
965	0
966	0
967	0
968	0
969	0
970	0
971	0
972	0
973	0
974	0
975	0
976	0
977	0
978	0
979	0
980	0
981	0
982	0
983	0
984	0
985	0
986	0
987	0
988	0
989	0
990	0
991	0
992	0
993	0
994	0
995	0
996	0
997	0
998	0
999	0
1000	0
1001	0
1002	0
1003	0
1004	0
1005	0
1006	0
1007	0
1008	0
1009	0
1010	0
1011	0
1012	0
1013	0
1014	0
1015	0
1016	0
1017	0
1018	0
1019	0
1020	0
1021	0
1022	0
1023	0
1024	0
1025	0
1026	0
1027	0
1028	0
1029	0
1030	0
1031	0
1032	0
1033	0
1034	0
1035	0
1036	0
1037	0
1038	0
1039	0
1040	0
1041	0
1042	0
1043	0
1044	0
1045	0
1046	0
1047	0
1048	0
1049	0
1050	0
1051	0
1052	0
1053	0
1054	0
1055	0
1056	0
1057	0
1058	0
1059	0
1060	0
1061	0
1062	0
1063	0
1064	0
1065	0
1066	0
1067	0
1068	0
1069	0
1070	0
1071	0
1072	0
1073	0
1074	0
1075	0
1076	0
1077	0
1078	0
1079	0
1080	0
1081	0
1082	0
1083	0
1084	0
1085	0
1086	0
1087	0
1088	0
1089	0
1090	0
1091	0
1092	0
1093	0
1094	0
1095	0
1096	0
1097	0
1098	0
1099	0
1100	0
1101	0
1102	0
1103	0
1104	0
1105	0
1106	0
1107	0
1108	0
1109	0
1110	0
1111	0
1112	0
1113	0
1114	0
1115	0
1116	0
1117	0
1118	0
1119	0
1120	0
1121	0
1122	0
1123	0
1124	0
1125	0
1126	0
1127	0
1128	0
1129	0
1130	0
1131	0
1132	0
1133	0
1134	0
1135	0
1136	0
1137	0
1138	0
1139	0
1140	0
1141	0
1142	0
1143	0
1144	0
1145	0
1146	0
1147	0
1148	0
1149	0
1150	0
1151	0
1152	0
1153	0
1154	0
1155	0
1156	0
1157	0
1158	0
1159	0
1160	0
1161	0
1162	0
1163	0
1164	0
1165	0
1166	0
1167	0
1168	0
1169	0
1170	0
1171	0
1172	0
1173	0
1174	0
1175	0
1176	0
1177	0
1178	0
1179	0
1180	0
1181	0
1182	0
1183	0
1184	0
1185	0
1186	0
1187	0
1188	0
1189	0
1190	0
1191	0
1192	0
1193	0
1194	0
1195	0
1196	0
1197	0
1198	0
1199	0
1200	0
1201	0
1202	0
1203	0
1204	0
1205	0
1206	0
1207	0
1208	0
1209	0
1210	0
1211	0
1212	0
1213	0
1214	0
1215	0
1216	0
1217	0
1218	0
1219	0
1220	0
1221	0
1222	0
1223	0
1224	0
1225	0
1226	0
1227	0
1228	0
1229	0
1230	0
1231	0
1232	0
1233	0
1234	0
1235	0
1236	0
1237	0
1238	0
1239	0
1240	0
1241	0
1242	0
1243	0
1244	0
1245	0
1246	0
1247	0
1248	0
1249	0
1250	0
1251	0
1252	0
1253	0
1254	0
1255	0
1256	0
1257	0
1258	0
1259	0
1260	0
1261	0
1262	0
1263	0
1264	0
1265	0
1266	0
1267	0
1268	0
1269	0
1270	0
1271	0
1272	0
1273	0
1274	0
1275	0
1276	0
1277	0
1278	0
1279	0
1280	0
1281	0
1282	0
1283	0
1284	0
1285	0
1286	0
1287	0
1288	0
1289	0
1290	0
1291	0
1292	0
1293	0
1294	0
1295	0
1296	0
1297	0
1298	0
1299	0
1300	0
1301	0
1302	0
1303	0
1304	0
1305	0
1306	0
1307	0
1308	0
1309	0
1310	0
1311	0
1312	0
1313	0
1314	0
1315	0
1316	0
1317	0
1318	0
1319	0
1320	0
1321	0
1322	0
1323	0
1324	0
1325	0
1326	0
1327	0
1328	0
1329	0
1330	0
1331	0
1332	0
1333	0
1334	0
1335	0
1336	0
1337	0
1338	0
1339	0
1340	0
1341	0
1342	0
1343	0
1344	0
1345	0
1346	0
1347	0
1348	0
1349	0
1350	0
1351	0
1352	0
1353	0
1354	0
1355	0
1356	0
1357	0
1358	0
1359	0
1360	0
1361	0
1362	0
1363	0
1364	0
1365	0
1366	0
1367	0
1368	0
1369	0
1370	0
1371	0
1372	0
1373	0
1374	0
1375	0
1376	0
1377	0
1378	0
1379	0
1380	0
1381	0
1382	0
1383	0
1384	0
1385	0
1386	0
1387	0
1388	0
1389	0
1390	0
1391	0
1392	0
1393	0
1394	0
1395	0
1396	0
1397	0
1398	0
1399	0
1400	0
1401	0
1402	0
1403	0
1404	0
1405	0
1406	0
1407	0
1408	0
1409	0
1410	0
1411	0
1412	0
1413	0
1414	0
1415	0
1416	0
1417	0
1418	0
1419	0
1420	0
1421	0
1422	0
1423	0
1424	0
1425	0
1426	0
1427	0
1428	0
1429	0
1430	0
1431	0
1432	0
1433	0
1434	0
1435	0
1436	0
1437	0
1438	0
1439	0
1440	0
1441	0
1442	0
1443	0
1444	0
1445	0
1446	0
1447	0
1448	0
1449	0
1450	0
1451	0
1452	0
1453	0
1454	0
1455	0
1456	0
1457	0
1458	0
1459	0
1460	0
1461	0
1462	0
1463	0
1464	0
1465	0
1466	0
1467	0
1468	0
1469	0
1470	0
1471	0
1472	0
1473	0
1474	0
1475	0
1476	0
1477	0
1478	0
1479	0
1480	0
1481	0
1482	0
1483	0
1484	0
1485	0
1486	0
1487	0
1488	0
1489	0
1490	0
1491	0
1492	0
1493	0
1494	0
1495	0
1496	0
1497	0
1498	0
1499	0
1500	0
1501	0
1502	0
1503	0
1504	0
1505	0
1506	0
1507	0
1508	0
1509	0
1510	0
1511	0
1512	0
1513	0
1514	0
1515	0
1516	0
1517	0
1518	0
1519	0
1520	0
1521	0
1522	0
1523	0
1524	0
1525	0
1526	0
1527	0
1528	0
1529	0
1530	0
1531	0
1532	0
1533	0
1534	0
1535	0
1536	0
1537	0
1538	0
1539	0
1540	0
1541	0
1542	0
1543	0
1544	0
1545	0
1546	0
1547	0
1548	0
1549	0
1550	0
1551	0
1552	0
1553	0
1554	0
1555	0
1556	0
1557	0
1558	0
1559	0
1560	0
1561	0
1562	0
1563	0
1564	0
1565	0
1566	0
1567	0
1568	0
1569	0
1570	0
1571	0
1572	0
1573	0
1574	0
1575	0
1576	0
1577	0
1578	0
1579	0
1580	0
1581	0
1582	0
1583	0
1584	0
1585	0
1586	0
1587	0
1588	0
1589	0
1590	0
1591	0
1592	0
1593	0
1594	0
1595	0
1596	0
1597	0
1598	0
1599	0
1600	0
1601	0
1602	0
1603	0
1604	0
1605	0
1606	0
1607	0
1608	0
1609	0
1610	0
1611	0
1612	0
1613	0
1614	0
1615	0
1616	0
1617	0
1618	0
1619	0
1620	0
1621	0
1622	0
1623	0
1624	0
1625	0
1626	0
1627	0
1628	0
1629	0
1630	0
1631	0
1632	0
1633	0
1634	0
1635	0
1636	0
1637	0
1638	0
1639	0
1640	0
1641	0
1642	0
1643	0
1644	0
1645	0
1646	0
1647	0
1648	0
1649	0
1650	0
1651	0
1652	0
1653	0
1654	0
1655	0
1656	0
1657	0
1658	0
1659	0
1660	0
1661	0
1662	0
1663	0
1664	0
1665	0
1666	0
1667	0
1668	0
1669	0
1670	0
1671	0
1672	0
1673	0
1674	0
1675	0
1676	0
1677	0
1678	0
1679	0
1680	0
1681	0
1682	0
1683	0
1684	0
1685	0
1686	0
1687	0
1688	0
1689	0
1690	0
1691	0
1692	0
1693	0
1694	0
1695	0
1696	0
1697	0
1698	0
1699	0
1700	0
1701	0
1702	0
1703	0
1704	0
1705	0
1706	0
1707	0
1708	0
1709	0
1710	0
1711	0
1712	0
1713	0
1714	0
1715	0
1716	0
1717	0
1718	0
1719	0
1720	0
1721	0
1722	0
1723	0
1724	0
1725	0
1726	0
1727	0
1728	0
1729	0
1730	0
1731	0
1732	0
1733	0
1734	0
1735	0
1736	0
1737	0
1738	0
1739	0
1740	0
1741	0
1742	0
1743	0
1744	0
1745	0
1746	0
1747	0
1748	0
1749	0
1750	0
1751	0
1752	0
1753	0
1754	0
1755	0
1756	0
1757	0
1758	0
1759	0
1760	0
1761	0
1762	0
1763	0
1764	0
1765	0
1766	0
1767	0
1768	0
1769	0
1770	0
1771	0
1772	0
1773	0
1774	0
1775	0
1776	0
1777	0
1778	0
1779	0
1780	0
1781	0
1782	0
1783	0
1784	0
1785	0
1786	0
1787	0
1788	0
1789	0
1790	0
1791	0
1792	0
1793	0
1794	0
1795	0
1796	0
1797	0
1798	0
1799	0
1800	0
1801	0
1802	0
1803	0
1804	0
1805	0
1806	0
1807	0
1808	0
1809	0
1810	0
1811	0
1812	0
1813	0
1814	0
1815	0
1816	0
1817	0
1818	0
1819	0
1820	0
1821	0
1822	0
1823	0
1824	0
1825	0
1826	0
1827	0
1828	0
1829	0
1830	0
1831	0
1832	0
1833	0
1834	0
1835	0
1836	0
1837	0
1838	0
1839	0
1840	0
1841	0
1842	0
1843	0
1844	0
1845	0
1846	0
1847	0
1848	0
1849	0
1850	0
1851	0
1852	0
1853	1
1854	1
1855	1
1856	1
1857	1
1858	1
1859	1
1860	1
1861	1
1862	1
1863	1
1864	1
1865	1
1866	1
1867	1
1868	1
1869	1
1870	1
1871	1
1872	1
1873	1
1874	1
1875	1
1876	1
1877	1
1878	1
1879	1
1880	1
1881	1
1882	1
1883	1
1884	1
1885	1
1886	1
1887	1
1888	1
1889	1
1890	1
1891	1
1892	1
1893	1
1894	1
1895	1
1896	1
1897	1
1898	1
1899	1
1900	1
1901	1
1902	1
1903	1
1904	1
1905	1
1906	1
1907	1
1908	1
1909	1
1910	1
1911	1
1912	1
1913	1
1914	1
1915	1
1916	1
1917	1
1918	1
1919	1
1920	1
1921	1
1922	1
1923	1
1924	1
1925	1
1926	1
1927	1
1928	1
1929	1
1930	1
1931	1
1932	1
1933	1
1934	1
1935	1
1936	1
1937	1
1938	1
1939	1
1940	1
1941	1
1942	1
1943	1
1944	1
1945	1
1946	1
1947	1
1948	1
1949	1
1950	1
1951	1
1952	1
1953	1
1954	1
1955	1
1956	1
1957	1
1958	1
1959	1
1960	1
1961	1
1962	1
1963	1
1964	1
1965	1
1966	1
1967	1
1968	1
1969	1
1970	1
1971	1
1972	1
1973	1
1974	1
1975	1
1976	1
1977	1
1978	1
1979	1
1980	1
1981	1
1982	1
1983	1
1984	1
1985	1
1986	1
1987	1
1988	1
1989	1
1990	1
1991	1
1992	1
1993	1
1994	1
1995	1
1996	1
1997	1
1998	1
1999	1
2000	1
2001	1
2002	1
2003	1
2004	1
2005	1
2006	1
2007	1
2008	1
2009	1
2010	1
2011	1
2012	1
2013	1
2014	1
2015	1
2016	1
2017	1
2018	1
2019	1
2020	2
2021	2
2022	2
2023	2
2024	2
2025	2
2026	2
2027	2
2028	2
2029	2
2030	2
2031	2
2032	2
2033	2
2034	2
2035	2
2036	2
2037	2
2038	2
2039	2
2040	2
2041	2
2042	2
2043	2
2044	2
2045	2
2046	2
2047	2
2048	2
2049	2
2050	2
2051	2
2052	2
2053	2
2054	2
2055	2
2056	2
2057	2
2058	2
2059	2
2060	2
2061	2
2062	2
2063	2
2064	2
2065	2
2066	2
2067	2
2068	2
2069	2
2070	2
2071	2
2072	2
2073	2
2074	2
2075	2
2076	2
2077	2
2078	2
2079	2
2080	2
2081	2
2082	2
2083	2
2084	2
2085	2
2086	2
2087	2
2088	2
2089	2
2090	2
2091	2
2092	2
2093	2
2094	2
2095	2
2096	2
2097	2
2098	2
2099	2
2100	2
2101	2
2102	2
2103	2
2104	2
2105	2
2106	2
2107	2
2108	2
2109	2
2110	2
2111	2
2112	2
2113	2
2114	2
2115	2
2116	2
2117	2
2118	2
2119	2
2120	2
2121	2
2122	2
2123	2
2124	2
2125	2
2126	2
2127	2
2128	2
2129	2
2130	2
2131	2
2132	2
2133	2
2134	2
2135	2
2136	2
2137	2
2138	2
2139	2
2140	2
2141	2
2142	2
2143	2
2144	2
2145	2
2146	2
2147	2
2148	2
2149	2
2150	2
2151	2
2152	2
2153	2
2154	2
2155	2
2156	2
2157	2
2158	2
2159	2
2160	2
2161	2
2162	2
2163	2
2164	2
2165	2
2166	2
2167	2
2168	2
2169	2
2170	2
2171	2
2172	2
2173	2
2174	2
2175	2
2176	2
2177	2
2178	2
2179	2
2180	2
2181	2
2182	2
2183	2
2184	2
2185	2
2186	2
2187	2
2188	2
2189	2
2190	2
2191	2
2192	2
2193	2
2194	2
2195	2
2196	2
2197	2
2198	2
2199	2
2200	2
2201	2
2202	2
2203	2
2204	2
2205	2
2206	2
2207	2
2208	2
2209	2
2210	2
2211	2
2212	2
2213	2
2214	2
2215	2
2216	2
2217	2
2218	2
2219	2
2220	2
2221	2
2222	2
2223	2
2224	2
2225	2
2226	2
2227	2
2228	2
2229	2
2230	2
2231	2
2232	2
2233	2
2234	2
2235	2
2236	2
2237	2
2238	2
2239	2
2240	2
2241	2
2242	2
2243	2
2244	2
2245	2
2246	2
2247	3
2248	3
2249	3
2250	3
2251	3
2252	3
2253	3
2254	3
2255	3
2256	3
2257	3
2258	3
2259	3
2260	3
2261	3
2262	3
2263	3
2264	3
2265	3
2266	3
2267	3
2268	3
2269	3
2270	3
2271	3
2272	3
2273	3
2274	3
2275	3
2276	3
2277	3
2278	3
2279	3
2280	3
2281	3
2282	3
2283	3
2284	3
2285	3
2286	3
2287	3
2288	3
2289	3
2290	3
2291	3
2292	3
2293	3
2294	3
2295	3
2296	3
2297	3
2298	3
2299	3
2300	3
2301	3
2302	3
2303	3
2304	3
2305	3
2306	3
2307	3
2308	3
2309	3
2310	3
2311	3
2312	3
2313	3
2314	3
2315	3
2316	3
2317	3
2318	3
2319	3
2320	3
2321	3
2322	3
2323	3
2324	3
2325	3
2326	3
2327	3
2328	3
2329	3
2330	3
2331	3
2332	3
2333	3
2334	3
2335	3
2336	3
2337	3
2338	3
2339	3
2340	3
2341	3
2342	3
2343	3
2344	3
2345	3
2346	3
2347	3
2348	3
2349	3
2350	3
2351	3
2352	3
2353	3
2354	3
2355	3
2356	3
2357	3
2358	3
2359	3
2360	3
2361	3
2362	3
2363	3
2364	3
2365	3
2366	3
2367	3
2368	3
2369	3
2370	3
2371	3
2372	3
2373	3
2374	3
2375	3
2376	3
2377	3
2378	3
2379	3
2380	3
2381	3
2382	3
2383	3
2384	3
2385	3
2386	3
2387	3
2388	3
2389	3
2390	3
2391	3
2392	3
2393	3
2394	3
2395	3
2396	3
2397	3
2398	3
2399	3
2400	3
2401	3
2402	3
2403	3
2404	3
2405	3
2406	3
2407	3
2408	3
2409	3
2410	3
2411	3
2412	3
2413	3
2414	3
2415	3
2416	3
2417	3
2418	3
2419	3
2420	3
2421	3
2422	3
2423	3
2424	3
2425	3
2426	3
2427	3
2428	3
2429	3
2430	3
2431	3
2432	3
2433	3
2434	3
2435	3
2436	3
2437	3
2438	3
2439	3
2440	3
2441	3
2442	3
2443	3
2444	3
2445	3
2446	3
2447	3
2448	3
2449	3
2450	3
2451	3
2452	3
2453	3
2454	3
2455	3
2456	3
2457	3
2458	3
2459	3
2460	3
2461	3
2462	3
2463	3
2464	3
2465	3
2466	3
2467	3
2468	3
2469	3
2470	3
2471	3
2472	3
2473	3
2474	3
2475	3
2476	3
2477	3
2478	3
2479	3
2480	3
2481	3
2482	3
2483	3
2484	3
2485	3
2486	3
2487	3
2488	3
2489	3
2490	3
2491	3
2492	3
2493	3
2494	3
2495	3
2496	3
2497	3
2498	3
2499	3
2500	3
2501	3
2502	3
2503	3
2504	3
2505	3
2506	3
2507	3
2508	3
2509	3
2510	3
2511	3
2512	3
2513	3
2514	3
2515	3
2516	3
2517	3
2518	3
2519	3
2520	3
2521	3
2522	3
2523	3
2524	3
2525	3
2526	3
2527	3
2528	3
2529	3
2530	3
2531	3
2532	3
2533	3
2534	3
2535	3
2536	3
2537	3
2538	3
2539	3
2540	3
2541	3
2542	3
2543	3
2544	3
2545	3
2546	3
2547	3
2548	3
2549	3
2550	3
2551	3
2552	3
2553	3
2554	3
2555	3
2556	3
2557	3
2558	3
2559	3
2560	3
2561	3
2562	3
2563	3
2564	3
2565	3
2566	3
2567	3
2568	3
2569	3
2570	3
2571	3
2572	3
2573	3
2574	3
2575	3
2576	3
2577	3
2578	3
2579	3
2580	3
2581	3
2582	3
2583	3
2584	3
2585	3
2586	3
2587	3
2588	3
2589	3
2590	3
2591	3
2592	3
2593	3
2594	3
2595	3
2596	3
2597	3
2598	3
2599	3
2600	3
2601	3
2602	3
2603	3
2604	3
2605	3
2606	3
2607	3
2608	3
2609	3
2610	3
2611	3
2612	3
2613	3
2614	3
2615	3
2616	3
2617	3
2618	3
2619	3
2620	3
2621	3
2622	3
2623	3
2624	3
2625	3
2626	3
2627	3
2628	3
2629	3
2630	3
2631	3
2632	3
2633	3
2634	3
2635	3
2636	3
2637	3
2638	3
2639	3
2640	3
2641	3
2642	3
2643	3
2644	3
2645	3
2646	3
2647	3
2648	3
2649	3
2650	3
2651	3
2652	3
2653	3
2654	3
2655	3
2656	3
2657	3
2658	3
2659	3
2660	3
2661	3
2662	3
2663	3
2664	3
2665	3
2666	3
2667	3
2668	3
2669	3
2670	3
2671	3
2672	3
2673	3
2674	3
2675	3
2676	3
2677	3
2678	3
2679	3
2680	3
2681	3
2682	3
2683	3
2684	3
2685	3
2686	3
2687	3
2688	3
2689	3
2690	3
2691	3
2692	3
2693	3
2694	3
2695	3
2696	3
2697	3
2698	3
2699	3
2700	3
2701	3
2702	3
2703	3
2704	3
2705	3
2706	3
2707	3
2708	3
2709	3
2710	3
2711	3
2712	3
2713	3
2714	3
2715	3
2716	3
2717	3
2718	3
2719	3
2720	3
2721	3
2722	3
2723	3
2724	3
2725	3
2726	3
2727	3
2728	3
2729	3
2730	3
2731	3
2732	3
2733	3
2734	3
2735	3
2736	3
2737	3
2738	3
2739	3
2740	3
2741	3
2742	3
2743	3
2744	3
2745	3
2746	3
2747	3
2748	3
2749	3
2750	3
2751	3
2752	3
2753	3
2754	3
2755	3
2756	3
2757	3
2758	3
2759	3
2760	3
2761	3
2762	3
2763	3
2764	3
2765	3
2766	3
2767	3
2768	3
2769	3
2770	3
2771	3
2772	3
2773	3
2774	3
2775	3
2776	3
2777	3
2778	3
2779	3
2780	3
2781	3
2782	3
2783	3
2784	3
2785	3
2786	3
2787	4
2788	4
2789	4
2790	4
2791	4
2792	4
2793	4
2794	4
2795	4
2796	4
2797	4
2798	4
2799	4
2800	4
2801	4
2802	4
2803	4
2804	4
2805	4
2806	4
2807	4
2808	4
2809	4
2810	4
2811	4
2812	4
2813	4
2814	4
2815	4
2816	4
2817	4
2818	4
2819	4
2820	4
2821	4
2822	4
2823	4
2824	4
2825	4
2826	4
2827	4
2828	4
2829	4
2830	4
2831	4
2832	4
2833	4
2834	4
2835	4
2836	4
2837	4
2838	4
2839	4
2840	4
2841	4
2842	4
2843	4
2844	4
2845	4
2846	4
2847	4
2848	4
2849	4
2850	4
2851	4
2852	4
2853	4
2854	4
2855	4
2856	4
2857	4
2858	4
2859	4
2860	4
2861	4
2862	4
2863	4
2864	4
2865	4
2866	4
2867	4
2868	4
2869	4
2870	4
2871	4
2872	4
2873	4
2874	4
2875	4
2876	4
2877	4
2878	4
2879	4
2880	4
2881	4
2882	4
2883	4
2884	4
2885	4
2886	4
2887	4
2888	4
2889	4
2890	4
2891	4
2892	4
2893	4
2894	4
2895	4
2896	4
2897	4
2898	4
2899	4
2900	4
2901	4
2902	4
2903	4
2904	4
2905	4
2906	4
2907	4
2908	4
2909	4
2910	4
2911	4
2912	4
2913	4
2914	4
2915	4
2916	4
2917	4
2918	4
2919	4
2920	4
2921	4
2922	4
2923	4
2924	4
2925	4
2926	4
2927	4
2928	4
2929	4
2930	4
2931	4
2932	4
2933	4
2934	4
2935	4
2936	4
2937	4
2938	4
2939	4
2940	4
2941	4
2942	4
2943	4
2944	4
2945	4
2946	4
2947	4
2948	4
2949	4
2950	4
2951	4
2952	4
2953	4
2954	4
2955	4
2956	4
2957	4
2958	4
2959	4
2960	4
2961	4
2962	4
2963	4
2964	4
2965	4
2966	4
2967	4
2968	4
2969	4
2970	4
2971	4
2972	4
2973	4
2974	4
2975	4
2976	4
2977	4
2978	4
2979	4
2980	4
2981	4
2982	4
2983	4
2984	4
2985	4
2986	4
2987	4
2988	4
2989	4
2990	4
2991	4
2992	4
2993	4
2994	4
2995	4
2996	4
2997	4
2998	4
2999	4
3000	4
3001	4
3002	4
3003	4
3004	4
3005	4
3006	4
3007	4
3008	4
3009	4
3010	4
3011	4
3012	4
3013	4
3014	4
3015	4
3016	4
3017	4
3018	4
3019	4
3020	4
3021	4
3022	4
3023	4
3024	4
3025	4
3026	4
3027	4
3028	4
3029	4
3030	4
3031	4
3032	4
3033	4
3034	4
3035	4
3036	4
3037	4
3038	4
3039	4
3040	4
3041	4
3042	4
3043	4
3044	4
3045	4
3046	4
3047	4
3048	4
3049	4
3050	4
3051	4
3052	4
3053	4
3054	4
3055	4
3056	4
3057	4
3058	4
3059	4
3060	4
3061	4
3062	4
3063	4
3064	4
3065	4
3066	4
3067	4
3068	4
3069	4
3070	4
3071	4
3072	4
3073	4
3074	4
3075	4
3076	4
3077	4
3078	4
3079	4
3080	4
3081	4
3082	4
3083	4
3084	4
3085	4
3086	4
3087	4
3088	4
3089	4
3090	4
3091	4
3092	4
3093	4
3094	4
3095	4
3096	4
3097	4
3098	4
3099	4
3100	4
3101	4
3102	4
3103	4
3104	4
3105	4
3106	4
3107	4
3108	4
3109	4
3110	4
3111	4
3112	4
3113	4
3114	4
3115	4
3116	4
3117	4
3118	4
3119	4
3120	4
3121	4
3122	4
3123	4
3124	4
3125	4
3126	4
3127	4
3128	4
3129	4
3130	4
3131	4
3132	4
3133	4
3134	4
3135	4
3136	4
3137	4
3138	4
3139	4
3140	4
3141	4
3142	4
3143	4
3144	4
3145	4
3146	4
3147	4
3148	4
3149	4
3150	4
3151	4
3152	4
3153	4
3154	4
3155	4
3156	4
3157	4
3158	4
3159	4
3160	4
3161	4
3162	4
3163	4
3164	4
3165	4
3166	4
3167	4
3168	4
3169	4
3170	4
3171	4
3172	4
3173	4
3174	4
3175	4
3176	4
3177	4
3178	4
3179	4
3180	4
3181	4
3182	4
3183	4
3184	4
3185	4
3186	4
3187	4
3188	4
3189	4
3190	4
3191	4
3192	4
3193	4
3194	4
3195	4
3196	4
3197	4
3198	4
3199	4
3200	4
3201	4
3202	4
3203	4
3204	4
3205	4
3206	4
3207	4
3208	4
3209	4
3210	4
3211	4
3212	4
3213	4
3214	4
3215	4
3216	4
3217	4
3218	4
3219	4
3220	4
3221	4
3222	4
3223	4
3224	4
3225	4
3226	4
3227	4
3228	4
3229	4
3230	4
3231	4
3232	4
3233	4
3234	4
3235	4
3236	4
3237	4
3238	4
3239	4
3240	4
3241	4
3242	4
3243	4
3244	4
3245	4
3246	4
3247	4
3248	4
3249	4
3250	4
3251	4
3252	4
3253	4
3254	4
3255	4
3256	4
3257	4
3258	4
3259	4
3260	4
3261	4
3262	4
3263	4
3264	4
3265	4
3266	4
3267	4
3268	4
3269	4
3270	4
3271	4
3272	4
3273	4
3274	4
3275	4
3276	4
3277	4
3278	4
3279	4
3280	4
3281	4
3282	4
3283	4
3284	4
3285	4
3286	4
3287	4
3288	4
3289	4
3290	4
3291	4
3292	4
3293	4
3294	4
3295	4
3296	4
3297	4
3298	4
3299	4
3300	4
3301	4
3302	4
3303	4
3304	4
3305	4
3306	4
3307	4
3308	4
3309	4
3310	4
3311	4
3312	4
3313	4
3314	4
3315	4
3316	4
3317	4
3318	4
3319	4
3320	4
3321	4
3322	4
3323	4
3324	4
3325	4
3326	4
3327	4
3328	4
3329	4
3330	4
3331	4
3332	4
3333	4
3334	4
3335	4
3336	4
3337	4
3338	4
3339	4
3340	4
3341	4
3342	4
3343	4
3344	4
3345	4
3346	4
3347	4
3348	4
3349	4
3350	4
3351	4
3352	4
3353	4
3354	4
3355	4
3356	4
3357	4
3358	4
3359	4
3360	4
3361	4
3362	4
3363	4
3364	4
3365	4
3366	4
3367	4
3368	4
3369	4
3370	4
3371	4
3372	4
3373	4
3374	4
3375	4
3376	4
3377	4
3378	4
3379	4
3380	4
3381	4
3382	4
3383	4
3384	4
3385	4
3386	4
3387	4
3388	4
3389	4
3390	4
3391	4
3392	4
3393	4
3394	4
3395	4
3396	4
3397	4
3398	4
3399	4
3400	4
3401	4
3402	4
3403	4
3404	4
3405	4
3406	4
3407	4
3408	4
3409	4
3410	4
3411	4
3412	4
3413	4
3414	4
3415	4
3416	4
3417	4
3418	4
3419	4
3420	4
3421	4
3422	4
3423	4
3424	4
3425	4
3426	4
3427	4
3428	4
3429	4
3430	4
3431	4
3432	4
3433	4
3434	4
3435	4
3436	4
3437	4
3438	4
3439	4
3440	4
3441	4
3442	4
3443	4
3444	4
3445	4
3446	4
3447	4
3448	4
3449	4
3450	4
3451	4
3452	4
3453	4
3454	4
3455	4
3456	4
3457	4
3458	4
3459	4
3460	4
3461	4
3462	4
3463	4
3464	4
3465	4
3466	4
3467	4
3468	4
3469	4
3470	4
3471	4
3472	4
3473	4
3474	4
3475	4
3476	4
3477	4
3478	4
3479	4
3480	4
3481	4
3482	4
3483	4
3484	4
3485	4
3486	4
3487	4
3488	4
3489	4
3490	4
3491	4
3492	4
3493	4
3494	4
3495	4
3496	4
3497	4
3498	4
3499	4
3500	4
3501	4
3502	4
3503	4
3504	4
3505	4
3506	4
3507	4
3508	4
3509	4
3510	4
3511	4
3512	4
3513	4
3514	4
3515	4
3516	4
3517	4
3518	4
3519	4
3520	4
3521	4
3522	4
3523	4
3524	4
3525	4
3526	4
3527	4
3528	4
3529	4
3530	4
3531	4
3532	4
3533	4
3534	4
3535	4
3536	4
3537	4
3538	4
3539	4
3540	4
3541	4
3542	4
3543	4
3544	4
3545	4
3546	4
3547	4
3548	4
3549	4
3550	4
3551	4
3552	4
3553	4
3554	4
3555	4
3556	4
3557	4
3558	4
3559	4
3560	4
3561	4
3562	4
3563	4
3564	4
3565	4
3566	4
3567	4
3568	4
3569	4
3570	4
3571	4
3572	4
3573	4
3574	4
3575	4
3576	4
3577	4
3578	4
3579	4
3580	4
3581	4
3582	4
3583	4
3584	4
3585	4
3586	4
3587	4
3588	4
3589	4
3590	4
3591	4
3592	4
3593	4
3594	4
3595	4
3596	4
3597	4
3598	4
3599	4
3600	4
3601	4
3602	4
3603	4
3604	4
3605	4
3606	4
3607	4
3608	4
3609	4
3610	4
3611	4
3612	4
3613	4
3614	4
3615	4
3616	4
3617	4
3618	4
3619	4
3620	4
3621	4
3622	4
3623	4
3624	4
3625	4
3626	4
3627	4
3628	4
3629	4
3630	4
3631	4
3632	4
3633	4
3634	4
3635	4
3636	4
3637	4
3638	4
3639	4
3640	4
3641	4
3642	4
3643	4
3644	4
3645	4
3646	4
3647	4
3648	4
3649	4
3650	4
3651	4
3652	4
3653	4
3654	4
3655	4
3656	4
3657	4
3658	4
3659	4
3660	4
3661	4
3662	4
3663	4
3664	4
3665	4
3666	4
3667	4
3668	4
3669	4
3670	4
3671	4
3672	4
3673	4
3674	4
3675	4
3676	4
3677	4
3678	4
3679	4
3680	4
3681	4
3682	4
3683	4
3684	4
3685	4
3686	4
3687	4
3688	4
3689	4
3690	4
3691	4
3692	4
3693	4
3694	4
3695	4
3696	4
3697	4
3698	4
3699	4
3700	4
3701	4
3702	4
3703	4
3704	4
3705	4
3706	4
3707	4
3708	4
3709	4
3710	4
3711	4
3712	4
3713	4
3714	4
3715	4
3716	4
3717	4
3718	4
3719	4
3720	4
3721	4
3722	4
3723	4
3724	4
3725	4
3726	4
3727	4
3728	4
3729	4
3730	4
3731	4
3732	4
3733	4
3734	4
3735	4
3736	4
3737	4
3738	4
3739	4
3740	4
3741	4
3742	4
3743	4
3744	4
3745	4
3746	4
3747	4
3748	4
3749	4
3750	4
3751	4
3752	4
3753	4
3754	4
3755	4
3756	4
3757	4
3758	4
3759	4
3760	4
3761	4
3762	4
3763	4
3764	4
3765	4
3766	4
3767	4
3768	4
3769	4
3770	4
3771	4
3772	4
3773	4
3774	4
3775	4
3776	4
3777	4
3778	4
3779	4
3780	4
3781	4
3782	4
3783	4
3784	4
3785	4
3786	4
3787	4
3788	4
3789	4
3790	4
3791	4
3792	4
3793	4
3794	4
3795	4
3796	4
3797	4
3798	4
3799	4
3800	4
3801	4
3802	4
3803	4
3804	4
3805	4
3806	4
3807	4
3808	4
3809	4
3810	4
3811	4
3812	4
3813	4
3814	4
3815	4
3816	4
3817	4
3818	4
3819	4
3820	4
3821	4
3822	4
3823	4
3824	4
3825	4
3826	4
3827	4
3828	4
3829	4
3830	4
3831	4
3832	4
3833	4
3834	4
3835	4
3836	4
3837	4
3838	4
3839	4
3840	4
3841	4
3842	4
3843	4
3844	4
3845	4
3846	4
3847	4
3848	4
3849	4
3850	4
3851	4
3852	4
3853	4
3854	4
3855	4
3856	4
3857	4
3858	4
3859	4
3860	4
3861	4
3862	4
3863	4
3864	4
3865	4
3866	4
3867	4
3868	4
3869	4
3870	4
3871	4
3872	4
3873	4
3874	4
3875	4
3876	4
3877	4
3878	4
3879	4
3880	4
3881	4
3882	4
3883	4
3884	4
3885	4
3886	4
3887	4
3888	4
3889	4
3890	4
3891	4
3892	4
3893	4
3894	4
3895	4
3896	4
3897	4
3898	4
3899	4
3900	4
3901	4
3902	4
3903	4
3904	4
3905	4
3906	4
3907	4
3908	4
3909	4
3910	4
3911	4
3912	4
3913	4
3914	4
3915	4
3916	4
3917	4
3918	4
3919	4
3920	4
3921	4
3922	4
3923	4
3924	4
3925	4
3926	4
3927	4
3928	4
3929	4
3930	4
3931	4
3932	4
3933	4
3934	4
3935	4
3936	4
3937	4
3938	4
3939	4
3940	4
3941	4
3942	4
3943	4
3944	4
3945	4
3946	4
3947	4
3948	4
3949	4
3950	4
3951	4
3952	4
3953	4
3954	4
3955	4
3956	4
3957	4
3958	4
3959	4
3960	4
3961	4
3962	4
3963	4
3964	4
3965	4
3966	4
3967	4
3968	4
3969	4
3970	4
3971	4
3972	4
3973	4
3974	4
3975	4
3976	4
3977	4
3978	4
3979	4
3980	4
3981	4
3982	4
3983	4
3984	4
3985	4
3986	4
3987	4
3988	4
3989	4
3990	4
3991	4
3992	4
3993	4
3994	4
3995	4
3996	4
3997	4
3998	4
3999	4
4000	4
4001	4
4002	4
4003	4
4004	4
4005	4
4006	4
4007	4
4008	4
4009	4
4010	4
4011	4
4012	4
4013	4
4014	4
4015	4
4016	4
4017	4
4018	4
4019	4
4020	4
4021	4
4022	4
4023	4
4024	4
4025	4
4026	4
4027	4
4028	4
4029	4
4030	4
4031	4
4032	4
4033	4
4034	4
4035	4
4036	4
4037	4
4038	4
4039	4
4040	4
4041	4
4042	4
4043	4
4044	4
4045	4
4046	4
4047	4
4048	4
4049	4
4050	4
4051	4
4052	4
4053	4
4054	4
4055	4
4056	4
4057	4
4058	4
4059	4
4060	4
4061	4
4062	4
4063	4
4064	4
4065	4
4066	4
4067	4
4068	4
4069	4
4070	4
4071	4
4072	4
4073	4
4074	4
4075	4
4076	4
4077	4
4078	4
4079	4
4080	4
4081	4
4082	4
4083	4
4084	4
4085	4
4086	4
4087	4
4088	4
4089	4
4090	4
4091	4
4092	4
4093	4
4094	4
4095	4
4096	4
4097	4
4098	4
4099	4
4100	4
4101	4
4102	4
4103	4
4104	4
4105	4
4106	4
4107	4
4108	4
4109	4
4110	4
4111	4
4112	4
4113	4
4114	4
4115	4
4116	4
4117	4
4118	4
4119	4
4120	4
4121	4
4122	4
4123	4
4124	4
4125	4
4126	4
4127	4
4128	4
4129	4
4130	4
4131	4
4132	4
4133	4
4134	4
4135	4
4136	4
4137	4
4138	4
4139	4
4140	4
4141	4
4142	4
4143	4
4144	4
4145	4
4146	4
4147	4
4148	4
4149	4
4150	4
4151	4
4152	4
4153	4
4154	4
4155	4
4156	4
4157	4
4158	4
4159	4
4160	4
4161	4
4162	4
4163	4
4164	4
4165	4
4166	4
4167	4
4168	4
4169	4
4170	4
4171	4
4172	4
4173	4
4174	4
4175	4
4176	4
4177	4
4178	4
4179	4
4180	4
4181	4
4182	4
4183	4
4184	4
4185	4
4186	4
4187	4
4188	4
4189	4
4190	4
4191	4
4192	4
4193	4
4194	4
4195	4
4196	4
4197	4
4198	4
4199	4
4200	4
4201	4
4202	4
4203	4
4204	4
4205	4
4206	4
4207	4
4208	4
4209	4
4210	4
4211	4
4212	4
4213	4
4214	4
4215	4
4216	4
4217	4
4218	4
4219	4
4220	4
4221	4
4222	4
4223	4
4224	4
4225	4
4226	4
4227	4
4228	4
4229	4
4230	4
4231	4
4232	4
4233	4
4234	4
4235	4
4236	4
4237	4
4238	4
4239	4
4240	4
4241	4
4242	4
4243	4
4244	4
4245	4
4246	4
4247	4
4248	4
4249	4
4250	4
4251	4
4252	4
4253	4
4254	4
4255	4
4256	4
4257	4
4258	4
4259	4
4260	4
4261	4
4262	4
4263	4
4264	4
4265	4
4266	4
4267	4
4268	4
4269	4
4270	4
4271	4
4272	4
4273	4
4274	4
4275	4
4276	4
4277	4
4278	4
4279	4
4280	4
4281	4
4282	4
4283	4
4284	4
4285	4
4286	4
4287	4
4288	4
4289	4
4290	4
4291	4
4292	4
4293	4
4294	4
4295	4
4296	4
4297	4
4298	4
4299	4
4300	4
4301	4
4302	4
4303	4
4304	4
4305	4
4306	4
4307	4
4308	4
4309	4
4310	4
4311	4
4312	4
4313	4
4314	4
4315	4
4316	4
4317	4
4318	4
4319	4
4320	4
4321	4
4322	4
4323	4
4324	4
4325	4
4326	4
4327	4
4328	4
4329	4
4330	4
4331	4
4332	4
4333	4
4334	4
4335	4
4336	4
4337	4
4338	4
4339	4
4340	4
4341	4
4342	4
4343	4
4344	4
4345	4
4346	4
4347	4
4348	4
4349	4
4350	4
4351	4
4352	4
4353	4
4354	4
4355	4
4356	4
4357	4
4358	4
4359	4
4360	4
4361	4
4362	4
4363	4
4364	4
4365	4
4366	4
4367	4
4368	4
4369	4
4370	4
4371	4
4372	4
4373	4
4374	4
4375	4
4376	4
4377	4
4378	4
4379	4
4380	4
4381	4
4382	4
4383	4
4384	4
4385	4
4386	4
4387	4
4388	4
4389	4
4390	4
4391	4
4392	4
4393	4
4394	4
4395	4
4396	4
4397	4
4398	4
4399	4
4400	4
4401	4
4402	4
4403	4
4404	4
4405	4
4406	4
4407	4
4408	4
4409	4
4410	4
4411	4
4412	4
4413	4
4414	4
4415	4
4416	4
4417	4
4418	4
4419	4
4420	4
4421	4
4422	4
4423	4
4424	4
4425	4
4426	4
4427	4
4428	4
4429	4
4430	4
4431	4
4432	4
4433	4
4434	4
4435	4
4436	4
4437	4
4438	4
4439	4
4440	4
4441	4
4442	4
4443	4
4444	4
4445	4
4446	4
4447	4
4448	4
4449	4
4450	4
4451	4
4452	4
4453	4
4454	4
4455	4
4456	4
4457	4
4458	4
4459	4
4460	4
4461	4
4462	4
4463	4
4464	4
4465	4
4466	4
4467	4
4468	4
4469	4
4470	4
4471	4
4472	4
4473	4
4474	4
4475	4
4476	4
4477	4
4478	4
4479	4
4480	4
4481	4
4482	4
4483	4
4484	4
4485	4
4486	4
4487	4
4488	4
4489	4
4490	4
4491	4
4492	4
4493	4
4494	4
4495	4
4496	4
4497	4
4498	4
4499	4
4500	4
4501	4
4502	4
4503	4
4504	4
4505	4
4506	4
4507	4
4508	4
4509	4
4510	4
4511	4
4512	4
4513	4
4514	4
4515	4
4516	4
4517	4
4518	4
4519	4
4520	4
4521	4
4522	4
4523	4
4524	4
4525	4
4526	4
4527	4
4528	4
4529	4
4530	4
4531	4
4532	4
4533	4
4534	4
4535	4
4536	4
4537	4
4538	4
4539	4
4540	4
4541	4
4542	4
4543	4
4544	4
4545	4
4546	4
4547	4
4548	4
4549	4
4550	4
4551	4
4552	4
4553	4
4554	4
4555	4
4556	4
4557	4
4558	4
4559	4
4560	4
4561	4
4562	4
4563	4
4564	4
4565	4
4566	4
4567	4
4568	4
4569	4
4570	4
4571	4
4572	4
4573	4
4574	4
4575	4
4576	4
4577	4
4578	4
4579	4
4580	4
4581	4
4582	4
4583	4
4584	4
4585	4
4586	4
4587	4
4588	4
4589	4
4590	4
4591	4
4592	4
4593	4
4594	4
4595	4
4596	4
4597	4
4598	4
4599	4
4600	4
4601	4
4602	4
4603	4
4604	4
4605	4
4606	4
4607	4
4608	4
4609	4
4610	4
4611	4
4612	4
4613	4
4614	4
4615	4
4616	4
4617	4
4618	4
4619	4
4620	4
4621	4
4622	4
4623	4
4624	4
4625	4
4626	4
4627	4
4628	4
4629	4
4630	4
4631	4
4632	4
4633	4
4634	4
4635	4
4636	4
4637	4
4638	4
4639	4
4640	4
4641	4
4642	4
4643	4
4644	4
4645	4
4646	4
4647	4
4648	4
4649	4
4650	4
4651	4
4652	4
4653	4
4654	4
4655	4
4656	4
4657	4
4658	4
4659	4
4660	4
4661	4
4662	4
4663	4
4664	4
4665	4
4666	4
4667	4
4668	4
4669	4
4670	4
4671	4
4672	4
4673	4
4674	4
4675	4
4676	4
4677	4
4678	4
4679	4
4680	4
4681	4
4682	4
4683	4
4684	4
4685	4
4686	4
4687	4
4688	4
4689	4
4690	4
4691	4
4692	4
4693	4
4694	4
4695	4
4696	4
4697	4
4698	4
4699	4
4700	4
4701	4
4702	4
4703	4
4704	4
4705	4
4706	4
4707	4
4708	4
4709	4
4710	4
4711	4
4712	4
4713	4
4714	4
4715	4
4716	4
4717	4
4718	4
4719	4
4720	4
4721	4
4722	4
4723	4
4724	4
4725	4
4726	4
4727	4
4728	4
4729	4
4730	4
4731	4
4732	4
4733	4
4734	4
4735	4
4736	4
4737	4
4738	4
4739	4
4740	4
4741	4
4742	4
4743	4
4744	4
4745	4
4746	4
4747	4
4748	4
4749	4
4750	4
4751	4
4752	4
4753	4
4754	4
4755	4
4756	4
4757	4
4758	4
4759	4
4760	4
4761	4
4762	4
4763	4
4764	4
4765	4
4766	4
4767	4
4768	4
4769	4
4770	4
4771	4
4772	4
4773	4
4774	4
4775	4
4776	4
4777	4
4778	4
4779	4
4780	4
4781	4
4782	4
4783	4
4784	4
4785	4
4786	4
4787	4
4788	4
4789	4
4790	4
4791	4
4792	4
4793	4
4794	4
4795	4
4796	4
4797	4
4798	4
4799	4
4800	4
4801	4
4802	4
4803	4
4804	4
4805	4
4806	4
4807	4
4808	4
4809	4
4810	4
4811	4
4812	4
4813	4
4814	4
4815	4
4816	4
4817	4
4818	4
4819	4
4820	4
4821	4
4822	4
4823	4
4824	4
4825	4
4826	4
4827	4
4828	4
4829	4
4830	4
4831	4
4832	4
4833	4
4834	4
4835	4
4836	4
4837	4
4838	4
4839	4
4840	4
4841	4
4842	4
4843	4
4844	4
4845	4
4846	4
4847	4
4848	4
4849	4
4850	4
4851	4
4852	4
4853	4
4854	4
4855	4
4856	4
4857	4
4858	4
4859	4
4860	4
4861	4
4862	4
4863	4
4864	4
4865	4
4866	4
4867	4
4868	4
4869	4
4870	4
4871	4
4872	4
4873	4
4874	4
4875	4
4876	4
4877	4
4878	4
4879	4
4880	4
4881	4
4882	4
4883	4
4884	4
4885	4
4886	4
4887	4
4888	4
4889	4
4890	4
4891	4
4892	4
4893	4
4894	4
4895	4
4896	4
4897	4
4898	4
4899	4
4900	4
4901	4
4902	4
4903	4
4904	4
4905	4
4906	4
4907	4
4908	4
4909	4
4910	4
4911	4
4912	4
4913	4
4914	4
4915	4
4916	4
4917	4
4918	4
4919	4
4920	4
4921	4
4922	4
4923	4
4924	4
4925	4
4926	4
4927	4
4928	4
4929	4
4930	4
4931	4
4932	4
4933	4
4934	4
4935	4
4936	4
4937	4
4938	4
4939	4
4940	4
4941	4
4942	4
4943	4
4944	4
4945	4
4946	4
4947	4
4948	4
4949	4
4950	4
4951	4
4952	4
4953	4
4954	4
4955	4
4956	4
4957	4
4958	4
4959	4
4960	4
4961	4
4962	4
4963	4
4964	4
4965	4
4966	4
4967	4
4968	4
4969	4
4970	4
4971	4
4972	4
4973	4
4974	4
4975	4
4976	4
4977	4
4978	4
4979	4
4980	4
4981	4
4982	4
4983	4
4984	4
4985	4
4986	4
4987	4
4988	4
4989	4
4990	4
4991	4
4992	4
4993	4
4994	4
4995	4
4996	4
4997	4
4998	4
4999	4
5000	4
5001	4
5002	4
5003	4
5004	4
5005	4
5006	4
5007	4
5008	4
5009	4
5010	4
5011	4
5012	4
5013	4
5014	4
5015	4
5016	4
5017	4
5018	4
5019	4
5020	4
5021	4
5022	4
5023	4
5024	4
5025	4
5026	4
5027	4
5028	4
5029	4
5030	4
5031	4
5032	4
5033	4
5034	4
5035	4
5036	4
5037	4
5038	4
5039	4
5040	4
5041	4
5042	4
5043	4
5044	4
5045	4
5046	4
5047	4
5048	4
5049	4
5050	4
5051	4
5052	4
5053	4
5054	4
5055	4
5056	4
5057	4
5058	4
5059	4
5060	4
5061	4
5062	4
5063	4
5064	4
5065	4
5066	4
5067	4
5068	4
5069	4
5070	4
5071	4
5072	4
5073	4
5074	4
5075	4
5076	4
5077	4
5078	4
5079	4
5080	4
5081	4
5082	4
5083	4
5084	4
5085	4
5086	4
5087	4
5088	4
5089	4
5090	4
5091	4
5092	4
5093	4
5094	4
5095	4
5096	4
5097	4
5098	4
5099	4
5100	4
5101	4
5102	4
5103	4
5104	4
5105	4
5106	4
5107	4
5108	4
5109	4
5110	4
5111	4
5112	4
5113	4
5114	4
5115	4
5116	4
5117	4
5118	4
5119	4
5120	4
5121	4
5122	4
5123	4
5124	4
5125	4
5126	4
5127	4
5128	4
5129	4
5130	4
5131	4
5132	4
5133	4
5134	4
5135	4
5136	4
5137	4
5138	4
5139	4
5140	4
5141	4
5142	4
5143	4
5144	4
5145	4
5146	4
5147	4
5148	4
5149	4
5150	4
5151	4
5152	4
5153	4
5154	4
5155	4
5156	4
5157	4
5158	4
5159	4
5160	4
5161	4
5162	4
5163	4
5164	4
5165	4
5166	4
5167	4
5168	4
5169	4
5170	4
5171	4
5172	4
5173	4
5174	4
5175	4
5176	4
5177	4
5178	4
5179	4
5180	4
5181	4
5182	4
5183	4
5184	4
5185	4
5186	4
5187	4
5188	4
5189	4
5190	4
5191	4
5192	4
5193	4
5194	4
5195	4
5196	4
5197	4
5198	4
5199	4
5200	4
5201	4
5202	4
5203	4
5204	4
5205	4
5206	4
5207	4
5208	4
5209	4
5210	4
5211	4
5212	4
5213	4
5214	4
5215	4
5216	4
5217	4
5218	4
5219	4
5220	4
5221	4
5222	4
5223	4
5224	4
5225	4
5226	4
5227	4
5228	4
5229	4
5230	4
5231	4
5232	4
5233	4
5234	4
5235	4
5236	4
5237	4
5238	4
5239	4
5240	4
5241	4
5242	4
5243	4
5244	4
5245	4
5246	4
5247	4
5248	4
5249	4
5250	4
5251	4
5252	4
5253	4
5254	4
5255	4
5256	4
5257	4
5258	4
5259	4
5260	4
5261	4
5262	4
5263	4
5264	4
5265	4
5266	4
5267	4
5268	4
5269	4
5270	4
5271	4
5272	4
5273	4
5274	4
5275	4
5276	4
5277	4
5278	4
5279	4
5280	4
5281	4
5282	4
5283	4
5284	4
5285	4
5286	4
5287	4
5288	4
5289	4
5290	4
5291	4
5292	4
5293	4
5294	4
5295	4
5296	4
5297	4
5298	4
5299	4
5300	4
5301	4
5302	4
5303	4
5304	4
5305	4
5306	4
5307	4
5308	4
5309	4
5310	4
5311	4
5312	4
5313	4
5314	4
5315	4
5316	4
5317	4
5318	4
5319	4
5320	4
5321	4
5322	4
5323	4
5324	4
5325	4
5326	4
5327	4
5328	4
5329	4
5330	4
5331	4
5332	4
5333	4
5334	4
5335	4
5336	4
5337	4
5338	4
5339	4
5340	4
5341	4
5342	4
5343	4
5344	4
5345	4
5346	4
5347	4
5348	4
5349	4
5350	4
5351	4
5352	4
5353	4
5354	4
5355	4
5356	4
5357	4
5358	4
5359	4
5360	4
5361	4
5362	4
5363	4
5364	4
5365	4
5366	4
5367	4
5368	4
5369	4
5370	4
5371	4
5372	4
5373	4
5374	4
5375	4
5376	4
5377	4
5378	4
5379	4
5380	4
5381	4
5382	4
5383	4
5384	4
5385	4
5386	4
5387	4
5388	4
5389	4
5390	4
5391	4
5392	4
5393	4
5394	4
5395	4
5396	4
5397	4
5398	4
5399	4
5400	4
5401	4
5402	4
5403	4
5404	4
5405	4
5406	4
5407	4
5408	4
5409	4
5410	4
5411	4
5412	4
5413	4
5414	4
5415	4
5416	4
5417	4
5418	4
5419	4
5420	4
5421	4
5422	4
5423	4
5424	4
5425	4
5426	4
5427	4
5428	4
5429	4
5430	4
5431	4
5432	4
5433	4
5434	4
5435	4
5436	4
5437	4
5438	4
5439	4
5440	4
5441	4
5442	4
5443	4
5444	4
5445	4
5446	4
5447	4
5448	4
5449	4
5450	4
5451	4
5452	4
5453	4
5454	4
5455	4
5456	4
5457	4
5458	4
5459	4
5460	4
5461	4
5462	4
5463	4
5464	4
5465	4
5466	4
5467	4
5468	4
5469	4
5470	4
5471	4
5472	4
5473	4
5474	4
5475	4
5476	4
5477	4
5478	4
5479	4
5480	4
5481	4
5482	4
5483	4
5484	4
5485	4
5486	4
5487	4
5488	4
5489	4
5490	4
5491	4
5492	4
5493	4
5494	4
5495	4
5496	4
5497	4
5498	4
5499	4
5500	4
5501	4
5502	4
5503	4
5504	4
5505	4
5506	4
5507	4
5508	4
5509	4
5510	4
5511	4
5512	4
5513	4
5514	4
5515	4
5516	4
5517	4
5518	4
5519	4
5520	4
5521	4
5522	4
5523	4
5524	4
5525	4
5526	4
5527	4
5528	4
5529	4
5530	4
5531	4
5532	4
5533	4
5534	4
5535	4
5536	4
5537	4
5538	4
5539	4
5540	4
5541	4
5542	4
5543	4
5544	4
5545	4
5546	4
5547	4
5548	4
5549	4
5550	4
5551	4
5552	4
5553	4
5554	4
5555	4
5556	4
5557	4
5558	4
5559	4
5560	4
5561	4
5562	4
5563	4
5564	4
5565	4
5566	4
5567	4
5568	4
5569	4
5570	4
5571	4
5572	4
5573	4
5574	4
5575	4
5576	4
5577	4
5578	4
5579	4
5580	4
5581	4
5582	4
5583	4
5584	4
5585	4
5586	4
5587	4
5588	4
5589	4
5590	4
5591	4
5592	4
5593	4
5594	4
5595	4
5596	4
5597	4
5598	4
5599	4
5600	4
5601	4
5602	4
5603	4
5604	4
5605	4
5606	4
5607	4
5608	4
5609	4
5610	4
5611	4
5612	4
5613	4
5614	4
5615	4
5616	4
5617	4
5618	4
5619	4
5620	4
5621	4
5622	4
5623	4
5624	4
5625	4
5626	4
5627	4
5628	4
5629	4
5630	4
5631	4
5632	4
5633	4
5634	4
5635	4
5636	4
5637	4
5638	4
5639	4
5640	4
5641	4
5642	4
5643	4
5644	4
5645	4
5646	4
5647	4
5648	4
5649	4
5650	4
5651	4
5652	4
5653	4
5654	4
5655	4
5656	4
5657	4
5658	4
5659	4
5660	4
5661	4
5662	4
5663	4
5664	4
5665	4
5666	4
5667	4
5668	4
5669	4
5670	4
5671	4
5672	4
5673	4
5674	4
5675	4
5676	4
5677	4
5678	4
5679	4
5680	4
5681	4
5682	4
5683	4
5684	4
5685	4
5686	4
5687	4
5688	4
5689	4
5690	4
5691	4
5692	4
5693	4
5694	4
5695	4
5696	4
5697	4
5698	4
5699	4
5700	4
5701	4
5702	4
5703	4
5704	5
5705	5
5706	5
5707	5
5708	5
5709	5
5710	5
5711	5
5712	5
5713	5
5714	5
5715	5
5716	5
5717	5
5718	5
5719	5
5720	5
5721	5
5722	5
5723	5
5724	5
5725	5
5726	5
5727	5
5728	5
5729	5
5730	5
5731	5
5732	5
5733	5
5734	5
5735	5
5736	5
5737	5
5738	5
5739	5
5740	5
5741	5
5742	5
5743	5
5744	5
5745	5
5746	5
5747	5
5748	5
5749	5
5750	5
5751	5
5752	5
5753	5
5754	5
5755	5
5756	5
5757	5
5758	5
5759	5
5760	5
5761	5
5762	5
5763	5
5764	5
5765	5
5766	5
5767	5
5768	5
5769	5
5770	5
5771	5
5772	5
5773	5
5774	5
5775	5
5776	5
5777	5
5778	5
5779	5
5780	5
5781	5
5782	5
5783	5
5784	5
5785	5
5786	5
5787	5
5788	5
5789	5
5790	5
5791	5
5792	5
5793	5
5794	5
5795	5
5796	5
5797	5
5798	5
5799	5
5800	5
5801	5
5802	5
5803	5
5804	5
5805	5
5806	5
5807	5
5808	5
5809	5
5810	5
5811	5
5812	5
5813	5
5814	5
5815	5
5816	5
5817	5
5818	5
5819	5
5820	5
5821	5
5822	5
5823	5
5824	5
5825	5
5826	5
5827	5
5828	5
5829	5
5830	5
5831	5
5832	5
5833	5
5834	5
5835	5
5836	5
5837	5
5838	5
5839	5
5840	5
5841	5
5842	5
5843	5
5844	5
5845	5
5846	5
5847	5
5848	5
5849	5
5850	5
5851	5
5852	5
5853	5
5854	5
5855	5
5856	5
5857	5
5858	5
5859	5
5860	5
5861	5
5862	5
5863	5
5864	5
5865	5
5866	5
5867	5
5868	5
5869	5
5870	5
5871	5
5872	5
5873	5
5874	5
5875	5
5876	5
5877	5
5878	5
5879	5
5880	5
5881	5
5882	5
5883	5
5884	5
5885	5
5886	5
5887	5
5888	5
5889	5
5890	5
5891	5
5892	5
5893	5
5894	5
5895	5
5896	5
5897	5
5898	5
5899	5
5900	5
5901	5
5902	5
5903	5
5904	5
5905	5
5906	5
5907	5
5908	5
5909	5
5910	5
5911	5
5912	5
5913	5
5914	5
5915	5
5916	5
5917	5
5918	5
5919	5
5920	5
5921	5
5922	5
5923	5
5924	5
5925	5
5926	5
5927	5
5928	5
5929	5
5930	5
5931	5
5932	5
5933	5
5934	5
5935	5
5936	5
5937	5
5938	5
5939	5
5940	5
5941	5
5942	5
5943	5
5944	5
5945	5
5946	5
5947	5
5948	5
5949	5
5950	5
5951	5
5952	5
5953	5
5954	5
5955	5
5956	5
5957	5
5958	5
5959	5
5960	5
5961	5
5962	5
5963	5
5964	5
5965	5
5966	5
5967	5
5968	5
5969	5
5970	5
5971	5
5972	5
5973	5
5974	5
5975	5
5976	5
5977	5
5978	5
5979	5
5980	5
5981	5
5982	5
5983	5
5984	5
5985	5
5986	5
5987	5
5988	5
5989	5
5990	5
5991	5
5992	5
5993	5
5994	5
5995	5
5996	5
5997	5
5998	5
5999	5
6000	5
6001	5
6002	5
6003	5
6004	5
6005	5
6006	5
6007	5
6008	5
6009	5
6010	5
6011	5
6012	5
6013	5
6014	5
6015	5
6016	5
6017	5
6018	5
6019	5
6020	5
6021	6
6022	6
6023	6
6024	6
6025	6
6026	6
6027	6
6028	6
6029	6
6030	6
6031	6
6032	6
6033	6
6034	6
6035	6
6036	6
6037	6
6038	6
6039	6
6040	6
6041	6
6042	6
6043	6
6044	6
6045	6
6046	6
6047	6
6048	6
6049	6
6050	6
6051	6
6052	6
6053	6
6054	6
6055	6
6056	6
6057	6
6058	6
6059	6
6060	6
6061	6
6062	6
6063	6
6064	6
6065	6
6066	6
6067	6
6068	6
6069	6
6070	6
6071	6
6072	6
6073	6
6074	6
6075	6
6076	6
6077	6
6078	6
6079	6
6080	6
6081	6
6082	6
6083	7
6084	7
6085	7
6086	7
6087	7
6088	7
6089	7
6090	7
6091	7
6092	7
6093	7
6094	7
6095	7
6096	7
6097	7
6098	7
6099	7
6100	7
6101	7
6102	7
6103	7
6104	7
6105	7
6106	7
6107	7
6108	7
6109	7
6110	7
6111	7
6112	7
6113	7
6114	7
6115	7
6116	7
6117	7
6118	7
6119	7
6120	7
6121	7
6122	7
6123	7
6124	7
6125	7
6126	7
6127	7
6128	7
6129	7
6130	7
6131	7
6132	7
6133	7
6134	7
6135	7
6136	7
6137	7
6138	7
6139	7
6140	7
6141	7
6142	7
6143	7
6144	7
6145	7
6146	7
6147	7
6148	7
6149	7
6150	7
6151	7
6152	7
6153	7
6154	7
6155	7
6156	7
6157	7
6158	7
6159	7
6160	7
6161	7
6162	7
6163	7
6164	7
6165	7
6166	7
6167	7
6168	7
6169	7
6170	7
6171	7
6172	7
6173	7
6174	7
6175	7
6176	7
6177	7
6178	7
6179	7
6180	7
6181	7
6182	7
6183	7
6184	7
6185	7
6186	7
6187	7
6188	7
6189	7
6190	7
6191	7
6192	7
6193	7
6194	7
6195	7
6196	7
6197	7
6198	7
6199	7
6200	7
6201	7
6202	7
6203	7
6204	7
6205	7
6206	7
6207	7
6208	7
6209	7
6210	7
6211	7
6212	7
6213	7
6214	7
6215	7
6216	7
6217	7
6218	7
6219	7
6220	7
6221	7
6222	7
6223	7
6224	7
6225	7
6226	7
6227	7
6228	7
6229	7
6230	7
6231	7
6232	7
6233	7
6234	7
6235	7
6236	7
6237	7
6238	7
6239	7
6240	7
6241	7
6242	7
6243	7
6244	7
6245	7
6246	7
6247	7
6248	7
6249	7
6250	7
6251	7
6252	7
6253	7
6254	7
6255	7
6256	7
6257	7
6258	7
6259	7
6260	7
6261	7
6262	7
6263	7
6264	7
6265	7
6266	7
6267	7
6268	7
6269	7
6270	7
6271	7
6272	7
6273	7
6274	7
6275	7
6276	7
6277	7
6278	7
6279	7
6280	7
6281	7
6282	7
6283	7
6284	7
6285	7
6286	7
6287	7
6288	7
6289	7
6290	7
6291	7
6292	7
6293	7
6294	7
6295	7
6296	7
6297	7
6298	7
6299	7
6300	7
6301	7
6302	7
6303	7
6304	7
6305	7
6306	7
6307	7
6308	7
6309	7
6310	7
6311	7
6312	7
6313	7
6314	7
6315	7
6316	7
6317	7
6318	7
6319	7
6320	7
6321	7
6322	7
6323	7
6324	7
6325	7
6326	7
6327	7
6328	7
6329	7
6330	7
6331	7
6332	7
6333	7
6334	7
6335	7
6336	7
6337	7
6338	7
6339	7
6340	7
6341	7
6342	7
6343	7
6344	7
6345	7
6346	7
6347	7
6348	7
6349	7
6350	7
6351	7
6352	7
6353	7
6354	7
6355	7
6356	7
6357	7
6358	7
6359	7
6360	7
6361	7
6362	7
6363	7
6364	7
6365	7
6366	7
6367	7
6368	7
6369	7
6370	7
6371	7
6372	7
6373	7
6374	7
6375	7
6376	7
6377	7
6378	7
6379	7
6380	7
6381	7
6382	7
6383	7
6384	7
6385	7
6386	7
6387	7
6388	7
6389	7
6390	7
6391	7
6392	7
6393	7
6394	7
6395	7
6396	7
6397	7
6398	7
6399	7
6400	7
6401	7
6402	7
6403	7
6404	7
6405	7
6406	7
6407	7
6408	7
6409	7
6410	7
6411	7
6412	7
6413	7
6414	7
6415	7
6416	7
6417	7
6418	7
6419	7
6420	7
6421	7
6422	7
6423	7
6424	7
6425	7
6426	7
6427	7
6428	7
6429	7
6430	7
6431	7
6432	7
6433	7
6434	7
6435	7
6436	7
6437	7
6438	7
6439	7
6440	7
6441	7
6442	7
6443	7
6444	7
6445	7
6446	7
6447	7
6448	7
6449	7
6450	7
6451	7
6452	7
6453	7
6454	7
6455	7
6456	7
6457	7
6458	7
6459	7
6460	7
6461	7
6462	7
6463	7
6464	7
6465	7
6466	7
6467	7
6468	7
6469	7
6470	7
6471	7
6472	7
6473	7
6474	7
6475	7
6476	7
6477	7
6478	7
6479	7
6480	7
6481	7
6482	7
6483	7
6484	7
6485	7
6486	7
6487	7
6488	7
6489	7
6490	7
6491	7
6492	7
6493	7
6494	7
6495	7
6496	7
6497	7
6498	7
6499	7
6500	7
6501	7
6502	7
6503	7
6504	7
6505	7
6506	7
6507	7
6508	7
6509	7
6510	7
6511	7
6512	7
6513	7
6514	7
6515	7
6516	7
6517	7
6518	7
6519	7
6520	7
6521	7
6522	7
6523	7
6524	7
6525	7
6526	7
6527	7
6528	7
6529	7
6530	7
6531	7
6532	7
6533	7
6534	7
6535	7
6536	7
6537	7
6538	7
6539	7
6540	7
6541	7
6542	7
6543	7
6544	7
6545	7
6546	7
6547	7
6548	7
6549	7
6550	7
6551	7
6552	7
6553	7
6554	7
6555	7
6556	7
6557	7
6558	7
6559	7
6560	7
6561	7
6562	7
6563	7
6564	7
6565	7
6566	7
6567	7
6568	7
6569	7
6570	7
6571	7
6572	7
6573	7
6574	7
6575	7
6576	7
6577	7
6578	7
6579	7
6580	7
6581	7
6582	7
6583	7
6584	7
6585	7
6586	7
6587	7
6588	7
6589	7
6590	7
6591	7
6592	7
6593	7
6594	7
6595	7
6596	7
6597	7
6598	7
6599	7
6600	7
6601	7
6602	7
6603	7
6604	7
6605	7
6606	7
6607	7
6608	7
6609	7
6610	7
6611	7
6612	7
6613	7
6614	7
6615	7
6616	7
6617	7
6618	7
6619	7
6620	7
6621	7
6622	7
6623	7
6624	7
6625	7
6626	7
6627	7
6628	7
6629	7
6630	7
6631	7
6632	7
6633	7
6634	7
6635	7
6636	7
6637	7
6638	7
6639	7
6640	7
6641	7
6642	7
6643	7
6644	7
6645	7
6646	7
6647	7
6648	7
6649	7
6650	7
6651	7
6652	7
6653	7
6654	7
6655	7
6656	7
6657	7
6658	7
6659	7
6660	7
6661	7
6662	7
6663	7
6664	7
6665	7
6666	7
6667	7
6668	7
6669	7
6670	7
6671	7
6672	7
6673	7
6674	7
6675	7
6676	7
6677	7
6678	7
6679	7
6680	7
6681	7
6682	7
6683	7
6684	7
6685	7
6686	7
6687	7
6688	7
6689	7
6690	7
6691	7
6692	7
6693	7
6694	7
6695	7
6696	7
6697	7
6698	7
6699	7
6700	7
6701	7
6702	7
6703	7
6704	7
6705	7
6706	7
6707	7
6708	7
6709	7
6710	7
6711	7
6712	7
6713	7
6714	7
6715	7
6716	7
6717	7
6718	7
6719	7
6720	7
6721	7
6722	7
6723	7
6724	7
6725	7
6726	7
6727	7
6728	7
6729	7
6730	7
6731	7
6732	7
6733	7
6734	7
6735	7
6736	7
6737	7
6738	7
6739	7
6740	7
6741	7
6742	7
6743	7
6744	7
6745	7
6746	7
6747	7
6748	7
6749	7
6750	7
6751	7
6752	7
6753	7
6754	7
6755	7
6756	7
6757	7
6758	7
6759	7
6760	7
6761	7
6762	7
6763	7
6764	7
6765	7
6766	7
6767	7
6768	7
6769	7
6770	7
6771	7
6772	7
6773	7
6774	7
6775	7
6776	7
6777	7
6778	7
6779	7
6780	7
6781	7
6782	7
6783	7
6784	7
6785	7
6786	7
6787	7
6788	7
6789	7
6790	7
6791	7
6792	7
6793	7
6794	7
6795	7
6796	7
6797	7
6798	7
6799	7
6800	7
6801	7
6802	7
6803	7
6804	7
6805	7
6806	7
6807	7
6808	7
6809	7
6810	7
6811	7
6812	7
6813	7
6814	7
6815	7
6816	7
6817	7
6818	7
6819	7
6820	7
6821	7
6822	7
6823	7
6824	7
6825	7
6826	7
6827	7
6828	7
6829	7
6830	7
6831	7
6832	7
6833	7
6834	7
6835	7
6836	7
6837	7
6838	7
6839	7
6840	7
6841	7
6842	7
6843	7
6844	7
6845	7
6846	7
6847	7
6848	7
6849	7
6850	7
6851	7
6852	7
6853	7
6854	7
6855	7
6856	7
6857	7
6858	7
6859	7
6860	7
6861	7
6862	7
6863	7
6864	7
6865	7
6866	7
6867	7
6868	7
6869	7
6870	7
6871	7
6872	7
6873	7
6874	7
6875	7
6876	7
6877	7
6878	7
6879	7
6880	7
6881	7
6882	7
6883	7
6884	7
6885	7
6886	7
6887	7
6888	7
6889	7
6890	7
6891	7
6892	7
6893	7
6894	7
6895	7
6896	7
6897	7
6898	7
6899	7
6900	7
6901	7
6902	7
6903	7
6904	7
6905	7
6906	7
6907	7
6908	7
6909	7
6910	7
6911	7
6912	7
6913	7
6914	7
6915	7
6916	7
6917	7
6918	7
6919	7
6920	7
6921	7
6922	7
6923	7
6924	7
6925	7
6926	7
6927	7
6928	7
6929	7
6930	7
6931	7
6932	7
6933	7
6934	7
6935	7
6936	7
6937	7
6938	7
6939	7
6940	7
6941	7
6942	7
6943	7
6944	7
6945	7
6946	7
6947	7
6948	7
6949	7
6950	7
6951	7
6952	7
6953	7
6954	7
6955	7
6956	7
6957	7
6958	7
6959	7
6960	7
6961	7
6962	7
6963	7
6964	7
6965	7
6966	7
6967	7
6968	7
6969	7
6970	7
6971	7
6972	7
6973	7
6974	7
6975	7
6976	7
6977	7
6978	7
6979	7
6980	7
6981	7
6982	7
6983	7
6984	7
6985	7
6986	7
6987	7
6988	7
6989	7
6990	7
6991	7
6992	7
6993	7
6994	7
6995	7
6996	7
6997	7
6998	7
6999	7
7000	7
7001	7
7002	7
7003	7
7004	7
7005	7
7006	7
7007	7
7008	7
7009	7
7010	7
7011	7
7012	7
7013	7
7014	7
7015	7
7016	7
7017	7
7018	7
7019	7
7020	7
7021	7
7022	7
7023	7
7024	7
7025	7
7026	7
7027	7
7028	7
7029	7
7030	7
7031	7
7032	7
7033	7
7034	7
7035	7
7036	7
7037	7
7038	7
7039	7
7040	7
7041	7
7042	7
7043	7
7044	7
7045	7
7046	7
7047	7
7048	7
7049	7
7050	7
7051	7
7052	7
7053	7
7054	7
7055	7
7056	7
7057	7
7058	7
7059	7
7060	7
7061	7
7062	7
7063	7
7064	7
7065	7
7066	7
7067	7
7068	7
7069	7
7070	7
7071	7
7072	7
7073	7
7074	7
7075	7
7076	7
7077	7
7078	7
7079	7
7080	7
7081	7
7082	7
7083	7
7084	7
7085	7
7086	7
7087	7
7088	7
7089	7
7090	7
7091	7
7092	7
7093	7
7094	7
7095	7
7096	7
7097	7
7098	7
7099	7
7100	7
7101	7
7102	7
7103	7
7104	7
7105	7
7106	7
7107	7
7108	7
7109	7
7110	7
7111	7
7112	7
7113	7
7114	7
7115	7
7116	7
7117	7
7118	7
7119	7
7120	7
7121	7
7122	7
7123	7
7124	7
7125	7
7126	7
7127	7
7128	7
7129	7
7130	7
7131	7
7132	7
7133	7
7134	7
7135	7
7136	7
7137	7
7138	7
7139	7
7140	7
7141	7
7142	7
7143	7
7144	7
7145	7
7146	7
7147	7
7148	7
7149	7
7150	7
7151	7
7152	7
7153	7
7154	7
7155	7
7156	7
7157	7
7158	7
7159	7
7160	7
7161	7
7162	7
7163	7
7164	7
7165	7
7166	7
7167	7
7168	7
7169	7
7170	7
7171	7
7172	7
7173	7
7174	7
7175	7
7176	7
7177	7
7178	7
7179	7
7180	7
7181	7
7182	7
7183	7
7184	7
7185	7
7186	7
7187	7
7188	7
7189	7
7190	7
7191	7
7192	7
7193	7
7194	7
7195	7
7196	7
7197	7
7198	7
7199	7
7200	7
7201	7
7202	7
7203	7
7204	7
7205	7
7206	7
7207	7
7208	7
7209	7
7210	7
7211	7
7212	7
7213	7
7214	7
7215	7
7216	7
7217	7
7218	7
7219	7
7220	7
7221	7
7222	7
7223	7
7224	7
7225	7
7226	7
7227	7
7228	7
7229	7
7230	7
7231	7
7232	7
7233	7
7234	7
7235	7
7236	7
7237	7
7238	7
7239	7
7240	7
7241	7
7242	7
7243	7
7244	7
7245	7
7246	7
7247	7
7248	7
7249	7
7250	7
7251	7
7252	7
7253	7
7254	7
7255	7
7256	7
7257	7
7258	7
7259	7
7260	7
7261	7
7262	7
7263	7
7264	7
7265	7
7266	7
7267	7
7268	7
7269	7
7270	7
7271	7
7272	7
7273	7
7274	7
7275	7
7276	7
7277	7
7278	7
7279	7
7280	7
7281	7
7282	7
7283	7
7284	7
7285	7
7286	7
7287	7
7288	7
7289	7
7290	7
7291	7
7292	7
7293	7
7294	7
7295	7
7296	7
7297	7
7298	7
7299	7
7300	7
7301	7
7302	7
7303	7
7304	7
7305	7
7306	7
7307	7
7308	7
7309	7
7310	7
7311	7
7312	7
7313	7
7314	7
7315	7
7316	7
7317	7
7318	7
7319	7
7320	7
7321	7
7322	7
7323	7
7324	7
7325	7
7326	7
7327	7
7328	7
7329	7
7330	7
7331	7
7332	7
7333	7
7334	7
7335	7
7336	7
7337	7
7338	7
7339	7
7340	7
7341	7
7342	7
7343	7
7344	7
7345	7
7346	7
7347	7
7348	7
7349	7
7350	7
7351	7
7352	7
7353	7
7354	7
7355	7
7356	7
7357	7
7358	7
7359	7
7360	7
7361	7
7362	7
7363	7
7364	7
7365	7
7366	7
7367	7
7368	7
7369	7
7370	7
7371	7
7372	7
7373	7
7374	7
7375	7
7376	7
7377	7
7378	7
7379	7
7380	7
7381	7
7382	7
7383	7
7384	7
7385	7
7386	7
7387	7
7388	7
7389	7
7390	7
7391	7
7392	7
7393	7
7394	7
7395	7
7396	7
7397	7
7398	7
7399	7
7400	7
7401	7
7402	7
7403	7
7404	7
7405	7
7406	7
7407	7
7408	7
7409	7
7410	7
7411	7
7412	7
7413	7
7414	7
7415	7
7416	7
7417	7
7418	7
7419	7
7420	7
7421	7
7422	7
7423	7
7424	7
7425	7
7426	7
7427	7
7428	7
7429	7
7430	7
7431	7
7432	7
7433	7
7434	7
7435	7
7436	7
7437	7
7438	7
7439	7
7440	7
7441	7
7442	7
7443	7
7444	7
7445	7
7446	7
7447	7
7448	7
7449	7
7450	7
7451	7
7452	7
7453	7
7454	7
7455	7
7456	7
7457	7
7458	7
7459	7
7460	7
7461	7
7462	7
7463	7
7464	7
7465	7
7466	7
7467	7
7468	7
7469	7
7470	7
7471	7
7472	7
7473	7
7474	7
7475	7
7476	7
7477	7
7478	7
7479	7
7480	7
7481	7
7482	7
7483	7
7484	7
7485	7
7486	7
7487	7
7488	7
7489	7
7490	7
7491	7
7492	7
7493	7
7494	7
7495	7
7496	7
7497	7
7498	7
7499	7
7500	7
7501	7
7502	7
7503	7
7504	7
7505	7
7506	7
7507	7
7508	7
7509	7
7510	7
7511	7
7512	7
7513	7
7514	7
7515	7
7516	7
7517	7
7518	7
7519	7
7520	7
7521	7
7522	7
7523	7
7524	7
7525	7
7526	7
7527	7
7528	7
7529	7
7530	7
7531	7
7532	7
7533	7
7534	7
7535	7
7536	7
7537	7
7538	7
7539	7
7540	7
7541	7
7542	7
7543	7
7544	7
7545	7
7546	7
7547	7
7548	7
7549	7
7550	7
7551	7
7552	7
7553	7
7554	7
7555	7
7556	7
7557	7
7558	7
7559	7
7560	7
7561	7
7562	7
7563	7
7564	7
7565	7
7566	7
7567	7
7568	7
7569	7
7570	7
7571	7
7572	7
7573	7
7574	7
7575	7
7576	7
7577	7
7578	7
7579	7
7580	7
7581	7
7582	7
7583	7
7584	7
7585	7
7586	7
7587	7
7588	7
7589	7
7590	7
7591	7
7592	7
7593	7
7594	7
7595	7
7596	7
7597	7
7598	7
7599	7
7600	7
7601	7
7602	7
7603	7
7604	7
7605	7
7606	7
7607	7
7608	7
7609	7
7610	7
7611	7
7612	7
7613	7
7614	7
7615	7
7616	7
7617	7
7618	7
7619	7
7620	7
7621	7
7622	7
7623	7
7624	7
7625	7
7626	7
7627	7
7628	7
7629	7
7630	7
7631	7
7632	7
7633	7
7634	7
7635	7
7636	7
7637	7
7638	7
7639	7
7640	7
7641	7
7642	7
7643	7
7644	7
7645	7
7646	7
7647	7
7648	7
7649	7
7650	7
7651	7
7652	7
7653	7
7654	7
7655	7
7656	7
7657	7
7658	7
7659	7
7660	7
7661	7
7662	7
7663	7
7664	7
7665	7
7666	7
7667	7
7668	7
7669	7
7670	7
7671	7
7672	7
7673	7
7674	7
7675	7
7676	7
7677	7
7678	7
7679	7
7680	7
7681	7
7682	7
7683	7
7684	7
7685	7
7686	7
7687	7
7688	7
7689	7
7690	7
7691	7
7692	7
7693	7
7694	7
7695	7
7696	7
7697	7
7698	7
7699	7
7700	7
7701	7
7702	7
7703	7
7704	7
7705	7
7706	7
7707	7
7708	7
7709	7
7710	7
7711	7
7712	7
7713	7
7714	7
7715	7
7716	7
7717	7
7718	7
7719	7
7720	7
7721	7
7722	7
7723	7
7724	7
7725	7
7726	7
7727	7
7728	7
7729	7
7730	7
7731	7
7732	7
7733	7
7734	7
7735	7
7736	7
7737	7
7738	7
7739	7
7740	7
7741	7
7742	7
7743	7
7744	7
7745	7
7746	7
7747	7
7748	7
7749	7
7750	7
7751	7
7752	7
7753	7
7754	7
7755	7
7756	7
7757	7
7758	7
7759	7
7760	7
7761	7
7762	7
7763	7
7764	7
7765	7
7766	7
7767	7
7768	7
7769	7
7770	7
7771	7
7772	7
7773	7
7774	7
7775	7
7776	7
7777	7
7778	7
7779	7
7780	7
7781	7
7782	7
7783	7
7784	7
7785	7
7786	7
7787	7
7788	7
7789	7
7790	7
7791	7
7792	7
7793	7
7794	7
7795	7
7796	7
7797	7
7798	7
7799	7
7800	7
7801	7
7802	7
7803	7
7804	7
7805	7
7806	7
7807	7
7808	7
7809	7
7810	7
7811	7
7812	7
7813	7
7814	7
7815	7
7816	7
7817	7
7818	7
7819	7
7820	7
7821	7
7822	7
7823	7
7824	7
7825	7
7826	7
7827	7
7828	7
7829	7
7830	7
7831	7
7832	7
7833	7
7834	7
7835	7
7836	7
7837	7
7838	7
7839	7
7840	7
7841	7
7842	7
7843	7
7844	7
7845	7
7846	7
7847	7
7848	7
7849	7
7850	7
7851	7
7852	7
7853	7
7854	7
7855	7
7856	7
7857	7
7858	7
7859	7
7860	7
7861	7
7862	7
7863	7
7864	7
7865	7
7866	7
7867	7
7868	7
7869	7
7870	7
7871	7
7872	7
7873	7
7874	7
7875	7
7876	7
7877	7
7878	7
7879	7
7880	7
7881	7
7882	7
7883	7
7884	7
7885	7
7886	7
7887	7
7888	7
7889	7
7890	7
7891	7
7892	7
7893	7
7894	7
7895	7
7896	7
7897	7
7898	7
7899	7
7900	7
7901	7
7902	7
7903	7
7904	7
7905	7
7906	7
7907	7
7908	7
7909	7
7910	7
7911	7
7912	7
7913	7
7914	7
7915	7
7916	7
7917	7
7918	7
7919	7
7920	7
7921	7
7922	7
7923	7
7924	7
7925	7
7926	7
7927	7
7928	7
7929	7
7930	7
7931	7
7932	7
7933	7
7934	7
7935	7
7936	7
7937	7
7938	7
7939	7
7940	7
7941	7
7942	7
7943	7
7944	7
7945	7
7946	7
7947	7
7948	7
7949	7
7950	7
7951	7
7952	7
7953	7
7954	7
7955	7
7956	7
7957	7
7958	7
7959	7
7960	7
7961	7
7962	7
7963	7
7964	7
7965	7
7966	7
7967	7
7968	7
7969	7
7970	7
7971	7
7972	7
7973	7
7974	7
7975	7
7976	7
7977	7
7978	7
7979	7
7980	7
7981	7
7982	7
7983	7
7984	7
7985	7
7986	7
7987	7
7988	7
7989	7
7990	7
7991	7
7992	7
7993	7
7994	7
7995	7
7996	7
7997	7
7998	7
7999	7
8000	7
8001	7
8002	7
8003	7
8004	7
8005	7
8006	7
8007	7
8008	7
8009	7
8010	7
8011	7
8012	7
8013	7
8014	7
8015	7
8016	7
8017	7
8018	7
8019	7
8020	7
8021	7
8022	7
8023	7
8024	7
8025	7
8026	7
8027	7
8028	7
8029	7
8030	7
8031	7
8032	7
8033	7
8034	7
8035	7
8036	7
8037	7
8038	7
8039	7
8040	7
8041	7
8042	7
8043	7
8044	7
8045	7
8046	7
8047	7
8048	7
8049	7
8050	7
8051	7
8052	7
8053	7
8054	7
8055	7
8056	7
8057	7
8058	7
8059	7
8060	7
8061	7
8062	7
8063	7
8064	7
8065	7
8066	7
8067	7
8068	7
8069	7
8070	7
8071	7
8072	7
8073	7
8074	7
8075	7
8076	7
8077	7
8078	7
8079	7
8080	7
8081	7
8082	7
8083	7
8084	7
8085	7
8086	7
8087	7
8088	7
8089	7
8090	7
8091	7
8092	7
8093	7
8094	7
8095	7
8096	7
8097	7
8098	7
8099	7
8100	7
8101	7
8102	7
8103	7
8104	7
8105	7
8106	7
8107	7
8108	7
8109	7
8110	7
8111	7
8112	7
8113	7
8114	7
8115	7
8116	7
8117	7
8118	7
8119	7
8120	7
8121	7
8122	7
8123	7
8124	7
8125	7
8126	7
8127	7
8128	7
8129	7
8130	7
8131	7
8132	7
8133	7
8134	7
8135	7
8136	7
8137	7
8138	7
8139	7
8140	7
8141	7
8142	7
8143	7
8144	7
8145	7
8146	7
8147	7
8148	7
8149	7
8150	7
8151	7
8152	7
8153	7
8154	7
8155	7
8156	7
8157	7
8158	7
8159	7
8160	7
8161	7
8162	7
8163	7
8164	7
8165	7
8166	7
8167	7
8168	7
8169	7
8170	7
8171	7
8172	7
8173	7
8174	7
8175	7
8176	7
8177	7
8178	7
8179	7
8180	7
8181	7
8182	7
8183	7
8184	7
8185	7
8186	7
8187	7
8188	7
8189	7
8190	7
8191	7
8192	7
8193	7
8194	7
8195	7
8196	7
8197	7
8198	7
8199	7
8200	7
8201	7
8202	7
8203	7
8204	7
8205	7
8206	7
8207	7
8208	7
8209	7
8210	7
8211	7
8212	7
8213	7
8214	7
8215	7
8216	7
8217	7
8218	7
8219	7
8220	7
8221	7
8222	7
8223	7
8224	7
8225	7
8226	7
8227	7
8228	7
8229	7
8230	7
8231	7
8232	7
8233	7
8234	7
8235	7
8236	7
8237	7
8238	7
8239	7
8240	7
8241	7
8242	7
8243	7
8244	7
8245	7
8246	7
8247	7
8248	7
8249	7
8250	7
8251	7
8252	7
8253	7
8254	7
8255	7
8256	7
8257	7
8258	7
8259	7
8260	7
8261	7
8262	7
8263	7
8264	7
8265	7
8266	7
8267	7
8268	7
8269	7
8270	7
8271	7
8272	7
8273	7
8274	7
8275	7
8276	7
8277	7
8278	7
8279	7
8280	7
8281	7
8282	7
8283	7
8284	7
8285	7
8286	7
8287	7
8288	7
8289	7
8290	7
8291	7
8292	7
8293	7
8294	7
8295	7
8296	7
8297	7
8298	7
8299	7
8300	7
8301	7
8302	7
8303	7
8304	7
8305	7
8306	7
8307	7
8308	7
8309	7
8310	7
8311	7
8312	7
8313	7
8314	7
8315	7
8316	7
8317	7
8318	7
8319	7
8320	7
8321	7
8322	7
8323	7
8324	7
8325	7
8326	7
8327	7
8328	7
8329	7
8330	7
8331	7
8332	7
8333	7
8334	7
8335	7
8336	7
8337	7
8338	7
8339	8
8340	8
8341	8
8342	8
8343	8
8344	8
8345	8
8346	8
8347	8
8348	8
8349	8
8350	8
8351	8
8352	8
8353	8
8354	8
8355	8
8356	8
8357	8
8358	8
8359	8
8360	8
8361	8
8362	8
8363	8
8364	8
8365	8
8366	8
8367	8
8368	8
8369	8
8370	8
8371	8
8372	8
8373	8
8374	8
8375	8
8376	8
8377	8
8378	8
8379	8
8380	8
8381	8
8382	8
8383	8
8384	8
8385	8
8386	8
8387	8
8388	8
8389	8
8390	8
8391	8
8392	8
8393	8
8394	8
8395	8
8396	8
8397	8
8398	8
8399	8
8400	8
8401	8
8402	8
8403	8
8404	8
8405	8
8406	8
8407	8
8408	8
8409	8
8410	8
8411	8
8412	8
8413	8
8414	8
8415	8
8416	8
8417	8
8418	8
8419	8
8420	8
8421	8
8422	8
8423	8
8424	8
8425	8
8426	8
8427	8
8428	8
8429	8
8430	8
8431	8
8432	8
8433	8
8434	8
8435	8
8436	8
8437	8
8438	8
8439	8
8440	8
8441	8
8442	8
8443	8
8444	8
8445	8
8446	8
8447	8
8448	8
8449	8
8450	8
8451	8
8452	8
8453	8
8454	8
8455	8
8456	8
8457	8
8458	8
8459	8
8460	8
8461	8
8462	8
8463	8
8464	8
8465	8
8466	8
8467	8
8468	8
8469	8
8470	8
8471	8
8472	8
8473	8
8474	8
8475	8
8476	8
8477	8
8478	8
8479	8
8480	8
8481	8
8482	8
8483	8
8484	8
8485	8
8486	8
8487	8
8488	8
8489	8
8490	8
8491	8
8492	8
8493	8
8494	8
8495	8
8496	8
8497	8
8498	8
8499	8
8500	8
8501	8
8502	8
8503	8
8504	8
8505	8
8506	8
8507	8
8508	8
8509	8
8510	8
8511	8
8512	8
8513	8
8514	8
8515	8
8516	8
8517	8
8518	8
8519	8
8520	8
8521	8
8522	8
8523	8
8524	8
8525	8
8526	8
8527	8
8528	8
8529	8
8530	8
8531	8
8532	8
8533	8
8534	8
8535	8
8536	8
8537	8
8538	8
8539	8
8540	8
8541	8
8542	8
8543	8
8544	8
8545	8
8546	8
8547	8
8548	8
8549	8
8550	8
8551	8
8552	8
8553	8
8554	8
8555	8
8556	8
8557	8
8558	8
8559	8
8560	8
8561	8
8562	8
8563	8
8564	8
8565	8
8566	8
8567	8
8568	8
8569	8
8570	8
8571	8
8572	8
8573	8
8574	8
8575	8
8576	8
8577	8
8578	8
8579	8
8580	8
8581	8
8582	8
8583	8
8584	8
8585	8
8586	8
8587	8
8588	8
8589	8
8590	8
8591	8
8592	8
8593	8
8594	8
8595	8
8596	8
8597	8
8598	8
8599	8
8600	8
8601	8
8602	8
8603	8
8604	8
8605	8
8606	8
8607	8
8608	8
8609	8
8610	8
8611	8
8612	8
8613	8
8614	8
8615	8
8616	8
8617	8
8618	8
8619	8
8620	8
8621	8
8622	8
8623	8
8624	8
8625	8
8626	8
8627	8
8628	8
8629	8
8630	8
8631	8
8632	8
8633	8
8634	8
8635	8
8636	8
8637	8
8638	8
8639	8
8640	8
8641	8
8642	8
8643	8
8644	8
8645	8
8646	8
8647	8
8648	8
8649	8
8650	8
8651	8
8652	8
8653	8
8654	8
8655	8
8656	8
8657	8
8658	8
8659	8
8660	8
8661	8
8662	8
8663	8
8664	8
8665	8
8666	8
8667	8
8668	8
8669	8
8670	8
8671	8
8672	8
8673	8
8674	8
8675	8
8676	8
8677	8
8678	8
8679	8
8680	8
8681	8
8682	8
8683	8
8684	8
8685	8
8686	8
8687	8
8688	8
8689	8
8690	8
8691	8
8692	8
8693	8
8694	8
8695	8
8696	8
8697	8
8698	8
8699	8
8700	8
8701	8
8702	8
8703	8
8704	8
8705	8
8706	8
8707	8
8708	8
8709	8
8710	8
8711	8
8712	8
8713	8
8714	8
8715	8
8716	8
8717	8
8718	8
8719	8
8720	8
8721	8
8722	8
8723	8
8724	8
8725	8
8726	8
8727	8
8728	8
8729	8
8730	8
8731	8
8732	8
8733	8
8734	8
8735	8
8736	8
8737	8
8738	8
8739	8
8740	8
8741	8
8742	8
8743	8
8744	8
8745	8
8746	8
8747	8
8748	8
8749	8
8750	8
8751	8
8752	8
8753	8
8754	8
8755	8
8756	8
8757	8
8758	8
8759	8
8760	8
8761	8
8762	8
8763	8
8764	8
8765	8
8766	8
8767	8
8768	8
8769	8
8770	8
8771	8
8772	8
8773	8
8774	8
8775	8
8776	8
8777	8
8778	8
8779	8
8780	8
8781	8
8782	8
8783	8
8784	8
8785	8
8786	8
8787	8
8788	8
8789	8
8790	8
8791	8
8792	8
8793	8
8794	8
8795	8
8796	8
8797	8
8798	8
8799	8
8800	8
8801	8
8802	8
8803	8
8804	8
8805	8
8806	8
8807	8
8808	8
8809	8
8810	8
8811	8
8812	8
8813	8
8814	8
8815	8
8816	8
8817	8
8818	8
8819	8
8820	8
8821	8
8822	8
8823	8
8824	8
8825	8
8826	8
8827	8
8828	8
8829	8
8830	8
8831	8
8832	8
8833	8
8834	8
8835	8
8836	8
8837	8
8838	8
8839	8
8840	8
8841	8
8842	8
8843	8
8844	8
8845	8
8846	8
8847	8
8848	8
8849	8
8850	8
8851	8
8852	8
8853	8
8854	8
8855	8
8856	8
8857	8
8858	8
8859	8
8860	8
8861	8
8862	8
8863	8
8864	8
8865	8
8866	8
8867	8
8868	8
8869	8
8870	8
8871	8
8872	8
8873	8
8874	8
8875	8
8876	8
8877	8
8878	8
8879	8
8880	8
8881	8
8882	8
8883	8
8884	8
8885	8
8886	8
8887	8
8888	8
8889	8
8890	8
8891	8
8892	8
8893	8
8894	8
8895	8
8896	8
8897	8
8898	8
8899	8
8900	8
8901	8
8902	8
8903	8
8904	8
8905	8
8906	8
8907	8
8908	8
8909	8
8910	8
8911	8
8912	8
8913	8
8914	8
8915	8
8916	8
8917	8
8918	8
8919	8
8920	8
8921	8
8922	8
8923	8
8924	8
8925	8
8926	8
8927	8
8928	8
8929	8
8930	8
8931	8
8932	8
8933	8
8934	8
8935	8
8936	8
8937	8
8938	8
8939	8
8940	8
8941	8
8942	8
8943	8
8944	8
8945	8
8946	8
8947	8
8948	8
8949	8
8950	8
8951	8
8952	8
8953	8
8954	8
8955	8
8956	8
8957	8
8958	8
8959	8
8960	8
8961	8
8962	8
8963	8
8964	8
8965	8
8966	8
8967	8
8968	8
8969	8
8970	8
8971	8
8972	8
8973	8
8974	8
8975	8
8976	8
8977	8
8978	8
8979	8
8980	8
8981	8
8982	8
8983	8
8984	8
8985	8
8986	8
8987	8
8988	8
8989	8
8990	8
8991	8
8992	8
8993	8
8994	8
8995	8
8996	8
8997	8
8998	8
8999	8
9000	8
9001	8
9002	8
9003	8
9004	8
9005	8
9006	8
9007	8
9008	8
9009	8
9010	8
9011	8
9012	8
9013	8
9014	8
9015	8
9016	8
9017	8
9018	8
9019	8
9020	8
9021	8
9022	8
9023	8
9024	8
9025	8
9026	8
9027	8
9028	8
9029	8
9030	8
9031	8
9032	8
9033	8
9034	8
9035	8
9036	8
9037	8
9038	8
9039	8
9040	8
9041	8
9042	8
9043	8
9044	8
9045	8
9046	8
9047	8
9048	8
9049	8
9050	8
9051	8
9052	8
9053	8
9054	8
9055	8
9056	8
9057	8
9058	8
9059	8
9060	8
9061	8
9062	8
9063	8
9064	8
9065	8
9066	8
9067	8
9068	8
9069	8
9070	8
9071	8
9072	8
9073	8
9074	8
9075	8
9076	8
9077	8
9078	8
9079	8
9080	8
9081	8
9082	8
9083	8
9084	8
9085	8
9086	8
9087	8
9088	8
9089	8
9090	8
9091	8
9092	8
9093	8
9094	8
9095	8
9096	8
9097	8
9098	8
9099	8
9100	8
9101	8
9102	8
9103	8
9104	8
9105	8
9106	8
9107	8
9108	8
9109	8
9110	8
9111	8
9112	8
9113	8
9114	8
9115	8
9116	8
9117	8
9118	8
9119	8
9120	8
9121	8
9122	8
9123	8
9124	8
9125	8
9126	8
9127	8
9128	8
9129	8
9130	8
9131	8
9132	8
9133	8
9134	8
9135	8
9136	8
9137	8
9138	8
9139	8
9140	8
9141	8
9142	8
9143	8
9144	8
9145	8
9146	8
9147	8
9148	8
9149	8
9150	8
9151	8
9152	8
9153	8
9154	8
9155	8
9156	8
9157	8
9158	8
9159	8
9160	8
9161	8
9162	8
9163	8
9164	8
9165	8
9166	8
9167	8
9168	8
9169	8
9170	8
9171	8
9172	8
9173	8
9174	8
9175	8
9176	8
9177	8
9178	8
9179	8
9180	8
9181	8
9182	8
9183	8
9184	8
9185	8
9186	8
9187	8
9188	8
9189	8
9190	8
9191	8
9192	8
9193	8
9194	8
9195	8
9196	8
9197	8
9198	8
9199	8
9200	8
9201	8
9202	8
9203	8
9204	8
9205	8
9206	8
9207	8
9208	8
9209	8
9210	8
9211	8
9212	8
9213	8
9214	8
9215	8
9216	8
9217	8
9218	8
9219	8
9220	8
9221	8
9222	8
9223	8
9224	8
9225	8
9226	8
9227	8
9228	8
9229	8
9230	8
9231	8
9232	8
9233	8
9234	8
9235	8
9236	8
9237	8
9238	8
9239	8
9240	8
9241	8
9242	8
9243	8
9244	8
9245	8
9246	8
9247	8
9248	8
9249	8
9250	8
9251	8
9252	8
9253	8
9254	8
9255	8
9256	8
9257	8
9258	8
9259	8
9260	8
9261	8
9262	8
9263	8
9264	8
9265	8
9266	8
9267	8
9268	8
9269	8
9270	8
9271	8
9272	8
9273	8
9274	8
9275	8
9276	8
9277	8
9278	8
9279	8
9280	8
9281	8
9282	8
9283	8
9284	8
9285	8
9286	8
9287	8
9288	8
9289	8
9290	8
9291	8
9292	8
9293	8
9294	8
9295	8
9296	8
9297	8
9298	8
9299	8
9300	8
9301	8
9302	8
9303	8
9304	8
9305	8
9306	8
9307	8
9308	8
9309	8
9310	8
9311	8
9312	8
9313	8
9314	8
9315	8
9316	8
9317	8
9318	8
9319	8
9320	8
9321	8
9322	8
9323	8
9324	8
9325	8
9326	8
9327	8
9328	8
9329	8
9330	8
9331	8
9332	8
9333	8
9334	8
9335	8
9336	8
9337	8
9338	8
9339	8
9340	8
9341	8
9342	8
9343	8
9344	8
9345	8
9346	8
9347	8
9348	8
9349	8
9350	8
9351	8
9352	8
9353	8
9354	8
9355	8
9356	8
9357	8
9358	8
9359	8
9360	8
9361	8
9362	8
9363	8
9364	8
9365	8
9366	8
9367	8
9368	8
9369	8
9370	8
9371	8
9372	8
9373	8
9374	8
9375	8
9376	8
9377	8
9378	8
9379	8
9380	8
9381	8
9382	8
9383	8
9384	8
9385	8
9386	8
9387	8
9388	8
9389	8
9390	8
9391	8
9392	8
9393	8
9394	8
9395	8
9396	8
9397	8
9398	8
9399	8
9400	8
9401	8
9402	8
9403	8
9404	8
9405	8
9406	8
9407	8
9408	8
9409	8
9410	8
9411	8
9412	8
9413	8
9414	8
9415	8
9416	8
9417	8
9418	8
9419	8
9420	8
9421	8
9422	8
9423	8
9424	8
9425	8
9426	8
9427	8
9428	8
9429	8
9430	8
9431	8
9432	8
9433	8
9434	8
9435	8
9436	8
9437	8
9438	8
9439	8
9440	8
9441	8
9442	8
9443	8
9444	8
9445	8
9446	8
9447	8
9448	8
9449	8
9450	8
9451	8
9452	8
9453	8
9454	8
9455	8
9456	8
9457	8
9458	8
9459	8
9460	8
9461	8
9462	8
9463	8
9464	8
9465	8
9466	8
9467	8
9468	8
9469	8
9470	8
9471	8
9472	8
9473	8
9474	8
9475	8
9476	8
9477	8
9478	8
9479	8
9480	8
9481	8
9482	8
9483	8
9484	8
9485	8
9486	8
9487	8
9488	8
9489	8
9490	8
9491	8
9492	8
9493	8
9494	8
9495	8
9496	8
9497	8
9498	8
9499	8
9500	8
9501	8
9502	8
9503	8
9504	8
9505	8
9506	8
9507	8
9508	8
9509	8
9510	8
9511	8
9512	8
9513	8
9514	8
9515	8
9516	8
9517	8
9518	8
9519	8
9520	8
9521	8
9522	8
9523	8
9524	8
9525	8
9526	8
9527	8
9528	8
9529	8
9530	8
9531	8
9532	8
9533	8
9534	8
9535	8
9536	8
9537	8
9538	8
9539	8
9540	8
9541	8
9542	8
9543	8
9544	8
9545	8
9546	8
9547	8
9548	8
9549	8
9550	8
9551	8
9552	8
9553	8
9554	8
9555	8
9556	8
9557	8
9558	8
9559	8
9560	8
9561	8
9562	8
9563	8
9564	8
9565	8
9566	8
9567	8
9568	8
9569	8
9570	8
9571	8
9572	8
9573	8
9574	8
9575	8
9576	8
9577	8
9578	8
9579	8
9580	8
9581	8
9582	8
9583	8
9584	8
9585	8
9586	8
9587	8
9588	8
9589	8
9590	8
9591	8
9592	8
9593	8
9594	8
9595	8
9596	8
9597	8
9598	8
9599	9
9600	9
9601	9
9602	9
9603	9
9604	9
9605	9
9606	9
9607	9
9608	9
9609	9
9610	9
9611	9
9612	9
9613	9
9614	9
9615	9
9616	9
9617	9
9618	9
9619	9
9620	9
9621	9
9622	9
9623	9
9624	9
9625	9
9626	9
9627	9
9628	9
9629	9
9630	9
9631	9
9632	9
9633	9
9634	9
9635	9
9636	9
9637	9
9638	9
9639	9
9640	9
9641	9
9642	9
9643	9
9644	9
9645	9
9646	9
9647	9
9648	9
9649	9
9650	9
9651	9
9652	9
9653	9
9654	9
9655	9
9656	9
9657	9
9658	9
9659	9
9660	9
9661	9
9662	9
9663	9
9664	9
9665	9
9666	9
9667	9
9668	9
9669	9
9670	9
9671	9
9672	9
9673	9
9674	9
9675	9
9676	9
9677	9
9678	9
9679	9
9680	9
9681	9
9682	9
9683	9
9684	9
9685	9
9686	9
9687	9
9688	9
9689	9
9690	9
9691	9
9692	9
9693	9
9694	9
9695	9
9696	9
9697	9
9698	9
9699	9
9700	9
9701	9
9702	9
9703	9
9704	9
9705	9
9706	9
9707	9
9708	9
9709	9
9710	9
9711	9
9712	9
9713	9
9714	9
9715	9
9716	9
9717	9
9718	9
9719	9
9720	9
9721	9
9722	9
9723	9
9724	9
9725	9
9726	9
9727	9
9728	9
9729	9
9730	9
9731	9
9732	9
9733	9
9734	9
9735	9
9736	9
9737	9
9738	9
9739	9
9740	9
9741	9
9742	9
9743	9
9744	9
9745	9
9746	9
9747	9
9748	9
9749	9
9750	9
9751	9
9752	9
9753	9
9754	9
9755	9
9756	9
9757	9
9758	9
9759	9
9760	9
9761	9
9762	9
9763	9
9764	9
9765	9
9766	9
9767	9
9768	9
9769	9
9770	9
9771	9
9772	9
9773	9
9774	9
9775	9
9776	9
9777	9
9778	9
9779	9
9780	9
9781	9
9782	9
9783	9
9784	9
9785	9
9786	9
9787	9
9788	9
9789	9
9790	9
9791	9
9792	9
9793	9
9794	9
9795	9
9796	9
9797	9
9798	9
9799	9
9800	9
9801	9
9802	9
9803	9
9804	9
9805	9
9806	9
9807	9
9808	9
9809	9
9810	9
9811	9
9812	9
9813	9
9814	9
9815	9
9816	9
9817	9
9818	9
9819	9
9820	9
9821	9
9822	9
9823	9
9824	9
9825	9
9826	9
9827	9
9828	9
9829	9
9830	10
9831	10
9832	10
9833	10
9834	10
9835	10
9836	10
9837	10
9838	10
9839	10
9840	10
9841	10
9842	10
9843	10
9844	10
9845	10
9846	10
9847	10
9848	10
9849	10
9850	10
9851	10
9852	10
9853	10
9854	10
9855	10
9856	10
9857	10
9858	10
9859	10
9860	10
9861	10
9862	10
9863	10
9864	10
9865	10
9866	10
9867	10
9868	10
9869	10
9870	10
9871	10
9872	10
9873	10
9874	10
9875	10
9876	10
9877	10
9878	10
9879	10
9880	10
9881	10
9882	10
9883	10
9884	10
9885	10
9886	10
9887	10
9888	10
9889	10
9890	10
9891	10
9892	10
9893	10
9894	10
9895	10
9896	10
9897	10
9898	10
9899	10
9900	10
9901	10
9902	10
9903	10
9904	10
9905	10
9906	10
9907	10
9908	10
9909	10
9910	10
9911	10
9912	10
9913	10
9914	10
9915	10
9916	10
9917	10
9918	10
9919	10
9920	10
9921	10
9922	10
9923	10
9924	10
9925	10
9926	10
9927	10
9928	10
9929	10
9930	10
9931	10
9932	10
9933	10
9934	10
9935	10
9936	10
9937	10
9938	10
9939	10
9940	10
9941	10
9942	10
9943	10
9944	10
9945	10
9946	10
9947	10
9948	10
9949	10
9950	10
9951	10
9952	10
9953	10
9954	10
9955	10
9956	10
9957	10
9958	10
9959	10
9960	10
9961	10
9962	10
9963	10
9964	10
9965	10
9966	10
9967	10
9968	10
9969	10
9970	10
9971	10
9972	10
9973	10
9974	10
9975	10
9976	10
9977	10
9978	10
9979	10
9980	10
9981	10
9982	10
9983	10
9984	10
9985	10
9986	10
9987	10
9988	10
9989	10
9990	10
9991	10
9992	10
9993	10
9994	10
9995	10
9996	10
9997	10
9998	10
9999	10
10000	10
