#Clock	ItemsCollected
1	0
2	0
3	0
4	0
5	0
6	0
7	0
8	0
9	0
10	0
11	0
12	0
13	0
14	0
15	0
16	0
17	0
18	0
19	0
20	0
21	0
22	0
23	0
24	0
25	0
26	0
27	0
28	0
29	0
30	0
31	0
32	0
33	0
34	0
35	0
36	0
37	0
38	0
39	0
40	0
41	0
42	0
43	0
44	0
45	0
46	0
47	0
48	0
49	0
50	0
51	0
52	0
53	0
54	0
55	0
56	0
57	0
58	0
59	0
60	0
61	0
62	0
63	0
64	0
65	0
66	0
67	0
68	0
69	0
70	0
71	0
72	0
73	0
74	0
75	0
76	0
77	0
78	0
79	0
80	0
81	0
82	0
83	0
84	0
85	0
86	0
87	0
88	0
89	0
90	0
91	0
92	0
93	0
94	0
95	0
96	0
97	0
98	0
99	0
100	0
101	0
102	0
103	0
104	0
105	0
106	0
107	0
108	0
109	0
110	0
111	0
112	0
113	0
114	0
115	0
116	0
117	0
118	0
119	0
120	0
121	0
122	0
123	0
124	0
125	0
126	0
127	0
128	0
129	0
130	0
131	0
132	0
133	0
134	0
135	0
136	0
137	0
138	0
139	0
140	0
141	0
142	0
143	0
144	0
145	0
146	0
147	0
148	0
149	0
150	0
151	0
152	0
153	0
154	0
155	0
156	0
157	0
158	0
159	0
160	0
161	0
162	0
163	0
164	0
165	0
166	0
167	0
168	0
169	0
170	0
171	0
172	0
173	0
174	0
175	0
176	0
177	0
178	0
179	0
180	0
181	0
182	0
183	0
184	0
185	0
186	0
187	0
188	0
189	0
190	0
191	0
192	0
193	0
194	0
195	0
196	0
197	0
198	0
199	0
200	0
201	0
202	0
203	0
204	0
205	0
206	0
207	0
208	0
209	0
210	0
211	0
212	0
213	0
214	0
215	0
216	0
217	0
218	0
219	0
220	0
221	0
222	0
223	0
224	0
225	0
226	0
227	0
228	0
229	0
230	0
231	0
232	0
233	0
234	0
235	0
236	0
237	0
238	0
239	0
240	0
241	0
242	0
243	0
244	0
245	0
246	0
247	0
248	0
249	0
250	0
251	0
252	0
253	0
254	0
255	0
256	0
257	0
258	0
259	0
260	0
261	0
262	0
263	0
264	0
265	0
266	0
267	0
268	0
269	0
270	0
271	0
272	0
273	0
274	0
275	0
276	0
277	0
278	0
279	0
280	0
281	0
282	0
283	0
284	0
285	0
286	0
287	0
288	0
289	0
290	0
291	0
292	0
293	0
294	0
295	0
296	0
297	0
298	0
299	0
300	0
301	0
302	0
303	0
304	0
305	0
306	0
307	0
308	0
309	0
310	0
311	0
312	0
313	0
314	0
315	0
316	0
317	0
318	0
319	0
320	0
321	0
322	0
323	0
324	0
325	0
326	0
327	0
328	0
329	0
330	0
331	0
332	0
333	0
334	0
335	0
336	0
337	0
338	0
339	0
340	0
341	0
342	0
343	0
344	0
345	0
346	0
347	0
348	0
349	0
350	0
351	0
352	0
353	0
354	0
355	0
356	0
357	0
358	0
359	0
360	0
361	0
362	0
363	0
364	0
365	0
366	0
367	0
368	0
369	0
370	0
371	0
372	0
373	0
374	0
375	0
376	0
377	0
378	0
379	0
380	0
381	0
382	0
383	0
384	0
385	0
386	0
387	0
388	0
389	0
390	0
391	0
392	0
393	0
394	0
395	0
396	0
397	0
398	0
399	0
400	0
401	0
402	0
403	0
404	0
405	0
406	0
407	0
408	0
409	0
410	0
411	0
412	0
413	0
414	0
415	0
416	0
417	0
418	0
419	0
420	0
421	0
422	0
423	0
424	0
425	0
426	0
427	0
428	0
429	0
430	0
431	0
432	0
433	0
434	0
435	0
436	0
437	0
438	0
439	0
440	0
441	0
442	0
443	0
444	0
445	0
446	0
447	0
448	0
449	0
450	0
451	0
452	0
453	0
454	0
455	0
456	0
457	0
458	0
459	0
460	0
461	0
462	0
463	0
464	0
465	0
466	0
467	0
468	0
469	0
470	0
471	0
472	0
473	0
474	0
475	0
476	0
477	0
478	0
479	0
480	0
481	0
482	0
483	0
484	0
485	0
486	0
487	0
488	0
489	0
490	0
491	0
492	0
493	0
494	0
495	0
496	0
497	0
498	0
499	0
500	0
501	0
502	0
503	0
504	0
505	0
506	0
507	0
508	0
509	0
510	0
511	0
512	0
513	0
514	0
515	0
516	0
517	0
518	0
519	0
520	0
521	0
522	0
523	0
524	0
525	0
526	0
527	0
528	0
529	0
530	0
531	0
532	0
533	0
534	0
535	0
536	0
537	0
538	0
539	0
540	0
541	0
542	0
543	0
544	0
545	0
546	0
547	0
548	0
549	0
550	0
551	0
552	0
553	0
554	0
555	0
556	0
557	0
558	0
559	0
560	0
561	0
562	0
563	0
564	0
565	0
566	0
567	0
568	0
569	0
570	0
571	0
572	0
573	0
574	0
575	0
576	0
577	0
578	0
579	0
580	0
581	0
582	0
583	0
584	0
585	0
586	0
587	0
588	0
589	0
590	0
591	0
592	0
593	0
594	0
595	0
596	0
597	0
598	0
599	0
600	0
601	0
602	0
603	0
604	0
605	0
606	0
607	0
608	0
609	0
610	0
611	0
612	0
613	0
614	0
615	0
616	0
617	0
618	0
619	0
620	0
621	0
622	0
623	0
624	0
625	0
626	0
627	0
628	0
629	0
630	0
631	0
632	0
633	0
634	0
635	0
636	0
637	0
638	0
639	0
640	0
641	0
642	0
643	0
644	0
645	0
646	0
647	0
648	0
649	0
650	0
651	0
652	0
653	0
654	0
655	0
656	0
657	0
658	0
659	0
660	0
661	0
662	0
663	0
664	0
665	0
666	0
667	0
668	0
669	0
670	0
671	0
672	0
673	0
674	0
675	0
676	0
677	0
678	0
679	0
680	0
681	0
682	0
683	0
684	0
685	0
686	0
687	0
688	0
689	0
690	0
691	0
692	0
693	0
694	0
695	0
696	0
697	0
698	0
699	0
700	0
701	0
702	0
703	0
704	0
705	0
706	0
707	0
708	0
709	0
710	0
711	0
712	0
713	0
714	0
715	0
716	0
717	0
718	0
719	0
720	0
721	0
722	0
723	0
724	0
725	0
726	0
727	0
728	0
729	0
730	0
731	0
732	0
733	0
734	0
735	0
736	0
737	0
738	0
739	0
740	0
741	0
742	0
743	0
744	0
745	0
746	0
747	0
748	0
749	0
750	0
751	0
752	0
753	0
754	0
755	0
756	0
757	0
758	0
759	0
760	0
761	0
762	0
763	0
764	0
765	0
766	0
767	0
768	0
769	0
770	0
771	0
772	0
773	0
774	0
775	0
776	0
777	0
778	0
779	0
780	0
781	0
782	0
783	0
784	0
785	0
786	0
787	0
788	0
789	0
790	0
791	0
792	0
793	0
794	0
795	0
796	0
797	0
798	0
799	0
800	0
801	0
802	0
803	0
804	0
805	0
806	0
807	0
808	0
809	0
810	0
811	0
812	0
813	0
814	0
815	0
816	0
817	0
818	0
819	0
820	0
821	0
822	0
823	0
824	0
825	0
826	0
827	0
828	0
829	0
830	0
831	0
832	0
833	0
834	0
835	0
836	0
837	0
838	0
839	0
840	0
841	0
842	0
843	0
844	0
845	0
846	0
847	0
848	0
849	0
850	0
851	0
852	0
853	0
854	0
855	0
856	0
857	0
858	0
859	0
860	0
861	0
862	0
863	0
864	0
865	0
866	0
867	0
868	0
869	0
870	0
871	0
872	0
873	0
874	0
875	0
876	0
877	0
878	0
879	0
880	0
881	0
882	0
883	0
884	0
885	0
886	0
887	0
888	0
889	0
890	0
891	0
892	0
893	0
894	0
895	0
896	0
897	0
898	0
899	0
900	0
901	0
902	0
903	0
904	0
905	0
906	0
907	0
908	0
909	0
910	0
911	0
912	0
913	0
914	0
915	0
916	0
917	0
918	0
919	0
920	0
921	0
922	0
923	0
924	0
925	0
926	0
927	0
928	0
929	0
930	0
931	0
932	0
933	0
934	0
935	0
936	0
937	0
938	0
939	0
940	0
941	0
942	0
943	0
944	0
945	0
946	0
947	0
948	0
949	0
950	0
951	0
952	0
953	0
954	0
955	0
956	0
957	0
958	0
959	0
960	0
961	0
962	0
963	0
964	0
965	0
966	0
967	0
968	0
969	0
970	0
971	0
972	0
973	0
974	0
975	0
976	0
977	0
978	0
979	0
980	0
981	0
982	0
983	0
984	0
985	0
986	0
987	0
988	0
989	0
990	0
991	0
992	0
993	0
994	0
995	0
996	0
997	0
998	0
999	0
1000	0
1001	0
1002	0
1003	0
1004	0
1005	0
1006	0
1007	0
1008	0
1009	0
1010	0
1011	0
1012	0
1013	0
1014	0
1015	0
1016	0
1017	0
1018	0
1019	0
1020	0
1021	0
1022	0
1023	0
1024	0
1025	0
1026	0
1027	0
1028	0
1029	0
1030	0
1031	0
1032	0
1033	0
1034	0
1035	0
1036	0
1037	0
1038	0
1039	0
1040	0
1041	0
1042	0
1043	0
1044	0
1045	0
1046	0
1047	0
1048	0
1049	0
1050	0
1051	0
1052	0
1053	0
1054	0
1055	0
1056	0
1057	0
1058	0
1059	0
1060	0
1061	0
1062	0
1063	0
1064	0
1065	0
1066	0
1067	0
1068	0
1069	0
1070	0
1071	0
1072	0
1073	0
1074	0
1075	0
1076	0
1077	0
1078	0
1079	0
1080	0
1081	0
1082	0
1083	0
1084	0
1085	0
1086	0
1087	0
1088	0
1089	0
1090	0
1091	0
1092	0
1093	0
1094	0
1095	0
1096	0
1097	0
1098	0
1099	0
1100	0
1101	0
1102	0
1103	0
1104	0
1105	0
1106	0
1107	0
1108	0
1109	0
1110	0
1111	0
1112	0
1113	0
1114	0
1115	0
1116	0
1117	0
1118	0
1119	0
1120	0
1121	0
1122	0
1123	0
1124	0
1125	0
1126	0
1127	0
1128	0
1129	0
1130	0
1131	0
1132	0
1133	0
1134	0
1135	0
1136	0
1137	0
1138	0
1139	0
1140	0
1141	0
1142	0
1143	0
1144	0
1145	0
1146	0
1147	0
1148	0
1149	0
1150	0
1151	0
1152	0
1153	0
1154	0
1155	0
1156	0
1157	0
1158	0
1159	0
1160	0
1161	0
1162	0
1163	0
1164	0
1165	0
1166	0
1167	0
1168	0
1169	0
1170	0
1171	0
1172	0
1173	0
1174	0
1175	0
1176	0
1177	0
1178	0
1179	0
1180	0
1181	0
1182	0
1183	0
1184	0
1185	0
1186	0
1187	0
1188	0
1189	0
1190	0
1191	0
1192	0
1193	0
1194	0
1195	0
1196	0
1197	0
1198	0
1199	0
1200	0
1201	0
1202	0
1203	0
1204	0
1205	0
1206	0
1207	0
1208	0
1209	0
1210	0
1211	0
1212	0
1213	0
1214	0
1215	0
1216	0
1217	0
1218	0
1219	0
1220	0
1221	0
1222	0
1223	0
1224	0
1225	0
1226	0
1227	0
1228	0
1229	0
1230	0
1231	0
1232	0
1233	0
1234	0
1235	0
1236	0
1237	0
1238	0
1239	0
1240	0
1241	0
1242	0
1243	0
1244	0
1245	0
1246	0
1247	0
1248	0
1249	0
1250	0
1251	0
1252	0
1253	0
1254	0
1255	0
1256	0
1257	0
1258	0
1259	0
1260	0
1261	0
1262	0
1263	0
1264	0
1265	0
1266	0
1267	0
1268	0
1269	0
1270	0
1271	0
1272	0
1273	0
1274	0
1275	0
1276	0
1277	0
1278	0
1279	0
1280	0
1281	0
1282	0
1283	0
1284	0
1285	0
1286	0
1287	0
1288	0
1289	0
1290	0
1291	0
1292	0
1293	0
1294	0
1295	0
1296	0
1297	0
1298	0
1299	0
1300	0
1301	0
1302	0
1303	0
1304	0
1305	0
1306	0
1307	0
1308	0
1309	0
1310	0
1311	0
1312	0
1313	0
1314	0
1315	0
1316	0
1317	0
1318	0
1319	0
1320	0
1321	0
1322	0
1323	0
1324	0
1325	0
1326	0
1327	0
1328	0
1329	0
1330	0
1331	0
1332	0
1333	0
1334	0
1335	0
1336	0
1337	0
1338	0
1339	0
1340	0
1341	0
1342	0
1343	0
1344	0
1345	0
1346	0
1347	0
1348	0
1349	0
1350	0
1351	0
1352	0
1353	0
1354	0
1355	0
1356	0
1357	0
1358	0
1359	0
1360	0
1361	0
1362	0
1363	0
1364	0
1365	0
1366	0
1367	0
1368	0
1369	0
1370	0
1371	0
1372	0
1373	0
1374	0
1375	0
1376	0
1377	0
1378	0
1379	0
1380	0
1381	0
1382	0
1383	0
1384	0
1385	0
1386	0
1387	0
1388	0
1389	0
1390	0
1391	0
1392	0
1393	0
1394	0
1395	0
1396	0
1397	0
1398	0
1399	0
1400	0
1401	0
1402	0
1403	0
1404	0
1405	0
1406	0
1407	0
1408	0
1409	0
1410	0
1411	0
1412	0
1413	0
1414	0
1415	0
1416	0
1417	0
1418	0
1419	0
1420	0
1421	0
1422	0
1423	0
1424	0
1425	0
1426	0
1427	0
1428	0
1429	0
1430	0
1431	0
1432	0
1433	0
1434	0
1435	0
1436	0
1437	0
1438	0
1439	0
1440	0
1441	0
1442	0
1443	0
1444	0
1445	0
1446	0
1447	0
1448	0
1449	0
1450	0
1451	0
1452	0
1453	0
1454	0
1455	0
1456	0
1457	0
1458	0
1459	0
1460	0
1461	0
1462	0
1463	0
1464	0
1465	0
1466	0
1467	0
1468	0
1469	0
1470	0
1471	0
1472	0
1473	0
1474	0
1475	0
1476	0
1477	0
1478	0
1479	0
1480	0
1481	0
1482	0
1483	0
1484	0
1485	0
1486	0
1487	0
1488	0
1489	0
1490	0
1491	0
1492	0
1493	0
1494	0
1495	0
1496	0
1497	0
1498	0
1499	0
1500	0
1501	0
1502	0
1503	0
1504	0
1505	0
1506	0
1507	0
1508	0
1509	0
1510	0
1511	0
1512	0
1513	0
1514	0
1515	0
1516	0
1517	0
1518	0
1519	0
1520	0
1521	0
1522	0
1523	0
1524	0
1525	0
1526	0
1527	0
1528	0
1529	0
1530	0
1531	0
1532	0
1533	0
1534	0
1535	0
1536	0
1537	0
1538	0
1539	0
1540	0
1541	0
1542	0
1543	0
1544	0
1545	0
1546	0
1547	0
1548	0
1549	0
1550	0
1551	0
1552	0
1553	0
1554	0
1555	0
1556	0
1557	0
1558	0
1559	0
1560	0
1561	0
1562	0
1563	0
1564	0
1565	0
1566	0
1567	0
1568	0
1569	0
1570	0
1571	0
1572	0
1573	0
1574	0
1575	0
1576	0
1577	0
1578	0
1579	0
1580	0
1581	0
1582	0
1583	0
1584	0
1585	0
1586	0
1587	0
1588	0
1589	0
1590	0
1591	0
1592	0
1593	0
1594	0
1595	0
1596	0
1597	0
1598	0
1599	0
1600	0
1601	0
1602	0
1603	0
1604	0
1605	0
1606	0
1607	0
1608	0
1609	0
1610	0
1611	0
1612	0
1613	0
1614	0
1615	0
1616	0
1617	0
1618	0
1619	0
1620	0
1621	0
1622	0
1623	0
1624	0
1625	0
1626	0
1627	0
1628	0
1629	0
1630	0
1631	0
1632	0
1633	0
1634	0
1635	0
1636	0
1637	0
1638	0
1639	0
1640	0
1641	0
1642	0
1643	0
1644	0
1645	0
1646	0
1647	0
1648	0
1649	0
1650	0
1651	0
1652	0
1653	0
1654	0
1655	0
1656	0
1657	0
1658	0
1659	0
1660	0
1661	0
1662	0
1663	0
1664	0
1665	0
1666	0
1667	0
1668	0
1669	0
1670	0
1671	0
1672	0
1673	0
1674	0
1675	0
1676	0
1677	0
1678	0
1679	0
1680	0
1681	0
1682	0
1683	0
1684	0
1685	0
1686	0
1687	0
1688	0
1689	0
1690	0
1691	0
1692	0
1693	0
1694	0
1695	0
1696	0
1697	0
1698	0
1699	0
1700	0
1701	0
1702	0
1703	0
1704	0
1705	0
1706	0
1707	0
1708	0
1709	0
1710	0
1711	0
1712	0
1713	0
1714	0
1715	0
1716	0
1717	0
1718	0
1719	0
1720	0
1721	0
1722	0
1723	0
1724	0
1725	0
1726	0
1727	0
1728	0
1729	0
1730	0
1731	0
1732	0
1733	0
1734	0
1735	0
1736	0
1737	0
1738	0
1739	0
1740	0
1741	0
1742	0
1743	0
1744	0
1745	0
1746	0
1747	0
1748	0
1749	0
1750	0
1751	0
1752	0
1753	0
1754	0
1755	0
1756	0
1757	0
1758	0
1759	0
1760	0
1761	0
1762	0
1763	0
1764	0
1765	0
1766	0
1767	0
1768	0
1769	0
1770	0
1771	0
1772	0
1773	0
1774	0
1775	0
1776	0
1777	0
1778	0
1779	0
1780	0
1781	0
1782	0
1783	0
1784	0
1785	0
1786	0
1787	0
1788	0
1789	0
1790	0
1791	0
1792	0
1793	0
1794	0
1795	0
1796	0
1797	0
1798	0
1799	0
1800	0
1801	0
1802	0
1803	0
1804	0
1805	0
1806	0
1807	0
1808	0
1809	0
1810	0
1811	0
1812	0
1813	0
1814	0
1815	0
1816	0
1817	0
1818	0
1819	0
1820	0
1821	0
1822	0
1823	0
1824	0
1825	0
1826	0
1827	0
1828	0
1829	0
1830	0
1831	0
1832	0
1833	0
1834	0
1835	0
1836	0
1837	0
1838	0
1839	0
1840	0
1841	0
1842	0
1843	0
1844	0
1845	0
1846	0
1847	0
1848	0
1849	0
1850	0
1851	0
1852	0
1853	0
1854	0
1855	0
1856	0
1857	0
1858	0
1859	0
1860	0
1861	0
1862	0
1863	0
1864	0
1865	0
1866	0
1867	0
1868	0
1869	0
1870	0
1871	0
1872	0
1873	0
1874	0
1875	0
1876	0
1877	0
1878	0
1879	0
1880	0
1881	0
1882	0
1883	0
1884	0
1885	0
1886	0
1887	0
1888	0
1889	0
1890	0
1891	0
1892	0
1893	0
1894	0
1895	0
1896	0
1897	0
1898	0
1899	0
1900	0
1901	0
1902	0
1903	0
1904	0
1905	0
1906	0
1907	0
1908	0
1909	0
1910	0
1911	0
1912	0
1913	0
1914	0
1915	0
1916	0
1917	0
1918	0
1919	0
1920	0
1921	0
1922	0
1923	0
1924	0
1925	0
1926	0
1927	0
1928	0
1929	0
1930	0
1931	0
1932	0
1933	0
1934	0
1935	0
1936	0
1937	0
1938	0
1939	0
1940	0
1941	0
1942	0
1943	0
1944	0
1945	0
1946	0
1947	0
1948	0
1949	0
1950	0
1951	0
1952	0
1953	0
1954	0
1955	0
1956	0
1957	0
1958	0
1959	0
1960	0
1961	0
1962	0
1963	0
1964	0
1965	0
1966	0
1967	0
1968	0
1969	0
1970	0
1971	0
1972	0
1973	0
1974	0
1975	0
1976	0
1977	0
1978	0
1979	0
1980	0
1981	0
1982	0
1983	0
1984	0
1985	0
1986	0
1987	0
1988	0
1989	0
1990	0
1991	0
1992	0
1993	0
1994	0
1995	0
1996	0
1997	0
1998	0
1999	0
2000	0
2001	0
2002	0
2003	0
2004	0
2005	0
2006	0
2007	0
2008	0
2009	0
2010	0
2011	0
2012	0
2013	0
2014	0
2015	0
2016	0
2017	0
2018	0
2019	0
2020	0
2021	0
2022	0
2023	0
2024	0
2025	0
2026	0
2027	0
2028	0
2029	0
2030	0
2031	0
2032	0
2033	0
2034	0
2035	0
2036	0
2037	0
2038	0
2039	0
2040	0
2041	0
2042	0
2043	0
2044	0
2045	0
2046	0
2047	0
2048	0
2049	0
2050	0
2051	0
2052	0
2053	0
2054	0
2055	0
2056	0
2057	0
2058	0
2059	0
2060	0
2061	0
2062	0
2063	0
2064	0
2065	0
2066	0
2067	0
2068	0
2069	0
2070	0
2071	0
2072	0
2073	0
2074	0
2075	0
2076	0
2077	0
2078	0
2079	0
2080	0
2081	0
2082	0
2083	0
2084	0
2085	0
2086	0
2087	0
2088	0
2089	0
2090	0
2091	0
2092	0
2093	0
2094	0
2095	0
2096	0
2097	0
2098	0
2099	0
2100	0
2101	0
2102	0
2103	0
2104	0
2105	0
2106	0
2107	0
2108	0
2109	0
2110	0
2111	0
2112	0
2113	0
2114	0
2115	0
2116	0
2117	0
2118	0
2119	0
2120	0
2121	0
2122	0
2123	0
2124	0
2125	0
2126	0
2127	0
2128	0
2129	0
2130	0
2131	0
2132	0
2133	0
2134	0
2135	0
2136	0
2137	0
2138	0
2139	0
2140	0
2141	0
2142	0
2143	0
2144	0
2145	0
2146	0
2147	0
2148	0
2149	0
2150	0
2151	0
2152	0
2153	0
2154	0
2155	0
2156	0
2157	0
2158	0
2159	0
2160	0
2161	0
2162	0
2163	0
2164	0
2165	0
2166	0
2167	0
2168	0
2169	0
2170	0
2171	0
2172	0
2173	0
2174	0
2175	0
2176	0
2177	0
2178	0
2179	0
2180	0
2181	0
2182	0
2183	0
2184	0
2185	0
2186	0
2187	0
2188	0
2189	0
2190	0
2191	0
2192	0
2193	0
2194	0
2195	0
2196	0
2197	0
2198	0
2199	0
2200	0
2201	0
2202	0
2203	0
2204	0
2205	0
2206	0
2207	0
2208	0
2209	0
2210	0
2211	0
2212	0
2213	0
2214	0
2215	0
2216	0
2217	0
2218	1
2219	1
2220	1
2221	1
2222	1
2223	1
2224	1
2225	1
2226	1
2227	1
2228	1
2229	1
2230	1
2231	1
2232	1
2233	1
2234	1
2235	1
2236	1
2237	1
2238	1
2239	1
2240	1
2241	1
2242	1
2243	1
2244	1
2245	1
2246	1
2247	1
2248	1
2249	1
2250	1
2251	1
2252	1
2253	1
2254	1
2255	1
2256	1
2257	1
2258	1
2259	1
2260	1
2261	1
2262	1
2263	1
2264	1
2265	1
2266	1
2267	1
2268	1
2269	1
2270	1
2271	1
2272	1
2273	1
2274	1
2275	1
2276	1
2277	1
2278	1
2279	1
2280	1
2281	1
2282	1
2283	1
2284	1
2285	1
2286	1
2287	1
2288	1
2289	1
2290	1
2291	1
2292	1
2293	1
2294	1
2295	1
2296	1
2297	1
2298	1
2299	1
2300	1
2301	1
2302	1
2303	1
2304	1
2305	1
2306	1
2307	1
2308	1
2309	1
2310	1
2311	1
2312	1
2313	1
2314	1
2315	1
2316	1
2317	1
2318	1
2319	1
2320	1
2321	1
2322	1
2323	1
2324	1
2325	1
2326	1
2327	1
2328	1
2329	1
2330	1
2331	1
2332	1
2333	1
2334	1
2335	1
2336	1
2337	1
2338	1
2339	1
2340	1
2341	1
2342	1
2343	1
2344	1
2345	1
2346	1
2347	1
2348	1
2349	1
2350	1
2351	1
2352	1
2353	1
2354	1
2355	1
2356	1
2357	1
2358	1
2359	1
2360	1
2361	1
2362	1
2363	1
2364	1
2365	1
2366	1
2367	1
2368	1
2369	1
2370	1
2371	1
2372	1
2373	1
2374	1
2375	1
2376	1
2377	1
2378	1
2379	1
2380	1
2381	1
2382	1
2383	1
2384	1
2385	1
2386	1
2387	1
2388	1
2389	1
2390	1
2391	1
2392	1
2393	1
2394	1
2395	1
2396	1
2397	1
2398	1
2399	1
2400	1
2401	1
2402	1
2403	1
2404	1
2405	1
2406	1
2407	1
2408	1
2409	1
2410	1
2411	1
2412	1
2413	1
2414	1
2415	1
2416	1
2417	1
2418	1
2419	1
2420	1
2421	1
2422	1
2423	1
2424	1
2425	1
2426	1
2427	1
2428	1
2429	1
2430	1
2431	1
2432	1
2433	1
2434	1
2435	1
2436	1
2437	1
2438	1
2439	1
2440	1
2441	1
2442	1
2443	1
2444	1
2445	1
2446	1
2447	1
2448	1
2449	1
2450	1
2451	1
2452	1
2453	1
2454	1
2455	1
2456	1
2457	1
2458	1
2459	1
2460	1
2461	1
2462	1
2463	1
2464	1
2465	1
2466	1
2467	1
2468	1
2469	1
2470	1
2471	1
2472	1
2473	1
2474	1
2475	1
2476	1
2477	1
2478	1
2479	1
2480	1
2481	1
2482	1
2483	1
2484	1
2485	1
2486	1
2487	1
2488	1
2489	1
2490	1
2491	1
2492	1
2493	1
2494	1
2495	1
2496	1
2497	1
2498	1
2499	1
2500	1
2501	1
2502	1
2503	1
2504	1
2505	1
2506	1
2507	1
2508	1
2509	1
2510	1
2511	1
2512	1
2513	1
2514	1
2515	1
2516	1
2517	1
2518	1
2519	1
2520	1
2521	1
2522	1
2523	1
2524	1
2525	1
2526	1
2527	1
2528	1
2529	1
2530	1
2531	1
2532	1
2533	1
2534	1
2535	1
2536	1
2537	1
2538	1
2539	1
2540	1
2541	1
2542	1
2543	1
2544	1
2545	1
2546	1
2547	1
2548	1
2549	1
2550	1
2551	1
2552	1
2553	1
2554	1
2555	1
2556	1
2557	1
2558	1
2559	1
2560	1
2561	1
2562	1
2563	1
2564	1
2565	1
2566	1
2567	1
2568	1
2569	1
2570	1
2571	1
2572	1
2573	1
2574	1
2575	1
2576	1
2577	1
2578	1
2579	1
2580	1
2581	1
2582	1
2583	1
2584	1
2585	1
2586	1
2587	1
2588	1
2589	1
2590	1
2591	1
2592	1
2593	1
2594	1
2595	1
2596	1
2597	1
2598	1
2599	1
2600	1
2601	1
2602	1
2603	1
2604	1
2605	1
2606	1
2607	1
2608	1
2609	1
2610	1
2611	1
2612	1
2613	1
2614	1
2615	1
2616	1
2617	1
2618	1
2619	1
2620	1
2621	1
2622	1
2623	1
2624	1
2625	1
2626	1
2627	1
2628	1
2629	1
2630	1
2631	1
2632	1
2633	1
2634	1
2635	1
2636	1
2637	1
2638	1
2639	1
2640	1
2641	1
2642	1
2643	1
2644	1
2645	1
2646	1
2647	1
2648	1
2649	1
2650	1
2651	1
2652	1
2653	1
2654	1
2655	1
2656	1
2657	1
2658	1
2659	1
2660	1
2661	1
2662	1
2663	1
2664	1
2665	1
2666	1
2667	1
2668	1
2669	1
2670	1
2671	1
2672	1
2673	1
2674	1
2675	1
2676	1
2677	1
2678	1
2679	1
2680	1
2681	1
2682	1
2683	1
2684	1
2685	1
2686	1
2687	1
2688	1
2689	1
2690	1
2691	1
2692	1
2693	1
2694	1
2695	1
2696	1
2697	1
2698	1
2699	1
2700	1
2701	1
2702	1
2703	1
2704	1
2705	1
2706	1
2707	1
2708	1
2709	1
2710	1
2711	1
2712	1
2713	1
2714	1
2715	1
2716	1
2717	1
2718	1
2719	1
2720	1
2721	1
2722	1
2723	1
2724	1
2725	1
2726	1
2727	1
2728	1
2729	1
2730	1
2731	1
2732	1
2733	1
2734	1
2735	1
2736	1
2737	1
2738	1
2739	1
2740	1
2741	1
2742	1
2743	1
2744	1
2745	1
2746	1
2747	1
2748	1
2749	1
2750	1
2751	1
2752	1
2753	1
2754	1
2755	1
2756	1
2757	1
2758	1
2759	1
2760	1
2761	1
2762	1
2763	1
2764	1
2765	1
2766	1
2767	1
2768	1
2769	1
2770	1
2771	1
2772	1
2773	1
2774	1
2775	1
2776	1
2777	1
2778	1
2779	1
2780	1
2781	1
2782	1
2783	1
2784	1
2785	1
2786	1
2787	1
2788	1
2789	1
2790	1
2791	1
2792	1
2793	1
2794	1
2795	1
2796	1
2797	1
2798	1
2799	1
2800	1
2801	1
2802	1
2803	1
2804	1
2805	1
2806	1
2807	1
2808	1
2809	1
2810	1
2811	1
2812	1
2813	1
2814	1
2815	1
2816	1
2817	1
2818	1
2819	1
2820	1
2821	1
2822	1
2823	1
2824	1
2825	1
2826	1
2827	1
2828	1
2829	1
2830	1
2831	1
2832	1
2833	1
2834	1
2835	1
2836	1
2837	1
2838	1
2839	1
2840	1
2841	1
2842	1
2843	1
2844	1
2845	1
2846	1
2847	1
2848	1
2849	1
2850	1
2851	1
2852	1
2853	1
2854	1
2855	1
2856	1
2857	1
2858	1
2859	1
2860	1
2861	1
2862	1
2863	1
2864	1
2865	1
2866	1
2867	1
2868	1
2869	1
2870	1
2871	1
2872	1
2873	1
2874	1
2875	1
2876	1
2877	1
2878	1
2879	1
2880	1
2881	1
2882	1
2883	1
2884	1
2885	1
2886	1
2887	1
2888	1
2889	1
2890	1
2891	1
2892	1
2893	1
2894	1
2895	1
2896	1
2897	1
2898	1
2899	1
2900	1
2901	1
2902	1
2903	1
2904	1
2905	1
2906	1
2907	1
2908	1
2909	1
2910	1
2911	1
2912	1
2913	1
2914	1
2915	1
2916	1
2917	1
2918	1
2919	1
2920	1
2921	1
2922	1
2923	1
2924	1
2925	1
2926	1
2927	1
2928	1
2929	1
2930	1
2931	1
2932	1
2933	1
2934	1
2935	1
2936	1
2937	1
2938	1
2939	1
2940	1
2941	1
2942	1
2943	1
2944	1
2945	1
2946	1
2947	1
2948	1
2949	1
2950	1
2951	1
2952	1
2953	1
2954	1
2955	1
2956	1
2957	1
2958	1
2959	1
2960	1
2961	1
2962	1
2963	1
2964	1
2965	1
2966	1
2967	1
2968	1
2969	1
2970	1
2971	1
2972	1
2973	1
2974	1
2975	1
2976	1
2977	1
2978	1
2979	1
2980	1
2981	1
2982	1
2983	1
2984	1
2985	1
2986	1
2987	1
2988	1
2989	1
2990	1
2991	1
2992	1
2993	1
2994	1
2995	1
2996	1
2997	1
2998	1
2999	1
3000	1
3001	1
3002	1
3003	1
3004	1
3005	1
3006	1
3007	1
3008	1
3009	1
3010	1
3011	1
3012	1
3013	1
3014	1
3015	1
3016	1
3017	1
3018	1
3019	1
3020	1
3021	1
3022	1
3023	1
3024	1
3025	1
3026	1
3027	1
3028	1
3029	1
3030	1
3031	1
3032	1
3033	1
3034	1
3035	1
3036	1
3037	1
3038	1
3039	1
3040	1
3041	1
3042	1
3043	1
3044	1
3045	1
3046	1
3047	1
3048	1
3049	1
3050	1
3051	1
3052	1
3053	1
3054	1
3055	1
3056	1
3057	1
3058	1
3059	1
3060	1
3061	1
3062	1
3063	1
3064	1
3065	1
3066	1
3067	1
3068	1
3069	1
3070	1
3071	1
3072	1
3073	1
3074	1
3075	1
3076	1
3077	1
3078	1
3079	1
3080	1
3081	1
3082	1
3083	1
3084	1
3085	1
3086	1
3087	1
3088	1
3089	1
3090	1
3091	1
3092	1
3093	1
3094	1
3095	1
3096	1
3097	1
3098	1
3099	1
3100	1
3101	1
3102	1
3103	1
3104	1
3105	1
3106	1
3107	1
3108	1
3109	1
3110	1
3111	1
3112	1
3113	1
3114	1
3115	1
3116	1
3117	1
3118	1
3119	1
3120	1
3121	1
3122	1
3123	1
3124	1
3125	1
3126	1
3127	1
3128	1
3129	1
3130	1
3131	1
3132	1
3133	1
3134	1
3135	1
3136	1
3137	1
3138	1
3139	1
3140	1
3141	1
3142	1
3143	1
3144	1
3145	1
3146	1
3147	1
3148	1
3149	1
3150	1
3151	1
3152	1
3153	1
3154	1
3155	1
3156	1
3157	1
3158	1
3159	1
3160	1
3161	1
3162	1
3163	1
3164	1
3165	1
3166	1
3167	1
3168	1
3169	1
3170	1
3171	1
3172	1
3173	1
3174	1
3175	1
3176	1
3177	1
3178	1
3179	1
3180	1
3181	1
3182	1
3183	1
3184	1
3185	1
3186	1
3187	1
3188	1
3189	1
3190	1
3191	1
3192	1
3193	1
3194	1
3195	1
3196	1
3197	1
3198	1
3199	1
3200	1
3201	1
3202	1
3203	1
3204	1
3205	1
3206	1
3207	1
3208	1
3209	1
3210	1
3211	1
3212	1
3213	1
3214	1
3215	1
3216	1
3217	1
3218	1
3219	1
3220	1
3221	1
3222	1
3223	1
3224	1
3225	1
3226	1
3227	1
3228	1
3229	1
3230	1
3231	1
3232	1
3233	1
3234	1
3235	1
3236	1
3237	1
3238	1
3239	1
3240	1
3241	1
3242	1
3243	1
3244	1
3245	1
3246	1
3247	1
3248	1
3249	1
3250	1
3251	1
3252	1
3253	1
3254	1
3255	1
3256	1
3257	1
3258	1
3259	1
3260	1
3261	1
3262	1
3263	1
3264	1
3265	1
3266	1
3267	1
3268	1
3269	1
3270	1
3271	1
3272	1
3273	1
3274	1
3275	1
3276	1
3277	1
3278	1
3279	1
3280	1
3281	1
3282	1
3283	1
3284	1
3285	1
3286	1
3287	1
3288	1
3289	1
3290	1
3291	1
3292	1
3293	1
3294	1
3295	1
3296	1
3297	1
3298	1
3299	1
3300	1
3301	1
3302	1
3303	1
3304	1
3305	1
3306	1
3307	1
3308	1
3309	1
3310	1
3311	1
3312	1
3313	1
3314	1
3315	1
3316	1
3317	1
3318	1
3319	1
3320	1
3321	1
3322	1
3323	1
3324	1
3325	1
3326	1
3327	1
3328	1
3329	1
3330	1
3331	1
3332	1
3333	1
3334	1
3335	1
3336	1
3337	1
3338	1
3339	1
3340	1
3341	1
3342	1
3343	1
3344	1
3345	1
3346	1
3347	1
3348	1
3349	1
3350	1
3351	1
3352	1
3353	1
3354	1
3355	1
3356	1
3357	1
3358	1
3359	1
3360	1
3361	1
3362	1
3363	1
3364	1
3365	1
3366	1
3367	1
3368	1
3369	1
3370	1
3371	1
3372	1
3373	1
3374	1
3375	1
3376	1
3377	1
3378	1
3379	1
3380	1
3381	1
3382	1
3383	1
3384	1
3385	1
3386	1
3387	1
3388	1
3389	1
3390	1
3391	1
3392	1
3393	1
3394	1
3395	1
3396	1
3397	1
3398	1
3399	1
3400	1
3401	1
3402	1
3403	1
3404	1
3405	1
3406	1
3407	1
3408	1
3409	1
3410	1
3411	1
3412	1
3413	1
3414	1
3415	1
3416	1
3417	1
3418	1
3419	1
3420	1
3421	1
3422	1
3423	1
3424	1
3425	1
3426	1
3427	1
3428	1
3429	1
3430	1
3431	1
3432	1
3433	1
3434	1
3435	1
3436	1
3437	1
3438	1
3439	1
3440	1
3441	1
3442	1
3443	1
3444	1
3445	1
3446	1
3447	1
3448	1
3449	1
3450	1
3451	1
3452	1
3453	1
3454	1
3455	1
3456	1
3457	1
3458	1
3459	1
3460	1
3461	1
3462	1
3463	1
3464	1
3465	1
3466	1
3467	1
3468	1
3469	1
3470	1
3471	1
3472	1
3473	1
3474	1
3475	1
3476	1
3477	1
3478	1
3479	1
3480	1
3481	1
3482	1
3483	1
3484	1
3485	1
3486	1
3487	1
3488	1
3489	1
3490	1
3491	1
3492	1
3493	1
3494	1
3495	1
3496	1
3497	1
3498	1
3499	1
3500	1
3501	1
3502	1
3503	1
3504	1
3505	1
3506	1
3507	1
3508	1
3509	1
3510	1
3511	1
3512	1
3513	1
3514	1
3515	1
3516	1
3517	1
3518	1
3519	1
3520	1
3521	1
3522	1
3523	1
3524	1
3525	1
3526	1
3527	1
3528	1
3529	1
3530	1
3531	1
3532	1
3533	1
3534	1
3535	1
3536	1
3537	1
3538	1
3539	1
3540	1
3541	1
3542	1
3543	1
3544	1
3545	1
3546	1
3547	1
3548	1
3549	1
3550	1
3551	1
3552	1
3553	1
3554	1
3555	1
3556	1
3557	1
3558	1
3559	1
3560	1
3561	1
3562	1
3563	1
3564	1
3565	1
3566	1
3567	1
3568	1
3569	1
3570	1
3571	1
3572	1
3573	1
3574	1
3575	1
3576	1
3577	1
3578	1
3579	1
3580	1
3581	1
3582	1
3583	1
3584	1
3585	1
3586	1
3587	1
3588	1
3589	1
3590	1
3591	1
3592	1
3593	1
3594	1
3595	1
3596	1
3597	1
3598	1
3599	1
3600	1
3601	1
3602	1
3603	1
3604	1
3605	1
3606	1
3607	1
3608	1
3609	1
3610	1
3611	1
3612	1
3613	1
3614	1
3615	1
3616	1
3617	1
3618	1
3619	1
3620	1
3621	1
3622	1
3623	1
3624	1
3625	1
3626	1
3627	1
3628	1
3629	1
3630	1
3631	1
3632	1
3633	1
3634	1
3635	1
3636	1
3637	1
3638	1
3639	1
3640	1
3641	1
3642	1
3643	1
3644	1
3645	1
3646	1
3647	1
3648	1
3649	1
3650	1
3651	1
3652	1
3653	1
3654	1
3655	1
3656	1
3657	1
3658	1
3659	1
3660	1
3661	1
3662	1
3663	1
3664	1
3665	1
3666	1
3667	1
3668	1
3669	1
3670	1
3671	1
3672	1
3673	1
3674	1
3675	1
3676	1
3677	1
3678	1
3679	1
3680	1
3681	1
3682	1
3683	1
3684	1
3685	1
3686	1
3687	1
3688	1
3689	1
3690	1
3691	1
3692	1
3693	1
3694	1
3695	1
3696	1
3697	1
3698	1
3699	1
3700	1
3701	1
3702	1
3703	1
3704	1
3705	1
3706	1
3707	1
3708	1
3709	1
3710	1
3711	1
3712	1
3713	1
3714	1
3715	1
3716	1
3717	1
3718	1
3719	1
3720	1
3721	1
3722	1
3723	1
3724	1
3725	1
3726	1
3727	1
3728	1
3729	1
3730	1
3731	1
3732	1
3733	1
3734	1
3735	1
3736	1
3737	1
3738	1
3739	1
3740	1
3741	1
3742	1
3743	1
3744	1
3745	1
3746	1
3747	1
3748	1
3749	1
3750	1
3751	1
3752	1
3753	1
3754	1
3755	1
3756	1
3757	1
3758	1
3759	1
3760	1
3761	1
3762	1
3763	1
3764	1
3765	1
3766	1
3767	1
3768	1
3769	1
3770	1
3771	1
3772	1
3773	1
3774	1
3775	1
3776	1
3777	1
3778	1
3779	1
3780	1
3781	1
3782	1
3783	1
3784	1
3785	1
3786	1
3787	1
3788	1
3789	1
3790	1
3791	1
3792	1
3793	1
3794	1
3795	1
3796	1
3797	1
3798	1
3799	1
3800	1
3801	1
3802	1
3803	1
3804	1
3805	1
3806	1
3807	1
3808	1
3809	1
3810	1
3811	1
3812	1
3813	1
3814	1
3815	1
3816	1
3817	1
3818	1
3819	1
3820	1
3821	1
3822	1
3823	1
3824	1
3825	1
3826	1
3827	1
3828	1
3829	1
3830	1
3831	1
3832	1
3833	1
3834	1
3835	1
3836	1
3837	1
3838	1
3839	1
3840	1
3841	1
3842	1
3843	1
3844	1
3845	1
3846	1
3847	1
3848	1
3849	1
3850	1
3851	1
3852	1
3853	1
3854	1
3855	1
3856	1
3857	1
3858	1
3859	1
3860	1
3861	1
3862	1
3863	1
3864	1
3865	1
3866	1
3867	1
3868	1
3869	1
3870	1
3871	1
3872	1
3873	1
3874	1
3875	1
3876	1
3877	1
3878	1
3879	1
3880	1
3881	1
3882	1
3883	1
3884	1
3885	1
3886	1
3887	1
3888	1
3889	1
3890	1
3891	1
3892	1
3893	1
3894	1
3895	1
3896	1
3897	1
3898	1
3899	1
3900	1
3901	1
3902	1
3903	1
3904	1
3905	1
3906	1
3907	1
3908	1
3909	1
3910	1
3911	1
3912	1
3913	1
3914	1
3915	1
3916	1
3917	1
3918	1
3919	1
3920	1
3921	1
3922	1
3923	1
3924	1
3925	1
3926	1
3927	1
3928	1
3929	1
3930	1
3931	1
3932	1
3933	1
3934	1
3935	1
3936	1
3937	1
3938	1
3939	1
3940	1
3941	1
3942	1
3943	1
3944	1
3945	1
3946	1
3947	1
3948	1
3949	1
3950	1
3951	1
3952	1
3953	1
3954	1
3955	1
3956	1
3957	1
3958	1
3959	1
3960	1
3961	1
3962	1
3963	1
3964	1
3965	1
3966	1
3967	1
3968	1
3969	1
3970	1
3971	1
3972	1
3973	1
3974	1
3975	1
3976	1
3977	1
3978	1
3979	1
3980	1
3981	1
3982	1
3983	1
3984	1
3985	1
3986	1
3987	1
3988	1
3989	1
3990	1
3991	1
3992	1
3993	1
3994	1
3995	1
3996	1
3997	1
3998	1
3999	1
4000	1
4001	1
4002	1
4003	1
4004	1
4005	1
4006	1
4007	1
4008	1
4009	1
4010	1
4011	1
4012	1
4013	1
4014	1
4015	1
4016	1
4017	1
4018	1
4019	1
4020	1
4021	1
4022	1
4023	1
4024	1
4025	1
4026	1
4027	1
4028	1
4029	1
4030	1
4031	1
4032	1
4033	1
4034	1
4035	1
4036	1
4037	1
4038	1
4039	1
4040	1
4041	1
4042	1
4043	1
4044	1
4045	1
4046	1
4047	1
4048	1
4049	1
4050	1
4051	1
4052	1
4053	1
4054	1
4055	1
4056	1
4057	1
4058	1
4059	1
4060	1
4061	1
4062	1
4063	1
4064	1
4065	1
4066	1
4067	1
4068	1
4069	1
4070	1
4071	1
4072	1
4073	1
4074	1
4075	1
4076	1
4077	1
4078	1
4079	1
4080	1
4081	1
4082	1
4083	1
4084	1
4085	1
4086	1
4087	1
4088	1
4089	1
4090	1
4091	1
4092	1
4093	1
4094	1
4095	1
4096	1
4097	1
4098	1
4099	1
4100	1
4101	1
4102	1
4103	1
4104	1
4105	1
4106	1
4107	1
4108	1
4109	1
4110	1
4111	1
4112	1
4113	1
4114	1
4115	1
4116	1
4117	1
4118	1
4119	1
4120	1
4121	1
4122	1
4123	1
4124	1
4125	1
4126	1
4127	1
4128	1
4129	1
4130	1
4131	1
4132	1
4133	1
4134	1
4135	1
4136	1
4137	1
4138	1
4139	1
4140	1
4141	1
4142	1
4143	1
4144	1
4145	1
4146	1
4147	1
4148	1
4149	1
4150	1
4151	1
4152	1
4153	1
4154	1
4155	1
4156	1
4157	1
4158	1
4159	1
4160	1
4161	1
4162	1
4163	1
4164	1
4165	1
4166	1
4167	1
4168	1
4169	1
4170	1
4171	1
4172	1
4173	1
4174	1
4175	1
4176	1
4177	1
4178	1
4179	1
4180	1
4181	1
4182	1
4183	1
4184	1
4185	1
4186	1
4187	1
4188	1
4189	1
4190	1
4191	1
4192	1
4193	1
4194	1
4195	1
4196	1
4197	1
4198	1
4199	1
4200	1
4201	1
4202	1
4203	1
4204	1
4205	1
4206	1
4207	1
4208	1
4209	1
4210	1
4211	1
4212	1
4213	1
4214	1
4215	1
4216	1
4217	1
4218	1
4219	1
4220	1
4221	1
4222	1
4223	1
4224	1
4225	1
4226	1
4227	1
4228	1
4229	1
4230	1
4231	1
4232	1
4233	1
4234	1
4235	1
4236	1
4237	1
4238	1
4239	1
4240	1
4241	1
4242	1
4243	1
4244	1
4245	1
4246	1
4247	1
4248	1
4249	1
4250	1
4251	1
4252	1
4253	1
4254	1
4255	1
4256	1
4257	1
4258	1
4259	1
4260	1
4261	1
4262	1
4263	1
4264	1
4265	1
4266	1
4267	1
4268	1
4269	1
4270	1
4271	1
4272	1
4273	1
4274	1
4275	1
4276	1
4277	1
4278	1
4279	1
4280	1
4281	1
4282	1
4283	1
4284	1
4285	1
4286	1
4287	1
4288	1
4289	1
4290	1
4291	1
4292	1
4293	1
4294	1
4295	1
4296	1
4297	1
4298	1
4299	1
4300	1
4301	1
4302	1
4303	1
4304	1
4305	1
4306	1
4307	1
4308	1
4309	1
4310	1
4311	1
4312	1
4313	1
4314	1
4315	1
4316	1
4317	1
4318	1
4319	1
4320	1
4321	1
4322	1
4323	1
4324	1
4325	1
4326	1
4327	1
4328	1
4329	1
4330	1
4331	1
4332	1
4333	1
4334	1
4335	1
4336	1
4337	1
4338	1
4339	1
4340	1
4341	1
4342	1
4343	1
4344	1
4345	1
4346	1
4347	1
4348	1
4349	1
4350	1
4351	1
4352	1
4353	1
4354	1
4355	1
4356	1
4357	1
4358	1
4359	1
4360	1
4361	1
4362	1
4363	1
4364	1
4365	1
4366	1
4367	1
4368	1
4369	1
4370	1
4371	1
4372	1
4373	1
4374	1
4375	1
4376	1
4377	1
4378	1
4379	1
4380	1
4381	1
4382	1
4383	1
4384	1
4385	1
4386	1
4387	1
4388	1
4389	1
4390	1
4391	1
4392	1
4393	1
4394	1
4395	1
4396	1
4397	1
4398	1
4399	1
4400	1
4401	1
4402	1
4403	1
4404	1
4405	1
4406	1
4407	1
4408	1
4409	1
4410	1
4411	1
4412	1
4413	1
4414	1
4415	1
4416	1
4417	1
4418	1
4419	1
4420	1
4421	1
4422	1
4423	1
4424	1
4425	1
4426	1
4427	1
4428	1
4429	1
4430	1
4431	1
4432	1
4433	1
4434	1
4435	1
4436	1
4437	1
4438	1
4439	1
4440	1
4441	1
4442	1
4443	1
4444	1
4445	1
4446	1
4447	1
4448	1
4449	1
4450	1
4451	1
4452	1
4453	1
4454	1
4455	1
4456	1
4457	1
4458	1
4459	1
4460	1
4461	1
4462	1
4463	1
4464	1
4465	1
4466	1
4467	1
4468	1
4469	1
4470	1
4471	1
4472	1
4473	1
4474	1
4475	1
4476	1
4477	1
4478	1
4479	1
4480	1
4481	1
4482	1
4483	1
4484	1
4485	1
4486	1
4487	1
4488	1
4489	1
4490	1
4491	1
4492	1
4493	1
4494	1
4495	1
4496	1
4497	1
4498	1
4499	1
4500	1
4501	1
4502	1
4503	1
4504	1
4505	1
4506	1
4507	1
4508	1
4509	1
4510	1
4511	1
4512	1
4513	1
4514	1
4515	1
4516	1
4517	1
4518	1
4519	1
4520	1
4521	1
4522	1
4523	1
4524	1
4525	1
4526	1
4527	1
4528	1
4529	1
4530	1
4531	1
4532	1
4533	1
4534	1
4535	1
4536	1
4537	1
4538	1
4539	1
4540	1
4541	1
4542	1
4543	1
4544	1
4545	1
4546	1
4547	1
4548	1
4549	1
4550	1
4551	1
4552	1
4553	1
4554	1
4555	1
4556	1
4557	1
4558	1
4559	1
4560	1
4561	1
4562	1
4563	1
4564	1
4565	1
4566	1
4567	1
4568	1
4569	1
4570	1
4571	1
4572	1
4573	1
4574	1
4575	1
4576	1
4577	1
4578	1
4579	1
4580	1
4581	1
4582	1
4583	1
4584	1
4585	1
4586	1
4587	1
4588	1
4589	1
4590	1
4591	1
4592	1
4593	1
4594	1
4595	1
4596	1
4597	1
4598	1
4599	1
4600	1
4601	1
4602	1
4603	1
4604	1
4605	1
4606	1
4607	1
4608	1
4609	1
4610	1
4611	1
4612	1
4613	1
4614	1
4615	1
4616	1
4617	1
4618	1
4619	1
4620	1
4621	1
4622	1
4623	1
4624	1
4625	1
4626	1
4627	1
4628	1
4629	1
4630	1
4631	1
4632	1
4633	1
4634	1
4635	1
4636	1
4637	1
4638	1
4639	1
4640	1
4641	1
4642	1
4643	1
4644	1
4645	1
4646	1
4647	1
4648	1
4649	1
4650	1
4651	1
4652	1
4653	1
4654	1
4655	1
4656	1
4657	1
4658	1
4659	1
4660	1
4661	1
4662	1
4663	1
4664	1
4665	1
4666	1
4667	1
4668	1
4669	1
4670	1
4671	1
4672	1
4673	1
4674	1
4675	1
4676	1
4677	1
4678	1
4679	1
4680	1
4681	1
4682	1
4683	1
4684	1
4685	1
4686	1
4687	1
4688	1
4689	1
4690	1
4691	1
4692	1
4693	1
4694	1
4695	1
4696	1
4697	1
4698	1
4699	1
4700	1
4701	1
4702	1
4703	1
4704	1
4705	1
4706	1
4707	1
4708	1
4709	1
4710	1
4711	1
4712	1
4713	1
4714	1
4715	1
4716	1
4717	1
4718	1
4719	1
4720	1
4721	1
4722	1
4723	1
4724	1
4725	1
4726	1
4727	1
4728	1
4729	1
4730	1
4731	1
4732	1
4733	1
4734	1
4735	1
4736	1
4737	1
4738	1
4739	1
4740	1
4741	1
4742	1
4743	1
4744	1
4745	1
4746	1
4747	1
4748	1
4749	1
4750	1
4751	1
4752	1
4753	1
4754	1
4755	1
4756	1
4757	1
4758	1
4759	1
4760	1
4761	1
4762	1
4763	1
4764	1
4765	1
4766	1
4767	1
4768	1
4769	1
4770	1
4771	1
4772	1
4773	1
4774	1
4775	1
4776	1
4777	1
4778	1
4779	1
4780	1
4781	1
4782	1
4783	1
4784	1
4785	1
4786	1
4787	1
4788	1
4789	1
4790	1
4791	1
4792	1
4793	1
4794	1
4795	1
4796	1
4797	1
4798	1
4799	1
4800	1
4801	1
4802	1
4803	1
4804	1
4805	1
4806	1
4807	1
4808	1
4809	1
4810	1
4811	1
4812	1
4813	1
4814	1
4815	1
4816	1
4817	1
4818	1
4819	1
4820	1
4821	1
4822	1
4823	1
4824	1
4825	1
4826	1
4827	1
4828	1
4829	1
4830	1
4831	1
4832	1
4833	1
4834	1
4835	1
4836	1
4837	1
4838	1
4839	1
4840	1
4841	1
4842	1
4843	1
4844	1
4845	1
4846	1
4847	1
4848	1
4849	1
4850	1
4851	1
4852	1
4853	1
4854	1
4855	1
4856	1
4857	1
4858	1
4859	1
4860	1
4861	1
4862	1
4863	1
4864	1
4865	1
4866	1
4867	1
4868	1
4869	1
4870	1
4871	1
4872	1
4873	1
4874	1
4875	1
4876	1
4877	1
4878	1
4879	1
4880	1
4881	1
4882	1
4883	1
4884	1
4885	1
4886	1
4887	1
4888	1
4889	1
4890	1
4891	1
4892	1
4893	1
4894	1
4895	1
4896	1
4897	1
4898	1
4899	1
4900	1
4901	1
4902	1
4903	1
4904	1
4905	1
4906	1
4907	1
4908	1
4909	1
4910	1
4911	1
4912	1
4913	1
4914	1
4915	1
4916	1
4917	1
4918	1
4919	1
4920	1
4921	1
4922	1
4923	1
4924	1
4925	1
4926	1
4927	1
4928	1
4929	1
4930	1
4931	1
4932	1
4933	1
4934	1
4935	1
4936	1
4937	1
4938	1
4939	1
4940	1
4941	1
4942	1
4943	1
4944	1
4945	1
4946	1
4947	1
4948	1
4949	1
4950	1
4951	1
4952	1
4953	1
4954	1
4955	1
4956	1
4957	1
4958	1
4959	1
4960	1
4961	1
4962	1
4963	1
4964	1
4965	1
4966	1
4967	1
4968	1
4969	1
4970	1
4971	1
4972	1
4973	1
4974	1
4975	1
4976	1
4977	1
4978	1
4979	1
4980	1
4981	1
4982	1
4983	1
4984	1
4985	1
4986	1
4987	1
4988	1
4989	1
4990	1
4991	1
4992	1
4993	1
4994	1
4995	1
4996	1
4997	1
4998	1
4999	1
5000	1
5001	1
5002	1
5003	1
5004	1
5005	1
5006	1
5007	1
5008	1
5009	1
5010	1
5011	1
5012	1
5013	1
5014	1
5015	1
5016	1
5017	1
5018	1
5019	1
5020	1
5021	1
5022	1
5023	1
5024	1
5025	1
5026	1
5027	1
5028	1
5029	1
5030	1
5031	1
5032	1
5033	1
5034	1
5035	1
5036	1
5037	1
5038	1
5039	1
5040	1
5041	1
5042	1
5043	1
5044	1
5045	1
5046	1
5047	1
5048	1
5049	1
5050	1
5051	1
5052	1
5053	1
5054	1
5055	1
5056	1
5057	1
5058	1
5059	1
5060	1
5061	1
5062	1
5063	1
5064	1
5065	1
5066	1
5067	1
5068	1
5069	1
5070	1
5071	1
5072	1
5073	1
5074	1
5075	1
5076	1
5077	1
5078	1
5079	1
5080	1
5081	1
5082	1
5083	1
5084	1
5085	1
5086	1
5087	1
5088	1
5089	1
5090	1
5091	1
5092	1
5093	1
5094	1
5095	1
5096	1
5097	1
5098	1
5099	1
5100	1
5101	1
5102	1
5103	1
5104	1
5105	1
5106	1
5107	1
5108	1
5109	1
5110	1
5111	1
5112	1
5113	1
5114	1
5115	1
5116	1
5117	1
5118	1
5119	1
5120	1
5121	1
5122	1
5123	1
5124	1
5125	1
5126	1
5127	1
5128	1
5129	1
5130	1
5131	1
5132	1
5133	1
5134	1
5135	1
5136	1
5137	1
5138	1
5139	1
5140	1
5141	1
5142	1
5143	1
5144	1
5145	1
5146	1
5147	1
5148	1
5149	1
5150	1
5151	1
5152	1
5153	1
5154	1
5155	1
5156	1
5157	1
5158	1
5159	1
5160	1
5161	1
5162	1
5163	1
5164	1
5165	1
5166	1
5167	1
5168	1
5169	1
5170	1
5171	1
5172	1
5173	1
5174	1
5175	1
5176	1
5177	1
5178	1
5179	1
5180	1
5181	1
5182	1
5183	1
5184	1
5185	1
5186	1
5187	1
5188	1
5189	1
5190	1
5191	1
5192	1
5193	1
5194	1
5195	1
5196	1
5197	1
5198	1
5199	1
5200	1
5201	1
5202	1
5203	1
5204	1
5205	1
5206	1
5207	1
5208	1
5209	1
5210	1
5211	1
5212	1
5213	1
5214	1
5215	1
5216	1
5217	1
5218	1
5219	1
5220	1
5221	1
5222	1
5223	1
5224	1
5225	1
5226	1
5227	1
5228	1
5229	1
5230	1
5231	1
5232	1
5233	1
5234	1
5235	1
5236	1
5237	1
5238	1
5239	1
5240	1
5241	1
5242	1
5243	1
5244	1
5245	1
5246	1
5247	1
5248	1
5249	1
5250	1
5251	1
5252	1
5253	1
5254	1
5255	1
5256	1
5257	1
5258	1
5259	1
5260	1
5261	1
5262	1
5263	1
5264	1
5265	1
5266	1
5267	1
5268	1
5269	1
5270	1
5271	1
5272	1
5273	1
5274	1
5275	1
5276	1
5277	1
5278	1
5279	1
5280	1
5281	1
5282	1
5283	1
5284	1
5285	1
5286	1
5287	1
5288	1
5289	1
5290	1
5291	1
5292	1
5293	1
5294	1
5295	1
5296	1
5297	1
5298	1
5299	1
5300	1
5301	1
5302	1
5303	1
5304	1
5305	1
5306	1
5307	1
5308	1
5309	1
5310	1
5311	1
5312	1
5313	1
5314	1
5315	1
5316	1
5317	1
5318	1
5319	1
5320	1
5321	1
5322	1
5323	1
5324	1
5325	1
5326	1
5327	1
5328	1
5329	1
5330	1
5331	1
5332	1
5333	1
5334	1
5335	1
5336	1
5337	1
5338	1
5339	1
5340	1
5341	1
5342	1
5343	1
5344	1
5345	1
5346	1
5347	1
5348	1
5349	1
5350	1
5351	1
5352	1
5353	1
5354	1
5355	1
5356	1
5357	1
5358	1
5359	1
5360	1
5361	1
5362	1
5363	1
5364	1
5365	1
5366	1
5367	1
5368	1
5369	1
5370	1
5371	1
5372	1
5373	1
5374	1
5375	1
5376	1
5377	1
5378	1
5379	1
5380	1
5381	1
5382	1
5383	1
5384	1
5385	1
5386	1
5387	1
5388	1
5389	1
5390	1
5391	1
5392	1
5393	1
5394	1
5395	1
5396	1
5397	1
5398	1
5399	1
5400	1
5401	1
5402	1
5403	1
5404	1
5405	1
5406	1
5407	1
5408	1
5409	1
5410	1
5411	1
5412	1
5413	1
5414	1
5415	1
5416	1
5417	1
5418	1
5419	1
5420	1
5421	1
5422	1
5423	1
5424	1
5425	1
5426	1
5427	1
5428	1
5429	1
5430	1
5431	1
5432	1
5433	1
5434	1
5435	1
5436	1
5437	1
5438	1
5439	1
5440	1
5441	1
5442	1
5443	1
5444	1
5445	1
5446	1
5447	1
5448	1
5449	1
5450	1
5451	1
5452	1
5453	1
5454	1
5455	1
5456	1
5457	1
5458	1
5459	1
5460	1
5461	1
5462	1
5463	1
5464	1
5465	1
5466	1
5467	1
5468	1
5469	1
5470	1
5471	1
5472	1
5473	1
5474	1
5475	1
5476	1
5477	1
5478	1
5479	1
5480	1
5481	1
5482	1
5483	1
5484	1
5485	1
5486	1
5487	1
5488	1
5489	1
5490	1
5491	1
5492	1
5493	1
5494	1
5495	1
5496	1
5497	1
5498	1
5499	1
5500	1
5501	1
5502	1
5503	1
5504	1
5505	1
5506	1
5507	1
5508	1
5509	1
5510	1
5511	1
5512	1
5513	1
5514	1
5515	1
5516	1
5517	1
5518	1
5519	1
5520	1
5521	1
5522	1
5523	1
5524	1
5525	1
5526	1
5527	1
5528	1
5529	1
5530	1
5531	1
5532	1
5533	1
5534	1
5535	1
5536	1
5537	1
5538	1
5539	1
5540	1
5541	1
5542	1
5543	1
5544	1
5545	1
5546	1
5547	1
5548	1
5549	1
5550	1
5551	1
5552	1
5553	1
5554	1
5555	1
5556	1
5557	1
5558	1
5559	1
5560	1
5561	1
5562	1
5563	1
5564	1
5565	1
5566	1
5567	1
5568	1
5569	1
5570	1
5571	1
5572	1
5573	1
5574	1
5575	1
5576	1
5577	1
5578	1
5579	1
5580	1
5581	1
5582	1
5583	1
5584	1
5585	1
5586	1
5587	1
5588	1
5589	1
5590	1
5591	1
5592	1
5593	1
5594	1
5595	1
5596	1
5597	1
5598	1
5599	1
5600	1
5601	1
5602	1
5603	1
5604	1
5605	1
5606	1
5607	1
5608	1
5609	1
5610	1
5611	1
5612	1
5613	1
5614	1
5615	1
5616	1
5617	1
5618	1
5619	1
5620	1
5621	1
5622	1
5623	1
5624	1
5625	1
5626	1
5627	1
5628	1
5629	1
5630	1
5631	1
5632	1
5633	1
5634	1
5635	1
5636	1
5637	1
5638	1
5639	1
5640	1
5641	1
5642	1
5643	1
5644	1
5645	1
5646	1
5647	1
5648	1
5649	1
5650	1
5651	1
5652	1
5653	1
5654	1
5655	1
5656	1
5657	1
5658	1
5659	1
5660	1
5661	1
5662	1
5663	1
5664	1
5665	1
5666	1
5667	1
5668	1
5669	1
5670	1
5671	1
5672	1
5673	1
5674	1
5675	1
5676	1
5677	1
5678	1
5679	1
5680	1
5681	1
5682	1
5683	1
5684	1
5685	1
5686	1
5687	1
5688	1
5689	1
5690	1
5691	1
5692	1
5693	1
5694	1
5695	1
5696	1
5697	1
5698	1
5699	1
5700	1
5701	1
5702	1
5703	1
5704	1
5705	1
5706	1
5707	1
5708	1
5709	1
5710	1
5711	1
5712	1
5713	1
5714	1
5715	1
5716	1
5717	1
5718	1
5719	1
5720	1
5721	1
5722	1
5723	1
5724	1
5725	1
5726	1
5727	1
5728	1
5729	1
5730	1
5731	1
5732	1
5733	1
5734	1
5735	1
5736	1
5737	1
5738	1
5739	1
5740	1
5741	1
5742	1
5743	1
5744	1
5745	1
5746	1
5747	1
5748	1
5749	1
5750	1
5751	1
5752	1
5753	1
5754	1
5755	1
5756	1
5757	1
5758	1
5759	1
5760	1
5761	1
5762	1
5763	1
5764	1
5765	1
5766	1
5767	1
5768	1
5769	1
5770	1
5771	1
5772	1
5773	1
5774	1
5775	1
5776	1
5777	1
5778	1
5779	1
5780	1
5781	1
5782	1
5783	1
5784	1
5785	1
5786	1
5787	1
5788	1
5789	1
5790	1
5791	1
5792	1
5793	1
5794	1
5795	1
5796	1
5797	1
5798	1
5799	1
5800	1
5801	1
5802	1
5803	1
5804	1
5805	1
5806	1
5807	1
5808	1
5809	1
5810	1
5811	1
5812	1
5813	1
5814	1
5815	1
5816	1
5817	1
5818	1
5819	1
5820	1
5821	1
5822	1
5823	1
5824	1
5825	1
5826	1
5827	1
5828	1
5829	1
5830	1
5831	1
5832	1
5833	1
5834	1
5835	1
5836	1
5837	1
5838	1
5839	1
5840	1
5841	1
5842	1
5843	1
5844	1
5845	1
5846	1
5847	1
5848	1
5849	1
5850	1
5851	1
5852	1
5853	1
5854	1
5855	1
5856	1
5857	1
5858	1
5859	1
5860	1
5861	1
5862	1
5863	1
5864	1
5865	1
5866	1
5867	1
5868	1
5869	1
5870	1
5871	1
5872	1
5873	1
5874	1
5875	1
5876	1
5877	1
5878	1
5879	1
5880	1
5881	1
5882	1
5883	1
5884	1
5885	1
5886	1
5887	1
5888	1
5889	1
5890	1
5891	1
5892	1
5893	1
5894	1
5895	1
5896	1
5897	1
5898	1
5899	1
5900	1
5901	1
5902	1
5903	1
5904	1
5905	1
5906	1
5907	1
5908	1
5909	1
5910	1
5911	1
5912	1
5913	1
5914	1
5915	1
5916	1
5917	1
5918	1
5919	1
5920	1
5921	1
5922	1
5923	1
5924	1
5925	1
5926	1
5927	1
5928	1
5929	1
5930	1
5931	1
5932	1
5933	1
5934	1
5935	1
5936	1
5937	1
5938	1
5939	1
5940	1
5941	1
5942	1
5943	1
5944	1
5945	1
5946	1
5947	1
5948	1
5949	1
5950	1
5951	1
5952	1
5953	1
5954	1
5955	1
5956	1
5957	1
5958	1
5959	1
5960	1
5961	1
5962	1
5963	1
5964	1
5965	1
5966	1
5967	1
5968	1
5969	1
5970	1
5971	1
5972	1
5973	1
5974	1
5975	1
5976	1
5977	1
5978	1
5979	1
5980	1
5981	1
5982	1
5983	1
5984	1
5985	1
5986	1
5987	1
5988	1
5989	1
5990	1
5991	1
5992	1
5993	1
5994	1
5995	1
5996	1
5997	1
5998	1
5999	1
6000	1
6001	1
6002	1
6003	1
6004	1
6005	1
6006	1
6007	1
6008	1
6009	1
6010	1
6011	1
6012	1
6013	1
6014	1
6015	1
6016	1
6017	1
6018	1
6019	1
6020	1
6021	1
6022	1
6023	1
6024	1
6025	1
6026	1
6027	1
6028	1
6029	1
6030	1
6031	1
6032	1
6033	1
6034	1
6035	1
6036	1
6037	1
6038	1
6039	1
6040	1
6041	1
6042	1
6043	1
6044	1
6045	1
6046	1
6047	1
6048	1
6049	1
6050	1
6051	1
6052	1
6053	1
6054	1
6055	1
6056	1
6057	1
6058	1
6059	1
6060	1
6061	1
6062	1
6063	1
6064	1
6065	1
6066	1
6067	1
6068	1
6069	1
6070	1
6071	1
6072	1
6073	1
6074	1
6075	1
6076	1
6077	1
6078	1
6079	1
6080	1
6081	1
6082	1
6083	1
6084	1
6085	1
6086	1
6087	1
6088	1
6089	1
6090	1
6091	1
6092	1
6093	1
6094	1
6095	1
6096	1
6097	1
6098	1
6099	1
6100	1
6101	1
6102	1
6103	1
6104	1
6105	1
6106	1
6107	1
6108	1
6109	1
6110	1
6111	1
6112	1
6113	1
6114	1
6115	1
6116	1
6117	1
6118	1
6119	1
6120	1
6121	1
6122	1
6123	1
6124	1
6125	1
6126	1
6127	1
6128	1
6129	1
6130	1
6131	1
6132	1
6133	1
6134	1
6135	1
6136	1
6137	1
6138	1
6139	1
6140	1
6141	1
6142	1
6143	1
6144	1
6145	1
6146	1
6147	1
6148	1
6149	1
6150	1
6151	1
6152	1
6153	1
6154	1
6155	1
6156	1
6157	1
6158	1
6159	1
6160	1
6161	1
6162	1
6163	1
6164	1
6165	1
6166	1
6167	1
6168	1
6169	1
6170	1
6171	1
6172	1
6173	1
6174	1
6175	1
6176	1
6177	1
6178	1
6179	1
6180	1
6181	1
6182	1
6183	1
6184	1
6185	1
6186	1
6187	1
6188	1
6189	1
6190	1
6191	1
6192	1
6193	1
6194	1
6195	1
6196	1
6197	1
6198	1
6199	1
6200	1
6201	1
6202	1
6203	1
6204	1
6205	1
6206	1
6207	1
6208	1
6209	1
6210	1
6211	1
6212	1
6213	1
6214	1
6215	1
6216	1
6217	1
6218	1
6219	1
6220	1
6221	1
6222	1
6223	1
6224	1
6225	1
6226	1
6227	1
6228	1
6229	1
6230	1
6231	1
6232	1
6233	1
6234	1
6235	1
6236	1
6237	1
6238	1
6239	1
6240	1
6241	1
6242	1
6243	1
6244	1
6245	1
6246	1
6247	1
6248	1
6249	1
6250	1
6251	1
6252	1
6253	1
6254	1
6255	1
6256	1
6257	1
6258	1
6259	1
6260	1
6261	1
6262	1
6263	1
6264	1
6265	1
6266	1
6267	1
6268	1
6269	1
6270	1
6271	1
6272	1
6273	1
6274	1
6275	1
6276	1
6277	1
6278	1
6279	1
6280	1
6281	1
6282	1
6283	1
6284	1
6285	1
6286	1
6287	1
6288	1
6289	1
6290	1
6291	1
6292	1
6293	1
6294	1
6295	1
6296	1
6297	1
6298	1
6299	1
6300	1
6301	1
6302	1
6303	1
6304	1
6305	1
6306	1
6307	1
6308	1
6309	1
6310	1
6311	1
6312	1
6313	1
6314	1
6315	1
6316	1
6317	1
6318	1
6319	1
6320	1
6321	1
6322	1
6323	1
6324	1
6325	1
6326	1
6327	1
6328	1
6329	1
6330	1
6331	1
6332	1
6333	1
6334	1
6335	1
6336	1
6337	1
6338	1
6339	1
6340	1
6341	1
6342	1
6343	1
6344	1
6345	1
6346	1
6347	1
6348	1
6349	1
6350	1
6351	1
6352	1
6353	1
6354	1
6355	1
6356	1
6357	1
6358	1
6359	1
6360	1
6361	1
6362	1
6363	1
6364	1
6365	1
6366	1
6367	1
6368	1
6369	1
6370	1
6371	1
6372	1
6373	1
6374	1
6375	1
6376	1
6377	1
6378	1
6379	1
6380	1
6381	1
6382	1
6383	1
6384	1
6385	1
6386	1
6387	1
6388	1
6389	1
6390	1
6391	1
6392	1
6393	1
6394	1
6395	1
6396	1
6397	1
6398	1
6399	1
6400	1
6401	1
6402	1
6403	1
6404	1
6405	1
6406	1
6407	1
6408	1
6409	1
6410	1
6411	1
6412	1
6413	1
6414	1
6415	1
6416	1
6417	1
6418	1
6419	1
6420	1
6421	1
6422	1
6423	1
6424	1
6425	1
6426	1
6427	1
6428	1
6429	1
6430	1
6431	1
6432	1
6433	1
6434	1
6435	1
6436	1
6437	1
6438	1
6439	1
6440	1
6441	1
6442	1
6443	1
6444	1
6445	1
6446	1
6447	1
6448	1
6449	1
6450	1
6451	1
6452	1
6453	1
6454	1
6455	1
6456	1
6457	1
6458	1
6459	1
6460	1
6461	1
6462	1
6463	1
6464	1
6465	1
6466	1
6467	1
6468	1
6469	1
6470	1
6471	1
6472	1
6473	1
6474	1
6475	1
6476	1
6477	1
6478	1
6479	1
6480	1
6481	1
6482	1
6483	1
6484	1
6485	1
6486	1
6487	1
6488	1
6489	1
6490	1
6491	1
6492	1
6493	1
6494	1
6495	1
6496	1
6497	1
6498	1
6499	1
6500	1
6501	1
6502	1
6503	1
6504	1
6505	1
6506	1
6507	1
6508	1
6509	1
6510	1
6511	1
6512	1
6513	1
6514	1
6515	1
6516	1
6517	1
6518	1
6519	1
6520	1
6521	1
6522	1
6523	1
6524	1
6525	1
6526	1
6527	1
6528	1
6529	1
6530	1
6531	1
6532	1
6533	1
6534	1
6535	1
6536	1
6537	1
6538	1
6539	1
6540	1
6541	1
6542	1
6543	1
6544	1
6545	1
6546	1
6547	1
6548	1
6549	1
6550	1
6551	1
6552	1
6553	1
6554	1
6555	1
6556	1
6557	1
6558	1
6559	1
6560	1
6561	1
6562	1
6563	1
6564	1
6565	1
6566	1
6567	1
6568	1
6569	1
6570	1
6571	1
6572	1
6573	1
6574	1
6575	1
6576	1
6577	1
6578	1
6579	1
6580	1
6581	1
6582	1
6583	1
6584	1
6585	1
6586	1
6587	1
6588	1
6589	1
6590	1
6591	1
6592	1
6593	1
6594	1
6595	1
6596	1
6597	1
6598	1
6599	1
6600	1
6601	1
6602	1
6603	1
6604	1
6605	1
6606	1
6607	1
6608	1
6609	1
6610	1
6611	1
6612	1
6613	1
6614	1
6615	1
6616	1
6617	1
6618	1
6619	1
6620	1
6621	1
6622	1
6623	1
6624	1
6625	1
6626	1
6627	1
6628	1
6629	1
6630	1
6631	1
6632	1
6633	1
6634	1
6635	1
6636	1
6637	1
6638	1
6639	1
6640	1
6641	1
6642	1
6643	1
6644	1
6645	1
6646	1
6647	1
6648	1
6649	1
6650	1
6651	1
6652	1
6653	1
6654	1
6655	1
6656	1
6657	1
6658	1
6659	1
6660	1
6661	1
6662	1
6663	1
6664	1
6665	1
6666	1
6667	1
6668	1
6669	1
6670	1
6671	1
6672	1
6673	1
6674	1
6675	1
6676	1
6677	1
6678	1
6679	1
6680	1
6681	1
6682	1
6683	1
6684	1
6685	1
6686	1
6687	1
6688	1
6689	1
6690	1
6691	1
6692	1
6693	1
6694	1
6695	1
6696	1
6697	1
6698	1
6699	1
6700	1
6701	1
6702	1
6703	1
6704	1
6705	1
6706	1
6707	1
6708	1
6709	1
6710	1
6711	1
6712	1
6713	1
6714	1
6715	1
6716	1
6717	1
6718	1
6719	1
6720	1
6721	1
6722	1
6723	1
6724	1
6725	1
6726	1
6727	1
6728	1
6729	1
6730	1
6731	1
6732	1
6733	1
6734	1
6735	1
6736	1
6737	1
6738	1
6739	1
6740	1
6741	1
6742	1
6743	1
6744	1
6745	1
6746	1
6747	1
6748	1
6749	1
6750	1
6751	1
6752	1
6753	1
6754	1
6755	1
6756	1
6757	1
6758	1
6759	1
6760	1
6761	1
6762	1
6763	1
6764	1
6765	1
6766	1
6767	1
6768	1
6769	1
6770	1
6771	1
6772	1
6773	1
6774	1
6775	1
6776	1
6777	1
6778	1
6779	1
6780	1
6781	1
6782	1
6783	1
6784	1
6785	1
6786	1
6787	1
6788	1
6789	1
6790	1
6791	1
6792	1
6793	1
6794	1
6795	1
6796	1
6797	1
6798	1
6799	1
6800	1
6801	1
6802	1
6803	1
6804	1
6805	1
6806	1
6807	1
6808	1
6809	1
6810	1
6811	1
6812	1
6813	1
6814	1
6815	1
6816	1
6817	1
6818	1
6819	1
6820	1
6821	1
6822	1
6823	1
6824	1
6825	1
6826	1
6827	1
6828	1
6829	1
6830	1
6831	1
6832	1
6833	1
6834	1
6835	1
6836	1
6837	1
6838	1
6839	1
6840	1
6841	1
6842	1
6843	1
6844	1
6845	1
6846	1
6847	1
6848	1
6849	1
6850	1
6851	1
6852	1
6853	1
6854	1
6855	1
6856	1
6857	1
6858	1
6859	1
6860	1
6861	1
6862	1
6863	1
6864	1
6865	1
6866	1
6867	1
6868	1
6869	1
6870	1
6871	1
6872	1
6873	1
6874	1
6875	1
6876	1
6877	1
6878	1
6879	1
6880	1
6881	1
6882	1
6883	1
6884	1
6885	1
6886	1
6887	1
6888	1
6889	1
6890	1
6891	1
6892	1
6893	1
6894	1
6895	1
6896	1
6897	1
6898	1
6899	1
6900	1
6901	1
6902	1
6903	1
6904	1
6905	1
6906	1
6907	1
6908	1
6909	1
6910	1
6911	1
6912	1
6913	1
6914	1
6915	1
6916	1
6917	1
6918	1
6919	1
6920	1
6921	1
6922	1
6923	1
6924	1
6925	1
6926	1
6927	1
6928	1
6929	1
6930	1
6931	1
6932	1
6933	1
6934	1
6935	1
6936	1
6937	1
6938	1
6939	1
6940	1
6941	1
6942	1
6943	1
6944	1
6945	1
6946	1
6947	1
6948	1
6949	1
6950	1
6951	1
6952	1
6953	1
6954	1
6955	1
6956	1
6957	1
6958	1
6959	1
6960	1
6961	1
6962	1
6963	1
6964	1
6965	1
6966	1
6967	1
6968	1
6969	1
6970	1
6971	1
6972	1
6973	1
6974	1
6975	1
6976	1
6977	1
6978	1
6979	1
6980	1
6981	1
6982	1
6983	1
6984	1
6985	1
6986	1
6987	1
6988	1
6989	1
6990	1
6991	1
6992	1
6993	1
6994	1
6995	1
6996	1
6997	1
6998	1
6999	1
7000	1
7001	1
7002	1
7003	1
7004	1
7005	1
7006	1
7007	1
7008	1
7009	1
7010	1
7011	1
7012	1
7013	1
7014	1
7015	1
7016	1
7017	1
7018	1
7019	1
7020	1
7021	1
7022	1
7023	1
7024	1
7025	1
7026	1
7027	1
7028	1
7029	1
7030	1
7031	1
7032	1
7033	1
7034	1
7035	1
7036	1
7037	1
7038	1
7039	1
7040	1
7041	1
7042	1
7043	1
7044	1
7045	1
7046	1
7047	1
7048	1
7049	1
7050	1
7051	1
7052	1
7053	1
7054	1
7055	1
7056	1
7057	1
7058	1
7059	1
7060	1
7061	1
7062	1
7063	1
7064	1
7065	1
7066	1
7067	1
7068	1
7069	1
7070	1
7071	1
7072	1
7073	1
7074	1
7075	1
7076	1
7077	1
7078	1
7079	1
7080	1
7081	1
7082	1
7083	1
7084	1
7085	1
7086	1
7087	1
7088	1
7089	1
7090	1
7091	1
7092	1
7093	1
7094	1
7095	1
7096	1
7097	1
7098	1
7099	1
7100	1
7101	1
7102	1
7103	1
7104	1
7105	1
7106	1
7107	1
7108	1
7109	1
7110	1
7111	1
7112	1
7113	1
7114	1
7115	1
7116	1
7117	1
7118	1
7119	1
7120	1
7121	1
7122	1
7123	1
7124	1
7125	1
7126	1
7127	1
7128	1
7129	1
7130	1
7131	1
7132	1
7133	1
7134	1
7135	1
7136	1
7137	1
7138	1
7139	1
7140	1
7141	1
7142	1
7143	1
7144	1
7145	1
7146	1
7147	1
7148	1
7149	1
7150	1
7151	1
7152	1
7153	1
7154	1
7155	1
7156	1
7157	1
7158	1
7159	1
7160	1
7161	1
7162	1
7163	1
7164	1
7165	1
7166	1
7167	1
7168	1
7169	1
7170	1
7171	1
7172	1
7173	1
7174	1
7175	1
7176	1
7177	1
7178	1
7179	1
7180	1
7181	1
7182	1
7183	1
7184	1
7185	1
7186	1
7187	1
7188	1
7189	1
7190	1
7191	1
7192	1
7193	1
7194	1
7195	1
7196	1
7197	1
7198	1
7199	1
7200	1
7201	1
7202	1
7203	1
7204	1
7205	1
7206	1
7207	1
7208	1
7209	1
7210	1
7211	1
7212	1
7213	1
7214	1
7215	1
7216	1
7217	1
7218	1
7219	1
7220	1
7221	1
7222	1
7223	1
7224	1
7225	1
7226	1
7227	1
7228	1
7229	1
7230	1
7231	1
7232	1
7233	1
7234	1
7235	1
7236	1
7237	1
7238	1
7239	1
7240	1
7241	1
7242	1
7243	1
7244	1
7245	1
7246	1
7247	1
7248	1
7249	1
7250	1
7251	1
7252	1
7253	1
7254	1
7255	1
7256	1
7257	1
7258	1
7259	1
7260	1
7261	1
7262	1
7263	1
7264	1
7265	1
7266	1
7267	1
7268	1
7269	1
7270	1
7271	1
7272	1
7273	1
7274	1
7275	1
7276	1
7277	1
7278	1
7279	1
7280	1
7281	1
7282	1
7283	1
7284	1
7285	1
7286	1
7287	1
7288	1
7289	1
7290	1
7291	1
7292	1
7293	1
7294	1
7295	1
7296	1
7297	1
7298	1
7299	1
7300	1
7301	1
7302	1
7303	1
7304	1
7305	1
7306	1
7307	1
7308	1
7309	1
7310	1
7311	1
7312	1
7313	1
7314	1
7315	1
7316	1
7317	1
7318	1
7319	1
7320	1
7321	1
7322	1
7323	1
7324	1
7325	1
7326	1
7327	1
7328	1
7329	1
7330	1
7331	1
7332	1
7333	1
7334	1
7335	1
7336	1
7337	1
7338	1
7339	1
7340	1
7341	1
7342	1
7343	1
7344	1
7345	1
7346	1
7347	1
7348	1
7349	1
7350	1
7351	1
7352	1
7353	1
7354	1
7355	1
7356	1
7357	1
7358	1
7359	1
7360	1
7361	1
7362	1
7363	1
7364	1
7365	1
7366	1
7367	1
7368	1
7369	1
7370	1
7371	1
7372	1
7373	2
7374	2
7375	2
7376	2
7377	2
7378	2
7379	2
7380	2
7381	2
7382	2
7383	2
7384	2
7385	2
7386	2
7387	2
7388	2
7389	2
7390	2
7391	2
7392	2
7393	2
7394	2
7395	2
7396	2
7397	2
7398	2
7399	2
7400	2
7401	2
7402	2
7403	2
7404	2
7405	2
7406	2
7407	2
7408	2
7409	2
7410	2
7411	2
7412	2
7413	2
7414	2
7415	2
7416	2
7417	2
7418	2
7419	2
7420	2
7421	2
7422	2
7423	2
7424	2
7425	2
7426	2
7427	2
7428	2
7429	2
7430	2
7431	2
7432	2
7433	2
7434	2
7435	2
7436	2
7437	2
7438	2
7439	2
7440	2
7441	2
7442	2
7443	2
7444	2
7445	2
7446	2
7447	2
7448	2
7449	2
7450	2
7451	2
7452	2
7453	2
7454	2
7455	2
7456	2
7457	2
7458	2
7459	2
7460	2
7461	2
7462	2
7463	2
7464	2
7465	2
7466	2
7467	2
7468	2
7469	2
7470	2
7471	2
7472	2
7473	2
7474	2
7475	2
7476	2
7477	2
7478	2
7479	2
7480	2
7481	2
7482	2
7483	2
7484	2
7485	2
7486	2
7487	2
7488	2
7489	2
7490	2
7491	2
7492	2
7493	2
7494	2
7495	2
7496	2
7497	2
7498	2
7499	2
7500	2
7501	2
7502	2
7503	2
7504	2
7505	2
7506	2
7507	2
7508	2
7509	2
7510	2
7511	2
7512	2
7513	2
7514	2
7515	2
7516	2
7517	2
7518	2
7519	2
7520	2
7521	2
7522	2
7523	2
7524	2
7525	2
7526	2
7527	2
7528	2
7529	2
7530	2
7531	2
7532	2
7533	2
7534	2
7535	2
7536	2
7537	2
7538	2
7539	2
7540	2
7541	2
7542	2
7543	2
7544	2
7545	2
7546	2
7547	2
7548	2
7549	2
7550	2
7551	2
7552	2
7553	2
7554	2
7555	2
7556	2
7557	2
7558	2
7559	2
7560	2
7561	2
7562	2
7563	2
7564	2
7565	2
7566	2
7567	2
7568	2
7569	2
7570	2
7571	2
7572	2
7573	2
7574	2
7575	2
7576	2
7577	2
7578	2
7579	2
7580	2
7581	2
7582	2
7583	2
7584	2
7585	2
7586	2
7587	2
7588	2
7589	2
7590	2
7591	2
7592	2
7593	2
7594	2
7595	2
7596	2
7597	2
7598	2
7599	2
7600	2
7601	2
7602	2
7603	2
7604	2
7605	2
7606	2
7607	2
7608	2
7609	2
7610	2
7611	2
7612	2
7613	2
7614	2
7615	2
7616	2
7617	2
7618	2
7619	2
7620	2
7621	2
7622	2
7623	2
7624	2
7625	2
7626	2
7627	2
7628	2
7629	2
7630	2
7631	2
7632	2
7633	2
7634	2
7635	2
7636	2
7637	2
7638	2
7639	2
7640	2
7641	2
7642	2
7643	2
7644	2
7645	2
7646	2
7647	2
7648	2
7649	2
7650	2
7651	2
7652	2
7653	2
7654	2
7655	2
7656	2
7657	2
7658	2
7659	2
7660	2
7661	2
7662	2
7663	2
7664	2
7665	2
7666	2
7667	2
7668	2
7669	2
7670	2
7671	2
7672	2
7673	2
7674	2
7675	2
7676	2
7677	2
7678	2
7679	2
7680	2
7681	2
7682	2
7683	2
7684	2
7685	2
7686	2
7687	2
7688	2
7689	2
7690	2
7691	2
7692	2
7693	2
7694	2
7695	2
7696	2
7697	2
7698	2
7699	2
7700	2
7701	2
7702	2
7703	2
7704	2
7705	2
7706	2
7707	2
7708	2
7709	2
7710	2
7711	2
7712	2
7713	2
7714	2
7715	2
7716	2
7717	2
7718	2
7719	2
7720	2
7721	2
7722	2
7723	2
7724	2
7725	2
7726	2
7727	2
7728	2
7729	2
7730	2
7731	2
7732	2
7733	2
7734	2
7735	2
7736	2
7737	2
7738	2
7739	2
7740	2
7741	2
7742	2
7743	2
7744	2
7745	2
7746	2
7747	2
7748	2
7749	2
7750	2
7751	2
7752	2
7753	2
7754	2
7755	2
7756	2
7757	2
7758	2
7759	2
7760	2
7761	2
7762	2
7763	2
7764	2
7765	2
7766	2
7767	2
7768	2
7769	2
7770	2
7771	2
7772	2
7773	2
7774	2
7775	2
7776	2
7777	2
7778	2
7779	2
7780	2
7781	2
7782	2
7783	2
7784	2
7785	2
7786	2
7787	2
7788	2
7789	2
7790	2
7791	2
7792	2
7793	2
7794	2
7795	2
7796	2
7797	2
7798	2
7799	2
7800	2
7801	2
7802	2
7803	2
7804	2
7805	2
7806	2
7807	2
7808	2
7809	2
7810	2
7811	2
7812	2
7813	2
7814	2
7815	2
7816	2
7817	2
7818	2
7819	2
7820	2
7821	2
7822	2
7823	2
7824	2
7825	2
7826	2
7827	2
7828	2
7829	2
7830	2
7831	2
7832	2
7833	2
7834	2
7835	2
7836	2
7837	2
7838	2
7839	2
7840	2
7841	2
7842	2
7843	2
7844	2
7845	2
7846	2
7847	2
7848	2
7849	2
7850	2
7851	2
7852	2
7853	2
7854	2
7855	2
7856	2
7857	2
7858	2
7859	2
7860	2
7861	2
7862	2
7863	2
7864	2
7865	2
7866	2
7867	2
7868	2
7869	2
7870	2
7871	2
7872	2
7873	2
7874	2
7875	2
7876	2
7877	2
7878	2
7879	2
7880	2
7881	2
7882	2
7883	2
7884	2
7885	2
7886	2
7887	2
7888	2
7889	2
7890	2
7891	2
7892	2
7893	2
7894	2
7895	2
7896	2
7897	2
7898	2
7899	2
7900	2
7901	2
7902	2
7903	2
7904	2
7905	2
7906	2
7907	2
7908	2
7909	2
7910	2
7911	2
7912	2
7913	2
7914	2
7915	2
7916	2
7917	2
7918	2
7919	2
7920	2
7921	2
7922	2
7923	2
7924	2
7925	2
7926	2
7927	2
7928	2
7929	2
7930	2
7931	2
7932	2
7933	2
7934	2
7935	2
7936	2
7937	2
7938	2
7939	2
7940	2
7941	2
7942	2
7943	2
7944	2
7945	2
7946	2
7947	2
7948	2
7949	2
7950	2
7951	2
7952	2
7953	2
7954	2
7955	2
7956	2
7957	2
7958	2
7959	2
7960	2
7961	2
7962	2
7963	2
7964	2
7965	2
7966	2
7967	2
7968	2
7969	2
7970	2
7971	2
7972	2
7973	2
7974	2
7975	2
7976	2
7977	2
7978	2
7979	2
7980	2
7981	2
7982	2
7983	2
7984	2
7985	2
7986	2
7987	2
7988	2
7989	2
7990	2
7991	2
7992	2
7993	2
7994	2
7995	2
7996	2
7997	2
7998	2
7999	2
8000	2
8001	2
8002	2
8003	2
8004	2
8005	2
8006	2
8007	2
8008	2
8009	2
8010	2
8011	2
8012	2
8013	2
8014	2
8015	2
8016	2
8017	2
8018	2
8019	2
8020	2
8021	2
8022	2
8023	2
8024	2
8025	2
8026	2
8027	2
8028	2
8029	2
8030	2
8031	2
8032	2
8033	2
8034	2
8035	2
8036	2
8037	2
8038	2
8039	2
8040	2
8041	2
8042	2
8043	2
8044	2
8045	2
8046	2
8047	2
8048	2
8049	2
8050	2
8051	2
8052	2
8053	2
8054	2
8055	2
8056	2
8057	2
8058	2
8059	2
8060	2
8061	2
8062	2
8063	2
8064	2
8065	2
8066	2
8067	2
8068	2
8069	2
8070	2
8071	2
8072	2
8073	2
8074	2
8075	2
8076	2
8077	2
8078	2
8079	2
8080	2
8081	2
8082	2
8083	2
8084	2
8085	2
8086	2
8087	2
8088	2
8089	2
8090	2
8091	2
8092	2
8093	2
8094	2
8095	2
8096	2
8097	2
8098	2
8099	2
8100	2
8101	2
8102	2
8103	2
8104	2
8105	2
8106	2
8107	2
8108	2
8109	2
8110	2
8111	2
8112	2
8113	2
8114	2
8115	2
8116	2
8117	2
8118	2
8119	2
8120	2
8121	2
8122	2
8123	2
8124	2
8125	2
8126	2
8127	2
8128	2
8129	2
8130	2
8131	2
8132	2
8133	2
8134	2
8135	2
8136	2
8137	2
8138	2
8139	2
8140	2
8141	2
8142	2
8143	2
8144	2
8145	2
8146	2
8147	2
8148	2
8149	2
8150	2
8151	2
8152	2
8153	2
8154	2
8155	2
8156	2
8157	2
8158	2
8159	2
8160	2
8161	2
8162	2
8163	2
8164	2
8165	2
8166	2
8167	2
8168	2
8169	2
8170	2
8171	2
8172	2
8173	2
8174	2
8175	2
8176	2
8177	2
8178	2
8179	2
8180	2
8181	2
8182	2
8183	2
8184	2
8185	2
8186	2
8187	2
8188	2
8189	2
8190	2
8191	2
8192	2
8193	2
8194	2
8195	2
8196	2
8197	2
8198	2
8199	2
8200	2
8201	2
8202	2
8203	2
8204	2
8205	2
8206	2
8207	2
8208	2
8209	2
8210	2
8211	2
8212	2
8213	2
8214	2
8215	2
8216	2
8217	2
8218	2
8219	2
8220	2
8221	2
8222	2
8223	2
8224	2
8225	2
8226	2
8227	2
8228	2
8229	2
8230	2
8231	2
8232	2
8233	2
8234	2
8235	2
8236	2
8237	2
8238	2
8239	2
8240	2
8241	2
8242	2
8243	2
8244	2
8245	2
8246	2
8247	2
8248	2
8249	2
8250	2
8251	2
8252	2
8253	2
8254	2
8255	2
8256	2
8257	2
8258	2
8259	2
8260	2
8261	2
8262	2
8263	2
8264	2
8265	2
8266	2
8267	2
8268	2
8269	3
8270	3
8271	3
8272	3
8273	3
8274	3
8275	3
8276	3
8277	3
8278	3
8279	3
8280	3
8281	3
8282	3
8283	3
8284	3
8285	3
8286	3
8287	3
8288	3
8289	3
8290	3
8291	3
8292	3
8293	3
8294	3
8295	3
8296	3
8297	3
8298	3
8299	3
8300	3
8301	3
8302	3
8303	3
8304	3
8305	3
8306	3
8307	3
8308	3
8309	3
8310	3
8311	3
8312	3
8313	3
8314	3
8315	3
8316	3
8317	3
8318	3
8319	3
8320	3
8321	3
8322	3
8323	3
8324	3
8325	3
8326	3
8327	3
8328	3
8329	3
8330	3
8331	3
8332	3
8333	3
8334	3
8335	3
8336	3
8337	3
8338	3
8339	3
8340	3
8341	3
8342	3
8343	3
8344	3
8345	3
8346	3
8347	3
8348	3
8349	3
8350	3
8351	3
8352	3
8353	3
8354	3
8355	3
8356	3
8357	3
8358	3
8359	3
8360	3
8361	3
8362	3
8363	3
8364	3
8365	3
8366	3
8367	3
8368	3
8369	3
8370	3
8371	3
8372	3
8373	3
8374	3
8375	3
8376	3
8377	3
8378	3
8379	3
8380	3
8381	3
8382	3
8383	3
8384	3
8385	3
8386	3
8387	3
8388	3
8389	3
8390	3
8391	3
8392	3
8393	3
8394	3
8395	3
8396	3
8397	3
8398	3
8399	3
8400	3
8401	3
8402	3
8403	3
8404	3
8405	3
8406	3
8407	3
8408	3
8409	3
8410	3
8411	3
8412	3
8413	3
8414	3
8415	3
8416	3
8417	3
8418	3
8419	3
8420	3
8421	4
8422	4
8423	4
8424	4
8425	4
8426	4
8427	4
8428	4
8429	4
8430	4
8431	4
8432	4
8433	4
8434	4
8435	4
8436	4
8437	4
8438	4
8439	4
8440	4
8441	4
8442	4
8443	4
8444	4
8445	4
8446	4
8447	4
8448	4
8449	4
8450	4
8451	4
8452	4
8453	4
8454	4
8455	4
8456	4
8457	4
8458	4
8459	4
8460	4
8461	4
8462	4
8463	4
8464	4
8465	4
8466	4
8467	4
8468	4
8469	4
8470	4
8471	4
8472	4
8473	4
8474	4
8475	4
8476	4
8477	4
8478	4
8479	4
8480	4
8481	4
8482	4
8483	4
8484	4
8485	4
8486	4
8487	4
8488	4
8489	4
8490	4
8491	4
8492	4
8493	4
8494	4
8495	4
8496	4
8497	4
8498	4
8499	4
8500	4
8501	4
8502	4
8503	4
8504	4
8505	4
8506	4
8507	4
8508	4
8509	4
8510	4
8511	4
8512	4
8513	4
8514	4
8515	4
8516	4
8517	4
8518	4
8519	4
8520	4
8521	4
8522	4
8523	4
8524	4
8525	4
8526	4
8527	4
8528	4
8529	4
8530	4
8531	4
8532	4
8533	4
8534	4
8535	4
8536	4
8537	4
8538	4
8539	4
8540	4
8541	4
8542	4
8543	4
8544	4
8545	4
8546	4
8547	4
8548	4
8549	4
8550	4
8551	4
8552	4
8553	4
8554	4
8555	4
8556	4
8557	4
8558	4
8559	4
8560	4
8561	4
8562	4
8563	4
8564	4
8565	4
8566	4
8567	4
8568	4
8569	4
8570	4
8571	4
8572	4
8573	4
8574	4
8575	4
8576	4
8577	4
8578	4
8579	4
8580	4
8581	4
8582	4
8583	4
8584	4
8585	4
8586	4
8587	4
8588	4
8589	4
8590	4
8591	4
8592	4
8593	4
8594	4
8595	4
8596	4
8597	4
8598	4
8599	4
8600	4
8601	4
8602	4
8603	4
8604	4
8605	4
8606	5
8607	5
8608	5
8609	5
8610	5
8611	5
8612	5
8613	5
8614	5
8615	5
8616	5
8617	5
8618	5
8619	5
8620	5
8621	5
8622	5
8623	5
8624	5
8625	5
8626	5
8627	5
8628	5
8629	5
8630	5
8631	5
8632	5
8633	5
8634	5
8635	5
8636	5
8637	5
8638	5
8639	5
8640	5
8641	5
8642	5
8643	5
8644	5
8645	5
8646	5
8647	5
8648	5
8649	5
8650	5
8651	5
8652	5
8653	5
8654	5
8655	5
8656	5
8657	5
8658	5
8659	5
8660	5
8661	5
8662	5
8663	5
8664	5
8665	5
8666	5
8667	5
8668	5
8669	5
8670	5
8671	5
8672	5
8673	5
8674	5
8675	5
8676	5
8677	5
8678	5
8679	5
8680	5
8681	5
8682	5
8683	5
8684	5
8685	5
8686	5
8687	5
8688	5
8689	5
8690	5
8691	5
8692	5
8693	5
8694	5
8695	5
8696	5
8697	5
8698	5
8699	5
8700	5
8701	5
8702	5
8703	5
8704	5
8705	5
8706	5
8707	5
8708	5
8709	5
8710	5
8711	5
8712	5
8713	5
8714	5
8715	5
8716	5
8717	5
8718	5
8719	5
8720	5
8721	5
8722	5
8723	5
8724	5
8725	5
8726	5
8727	5
8728	5
8729	5
8730	5
8731	5
8732	5
8733	5
8734	5
8735	5
8736	5
8737	5
8738	5
8739	5
8740	5
8741	5
8742	5
8743	5
8744	5
8745	5
8746	5
8747	5
8748	5
8749	5
8750	5
8751	5
8752	5
8753	5
8754	5
8755	5
8756	5
8757	5
8758	5
8759	5
8760	5
8761	5
8762	5
8763	5
8764	5
8765	5
8766	5
8767	5
8768	5
8769	5
8770	5
8771	5
8772	5
8773	5
8774	5
8775	5
8776	5
8777	5
8778	5
8779	5
8780	5
8781	5
8782	5
8783	5
8784	5
8785	5
8786	5
8787	5
8788	5
8789	5
8790	5
8791	5
8792	5
8793	5
8794	5
8795	5
8796	5
8797	5
8798	5
8799	5
8800	5
8801	5
8802	5
8803	5
8804	5
8805	5
8806	5
8807	5
8808	5
8809	5
8810	5
8811	5
8812	5
8813	5
8814	5
8815	5
8816	5
8817	5
8818	5
8819	5
8820	5
8821	5
8822	5
8823	5
8824	5
8825	5
8826	5
8827	5
8828	5
8829	5
8830	5
8831	5
8832	5
8833	5
8834	5
8835	5
8836	5
8837	5
8838	5
8839	5
8840	5
8841	5
8842	5
8843	5
8844	5
8845	5
8846	5
8847	5
8848	5
8849	5
8850	5
8851	5
8852	5
8853	5
8854	5
8855	5
8856	5
8857	5
8858	5
8859	5
8860	5
8861	5
8862	5
8863	5
8864	5
8865	5
8866	5
8867	5
8868	5
8869	5
8870	5
8871	5
8872	5
8873	5
8874	5
8875	5
8876	5
8877	5
8878	5
8879	5
8880	5
8881	5
8882	5
8883	5
8884	5
8885	5
8886	5
8887	5
8888	5
8889	5
8890	5
8891	5
8892	5
8893	5
8894	5
8895	5
8896	5
8897	5
8898	5
8899	5
8900	5
8901	5
8902	5
8903	5
8904	5
8905	5
8906	5
8907	5
8908	5
8909	5
8910	5
8911	5
8912	5
8913	5
8914	5
8915	5
8916	5
8917	5
8918	5
8919	5
8920	5
8921	5
8922	5
8923	5
8924	5
8925	5
8926	5
8927	5
8928	5
8929	5
8930	5
8931	5
8932	5
8933	5
8934	5
8935	5
8936	5
8937	5
8938	5
8939	5
8940	5
8941	5
8942	5
8943	5
8944	5
8945	5
8946	5
8947	5
8948	5
8949	5
8950	5
8951	5
8952	5
8953	5
8954	5
8955	5
8956	5
8957	5
8958	5
8959	5
8960	5
8961	5
8962	5
8963	5
8964	5
8965	5
8966	5
8967	5
8968	5
8969	5
8970	5
8971	5
8972	5
8973	5
8974	5
8975	5
8976	5
8977	5
8978	5
8979	5
8980	5
8981	5
8982	5
8983	5
8984	5
8985	5
8986	5
8987	5
8988	5
8989	5
8990	5
8991	5
8992	5
8993	5
8994	5
8995	5
8996	5
8997	5
8998	5
8999	5
9000	5
9001	5
9002	5
9003	5
9004	5
9005	5
9006	5
9007	5
9008	5
9009	5
9010	5
9011	5
9012	5
9013	5
9014	5
9015	5
9016	5
9017	5
9018	5
9019	5
9020	5
9021	5
9022	5
9023	5
9024	5
9025	5
9026	5
9027	5
9028	5
9029	5
9030	5
9031	5
9032	5
9033	5
9034	5
9035	5
9036	5
9037	5
9038	5
9039	5
9040	5
9041	5
9042	5
9043	5
9044	5
9045	5
9046	5
9047	5
9048	5
9049	5
9050	5
9051	5
9052	5
9053	5
9054	5
9055	5
9056	5
9057	5
9058	5
9059	5
9060	5
9061	5
9062	5
9063	5
9064	5
9065	5
9066	5
9067	5
9068	5
9069	5
9070	5
9071	5
9072	5
9073	5
9074	5
9075	5
9076	5
9077	5
9078	5
9079	5
9080	5
9081	5
9082	5
9083	5
9084	5
9085	5
9086	5
9087	5
9088	5
9089	5
9090	5
9091	5
9092	5
9093	5
9094	5
9095	5
9096	5
9097	5
9098	5
9099	5
9100	5
9101	5
9102	5
9103	5
9104	5
9105	5
9106	5
9107	5
9108	5
9109	5
9110	5
9111	5
9112	5
9113	5
9114	5
9115	5
9116	5
9117	5
9118	5
9119	5
9120	5
9121	5
9122	5
9123	5
9124	5
9125	5
9126	5
9127	5
9128	5
9129	5
9130	5
9131	5
9132	5
9133	5
9134	5
9135	5
9136	5
9137	5
9138	5
9139	5
9140	5
9141	5
9142	5
9143	5
9144	5
9145	5
9146	5
9147	5
9148	5
9149	5
9150	5
9151	5
9152	5
9153	5
9154	5
9155	5
9156	5
9157	5
9158	5
9159	5
9160	5
9161	5
9162	5
9163	5
9164	5
9165	5
9166	5
9167	5
9168	5
9169	5
9170	5
9171	5
9172	5
9173	5
9174	5
9175	5
9176	5
9177	5
9178	5
9179	5
9180	5
9181	5
9182	5
9183	5
9184	5
9185	5
9186	5
9187	5
9188	5
9189	5
9190	5
9191	5
9192	5
9193	5
9194	5
9195	5
9196	5
9197	5
9198	5
9199	5
9200	5
9201	5
9202	5
9203	5
9204	5
9205	5
9206	5
9207	5
9208	5
9209	5
9210	5
9211	5
9212	5
9213	5
9214	5
9215	5
9216	5
9217	5
9218	5
9219	5
9220	5
9221	5
9222	5
9223	5
9224	5
9225	5
9226	5
9227	5
9228	5
9229	5
9230	5
9231	5
9232	5
9233	5
9234	5
9235	5
9236	5
9237	5
9238	5
9239	5
9240	5
9241	5
9242	5
9243	5
9244	5
9245	5
9246	5
9247	5
9248	5
9249	5
9250	5
9251	5
9252	5
9253	5
9254	5
9255	5
9256	5
9257	5
9258	5
9259	5
9260	5
9261	5
9262	5
9263	5
9264	5
9265	5
9266	5
9267	5
9268	5
9269	5
9270	5
9271	5
9272	5
9273	5
9274	5
9275	5
9276	5
9277	5
9278	5
9279	5
9280	5
9281	5
9282	5
9283	5
9284	5
9285	5
9286	5
9287	5
9288	5
9289	5
9290	5
9291	5
9292	5
9293	5
9294	5
9295	5
9296	5
9297	5
9298	5
9299	5
9300	5
9301	5
9302	5
9303	5
9304	5
9305	5
9306	5
9307	5
9308	5
9309	5
9310	5
9311	5
9312	5
9313	5
9314	5
9315	5
9316	5
9317	5
9318	5
9319	5
9320	5
9321	5
9322	5
9323	5
9324	5
9325	5
9326	5
9327	5
9328	5
9329	5
9330	5
9331	5
9332	5
9333	5
9334	5
9335	5
9336	5
9337	5
9338	5
9339	5
9340	5
9341	5
9342	5
9343	5
9344	5
9345	5
9346	5
9347	5
9348	5
9349	5
9350	5
9351	5
9352	5
9353	5
9354	5
9355	5
9356	5
9357	5
9358	5
9359	5
9360	5
9361	5
9362	5
9363	5
9364	5
9365	5
9366	5
9367	5
9368	5
9369	5
9370	5
9371	5
9372	5
9373	5
9374	5
9375	5
9376	5
9377	5
9378	5
9379	5
9380	5
9381	5
9382	5
9383	5
9384	5
9385	5
9386	5
9387	5
9388	5
9389	5
9390	5
9391	5
9392	5
9393	5
9394	5
9395	5
9396	5
9397	5
9398	5
9399	5
9400	5
9401	5
9402	5
9403	5
9404	5
9405	5
9406	5
9407	5
9408	5
9409	5
9410	5
9411	5
9412	5
9413	5
9414	5
9415	5
9416	5
9417	5
9418	5
9419	5
9420	5
9421	5
9422	5
9423	5
9424	5
9425	5
9426	5
9427	5
9428	5
9429	5
9430	5
9431	5
9432	5
9433	5
9434	5
9435	5
9436	5
9437	5
9438	5
9439	5
9440	5
9441	5
9442	5
9443	5
9444	5
9445	5
9446	5
9447	5
9448	5
9449	5
9450	5
9451	5
9452	5
9453	5
9454	5
9455	5
9456	5
9457	5
9458	5
9459	5
9460	5
9461	5
9462	5
9463	5
9464	5
9465	5
9466	5
9467	5
9468	5
9469	5
9470	5
9471	5
9472	5
9473	5
9474	5
9475	5
9476	5
9477	5
9478	5
9479	5
9480	5
9481	5
9482	5
9483	5
9484	5
9485	5
9486	5
9487	5
9488	5
9489	5
9490	5
9491	5
9492	5
9493	5
9494	5
9495	5
9496	5
9497	5
9498	5
9499	5
9500	5
9501	5
9502	5
9503	5
9504	5
9505	5
9506	5
9507	5
9508	5
9509	5
9510	5
9511	5
9512	5
9513	5
9514	5
9515	5
9516	5
9517	5
9518	5
9519	5
9520	5
9521	5
9522	5
9523	5
9524	5
9525	5
9526	5
9527	5
9528	5
9529	5
9530	5
9531	5
9532	5
9533	5
9534	5
9535	5
9536	5
9537	5
9538	5
9539	5
9540	5
9541	5
9542	5
9543	5
9544	5
9545	5
9546	5
9547	5
9548	5
9549	5
9550	5
9551	5
9552	5
9553	5
9554	5
9555	5
9556	5
9557	5
9558	5
9559	5
9560	5
9561	5
9562	5
9563	5
9564	5
9565	5
9566	5
9567	5
9568	5
9569	5
9570	5
9571	5
9572	5
9573	5
9574	5
9575	5
9576	5
9577	5
9578	5
9579	5
9580	5
9581	5
9582	5
9583	5
9584	5
9585	5
9586	5
9587	5
9588	5
9589	5
9590	5
9591	5
9592	5
9593	5
9594	5
9595	5
9596	5
9597	5
9598	5
9599	5
9600	5
9601	5
9602	5
9603	5
9604	5
9605	5
9606	5
9607	5
9608	5
9609	5
9610	5
9611	5
9612	5
9613	5
9614	5
9615	5
9616	5
9617	5
9618	5
9619	5
9620	5
9621	5
9622	5
9623	5
9624	5
9625	5
9626	5
9627	5
9628	5
9629	5
9630	5
9631	5
9632	5
9633	5
9634	5
9635	5
9636	5
9637	5
9638	5
9639	5
9640	5
9641	5
9642	5
9643	5
9644	5
9645	5
9646	5
9647	5
9648	5
9649	5
9650	5
9651	5
9652	5
9653	5
9654	5
9655	5
9656	5
9657	5
9658	5
9659	5
9660	5
9661	5
9662	5
9663	5
9664	5
9665	5
9666	5
9667	5
9668	5
9669	5
9670	5
9671	5
9672	5
9673	5
9674	5
9675	5
9676	5
9677	5
9678	5
9679	5
9680	5
9681	5
9682	5
9683	5
9684	5
9685	5
9686	5
9687	5
9688	5
9689	5
9690	5
9691	5
9692	5
9693	5
9694	5
9695	5
9696	5
9697	5
9698	5
9699	5
9700	5
9701	5
9702	5
9703	5
9704	5
9705	5
9706	5
9707	5
9708	5
9709	5
9710	5
9711	5
9712	5
9713	5
9714	5
9715	5
9716	5
9717	5
9718	5
9719	5
9720	5
9721	5
9722	5
9723	5
9724	5
9725	5
9726	5
9727	5
9728	5
9729	5
9730	5
9731	5
9732	5
9733	5
9734	5
9735	5
9736	5
9737	5
9738	5
9739	5
9740	5
9741	5
9742	5
9743	5
9744	5
9745	5
9746	5
9747	5
9748	5
9749	5
9750	5
9751	5
9752	5
9753	5
9754	5
9755	5
9756	5
9757	5
9758	5
9759	5
9760	5
9761	5
9762	5
9763	5
9764	5
9765	5
9766	5
9767	5
9768	5
9769	5
9770	5
9771	5
9772	5
9773	5
9774	5
9775	5
9776	5
9777	5
9778	5
9779	5
9780	5
9781	5
9782	5
9783	5
9784	5
9785	5
9786	5
9787	5
9788	5
9789	5
9790	5
9791	5
9792	5
9793	5
9794	5
9795	5
9796	5
9797	5
9798	5
9799	5
9800	5
9801	5
9802	5
9803	5
9804	5
9805	5
9806	5
9807	5
9808	5
9809	5
9810	5
9811	5
9812	5
9813	5
9814	5
9815	5
9816	5
9817	5
9818	5
9819	5
9820	5
9821	5
9822	5
9823	5
9824	5
9825	5
9826	5
9827	5
9828	5
9829	5
9830	5
9831	5
9832	5
9833	5
9834	5
9835	5
9836	5
9837	5
9838	5
9839	5
9840	5
9841	5
9842	5
9843	5
9844	5
9845	5
9846	5
9847	5
9848	5
9849	5
9850	5
9851	5
9852	5
9853	5
9854	5
9855	5
9856	5
9857	5
9858	5
9859	5
9860	5
9861	5
9862	5
9863	5
9864	5
9865	5
9866	5
9867	5
9868	5
9869	5
9870	5
9871	5
9872	5
9873	5
9874	5
9875	5
9876	5
9877	5
9878	5
9879	5
9880	5
9881	5
9882	5
9883	5
9884	5
9885	5
9886	5
9887	5
9888	5
9889	5
9890	5
9891	5
9892	5
9893	5
9894	5
9895	5
9896	5
9897	5
9898	5
9899	5
9900	5
9901	5
9902	5
9903	5
9904	5
9905	5
9906	5
9907	5
9908	5
9909	5
9910	5
9911	5
9912	5
9913	5
9914	5
9915	5
9916	5
9917	5
9918	5
9919	5
9920	5
9921	5
9922	5
9923	5
9924	5
9925	5
9926	5
9927	5
9928	5
9929	5
9930	5
9931	5
9932	5
9933	5
9934	5
9935	5
9936	5
9937	5
9938	5
9939	5
9940	5
9941	5
9942	5
9943	5
9944	5
9945	5
9946	5
9947	5
9948	5
9949	5
9950	5
9951	5
9952	5
9953	5
9954	5
9955	5
9956	5
9957	5
9958	5
9959	5
9960	5
9961	5
9962	5
9963	5
9964	5
9965	5
9966	5
9967	5
9968	5
9969	5
9970	5
9971	5
9972	5
9973	5
9974	5
9975	5
9976	5
9977	6
9978	6
9979	6
9980	6
9981	6
9982	6
9983	6
9984	6
9985	6
9986	6
9987	6
9988	6
9989	6
9990	6
9991	6
9992	6
9993	6
9994	6
9995	6
9996	6
9997	6
9998	6
9999	6
10000	6
