#Clock	ItemsCollected
1	0
2	0
3	0
4	0
5	0
6	0
7	0
8	0
9	0
10	0
11	0
12	0
13	0
14	0
15	0
16	0
17	0
18	0
19	0
20	0
21	0
22	0
23	0
24	0
25	0
26	0
27	0
28	0
29	0
30	0
31	0
32	0
33	0
34	0
35	0
36	0
37	0
38	0
39	0
40	0
41	0
42	0
43	0
44	0
45	0
46	0
47	0
48	0
49	0
50	0
51	0
52	0
53	0
54	0
55	0
56	0
57	0
58	0
59	0
60	0
61	0
62	0
63	0
64	0
65	0
66	0
67	0
68	0
69	0
70	0
71	0
72	0
73	0
74	0
75	0
76	0
77	0
78	0
79	0
80	0
81	0
82	0
83	0
84	0
85	0
86	0
87	0
88	0
89	0
90	0
91	0
92	0
93	0
94	0
95	0
96	0
97	0
98	0
99	0
100	0
101	0
102	0
103	0
104	0
105	0
106	0
107	0
108	0
109	0
110	0
111	0
112	0
113	0
114	0
115	0
116	0
117	0
118	0
119	0
120	0
121	0
122	0
123	0
124	0
125	0
126	0
127	0
128	0
129	0
130	0
131	0
132	0
133	0
134	0
135	0
136	0
137	0
138	0
139	0
140	0
141	0
142	0
143	0
144	0
145	0
146	0
147	0
148	0
149	0
150	0
151	0
152	0
153	0
154	0
155	0
156	0
157	0
158	0
159	0
160	0
161	0
162	0
163	0
164	0
165	0
166	0
167	0
168	0
169	0
170	0
171	0
172	0
173	0
174	0
175	0
176	0
177	0
178	0
179	0
180	0
181	0
182	0
183	0
184	0
185	0
186	0
187	0
188	0
189	0
190	0
191	0
192	0
193	0
194	0
195	0
196	0
197	0
198	0
199	0
200	0
201	0
202	0
203	0
204	0
205	0
206	0
207	0
208	0
209	0
210	0
211	0
212	0
213	0
214	0
215	0
216	0
217	0
218	0
219	0
220	0
221	0
222	0
223	0
224	0
225	0
226	0
227	0
228	0
229	0
230	0
231	0
232	0
233	0
234	0
235	0
236	0
237	0
238	0
239	0
240	0
241	0
242	0
243	0
244	0
245	0
246	0
247	0
248	0
249	0
250	0
251	0
252	0
253	0
254	0
255	0
256	0
257	0
258	0
259	0
260	0
261	0
262	0
263	0
264	0
265	0
266	0
267	0
268	0
269	0
270	0
271	0
272	0
273	0
274	0
275	0
276	0
277	0
278	0
279	0
280	0
281	0
282	0
283	0
284	0
285	0
286	0
287	0
288	0
289	0
290	0
291	0
292	0
293	0
294	0
295	0
296	0
297	0
298	0
299	0
300	0
301	0
302	0
303	0
304	0
305	0
306	0
307	0
308	0
309	0
310	0
311	0
312	0
313	0
314	0
315	0
316	0
317	0
318	0
319	0
320	0
321	0
322	0
323	0
324	0
325	0
326	0
327	0
328	0
329	0
330	0
331	0
332	0
333	0
334	0
335	0
336	0
337	0
338	0
339	0
340	0
341	0
342	0
343	0
344	0
345	0
346	0
347	0
348	0
349	0
350	0
351	0
352	0
353	0
354	0
355	0
356	0
357	0
358	0
359	0
360	0
361	0
362	0
363	0
364	0
365	0
366	0
367	0
368	0
369	0
370	0
371	0
372	0
373	0
374	0
375	0
376	0
377	0
378	0
379	0
380	0
381	0
382	0
383	0
384	0
385	0
386	0
387	0
388	0
389	0
390	0
391	0
392	0
393	0
394	0
395	0
396	0
397	0
398	0
399	0
400	0
401	0
402	0
403	0
404	0
405	0
406	0
407	0
408	0
409	0
410	0
411	0
412	0
413	0
414	0
415	0
416	0
417	0
418	0
419	0
420	0
421	0
422	0
423	0
424	0
425	0
426	0
427	0
428	0
429	0
430	0
431	0
432	0
433	0
434	0
435	0
436	0
437	0
438	0
439	0
440	0
441	0
442	0
443	0
444	0
445	0
446	0
447	0
448	0
449	0
450	0
451	0
452	0
453	0
454	0
455	0
456	0
457	0
458	0
459	0
460	0
461	0
462	0
463	0
464	0
465	0
466	0
467	0
468	0
469	0
470	0
471	0
472	0
473	0
474	0
475	0
476	0
477	0
478	0
479	0
480	0
481	0
482	0
483	0
484	0
485	0
486	0
487	0
488	0
489	0
490	0
491	0
492	0
493	0
494	0
495	0
496	0
497	0
498	0
499	0
500	0
501	0
502	0
503	0
504	0
505	0
506	0
507	0
508	0
509	0
510	0
511	0
512	0
513	0
514	0
515	0
516	0
517	0
518	0
519	0
520	0
521	0
522	0
523	0
524	0
525	0
526	0
527	0
528	0
529	0
530	0
531	0
532	0
533	0
534	0
535	0
536	0
537	0
538	0
539	0
540	0
541	0
542	0
543	0
544	0
545	0
546	0
547	0
548	0
549	0
550	0
551	0
552	0
553	0
554	0
555	0
556	0
557	0
558	0
559	0
560	0
561	0
562	0
563	0
564	0
565	0
566	0
567	0
568	0
569	0
570	0
571	0
572	0
573	0
574	0
575	0
576	0
577	0
578	0
579	0
580	0
581	0
582	0
583	0
584	0
585	0
586	0
587	0
588	0
589	0
590	0
591	0
592	0
593	0
594	0
595	0
596	0
597	0
598	0
599	0
600	0
601	0
602	0
603	0
604	0
605	0
606	0
607	0
608	0
609	0
610	0
611	0
612	0
613	0
614	0
615	0
616	0
617	0
618	0
619	0
620	0
621	0
622	0
623	0
624	0
625	0
626	0
627	0
628	0
629	0
630	0
631	0
632	0
633	0
634	0
635	0
636	0
637	0
638	0
639	0
640	0
641	0
642	0
643	0
644	0
645	0
646	0
647	0
648	0
649	0
650	0
651	0
652	0
653	0
654	0
655	0
656	0
657	0
658	0
659	0
660	0
661	0
662	0
663	0
664	0
665	0
666	0
667	0
668	0
669	0
670	0
671	0
672	0
673	0
674	0
675	0
676	0
677	0
678	0
679	0
680	0
681	0
682	0
683	0
684	0
685	0
686	0
687	0
688	0
689	0
690	0
691	0
692	0
693	0
694	0
695	0
696	0
697	0
698	0
699	0
700	0
701	0
702	0
703	0
704	0
705	0
706	0
707	0
708	0
709	0
710	0
711	0
712	0
713	0
714	0
715	0
716	0
717	0
718	0
719	0
720	0
721	0
722	0
723	0
724	0
725	0
726	0
727	0
728	0
729	0
730	0
731	0
732	0
733	0
734	0
735	0
736	0
737	0
738	0
739	0
740	0
741	0
742	0
743	0
744	0
745	0
746	0
747	0
748	0
749	0
750	0
751	0
752	0
753	0
754	0
755	0
756	0
757	0
758	0
759	0
760	0
761	0
762	0
763	0
764	0
765	0
766	0
767	0
768	0
769	0
770	0
771	0
772	0
773	0
774	0
775	0
776	0
777	0
778	0
779	0
780	0
781	0
782	0
783	0
784	0
785	0
786	0
787	0
788	0
789	0
790	0
791	0
792	0
793	0
794	0
795	0
796	0
797	0
798	0
799	0
800	0
801	0
802	0
803	0
804	0
805	0
806	0
807	0
808	0
809	0
810	0
811	0
812	0
813	0
814	0
815	0
816	0
817	0
818	0
819	0
820	0
821	0
822	0
823	0
824	0
825	0
826	0
827	0
828	0
829	0
830	0
831	0
832	0
833	0
834	0
835	0
836	0
837	0
838	0
839	0
840	0
841	0
842	0
843	0
844	0
845	0
846	0
847	0
848	0
849	0
850	0
851	0
852	0
853	0
854	0
855	0
856	0
857	0
858	0
859	0
860	0
861	0
862	0
863	0
864	0
865	0
866	0
867	0
868	0
869	0
870	0
871	0
872	0
873	0
874	0
875	0
876	0
877	0
878	0
879	0
880	0
881	0
882	0
883	0
884	0
885	0
886	0
887	0
888	0
889	0
890	0
891	0
892	0
893	0
894	0
895	0
896	0
897	0
898	0
899	0
900	0
901	0
902	0
903	0
904	0
905	0
906	0
907	0
908	0
909	0
910	0
911	0
912	0
913	0
914	0
915	0
916	0
917	0
918	0
919	0
920	0
921	0
922	0
923	0
924	0
925	0
926	0
927	0
928	0
929	0
930	0
931	0
932	0
933	0
934	0
935	0
936	0
937	0
938	0
939	0
940	0
941	0
942	0
943	0
944	0
945	0
946	0
947	0
948	0
949	0
950	0
951	0
952	0
953	0
954	0
955	0
956	0
957	0
958	0
959	0
960	0
961	0
962	0
963	0
964	0
965	0
966	0
967	0
968	0
969	0
970	0
971	0
972	0
973	0
974	0
975	0
976	0
977	0
978	0
979	0
980	0
981	0
982	0
983	0
984	0
985	0
986	0
987	0
988	0
989	0
990	0
991	0
992	0
993	0
994	0
995	0
996	0
997	0
998	0
999	0
1000	0
1001	0
1002	0
1003	0
1004	0
1005	0
1006	0
1007	0
1008	0
1009	0
1010	0
1011	0
1012	0
1013	0
1014	0
1015	0
1016	0
1017	0
1018	0
1019	0
1020	0
1021	0
1022	0
1023	0
1024	0
1025	0
1026	0
1027	0
1028	0
1029	0
1030	0
1031	0
1032	0
1033	0
1034	0
1035	0
1036	0
1037	0
1038	0
1039	0
1040	0
1041	0
1042	0
1043	0
1044	0
1045	0
1046	0
1047	0
1048	0
1049	0
1050	0
1051	0
1052	0
1053	0
1054	0
1055	0
1056	0
1057	0
1058	0
1059	0
1060	0
1061	0
1062	0
1063	0
1064	0
1065	0
1066	0
1067	0
1068	0
1069	0
1070	0
1071	0
1072	0
1073	0
1074	0
1075	0
1076	0
1077	0
1078	0
1079	0
1080	0
1081	0
1082	0
1083	0
1084	0
1085	0
1086	0
1087	0
1088	0
1089	0
1090	0
1091	0
1092	0
1093	0
1094	0
1095	0
1096	0
1097	0
1098	0
1099	0
1100	0
1101	0
1102	0
1103	0
1104	0
1105	0
1106	0
1107	0
1108	0
1109	0
1110	0
1111	0
1112	0
1113	0
1114	0
1115	0
1116	0
1117	0
1118	0
1119	0
1120	0
1121	0
1122	0
1123	0
1124	0
1125	0
1126	0
1127	0
1128	0
1129	0
1130	0
1131	0
1132	0
1133	0
1134	0
1135	0
1136	0
1137	0
1138	0
1139	0
1140	0
1141	0
1142	0
1143	0
1144	0
1145	0
1146	0
1147	0
1148	0
1149	0
1150	0
1151	0
1152	0
1153	0
1154	0
1155	0
1156	0
1157	0
1158	0
1159	0
1160	0
1161	0
1162	0
1163	0
1164	0
1165	0
1166	0
1167	0
1168	0
1169	0
1170	0
1171	0
1172	0
1173	0
1174	0
1175	0
1176	0
1177	0
1178	0
1179	0
1180	0
1181	0
1182	0
1183	0
1184	0
1185	0
1186	0
1187	0
1188	0
1189	0
1190	0
1191	0
1192	0
1193	0
1194	0
1195	0
1196	0
1197	0
1198	0
1199	0
1200	0
1201	0
1202	0
1203	0
1204	0
1205	0
1206	0
1207	0
1208	0
1209	0
1210	0
1211	0
1212	0
1213	0
1214	0
1215	0
1216	0
1217	0
1218	0
1219	0
1220	0
1221	0
1222	0
1223	0
1224	0
1225	0
1226	0
1227	0
1228	0
1229	0
1230	0
1231	0
1232	0
1233	0
1234	0
1235	0
1236	0
1237	0
1238	0
1239	0
1240	0
1241	0
1242	0
1243	0
1244	0
1245	0
1246	0
1247	0
1248	0
1249	0
1250	0
1251	0
1252	0
1253	0
1254	0
1255	0
1256	0
1257	0
1258	0
1259	0
1260	0
1261	0
1262	0
1263	0
1264	0
1265	0
1266	0
1267	0
1268	0
1269	0
1270	0
1271	0
1272	0
1273	0
1274	0
1275	0
1276	0
1277	0
1278	0
1279	0
1280	0
1281	0
1282	0
1283	0
1284	0
1285	0
1286	0
1287	0
1288	0
1289	0
1290	0
1291	0
1292	0
1293	0
1294	0
1295	0
1296	0
1297	0
1298	0
1299	0
1300	0
1301	0
1302	0
1303	0
1304	0
1305	0
1306	0
1307	0
1308	0
1309	0
1310	0
1311	0
1312	0
1313	0
1314	0
1315	0
1316	0
1317	0
1318	0
1319	0
1320	0
1321	0
1322	0
1323	0
1324	0
1325	0
1326	0
1327	0
1328	0
1329	0
1330	0
1331	0
1332	0
1333	0
1334	0
1335	0
1336	0
1337	0
1338	0
1339	0
1340	0
1341	0
1342	0
1343	0
1344	0
1345	0
1346	0
1347	0
1348	0
1349	0
1350	0
1351	0
1352	0
1353	0
1354	0
1355	0
1356	0
1357	0
1358	0
1359	0
1360	0
1361	0
1362	0
1363	0
1364	0
1365	0
1366	0
1367	0
1368	0
1369	0
1370	0
1371	0
1372	0
1373	0
1374	0
1375	0
1376	0
1377	0
1378	0
1379	0
1380	0
1381	0
1382	0
1383	0
1384	0
1385	0
1386	0
1387	0
1388	0
1389	0
1390	0
1391	0
1392	0
1393	0
1394	0
1395	0
1396	0
1397	0
1398	0
1399	0
1400	0
1401	0
1402	0
1403	0
1404	0
1405	0
1406	0
1407	0
1408	0
1409	0
1410	0
1411	0
1412	0
1413	0
1414	0
1415	0
1416	0
1417	0
1418	0
1419	0
1420	0
1421	0
1422	0
1423	0
1424	0
1425	0
1426	0
1427	0
1428	0
1429	0
1430	0
1431	0
1432	0
1433	0
1434	0
1435	0
1436	0
1437	0
1438	0
1439	0
1440	0
1441	0
1442	0
1443	0
1444	0
1445	0
1446	0
1447	0
1448	0
1449	0
1450	0
1451	0
1452	0
1453	0
1454	0
1455	0
1456	0
1457	0
1458	0
1459	0
1460	0
1461	0
1462	0
1463	0
1464	0
1465	0
1466	0
1467	0
1468	0
1469	0
1470	0
1471	0
1472	0
1473	0
1474	0
1475	0
1476	0
1477	0
1478	0
1479	0
1480	0
1481	0
1482	0
1483	0
1484	0
1485	0
1486	0
1487	0
1488	0
1489	0
1490	0
1491	0
1492	0
1493	0
1494	0
1495	0
1496	0
1497	0
1498	0
1499	0
1500	0
1501	0
1502	0
1503	0
1504	0
1505	0
1506	0
1507	0
1508	0
1509	0
1510	0
1511	0
1512	0
1513	0
1514	0
1515	0
1516	0
1517	0
1518	0
1519	0
1520	0
1521	0
1522	0
1523	0
1524	0
1525	0
1526	0
1527	0
1528	0
1529	0
1530	0
1531	0
1532	0
1533	0
1534	0
1535	0
1536	0
1537	0
1538	0
1539	0
1540	0
1541	0
1542	0
1543	0
1544	0
1545	0
1546	0
1547	0
1548	0
1549	0
1550	0
1551	0
1552	0
1553	0
1554	0
1555	0
1556	0
1557	0
1558	0
1559	0
1560	0
1561	0
1562	0
1563	0
1564	0
1565	0
1566	0
1567	0
1568	0
1569	0
1570	0
1571	0
1572	0
1573	0
1574	0
1575	0
1576	0
1577	0
1578	0
1579	0
1580	0
1581	0
1582	0
1583	0
1584	0
1585	0
1586	0
1587	0
1588	0
1589	0
1590	0
1591	0
1592	0
1593	0
1594	0
1595	0
1596	0
1597	0
1598	0
1599	0
1600	0
1601	0
1602	0
1603	0
1604	0
1605	0
1606	0
1607	0
1608	0
1609	0
1610	0
1611	0
1612	0
1613	0
1614	0
1615	0
1616	0
1617	0
1618	0
1619	0
1620	0
1621	0
1622	0
1623	0
1624	0
1625	0
1626	0
1627	0
1628	0
1629	0
1630	0
1631	0
1632	0
1633	0
1634	0
1635	0
1636	0
1637	0
1638	0
1639	0
1640	0
1641	0
1642	0
1643	0
1644	0
1645	0
1646	0
1647	0
1648	0
1649	0
1650	0
1651	0
1652	0
1653	0
1654	0
1655	0
1656	0
1657	0
1658	0
1659	0
1660	0
1661	0
1662	0
1663	0
1664	0
1665	0
1666	0
1667	0
1668	0
1669	0
1670	0
1671	0
1672	0
1673	0
1674	0
1675	0
1676	0
1677	0
1678	0
1679	0
1680	0
1681	0
1682	0
1683	0
1684	0
1685	0
1686	0
1687	0
1688	0
1689	0
1690	0
1691	0
1692	0
1693	0
1694	0
1695	0
1696	0
1697	0
1698	0
1699	0
1700	0
1701	0
1702	0
1703	0
1704	0
1705	0
1706	0
1707	0
1708	0
1709	0
1710	0
1711	0
1712	0
1713	0
1714	0
1715	0
1716	0
1717	0
1718	0
1719	0
1720	0
1721	0
1722	0
1723	0
1724	0
1725	0
1726	0
1727	0
1728	0
1729	0
1730	0
1731	0
1732	0
1733	0
1734	0
1735	0
1736	0
1737	0
1738	0
1739	0
1740	0
1741	0
1742	0
1743	0
1744	0
1745	0
1746	0
1747	0
1748	0
1749	0
1750	0
1751	0
1752	0
1753	0
1754	0
1755	0
1756	0
1757	0
1758	0
1759	0
1760	0
1761	0
1762	0
1763	0
1764	0
1765	0
1766	0
1767	0
1768	0
1769	0
1770	0
1771	0
1772	0
1773	0
1774	0
1775	0
1776	0
1777	0
1778	0
1779	0
1780	0
1781	0
1782	0
1783	0
1784	0
1785	0
1786	0
1787	0
1788	0
1789	0
1790	0
1791	0
1792	0
1793	0
1794	0
1795	0
1796	0
1797	0
1798	0
1799	0
1800	0
1801	0
1802	0
1803	0
1804	0
1805	0
1806	0
1807	0
1808	0
1809	0
1810	0
1811	0
1812	0
1813	0
1814	0
1815	0
1816	0
1817	0
1818	0
1819	0
1820	0
1821	0
1822	0
1823	0
1824	0
1825	0
1826	0
1827	0
1828	0
1829	0
1830	0
1831	0
1832	0
1833	0
1834	0
1835	0
1836	0
1837	0
1838	0
1839	0
1840	0
1841	0
1842	0
1843	0
1844	0
1845	0
1846	0
1847	0
1848	0
1849	0
1850	0
1851	0
1852	0
1853	0
1854	0
1855	0
1856	0
1857	0
1858	0
1859	0
1860	0
1861	0
1862	0
1863	0
1864	0
1865	0
1866	0
1867	0
1868	0
1869	0
1870	0
1871	0
1872	0
1873	0
1874	0
1875	0
1876	0
1877	0
1878	0
1879	0
1880	0
1881	0
1882	0
1883	0
1884	0
1885	0
1886	0
1887	0
1888	0
1889	0
1890	0
1891	0
1892	0
1893	0
1894	0
1895	0
1896	0
1897	0
1898	0
1899	0
1900	0
1901	0
1902	0
1903	0
1904	0
1905	0
1906	0
1907	0
1908	0
1909	0
1910	0
1911	0
1912	0
1913	0
1914	0
1915	0
1916	0
1917	0
1918	0
1919	0
1920	0
1921	0
1922	0
1923	0
1924	0
1925	0
1926	0
1927	0
1928	0
1929	0
1930	0
1931	0
1932	0
1933	0
1934	0
1935	0
1936	0
1937	0
1938	0
1939	0
1940	0
1941	0
1942	0
1943	0
1944	0
1945	0
1946	0
1947	0
1948	0
1949	0
1950	0
1951	0
1952	0
1953	0
1954	0
1955	0
1956	0
1957	0
1958	0
1959	0
1960	0
1961	0
1962	0
1963	0
1964	0
1965	0
1966	0
1967	0
1968	0
1969	0
1970	0
1971	0
1972	0
1973	0
1974	0
1975	0
1976	0
1977	0
1978	0
1979	0
1980	0
1981	0
1982	0
1983	0
1984	0
1985	0
1986	0
1987	0
1988	0
1989	0
1990	0
1991	0
1992	0
1993	0
1994	0
1995	0
1996	0
1997	0
1998	0
1999	0
2000	0
2001	0
2002	0
2003	0
2004	0
2005	0
2006	0
2007	0
2008	0
2009	0
2010	0
2011	0
2012	0
2013	0
2014	0
2015	0
2016	0
2017	0
2018	0
2019	0
2020	0
2021	0
2022	0
2023	0
2024	0
2025	0
2026	0
2027	0
2028	0
2029	0
2030	0
2031	0
2032	0
2033	0
2034	0
2035	0
2036	0
2037	0
2038	0
2039	0
2040	0
2041	0
2042	0
2043	0
2044	0
2045	0
2046	0
2047	0
2048	0
2049	0
2050	0
2051	0
2052	0
2053	0
2054	0
2055	0
2056	0
2057	0
2058	0
2059	0
2060	0
2061	0
2062	0
2063	0
2064	0
2065	0
2066	0
2067	0
2068	0
2069	0
2070	0
2071	0
2072	0
2073	0
2074	0
2075	0
2076	0
2077	0
2078	0
2079	0
2080	0
2081	0
2082	0
2083	0
2084	0
2085	0
2086	0
2087	0
2088	0
2089	0
2090	0
2091	0
2092	0
2093	0
2094	0
2095	0
2096	0
2097	0
2098	0
2099	0
2100	0
2101	0
2102	0
2103	0
2104	0
2105	0
2106	0
2107	0
2108	0
2109	0
2110	0
2111	0
2112	0
2113	0
2114	0
2115	0
2116	0
2117	0
2118	0
2119	0
2120	0
2121	0
2122	0
2123	0
2124	0
2125	0
2126	0
2127	0
2128	0
2129	0
2130	0
2131	0
2132	0
2133	0
2134	0
2135	0
2136	0
2137	0
2138	0
2139	0
2140	0
2141	0
2142	0
2143	0
2144	0
2145	0
2146	0
2147	0
2148	0
2149	0
2150	0
2151	0
2152	0
2153	0
2154	0
2155	0
2156	0
2157	0
2158	0
2159	0
2160	0
2161	0
2162	0
2163	0
2164	0
2165	0
2166	0
2167	0
2168	0
2169	0
2170	0
2171	0
2172	0
2173	0
2174	0
2175	0
2176	0
2177	0
2178	0
2179	0
2180	0
2181	0
2182	0
2183	0
2184	0
2185	0
2186	0
2187	0
2188	0
2189	0
2190	0
2191	0
2192	0
2193	0
2194	0
2195	0
2196	0
2197	0
2198	0
2199	0
2200	0
2201	0
2202	0
2203	0
2204	0
2205	0
2206	0
2207	0
2208	0
2209	0
2210	0
2211	0
2212	0
2213	0
2214	0
2215	0
2216	0
2217	0
2218	0
2219	0
2220	0
2221	0
2222	0
2223	0
2224	0
2225	0
2226	0
2227	0
2228	0
2229	0
2230	0
2231	0
2232	0
2233	0
2234	0
2235	0
2236	0
2237	0
2238	0
2239	0
2240	0
2241	0
2242	0
2243	0
2244	0
2245	0
2246	0
2247	0
2248	0
2249	0
2250	0
2251	0
2252	0
2253	0
2254	0
2255	0
2256	0
2257	0
2258	0
2259	0
2260	0
2261	0
2262	0
2263	0
2264	0
2265	0
2266	0
2267	0
2268	0
2269	0
2270	0
2271	0
2272	0
2273	0
2274	0
2275	0
2276	0
2277	0
2278	0
2279	0
2280	0
2281	0
2282	0
2283	0
2284	0
2285	0
2286	0
2287	0
2288	0
2289	0
2290	0
2291	0
2292	0
2293	0
2294	0
2295	0
2296	0
2297	0
2298	0
2299	0
2300	0
2301	0
2302	0
2303	0
2304	0
2305	0
2306	0
2307	0
2308	0
2309	0
2310	0
2311	0
2312	0
2313	0
2314	0
2315	0
2316	0
2317	0
2318	0
2319	0
2320	0
2321	0
2322	0
2323	0
2324	0
2325	0
2326	0
2327	0
2328	0
2329	0
2330	0
2331	0
2332	0
2333	0
2334	0
2335	0
2336	0
2337	0
2338	0
2339	0
2340	0
2341	0
2342	0
2343	0
2344	0
2345	0
2346	0
2347	0
2348	0
2349	0
2350	0
2351	0
2352	0
2353	0
2354	0
2355	0
2356	0
2357	0
2358	0
2359	0
2360	0
2361	0
2362	0
2363	0
2364	0
2365	0
2366	0
2367	0
2368	0
2369	0
2370	0
2371	0
2372	0
2373	0
2374	0
2375	0
2376	0
2377	0
2378	0
2379	0
2380	0
2381	0
2382	0
2383	0
2384	0
2385	0
2386	0
2387	0
2388	0
2389	0
2390	0
2391	0
2392	0
2393	0
2394	0
2395	0
2396	0
2397	0
2398	0
2399	0
2400	0
2401	0
2402	0
2403	0
2404	0
2405	0
2406	0
2407	0
2408	0
2409	0
2410	0
2411	0
2412	0
2413	0
2414	0
2415	0
2416	0
2417	0
2418	0
2419	0
2420	0
2421	0
2422	0
2423	0
2424	0
2425	0
2426	0
2427	0
2428	0
2429	0
2430	0
2431	0
2432	0
2433	0
2434	0
2435	0
2436	0
2437	0
2438	0
2439	0
2440	0
2441	0
2442	0
2443	0
2444	0
2445	0
2446	0
2447	0
2448	0
2449	0
2450	0
2451	0
2452	0
2453	0
2454	0
2455	0
2456	0
2457	0
2458	0
2459	0
2460	0
2461	0
2462	0
2463	0
2464	0
2465	0
2466	0
2467	0
2468	0
2469	0
2470	0
2471	0
2472	0
2473	0
2474	0
2475	0
2476	0
2477	0
2478	0
2479	0
2480	0
2481	0
2482	0
2483	0
2484	0
2485	0
2486	0
2487	0
2488	0
2489	0
2490	0
2491	0
2492	0
2493	0
2494	0
2495	0
2496	0
2497	0
2498	0
2499	0
2500	0
2501	0
2502	0
2503	0
2504	0
2505	0
2506	0
2507	0
2508	0
2509	0
2510	0
2511	0
2512	0
2513	0
2514	0
2515	0
2516	0
2517	0
2518	0
2519	0
2520	0
2521	0
2522	0
2523	0
2524	0
2525	0
2526	0
2527	0
2528	0
2529	0
2530	0
2531	0
2532	0
2533	0
2534	0
2535	0
2536	0
2537	0
2538	0
2539	0
2540	0
2541	0
2542	0
2543	0
2544	0
2545	0
2546	0
2547	0
2548	0
2549	0
2550	0
2551	0
2552	0
2553	0
2554	0
2555	0
2556	0
2557	0
2558	0
2559	0
2560	0
2561	0
2562	0
2563	0
2564	0
2565	0
2566	0
2567	0
2568	0
2569	0
2570	0
2571	0
2572	0
2573	0
2574	0
2575	0
2576	0
2577	0
2578	0
2579	0
2580	0
2581	0
2582	0
2583	0
2584	0
2585	0
2586	0
2587	0
2588	0
2589	0
2590	0
2591	0
2592	0
2593	0
2594	0
2595	0
2596	0
2597	0
2598	0
2599	0
2600	0
2601	0
2602	0
2603	0
2604	0
2605	0
2606	0
2607	0
2608	0
2609	0
2610	0
2611	0
2612	0
2613	0
2614	0
2615	0
2616	0
2617	0
2618	0
2619	0
2620	0
2621	0
2622	0
2623	0
2624	0
2625	0
2626	0
2627	0
2628	0
2629	0
2630	0
2631	0
2632	0
2633	0
2634	0
2635	0
2636	0
2637	0
2638	0
2639	0
2640	0
2641	0
2642	0
2643	0
2644	0
2645	0
2646	0
2647	0
2648	0
2649	0
2650	0
2651	0
2652	0
2653	0
2654	0
2655	0
2656	0
2657	0
2658	0
2659	0
2660	0
2661	0
2662	0
2663	0
2664	0
2665	0
2666	0
2667	0
2668	0
2669	0
2670	0
2671	0
2672	0
2673	0
2674	0
2675	0
2676	0
2677	0
2678	0
2679	0
2680	0
2681	0
2682	0
2683	0
2684	0
2685	0
2686	0
2687	0
2688	0
2689	0
2690	0
2691	0
2692	0
2693	0
2694	0
2695	0
2696	0
2697	0
2698	0
2699	0
2700	0
2701	0
2702	0
2703	0
2704	0
2705	0
2706	0
2707	0
2708	0
2709	0
2710	0
2711	0
2712	0
2713	0
2714	0
2715	0
2716	0
2717	0
2718	0
2719	0
2720	0
2721	0
2722	0
2723	0
2724	0
2725	0
2726	0
2727	0
2728	0
2729	0
2730	0
2731	0
2732	0
2733	0
2734	0
2735	0
2736	0
2737	0
2738	0
2739	0
2740	0
2741	0
2742	0
2743	0
2744	0
2745	0
2746	0
2747	0
2748	0
2749	0
2750	0
2751	0
2752	0
2753	0
2754	0
2755	0
2756	0
2757	0
2758	0
2759	0
2760	0
2761	0
2762	0
2763	0
2764	0
2765	0
2766	0
2767	0
2768	0
2769	0
2770	0
2771	0
2772	0
2773	0
2774	0
2775	0
2776	0
2777	0
2778	0
2779	0
2780	0
2781	0
2782	0
2783	0
2784	0
2785	0
2786	0
2787	0
2788	0
2789	0
2790	0
2791	0
2792	0
2793	0
2794	0
2795	0
2796	0
2797	0
2798	0
2799	0
2800	0
2801	0
2802	0
2803	0
2804	0
2805	0
2806	0
2807	0
2808	0
2809	0
2810	0
2811	0
2812	0
2813	0
2814	0
2815	0
2816	0
2817	0
2818	0
2819	0
2820	0
2821	0
2822	0
2823	0
2824	0
2825	0
2826	0
2827	0
2828	0
2829	0
2830	0
2831	0
2832	0
2833	0
2834	0
2835	0
2836	0
2837	0
2838	0
2839	0
2840	0
2841	0
2842	0
2843	0
2844	0
2845	0
2846	0
2847	0
2848	0
2849	0
2850	0
2851	0
2852	0
2853	0
2854	0
2855	0
2856	0
2857	0
2858	0
2859	0
2860	0
2861	0
2862	0
2863	0
2864	0
2865	0
2866	0
2867	0
2868	0
2869	0
2870	0
2871	0
2872	0
2873	0
2874	0
2875	0
2876	0
2877	0
2878	0
2879	0
2880	0
2881	0
2882	0
2883	0
2884	0
2885	0
2886	0
2887	0
2888	0
2889	0
2890	0
2891	0
2892	0
2893	0
2894	0
2895	0
2896	0
2897	0
2898	0
2899	0
2900	0
2901	0
2902	0
2903	0
2904	0
2905	0
2906	0
2907	0
2908	0
2909	0
2910	0
2911	0
2912	0
2913	0
2914	0
2915	0
2916	0
2917	0
2918	0
2919	0
2920	0
2921	0
2922	0
2923	0
2924	0
2925	0
2926	0
2927	0
2928	0
2929	0
2930	0
2931	0
2932	0
2933	0
2934	0
2935	0
2936	0
2937	0
2938	0
2939	0
2940	0
2941	0
2942	0
2943	0
2944	0
2945	0
2946	0
2947	0
2948	0
2949	0
2950	0
2951	0
2952	0
2953	0
2954	0
2955	0
2956	0
2957	0
2958	0
2959	0
2960	0
2961	0
2962	0
2963	0
2964	0
2965	0
2966	0
2967	0
2968	0
2969	0
2970	0
2971	0
2972	0
2973	0
2974	0
2975	0
2976	0
2977	0
2978	0
2979	0
2980	0
2981	0
2982	0
2983	0
2984	0
2985	0
2986	0
2987	0
2988	0
2989	0
2990	0
2991	0
2992	0
2993	0
2994	0
2995	0
2996	0
2997	0
2998	0
2999	0
3000	0
3001	0
3002	0
3003	0
3004	0
3005	0
3006	0
3007	0
3008	0
3009	0
3010	0
3011	0
3012	0
3013	0
3014	0
3015	0
3016	0
3017	0
3018	0
3019	0
3020	0
3021	0
3022	0
3023	0
3024	0
3025	0
3026	0
3027	0
3028	0
3029	0
3030	0
3031	0
3032	0
3033	0
3034	0
3035	0
3036	0
3037	0
3038	0
3039	0
3040	0
3041	0
3042	0
3043	0
3044	0
3045	0
3046	0
3047	0
3048	0
3049	0
3050	0
3051	0
3052	0
3053	0
3054	0
3055	0
3056	0
3057	0
3058	0
3059	0
3060	0
3061	0
3062	0
3063	0
3064	0
3065	0
3066	0
3067	0
3068	0
3069	0
3070	0
3071	0
3072	0
3073	0
3074	0
3075	0
3076	0
3077	0
3078	0
3079	0
3080	0
3081	0
3082	0
3083	0
3084	0
3085	0
3086	0
3087	0
3088	0
3089	0
3090	0
3091	0
3092	0
3093	0
3094	0
3095	0
3096	0
3097	0
3098	0
3099	0
3100	0
3101	0
3102	0
3103	0
3104	0
3105	0
3106	0
3107	0
3108	0
3109	0
3110	0
3111	0
3112	0
3113	0
3114	0
3115	0
3116	0
3117	0
3118	0
3119	0
3120	0
3121	0
3122	0
3123	0
3124	0
3125	0
3126	0
3127	0
3128	0
3129	0
3130	0
3131	0
3132	0
3133	0
3134	0
3135	0
3136	0
3137	0
3138	0
3139	0
3140	0
3141	0
3142	0
3143	0
3144	0
3145	0
3146	0
3147	0
3148	0
3149	0
3150	0
3151	0
3152	0
3153	0
3154	0
3155	0
3156	0
3157	0
3158	0
3159	0
3160	0
3161	0
3162	0
3163	0
3164	0
3165	0
3166	0
3167	0
3168	0
3169	0
3170	0
3171	0
3172	0
3173	0
3174	0
3175	0
3176	0
3177	0
3178	0
3179	0
3180	0
3181	0
3182	0
3183	0
3184	0
3185	0
3186	0
3187	0
3188	0
3189	0
3190	0
3191	0
3192	0
3193	0
3194	0
3195	0
3196	0
3197	0
3198	0
3199	0
3200	0
3201	0
3202	0
3203	0
3204	0
3205	0
3206	0
3207	0
3208	0
3209	0
3210	0
3211	0
3212	0
3213	0
3214	0
3215	0
3216	0
3217	0
3218	0
3219	0
3220	0
3221	0
3222	0
3223	0
3224	0
3225	0
3226	0
3227	0
3228	0
3229	0
3230	0
3231	0
3232	0
3233	0
3234	0
3235	0
3236	0
3237	0
3238	0
3239	0
3240	0
3241	0
3242	0
3243	0
3244	0
3245	0
3246	0
3247	0
3248	0
3249	0
3250	0
3251	0
3252	0
3253	0
3254	0
3255	0
3256	0
3257	0
3258	0
3259	0
3260	0
3261	0
3262	0
3263	0
3264	0
3265	0
3266	0
3267	0
3268	0
3269	0
3270	0
3271	0
3272	0
3273	0
3274	0
3275	0
3276	0
3277	0
3278	0
3279	0
3280	0
3281	0
3282	0
3283	0
3284	0
3285	0
3286	0
3287	0
3288	0
3289	0
3290	0
3291	0
3292	0
3293	0
3294	0
3295	0
3296	0
3297	0
3298	0
3299	0
3300	0
3301	0
3302	0
3303	0
3304	0
3305	0
3306	0
3307	0
3308	0
3309	0
3310	0
3311	0
3312	0
3313	0
3314	0
3315	0
3316	0
3317	0
3318	0
3319	0
3320	0
3321	0
3322	0
3323	0
3324	0
3325	0
3326	0
3327	0
3328	0
3329	0
3330	0
3331	0
3332	0
3333	0
3334	0
3335	0
3336	0
3337	0
3338	0
3339	0
3340	0
3341	0
3342	0
3343	0
3344	0
3345	0
3346	0
3347	0
3348	0
3349	0
3350	0
3351	0
3352	0
3353	0
3354	0
3355	0
3356	0
3357	0
3358	0
3359	0
3360	0
3361	0
3362	0
3363	0
3364	0
3365	0
3366	0
3367	0
3368	0
3369	0
3370	0
3371	0
3372	0
3373	0
3374	0
3375	0
3376	0
3377	0
3378	0
3379	0
3380	0
3381	0
3382	0
3383	0
3384	0
3385	0
3386	0
3387	0
3388	0
3389	0
3390	0
3391	0
3392	0
3393	0
3394	0
3395	0
3396	0
3397	0
3398	0
3399	0
3400	0
3401	0
3402	0
3403	0
3404	0
3405	0
3406	0
3407	0
3408	0
3409	0
3410	0
3411	0
3412	0
3413	0
3414	0
3415	0
3416	0
3417	0
3418	0
3419	0
3420	0
3421	0
3422	0
3423	0
3424	0
3425	0
3426	0
3427	0
3428	0
3429	0
3430	0
3431	0
3432	0
3433	0
3434	0
3435	0
3436	0
3437	0
3438	0
3439	0
3440	0
3441	0
3442	0
3443	0
3444	0
3445	0
3446	0
3447	0
3448	0
3449	0
3450	0
3451	0
3452	0
3453	0
3454	0
3455	0
3456	0
3457	0
3458	0
3459	0
3460	0
3461	0
3462	0
3463	0
3464	0
3465	0
3466	0
3467	0
3468	0
3469	0
3470	0
3471	0
3472	0
3473	0
3474	0
3475	0
3476	0
3477	0
3478	0
3479	0
3480	0
3481	0
3482	0
3483	0
3484	0
3485	0
3486	0
3487	0
3488	0
3489	0
3490	0
3491	0
3492	0
3493	0
3494	0
3495	0
3496	0
3497	0
3498	0
3499	0
3500	0
3501	0
3502	0
3503	0
3504	0
3505	0
3506	0
3507	0
3508	0
3509	0
3510	0
3511	0
3512	0
3513	0
3514	0
3515	0
3516	0
3517	0
3518	0
3519	0
3520	0
3521	0
3522	0
3523	0
3524	0
3525	0
3526	0
3527	0
3528	0
3529	0
3530	0
3531	0
3532	0
3533	0
3534	0
3535	0
3536	0
3537	0
3538	0
3539	0
3540	0
3541	0
3542	0
3543	0
3544	0
3545	0
3546	0
3547	0
3548	0
3549	0
3550	0
3551	0
3552	0
3553	0
3554	0
3555	0
3556	0
3557	0
3558	0
3559	0
3560	0
3561	0
3562	0
3563	0
3564	0
3565	0
3566	0
3567	0
3568	0
3569	0
3570	0
3571	0
3572	0
3573	0
3574	0
3575	0
3576	0
3577	0
3578	0
3579	0
3580	0
3581	0
3582	0
3583	0
3584	0
3585	0
3586	0
3587	0
3588	0
3589	0
3590	0
3591	0
3592	0
3593	0
3594	0
3595	0
3596	0
3597	0
3598	0
3599	0
3600	0
3601	0
3602	0
3603	0
3604	0
3605	0
3606	0
3607	0
3608	0
3609	0
3610	0
3611	0
3612	0
3613	0
3614	0
3615	0
3616	0
3617	0
3618	0
3619	0
3620	0
3621	0
3622	0
3623	0
3624	0
3625	0
3626	0
3627	0
3628	0
3629	0
3630	0
3631	0
3632	0
3633	0
3634	0
3635	0
3636	0
3637	0
3638	0
3639	0
3640	0
3641	0
3642	0
3643	0
3644	0
3645	0
3646	0
3647	0
3648	0
3649	0
3650	0
3651	0
3652	0
3653	0
3654	0
3655	0
3656	0
3657	0
3658	0
3659	0
3660	0
3661	0
3662	0
3663	0
3664	1
3665	1
3666	1
3667	1
3668	1
3669	1
3670	1
3671	1
3672	1
3673	1
3674	1
3675	1
3676	1
3677	1
3678	1
3679	1
3680	1
3681	1
3682	1
3683	1
3684	1
3685	1
3686	1
3687	1
3688	1
3689	1
3690	1
3691	1
3692	1
3693	1
3694	1
3695	1
3696	1
3697	1
3698	1
3699	1
3700	1
3701	1
3702	1
3703	1
3704	1
3705	1
3706	1
3707	1
3708	1
3709	1
3710	1
3711	1
3712	1
3713	1
3714	1
3715	1
3716	1
3717	1
3718	1
3719	1
3720	1
3721	1
3722	1
3723	1
3724	1
3725	1
3726	1
3727	1
3728	1
3729	1
3730	1
3731	1
3732	1
3733	1
3734	1
3735	1
3736	1
3737	1
3738	1
3739	1
3740	1
3741	1
3742	1
3743	1
3744	1
3745	1
3746	1
3747	1
3748	1
3749	1
3750	1
3751	1
3752	1
3753	1
3754	1
3755	1
3756	1
3757	1
3758	1
3759	1
3760	1
3761	1
3762	1
3763	1
3764	1
3765	1
3766	1
3767	1
3768	1
3769	1
3770	1
3771	1
3772	1
3773	1
3774	1
3775	1
3776	1
3777	1
3778	1
3779	1
3780	1
3781	1
3782	1
3783	1
3784	1
3785	1
3786	1
3787	1
3788	1
3789	1
3790	1
3791	1
3792	1
3793	1
3794	1
3795	1
3796	1
3797	1
3798	1
3799	1
3800	1
3801	1
3802	1
3803	1
3804	1
3805	1
3806	1
3807	1
3808	1
3809	1
3810	1
3811	1
3812	1
3813	1
3814	1
3815	1
3816	1
3817	1
3818	1
3819	1
3820	1
3821	1
3822	1
3823	1
3824	1
3825	1
3826	1
3827	1
3828	1
3829	1
3830	1
3831	1
3832	1
3833	1
3834	1
3835	1
3836	1
3837	1
3838	1
3839	1
3840	1
3841	1
3842	1
3843	1
3844	1
3845	1
3846	1
3847	1
3848	1
3849	1
3850	1
3851	1
3852	1
3853	1
3854	1
3855	1
3856	1
3857	1
3858	1
3859	1
3860	1
3861	1
3862	1
3863	1
3864	1
3865	1
3866	1
3867	1
3868	1
3869	1
3870	1
3871	1
3872	1
3873	1
3874	1
3875	1
3876	1
3877	1
3878	1
3879	1
3880	1
3881	1
3882	1
3883	1
3884	1
3885	1
3886	1
3887	1
3888	1
3889	1
3890	1
3891	1
3892	1
3893	1
3894	1
3895	1
3896	1
3897	1
3898	1
3899	1
3900	1
3901	1
3902	1
3903	1
3904	1
3905	1
3906	1
3907	1
3908	1
3909	1
3910	1
3911	1
3912	1
3913	1
3914	1
3915	1
3916	1
3917	1
3918	1
3919	1
3920	1
3921	1
3922	1
3923	1
3924	1
3925	1
3926	1
3927	1
3928	1
3929	1
3930	1
3931	1
3932	1
3933	1
3934	1
3935	1
3936	1
3937	1
3938	1
3939	1
3940	1
3941	1
3942	1
3943	1
3944	1
3945	1
3946	2
3947	2
3948	2
3949	2
3950	2
3951	2
3952	2
3953	2
3954	2
3955	2
3956	2
3957	2
3958	2
3959	2
3960	2
3961	2
3962	2
3963	2
3964	2
3965	2
3966	2
3967	2
3968	2
3969	2
3970	2
3971	2
3972	2
3973	2
3974	2
3975	2
3976	2
3977	2
3978	2
3979	2
3980	2
3981	2
3982	2
3983	2
3984	2
3985	2
3986	2
3987	2
3988	2
3989	2
3990	2
3991	2
3992	2
3993	2
3994	2
3995	2
3996	2
3997	2
3998	2
3999	2
4000	2
4001	2
4002	2
4003	2
4004	2
4005	2
4006	2
4007	2
4008	2
4009	2
4010	2
4011	2
4012	2
4013	2
4014	2
4015	2
4016	2
4017	2
4018	2
4019	2
4020	2
4021	2
4022	2
4023	2
4024	2
4025	2
4026	2
4027	2
4028	2
4029	2
4030	2
4031	2
4032	2
4033	2
4034	2
4035	2
4036	2
4037	2
4038	2
4039	2
4040	2
4041	2
4042	2
4043	2
4044	2
4045	2
4046	2
4047	2
4048	2
4049	2
4050	2
4051	2
4052	2
4053	2
4054	2
4055	2
4056	2
4057	2
4058	2
4059	2
4060	2
4061	2
4062	2
4063	2
4064	2
4065	2
4066	2
4067	2
4068	2
4069	2
4070	2
4071	2
4072	2
4073	2
4074	2
4075	2
4076	2
4077	2
4078	2
4079	3
4080	3
4081	3
4082	3
4083	3
4084	3
4085	3
4086	3
4087	3
4088	3
4089	3
4090	3
4091	3
4092	3
4093	3
4094	3
4095	3
4096	3
4097	3
4098	3
4099	3
4100	3
4101	3
4102	3
4103	3
4104	3
4105	3
4106	3
4107	3
4108	3
4109	3
4110	3
4111	3
4112	3
4113	3
4114	3
4115	3
4116	3
4117	3
4118	3
4119	3
4120	3
4121	3
4122	3
4123	3
4124	3
4125	3
4126	3
4127	3
4128	3
4129	3
4130	3
4131	3
4132	3
4133	3
4134	3
4135	3
4136	3
4137	3
4138	3
4139	3
4140	3
4141	3
4142	3
4143	3
4144	3
4145	3
4146	3
4147	3
4148	3
4149	3
4150	3
4151	3
4152	3
4153	4
4154	4
4155	4
4156	4
4157	4
4158	4
4159	4
4160	4
4161	4
4162	4
4163	4
4164	4
4165	4
4166	4
4167	4
4168	4
4169	4
4170	4
4171	4
4172	4
4173	4
4174	4
4175	4
4176	4
4177	4
4178	4
4179	4
4180	4
4181	4
4182	4
4183	4
4184	4
4185	4
4186	4
4187	4
4188	4
4189	4
4190	4
4191	4
4192	4
4193	4
4194	4
4195	4
4196	4
4197	4
4198	4
4199	4
4200	4
4201	4
4202	4
4203	4
4204	4
4205	4
4206	4
4207	4
4208	4
4209	4
4210	4
4211	4
4212	4
4213	4
4214	4
4215	4
4216	4
4217	4
4218	4
4219	4
4220	4
4221	4
4222	4
4223	4
4224	4
4225	4
4226	4
4227	4
4228	4
4229	4
4230	4
4231	4
4232	4
4233	4
4234	4
4235	4
4236	4
4237	4
4238	4
4239	4
4240	4
4241	4
4242	4
4243	4
4244	4
4245	4
4246	4
4247	4
4248	4
4249	4
4250	4
4251	4
4252	4
4253	4
4254	4
4255	4
4256	4
4257	4
4258	4
4259	4
4260	4
4261	4
4262	4
4263	4
4264	4
4265	4
4266	4
4267	4
4268	4
4269	4
4270	4
4271	4
4272	4
4273	4
4274	4
4275	4
4276	4
4277	4
4278	4
4279	4
4280	4
4281	4
4282	4
4283	4
4284	4
4285	4
4286	4
4287	4
4288	4
4289	4
4290	4
4291	4
4292	4
4293	4
4294	4
4295	4
4296	4
4297	4
4298	4
4299	4
4300	4
4301	4
4302	4
4303	4
4304	4
4305	4
4306	4
4307	4
4308	4
4309	4
4310	4
4311	4
4312	4
4313	4
4314	4
4315	4
4316	4
4317	4
4318	4
4319	4
4320	4
4321	4
4322	4
4323	4
4324	4
4325	4
4326	4
4327	4
4328	4
4329	4
4330	4
4331	4
4332	4
4333	4
4334	4
4335	4
4336	4
4337	4
4338	4
4339	4
4340	4
4341	4
4342	4
4343	4
4344	4
4345	4
4346	4
4347	4
4348	4
4349	4
4350	4
4351	4
4352	4
4353	4
4354	4
4355	4
4356	4
4357	4
4358	4
4359	4
4360	4
4361	4
4362	4
4363	4
4364	4
4365	4
4366	4
4367	4
4368	4
4369	4
4370	4
4371	4
4372	4
4373	4
4374	4
4375	4
4376	4
4377	4
4378	4
4379	4
4380	4
4381	4
4382	4
4383	4
4384	4
4385	4
4386	4
4387	4
4388	4
4389	4
4390	4
4391	4
4392	4
4393	4
4394	4
4395	4
4396	4
4397	4
4398	4
4399	4
4400	4
4401	4
4402	4
4403	4
4404	4
4405	4
4406	4
4407	4
4408	4
4409	4
4410	4
4411	4
4412	4
4413	4
4414	4
4415	4
4416	4
4417	4
4418	4
4419	4
4420	4
4421	4
4422	4
4423	4
4424	4
4425	4
4426	4
4427	4
4428	4
4429	4
4430	4
4431	4
4432	4
4433	4
4434	4
4435	4
4436	4
4437	4
4438	4
4439	4
4440	4
4441	4
4442	4
4443	4
4444	4
4445	4
4446	4
4447	4
4448	4
4449	4
4450	4
4451	4
4452	4
4453	4
4454	4
4455	4
4456	4
4457	4
4458	4
4459	4
4460	4
4461	4
4462	4
4463	4
4464	4
4465	4
4466	4
4467	4
4468	4
4469	4
4470	4
4471	4
4472	4
4473	4
4474	4
4475	4
4476	4
4477	4
4478	4
4479	4
4480	4
4481	4
4482	4
4483	4
4484	4
4485	4
4486	4
4487	4
4488	4
4489	4
4490	4
4491	4
4492	4
4493	4
4494	4
4495	4
4496	4
4497	4
4498	4
4499	4
4500	4
4501	4
4502	4
4503	4
4504	4
4505	4
4506	4
4507	4
4508	4
4509	4
4510	4
4511	4
4512	4
4513	4
4514	4
4515	4
4516	4
4517	4
4518	4
4519	4
4520	4
4521	4
4522	4
4523	4
4524	4
4525	4
4526	4
4527	4
4528	4
4529	4
4530	4
4531	4
4532	4
4533	4
4534	4
4535	4
4536	4
4537	4
4538	4
4539	4
4540	4
4541	4
4542	4
4543	4
4544	4
4545	4
4546	4
4547	4
4548	4
4549	4
4550	4
4551	4
4552	4
4553	4
4554	4
4555	4
4556	4
4557	4
4558	4
4559	4
4560	4
4561	4
4562	4
4563	4
4564	4
4565	4
4566	4
4567	4
4568	4
4569	4
4570	4
4571	4
4572	4
4573	4
4574	4
4575	4
4576	4
4577	4
4578	4
4579	4
4580	4
4581	4
4582	4
4583	4
4584	4
4585	4
4586	4
4587	4
4588	4
4589	4
4590	4
4591	4
4592	4
4593	4
4594	4
4595	4
4596	4
4597	4
4598	4
4599	4
4600	4
4601	4
4602	4
4603	4
4604	4
4605	4
4606	4
4607	4
4608	4
4609	4
4610	4
4611	4
4612	4
4613	4
4614	4
4615	4
4616	4
4617	4
4618	4
4619	4
4620	4
4621	4
4622	4
4623	4
4624	4
4625	4
4626	4
4627	4
4628	4
4629	4
4630	4
4631	4
4632	4
4633	4
4634	4
4635	4
4636	4
4637	4
4638	4
4639	4
4640	4
4641	4
4642	4
4643	4
4644	4
4645	4
4646	4
4647	4
4648	4
4649	4
4650	4
4651	4
4652	4
4653	4
4654	4
4655	4
4656	4
4657	4
4658	4
4659	4
4660	4
4661	4
4662	4
4663	4
4664	4
4665	4
4666	4
4667	4
4668	4
4669	4
4670	4
4671	4
4672	4
4673	4
4674	4
4675	4
4676	4
4677	4
4678	4
4679	4
4680	4
4681	4
4682	4
4683	4
4684	4
4685	4
4686	4
4687	4
4688	4
4689	4
4690	4
4691	4
4692	4
4693	4
4694	4
4695	4
4696	4
4697	4
4698	4
4699	4
4700	4
4701	4
4702	4
4703	4
4704	4
4705	4
4706	4
4707	4
4708	4
4709	4
4710	4
4711	4
4712	4
4713	4
4714	4
4715	4
4716	4
4717	4
4718	4
4719	4
4720	4
4721	4
4722	4
4723	4
4724	4
4725	4
4726	4
4727	4
4728	4
4729	4
4730	4
4731	4
4732	4
4733	4
4734	4
4735	4
4736	4
4737	4
4738	4
4739	4
4740	4
4741	4
4742	4
4743	4
4744	4
4745	4
4746	4
4747	4
4748	4
4749	4
4750	4
4751	4
4752	4
4753	4
4754	4
4755	4
4756	4
4757	4
4758	4
4759	5
4760	5
4761	5
4762	5
4763	5
4764	5
4765	5
4766	5
4767	5
4768	5
4769	5
4770	5
4771	5
4772	5
4773	5
4774	5
4775	5
4776	5
4777	5
4778	5
4779	5
4780	5
4781	5
4782	5
4783	5
4784	5
4785	5
4786	5
4787	5
4788	5
4789	5
4790	5
4791	5
4792	5
4793	5
4794	5
4795	5
4796	5
4797	5
4798	5
4799	5
4800	5
4801	5
4802	5
4803	5
4804	5
4805	5
4806	5
4807	5
4808	5
4809	5
4810	5
4811	5
4812	5
4813	5
4814	5
4815	5
4816	5
4817	5
4818	5
4819	5
4820	5
4821	5
4822	5
4823	5
4824	5
4825	5
4826	5
4827	5
4828	5
4829	5
4830	5
4831	5
4832	5
4833	5
4834	5
4835	5
4836	5
4837	5
4838	5
4839	5
4840	5
4841	5
4842	5
4843	5
4844	5
4845	5
4846	5
4847	5
4848	5
4849	5
4850	5
4851	5
4852	5
4853	5
4854	5
4855	5
4856	5
4857	5
4858	5
4859	5
4860	5
4861	5
4862	5
4863	5
4864	5
4865	5
4866	5
4867	5
4868	5
4869	5
4870	5
4871	5
4872	5
4873	5
4874	5
4875	5
4876	5
4877	5
4878	5
4879	5
4880	5
4881	5
4882	5
4883	5
4884	5
4885	5
4886	5
4887	5
4888	5
4889	5
4890	5
4891	5
4892	5
4893	5
4894	5
4895	5
4896	5
4897	5
4898	5
4899	5
4900	5
4901	5
4902	5
4903	5
4904	5
4905	5
4906	5
4907	5
4908	5
4909	5
4910	5
4911	5
4912	5
4913	5
4914	5
4915	5
4916	5
4917	5
4918	5
4919	5
4920	5
4921	5
4922	5
4923	5
4924	5
4925	5
4926	5
4927	5
4928	5
4929	5
4930	5
4931	5
4932	5
4933	5
4934	5
4935	5
4936	5
4937	5
4938	5
4939	5
4940	5
4941	5
4942	5
4943	5
4944	5
4945	5
4946	5
4947	5
4948	5
4949	5
4950	5
4951	5
4952	5
4953	5
4954	5
4955	5
4956	5
4957	5
4958	5
4959	5
4960	5
4961	5
4962	5
4963	5
4964	5
4965	5
4966	5
4967	5
4968	5
4969	5
4970	5
4971	5
4972	5
4973	5
4974	5
4975	5
4976	5
4977	5
4978	5
4979	5
4980	5
4981	5
4982	5
4983	5
4984	5
4985	5
4986	5
4987	5
4988	5
4989	5
4990	5
4991	5
4992	5
4993	5
4994	5
4995	5
4996	5
4997	5
4998	5
4999	5
5000	5
5001	5
5002	5
5003	5
5004	5
5005	5
5006	5
5007	5
5008	5
5009	5
5010	5
5011	5
5012	5
5013	5
5014	5
5015	5
5016	5
5017	5
5018	5
5019	5
5020	5
5021	5
5022	5
5023	5
5024	5
5025	5
5026	5
5027	5
5028	5
5029	5
5030	5
5031	5
5032	5
5033	5
5034	5
5035	5
5036	5
5037	5
5038	5
5039	5
5040	5
5041	5
5042	5
5043	5
5044	5
5045	5
5046	5
5047	5
5048	5
5049	5
5050	5
5051	5
5052	5
5053	5
5054	5
5055	5
5056	5
5057	5
5058	5
5059	5
5060	5
5061	5
5062	5
5063	5
5064	5
5065	5
5066	5
5067	5
5068	5
5069	5
5070	5
5071	5
5072	5
5073	5
5074	5
5075	5
5076	5
5077	5
5078	5
5079	5
5080	5
5081	5
5082	5
5083	5
5084	5
5085	5
5086	5
5087	5
5088	5
5089	5
5090	5
5091	5
5092	5
5093	5
5094	5
5095	5
5096	5
5097	5
5098	5
5099	5
5100	5
5101	5
5102	5
5103	5
5104	5
5105	5
5106	5
5107	5
5108	5
5109	5
5110	5
5111	5
5112	5
5113	5
5114	5
5115	5
5116	5
5117	5
5118	5
5119	5
5120	5
5121	5
5122	5
5123	5
5124	5
5125	5
5126	5
5127	5
5128	5
5129	5
5130	5
5131	5
5132	5
5133	5
5134	5
5135	5
5136	5
5137	5
5138	5
5139	5
5140	5
5141	5
5142	5
5143	5
5144	5
5145	5
5146	5
5147	5
5148	5
5149	5
5150	5
5151	5
5152	5
5153	5
5154	5
5155	5
5156	5
5157	5
5158	5
5159	5
5160	5
5161	5
5162	5
5163	5
5164	5
5165	5
5166	5
5167	5
5168	5
5169	5
5170	5
5171	5
5172	5
5173	5
5174	5
5175	5
5176	5
5177	5
5178	5
5179	5
5180	5
5181	5
5182	5
5183	5
5184	5
5185	5
5186	5
5187	5
5188	5
5189	5
5190	5
5191	5
5192	5
5193	5
5194	5
5195	5
5196	5
5197	5
5198	5
5199	5
5200	5
5201	5
5202	5
5203	5
5204	5
5205	5
5206	5
5207	5
5208	5
5209	5
5210	5
5211	5
5212	5
5213	5
5214	5
5215	5
5216	5
5217	5
5218	5
5219	5
5220	5
5221	5
5222	5
5223	5
5224	5
5225	5
5226	5
5227	5
5228	5
5229	5
5230	5
5231	5
5232	5
5233	5
5234	5
5235	5
5236	5
5237	5
5238	5
5239	5
5240	5
5241	5
5242	5
5243	5
5244	5
5245	5
5246	5
5247	5
5248	5
5249	5
5250	5
5251	5
5252	5
5253	5
5254	5
5255	5
5256	5
5257	5
5258	5
5259	5
5260	5
5261	5
5262	5
5263	5
5264	5
5265	5
5266	5
5267	5
5268	5
5269	5
5270	5
5271	5
5272	5
5273	5
5274	5
5275	5
5276	5
5277	5
5278	5
5279	5
5280	5
5281	5
5282	5
5283	5
5284	5
5285	5
5286	5
5287	5
5288	5
5289	5
5290	5
5291	5
5292	5
5293	5
5294	5
5295	5
5296	5
5297	5
5298	5
5299	5
5300	5
5301	5
5302	5
5303	5
5304	5
5305	5
5306	5
5307	5
5308	5
5309	5
5310	5
5311	5
5312	5
5313	5
5314	5
5315	5
5316	5
5317	5
5318	5
5319	5
5320	5
5321	5
5322	5
5323	5
5324	5
5325	5
5326	5
5327	5
5328	5
5329	5
5330	5
5331	5
5332	5
5333	5
5334	5
5335	5
5336	5
5337	5
5338	5
5339	5
5340	5
5341	5
5342	5
5343	5
5344	5
5345	5
5346	5
5347	5
5348	5
5349	5
5350	5
5351	5
5352	5
5353	5
5354	5
5355	5
5356	5
5357	5
5358	5
5359	5
5360	5
5361	5
5362	5
5363	5
5364	5
5365	5
5366	5
5367	5
5368	5
5369	5
5370	5
5371	5
5372	5
5373	5
5374	5
5375	5
5376	5
5377	5
5378	5
5379	5
5380	5
5381	5
5382	5
5383	5
5384	5
5385	5
5386	5
5387	5
5388	5
5389	5
5390	5
5391	5
5392	5
5393	5
5394	5
5395	5
5396	5
5397	5
5398	5
5399	5
5400	5
5401	5
5402	5
5403	5
5404	5
5405	5
5406	5
5407	5
5408	5
5409	5
5410	5
5411	5
5412	5
5413	5
5414	5
5415	5
5416	5
5417	5
5418	5
5419	5
5420	5
5421	5
5422	5
5423	5
5424	5
5425	5
5426	5
5427	5
5428	5
5429	5
5430	5
5431	5
5432	5
5433	5
5434	5
5435	5
5436	5
5437	5
5438	5
5439	5
5440	5
5441	5
5442	5
5443	5
5444	5
5445	5
5446	5
5447	5
5448	5
5449	5
5450	5
5451	5
5452	5
5453	5
5454	5
5455	5
5456	5
5457	5
5458	5
5459	5
5460	5
5461	5
5462	5
5463	5
5464	5
5465	5
5466	5
5467	5
5468	5
5469	5
5470	5
5471	5
5472	5
5473	5
5474	5
5475	5
5476	5
5477	5
5478	5
5479	5
5480	5
5481	5
5482	5
5483	5
5484	5
5485	5
5486	5
5487	5
5488	5
5489	5
5490	5
5491	5
5492	5
5493	5
5494	5
5495	5
5496	5
5497	5
5498	5
5499	5
5500	5
5501	5
5502	5
5503	5
5504	5
5505	5
5506	5
5507	5
5508	5
5509	5
5510	5
5511	5
5512	5
5513	5
5514	5
5515	5
5516	5
5517	5
5518	5
5519	5
5520	5
5521	5
5522	5
5523	5
5524	5
5525	5
5526	5
5527	5
5528	5
5529	5
5530	5
5531	5
5532	5
5533	5
5534	5
5535	5
5536	5
5537	5
5538	5
5539	5
5540	5
5541	5
5542	5
5543	5
5544	5
5545	5
5546	5
5547	5
5548	5
5549	5
5550	5
5551	5
5552	5
5553	5
5554	5
5555	5
5556	5
5557	5
5558	5
5559	5
5560	5
5561	5
5562	5
5563	5
5564	5
5565	5
5566	5
5567	5
5568	5
5569	5
5570	5
5571	5
5572	5
5573	5
5574	5
5575	5
5576	5
5577	5
5578	5
5579	5
5580	5
5581	5
5582	5
5583	5
5584	5
5585	5
5586	5
5587	5
5588	5
5589	5
5590	5
5591	5
5592	5
5593	5
5594	5
5595	5
5596	5
5597	5
5598	5
5599	5
5600	5
5601	5
5602	5
5603	5
5604	5
5605	5
5606	5
5607	5
5608	5
5609	5
5610	5
5611	5
5612	5
5613	5
5614	5
5615	5
5616	5
5617	5
5618	5
5619	5
5620	5
5621	5
5622	5
5623	5
5624	5
5625	5
5626	5
5627	5
5628	5
5629	5
5630	5
5631	5
5632	5
5633	5
5634	5
5635	5
5636	5
5637	5
5638	5
5639	5
5640	5
5641	5
5642	5
5643	5
5644	5
5645	5
5646	5
5647	5
5648	5
5649	5
5650	5
5651	5
5652	5
5653	5
5654	5
5655	5
5656	5
5657	5
5658	5
5659	5
5660	5
5661	5
5662	5
5663	5
5664	5
5665	5
5666	5
5667	5
5668	5
5669	5
5670	5
5671	5
5672	5
5673	5
5674	5
5675	5
5676	5
5677	5
5678	5
5679	5
5680	5
5681	5
5682	5
5683	5
5684	5
5685	5
5686	5
5687	5
5688	5
5689	5
5690	5
5691	5
5692	5
5693	5
5694	5
5695	5
5696	5
5697	5
5698	5
5699	5
5700	5
5701	5
5702	5
5703	5
5704	5
5705	5
5706	5
5707	5
5708	5
5709	5
5710	5
5711	5
5712	5
5713	5
5714	5
5715	5
5716	5
5717	5
5718	5
5719	5
5720	5
5721	5
5722	5
5723	5
5724	5
5725	5
5726	5
5727	5
5728	5
5729	5
5730	5
5731	5
5732	5
5733	5
5734	5
5735	5
5736	5
5737	5
5738	5
5739	5
5740	5
5741	5
5742	5
5743	5
5744	5
5745	5
5746	5
5747	5
5748	5
5749	5
5750	5
5751	5
5752	5
5753	5
5754	5
5755	5
5756	5
5757	5
5758	5
5759	5
5760	5
5761	5
5762	5
5763	5
5764	5
5765	5
5766	5
5767	5
5768	5
5769	5
5770	5
5771	5
5772	5
5773	5
5774	5
5775	5
5776	5
5777	5
5778	5
5779	5
5780	5
5781	5
5782	5
5783	5
5784	5
5785	5
5786	5
5787	5
5788	5
5789	5
5790	5
5791	5
5792	5
5793	5
5794	5
5795	5
5796	5
5797	5
5798	5
5799	5
5800	5
5801	5
5802	5
5803	5
5804	5
5805	5
5806	5
5807	5
5808	5
5809	5
5810	5
5811	5
5812	5
5813	5
5814	5
5815	5
5816	5
5817	5
5818	5
5819	5
5820	5
5821	5
5822	5
5823	5
5824	5
5825	5
5826	5
5827	5
5828	5
5829	5
5830	5
5831	5
5832	5
5833	5
5834	5
5835	5
5836	5
5837	5
5838	5
5839	5
5840	5
5841	5
5842	5
5843	5
5844	5
5845	5
5846	5
5847	5
5848	5
5849	5
5850	5
5851	5
5852	5
5853	5
5854	5
5855	5
5856	5
5857	5
5858	5
5859	5
5860	5
5861	5
5862	5
5863	5
5864	5
5865	5
5866	5
5867	5
5868	5
5869	5
5870	5
5871	5
5872	5
5873	5
5874	5
5875	5
5876	5
5877	5
5878	5
5879	5
5880	5
5881	5
5882	5
5883	5
5884	5
5885	5
5886	5
5887	5
5888	5
5889	5
5890	5
5891	5
5892	5
5893	5
5894	5
5895	5
5896	5
5897	5
5898	5
5899	5
5900	5
5901	5
5902	5
5903	5
5904	5
5905	5
5906	5
5907	5
5908	5
5909	5
5910	5
5911	5
5912	5
5913	5
5914	5
5915	5
5916	5
5917	5
5918	5
5919	5
5920	5
5921	5
5922	5
5923	5
5924	5
5925	5
5926	5
5927	5
5928	5
5929	5
5930	5
5931	5
5932	5
5933	5
5934	5
5935	5
5936	5
5937	5
5938	5
5939	5
5940	5
5941	5
5942	5
5943	5
5944	5
5945	5
5946	5
5947	5
5948	5
5949	5
5950	5
5951	5
5952	5
5953	5
5954	5
5955	5
5956	5
5957	5
5958	5
5959	5
5960	5
5961	5
5962	5
5963	5
5964	5
5965	5
5966	5
5967	5
5968	5
5969	5
5970	5
5971	5
5972	5
5973	5
5974	5
5975	5
5976	5
5977	5
5978	5
5979	5
5980	5
5981	5
5982	5
5983	5
5984	5
5985	5
5986	5
5987	5
5988	5
5989	5
5990	5
5991	5
5992	5
5993	5
5994	5
5995	5
5996	5
5997	5
5998	5
5999	5
6000	5
6001	5
6002	5
6003	5
6004	5
6005	5
6006	5
6007	5
6008	5
6009	5
6010	5
6011	5
6012	5
6013	5
6014	5
6015	5
6016	5
6017	5
6018	5
6019	5
6020	5
6021	5
6022	5
6023	5
6024	5
6025	5
6026	5
6027	5
6028	5
6029	5
6030	5
6031	5
6032	5
6033	5
6034	5
6035	5
6036	5
6037	5
6038	5
6039	5
6040	5
6041	5
6042	5
6043	5
6044	5
6045	5
6046	5
6047	5
6048	5
6049	5
6050	5
6051	5
6052	5
6053	5
6054	5
6055	5
6056	5
6057	5
6058	5
6059	5
6060	5
6061	5
6062	5
6063	5
6064	5
6065	5
6066	5
6067	5
6068	5
6069	5
6070	5
6071	5
6072	5
6073	5
6074	5
6075	5
6076	5
6077	5
6078	5
6079	5
6080	5
6081	5
6082	5
6083	5
6084	5
6085	5
6086	5
6087	5
6088	5
6089	5
6090	5
6091	5
6092	5
6093	5
6094	5
6095	5
6096	5
6097	5
6098	5
6099	5
6100	5
6101	5
6102	5
6103	5
6104	5
6105	5
6106	5
6107	5
6108	5
6109	5
6110	5
6111	5
6112	5
6113	5
6114	5
6115	5
6116	5
6117	5
6118	5
6119	5
6120	5
6121	5
6122	5
6123	5
6124	5
6125	5
6126	5
6127	5
6128	5
6129	5
6130	5
6131	5
6132	5
6133	5
6134	5
6135	5
6136	5
6137	5
6138	5
6139	5
6140	5
6141	5
6142	5
6143	5
6144	5
6145	5
6146	5
6147	5
6148	5
6149	5
6150	5
6151	5
6152	5
6153	5
6154	5
6155	5
6156	5
6157	5
6158	5
6159	5
6160	5
6161	5
6162	5
6163	5
6164	5
6165	5
6166	5
6167	5
6168	5
6169	5
6170	5
6171	5
6172	5
6173	5
6174	5
6175	5
6176	5
6177	5
6178	5
6179	5
6180	5
6181	5
6182	5
6183	5
6184	5
6185	5
6186	5
6187	5
6188	5
6189	5
6190	5
6191	5
6192	5
6193	5
6194	5
6195	5
6196	5
6197	5
6198	5
6199	5
6200	5
6201	5
6202	5
6203	5
6204	5
6205	5
6206	5
6207	5
6208	5
6209	5
6210	5
6211	5
6212	5
6213	5
6214	5
6215	5
6216	5
6217	5
6218	5
6219	5
6220	5
6221	5
6222	5
6223	5
6224	5
6225	5
6226	5
6227	5
6228	5
6229	5
6230	5
6231	5
6232	5
6233	5
6234	5
6235	5
6236	5
6237	5
6238	5
6239	5
6240	5
6241	5
6242	5
6243	5
6244	5
6245	5
6246	5
6247	5
6248	5
6249	5
6250	5
6251	5
6252	5
6253	5
6254	5
6255	5
6256	5
6257	5
6258	5
6259	5
6260	5
6261	5
6262	5
6263	5
6264	5
6265	5
6266	5
6267	5
6268	5
6269	5
6270	5
6271	5
6272	5
6273	5
6274	5
6275	5
6276	5
6277	5
6278	5
6279	5
6280	5
6281	5
6282	5
6283	5
6284	5
6285	5
6286	5
6287	5
6288	5
6289	5
6290	5
6291	5
6292	5
6293	5
6294	5
6295	5
6296	5
6297	5
6298	5
6299	5
6300	5
6301	5
6302	5
6303	5
6304	5
6305	5
6306	5
6307	5
6308	5
6309	5
6310	5
6311	5
6312	5
6313	5
6314	5
6315	5
6316	5
6317	5
6318	5
6319	5
6320	5
6321	5
6322	5
6323	5
6324	5
6325	5
6326	5
6327	5
6328	5
6329	5
6330	5
6331	5
6332	5
6333	5
6334	5
6335	5
6336	5
6337	5
6338	5
6339	5
6340	5
6341	5
6342	5
6343	5
6344	5
6345	5
6346	5
6347	5
6348	5
6349	5
6350	5
6351	5
6352	5
6353	5
6354	5
6355	5
6356	5
6357	5
6358	5
6359	5
6360	5
6361	5
6362	5
6363	5
6364	5
6365	5
6366	5
6367	5
6368	5
6369	5
6370	5
6371	5
6372	5
6373	5
6374	5
6375	5
6376	5
6377	5
6378	5
6379	5
6380	5
6381	5
6382	5
6383	5
6384	5
6385	5
6386	5
6387	5
6388	5
6389	5
6390	5
6391	5
6392	5
6393	5
6394	5
6395	5
6396	5
6397	5
6398	5
6399	5
6400	5
6401	5
6402	5
6403	5
6404	5
6405	5
6406	5
6407	5
6408	5
6409	5
6410	5
6411	5
6412	5
6413	5
6414	5
6415	5
6416	5
6417	5
6418	5
6419	5
6420	5
6421	5
6422	5
6423	5
6424	5
6425	5
6426	5
6427	5
6428	5
6429	5
6430	5
6431	5
6432	5
6433	5
6434	5
6435	5
6436	5
6437	5
6438	5
6439	5
6440	5
6441	5
6442	5
6443	5
6444	5
6445	5
6446	5
6447	5
6448	5
6449	5
6450	5
6451	5
6452	5
6453	5
6454	5
6455	5
6456	5
6457	5
6458	5
6459	5
6460	5
6461	5
6462	5
6463	5
6464	5
6465	5
6466	5
6467	5
6468	5
6469	5
6470	5
6471	5
6472	5
6473	5
6474	5
6475	5
6476	5
6477	5
6478	5
6479	5
6480	5
6481	5
6482	5
6483	5
6484	5
6485	5
6486	5
6487	5
6488	5
6489	5
6490	5
6491	5
6492	5
6493	5
6494	5
6495	5
6496	5
6497	5
6498	5
6499	5
6500	5
6501	5
6502	5
6503	5
6504	5
6505	5
6506	5
6507	5
6508	5
6509	5
6510	5
6511	5
6512	5
6513	5
6514	5
6515	5
6516	5
6517	5
6518	5
6519	5
6520	5
6521	5
6522	5
6523	5
6524	5
6525	5
6526	5
6527	5
6528	5
6529	5
6530	5
6531	5
6532	5
6533	5
6534	5
6535	5
6536	5
6537	5
6538	5
6539	5
6540	5
6541	5
6542	5
6543	5
6544	5
6545	5
6546	5
6547	5
6548	5
6549	5
6550	5
6551	5
6552	5
6553	5
6554	5
6555	5
6556	5
6557	5
6558	5
6559	5
6560	5
6561	5
6562	5
6563	5
6564	5
6565	5
6566	5
6567	5
6568	5
6569	5
6570	5
6571	5
6572	5
6573	5
6574	5
6575	5
6576	5
6577	5
6578	5
6579	5
6580	5
6581	5
6582	5
6583	5
6584	5
6585	5
6586	5
6587	5
6588	5
6589	5
6590	5
6591	5
6592	5
6593	5
6594	5
6595	5
6596	5
6597	6
6598	6
6599	6
6600	6
6601	6
6602	6
6603	6
6604	6
6605	6
6606	6
6607	6
6608	6
6609	6
6610	6
6611	6
6612	6
6613	6
6614	6
6615	6
6616	6
6617	6
6618	6
6619	6
6620	6
6621	6
6622	6
6623	6
6624	6
6625	6
6626	6
6627	6
6628	6
6629	6
6630	6
6631	6
6632	6
6633	6
6634	6
6635	6
6636	6
6637	6
6638	6
6639	6
6640	6
6641	6
6642	6
6643	6
6644	6
6645	6
6646	6
6647	6
6648	6
6649	6
6650	6
6651	6
6652	6
6653	6
6654	6
6655	6
6656	6
6657	6
6658	6
6659	6
6660	6
6661	6
6662	6
6663	6
6664	6
6665	6
6666	6
6667	6
6668	6
6669	6
6670	6
6671	6
6672	6
6673	6
6674	6
6675	6
6676	6
6677	6
6678	6
6679	6
6680	6
6681	6
6682	6
6683	6
6684	6
6685	6
6686	6
6687	6
6688	6
6689	6
6690	6
6691	6
6692	6
6693	6
6694	6
6695	6
6696	6
6697	6
6698	6
6699	6
6700	6
6701	6
6702	6
6703	6
6704	6
6705	6
6706	6
6707	6
6708	6
6709	6
6710	6
6711	6
6712	6
6713	6
6714	6
6715	7
6716	7
6717	7
6718	7
6719	7
6720	8
6721	8
6722	8
6723	8
6724	8
6725	8
6726	8
6727	8
6728	8
6729	8
6730	8
6731	8
6732	8
6733	8
6734	8
6735	8
6736	8
6737	8
6738	8
6739	8
6740	8
6741	8
6742	8
6743	8
6744	8
6745	8
6746	8
6747	8
6748	8
6749	8
6750	8
6751	8
6752	8
6753	8
6754	8
6755	8
6756	8
6757	8
6758	8
6759	8
6760	8
6761	8
6762	8
6763	8
6764	8
6765	8
6766	8
6767	8
6768	8
6769	8
6770	8
6771	8
6772	8
6773	8
6774	8
6775	8
6776	8
6777	8
6778	8
6779	8
6780	8
6781	8
6782	8
6783	8
6784	8
6785	8
6786	8
6787	8
6788	8
6789	8
6790	8
6791	8
6792	8
6793	8
6794	8
6795	8
6796	8
6797	8
6798	8
6799	8
6800	8
6801	8
6802	8
6803	8
6804	8
6805	8
6806	8
6807	8
6808	8
6809	8
6810	8
6811	8
6812	8
6813	8
6814	8
6815	8
6816	8
6817	8
6818	8
6819	8
6820	8
6821	8
6822	8
6823	8
6824	8
6825	8
6826	8
6827	8
6828	8
6829	8
6830	8
6831	8
6832	8
6833	8
6834	8
6835	8
6836	8
6837	8
6838	8
6839	8
6840	8
6841	8
6842	8
6843	8
6844	8
6845	8
6846	8
6847	8
6848	8
6849	8
6850	8
6851	8
6852	8
6853	8
6854	8
6855	8
6856	8
6857	8
6858	8
6859	8
6860	8
6861	8
6862	8
6863	8
6864	8
6865	8
6866	8
6867	8
6868	8
6869	8
6870	8
6871	8
6872	8
6873	8
6874	8
6875	8
6876	8
6877	8
6878	8
6879	8
6880	8
6881	8
6882	8
6883	8
6884	8
6885	8
6886	8
6887	8
6888	8
6889	8
6890	8
6891	8
6892	8
6893	8
6894	8
6895	8
6896	8
6897	8
6898	8
6899	8
6900	8
6901	8
6902	8
6903	8
6904	8
6905	8
6906	8
6907	8
6908	8
6909	8
6910	8
6911	8
6912	8
6913	8
6914	8
6915	8
6916	8
6917	8
6918	8
6919	8
6920	8
6921	8
6922	8
6923	8
6924	8
6925	8
6926	8
6927	8
6928	8
6929	8
6930	8
6931	8
6932	8
6933	8
6934	8
6935	8
6936	8
6937	8
6938	8
6939	8
6940	8
6941	8
6942	8
6943	8
6944	8
6945	8
6946	8
6947	8
6948	8
6949	8
6950	8
6951	8
6952	8
6953	8
6954	8
6955	8
6956	8
6957	8
6958	8
6959	8
6960	8
6961	8
6962	8
6963	8
6964	8
6965	8
6966	8
6967	8
6968	8
6969	8
6970	8
6971	8
6972	8
6973	8
6974	8
6975	8
6976	8
6977	8
6978	8
6979	8
6980	8
6981	8
6982	8
6983	8
6984	8
6985	8
6986	8
6987	8
6988	8
6989	8
6990	8
6991	8
6992	8
6993	8
6994	8
6995	8
6996	8
6997	8
6998	8
6999	8
7000	8
7001	8
7002	8
7003	8
7004	8
7005	8
7006	8
7007	8
7008	8
7009	8
7010	8
7011	8
7012	8
7013	8
7014	8
7015	8
7016	8
7017	8
7018	8
7019	8
7020	8
7021	8
7022	8
7023	8
7024	8
7025	8
7026	8
7027	8
7028	8
7029	8
7030	8
7031	8
7032	8
7033	8
7034	8
7035	8
7036	8
7037	8
7038	8
7039	8
7040	8
7041	8
7042	8
7043	8
7044	8
7045	8
7046	8
7047	8
7048	8
7049	8
7050	8
7051	8
7052	8
7053	8
7054	8
7055	8
7056	8
7057	8
7058	8
7059	8
7060	8
7061	8
7062	8
7063	8
7064	8
7065	8
7066	8
7067	8
7068	8
7069	8
7070	8
7071	8
7072	8
7073	8
7074	8
7075	8
7076	8
7077	8
7078	8
7079	8
7080	8
7081	8
7082	8
7083	8
7084	8
7085	8
7086	8
7087	8
7088	8
7089	8
7090	8
7091	8
7092	8
7093	8
7094	8
7095	8
7096	8
7097	8
7098	8
7099	8
7100	8
7101	8
7102	8
7103	8
7104	8
7105	8
7106	8
7107	8
7108	8
7109	8
7110	8
7111	8
7112	8
7113	8
7114	8
7115	8
7116	8
7117	8
7118	8
7119	8
7120	8
7121	8
7122	8
7123	8
7124	8
7125	8
7126	8
7127	8
7128	8
7129	8
7130	8
7131	8
7132	8
7133	8
7134	8
7135	8
7136	8
7137	8
7138	8
7139	8
7140	8
7141	8
7142	8
7143	8
7144	8
7145	8
7146	8
7147	8
7148	8
7149	8
7150	8
7151	8
7152	8
7153	8
7154	8
7155	8
7156	8
7157	8
7158	8
7159	8
7160	8
7161	8
7162	8
7163	8
7164	8
7165	8
7166	8
7167	8
7168	8
7169	8
7170	8
7171	8
7172	8
7173	8
7174	8
7175	8
7176	8
7177	8
7178	8
7179	8
7180	8
7181	8
7182	8
7183	8
7184	8
7185	8
7186	8
7187	8
7188	8
7189	8
7190	8
7191	8
7192	8
7193	8
7194	8
7195	8
7196	8
7197	8
7198	8
7199	8
7200	8
7201	8
7202	8
7203	8
7204	8
7205	8
7206	8
7207	8
7208	8
7209	8
7210	8
7211	8
7212	8
7213	8
7214	8
7215	8
7216	8
7217	8
7218	8
7219	8
7220	8
7221	8
7222	8
7223	8
7224	8
7225	8
7226	8
7227	8
7228	8
7229	8
7230	8
7231	8
7232	8
7233	8
7234	8
7235	8
7236	8
7237	8
7238	8
7239	8
7240	8
7241	8
7242	8
7243	8
7244	8
7245	8
7246	8
7247	8
7248	8
7249	8
7250	8
7251	8
7252	8
7253	8
7254	8
7255	8
7256	8
7257	8
7258	8
7259	8
7260	8
7261	8
7262	8
7263	8
7264	8
7265	8
7266	8
7267	8
7268	8
7269	8
7270	8
7271	8
7272	8
7273	8
7274	8
7275	8
7276	8
7277	8
7278	8
7279	8
7280	8
7281	8
7282	8
7283	8
7284	8
7285	8
7286	8
7287	8
7288	8
7289	8
7290	8
7291	8
7292	8
7293	8
7294	8
7295	8
7296	8
7297	8
7298	8
7299	8
7300	8
7301	8
7302	8
7303	8
7304	8
7305	8
7306	8
7307	8
7308	8
7309	8
7310	8
7311	8
7312	8
7313	8
7314	8
7315	8
7316	8
7317	8
7318	8
7319	8
7320	8
7321	8
7322	8
7323	8
7324	8
7325	8
7326	8
7327	8
7328	8
7329	8
7330	8
7331	8
7332	8
7333	8
7334	8
7335	8
7336	8
7337	8
7338	8
7339	8
7340	8
7341	8
7342	8
7343	8
7344	8
7345	8
7346	8
7347	8
7348	8
7349	8
7350	8
7351	8
7352	8
7353	8
7354	8
7355	8
7356	8
7357	8
7358	8
7359	8
7360	8
7361	8
7362	8
7363	8
7364	8
7365	8
7366	8
7367	8
7368	8
7369	8
7370	8
7371	8
7372	8
7373	8
7374	8
7375	8
7376	8
7377	8
7378	8
7379	8
7380	8
7381	8
7382	8
7383	8
7384	8
7385	8
7386	8
7387	8
7388	8
7389	8
7390	8
7391	8
7392	8
7393	8
7394	8
7395	8
7396	8
7397	8
7398	8
7399	8
7400	8
7401	8
7402	8
7403	8
7404	8
7405	8
7406	8
7407	8
7408	8
7409	8
7410	8
7411	8
7412	8
7413	8
7414	8
7415	8
7416	8
7417	8
7418	8
7419	8
7420	8
7421	8
7422	8
7423	8
7424	8
7425	8
7426	8
7427	8
7428	8
7429	8
7430	8
7431	8
7432	8
7433	8
7434	8
7435	8
7436	8
7437	8
7438	8
7439	8
7440	8
7441	8
7442	8
7443	8
7444	8
7445	8
7446	8
7447	8
7448	8
7449	8
7450	8
7451	8
7452	8
7453	8
7454	8
7455	8
7456	8
7457	8
7458	8
7459	8
7460	8
7461	8
7462	8
7463	8
7464	8
7465	8
7466	8
7467	8
7468	8
7469	8
7470	8
7471	8
7472	8
7473	8
7474	8
7475	8
7476	8
7477	8
7478	8
7479	8
7480	8
7481	8
7482	8
7483	8
7484	8
7485	8
7486	8
7487	8
7488	8
7489	8
7490	8
7491	8
7492	8
7493	8
7494	8
7495	8
7496	8
7497	8
7498	8
7499	8
7500	8
7501	8
7502	8
7503	8
7504	8
7505	8
7506	8
7507	8
7508	8
7509	8
7510	8
7511	8
7512	8
7513	8
7514	8
7515	8
7516	8
7517	8
7518	8
7519	8
7520	8
7521	8
7522	8
7523	8
7524	8
7525	8
7526	8
7527	8
7528	8
7529	8
7530	8
7531	8
7532	8
7533	8
7534	8
7535	8
7536	8
7537	8
7538	8
7539	8
7540	8
7541	8
7542	8
7543	8
7544	8
7545	8
7546	8
7547	8
7548	8
7549	8
7550	8
7551	8
7552	8
7553	8
7554	8
7555	8
7556	8
7557	8
7558	8
7559	8
7560	8
7561	8
7562	8
7563	8
7564	8
7565	8
7566	8
7567	8
7568	8
7569	8
7570	8
7571	8
7572	8
7573	8
7574	8
7575	8
7576	8
7577	8
7578	8
7579	8
7580	8
7581	8
7582	8
7583	8
7584	8
7585	8
7586	8
7587	8
7588	8
7589	8
7590	8
7591	8
7592	8
7593	8
7594	8
7595	8
7596	8
7597	8
7598	8
7599	8
7600	8
7601	8
7602	8
7603	8
7604	8
7605	8
7606	8
7607	8
7608	8
7609	8
7610	8
7611	8
7612	8
7613	8
7614	8
7615	8
7616	8
7617	8
7618	8
7619	8
7620	8
7621	8
7622	8
7623	8
7624	8
7625	8
7626	8
7627	8
7628	8
7629	8
7630	8
7631	8
7632	8
7633	8
7634	8
7635	8
7636	8
7637	8
7638	8
7639	8
7640	8
7641	8
7642	8
7643	8
7644	8
7645	8
7646	8
7647	8
7648	8
7649	8
7650	8
7651	8
7652	8
7653	8
7654	8
7655	8
7656	8
7657	8
7658	8
7659	8
7660	8
7661	8
7662	8
7663	8
7664	8
7665	8
7666	8
7667	8
7668	8
7669	8
7670	8
7671	8
7672	8
7673	8
7674	8
7675	8
7676	8
7677	8
7678	8
7679	8
7680	8
7681	8
7682	8
7683	8
7684	8
7685	8
7686	8
7687	8
7688	8
7689	8
7690	8
7691	8
7692	8
7693	8
7694	8
7695	8
7696	8
7697	8
7698	8
7699	8
7700	8
7701	8
7702	8
7703	8
7704	8
7705	8
7706	8
7707	8
7708	8
7709	8
7710	8
7711	8
7712	8
7713	8
7714	8
7715	8
7716	8
7717	8
7718	8
7719	8
7720	8
7721	8
7722	8
7723	8
7724	8
7725	8
7726	8
7727	8
7728	8
7729	8
7730	8
7731	8
7732	8
7733	8
7734	8
7735	8
7736	8
7737	8
7738	8
7739	8
7740	8
7741	8
7742	8
7743	8
7744	8
7745	8
7746	8
7747	8
7748	8
7749	8
7750	8
7751	8
7752	8
7753	8
7754	8
7755	8
7756	8
7757	8
7758	8
7759	8
7760	8
7761	8
7762	8
7763	8
7764	8
7765	8
7766	8
7767	8
7768	8
7769	8
7770	8
7771	8
7772	8
7773	8
7774	8
7775	8
7776	8
7777	8
7778	8
7779	8
7780	8
7781	8
7782	8
7783	8
7784	8
7785	8
7786	8
7787	8
7788	8
7789	8
7790	8
7791	8
7792	8
7793	8
7794	8
7795	8
7796	8
7797	8
7798	8
7799	8
7800	8
7801	8
7802	8
7803	8
7804	8
7805	8
7806	8
7807	8
7808	8
7809	8
7810	8
7811	8
7812	8
7813	8
7814	8
7815	8
7816	8
7817	8
7818	8
7819	8
7820	8
7821	8
7822	8
7823	8
7824	8
7825	8
7826	8
7827	8
7828	8
7829	8
7830	8
7831	8
7832	8
7833	8
7834	8
7835	8
7836	8
7837	8
7838	8
7839	8
7840	8
7841	8
7842	8
7843	8
7844	8
7845	8
7846	8
7847	8
7848	8
7849	8
7850	8
7851	8
7852	8
7853	8
7854	8
7855	8
7856	8
7857	8
7858	8
7859	8
7860	8
7861	8
7862	8
7863	8
7864	8
7865	8
7866	8
7867	8
7868	8
7869	8
7870	8
7871	8
7872	8
7873	8
7874	8
7875	8
7876	8
7877	8
7878	8
7879	8
7880	8
7881	8
7882	8
7883	8
7884	8
7885	8
7886	8
7887	8
7888	8
7889	8
7890	8
7891	8
7892	8
7893	8
7894	8
7895	8
7896	8
7897	8
7898	8
7899	8
7900	8
7901	8
7902	8
7903	8
7904	8
7905	8
7906	8
7907	8
7908	8
7909	8
7910	8
7911	8
7912	8
7913	8
7914	8
7915	8
7916	8
7917	8
7918	8
7919	8
7920	8
7921	8
7922	8
7923	8
7924	8
7925	8
7926	8
7927	8
7928	8
7929	8
7930	8
7931	8
7932	8
7933	8
7934	8
7935	8
7936	8
7937	8
7938	8
7939	8
7940	8
7941	8
7942	8
7943	8
7944	8
7945	8
7946	8
7947	8
7948	8
7949	8
7950	8
7951	8
7952	8
7953	8
7954	8
7955	8
7956	8
7957	8
7958	8
7959	8
7960	8
7961	8
7962	8
7963	8
7964	8
7965	8
7966	8
7967	8
7968	8
7969	8
7970	8
7971	8
7972	8
7973	8
7974	8
7975	8
7976	8
7977	8
7978	8
7979	8
7980	8
7981	8
7982	8
7983	8
7984	8
7985	8
7986	8
7987	8
7988	8
7989	8
7990	8
7991	8
7992	8
7993	8
7994	8
7995	8
7996	8
7997	8
7998	8
7999	8
8000	8
8001	8
8002	8
8003	8
8004	8
8005	8
8006	8
8007	8
8008	8
8009	8
8010	8
8011	8
8012	8
8013	8
8014	8
8015	8
8016	8
8017	8
8018	8
8019	8
8020	8
8021	8
8022	8
8023	8
8024	8
8025	8
8026	8
8027	8
8028	8
8029	8
8030	8
8031	8
8032	8
8033	8
8034	8
8035	8
8036	8
8037	8
8038	8
8039	8
8040	8
8041	8
8042	8
8043	8
8044	8
8045	8
8046	8
8047	8
8048	8
8049	8
8050	8
8051	8
8052	8
8053	8
8054	8
8055	8
8056	8
8057	8
8058	8
8059	8
8060	8
8061	8
8062	8
8063	8
8064	8
8065	8
8066	8
8067	8
8068	8
8069	8
8070	8
8071	8
8072	8
8073	8
8074	8
8075	8
8076	8
8077	8
8078	8
8079	8
8080	8
8081	8
8082	8
8083	8
8084	8
8085	8
8086	8
8087	8
8088	8
8089	8
8090	8
8091	8
8092	8
8093	8
8094	8
8095	8
8096	8
8097	8
8098	8
8099	8
8100	8
8101	8
8102	8
8103	8
8104	8
8105	8
8106	8
8107	8
8108	8
8109	8
8110	8
8111	8
8112	8
8113	8
8114	8
8115	8
8116	8
8117	8
8118	8
8119	8
8120	8
8121	8
8122	8
8123	8
8124	8
8125	8
8126	8
8127	8
8128	8
8129	8
8130	8
8131	8
8132	8
8133	8
8134	8
8135	8
8136	8
8137	8
8138	8
8139	8
8140	8
8141	8
8142	8
8143	8
8144	8
8145	8
8146	8
8147	8
8148	8
8149	8
8150	8
8151	8
8152	8
8153	8
8154	8
8155	8
8156	8
8157	8
8158	8
8159	8
8160	8
8161	8
8162	8
8163	8
8164	8
8165	8
8166	8
8167	8
8168	8
8169	8
8170	8
8171	8
8172	8
8173	8
8174	8
8175	8
8176	8
8177	8
8178	8
8179	8
8180	8
8181	8
8182	8
8183	8
8184	8
8185	8
8186	8
8187	8
8188	8
8189	8
8190	8
8191	8
8192	8
8193	8
8194	8
8195	8
8196	8
8197	8
8198	8
8199	8
8200	8
8201	8
8202	8
8203	8
8204	9
8205	9
8206	9
8207	9
8208	9
8209	9
8210	9
8211	9
8212	9
8213	9
8214	9
8215	9
8216	9
8217	9
8218	9
8219	9
8220	9
8221	9
8222	9
8223	9
8224	9
8225	9
8226	9
8227	9
8228	9
8229	9
8230	9
8231	9
8232	9
8233	9
8234	9
8235	9
8236	9
8237	9
8238	9
8239	9
8240	9
8241	9
8242	9
8243	9
8244	9
8245	9
8246	9
8247	9
8248	9
8249	9
8250	9
8251	9
8252	9
8253	9
8254	9
8255	9
8256	9
8257	9
8258	9
8259	9
8260	9
8261	9
8262	9
8263	9
8264	9
8265	9
8266	9
8267	9
8268	9
8269	9
8270	9
8271	9
8272	9
8273	9
8274	9
8275	9
8276	9
8277	9
8278	9
8279	9
8280	9
8281	9
8282	9
8283	9
8284	9
8285	9
8286	9
8287	9
8288	9
8289	9
8290	9
8291	9
8292	9
8293	9
8294	9
8295	9
8296	9
8297	9
8298	9
8299	9
8300	9
8301	9
8302	9
8303	9
8304	9
8305	9
8306	9
8307	9
8308	9
8309	9
8310	9
8311	9
8312	9
8313	9
8314	9
8315	9
8316	9
8317	9
8318	9
8319	9
8320	9
8321	9
8322	9
8323	9
8324	9
8325	9
8326	9
8327	9
8328	9
8329	9
8330	9
8331	9
8332	9
8333	9
8334	9
8335	9
8336	9
8337	9
8338	9
8339	9
8340	9
8341	9
8342	9
8343	9
8344	9
8345	9
8346	9
8347	9
8348	9
8349	9
8350	9
8351	9
8352	9
8353	9
8354	9
8355	9
8356	9
8357	9
8358	9
8359	9
8360	9
8361	9
8362	9
8363	9
8364	9
8365	9
8366	9
8367	9
8368	9
8369	9
8370	9
8371	9
8372	9
8373	9
8374	9
8375	9
8376	9
8377	9
8378	9
8379	9
8380	9
8381	9
8382	9
8383	9
8384	9
8385	9
8386	9
8387	9
8388	9
8389	9
8390	9
8391	9
8392	9
8393	9
8394	9
8395	9
8396	9
8397	9
8398	9
8399	9
8400	9
8401	9
8402	9
8403	9
8404	9
8405	9
8406	9
8407	9
8408	9
8409	9
8410	9
8411	9
8412	9
8413	9
8414	9
8415	9
8416	9
8417	9
8418	9
8419	9
8420	9
8421	9
8422	9
8423	9
8424	9
8425	9
8426	9
8427	9
8428	9
8429	9
8430	9
8431	9
8432	9
8433	9
8434	9
8435	9
8436	9
8437	9
8438	9
8439	9
8440	9
8441	9
8442	9
8443	9
8444	9
8445	9
8446	9
8447	9
8448	9
8449	9
8450	9
8451	9
8452	9
8453	9
8454	9
8455	9
8456	9
8457	9
8458	9
8459	9
8460	9
8461	9
8462	9
8463	9
8464	9
8465	9
8466	9
8467	9
8468	9
8469	9
8470	9
8471	9
8472	9
8473	9
8474	9
8475	9
8476	9
8477	9
8478	9
8479	9
8480	9
8481	9
8482	9
8483	9
8484	9
8485	9
8486	9
8487	9
8488	9
8489	9
8490	9
8491	9
8492	9
8493	9
8494	9
8495	9
8496	9
8497	9
8498	9
8499	9
8500	9
8501	9
8502	9
8503	9
8504	9
8505	9
8506	9
8507	9
8508	9
8509	9
8510	9
8511	9
8512	9
8513	9
8514	9
8515	9
8516	9
8517	9
8518	9
8519	9
8520	9
8521	9
8522	9
8523	9
8524	9
8525	9
8526	9
8527	9
8528	9
8529	9
8530	9
8531	9
8532	9
8533	9
8534	9
8535	9
8536	9
8537	9
8538	9
8539	9
8540	9
8541	9
8542	9
8543	9
8544	9
8545	9
8546	9
8547	9
8548	9
8549	9
8550	9
8551	9
8552	9
8553	9
8554	9
8555	9
8556	9
8557	9
8558	9
8559	9
8560	9
8561	9
8562	9
8563	9
8564	9
8565	9
8566	9
8567	9
8568	9
8569	9
8570	9
8571	9
8572	9
8573	9
8574	9
8575	9
8576	9
8577	9
8578	9
8579	9
8580	9
8581	9
8582	9
8583	9
8584	9
8585	9
8586	9
8587	9
8588	9
8589	9
8590	9
8591	9
8592	9
8593	9
8594	9
8595	9
8596	9
8597	9
8598	9
8599	9
8600	9
8601	9
8602	9
8603	9
8604	9
8605	9
8606	9
8607	9
8608	9
8609	9
8610	9
8611	9
8612	9
8613	9
8614	9
8615	9
8616	9
8617	9
8618	9
8619	9
8620	9
8621	9
8622	9
8623	9
8624	9
8625	9
8626	9
8627	9
8628	9
8629	9
8630	9
8631	9
8632	9
8633	9
8634	9
8635	9
8636	9
8637	9
8638	9
8639	9
8640	9
8641	9
8642	9
8643	9
8644	9
8645	9
8646	9
8647	9
8648	9
8649	9
8650	9
8651	9
8652	9
8653	9
8654	9
8655	9
8656	9
8657	9
8658	9
8659	9
8660	9
8661	9
8662	9
8663	9
8664	9
8665	9
8666	9
8667	9
8668	9
8669	9
8670	9
8671	9
8672	9
8673	9
8674	9
8675	9
8676	9
8677	9
8678	9
8679	9
8680	9
8681	9
8682	9
8683	9
8684	9
8685	9
8686	9
8687	9
8688	9
8689	9
8690	9
8691	9
8692	9
8693	9
8694	9
8695	9
8696	9
8697	9
8698	9
8699	9
8700	9
8701	9
8702	9
8703	9
8704	9
8705	9
8706	9
8707	9
8708	9
8709	9
8710	9
8711	9
8712	9
8713	9
8714	9
8715	9
8716	9
8717	9
8718	9
8719	9
8720	9
8721	9
8722	9
8723	9
8724	9
8725	9
8726	9
8727	9
8728	9
8729	9
8730	9
8731	9
8732	9
8733	9
8734	9
8735	9
8736	9
8737	9
8738	9
8739	9
8740	9
8741	9
8742	9
8743	9
8744	9
8745	9
8746	9
8747	9
8748	9
8749	9
8750	9
8751	9
8752	9
8753	9
8754	9
8755	9
8756	9
8757	9
8758	9
8759	9
8760	9
8761	9
8762	9
8763	9
8764	9
8765	9
8766	9
8767	9
8768	9
8769	9
8770	9
8771	9
8772	9
8773	9
8774	9
8775	9
8776	9
8777	9
8778	9
8779	9
8780	9
8781	9
8782	9
8783	9
8784	9
8785	9
8786	9
8787	9
8788	9
8789	9
8790	9
8791	9
8792	9
8793	9
8794	9
8795	9
8796	9
8797	9
8798	9
8799	9
8800	9
8801	9
8802	9
8803	9
8804	9
8805	9
8806	9
8807	9
8808	9
8809	9
8810	9
8811	9
8812	9
8813	9
8814	9
8815	9
8816	9
8817	9
8818	9
8819	9
8820	9
8821	9
8822	9
8823	9
8824	9
8825	9
8826	9
8827	9
8828	9
8829	9
8830	9
8831	9
8832	9
8833	9
8834	9
8835	9
8836	9
8837	9
8838	9
8839	9
8840	9
8841	9
8842	9
8843	9
8844	9
8845	9
8846	9
8847	9
8848	9
8849	9
8850	9
8851	9
8852	9
8853	9
8854	9
8855	9
8856	9
8857	9
8858	9
8859	9
8860	9
8861	9
8862	9
8863	9
8864	9
8865	9
8866	9
8867	9
8868	9
8869	9
8870	9
8871	9
8872	9
8873	9
8874	9
8875	9
8876	9
8877	9
8878	9
8879	9
8880	9
8881	9
8882	9
8883	9
8884	9
8885	9
8886	9
8887	9
8888	9
8889	9
8890	9
8891	9
8892	9
8893	9
8894	9
8895	9
8896	9
8897	9
8898	9
8899	9
8900	9
8901	9
8902	9
8903	9
8904	9
8905	9
8906	9
8907	9
8908	9
8909	9
8910	9
8911	9
8912	9
8913	9
8914	9
8915	9
8916	9
8917	9
8918	9
8919	9
8920	9
8921	9
8922	9
8923	9
8924	9
8925	9
8926	9
8927	9
8928	9
8929	9
8930	9
8931	9
8932	10
8933	10
8934	10
8935	10
8936	10
8937	10
8938	10
8939	10
8940	10
8941	10
8942	10
8943	10
8944	10
8945	10
8946	10
8947	10
8948	10
8949	10
8950	10
8951	10
8952	10
8953	10
8954	10
8955	10
8956	10
8957	10
8958	10
8959	10
8960	10
8961	10
8962	10
8963	10
8964	10
8965	10
8966	10
8967	10
8968	10
8969	10
8970	10
8971	10
8972	10
8973	10
8974	10
8975	10
8976	10
8977	10
8978	10
8979	10
8980	10
8981	10
8982	10
8983	10
8984	10
8985	10
8986	10
8987	10
8988	10
8989	10
8990	10
8991	10
8992	10
8993	10
8994	10
8995	10
8996	10
8997	10
8998	10
8999	10
9000	10
9001	10
9002	10
9003	10
9004	10
9005	10
9006	10
9007	10
9008	10
9009	10
9010	10
9011	10
9012	10
9013	10
9014	10
9015	10
9016	10
9017	10
9018	10
9019	10
9020	10
9021	10
9022	10
9023	10
9024	10
9025	10
9026	10
9027	10
9028	10
9029	10
9030	10
9031	10
9032	10
9033	10
9034	10
9035	10
9036	10
9037	10
9038	10
9039	10
9040	10
9041	10
9042	10
9043	10
9044	10
9045	10
9046	10
9047	10
9048	10
9049	10
9050	10
9051	10
9052	10
9053	10
9054	10
9055	10
9056	10
9057	10
9058	10
9059	10
9060	10
9061	10
9062	10
9063	10
9064	10
9065	10
9066	10
9067	10
9068	10
9069	10
9070	10
9071	10
9072	10
9073	10
9074	10
9075	10
9076	10
9077	10
9078	10
9079	10
9080	10
9081	10
9082	10
9083	10
9084	10
9085	10
9086	10
9087	10
9088	10
9089	10
9090	10
9091	10
9092	10
9093	10
9094	10
9095	10
9096	10
9097	10
9098	10
9099	10
9100	10
9101	10
9102	10
9103	10
9104	10
9105	10
9106	10
9107	10
9108	10
9109	10
9110	10
9111	10
9112	10
9113	10
9114	10
9115	10
9116	10
9117	10
9118	10
9119	10
9120	10
9121	10
9122	10
9123	10
9124	10
9125	10
9126	10
9127	10
9128	10
9129	10
9130	10
9131	10
9132	10
9133	10
9134	10
9135	10
9136	10
9137	10
9138	10
9139	10
9140	10
9141	10
9142	10
9143	10
9144	10
9145	10
9146	10
9147	10
9148	10
9149	10
9150	10
9151	10
9152	10
9153	10
9154	10
9155	10
9156	10
9157	10
9158	10
9159	10
9160	10
9161	10
9162	10
9163	10
9164	10
9165	10
9166	10
9167	10
9168	10
9169	10
9170	10
9171	10
9172	10
9173	10
9174	10
9175	10
9176	10
9177	10
9178	10
9179	10
9180	11
9181	11
9182	11
9183	11
9184	11
9185	11
9186	11
9187	11
9188	11
9189	11
9190	11
9191	11
9192	11
9193	11
9194	11
9195	11
9196	11
9197	11
9198	11
9199	11
9200	11
9201	11
9202	11
9203	11
9204	11
9205	11
9206	11
9207	11
9208	11
9209	11
9210	11
9211	11
9212	11
9213	11
9214	11
9215	11
9216	11
9217	11
9218	11
9219	11
9220	11
9221	11
9222	11
9223	11
9224	11
9225	11
9226	11
9227	11
9228	11
9229	11
9230	11
9231	11
9232	11
9233	11
9234	11
9235	11
9236	11
9237	11
9238	11
9239	11
9240	11
9241	11
9242	11
9243	11
9244	11
9245	11
9246	11
9247	11
9248	11
9249	11
9250	11
9251	11
9252	11
9253	11
9254	11
9255	11
9256	11
9257	11
9258	11
9259	11
9260	11
9261	11
9262	11
9263	11
9264	11
9265	11
9266	11
9267	11
9268	11
9269	11
9270	11
9271	11
9272	11
9273	11
9274	11
9275	11
9276	11
9277	11
9278	11
9279	11
9280	11
9281	11
9282	11
9283	11
9284	11
9285	11
9286	11
9287	11
9288	11
9289	11
9290	11
9291	11
9292	11
9293	11
9294	11
9295	11
9296	11
9297	11
9298	11
9299	11
9300	11
9301	11
9302	11
9303	11
9304	11
9305	11
9306	11
9307	11
9308	11
9309	11
9310	11
9311	11
9312	11
9313	11
9314	11
9315	11
9316	11
9317	11
9318	11
9319	11
9320	11
9321	11
9322	11
9323	11
9324	11
9325	11
9326	11
9327	11
9328	11
9329	11
9330	11
9331	11
9332	11
9333	11
9334	11
9335	11
9336	11
9337	11
9338	11
9339	11
9340	11
9341	11
9342	11
9343	11
9344	11
9345	11
9346	11
9347	11
9348	11
9349	11
9350	11
9351	11
9352	11
9353	11
9354	12
9355	12
9356	12
9357	12
9358	12
9359	12
9360	12
9361	12
9362	12
9363	12
9364	12
9365	12
9366	12
9367	12
9368	12
9369	12
9370	12
9371	12
9372	12
9373	12
9374	12
9375	12
9376	12
9377	12
9378	12
9379	12
9380	12
9381	12
9382	12
9383	12
9384	12
9385	12
9386	12
9387	12
9388	12
9389	12
9390	12
9391	12
9392	12
9393	12
9394	12
9395	12
9396	12
9397	12
9398	12
9399	12
9400	12
9401	12
9402	12
9403	12
9404	12
9405	12
9406	12
9407	12
9408	12
9409	12
9410	12
9411	12
9412	12
9413	12
9414	12
9415	12
9416	12
9417	12
9418	12
9419	12
9420	12
9421	12
9422	12
9423	12
9424	12
9425	12
9426	12
9427	12
9428	12
9429	12
9430	12
9431	12
9432	12
9433	12
9434	12
9435	12
9436	12
9437	12
9438	12
9439	12
9440	12
9441	12
9442	12
9443	12
9444	12
9445	12
9446	12
9447	12
9448	12
9449	12
9450	12
9451	12
9452	12
9453	12
9454	12
9455	12
9456	12
9457	12
9458	12
9459	12
9460	12
9461	12
9462	12
9463	12
9464	12
9465	12
9466	12
9467	12
9468	12
9469	12
9470	12
9471	12
9472	12
9473	12
9474	12
9475	12
9476	12
9477	12
9478	12
9479	12
9480	12
9481	12
9482	12
9483	12
9484	12
9485	12
9486	12
9487	12
9488	12
9489	12
9490	12
9491	12
9492	12
9493	12
9494	12
9495	12
9496	12
9497	12
9498	12
9499	12
9500	12
9501	12
9502	12
9503	12
9504	12
9505	12
9506	12
9507	12
9508	12
9509	12
9510	12
9511	12
9512	12
9513	12
9514	12
9515	12
9516	12
9517	12
9518	12
9519	12
9520	12
9521	12
9522	12
9523	12
9524	12
9525	12
9526	12
9527	12
9528	12
9529	12
9530	12
9531	12
9532	12
9533	12
9534	12
9535	12
9536	12
9537	12
9538	12
9539	12
9540	12
9541	12
9542	12
9543	12
9544	12
9545	12
9546	12
9547	12
9548	12
9549	12
9550	12
9551	12
9552	12
9553	12
9554	12
9555	12
9556	12
9557	12
9558	12
9559	12
9560	12
9561	12
9562	12
9563	12
9564	12
9565	12
9566	12
9567	12
9568	12
9569	12
9570	12
9571	12
9572	12
9573	12
9574	12
9575	12
9576	12
9577	12
9578	12
9579	12
9580	12
9581	12
9582	12
9583	12
9584	12
9585	12
9586	12
9587	12
9588	12
9589	12
9590	12
9591	12
9592	12
9593	12
9594	12
9595	12
9596	12
9597	12
9598	12
9599	12
9600	12
9601	12
9602	12
9603	12
9604	12
9605	12
9606	12
9607	12
9608	12
9609	12
9610	12
9611	12
9612	12
9613	12
9614	12
9615	12
9616	12
9617	12
9618	12
9619	12
9620	12
9621	12
9622	12
9623	12
9624	12
9625	12
9626	12
9627	12
9628	12
9629	12
9630	12
9631	12
9632	12
9633	12
9634	12
9635	12
9636	12
9637	12
9638	12
9639	12
9640	12
9641	12
9642	12
9643	12
9644	12
9645	12
9646	12
9647	12
9648	12
9649	12
9650	12
9651	12
9652	12
9653	12
9654	12
9655	12
9656	12
9657	12
9658	12
9659	12
9660	12
9661	12
9662	12
9663	12
9664	12
9665	12
9666	12
9667	12
9668	12
9669	12
9670	12
9671	12
9672	12
9673	12
9674	12
9675	12
9676	12
9677	12
9678	12
9679	12
9680	12
9681	12
9682	12
9683	12
9684	12
9685	12
9686	12
9687	12
9688	12
9689	12
9690	12
9691	12
9692	12
9693	12
9694	12
9695	12
9696	12
9697	12
9698	12
9699	12
9700	12
9701	12
9702	12
9703	12
9704	12
9705	12
9706	12
9707	12
9708	12
9709	12
9710	12
9711	12
9712	12
9713	12
9714	12
9715	12
9716	12
9717	12
9718	12
9719	12
9720	12
9721	12
9722	12
9723	12
9724	12
9725	12
9726	12
9727	12
9728	12
9729	12
9730	12
9731	12
9732	12
9733	12
9734	12
9735	12
9736	12
9737	12
9738	12
9739	12
9740	12
9741	12
9742	12
9743	12
9744	12
9745	12
9746	12
9747	12
9748	12
9749	12
9750	12
9751	12
9752	12
9753	12
9754	12
9755	12
9756	12
9757	12
9758	12
9759	12
9760	12
9761	12
9762	12
9763	12
9764	12
9765	12
9766	12
9767	12
9768	12
9769	12
9770	12
9771	12
9772	12
9773	12
9774	12
9775	12
9776	12
9777	12
9778	12
9779	12
9780	12
9781	12
9782	12
9783	12
9784	12
9785	12
9786	12
9787	12
9788	12
9789	12
9790	12
9791	12
9792	12
9793	12
9794	12
9795	12
9796	12
9797	12
9798	12
9799	12
9800	12
9801	12
9802	12
9803	12
9804	12
9805	12
9806	12
9807	12
9808	12
9809	12
9810	12
9811	12
9812	12
9813	12
9814	12
9815	12
9816	12
9817	12
9818	12
9819	12
9820	12
9821	12
9822	12
9823	12
9824	12
9825	12
9826	12
9827	12
9828	12
9829	12
9830	12
9831	12
9832	12
9833	12
9834	12
9835	12
9836	12
9837	12
9838	12
9839	12
9840	12
9841	12
9842	12
9843	12
9844	12
9845	12
9846	12
9847	12
9848	12
9849	12
9850	12
9851	12
9852	12
9853	12
9854	12
9855	12
9856	12
9857	12
9858	12
9859	12
9860	12
9861	12
9862	12
9863	12
9864	12
9865	12
9866	12
9867	12
9868	12
9869	12
9870	12
9871	12
9872	12
9873	12
9874	12
9875	12
9876	12
9877	12
9878	12
9879	12
9880	12
9881	12
9882	12
9883	12
9884	12
9885	12
9886	12
9887	12
9888	12
9889	12
9890	12
9891	12
9892	12
9893	12
9894	12
9895	12
9896	12
9897	12
9898	12
9899	12
9900	12
9901	12
9902	12
9903	12
9904	12
9905	12
9906	12
9907	12
9908	12
9909	12
9910	12
9911	12
9912	12
9913	12
9914	12
9915	12
9916	12
9917	12
9918	12
9919	12
9920	12
9921	12
9922	12
9923	12
9924	12
9925	12
9926	12
9927	12
9928	12
9929	12
9930	12
9931	12
9932	12
9933	12
9934	12
9935	12
9936	12
9937	12
9938	12
9939	12
9940	12
9941	12
9942	12
9943	12
9944	12
9945	12
9946	12
9947	12
9948	12
9949	12
9950	12
9951	12
9952	12
9953	12
9954	12
9955	12
9956	12
9957	12
9958	12
9959	12
9960	12
9961	12
9962	12
9963	12
9964	12
9965	12
9966	12
9967	12
9968	12
9969	12
9970	12
9971	12
9972	12
9973	12
9974	12
9975	12
9976	12
9977	12
9978	12
9979	12
9980	12
9981	12
9982	12
9983	12
9984	12
9985	12
9986	12
9987	12
9988	12
9989	12
9990	12
9991	12
9992	12
9993	12
9994	12
9995	12
9996	12
9997	12
9998	12
9999	12
10000	12
