#Clock	ItemsCollected
1	0
2	0
3	0
4	0
5	0
6	0
7	0
8	0
9	0
10	0
11	0
12	0
13	0
14	0
15	0
16	0
17	0
18	0
19	0
20	0
21	0
22	0
23	0
24	0
25	0
26	0
27	0
28	0
29	0
30	0
31	0
32	0
33	0
34	0
35	0
36	0
37	0
38	0
39	0
40	0
41	0
42	0
43	0
44	0
45	0
46	0
47	0
48	0
49	0
50	0
51	0
52	0
53	0
54	0
55	0
56	0
57	0
58	0
59	0
60	0
61	0
62	0
63	0
64	0
65	0
66	0
67	0
68	0
69	0
70	0
71	0
72	0
73	0
74	0
75	0
76	0
77	0
78	0
79	0
80	0
81	0
82	0
83	0
84	0
85	0
86	0
87	0
88	0
89	0
90	0
91	0
92	0
93	0
94	0
95	0
96	0
97	0
98	0
99	0
100	0
101	0
102	0
103	0
104	0
105	0
106	0
107	0
108	0
109	0
110	0
111	0
112	0
113	0
114	0
115	0
116	0
117	0
118	0
119	0
120	0
121	0
122	0
123	0
124	0
125	0
126	0
127	0
128	0
129	0
130	0
131	0
132	0
133	0
134	0
135	0
136	0
137	0
138	0
139	0
140	0
141	0
142	0
143	0
144	0
145	0
146	0
147	0
148	0
149	0
150	0
151	0
152	0
153	0
154	0
155	0
156	0
157	0
158	0
159	0
160	0
161	0
162	0
163	0
164	0
165	0
166	0
167	0
168	0
169	0
170	0
171	0
172	0
173	0
174	0
175	0
176	0
177	0
178	0
179	0
180	0
181	0
182	0
183	0
184	0
185	0
186	0
187	0
188	0
189	0
190	0
191	0
192	0
193	0
194	0
195	0
196	0
197	0
198	0
199	0
200	0
201	0
202	0
203	0
204	0
205	0
206	0
207	0
208	0
209	0
210	0
211	0
212	0
213	0
214	0
215	0
216	0
217	0
218	0
219	0
220	0
221	0
222	0
223	0
224	0
225	0
226	0
227	0
228	0
229	0
230	0
231	0
232	0
233	0
234	0
235	0
236	0
237	0
238	0
239	0
240	0
241	0
242	0
243	0
244	0
245	0
246	0
247	0
248	0
249	0
250	0
251	0
252	0
253	0
254	0
255	0
256	0
257	0
258	0
259	0
260	0
261	0
262	0
263	0
264	0
265	0
266	0
267	0
268	0
269	0
270	0
271	0
272	0
273	0
274	0
275	0
276	0
277	0
278	0
279	0
280	0
281	0
282	0
283	0
284	0
285	0
286	0
287	0
288	0
289	0
290	0
291	0
292	0
293	0
294	0
295	0
296	0
297	0
298	0
299	0
300	0
301	0
302	0
303	0
304	0
305	0
306	0
307	0
308	0
309	0
310	0
311	0
312	0
313	0
314	0
315	0
316	0
317	0
318	0
319	0
320	0
321	0
322	0
323	0
324	0
325	0
326	0
327	0
328	0
329	0
330	0
331	0
332	0
333	0
334	0
335	0
336	0
337	0
338	0
339	0
340	0
341	0
342	0
343	0
344	0
345	0
346	0
347	0
348	0
349	0
350	0
351	0
352	0
353	0
354	0
355	0
356	0
357	0
358	0
359	0
360	0
361	0
362	0
363	0
364	0
365	0
366	0
367	0
368	0
369	0
370	0
371	0
372	0
373	0
374	0
375	0
376	0
377	0
378	0
379	0
380	0
381	0
382	0
383	0
384	0
385	0
386	0
387	0
388	0
389	0
390	0
391	0
392	0
393	0
394	0
395	0
396	0
397	0
398	0
399	0
400	0
401	0
402	0
403	0
404	0
405	0
406	0
407	0
408	0
409	0
410	0
411	0
412	0
413	0
414	0
415	0
416	0
417	0
418	0
419	0
420	0
421	0
422	0
423	0
424	0
425	0
426	0
427	0
428	0
429	0
430	0
431	0
432	0
433	0
434	0
435	0
436	0
437	0
438	0
439	0
440	0
441	0
442	0
443	0
444	0
445	0
446	0
447	0
448	0
449	0
450	0
451	0
452	0
453	0
454	0
455	0
456	0
457	0
458	0
459	0
460	0
461	0
462	0
463	0
464	0
465	0
466	0
467	0
468	0
469	0
470	0
471	0
472	0
473	0
474	0
475	0
476	0
477	0
478	0
479	0
480	0
481	0
482	0
483	0
484	0
485	0
486	0
487	0
488	0
489	0
490	0
491	0
492	0
493	0
494	0
495	0
496	0
497	0
498	0
499	0
500	0
501	0
502	0
503	0
504	0
505	0
506	0
507	0
508	0
509	0
510	0
511	0
512	0
513	0
514	0
515	0
516	0
517	0
518	0
519	0
520	0
521	0
522	0
523	0
524	0
525	0
526	0
527	0
528	0
529	0
530	0
531	0
532	0
533	0
534	0
535	0
536	0
537	0
538	0
539	0
540	0
541	0
542	0
543	0
544	0
545	0
546	0
547	0
548	0
549	0
550	0
551	0
552	0
553	0
554	0
555	0
556	0
557	0
558	0
559	0
560	0
561	0
562	0
563	0
564	0
565	0
566	0
567	0
568	0
569	0
570	0
571	0
572	0
573	0
574	0
575	0
576	0
577	0
578	0
579	0
580	0
581	0
582	0
583	0
584	0
585	0
586	0
587	0
588	0
589	0
590	0
591	0
592	0
593	0
594	0
595	0
596	0
597	0
598	0
599	0
600	0
601	0
602	0
603	0
604	0
605	0
606	0
607	0
608	0
609	0
610	0
611	0
612	0
613	0
614	0
615	0
616	0
617	0
618	0
619	0
620	0
621	0
622	0
623	0
624	0
625	0
626	0
627	0
628	0
629	0
630	0
631	0
632	0
633	0
634	0
635	0
636	0
637	0
638	0
639	0
640	0
641	0
642	0
643	0
644	0
645	0
646	0
647	0
648	0
649	0
650	0
651	0
652	0
653	0
654	0
655	0
656	0
657	0
658	0
659	0
660	0
661	0
662	0
663	0
664	0
665	0
666	0
667	0
668	0
669	0
670	0
671	0
672	0
673	0
674	0
675	0
676	0
677	0
678	0
679	0
680	0
681	0
682	0
683	0
684	0
685	0
686	0
687	0
688	0
689	0
690	0
691	0
692	0
693	0
694	0
695	0
696	0
697	0
698	0
699	0
700	0
701	0
702	0
703	0
704	0
705	0
706	0
707	0
708	0
709	0
710	0
711	0
712	0
713	0
714	0
715	0
716	0
717	0
718	0
719	0
720	0
721	0
722	0
723	0
724	0
725	0
726	0
727	0
728	0
729	0
730	0
731	0
732	0
733	0
734	0
735	0
736	0
737	0
738	0
739	0
740	0
741	0
742	0
743	0
744	0
745	0
746	0
747	0
748	0
749	0
750	0
751	0
752	0
753	0
754	0
755	0
756	0
757	0
758	0
759	0
760	0
761	0
762	0
763	0
764	0
765	0
766	0
767	0
768	0
769	0
770	0
771	0
772	0
773	0
774	0
775	0
776	0
777	0
778	0
779	0
780	0
781	0
782	0
783	0
784	0
785	0
786	0
787	0
788	0
789	0
790	0
791	0
792	0
793	0
794	0
795	0
796	0
797	0
798	0
799	0
800	0
801	0
802	0
803	0
804	0
805	0
806	0
807	0
808	0
809	0
810	0
811	0
812	0
813	0
814	0
815	0
816	0
817	0
818	0
819	0
820	0
821	0
822	0
823	0
824	0
825	0
826	0
827	0
828	0
829	0
830	0
831	0
832	0
833	0
834	0
835	0
836	0
837	0
838	0
839	0
840	0
841	0
842	0
843	0
844	0
845	0
846	0
847	0
848	0
849	0
850	0
851	0
852	0
853	0
854	0
855	0
856	0
857	0
858	0
859	0
860	0
861	0
862	0
863	0
864	0
865	0
866	0
867	0
868	0
869	0
870	0
871	0
872	0
873	0
874	0
875	0
876	0
877	0
878	0
879	0
880	0
881	0
882	0
883	0
884	0
885	0
886	0
887	0
888	0
889	0
890	0
891	0
892	0
893	0
894	0
895	0
896	0
897	0
898	0
899	0
900	0
901	0
902	0
903	0
904	0
905	0
906	0
907	0
908	0
909	0
910	0
911	0
912	0
913	0
914	0
915	0
916	0
917	0
918	0
919	0
920	0
921	0
922	0
923	0
924	0
925	0
926	0
927	0
928	0
929	0
930	0
931	0
932	0
933	0
934	0
935	0
936	0
937	0
938	0
939	0
940	0
941	0
942	0
943	0
944	0
945	0
946	0
947	0
948	0
949	0
950	0
951	0
952	0
953	0
954	0
955	0
956	0
957	0
958	0
959	0
960	0
961	0
962	0
963	0
964	0
965	0
966	0
967	0
968	0
969	0
970	0
971	0
972	0
973	0
974	0
975	0
976	0
977	0
978	0
979	0
980	0
981	0
982	0
983	0
984	0
985	0
986	0
987	0
988	0
989	0
990	0
991	0
992	0
993	0
994	0
995	0
996	0
997	0
998	0
999	0
1000	0
1001	0
1002	0
1003	0
1004	0
1005	0
1006	0
1007	0
1008	0
1009	0
1010	0
1011	0
1012	0
1013	0
1014	0
1015	0
1016	0
1017	0
1018	0
1019	0
1020	0
1021	0
1022	0
1023	0
1024	0
1025	0
1026	0
1027	0
1028	0
1029	0
1030	0
1031	0
1032	0
1033	0
1034	0
1035	0
1036	0
1037	0
1038	0
1039	0
1040	0
1041	0
1042	0
1043	0
1044	0
1045	0
1046	0
1047	0
1048	0
1049	0
1050	0
1051	0
1052	0
1053	0
1054	0
1055	0
1056	0
1057	0
1058	0
1059	0
1060	0
1061	0
1062	0
1063	0
1064	0
1065	0
1066	0
1067	0
1068	0
1069	0
1070	0
1071	0
1072	0
1073	0
1074	0
1075	0
1076	0
1077	0
1078	0
1079	0
1080	0
1081	0
1082	0
1083	0
1084	0
1085	0
1086	0
1087	0
1088	0
1089	0
1090	0
1091	0
1092	0
1093	0
1094	0
1095	0
1096	0
1097	0
1098	0
1099	0
1100	0
1101	0
1102	0
1103	0
1104	0
1105	0
1106	0
1107	0
1108	0
1109	0
1110	0
1111	0
1112	0
1113	0
1114	0
1115	0
1116	0
1117	0
1118	0
1119	0
1120	0
1121	0
1122	0
1123	0
1124	0
1125	0
1126	0
1127	0
1128	0
1129	0
1130	0
1131	0
1132	0
1133	0
1134	0
1135	0
1136	0
1137	0
1138	0
1139	0
1140	0
1141	0
1142	0
1143	0
1144	0
1145	0
1146	0
1147	0
1148	0
1149	0
1150	0
1151	0
1152	0
1153	0
1154	0
1155	0
1156	0
1157	0
1158	0
1159	0
1160	0
1161	0
1162	0
1163	0
1164	0
1165	0
1166	0
1167	0
1168	0
1169	0
1170	0
1171	0
1172	0
1173	0
1174	0
1175	0
1176	0
1177	0
1178	0
1179	0
1180	0
1181	0
1182	0
1183	0
1184	0
1185	0
1186	0
1187	0
1188	0
1189	0
1190	0
1191	0
1192	0
1193	0
1194	0
1195	0
1196	0
1197	0
1198	0
1199	0
1200	0
1201	0
1202	0
1203	0
1204	0
1205	0
1206	0
1207	0
1208	0
1209	0
1210	0
1211	0
1212	0
1213	0
1214	0
1215	0
1216	0
1217	0
1218	0
1219	0
1220	0
1221	0
1222	0
1223	0
1224	0
1225	0
1226	0
1227	0
1228	0
1229	0
1230	0
1231	0
1232	0
1233	0
1234	0
1235	0
1236	0
1237	0
1238	0
1239	0
1240	0
1241	0
1242	0
1243	0
1244	0
1245	0
1246	0
1247	0
1248	0
1249	0
1250	0
1251	0
1252	0
1253	0
1254	0
1255	0
1256	0
1257	0
1258	0
1259	0
1260	0
1261	0
1262	0
1263	0
1264	0
1265	0
1266	0
1267	0
1268	0
1269	0
1270	0
1271	0
1272	0
1273	0
1274	0
1275	0
1276	0
1277	0
1278	0
1279	0
1280	0
1281	0
1282	0
1283	0
1284	0
1285	0
1286	0
1287	0
1288	0
1289	0
1290	0
1291	0
1292	0
1293	0
1294	0
1295	0
1296	0
1297	0
1298	0
1299	0
1300	0
1301	0
1302	0
1303	0
1304	0
1305	0
1306	0
1307	0
1308	0
1309	0
1310	0
1311	0
1312	0
1313	0
1314	0
1315	0
1316	0
1317	0
1318	0
1319	0
1320	0
1321	0
1322	0
1323	0
1324	0
1325	0
1326	0
1327	0
1328	0
1329	0
1330	0
1331	0
1332	0
1333	0
1334	0
1335	0
1336	0
1337	0
1338	0
1339	0
1340	0
1341	0
1342	0
1343	0
1344	0
1345	0
1346	0
1347	0
1348	0
1349	0
1350	0
1351	0
1352	0
1353	0
1354	0
1355	0
1356	0
1357	0
1358	0
1359	0
1360	0
1361	0
1362	0
1363	0
1364	0
1365	0
1366	0
1367	0
1368	0
1369	0
1370	0
1371	0
1372	0
1373	0
1374	0
1375	0
1376	0
1377	0
1378	0
1379	0
1380	0
1381	0
1382	0
1383	0
1384	0
1385	0
1386	0
1387	0
1388	0
1389	0
1390	0
1391	0
1392	0
1393	0
1394	0
1395	0
1396	0
1397	0
1398	0
1399	0
1400	0
1401	0
1402	0
1403	0
1404	0
1405	0
1406	0
1407	0
1408	0
1409	0
1410	0
1411	0
1412	0
1413	0
1414	0
1415	0
1416	0
1417	0
1418	0
1419	0
1420	0
1421	0
1422	0
1423	0
1424	0
1425	0
1426	0
1427	0
1428	0
1429	0
1430	0
1431	0
1432	0
1433	0
1434	0
1435	0
1436	0
1437	0
1438	0
1439	0
1440	0
1441	0
1442	0
1443	0
1444	0
1445	0
1446	0
1447	0
1448	0
1449	0
1450	0
1451	0
1452	0
1453	0
1454	0
1455	0
1456	0
1457	0
1458	0
1459	0
1460	0
1461	0
1462	0
1463	0
1464	0
1465	0
1466	0
1467	0
1468	0
1469	0
1470	0
1471	0
1472	0
1473	0
1474	0
1475	0
1476	0
1477	0
1478	0
1479	0
1480	0
1481	0
1482	0
1483	0
1484	0
1485	0
1486	0
1487	0
1488	0
1489	0
1490	0
1491	0
1492	0
1493	0
1494	0
1495	0
1496	0
1497	0
1498	0
1499	0
1500	0
1501	0
1502	0
1503	0
1504	0
1505	0
1506	0
1507	0
1508	0
1509	0
1510	0
1511	0
1512	0
1513	0
1514	0
1515	0
1516	0
1517	0
1518	0
1519	0
1520	0
1521	0
1522	0
1523	0
1524	0
1525	0
1526	0
1527	0
1528	0
1529	0
1530	0
1531	0
1532	0
1533	0
1534	0
1535	0
1536	0
1537	0
1538	0
1539	0
1540	0
1541	0
1542	0
1543	0
1544	0
1545	0
1546	0
1547	0
1548	0
1549	0
1550	0
1551	0
1552	0
1553	0
1554	0
1555	0
1556	0
1557	0
1558	0
1559	0
1560	0
1561	0
1562	0
1563	0
1564	0
1565	0
1566	0
1567	0
1568	0
1569	0
1570	0
1571	0
1572	0
1573	0
1574	0
1575	0
1576	0
1577	0
1578	0
1579	0
1580	0
1581	0
1582	0
1583	0
1584	0
1585	0
1586	0
1587	0
1588	0
1589	0
1590	0
1591	0
1592	0
1593	0
1594	0
1595	0
1596	0
1597	0
1598	0
1599	0
1600	0
1601	0
1602	0
1603	0
1604	0
1605	0
1606	0
1607	0
1608	0
1609	0
1610	0
1611	0
1612	0
1613	0
1614	0
1615	0
1616	0
1617	0
1618	0
1619	0
1620	0
1621	0
1622	0
1623	0
1624	0
1625	0
1626	0
1627	0
1628	0
1629	0
1630	0
1631	0
1632	0
1633	0
1634	0
1635	0
1636	0
1637	0
1638	0
1639	0
1640	0
1641	0
1642	0
1643	0
1644	0
1645	0
1646	0
1647	0
1648	0
1649	0
1650	0
1651	0
1652	0
1653	0
1654	0
1655	0
1656	0
1657	0
1658	0
1659	0
1660	0
1661	0
1662	0
1663	0
1664	0
1665	0
1666	0
1667	0
1668	0
1669	0
1670	0
1671	0
1672	0
1673	0
1674	0
1675	0
1676	0
1677	0
1678	0
1679	0
1680	0
1681	0
1682	0
1683	0
1684	0
1685	0
1686	0
1687	0
1688	0
1689	0
1690	0
1691	0
1692	0
1693	0
1694	0
1695	0
1696	0
1697	0
1698	0
1699	0
1700	0
1701	0
1702	0
1703	0
1704	0
1705	0
1706	0
1707	0
1708	0
1709	0
1710	0
1711	0
1712	0
1713	0
1714	0
1715	0
1716	0
1717	0
1718	0
1719	0
1720	0
1721	0
1722	0
1723	0
1724	0
1725	0
1726	0
1727	0
1728	0
1729	0
1730	0
1731	0
1732	0
1733	0
1734	0
1735	0
1736	0
1737	0
1738	0
1739	0
1740	0
1741	0
1742	0
1743	0
1744	0
1745	0
1746	0
1747	0
1748	0
1749	0
1750	0
1751	0
1752	0
1753	0
1754	0
1755	0
1756	0
1757	0
1758	0
1759	0
1760	0
1761	0
1762	0
1763	0
1764	0
1765	0
1766	0
1767	0
1768	0
1769	0
1770	0
1771	0
1772	0
1773	0
1774	0
1775	0
1776	0
1777	0
1778	0
1779	0
1780	0
1781	0
1782	0
1783	0
1784	0
1785	0
1786	0
1787	0
1788	0
1789	0
1790	0
1791	0
1792	0
1793	0
1794	0
1795	0
1796	0
1797	0
1798	0
1799	0
1800	0
1801	0
1802	0
1803	0
1804	0
1805	0
1806	0
1807	0
1808	0
1809	0
1810	0
1811	0
1812	0
1813	0
1814	0
1815	0
1816	0
1817	0
1818	0
1819	0
1820	0
1821	0
1822	0
1823	0
1824	0
1825	0
1826	0
1827	0
1828	0
1829	0
1830	0
1831	0
1832	0
1833	0
1834	0
1835	0
1836	0
1837	0
1838	0
1839	0
1840	0
1841	0
1842	0
1843	0
1844	0
1845	0
1846	0
1847	0
1848	0
1849	0
1850	0
1851	0
1852	0
1853	0
1854	0
1855	0
1856	0
1857	0
1858	0
1859	0
1860	0
1861	0
1862	0
1863	0
1864	0
1865	0
1866	0
1867	0
1868	0
1869	0
1870	0
1871	0
1872	0
1873	0
1874	0
1875	0
1876	0
1877	0
1878	0
1879	0
1880	0
1881	0
1882	0
1883	1
1884	1
1885	1
1886	1
1887	1
1888	1
1889	1
1890	1
1891	1
1892	1
1893	1
1894	1
1895	1
1896	1
1897	1
1898	1
1899	1
1900	1
1901	1
1902	1
1903	1
1904	1
1905	1
1906	1
1907	1
1908	1
1909	1
1910	1
1911	1
1912	1
1913	1
1914	1
1915	1
1916	1
1917	1
1918	1
1919	1
1920	1
1921	1
1922	1
1923	1
1924	1
1925	1
1926	1
1927	1
1928	1
1929	1
1930	1
1931	1
1932	1
1933	1
1934	1
1935	1
1936	1
1937	1
1938	1
1939	1
1940	1
1941	1
1942	1
1943	1
1944	1
1945	1
1946	1
1947	1
1948	1
1949	1
1950	1
1951	1
1952	1
1953	1
1954	1
1955	1
1956	1
1957	1
1958	1
1959	1
1960	1
1961	1
1962	1
1963	1
1964	1
1965	1
1966	1
1967	1
1968	1
1969	1
1970	1
1971	1
1972	1
1973	1
1974	1
1975	1
1976	1
1977	1
1978	1
1979	1
1980	1
1981	1
1982	1
1983	1
1984	1
1985	1
1986	1
1987	1
1988	2
1989	2
1990	2
1991	2
1992	2
1993	2
1994	2
1995	2
1996	2
1997	2
1998	2
1999	2
2000	2
2001	2
2002	2
2003	2
2004	2
2005	2
2006	2
2007	2
2008	2
2009	2
2010	2
2011	2
2012	2
2013	2
2014	2
2015	2
2016	2
2017	2
2018	2
2019	2
2020	2
2021	2
2022	2
2023	2
2024	2
2025	2
2026	2
2027	2
2028	2
2029	2
2030	2
2031	2
2032	2
2033	2
2034	2
2035	2
2036	2
2037	2
2038	2
2039	2
2040	2
2041	2
2042	2
2043	2
2044	2
2045	2
2046	2
2047	2
2048	2
2049	2
2050	2
2051	2
2052	2
2053	2
2054	2
2055	2
2056	2
2057	2
2058	2
2059	2
2060	2
2061	2
2062	2
2063	2
2064	2
2065	2
2066	2
2067	2
2068	2
2069	2
2070	2
2071	2
2072	2
2073	2
2074	2
2075	2
2076	2
2077	2
2078	2
2079	2
2080	2
2081	2
2082	2
2083	2
2084	2
2085	2
2086	2
2087	2
2088	2
2089	2
2090	2
2091	2
2092	2
2093	2
2094	2
2095	2
2096	2
2097	2
2098	2
2099	2
2100	2
2101	2
2102	2
2103	2
2104	2
2105	2
2106	2
2107	2
2108	2
2109	2
2110	2
2111	2
2112	2
2113	2
2114	2
2115	2
2116	2
2117	2
2118	2
2119	2
2120	2
2121	2
2122	2
2123	2
2124	2
2125	2
2126	2
2127	2
2128	2
2129	2
2130	2
2131	2
2132	2
2133	2
2134	2
2135	2
2136	2
2137	2
2138	2
2139	2
2140	2
2141	2
2142	2
2143	2
2144	2
2145	2
2146	2
2147	2
2148	2
2149	2
2150	2
2151	2
2152	2
2153	2
2154	2
2155	2
2156	2
2157	2
2158	2
2159	2
2160	2
2161	2
2162	2
2163	2
2164	2
2165	2
2166	2
2167	2
2168	2
2169	2
2170	2
2171	2
2172	2
2173	2
2174	2
2175	2
2176	2
2177	2
2178	2
2179	2
2180	2
2181	2
2182	2
2183	2
2184	2
2185	2
2186	2
2187	2
2188	2
2189	2
2190	2
2191	2
2192	2
2193	2
2194	2
2195	2
2196	2
2197	2
2198	2
2199	2
2200	2
2201	2
2202	2
2203	2
2204	2
2205	2
2206	2
2207	2
2208	2
2209	2
2210	2
2211	2
2212	2
2213	2
2214	2
2215	2
2216	2
2217	2
2218	2
2219	2
2220	2
2221	2
2222	2
2223	2
2224	2
2225	2
2226	2
2227	2
2228	2
2229	2
2230	2
2231	2
2232	2
2233	2
2234	2
2235	2
2236	2
2237	2
2238	2
2239	2
2240	2
2241	2
2242	2
2243	2
2244	2
2245	2
2246	2
2247	2
2248	2
2249	2
2250	2
2251	2
2252	2
2253	2
2254	2
2255	2
2256	2
2257	2
2258	2
2259	2
2260	2
2261	2
2262	2
2263	2
2264	2
2265	2
2266	2
2267	2
2268	2
2269	2
2270	2
2271	2
2272	2
2273	2
2274	2
2275	2
2276	2
2277	2
2278	2
2279	2
2280	2
2281	2
2282	2
2283	2
2284	2
2285	2
2286	2
2287	2
2288	2
2289	2
2290	2
2291	2
2292	2
2293	2
2294	2
2295	2
2296	2
2297	2
2298	2
2299	2
2300	2
2301	2
2302	2
2303	2
2304	2
2305	2
2306	2
2307	2
2308	2
2309	2
2310	2
2311	2
2312	2
2313	2
2314	2
2315	2
2316	2
2317	2
2318	2
2319	2
2320	2
2321	2
2322	2
2323	2
2324	2
2325	2
2326	2
2327	2
2328	2
2329	2
2330	2
2331	2
2332	2
2333	2
2334	2
2335	2
2336	2
2337	2
2338	2
2339	2
2340	2
2341	2
2342	2
2343	2
2344	2
2345	2
2346	2
2347	2
2348	2
2349	2
2350	2
2351	2
2352	2
2353	2
2354	2
2355	2
2356	2
2357	2
2358	2
2359	2
2360	2
2361	2
2362	2
2363	2
2364	2
2365	2
2366	2
2367	2
2368	2
2369	2
2370	2
2371	2
2372	2
2373	2
2374	2
2375	2
2376	2
2377	2
2378	2
2379	2
2380	2
2381	2
2382	2
2383	2
2384	2
2385	2
2386	2
2387	2
2388	2
2389	2
2390	2
2391	2
2392	2
2393	2
2394	2
2395	2
2396	2
2397	2
2398	2
2399	2
2400	2
2401	2
2402	2
2403	2
2404	2
2405	2
2406	2
2407	2
2408	2
2409	2
2410	2
2411	2
2412	2
2413	2
2414	2
2415	2
2416	2
2417	2
2418	2
2419	2
2420	2
2421	2
2422	2
2423	2
2424	2
2425	2
2426	2
2427	2
2428	2
2429	2
2430	2
2431	2
2432	2
2433	2
2434	2
2435	2
2436	2
2437	2
2438	2
2439	2
2440	2
2441	2
2442	2
2443	2
2444	2
2445	2
2446	2
2447	2
2448	2
2449	2
2450	2
2451	2
2452	2
2453	2
2454	2
2455	2
2456	2
2457	2
2458	2
2459	2
2460	2
2461	2
2462	2
2463	2
2464	2
2465	2
2466	2
2467	2
2468	2
2469	2
2470	2
2471	2
2472	2
2473	2
2474	2
2475	2
2476	2
2477	2
2478	2
2479	2
2480	2
2481	2
2482	2
2483	2
2484	2
2485	2
2486	2
2487	2
2488	2
2489	2
2490	2
2491	2
2492	2
2493	2
2494	2
2495	2
2496	2
2497	2
2498	2
2499	2
2500	2
2501	2
2502	2
2503	2
2504	2
2505	2
2506	2
2507	2
2508	2
2509	2
2510	2
2511	2
2512	2
2513	2
2514	2
2515	2
2516	2
2517	2
2518	2
2519	2
2520	2
2521	2
2522	2
2523	2
2524	2
2525	2
2526	2
2527	2
2528	2
2529	2
2530	2
2531	2
2532	2
2533	2
2534	2
2535	2
2536	2
2537	2
2538	2
2539	2
2540	2
2541	2
2542	2
2543	2
2544	2
2545	2
2546	2
2547	2
2548	2
2549	2
2550	2
2551	2
2552	2
2553	2
2554	2
2555	2
2556	2
2557	2
2558	2
2559	2
2560	2
2561	2
2562	2
2563	2
2564	2
2565	2
2566	2
2567	2
2568	2
2569	2
2570	2
2571	2
2572	2
2573	2
2574	2
2575	2
2576	2
2577	2
2578	2
2579	2
2580	2
2581	2
2582	2
2583	2
2584	2
2585	2
2586	2
2587	2
2588	2
2589	2
2590	2
2591	2
2592	2
2593	2
2594	2
2595	2
2596	2
2597	2
2598	2
2599	2
2600	2
2601	2
2602	2
2603	2
2604	2
2605	2
2606	2
2607	2
2608	2
2609	2
2610	2
2611	2
2612	2
2613	2
2614	2
2615	2
2616	2
2617	2
2618	2
2619	2
2620	2
2621	2
2622	2
2623	2
2624	2
2625	2
2626	2
2627	2
2628	2
2629	2
2630	2
2631	2
2632	2
2633	2
2634	2
2635	2
2636	2
2637	2
2638	2
2639	2
2640	2
2641	2
2642	2
2643	2
2644	2
2645	2
2646	2
2647	2
2648	2
2649	2
2650	2
2651	2
2652	2
2653	2
2654	2
2655	2
2656	2
2657	2
2658	2
2659	2
2660	2
2661	2
2662	2
2663	2
2664	2
2665	2
2666	2
2667	2
2668	2
2669	2
2670	2
2671	2
2672	2
2673	2
2674	2
2675	2
2676	2
2677	2
2678	2
2679	2
2680	2
2681	2
2682	2
2683	2
2684	2
2685	2
2686	2
2687	2
2688	2
2689	2
2690	2
2691	2
2692	2
2693	2
2694	2
2695	2
2696	2
2697	2
2698	2
2699	2
2700	2
2701	2
2702	2
2703	2
2704	2
2705	2
2706	2
2707	2
2708	2
2709	2
2710	2
2711	2
2712	2
2713	2
2714	2
2715	2
2716	2
2717	2
2718	2
2719	2
2720	2
2721	2
2722	2
2723	2
2724	2
2725	2
2726	2
2727	2
2728	2
2729	2
2730	2
2731	2
2732	2
2733	2
2734	2
2735	2
2736	2
2737	2
2738	2
2739	2
2740	2
2741	2
2742	2
2743	2
2744	2
2745	2
2746	2
2747	2
2748	2
2749	2
2750	2
2751	2
2752	2
2753	2
2754	2
2755	2
2756	2
2757	2
2758	2
2759	2
2760	2
2761	2
2762	2
2763	2
2764	2
2765	2
2766	2
2767	2
2768	2
2769	2
2770	2
2771	2
2772	2
2773	2
2774	2
2775	2
2776	2
2777	2
2778	2
2779	2
2780	2
2781	2
2782	2
2783	2
2784	2
2785	2
2786	2
2787	2
2788	2
2789	2
2790	2
2791	2
2792	2
2793	2
2794	2
2795	2
2796	2
2797	2
2798	2
2799	2
2800	2
2801	2
2802	2
2803	2
2804	2
2805	2
2806	2
2807	2
2808	2
2809	2
2810	2
2811	2
2812	2
2813	2
2814	2
2815	2
2816	2
2817	2
2818	2
2819	2
2820	2
2821	2
2822	2
2823	2
2824	2
2825	2
2826	2
2827	2
2828	2
2829	2
2830	2
2831	2
2832	2
2833	2
2834	2
2835	2
2836	2
2837	2
2838	2
2839	2
2840	2
2841	2
2842	2
2843	2
2844	2
2845	2
2846	2
2847	2
2848	2
2849	2
2850	2
2851	2
2852	2
2853	3
2854	3
2855	3
2856	3
2857	3
2858	3
2859	3
2860	3
2861	3
2862	3
2863	3
2864	3
2865	3
2866	3
2867	3
2868	3
2869	3
2870	3
2871	3
2872	3
2873	3
2874	3
2875	3
2876	3
2877	3
2878	3
2879	3
2880	3
2881	3
2882	3
2883	3
2884	3
2885	3
2886	3
2887	3
2888	3
2889	3
2890	3
2891	3
2892	3
2893	3
2894	3
2895	3
2896	3
2897	4
2898	4
2899	4
2900	4
2901	4
2902	4
2903	4
2904	4
2905	4
2906	4
2907	4
2908	4
2909	4
2910	4
2911	4
2912	4
2913	4
2914	4
2915	4
2916	4
2917	4
2918	4
2919	4
2920	4
2921	4
2922	4
2923	4
2924	4
2925	4
2926	4
2927	4
2928	4
2929	4
2930	4
2931	4
2932	4
2933	4
2934	4
2935	4
2936	4
2937	4
2938	4
2939	4
2940	4
2941	4
2942	4
2943	4
2944	4
2945	4
2946	4
2947	4
2948	4
2949	4
2950	4
2951	4
2952	4
2953	4
2954	4
2955	4
2956	4
2957	4
2958	4
2959	4
2960	4
2961	4
2962	4
2963	4
2964	4
2965	4
2966	4
2967	4
2968	4
2969	4
2970	4
2971	4
2972	4
2973	4
2974	4
2975	4
2976	4
2977	4
2978	4
2979	4
2980	4
2981	4
2982	4
2983	4
2984	4
2985	4
2986	4
2987	4
2988	4
2989	4
2990	4
2991	4
2992	4
2993	4
2994	4
2995	4
2996	4
2997	4
2998	4
2999	4
3000	4
3001	4
3002	4
3003	4
3004	4
3005	4
3006	4
3007	4
3008	4
3009	4
3010	4
3011	4
3012	4
3013	4
3014	4
3015	4
3016	4
3017	4
3018	4
3019	4
3020	4
3021	4
3022	4
3023	4
3024	4
3025	4
3026	4
3027	4
3028	4
3029	4
3030	4
3031	4
3032	4
3033	4
3034	4
3035	4
3036	4
3037	4
3038	4
3039	4
3040	4
3041	4
3042	4
3043	4
3044	4
3045	4
3046	4
3047	4
3048	4
3049	4
3050	4
3051	4
3052	4
3053	4
3054	4
3055	4
3056	4
3057	4
3058	4
3059	4
3060	4
3061	4
3062	4
3063	4
3064	4
3065	4
3066	4
3067	4
3068	4
3069	4
3070	4
3071	4
3072	4
3073	4
3074	4
3075	4
3076	4
3077	4
3078	4
3079	4
3080	4
3081	4
3082	4
3083	4
3084	4
3085	4
3086	4
3087	4
3088	4
3089	4
3090	4
3091	4
3092	4
3093	4
3094	4
3095	4
3096	4
3097	4
3098	4
3099	4
3100	4
3101	4
3102	4
3103	4
3104	4
3105	4
3106	4
3107	4
3108	4
3109	4
3110	4
3111	4
3112	4
3113	4
3114	4
3115	4
3116	4
3117	4
3118	4
3119	4
3120	4
3121	4
3122	4
3123	4
3124	4
3125	4
3126	4
3127	4
3128	5
3129	5
3130	5
3131	5
3132	5
3133	5
3134	5
3135	5
3136	5
3137	5
3138	5
3139	5
3140	5
3141	5
3142	5
3143	5
3144	5
3145	5
3146	5
3147	5
3148	5
3149	5
3150	5
3151	5
3152	5
3153	5
3154	5
3155	5
3156	5
3157	5
3158	5
3159	5
3160	5
3161	5
3162	5
3163	5
3164	5
3165	5
3166	5
3167	5
3168	5
3169	5
3170	5
3171	5
3172	5
3173	5
3174	5
3175	5
3176	5
3177	5
3178	5
3179	5
3180	5
3181	5
3182	5
3183	5
3184	5
3185	5
3186	5
3187	5
3188	5
3189	5
3190	5
3191	5
3192	5
3193	5
3194	5
3195	5
3196	5
3197	5
3198	5
3199	5
3200	5
3201	5
3202	5
3203	5
3204	5
3205	5
3206	5
3207	5
3208	5
3209	5
3210	5
3211	5
3212	5
3213	5
3214	5
3215	5
3216	5
3217	5
3218	5
3219	5
3220	5
3221	5
3222	5
3223	5
3224	5
3225	5
3226	5
3227	5
3228	5
3229	5
3230	5
3231	5
3232	5
3233	5
3234	5
3235	5
3236	5
3237	5
3238	5
3239	5
3240	5
3241	5
3242	5
3243	5
3244	5
3245	5
3246	5
3247	5
3248	5
3249	5
3250	5
3251	5
3252	5
3253	5
3254	5
3255	5
3256	5
3257	5
3258	5
3259	5
3260	5
3261	5
3262	5
3263	5
3264	5
3265	5
3266	5
3267	5
3268	5
3269	5
3270	5
3271	5
3272	5
3273	5
3274	5
3275	5
3276	5
3277	5
3278	5
3279	5
3280	5
3281	5
3282	5
3283	5
3284	5
3285	5
3286	5
3287	5
3288	5
3289	5
3290	5
3291	5
3292	5
3293	5
3294	5
3295	5
3296	5
3297	5
3298	5
3299	5
3300	5
3301	5
3302	5
3303	5
3304	5
3305	5
3306	5
3307	5
3308	5
3309	5
3310	5
3311	5
3312	5
3313	5
3314	5
3315	5
3316	5
3317	5
3318	5
3319	5
3320	5
3321	5
3322	5
3323	5
3324	5
3325	5
3326	5
3327	5
3328	5
3329	5
3330	5
3331	5
3332	5
3333	5
3334	5
3335	5
3336	5
3337	5
3338	5
3339	5
3340	5
3341	5
3342	5
3343	5
3344	5
3345	5
3346	5
3347	5
3348	5
3349	5
3350	5
3351	5
3352	5
3353	5
3354	5
3355	5
3356	5
3357	5
3358	5
3359	5
3360	5
3361	5
3362	5
3363	5
3364	5
3365	5
3366	5
3367	5
3368	5
3369	5
3370	5
3371	5
3372	5
3373	5
3374	5
3375	5
3376	5
3377	5
3378	5
3379	5
3380	5
3381	5
3382	5
3383	5
3384	5
3385	5
3386	5
3387	5
3388	5
3389	5
3390	5
3391	5
3392	5
3393	5
3394	5
3395	5
3396	5
3397	5
3398	5
3399	5
3400	5
3401	5
3402	5
3403	5
3404	5
3405	5
3406	5
3407	5
3408	5
3409	5
3410	5
3411	5
3412	5
3413	5
3414	5
3415	5
3416	5
3417	5
3418	5
3419	5
3420	5
3421	5
3422	5
3423	5
3424	5
3425	5
3426	5
3427	5
3428	5
3429	5
3430	5
3431	5
3432	5
3433	5
3434	5
3435	5
3436	5
3437	5
3438	5
3439	5
3440	5
3441	5
3442	5
3443	5
3444	5
3445	5
3446	5
3447	5
3448	5
3449	5
3450	5
3451	5
3452	5
3453	5
3454	5
3455	5
3456	5
3457	5
3458	5
3459	5
3460	5
3461	5
3462	5
3463	5
3464	5
3465	5
3466	5
3467	5
3468	5
3469	5
3470	5
3471	5
3472	5
3473	5
3474	5
3475	5
3476	5
3477	5
3478	5
3479	5
3480	5
3481	5
3482	5
3483	5
3484	5
3485	5
3486	5
3487	5
3488	5
3489	5
3490	5
3491	5
3492	5
3493	5
3494	5
3495	5
3496	5
3497	5
3498	5
3499	5
3500	5
3501	5
3502	5
3503	5
3504	5
3505	5
3506	5
3507	5
3508	5
3509	5
3510	5
3511	5
3512	5
3513	5
3514	5
3515	5
3516	5
3517	5
3518	5
3519	5
3520	5
3521	5
3522	5
3523	5
3524	5
3525	5
3526	5
3527	5
3528	5
3529	5
3530	5
3531	5
3532	5
3533	5
3534	5
3535	5
3536	5
3537	5
3538	5
3539	5
3540	5
3541	5
3542	5
3543	5
3544	5
3545	5
3546	5
3547	5
3548	5
3549	5
3550	5
3551	5
3552	5
3553	5
3554	5
3555	5
3556	5
3557	5
3558	5
3559	5
3560	5
3561	5
3562	5
3563	5
3564	5
3565	5
3566	5
3567	5
3568	5
3569	5
3570	5
3571	5
3572	5
3573	5
3574	5
3575	5
3576	5
3577	5
3578	5
3579	5
3580	5
3581	5
3582	5
3583	5
3584	5
3585	5
3586	5
3587	5
3588	5
3589	5
3590	5
3591	5
3592	5
3593	5
3594	5
3595	5
3596	5
3597	5
3598	5
3599	5
3600	5
3601	5
3602	5
3603	5
3604	5
3605	5
3606	5
3607	5
3608	5
3609	5
3610	5
3611	5
3612	5
3613	5
3614	5
3615	5
3616	5
3617	5
3618	5
3619	5
3620	5
3621	5
3622	5
3623	5
3624	5
3625	5
3626	5
3627	5
3628	5
3629	5
3630	5
3631	5
3632	5
3633	5
3634	5
3635	5
3636	5
3637	5
3638	5
3639	5
3640	5
3641	5
3642	5
3643	5
3644	5
3645	5
3646	5
3647	5
3648	5
3649	5
3650	5
3651	5
3652	5
3653	5
3654	5
3655	5
3656	5
3657	5
3658	5
3659	5
3660	5
3661	5
3662	5
3663	5
3664	5
3665	5
3666	5
3667	5
3668	5
3669	5
3670	5
3671	5
3672	5
3673	5
3674	5
3675	5
3676	5
3677	5
3678	5
3679	5
3680	5
3681	5
3682	5
3683	5
3684	5
3685	5
3686	5
3687	5
3688	5
3689	5
3690	5
3691	5
3692	5
3693	5
3694	5
3695	5
3696	5
3697	5
3698	5
3699	5
3700	5
3701	5
3702	5
3703	5
3704	5
3705	5
3706	5
3707	5
3708	5
3709	5
3710	5
3711	5
3712	5
3713	5
3714	5
3715	5
3716	5
3717	5
3718	5
3719	5
3720	5
3721	5
3722	5
3723	5
3724	5
3725	5
3726	5
3727	5
3728	5
3729	5
3730	5
3731	5
3732	5
3733	5
3734	5
3735	5
3736	5
3737	5
3738	5
3739	5
3740	5
3741	5
3742	5
3743	5
3744	5
3745	5
3746	5
3747	5
3748	5
3749	5
3750	5
3751	5
3752	5
3753	5
3754	5
3755	5
3756	5
3757	5
3758	5
3759	5
3760	5
3761	5
3762	5
3763	5
3764	5
3765	5
3766	5
3767	5
3768	5
3769	5
3770	5
3771	5
3772	5
3773	5
3774	5
3775	5
3776	5
3777	5
3778	5
3779	5
3780	5
3781	5
3782	5
3783	5
3784	5
3785	5
3786	5
3787	5
3788	5
3789	5
3790	5
3791	5
3792	5
3793	5
3794	5
3795	5
3796	5
3797	5
3798	5
3799	5
3800	5
3801	5
3802	5
3803	5
3804	5
3805	5
3806	5
3807	5
3808	5
3809	5
3810	5
3811	5
3812	5
3813	5
3814	5
3815	5
3816	5
3817	5
3818	5
3819	5
3820	5
3821	5
3822	5
3823	5
3824	5
3825	5
3826	5
3827	5
3828	5
3829	5
3830	5
3831	5
3832	5
3833	5
3834	5
3835	5
3836	5
3837	5
3838	5
3839	5
3840	5
3841	5
3842	5
3843	5
3844	5
3845	5
3846	5
3847	5
3848	5
3849	5
3850	5
3851	5
3852	5
3853	5
3854	5
3855	5
3856	5
3857	5
3858	5
3859	5
3860	5
3861	5
3862	5
3863	5
3864	5
3865	5
3866	5
3867	5
3868	5
3869	5
3870	5
3871	5
3872	5
3873	5
3874	5
3875	5
3876	5
3877	5
3878	5
3879	5
3880	5
3881	5
3882	5
3883	5
3884	5
3885	5
3886	5
3887	5
3888	5
3889	5
3890	5
3891	5
3892	5
3893	5
3894	5
3895	5
3896	5
3897	5
3898	5
3899	5
3900	5
3901	5
3902	5
3903	5
3904	5
3905	5
3906	5
3907	5
3908	5
3909	5
3910	5
3911	5
3912	5
3913	5
3914	5
3915	5
3916	5
3917	5
3918	5
3919	5
3920	5
3921	5
3922	5
3923	5
3924	5
3925	5
3926	5
3927	5
3928	5
3929	5
3930	5
3931	5
3932	5
3933	5
3934	5
3935	5
3936	5
3937	5
3938	5
3939	5
3940	5
3941	5
3942	5
3943	5
3944	5
3945	5
3946	5
3947	5
3948	5
3949	5
3950	5
3951	5
3952	5
3953	5
3954	5
3955	5
3956	5
3957	5
3958	5
3959	5
3960	5
3961	5
3962	5
3963	5
3964	5
3965	5
3966	5
3967	5
3968	5
3969	5
3970	5
3971	5
3972	5
3973	5
3974	5
3975	5
3976	5
3977	5
3978	5
3979	5
3980	5
3981	5
3982	5
3983	5
3984	5
3985	5
3986	5
3987	5
3988	5
3989	5
3990	5
3991	5
3992	5
3993	5
3994	5
3995	5
3996	5
3997	5
3998	5
3999	5
4000	5
4001	5
4002	5
4003	5
4004	5
4005	5
4006	5
4007	5
4008	5
4009	5
4010	5
4011	5
4012	5
4013	5
4014	5
4015	5
4016	5
4017	5
4018	5
4019	5
4020	5
4021	5
4022	5
4023	5
4024	5
4025	5
4026	5
4027	5
4028	5
4029	5
4030	5
4031	5
4032	5
4033	5
4034	5
4035	5
4036	5
4037	5
4038	5
4039	5
4040	5
4041	5
4042	5
4043	5
4044	5
4045	5
4046	5
4047	5
4048	5
4049	5
4050	5
4051	5
4052	5
4053	5
4054	5
4055	5
4056	5
4057	5
4058	5
4059	5
4060	5
4061	5
4062	5
4063	5
4064	5
4065	5
4066	5
4067	5
4068	5
4069	5
4070	5
4071	5
4072	5
4073	5
4074	5
4075	5
4076	5
4077	5
4078	5
4079	5
4080	5
4081	5
4082	5
4083	5
4084	5
4085	5
4086	5
4087	5
4088	5
4089	5
4090	5
4091	5
4092	5
4093	5
4094	5
4095	5
4096	5
4097	5
4098	5
4099	5
4100	5
4101	5
4102	5
4103	5
4104	5
4105	5
4106	5
4107	5
4108	5
4109	5
4110	5
4111	5
4112	5
4113	5
4114	5
4115	5
4116	5
4117	5
4118	5
4119	5
4120	5
4121	5
4122	5
4123	5
4124	5
4125	5
4126	5
4127	5
4128	5
4129	5
4130	5
4131	5
4132	5
4133	5
4134	5
4135	5
4136	5
4137	5
4138	5
4139	5
4140	5
4141	5
4142	5
4143	5
4144	5
4145	5
4146	5
4147	5
4148	5
4149	5
4150	5
4151	5
4152	5
4153	5
4154	5
4155	5
4156	5
4157	5
4158	5
4159	5
4160	5
4161	5
4162	5
4163	5
4164	5
4165	5
4166	5
4167	5
4168	5
4169	5
4170	5
4171	5
4172	5
4173	5
4174	5
4175	5
4176	5
4177	5
4178	5
4179	5
4180	5
4181	5
4182	5
4183	5
4184	5
4185	5
4186	5
4187	5
4188	5
4189	5
4190	5
4191	5
4192	5
4193	5
4194	5
4195	5
4196	5
4197	5
4198	5
4199	5
4200	5
4201	5
4202	5
4203	5
4204	5
4205	5
4206	5
4207	5
4208	5
4209	5
4210	5
4211	5
4212	5
4213	5
4214	5
4215	5
4216	5
4217	5
4218	5
4219	5
4220	5
4221	5
4222	5
4223	5
4224	5
4225	5
4226	5
4227	5
4228	5
4229	5
4230	5
4231	5
4232	5
4233	5
4234	5
4235	5
4236	5
4237	5
4238	5
4239	5
4240	5
4241	5
4242	5
4243	5
4244	5
4245	5
4246	5
4247	5
4248	5
4249	5
4250	5
4251	5
4252	5
4253	5
4254	5
4255	5
4256	5
4257	5
4258	5
4259	5
4260	5
4261	5
4262	5
4263	5
4264	5
4265	5
4266	5
4267	5
4268	5
4269	5
4270	5
4271	5
4272	5
4273	5
4274	5
4275	5
4276	5
4277	5
4278	5
4279	5
4280	5
4281	5
4282	5
4283	5
4284	5
4285	5
4286	5
4287	5
4288	5
4289	5
4290	5
4291	5
4292	5
4293	5
4294	5
4295	5
4296	5
4297	5
4298	5
4299	5
4300	5
4301	5
4302	5
4303	5
4304	5
4305	5
4306	5
4307	5
4308	5
4309	5
4310	5
4311	5
4312	5
4313	5
4314	5
4315	5
4316	5
4317	5
4318	5
4319	5
4320	5
4321	5
4322	5
4323	5
4324	5
4325	5
4326	5
4327	5
4328	5
4329	5
4330	5
4331	5
4332	5
4333	5
4334	5
4335	5
4336	5
4337	5
4338	5
4339	5
4340	5
4341	5
4342	5
4343	5
4344	5
4345	5
4346	5
4347	5
4348	5
4349	5
4350	5
4351	5
4352	5
4353	5
4354	5
4355	5
4356	5
4357	5
4358	5
4359	5
4360	5
4361	5
4362	5
4363	5
4364	5
4365	5
4366	5
4367	5
4368	5
4369	5
4370	5
4371	5
4372	5
4373	5
4374	5
4375	5
4376	5
4377	5
4378	5
4379	5
4380	5
4381	5
4382	5
4383	5
4384	5
4385	5
4386	5
4387	5
4388	5
4389	5
4390	5
4391	5
4392	5
4393	5
4394	5
4395	5
4396	5
4397	5
4398	5
4399	5
4400	5
4401	5
4402	5
4403	5
4404	5
4405	5
4406	5
4407	5
4408	5
4409	5
4410	5
4411	5
4412	5
4413	5
4414	5
4415	5
4416	5
4417	5
4418	5
4419	5
4420	5
4421	5
4422	5
4423	5
4424	5
4425	5
4426	5
4427	5
4428	5
4429	5
4430	5
4431	5
4432	5
4433	5
4434	5
4435	5
4436	5
4437	5
4438	5
4439	5
4440	5
4441	5
4442	5
4443	5
4444	5
4445	5
4446	5
4447	5
4448	5
4449	5
4450	5
4451	5
4452	5
4453	5
4454	5
4455	5
4456	5
4457	5
4458	5
4459	5
4460	5
4461	5
4462	5
4463	5
4464	5
4465	5
4466	5
4467	5
4468	5
4469	5
4470	5
4471	5
4472	5
4473	5
4474	5
4475	5
4476	5
4477	5
4478	5
4479	5
4480	5
4481	5
4482	5
4483	5
4484	5
4485	5
4486	5
4487	5
4488	5
4489	5
4490	5
4491	5
4492	5
4493	5
4494	5
4495	5
4496	5
4497	5
4498	5
4499	5
4500	5
4501	5
4502	5
4503	5
4504	5
4505	5
4506	5
4507	5
4508	5
4509	5
4510	5
4511	5
4512	5
4513	5
4514	5
4515	5
4516	5
4517	5
4518	5
4519	5
4520	5
4521	5
4522	5
4523	5
4524	5
4525	5
4526	5
4527	5
4528	5
4529	5
4530	5
4531	5
4532	5
4533	5
4534	5
4535	5
4536	5
4537	5
4538	5
4539	5
4540	5
4541	5
4542	5
4543	5
4544	5
4545	5
4546	5
4547	5
4548	5
4549	5
4550	5
4551	5
4552	5
4553	5
4554	5
4555	5
4556	5
4557	5
4558	5
4559	5
4560	5
4561	5
4562	5
4563	5
4564	5
4565	5
4566	5
4567	5
4568	5
4569	5
4570	5
4571	5
4572	5
4573	5
4574	5
4575	5
4576	5
4577	5
4578	5
4579	5
4580	5
4581	5
4582	5
4583	5
4584	5
4585	5
4586	5
4587	5
4588	5
4589	5
4590	5
4591	5
4592	5
4593	5
4594	5
4595	5
4596	5
4597	5
4598	5
4599	5
4600	5
4601	5
4602	5
4603	5
4604	5
4605	5
4606	5
4607	5
4608	5
4609	5
4610	5
4611	5
4612	5
4613	5
4614	5
4615	5
4616	5
4617	5
4618	5
4619	5
4620	5
4621	5
4622	5
4623	5
4624	5
4625	5
4626	5
4627	5
4628	5
4629	5
4630	5
4631	5
4632	5
4633	5
4634	5
4635	5
4636	5
4637	5
4638	5
4639	5
4640	5
4641	5
4642	5
4643	5
4644	5
4645	5
4646	5
4647	5
4648	5
4649	5
4650	5
4651	5
4652	5
4653	5
4654	5
4655	5
4656	5
4657	5
4658	5
4659	5
4660	5
4661	5
4662	5
4663	5
4664	5
4665	5
4666	5
4667	5
4668	5
4669	5
4670	5
4671	5
4672	5
4673	5
4674	5
4675	5
4676	5
4677	5
4678	5
4679	5
4680	5
4681	5
4682	5
4683	5
4684	5
4685	5
4686	5
4687	5
4688	5
4689	5
4690	5
4691	5
4692	5
4693	5
4694	5
4695	5
4696	5
4697	5
4698	5
4699	5
4700	5
4701	5
4702	5
4703	5
4704	5
4705	5
4706	5
4707	5
4708	5
4709	5
4710	5
4711	5
4712	5
4713	5
4714	5
4715	5
4716	5
4717	5
4718	5
4719	5
4720	5
4721	5
4722	5
4723	5
4724	5
4725	5
4726	5
4727	5
4728	5
4729	5
4730	5
4731	5
4732	5
4733	5
4734	5
4735	5
4736	5
4737	5
4738	5
4739	5
4740	5
4741	5
4742	5
4743	5
4744	5
4745	5
4746	5
4747	5
4748	5
4749	5
4750	5
4751	5
4752	5
4753	5
4754	5
4755	5
4756	5
4757	5
4758	5
4759	5
4760	5
4761	5
4762	5
4763	5
4764	5
4765	5
4766	5
4767	5
4768	5
4769	5
4770	5
4771	5
4772	5
4773	5
4774	5
4775	5
4776	5
4777	5
4778	5
4779	5
4780	5
4781	5
4782	5
4783	5
4784	5
4785	5
4786	5
4787	5
4788	5
4789	5
4790	5
4791	5
4792	5
4793	5
4794	5
4795	5
4796	5
4797	5
4798	5
4799	5
4800	5
4801	5
4802	5
4803	5
4804	5
4805	5
4806	5
4807	5
4808	5
4809	5
4810	5
4811	5
4812	5
4813	5
4814	5
4815	5
4816	5
4817	5
4818	5
4819	5
4820	5
4821	5
4822	5
4823	5
4824	5
4825	5
4826	5
4827	5
4828	5
4829	5
4830	5
4831	5
4832	5
4833	5
4834	5
4835	5
4836	5
4837	5
4838	5
4839	5
4840	5
4841	5
4842	5
4843	5
4844	5
4845	5
4846	5
4847	5
4848	5
4849	5
4850	5
4851	5
4852	5
4853	5
4854	5
4855	5
4856	5
4857	5
4858	5
4859	5
4860	5
4861	5
4862	5
4863	5
4864	5
4865	5
4866	5
4867	5
4868	5
4869	5
4870	5
4871	5
4872	5
4873	5
4874	5
4875	5
4876	5
4877	5
4878	5
4879	5
4880	5
4881	5
4882	5
4883	5
4884	5
4885	5
4886	5
4887	5
4888	5
4889	5
4890	5
4891	5
4892	5
4893	5
4894	5
4895	5
4896	5
4897	5
4898	5
4899	5
4900	5
4901	5
4902	5
4903	5
4904	5
4905	5
4906	5
4907	5
4908	5
4909	5
4910	5
4911	5
4912	5
4913	5
4914	5
4915	5
4916	5
4917	5
4918	5
4919	5
4920	5
4921	5
4922	5
4923	5
4924	5
4925	5
4926	5
4927	5
4928	5
4929	5
4930	5
4931	5
4932	5
4933	5
4934	5
4935	5
4936	5
4937	5
4938	5
4939	5
4940	5
4941	5
4942	5
4943	5
4944	5
4945	5
4946	5
4947	5
4948	5
4949	5
4950	5
4951	5
4952	5
4953	5
4954	5
4955	5
4956	5
4957	5
4958	5
4959	5
4960	5
4961	5
4962	5
4963	5
4964	5
4965	5
4966	5
4967	5
4968	5
4969	5
4970	5
4971	5
4972	5
4973	5
4974	5
4975	5
4976	5
4977	5
4978	5
4979	5
4980	5
4981	5
4982	5
4983	5
4984	5
4985	5
4986	5
4987	5
4988	5
4989	5
4990	5
4991	5
4992	5
4993	5
4994	5
4995	5
4996	5
4997	5
4998	5
4999	5
5000	5
5001	5
5002	5
5003	5
5004	5
5005	5
5006	5
5007	5
5008	5
5009	5
5010	5
5011	5
5012	5
5013	5
5014	5
5015	5
5016	5
5017	5
5018	5
5019	5
5020	5
5021	5
5022	5
5023	5
5024	5
5025	5
5026	5
5027	5
5028	5
5029	5
5030	5
5031	5
5032	5
5033	5
5034	5
5035	5
5036	5
5037	5
5038	5
5039	5
5040	5
5041	5
5042	5
5043	5
5044	5
5045	5
5046	5
5047	5
5048	5
5049	5
5050	5
5051	5
5052	5
5053	5
5054	5
5055	5
5056	5
5057	5
5058	5
5059	5
5060	5
5061	5
5062	5
5063	5
5064	5
5065	5
5066	5
5067	5
5068	5
5069	5
5070	5
5071	5
5072	5
5073	5
5074	5
5075	5
5076	5
5077	5
5078	5
5079	5
5080	5
5081	5
5082	5
5083	5
5084	5
5085	5
5086	5
5087	5
5088	5
5089	5
5090	5
5091	5
5092	5
5093	5
5094	5
5095	5
5096	5
5097	5
5098	5
5099	6
5100	6
5101	6
5102	6
5103	6
5104	6
5105	6
5106	6
5107	6
5108	6
5109	6
5110	6
5111	6
5112	6
5113	6
5114	6
5115	6
5116	6
5117	6
5118	6
5119	6
5120	6
5121	6
5122	6
5123	6
5124	6
5125	6
5126	6
5127	6
5128	6
5129	6
5130	6
5131	6
5132	6
5133	6
5134	6
5135	6
5136	6
5137	6
5138	6
5139	6
5140	6
5141	6
5142	6
5143	6
5144	6
5145	6
5146	6
5147	6
5148	6
5149	6
5150	6
5151	6
5152	6
5153	6
5154	6
5155	6
5156	6
5157	6
5158	6
5159	6
5160	6
5161	6
5162	6
5163	6
5164	6
5165	6
5166	6
5167	6
5168	6
5169	6
5170	6
5171	6
5172	6
5173	6
5174	6
5175	6
5176	6
5177	6
5178	6
5179	6
5180	6
5181	6
5182	6
5183	6
5184	6
5185	6
5186	6
5187	6
5188	6
5189	6
5190	6
5191	6
5192	6
5193	6
5194	6
5195	6
5196	6
5197	6
5198	6
5199	6
5200	6
5201	6
5202	6
5203	6
5204	6
5205	6
5206	6
5207	6
5208	6
5209	6
5210	6
5211	6
5212	6
5213	6
5214	6
5215	6
5216	6
5217	6
5218	6
5219	6
5220	6
5221	6
5222	6
5223	6
5224	6
5225	6
5226	6
5227	6
5228	6
5229	6
5230	6
5231	6
5232	6
5233	6
5234	6
5235	6
5236	6
5237	6
5238	6
5239	6
5240	6
5241	6
5242	6
5243	6
5244	6
5245	6
5246	6
5247	6
5248	6
5249	6
5250	6
5251	6
5252	6
5253	6
5254	6
5255	6
5256	6
5257	6
5258	6
5259	6
5260	6
5261	6
5262	6
5263	6
5264	6
5265	6
5266	6
5267	6
5268	6
5269	6
5270	6
5271	6
5272	6
5273	6
5274	6
5275	6
5276	6
5277	6
5278	6
5279	6
5280	6
5281	6
5282	6
5283	6
5284	6
5285	6
5286	6
5287	6
5288	6
5289	6
5290	6
5291	6
5292	6
5293	6
5294	6
5295	6
5296	6
5297	6
5298	6
5299	6
5300	6
5301	6
5302	6
5303	6
5304	6
5305	6
5306	6
5307	6
5308	6
5309	6
5310	6
5311	6
5312	6
5313	6
5314	6
5315	6
5316	6
5317	6
5318	6
5319	6
5320	6
5321	6
5322	6
5323	6
5324	6
5325	6
5326	6
5327	6
5328	6
5329	6
5330	6
5331	6
5332	6
5333	6
5334	6
5335	6
5336	6
5337	6
5338	6
5339	6
5340	6
5341	6
5342	6
5343	6
5344	6
5345	6
5346	6
5347	6
5348	6
5349	6
5350	6
5351	6
5352	6
5353	6
5354	6
5355	6
5356	6
5357	6
5358	6
5359	6
5360	6
5361	6
5362	6
5363	6
5364	6
5365	6
5366	6
5367	6
5368	6
5369	6
5370	6
5371	6
5372	6
5373	6
5374	6
5375	6
5376	6
5377	6
5378	6
5379	6
5380	6
5381	6
5382	6
5383	6
5384	6
5385	6
5386	6
5387	6
5388	6
5389	6
5390	6
5391	6
5392	6
5393	6
5394	6
5395	6
5396	6
5397	6
5398	6
5399	6
5400	6
5401	6
5402	6
5403	6
5404	6
5405	6
5406	6
5407	6
5408	6
5409	6
5410	6
5411	6
5412	6
5413	6
5414	6
5415	6
5416	6
5417	6
5418	6
5419	6
5420	6
5421	6
5422	6
5423	6
5424	6
5425	6
5426	6
5427	6
5428	6
5429	6
5430	6
5431	6
5432	6
5433	6
5434	6
5435	6
5436	6
5437	6
5438	6
5439	6
5440	6
5441	6
5442	6
5443	6
5444	6
5445	6
5446	6
5447	6
5448	6
5449	6
5450	6
5451	6
5452	6
5453	6
5454	6
5455	6
5456	6
5457	6
5458	6
5459	6
5460	6
5461	6
5462	6
5463	6
5464	6
5465	6
5466	6
5467	6
5468	6
5469	6
5470	6
5471	6
5472	6
5473	6
5474	6
5475	6
5476	6
5477	6
5478	6
5479	6
5480	6
5481	6
5482	6
5483	6
5484	6
5485	6
5486	6
5487	6
5488	6
5489	6
5490	6
5491	6
5492	6
5493	6
5494	6
5495	6
5496	6
5497	6
5498	6
5499	6
5500	6
5501	6
5502	6
5503	6
5504	6
5505	6
5506	6
5507	6
5508	6
5509	6
5510	6
5511	6
5512	6
5513	6
5514	6
5515	6
5516	6
5517	6
5518	6
5519	6
5520	6
5521	6
5522	6
5523	6
5524	6
5525	6
5526	6
5527	6
5528	6
5529	6
5530	6
5531	6
5532	6
5533	6
5534	6
5535	6
5536	6
5537	6
5538	6
5539	6
5540	6
5541	6
5542	6
5543	6
5544	6
5545	6
5546	6
5547	6
5548	6
5549	6
5550	6
5551	6
5552	6
5553	6
5554	6
5555	6
5556	6
5557	6
5558	6
5559	6
5560	6
5561	6
5562	6
5563	6
5564	6
5565	6
5566	6
5567	6
5568	6
5569	6
5570	6
5571	6
5572	6
5573	6
5574	6
5575	6
5576	6
5577	6
5578	6
5579	6
5580	6
5581	6
5582	6
5583	6
5584	6
5585	6
5586	6
5587	6
5588	6
5589	6
5590	6
5591	6
5592	6
5593	6
5594	6
5595	6
5596	6
5597	6
5598	6
5599	6
5600	6
5601	6
5602	6
5603	6
5604	6
5605	6
5606	6
5607	6
5608	6
5609	6
5610	6
5611	6
5612	6
5613	6
5614	6
5615	6
5616	6
5617	6
5618	6
5619	6
5620	6
5621	6
5622	6
5623	6
5624	6
5625	6
5626	6
5627	6
5628	6
5629	6
5630	6
5631	6
5632	6
5633	6
5634	6
5635	6
5636	6
5637	6
5638	6
5639	6
5640	6
5641	6
5642	6
5643	6
5644	6
5645	6
5646	6
5647	6
5648	6
5649	6
5650	6
5651	6
5652	6
5653	6
5654	6
5655	6
5656	6
5657	6
5658	6
5659	6
5660	6
5661	6
5662	6
5663	6
5664	6
5665	6
5666	6
5667	6
5668	6
5669	6
5670	6
5671	6
5672	6
5673	6
5674	6
5675	6
5676	6
5677	6
5678	6
5679	6
5680	6
5681	6
5682	6
5683	6
5684	6
5685	6
5686	6
5687	6
5688	6
5689	6
5690	6
5691	6
5692	6
5693	6
5694	6
5695	6
5696	6
5697	6
5698	6
5699	6
5700	6
5701	6
5702	6
5703	6
5704	6
5705	6
5706	6
5707	6
5708	6
5709	6
5710	6
5711	6
5712	6
5713	6
5714	6
5715	6
5716	6
5717	6
5718	6
5719	6
5720	6
5721	6
5722	6
5723	6
5724	6
5725	6
5726	6
5727	6
5728	6
5729	6
5730	6
5731	6
5732	6
5733	6
5734	6
5735	6
5736	6
5737	6
5738	6
5739	6
5740	6
5741	6
5742	6
5743	6
5744	6
5745	6
5746	6
5747	6
5748	6
5749	6
5750	6
5751	6
5752	6
5753	6
5754	6
5755	6
5756	6
5757	6
5758	6
5759	6
5760	6
5761	6
5762	6
5763	6
5764	6
5765	6
5766	6
5767	6
5768	6
5769	6
5770	6
5771	6
5772	6
5773	6
5774	6
5775	6
5776	6
5777	6
5778	6
5779	6
5780	6
5781	7
5782	7
5783	7
5784	7
5785	7
5786	7
5787	7
5788	7
5789	7
5790	7
5791	7
5792	7
5793	7
5794	7
5795	7
5796	7
5797	7
5798	7
5799	7
5800	7
5801	7
5802	7
5803	7
5804	7
5805	7
5806	7
5807	7
5808	7
5809	7
5810	7
5811	7
5812	7
5813	7
5814	7
5815	7
5816	7
5817	7
5818	7
5819	7
5820	7
5821	7
5822	7
5823	7
5824	7
5825	7
5826	7
5827	7
5828	7
5829	7
5830	7
5831	7
5832	7
5833	7
5834	7
5835	7
5836	7
5837	7
5838	7
5839	7
5840	7
5841	7
5842	7
5843	7
5844	7
5845	7
5846	7
5847	7
5848	7
5849	7
5850	7
5851	7
5852	7
5853	7
5854	7
5855	7
5856	7
5857	7
5858	7
5859	7
5860	7
5861	7
5862	7
5863	7
5864	7
5865	7
5866	7
5867	7
5868	7
5869	7
5870	7
5871	7
5872	7
5873	7
5874	7
5875	7
5876	7
5877	7
5878	7
5879	7
5880	7
5881	7
5882	7
5883	7
5884	7
5885	7
5886	7
5887	7
5888	7
5889	7
5890	7
5891	7
5892	7
5893	7
5894	7
5895	7
5896	7
5897	7
5898	7
5899	7
5900	7
5901	7
5902	7
5903	7
5904	7
5905	7
5906	7
5907	7
5908	7
5909	7
5910	7
5911	7
5912	7
5913	7
5914	7
5915	7
5916	7
5917	7
5918	7
5919	7
5920	7
5921	7
5922	7
5923	7
5924	7
5925	7
5926	7
5927	7
5928	7
5929	7
5930	7
5931	7
5932	7
5933	7
5934	7
5935	7
5936	7
5937	7
5938	7
5939	7
5940	7
5941	7
5942	7
5943	7
5944	7
5945	7
5946	7
5947	7
5948	7
5949	7
5950	7
5951	7
5952	7
5953	7
5954	7
5955	7
5956	7
5957	7
5958	7
5959	7
5960	7
5961	7
5962	7
5963	7
5964	7
5965	7
5966	7
5967	7
5968	7
5969	7
5970	7
5971	7
5972	7
5973	7
5974	7
5975	7
5976	7
5977	7
5978	7
5979	7
5980	7
5981	7
5982	7
5983	7
5984	7
5985	7
5986	7
5987	7
5988	7
5989	7
5990	7
5991	7
5992	7
5993	7
5994	7
5995	7
5996	7
5997	7
5998	7
5999	7
6000	7
6001	7
6002	7
6003	7
6004	7
6005	7
6006	7
6007	7
6008	7
6009	7
6010	7
6011	7
6012	7
6013	7
6014	7
6015	7
6016	7
6017	7
6018	7
6019	7
6020	7
6021	7
6022	7
6023	7
6024	7
6025	7
6026	7
6027	7
6028	7
6029	7
6030	7
6031	7
6032	7
6033	7
6034	7
6035	7
6036	7
6037	7
6038	7
6039	7
6040	7
6041	7
6042	7
6043	7
6044	7
6045	7
6046	7
6047	7
6048	7
6049	7
6050	7
6051	7
6052	7
6053	7
6054	7
6055	7
6056	7
6057	7
6058	7
6059	7
6060	7
6061	7
6062	7
6063	7
6064	7
6065	7
6066	7
6067	7
6068	7
6069	7
6070	7
6071	7
6072	7
6073	7
6074	7
6075	7
6076	7
6077	7
6078	7
6079	7
6080	7
6081	7
6082	7
6083	7
6084	7
6085	7
6086	7
6087	7
6088	7
6089	7
6090	7
6091	7
6092	7
6093	7
6094	7
6095	7
6096	7
6097	7
6098	7
6099	7
6100	7
6101	7
6102	7
6103	7
6104	7
6105	7
6106	7
6107	7
6108	7
6109	7
6110	7
6111	7
6112	7
6113	7
6114	7
6115	7
6116	7
6117	7
6118	7
6119	7
6120	7
6121	7
6122	7
6123	7
6124	7
6125	7
6126	7
6127	7
6128	7
6129	7
6130	7
6131	7
6132	7
6133	7
6134	7
6135	7
6136	7
6137	7
6138	7
6139	7
6140	7
6141	7
6142	7
6143	7
6144	7
6145	7
6146	7
6147	7
6148	7
6149	7
6150	7
6151	7
6152	7
6153	7
6154	7
6155	7
6156	7
6157	7
6158	7
6159	7
6160	7
6161	7
6162	7
6163	7
6164	7
6165	7
6166	7
6167	7
6168	7
6169	7
6170	7
6171	7
6172	7
6173	7
6174	7
6175	7
6176	7
6177	7
6178	7
6179	7
6180	7
6181	7
6182	7
6183	7
6184	7
6185	7
6186	7
6187	7
6188	7
6189	7
6190	7
6191	7
6192	7
6193	7
6194	7
6195	7
6196	7
6197	7
6198	7
6199	7
6200	7
6201	7
6202	7
6203	7
6204	7
6205	7
6206	7
6207	7
6208	7
6209	7
6210	7
6211	7
6212	7
6213	7
6214	7
6215	7
6216	7
6217	7
6218	7
6219	7
6220	7
6221	7
6222	7
6223	7
6224	7
6225	7
6226	7
6227	7
6228	7
6229	7
6230	7
6231	7
6232	7
6233	7
6234	7
6235	7
6236	7
6237	7
6238	7
6239	7
6240	7
6241	7
6242	7
6243	7
6244	7
6245	7
6246	7
6247	7
6248	7
6249	7
6250	7
6251	7
6252	7
6253	7
6254	7
6255	7
6256	7
6257	7
6258	7
6259	7
6260	7
6261	7
6262	7
6263	7
6264	7
6265	7
6266	7
6267	7
6268	7
6269	7
6270	7
6271	7
6272	7
6273	7
6274	7
6275	7
6276	7
6277	7
6278	7
6279	7
6280	7
6281	7
6282	7
6283	8
6284	8
6285	8
6286	8
6287	8
6288	8
6289	8
6290	8
6291	8
6292	8
6293	8
6294	8
6295	8
6296	8
6297	8
6298	8
6299	8
6300	8
6301	8
6302	8
6303	8
6304	8
6305	8
6306	8
6307	8
6308	8
6309	8
6310	8
6311	8
6312	8
6313	8
6314	8
6315	8
6316	8
6317	8
6318	8
6319	8
6320	8
6321	8
6322	8
6323	8
6324	8
6325	8
6326	8
6327	8
6328	8
6329	8
6330	8
6331	8
6332	8
6333	8
6334	8
6335	8
6336	8
6337	8
6338	8
6339	8
6340	8
6341	8
6342	8
6343	8
6344	8
6345	8
6346	8
6347	8
6348	8
6349	8
6350	8
6351	8
6352	8
6353	8
6354	8
6355	8
6356	8
6357	8
6358	8
6359	8
6360	8
6361	8
6362	8
6363	8
6364	8
6365	8
6366	8
6367	8
6368	8
6369	8
6370	8
6371	8
6372	8
6373	8
6374	8
6375	8
6376	8
6377	8
6378	8
6379	8
6380	8
6381	8
6382	8
6383	8
6384	8
6385	8
6386	8
6387	8
6388	8
6389	8
6390	8
6391	8
6392	8
6393	8
6394	8
6395	8
6396	8
6397	8
6398	8
6399	8
6400	8
6401	8
6402	8
6403	8
6404	8
6405	8
6406	8
6407	8
6408	8
6409	8
6410	8
6411	8
6412	8
6413	8
6414	8
6415	8
6416	8
6417	8
6418	8
6419	8
6420	8
6421	8
6422	8
6423	8
6424	8
6425	8
6426	8
6427	8
6428	8
6429	8
6430	8
6431	8
6432	8
6433	8
6434	8
6435	8
6436	8
6437	8
6438	8
6439	8
6440	8
6441	8
6442	8
6443	8
6444	8
6445	8
6446	8
6447	8
6448	8
6449	8
6450	8
6451	8
6452	8
6453	8
6454	8
6455	8
6456	8
6457	8
6458	8
6459	8
6460	8
6461	8
6462	8
6463	8
6464	8
6465	8
6466	8
6467	8
6468	8
6469	8
6470	8
6471	8
6472	8
6473	8
6474	8
6475	8
6476	8
6477	8
6478	8
6479	8
6480	8
6481	8
6482	8
6483	8
6484	8
6485	8
6486	8
6487	8
6488	8
6489	8
6490	8
6491	8
6492	8
6493	8
6494	8
6495	8
6496	8
6497	8
6498	8
6499	8
6500	8
6501	8
6502	8
6503	8
6504	8
6505	8
6506	8
6507	8
6508	8
6509	8
6510	8
6511	8
6512	8
6513	8
6514	8
6515	8
6516	8
6517	8
6518	8
6519	8
6520	8
6521	8
6522	8
6523	8
6524	8
6525	8
6526	8
6527	8
6528	8
6529	8
6530	8
6531	8
6532	8
6533	8
6534	8
6535	8
6536	8
6537	8
6538	8
6539	8
6540	8
6541	8
6542	8
6543	8
6544	8
6545	8
6546	8
6547	8
6548	8
6549	8
6550	8
6551	8
6552	8
6553	8
6554	8
6555	8
6556	8
6557	8
6558	8
6559	8
6560	8
6561	8
6562	8
6563	8
6564	8
6565	8
6566	8
6567	8
6568	8
6569	8
6570	8
6571	8
6572	8
6573	8
6574	8
6575	8
6576	8
6577	8
6578	8
6579	8
6580	8
6581	8
6582	8
6583	8
6584	8
6585	8
6586	8
6587	8
6588	8
6589	8
6590	8
6591	8
6592	8
6593	8
6594	8
6595	8
6596	8
6597	8
6598	8
6599	8
6600	8
6601	8
6602	8
6603	8
6604	8
6605	8
6606	8
6607	8
6608	8
6609	8
6610	8
6611	8
6612	8
6613	8
6614	8
6615	8
6616	8
6617	8
6618	8
6619	8
6620	8
6621	8
6622	8
6623	8
6624	8
6625	8
6626	8
6627	8
6628	8
6629	8
6630	8
6631	8
6632	8
6633	8
6634	8
6635	8
6636	8
6637	8
6638	8
6639	8
6640	8
6641	8
6642	8
6643	8
6644	8
6645	8
6646	8
6647	8
6648	8
6649	8
6650	8
6651	8
6652	8
6653	8
6654	8
6655	8
6656	8
6657	8
6658	8
6659	8
6660	8
6661	8
6662	8
6663	8
6664	8
6665	8
6666	8
6667	8
6668	8
6669	8
6670	8
6671	8
6672	8
6673	8
6674	8
6675	8
6676	8
6677	8
6678	8
6679	8
6680	8
6681	8
6682	8
6683	8
6684	8
6685	8
6686	8
6687	8
6688	8
6689	8
6690	8
6691	8
6692	8
6693	8
6694	8
6695	8
6696	8
6697	8
6698	8
6699	8
6700	8
6701	8
6702	8
6703	8
6704	8
6705	8
6706	8
6707	8
6708	8
6709	8
6710	8
6711	8
6712	8
6713	8
6714	8
6715	8
6716	8
6717	8
6718	8
6719	8
6720	8
6721	8
6722	8
6723	8
6724	8
6725	8
6726	8
6727	8
6728	8
6729	8
6730	8
6731	8
6732	8
6733	8
6734	8
6735	8
6736	8
6737	8
6738	8
6739	8
6740	8
6741	8
6742	8
6743	8
6744	8
6745	8
6746	8
6747	8
6748	8
6749	8
6750	8
6751	8
6752	8
6753	8
6754	8
6755	8
6756	8
6757	8
6758	8
6759	8
6760	8
6761	8
6762	8
6763	8
6764	8
6765	8
6766	8
6767	8
6768	8
6769	8
6770	8
6771	8
6772	8
6773	8
6774	8
6775	8
6776	8
6777	8
6778	8
6779	8
6780	8
6781	8
6782	8
6783	8
6784	8
6785	8
6786	8
6787	8
6788	8
6789	8
6790	8
6791	8
6792	8
6793	8
6794	8
6795	8
6796	8
6797	8
6798	8
6799	8
6800	8
6801	8
6802	8
6803	8
6804	8
6805	8
6806	8
6807	8
6808	8
6809	8
6810	8
6811	8
6812	8
6813	8
6814	8
6815	8
6816	8
6817	8
6818	8
6819	8
6820	8
6821	8
6822	8
6823	8
6824	8
6825	8
6826	8
6827	8
6828	8
6829	8
6830	8
6831	8
6832	8
6833	8
6834	8
6835	8
6836	8
6837	8
6838	8
6839	8
6840	8
6841	8
6842	8
6843	8
6844	8
6845	8
6846	8
6847	8
6848	8
6849	8
6850	8
6851	8
6852	8
6853	8
6854	8
6855	8
6856	8
6857	8
6858	8
6859	8
6860	8
6861	8
6862	8
6863	8
6864	8
6865	8
6866	8
6867	8
6868	8
6869	8
6870	8
6871	8
6872	8
6873	8
6874	8
6875	8
6876	8
6877	8
6878	8
6879	8
6880	8
6881	8
6882	8
6883	8
6884	8
6885	8
6886	8
6887	8
6888	8
6889	8
6890	8
6891	8
6892	8
6893	8
6894	8
6895	8
6896	8
6897	8
6898	8
6899	8
6900	8
6901	8
6902	8
6903	8
6904	8
6905	8
6906	8
6907	8
6908	8
6909	8
6910	8
6911	8
6912	8
6913	8
6914	8
6915	8
6916	8
6917	8
6918	8
6919	8
6920	8
6921	8
6922	8
6923	8
6924	8
6925	8
6926	8
6927	8
6928	8
6929	8
6930	8
6931	8
6932	8
6933	8
6934	8
6935	8
6936	8
6937	8
6938	8
6939	8
6940	9
6941	9
6942	9
6943	9
6944	9
6945	9
6946	9
6947	9
6948	9
6949	9
6950	9
6951	9
6952	9
6953	9
6954	9
6955	9
6956	9
6957	9
6958	9
6959	9
6960	9
6961	9
6962	9
6963	9
6964	9
6965	9
6966	9
6967	9
6968	9
6969	9
6970	9
6971	9
6972	9
6973	9
6974	9
6975	9
6976	9
6977	9
6978	9
6979	9
6980	9
6981	9
6982	10
6983	10
6984	10
6985	10
6986	10
6987	10
6988	10
6989	10
6990	10
6991	10
6992	10
6993	10
6994	10
6995	10
6996	10
6997	10
6998	10
6999	10
7000	10
7001	10
7002	10
7003	10
7004	10
7005	10
7006	10
7007	10
7008	10
7009	10
7010	10
7011	10
7012	10
7013	10
7014	10
7015	10
7016	10
7017	10
7018	10
7019	10
7020	10
7021	10
7022	10
7023	10
7024	10
7025	10
7026	10
7027	10
7028	10
7029	10
7030	10
7031	10
7032	10
7033	10
7034	10
7035	10
7036	10
7037	10
7038	10
7039	10
7040	10
7041	10
7042	10
7043	10
7044	10
7045	10
7046	10
7047	10
7048	10
7049	10
7050	10
7051	10
7052	10
7053	10
7054	10
7055	10
7056	10
7057	10
7058	10
7059	10
7060	10
7061	10
7062	10
7063	10
7064	10
7065	10
7066	10
7067	10
7068	10
7069	10
7070	10
7071	10
7072	10
7073	10
7074	10
7075	10
7076	10
7077	10
7078	10
7079	10
7080	10
7081	10
7082	10
7083	10
7084	10
7085	10
7086	10
7087	10
7088	10
7089	10
7090	10
7091	10
7092	10
7093	10
7094	10
7095	10
7096	10
7097	10
7098	10
7099	10
7100	10
7101	10
7102	10
7103	10
7104	10
7105	10
7106	10
7107	10
7108	10
7109	10
7110	10
7111	10
7112	10
7113	10
7114	10
7115	10
7116	10
7117	10
7118	10
7119	10
7120	10
7121	10
7122	10
7123	10
7124	10
7125	10
7126	10
7127	10
7128	10
7129	10
7130	10
7131	10
7132	10
7133	10
7134	10
7135	10
7136	10
7137	10
7138	10
7139	10
7140	10
7141	10
7142	10
7143	10
7144	10
7145	10
7146	10
7147	10
7148	10
7149	10
7150	10
7151	10
7152	10
7153	10
7154	10
7155	10
7156	10
7157	10
7158	10
7159	10
7160	10
7161	10
7162	10
7163	10
7164	10
7165	10
7166	10
7167	10
7168	10
7169	10
7170	10
7171	10
7172	10
7173	10
7174	10
7175	10
7176	10
7177	10
7178	10
7179	10
7180	10
7181	10
7182	10
7183	10
7184	10
7185	10
7186	10
7187	10
7188	10
7189	10
7190	10
7191	10
7192	10
7193	10
7194	10
7195	10
7196	10
7197	10
7198	10
7199	10
7200	10
7201	10
7202	10
7203	10
7204	10
7205	10
7206	10
7207	10
7208	10
7209	10
7210	10
7211	10
7212	10
7213	10
7214	10
7215	10
7216	10
7217	10
7218	10
7219	10
7220	10
7221	10
7222	10
7223	10
7224	10
7225	10
7226	10
7227	10
7228	10
7229	10
7230	10
7231	10
7232	10
7233	10
7234	10
7235	10
7236	10
7237	10
7238	10
7239	10
7240	10
7241	10
7242	10
7243	10
7244	10
7245	10
7246	10
7247	10
7248	10
7249	10
7250	10
7251	10
7252	10
7253	10
7254	10
7255	10
7256	10
7257	10
7258	10
7259	10
7260	10
7261	10
7262	10
7263	10
7264	10
7265	10
7266	10
7267	10
7268	10
7269	10
7270	10
7271	10
7272	10
7273	10
7274	10
7275	10
7276	10
7277	10
7278	10
7279	10
7280	10
7281	10
7282	10
7283	10
7284	10
7285	10
7286	10
7287	10
7288	10
7289	10
7290	10
7291	10
7292	10
7293	10
7294	10
7295	10
7296	10
7297	10
7298	10
7299	10
7300	10
7301	10
7302	10
7303	10
7304	10
7305	10
7306	10
7307	10
7308	10
7309	10
7310	10
7311	10
7312	10
7313	10
7314	10
7315	10
7316	10
7317	10
7318	10
7319	10
7320	10
7321	10
7322	10
7323	10
7324	10
7325	10
7326	10
7327	10
7328	10
7329	10
7330	10
7331	10
7332	10
7333	10
7334	10
7335	10
7336	10
7337	10
7338	10
7339	10
7340	10
7341	10
7342	10
7343	10
7344	10
7345	10
7346	10
7347	10
7348	10
7349	10
7350	10
7351	10
7352	10
7353	10
7354	10
7355	10
7356	10
7357	10
7358	10
7359	10
7360	10
7361	10
7362	10
7363	10
7364	10
7365	10
7366	10
7367	10
7368	10
7369	10
7370	10
7371	10
7372	10
7373	10
7374	10
7375	10
7376	11
7377	11
7378	11
7379	11
7380	11
7381	11
7382	11
7383	11
7384	11
7385	11
7386	11
7387	11
7388	11
7389	11
7390	11
7391	11
7392	11
7393	11
7394	11
7395	11
7396	11
7397	11
7398	11
7399	11
7400	11
7401	11
7402	11
7403	11
7404	11
7405	11
7406	11
7407	11
7408	11
7409	11
7410	11
7411	11
7412	11
7413	11
7414	11
7415	11
7416	11
7417	11
7418	11
7419	11
7420	11
7421	11
7422	11
7423	11
7424	11
7425	11
7426	11
7427	11
7428	11
7429	11
7430	11
7431	11
7432	11
7433	11
7434	11
7435	11
7436	11
7437	11
7438	11
7439	11
7440	11
7441	11
7442	11
7443	11
7444	11
7445	11
7446	11
7447	11
7448	11
7449	11
7450	11
7451	11
7452	11
7453	11
7454	11
7455	11
7456	11
7457	11
7458	11
7459	11
7460	11
7461	11
7462	11
7463	11
7464	11
7465	11
7466	11
7467	11
7468	11
7469	11
7470	11
7471	11
7472	11
7473	11
7474	11
7475	11
7476	11
7477	11
7478	11
7479	11
7480	11
7481	11
7482	11
7483	11
7484	11
7485	11
7486	11
7487	11
7488	11
7489	11
7490	11
7491	11
7492	11
7493	11
7494	11
7495	11
7496	11
7497	11
7498	11
7499	11
7500	11
7501	11
7502	11
7503	11
7504	11
7505	11
7506	11
7507	11
7508	11
7509	11
7510	11
7511	11
7512	11
7513	11
7514	11
7515	11
7516	11
7517	11
7518	11
7519	11
7520	11
7521	11
7522	11
7523	11
7524	11
7525	11
7526	11
7527	11
7528	11
7529	11
7530	11
7531	11
7532	11
7533	11
7534	11
7535	11
7536	11
7537	11
7538	11
7539	11
7540	11
7541	11
7542	11
7543	11
7544	11
7545	11
7546	11
7547	11
7548	11
7549	11
7550	11
7551	11
7552	11
7553	11
7554	11
7555	11
7556	11
7557	11
7558	11
7559	11
7560	11
7561	11
7562	11
7563	11
7564	11
7565	11
7566	11
7567	11
7568	11
7569	11
7570	11
7571	11
7572	11
7573	11
7574	11
7575	11
7576	11
7577	11
7578	11
7579	11
7580	11
7581	11
7582	11
7583	11
7584	11
7585	11
7586	11
7587	11
7588	11
7589	11
7590	11
7591	11
7592	11
7593	11
7594	11
7595	11
7596	11
7597	11
7598	11
7599	11
7600	11
7601	11
7602	11
7603	11
7604	11
7605	11
7606	11
7607	11
7608	11
7609	11
7610	11
7611	11
7612	11
7613	11
7614	11
7615	11
7616	11
7617	11
7618	11
7619	11
7620	11
7621	11
7622	11
7623	11
7624	11
7625	11
7626	12
7627	12
7628	12
7629	12
7630	12
7631	12
7632	12
7633	12
7634	12
7635	12
7636	12
7637	12
7638	12
7639	12
7640	12
7641	12
7642	12
7643	12
7644	12
7645	12
7646	12
7647	12
7648	12
7649	12
7650	12
7651	12
7652	12
7653	12
7654	12
7655	12
7656	12
7657	12
7658	12
7659	12
7660	12
7661	12
7662	12
7663	12
7664	12
7665	12
7666	12
7667	12
7668	12
7669	12
7670	12
7671	12
7672	12
7673	12
7674	12
7675	12
7676	12
7677	12
7678	12
7679	12
7680	12
7681	12
7682	12
7683	12
7684	12
7685	12
7686	12
7687	12
7688	12
7689	12
7690	12
7691	12
7692	12
7693	12
7694	12
7695	12
7696	12
7697	12
7698	12
7699	12
7700	12
7701	12
7702	12
7703	12
7704	12
7705	12
7706	12
7707	12
7708	12
7709	12
7710	12
7711	12
7712	12
7713	12
7714	12
7715	12
7716	12
7717	12
7718	12
7719	12
7720	12
7721	12
7722	12
7723	12
7724	12
7725	12
7726	12
7727	12
7728	12
7729	12
7730	12
7731	12
7732	12
7733	12
7734	12
7735	12
7736	12
7737	12
7738	12
7739	12
7740	12
7741	12
7742	12
7743	12
7744	12
7745	12
7746	12
7747	12
7748	12
7749	12
7750	12
7751	12
7752	12
7753	12
7754	12
7755	12
7756	12
7757	12
7758	12
7759	12
7760	12
7761	12
7762	12
7763	12
7764	12
7765	12
7766	12
7767	12
7768	12
7769	12
7770	12
7771	12
7772	12
7773	12
7774	12
7775	12
7776	12
7777	12
7778	12
7779	12
7780	12
7781	12
7782	12
7783	12
7784	12
7785	12
7786	12
7787	12
7788	12
7789	12
7790	12
7791	12
7792	12
7793	12
7794	12
7795	12
7796	12
7797	12
7798	12
7799	12
7800	12
7801	12
7802	12
7803	12
7804	12
7805	12
7806	12
7807	12
7808	12
7809	12
7810	12
7811	12
7812	12
7813	12
7814	12
7815	12
7816	12
7817	12
7818	12
7819	12
7820	12
7821	12
7822	12
7823	12
7824	12
7825	12
7826	12
7827	12
7828	12
7829	12
7830	12
7831	12
7832	12
7833	12
7834	12
7835	12
7836	12
7837	12
7838	12
7839	12
7840	12
7841	12
7842	12
7843	12
7844	12
7845	12
7846	12
7847	12
7848	12
7849	12
7850	12
7851	12
7852	12
7853	12
7854	12
7855	12
7856	12
7857	12
7858	12
7859	12
7860	12
7861	12
7862	12
7863	12
7864	12
7865	12
7866	12
7867	12
7868	12
7869	12
7870	12
7871	12
7872	12
7873	12
7874	12
7875	12
7876	12
7877	12
7878	12
7879	12
7880	12
7881	12
7882	12
7883	12
7884	12
7885	12
7886	12
7887	12
7888	12
7889	12
7890	12
7891	12
7892	12
7893	12
7894	12
7895	12
7896	12
7897	12
7898	12
7899	12
7900	12
7901	12
7902	12
7903	12
7904	12
7905	12
7906	12
7907	12
7908	12
7909	12
7910	12
7911	12
7912	12
7913	12
7914	12
7915	12
7916	12
7917	12
7918	12
7919	12
7920	12
7921	12
7922	12
7923	12
7924	12
7925	12
7926	12
7927	12
7928	12
7929	12
7930	12
7931	12
7932	12
7933	12
7934	12
7935	12
7936	12
7937	12
7938	12
7939	12
7940	12
7941	12
7942	12
7943	12
7944	12
7945	12
7946	12
7947	12
7948	12
7949	12
7950	12
7951	12
7952	12
7953	12
7954	12
7955	12
7956	12
7957	12
7958	12
7959	12
7960	12
7961	12
7962	12
7963	12
7964	12
7965	12
7966	12
7967	12
7968	12
7969	12
7970	12
7971	12
7972	12
7973	12
7974	12
7975	12
7976	12
7977	12
7978	12
7979	12
7980	12
7981	12
7982	12
7983	12
7984	12
7985	12
7986	12
7987	12
7988	12
7989	12
7990	12
7991	12
7992	12
7993	12
7994	12
7995	12
7996	12
7997	12
7998	12
7999	12
8000	12
8001	12
8002	12
8003	12
8004	12
8005	12
8006	12
8007	12
8008	12
8009	12
8010	12
8011	12
8012	12
8013	12
8014	12
8015	12
8016	12
8017	12
8018	12
8019	12
8020	12
8021	12
8022	12
8023	12
8024	12
8025	12
8026	12
8027	12
8028	12
8029	12
8030	12
8031	12
8032	12
8033	12
8034	12
8035	12
8036	12
8037	12
8038	12
8039	12
8040	12
8041	12
8042	12
8043	12
8044	12
8045	12
8046	12
8047	12
8048	12
8049	12
8050	12
8051	12
8052	12
8053	12
8054	12
8055	12
8056	12
8057	12
8058	12
8059	12
8060	12
8061	12
8062	12
8063	12
8064	12
8065	12
8066	12
8067	12
8068	12
8069	12
8070	12
8071	12
8072	12
8073	12
8074	12
8075	12
8076	12
8077	12
8078	12
8079	12
8080	12
8081	12
8082	12
8083	12
8084	12
8085	12
8086	12
8087	12
8088	12
8089	12
8090	12
8091	12
8092	12
8093	12
8094	12
8095	12
8096	12
8097	12
8098	12
8099	12
8100	12
8101	12
8102	12
8103	12
8104	12
8105	12
8106	12
8107	12
8108	12
8109	12
8110	12
8111	12
8112	12
8113	12
8114	12
8115	12
8116	12
8117	12
8118	12
8119	12
8120	12
8121	12
8122	12
8123	12
8124	12
8125	12
8126	12
8127	12
8128	12
8129	12
8130	12
8131	12
8132	12
8133	12
8134	12
8135	12
8136	12
8137	12
8138	12
8139	12
8140	12
8141	12
8142	12
8143	12
8144	12
8145	12
8146	12
8147	12
8148	12
8149	12
8150	12
8151	12
8152	12
8153	12
8154	12
8155	12
8156	12
8157	12
8158	12
8159	12
8160	12
8161	12
8162	12
8163	12
8164	12
8165	12
8166	12
8167	12
8168	12
8169	12
8170	12
8171	12
8172	12
8173	12
8174	12
8175	12
8176	12
8177	12
8178	12
8179	12
8180	12
8181	12
8182	12
8183	12
8184	12
8185	12
8186	12
8187	12
8188	12
8189	12
8190	12
8191	12
8192	12
8193	12
8194	12
8195	12
8196	12
8197	12
8198	12
8199	12
8200	12
8201	12
8202	12
8203	12
8204	12
8205	12
8206	12
8207	12
8208	12
8209	12
8210	12
8211	12
8212	12
8213	12
8214	12
8215	12
8216	12
8217	12
8218	12
8219	12
8220	12
8221	12
8222	12
8223	12
8224	12
8225	12
8226	12
8227	12
8228	12
8229	12
8230	12
8231	12
8232	12
8233	12
8234	12
8235	12
8236	12
8237	12
8238	12
8239	12
8240	12
8241	12
8242	12
8243	12
8244	12
8245	12
8246	12
8247	12
8248	12
8249	12
8250	12
8251	12
8252	12
8253	12
8254	12
8255	12
8256	12
8257	12
8258	12
8259	12
8260	12
8261	12
8262	12
8263	12
8264	12
8265	12
8266	12
8267	12
8268	12
8269	12
8270	12
8271	12
8272	12
8273	12
8274	12
8275	12
8276	12
8277	12
8278	12
8279	12
8280	12
8281	12
8282	12
8283	12
8284	12
8285	12
8286	12
8287	12
8288	12
8289	12
8290	12
8291	12
8292	12
8293	12
8294	12
8295	12
8296	12
8297	12
8298	12
8299	12
8300	12
8301	12
8302	12
8303	12
8304	12
8305	12
8306	12
8307	12
8308	12
8309	12
8310	12
8311	12
8312	12
8313	12
8314	12
8315	12
8316	12
8317	12
8318	12
8319	12
8320	12
8321	12
8322	12
8323	12
8324	12
8325	12
8326	12
8327	12
8328	12
8329	12
8330	12
8331	12
8332	12
8333	12
8334	12
8335	12
8336	12
8337	12
8338	12
8339	12
8340	12
8341	12
8342	12
8343	12
8344	12
8345	12
8346	12
8347	12
8348	12
8349	12
8350	12
8351	12
8352	12
8353	12
8354	12
8355	12
8356	12
8357	12
8358	12
8359	12
8360	12
8361	12
8362	12
8363	12
8364	12
8365	12
8366	12
8367	12
8368	12
8369	12
8370	12
8371	12
8372	12
8373	12
8374	12
8375	12
8376	12
8377	12
8378	12
8379	12
8380	12
8381	12
8382	12
8383	12
8384	12
8385	12
8386	12
8387	12
8388	12
8389	12
8390	12
8391	12
8392	12
8393	12
8394	12
8395	12
8396	12
8397	12
8398	12
8399	12
8400	13
8401	13
8402	13
8403	13
8404	13
8405	13
8406	13
8407	13
8408	13
8409	13
8410	13
8411	13
8412	13
8413	13
8414	13
8415	13
8416	13
8417	13
8418	13
8419	13
8420	13
8421	13
8422	13
8423	13
8424	13
8425	13
8426	13
8427	13
8428	13
8429	13
8430	13
8431	13
8432	13
8433	13
8434	13
8435	13
8436	13
8437	13
8438	13
8439	13
8440	13
8441	13
8442	13
8443	13
8444	13
8445	13
8446	13
8447	13
8448	13
8449	13
8450	13
8451	13
8452	13
8453	13
8454	13
8455	13
8456	13
8457	13
8458	13
8459	13
8460	13
8461	13
8462	13
8463	13
8464	13
8465	13
8466	13
8467	13
8468	13
8469	13
8470	13
8471	13
8472	13
8473	13
8474	13
8475	13
8476	13
8477	13
8478	13
8479	13
8480	13
8481	13
8482	13
8483	13
8484	13
8485	13
8486	13
8487	13
8488	13
8489	13
8490	13
8491	13
8492	13
8493	13
8494	13
8495	13
8496	13
8497	13
8498	13
8499	13
8500	13
8501	13
8502	13
8503	13
8504	13
8505	13
8506	13
8507	13
8508	13
8509	13
8510	13
8511	13
8512	13
8513	13
8514	13
8515	13
8516	13
8517	13
8518	13
8519	13
8520	13
8521	13
8522	13
8523	13
8524	13
8525	13
8526	13
8527	13
8528	13
8529	13
8530	13
8531	13
8532	13
8533	13
8534	13
8535	13
8536	13
8537	13
8538	13
8539	13
8540	13
8541	13
8542	13
8543	13
8544	13
8545	13
8546	13
8547	13
8548	13
8549	13
8550	13
8551	13
8552	13
8553	13
8554	13
8555	13
8556	13
8557	13
8558	13
8559	13
8560	13
8561	13
8562	13
8563	13
8564	13
8565	13
8566	13
8567	13
8568	13
8569	13
8570	13
8571	13
8572	13
8573	13
8574	13
8575	13
8576	13
8577	13
8578	13
8579	13
8580	13
8581	13
8582	13
8583	13
8584	13
8585	13
8586	13
8587	13
8588	13
8589	13
8590	13
8591	13
8592	13
8593	13
8594	13
8595	13
8596	13
8597	13
8598	13
8599	13
8600	13
8601	13
8602	13
8603	13
8604	13
8605	13
8606	13
8607	13
8608	13
8609	13
8610	13
8611	13
8612	13
8613	13
8614	13
8615	13
8616	13
8617	13
8618	13
8619	13
8620	13
8621	13
8622	13
8623	13
8624	13
8625	13
8626	13
8627	13
8628	13
8629	13
8630	13
8631	13
8632	13
8633	13
8634	13
8635	13
8636	14
8637	14
8638	14
8639	14
8640	14
8641	14
8642	14
8643	14
8644	14
8645	15
8646	15
8647	15
8648	15
8649	15
8650	15
8651	15
8652	15
8653	15
8654	15
8655	15
8656	15
8657	15
8658	15
8659	15
8660	15
8661	15
8662	15
8663	15
8664	15
8665	15
8666	15
8667	15
8668	15
8669	15
8670	15
8671	15
8672	15
8673	15
8674	15
8675	15
8676	15
8677	15
8678	15
8679	15
8680	15
8681	15
8682	15
8683	15
8684	15
8685	15
8686	15
8687	15
8688	15
8689	15
8690	15
8691	15
8692	15
8693	15
8694	15
8695	15
8696	15
8697	15
8698	15
8699	15
8700	15
8701	15
8702	15
8703	15
8704	15
8705	15
8706	15
8707	15
8708	15
8709	15
8710	15
8711	15
8712	15
8713	15
8714	15
8715	15
8716	15
8717	15
8718	15
8719	15
8720	15
8721	15
8722	15
8723	15
8724	15
8725	15
8726	15
8727	15
8728	15
8729	15
8730	15
8731	15
8732	15
8733	15
8734	15
8735	15
8736	15
8737	15
8738	15
8739	15
8740	15
8741	15
8742	15
8743	15
8744	15
8745	15
8746	15
8747	15
8748	15
8749	15
8750	15
8751	15
8752	15
8753	15
8754	15
8755	15
8756	15
8757	15
8758	15
8759	15
8760	15
8761	15
8762	15
8763	15
8764	15
8765	15
8766	15
8767	15
8768	15
8769	15
8770	15
8771	15
8772	15
8773	15
8774	15
8775	15
8776	15
8777	15
8778	15
8779	15
8780	15
8781	15
8782	15
8783	15
8784	15
8785	15
8786	15
8787	15
8788	15
8789	15
8790	15
8791	15
8792	15
8793	15
8794	15
8795	15
8796	15
8797	15
8798	15
8799	15
8800	15
8801	15
8802	15
8803	15
8804	15
8805	15
8806	15
8807	15
8808	15
8809	15
8810	15
8811	15
8812	15
8813	15
8814	15
8815	15
8816	15
8817	15
8818	15
8819	15
8820	15
8821	15
8822	15
8823	15
8824	15
8825	15
8826	15
8827	15
8828	15
8829	15
8830	15
8831	15
8832	15
8833	15
8834	15
8835	15
8836	15
8837	15
8838	15
8839	15
8840	15
8841	15
8842	15
8843	15
8844	15
8845	15
8846	15
8847	15
8848	15
8849	15
8850	15
8851	15
8852	15
8853	15
8854	15
8855	15
8856	15
8857	15
8858	15
8859	15
8860	15
8861	15
8862	15
8863	15
8864	15
8865	15
8866	15
8867	15
8868	15
8869	15
8870	15
8871	15
8872	15
8873	15
8874	15
8875	15
8876	15
8877	15
8878	15
8879	15
8880	15
8881	15
8882	15
8883	15
8884	15
8885	15
8886	15
8887	15
8888	15
8889	15
8890	15
8891	15
8892	15
8893	15
8894	15
8895	15
8896	15
8897	15
8898	15
8899	15
8900	15
8901	15
8902	15
8903	15
8904	15
8905	15
8906	15
8907	15
8908	15
8909	15
8910	15
8911	15
8912	15
8913	15
8914	15
8915	15
8916	15
8917	15
8918	15
8919	15
8920	15
8921	15
8922	15
8923	15
8924	15
8925	15
8926	15
8927	15
8928	15
8929	15
8930	15
8931	15
8932	15
8933	15
8934	15
8935	15
8936	15
8937	15
8938	15
8939	15
8940	15
8941	15
8942	15
8943	15
8944	15
8945	15
8946	15
8947	15
8948	15
8949	15
8950	15
8951	15
8952	15
8953	15
8954	15
8955	15
8956	15
8957	15
8958	15
8959	15
8960	15
8961	15
8962	15
8963	15
8964	15
8965	15
8966	15
8967	15
8968	15
8969	15
8970	15
8971	15
8972	15
8973	15
8974	15
8975	15
8976	15
8977	15
8978	15
8979	15
8980	15
8981	15
8982	15
8983	15
8984	15
8985	15
8986	15
8987	15
8988	15
8989	15
8990	15
8991	15
8992	15
8993	15
8994	15
8995	15
8996	15
8997	15
8998	15
8999	15
9000	15
9001	15
9002	15
9003	15
9004	15
9005	15
9006	15
9007	15
9008	15
9009	15
9010	15
9011	15
9012	15
9013	15
9014	15
9015	15
9016	15
9017	15
9018	15
9019	15
9020	15
9021	15
9022	15
9023	15
9024	15
9025	15
9026	15
9027	15
9028	15
9029	15
9030	15
9031	15
9032	15
9033	15
9034	15
9035	15
9036	15
9037	15
9038	15
9039	15
9040	15
9041	15
9042	15
9043	15
9044	15
9045	15
9046	15
9047	15
9048	15
9049	15
9050	15
9051	15
9052	15
9053	15
9054	15
9055	15
9056	15
9057	15
9058	15
9059	15
9060	15
9061	15
9062	15
9063	15
9064	15
9065	15
9066	15
9067	15
9068	15
9069	15
9070	15
9071	15
9072	15
9073	15
9074	15
9075	15
9076	15
9077	15
9078	15
9079	15
9080	15
9081	15
9082	15
9083	15
9084	15
9085	15
9086	15
9087	15
9088	15
9089	15
9090	15
9091	15
9092	15
9093	15
9094	15
9095	15
9096	15
9097	15
9098	15
9099	15
9100	15
9101	15
9102	15
9103	15
9104	15
9105	15
9106	15
9107	15
9108	15
9109	15
9110	15
9111	15
9112	15
9113	15
9114	15
9115	15
9116	15
9117	15
9118	15
9119	15
9120	15
9121	15
9122	15
9123	15
9124	15
9125	15
9126	15
9127	15
9128	15
9129	15
9130	15
9131	15
9132	15
9133	15
9134	15
9135	15
9136	15
9137	15
9138	15
9139	15
9140	15
9141	15
9142	15
9143	15
9144	15
9145	15
9146	15
9147	15
9148	15
9149	15
9150	15
9151	15
9152	15
9153	15
9154	15
9155	15
9156	15
9157	15
9158	15
9159	15
9160	15
9161	15
9162	15
9163	15
9164	15
9165	15
9166	15
9167	15
9168	15
9169	15
9170	15
9171	15
9172	15
9173	15
9174	15
9175	15
9176	15
9177	15
9178	15
9179	15
9180	15
9181	15
9182	15
9183	15
9184	15
9185	15
9186	15
9187	15
9188	15
9189	15
9190	15
9191	15
9192	15
9193	15
9194	15
9195	15
9196	15
9197	15
9198	15
9199	15
9200	15
9201	15
9202	15
9203	15
9204	15
9205	15
9206	15
9207	15
9208	15
9209	15
9210	15
9211	15
9212	15
9213	15
9214	15
9215	15
9216	15
9217	15
9218	15
9219	15
9220	15
9221	15
9222	15
9223	15
9224	15
9225	15
9226	15
9227	15
9228	15
9229	15
9230	15
9231	15
9232	15
9233	15
9234	15
9235	15
9236	15
9237	15
9238	15
9239	15
9240	15
9241	15
9242	15
9243	15
9244	15
9245	15
9246	15
9247	15
9248	15
9249	15
9250	15
9251	15
9252	15
9253	15
9254	15
9255	15
9256	15
9257	15
9258	15
9259	15
9260	15
9261	15
9262	15
9263	15
9264	15
9265	15
9266	15
9267	15
9268	15
9269	15
9270	15
9271	15
9272	15
9273	15
9274	15
9275	15
9276	15
9277	15
9278	15
9279	15
9280	15
9281	15
9282	15
9283	15
9284	15
9285	15
9286	15
9287	15
9288	15
9289	15
9290	15
9291	15
9292	15
9293	15
9294	15
9295	15
9296	15
9297	15
9298	15
9299	15
9300	15
9301	15
9302	15
9303	15
9304	15
9305	15
9306	15
9307	15
9308	15
9309	15
9310	15
9311	15
9312	15
9313	15
9314	15
9315	15
9316	15
9317	15
9318	15
9319	15
9320	15
9321	15
9322	15
9323	15
9324	15
9325	15
9326	15
9327	15
9328	15
9329	15
9330	15
9331	15
9332	15
9333	15
9334	15
9335	15
9336	15
9337	15
9338	15
9339	15
9340	15
9341	15
9342	15
9343	15
9344	15
9345	15
9346	15
9347	15
9348	15
9349	15
9350	15
9351	15
9352	15
9353	15
9354	15
9355	15
9356	15
9357	15
9358	15
9359	15
9360	15
9361	15
9362	15
9363	15
9364	15
9365	15
9366	15
9367	15
9368	15
9369	15
9370	15
9371	15
9372	15
9373	15
9374	15
9375	15
9376	15
9377	15
9378	15
9379	15
9380	15
9381	15
9382	15
9383	15
9384	15
9385	15
9386	15
9387	15
9388	15
9389	15
9390	15
9391	15
9392	15
9393	15
9394	15
9395	15
9396	15
9397	15
9398	15
9399	15
9400	15
9401	15
9402	15
9403	15
9404	15
9405	15
9406	15
9407	15
9408	15
9409	15
9410	15
9411	15
9412	15
9413	15
9414	15
9415	15
9416	15
9417	15
9418	15
9419	15
9420	15
9421	15
9422	15
9423	15
9424	15
9425	15
9426	15
9427	15
9428	15
9429	15
9430	15
9431	15
9432	15
9433	15
9434	15
9435	15
9436	15
9437	15
9438	15
9439	15
9440	15
9441	15
9442	15
9443	15
9444	15
9445	15
9446	15
9447	15
9448	15
9449	15
9450	15
9451	15
9452	15
9453	15
9454	15
9455	15
9456	15
9457	15
9458	15
9459	15
9460	15
9461	15
9462	15
9463	15
9464	15
9465	15
9466	15
9467	15
9468	15
9469	15
9470	15
9471	15
9472	15
9473	15
9474	15
9475	15
9476	15
9477	15
9478	15
9479	15
9480	15
9481	15
9482	15
9483	15
9484	15
9485	15
9486	15
9487	15
9488	15
9489	15
9490	15
9491	15
9492	15
9493	15
9494	15
9495	15
9496	15
9497	15
9498	15
9499	15
9500	15
9501	15
9502	15
9503	15
9504	15
9505	15
9506	15
9507	15
9508	15
9509	15
9510	15
9511	15
9512	15
9513	15
9514	15
9515	15
9516	15
9517	15
9518	15
9519	15
9520	15
9521	15
9522	15
9523	15
9524	15
9525	15
9526	15
9527	15
9528	15
9529	15
9530	15
9531	15
9532	15
9533	15
9534	15
9535	15
9536	15
9537	15
9538	15
9539	15
9540	15
9541	15
9542	15
9543	15
9544	15
9545	15
9546	15
9547	15
9548	15
9549	15
9550	15
9551	15
9552	15
9553	15
9554	15
9555	15
9556	15
9557	15
9558	15
9559	15
9560	15
9561	15
9562	15
9563	15
9564	15
9565	15
9566	15
9567	15
9568	15
9569	15
9570	15
9571	15
9572	15
9573	15
9574	15
9575	15
9576	15
9577	15
9578	15
9579	15
9580	15
9581	15
9582	15
9583	15
9584	15
9585	15
9586	15
9587	15
9588	15
9589	15
9590	15
9591	15
9592	15
9593	15
9594	15
9595	15
9596	15
9597	15
9598	15
9599	15
9600	15
9601	15
9602	15
9603	15
9604	15
9605	15
9606	15
9607	15
9608	15
9609	15
9610	15
9611	15
9612	15
9613	15
9614	15
9615	15
9616	15
9617	15
9618	15
9619	15
9620	15
9621	15
9622	15
9623	15
9624	15
9625	15
9626	15
9627	15
9628	15
9629	15
9630	15
9631	15
9632	15
9633	15
9634	15
9635	15
9636	15
9637	15
9638	15
9639	15
9640	15
9641	15
9642	15
9643	15
9644	15
9645	15
9646	15
9647	15
9648	15
9649	15
9650	15
9651	15
9652	15
9653	15
9654	15
9655	15
9656	15
9657	15
9658	15
9659	15
9660	15
9661	15
9662	15
9663	15
9664	15
9665	15
9666	15
9667	15
9668	15
9669	15
9670	15
9671	15
9672	15
9673	15
9674	15
9675	15
9676	15
9677	15
9678	15
9679	15
9680	15
9681	15
9682	15
9683	15
9684	15
9685	15
9686	15
9687	15
9688	15
9689	15
9690	15
9691	15
9692	15
9693	15
9694	15
9695	15
9696	15
9697	15
9698	15
9699	15
9700	15
9701	15
9702	15
9703	15
9704	15
9705	15
9706	15
9707	15
9708	15
9709	15
9710	15
9711	15
9712	15
9713	15
9714	15
9715	15
9716	15
9717	15
9718	15
9719	15
9720	15
9721	15
9722	15
9723	15
9724	15
9725	15
9726	15
9727	15
9728	15
9729	15
9730	15
9731	15
9732	15
9733	15
9734	15
9735	15
9736	15
9737	15
9738	15
9739	15
9740	15
9741	15
9742	15
9743	15
9744	15
9745	15
9746	15
9747	15
9748	15
9749	15
9750	15
9751	15
9752	15
9753	15
9754	15
9755	15
9756	15
9757	15
9758	15
9759	15
9760	15
9761	15
9762	15
9763	15
9764	15
9765	15
9766	15
9767	16
9768	16
9769	16
9770	16
9771	16
9772	16
9773	16
9774	16
9775	16
9776	16
9777	16
9778	16
9779	16
9780	16
9781	16
9782	16
9783	16
9784	16
9785	16
9786	16
9787	16
9788	16
9789	16
9790	16
9791	16
9792	16
9793	16
9794	16
9795	16
9796	16
9797	16
9798	16
9799	16
9800	16
9801	16
9802	16
9803	16
9804	16
9805	16
9806	16
9807	16
9808	16
9809	16
9810	16
9811	16
9812	16
9813	16
9814	16
9815	16
9816	16
9817	16
9818	16
9819	16
9820	16
9821	16
9822	16
9823	16
9824	16
9825	16
9826	16
9827	16
9828	16
9829	16
9830	16
9831	16
9832	16
9833	16
9834	16
9835	16
9836	16
9837	16
9838	16
9839	16
9840	16
9841	16
9842	16
9843	16
9844	16
9845	16
9846	16
9847	16
9848	16
9849	16
9850	16
9851	16
9852	16
9853	16
9854	16
9855	16
9856	16
9857	16
9858	16
9859	16
9860	16
9861	16
9862	16
9863	16
9864	16
9865	16
9866	16
9867	16
9868	16
9869	16
9870	16
9871	16
9872	16
9873	16
9874	16
9875	16
9876	16
9877	16
9878	16
9879	16
9880	16
9881	16
9882	16
9883	16
9884	16
9885	16
9886	16
9887	16
9888	16
9889	16
9890	16
9891	16
9892	16
9893	16
9894	16
9895	16
9896	16
9897	16
9898	16
9899	16
9900	16
9901	16
9902	16
9903	16
9904	16
9905	16
9906	16
9907	16
9908	16
9909	16
9910	16
9911	16
9912	16
9913	16
9914	16
9915	16
9916	16
9917	16
9918	16
9919	16
9920	16
9921	16
9922	16
9923	16
9924	16
9925	16
9926	16
9927	16
9928	16
9929	16
9930	16
9931	16
9932	16
9933	16
9934	16
9935	16
9936	16
9937	16
9938	16
9939	16
9940	16
9941	16
9942	16
9943	16
9944	16
9945	16
9946	16
9947	16
9948	16
9949	16
9950	16
9951	16
9952	16
9953	16
9954	16
9955	16
9956	16
9957	16
9958	16
9959	16
9960	16
9961	16
9962	16
9963	16
9964	16
9965	16
9966	16
9967	16
9968	16
9969	16
9970	16
9971	16
9972	16
9973	16
9974	16
9975	16
9976	16
9977	16
9978	16
9979	16
9980	16
9981	16
9982	16
9983	16
9984	16
9985	16
9986	16
9987	16
9988	16
9989	16
9990	16
9991	16
9992	16
9993	16
9994	16
9995	16
9996	16
9997	16
9998	16
9999	16
10000	16
