#Clock	ItemsCollected
1	0
2	0
3	0
4	0
5	0
6	0
7	0
8	0
9	0
10	0
11	0
12	0
13	0
14	0
15	0
16	0
17	0
18	0
19	0
20	0
21	0
22	0
23	0
24	0
25	0
26	0
27	0
28	0
29	0
30	0
31	0
32	0
33	0
34	0
35	0
36	0
37	0
38	0
39	0
40	0
41	0
42	0
43	0
44	0
45	0
46	0
47	0
48	0
49	0
50	0
51	0
52	0
53	0
54	0
55	0
56	0
57	0
58	0
59	0
60	0
61	0
62	0
63	0
64	0
65	0
66	0
67	0
68	0
69	0
70	0
71	0
72	0
73	0
74	0
75	0
76	0
77	0
78	0
79	0
80	0
81	0
82	0
83	0
84	0
85	0
86	0
87	0
88	0
89	0
90	0
91	0
92	0
93	0
94	0
95	0
96	0
97	0
98	0
99	0
100	0
101	0
102	0
103	0
104	0
105	0
106	0
107	0
108	0
109	0
110	0
111	0
112	0
113	0
114	0
115	0
116	0
117	0
118	0
119	0
120	0
121	0
122	0
123	0
124	0
125	0
126	0
127	0
128	0
129	0
130	0
131	0
132	0
133	0
134	0
135	0
136	0
137	0
138	0
139	0
140	0
141	0
142	0
143	0
144	0
145	0
146	0
147	0
148	0
149	0
150	0
151	0
152	0
153	0
154	0
155	0
156	0
157	0
158	0
159	0
160	0
161	0
162	0
163	0
164	0
165	0
166	0
167	0
168	0
169	0
170	0
171	0
172	0
173	0
174	0
175	0
176	0
177	0
178	0
179	0
180	0
181	0
182	0
183	0
184	0
185	0
186	0
187	0
188	0
189	0
190	0
191	0
192	0
193	0
194	0
195	0
196	0
197	0
198	0
199	0
200	0
201	0
202	0
203	0
204	0
205	0
206	0
207	0
208	0
209	0
210	0
211	0
212	0
213	0
214	0
215	0
216	0
217	0
218	0
219	0
220	0
221	0
222	0
223	0
224	0
225	0
226	0
227	0
228	0
229	0
230	0
231	0
232	0
233	0
234	0
235	0
236	0
237	0
238	0
239	0
240	0
241	0
242	0
243	0
244	0
245	0
246	0
247	0
248	0
249	0
250	0
251	0
252	0
253	0
254	0
255	0
256	0
257	0
258	0
259	0
260	0
261	0
262	0
263	0
264	0
265	0
266	0
267	0
268	0
269	0
270	0
271	0
272	0
273	0
274	0
275	0
276	0
277	0
278	0
279	0
280	0
281	0
282	0
283	0
284	0
285	0
286	0
287	0
288	0
289	0
290	0
291	0
292	0
293	0
294	0
295	0
296	0
297	0
298	0
299	0
300	0
301	0
302	0
303	0
304	0
305	0
306	0
307	0
308	0
309	0
310	0
311	0
312	0
313	0
314	0
315	0
316	0
317	0
318	0
319	0
320	0
321	0
322	0
323	0
324	0
325	0
326	0
327	0
328	0
329	0
330	0
331	0
332	0
333	0
334	0
335	0
336	0
337	0
338	0
339	0
340	0
341	0
342	0
343	0
344	0
345	0
346	0
347	0
348	0
349	0
350	0
351	0
352	0
353	0
354	0
355	0
356	0
357	0
358	0
359	0
360	0
361	0
362	0
363	0
364	0
365	0
366	0
367	0
368	0
369	0
370	0
371	0
372	0
373	0
374	0
375	0
376	0
377	0
378	0
379	0
380	0
381	0
382	0
383	0
384	0
385	0
386	0
387	0
388	0
389	0
390	0
391	0
392	0
393	0
394	0
395	0
396	0
397	0
398	0
399	0
400	0
401	0
402	0
403	0
404	0
405	0
406	0
407	0
408	0
409	0
410	0
411	0
412	0
413	0
414	0
415	0
416	0
417	0
418	0
419	0
420	0
421	0
422	0
423	0
424	0
425	0
426	0
427	0
428	0
429	0
430	0
431	0
432	0
433	0
434	0
435	0
436	0
437	0
438	0
439	0
440	0
441	0
442	0
443	0
444	0
445	0
446	0
447	0
448	0
449	0
450	0
451	0
452	0
453	0
454	0
455	0
456	0
457	0
458	0
459	0
460	0
461	0
462	0
463	0
464	0
465	0
466	0
467	0
468	0
469	0
470	0
471	0
472	0
473	0
474	0
475	0
476	0
477	0
478	0
479	0
480	0
481	0
482	0
483	0
484	0
485	0
486	0
487	0
488	0
489	0
490	0
491	0
492	0
493	0
494	0
495	0
496	0
497	0
498	0
499	0
500	0
501	0
502	0
503	0
504	0
505	0
506	0
507	0
508	0
509	0
510	0
511	0
512	0
513	0
514	0
515	0
516	0
517	0
518	0
519	0
520	0
521	0
522	0
523	0
524	0
525	0
526	0
527	0
528	0
529	0
530	0
531	0
532	0
533	0
534	0
535	0
536	0
537	0
538	0
539	0
540	0
541	0
542	0
543	0
544	0
545	0
546	0
547	0
548	0
549	0
550	0
551	0
552	0
553	0
554	0
555	0
556	0
557	0
558	0
559	0
560	0
561	0
562	0
563	0
564	0
565	0
566	0
567	0
568	0
569	0
570	0
571	0
572	0
573	0
574	0
575	0
576	0
577	0
578	0
579	0
580	0
581	0
582	0
583	0
584	0
585	0
586	0
587	0
588	0
589	0
590	0
591	0
592	0
593	0
594	0
595	0
596	0
597	0
598	0
599	0
600	0
601	0
602	0
603	0
604	0
605	0
606	0
607	0
608	0
609	0
610	0
611	0
612	0
613	0
614	0
615	0
616	0
617	0
618	0
619	0
620	0
621	0
622	0
623	0
624	0
625	0
626	0
627	0
628	0
629	0
630	0
631	0
632	0
633	0
634	0
635	0
636	0
637	0
638	0
639	0
640	0
641	0
642	0
643	0
644	0
645	0
646	0
647	0
648	0
649	0
650	0
651	0
652	0
653	0
654	0
655	0
656	0
657	0
658	0
659	0
660	0
661	0
662	0
663	0
664	0
665	0
666	0
667	0
668	0
669	0
670	0
671	0
672	0
673	0
674	0
675	0
676	0
677	0
678	0
679	0
680	0
681	0
682	0
683	0
684	0
685	0
686	0
687	0
688	0
689	0
690	0
691	0
692	0
693	0
694	0
695	0
696	0
697	0
698	0
699	0
700	0
701	0
702	0
703	0
704	0
705	0
706	0
707	0
708	0
709	0
710	0
711	0
712	0
713	0
714	0
715	0
716	0
717	0
718	0
719	0
720	0
721	0
722	0
723	0
724	0
725	0
726	0
727	0
728	0
729	0
730	0
731	0
732	0
733	0
734	0
735	0
736	0
737	0
738	0
739	0
740	0
741	0
742	0
743	0
744	0
745	0
746	0
747	0
748	0
749	0
750	0
751	0
752	0
753	0
754	0
755	0
756	0
757	0
758	0
759	0
760	0
761	0
762	0
763	0
764	0
765	0
766	0
767	0
768	0
769	0
770	0
771	0
772	0
773	0
774	0
775	0
776	0
777	0
778	0
779	0
780	0
781	0
782	0
783	0
784	0
785	0
786	0
787	0
788	0
789	0
790	0
791	0
792	0
793	0
794	0
795	0
796	0
797	0
798	0
799	0
800	0
801	0
802	0
803	0
804	0
805	0
806	0
807	0
808	0
809	0
810	0
811	0
812	0
813	0
814	0
815	0
816	0
817	0
818	0
819	0
820	0
821	0
822	0
823	0
824	0
825	0
826	0
827	0
828	0
829	0
830	0
831	0
832	0
833	0
834	0
835	0
836	0
837	0
838	0
839	0
840	0
841	0
842	0
843	0
844	0
845	0
846	0
847	0
848	0
849	0
850	0
851	0
852	0
853	0
854	0
855	0
856	0
857	0
858	0
859	0
860	0
861	0
862	0
863	0
864	0
865	0
866	0
867	0
868	0
869	0
870	0
871	0
872	0
873	0
874	0
875	0
876	0
877	0
878	0
879	0
880	0
881	0
882	0
883	0
884	0
885	0
886	0
887	0
888	0
889	0
890	0
891	0
892	0
893	0
894	0
895	0
896	0
897	0
898	0
899	0
900	0
901	0
902	0
903	0
904	0
905	0
906	0
907	0
908	0
909	0
910	0
911	0
912	0
913	0
914	0
915	0
916	0
917	0
918	0
919	0
920	0
921	0
922	0
923	0
924	0
925	0
926	0
927	0
928	0
929	0
930	0
931	0
932	0
933	0
934	0
935	0
936	0
937	0
938	0
939	0
940	0
941	0
942	0
943	0
944	0
945	0
946	0
947	0
948	0
949	0
950	0
951	0
952	0
953	0
954	0
955	0
956	0
957	0
958	0
959	0
960	0
961	0
962	0
963	0
964	0
965	0
966	0
967	0
968	0
969	0
970	0
971	0
972	0
973	0
974	0
975	0
976	0
977	0
978	0
979	0
980	0
981	0
982	0
983	0
984	0
985	0
986	0
987	0
988	0
989	0
990	0
991	0
992	0
993	0
994	0
995	0
996	0
997	0
998	0
999	0
1000	0
1001	0
1002	0
1003	0
1004	0
1005	0
1006	0
1007	0
1008	0
1009	0
1010	0
1011	0
1012	0
1013	0
1014	0
1015	0
1016	0
1017	0
1018	0
1019	0
1020	0
1021	0
1022	0
1023	0
1024	0
1025	0
1026	0
1027	0
1028	0
1029	0
1030	0
1031	0
1032	0
1033	0
1034	0
1035	0
1036	0
1037	0
1038	0
1039	0
1040	0
1041	0
1042	0
1043	0
1044	0
1045	0
1046	0
1047	0
1048	0
1049	0
1050	0
1051	0
1052	0
1053	0
1054	0
1055	0
1056	0
1057	0
1058	0
1059	0
1060	0
1061	0
1062	0
1063	0
1064	0
1065	0
1066	0
1067	0
1068	0
1069	0
1070	0
1071	0
1072	0
1073	0
1074	0
1075	0
1076	0
1077	0
1078	0
1079	0
1080	0
1081	0
1082	0
1083	0
1084	0
1085	0
1086	0
1087	0
1088	0
1089	0
1090	0
1091	0
1092	0
1093	0
1094	0
1095	0
1096	0
1097	0
1098	0
1099	0
1100	0
1101	0
1102	0
1103	0
1104	0
1105	0
1106	0
1107	0
1108	0
1109	0
1110	0
1111	0
1112	0
1113	0
1114	0
1115	0
1116	0
1117	0
1118	0
1119	0
1120	0
1121	0
1122	0
1123	0
1124	0
1125	0
1126	0
1127	0
1128	0
1129	0
1130	0
1131	0
1132	0
1133	0
1134	0
1135	0
1136	0
1137	0
1138	0
1139	0
1140	0
1141	0
1142	0
1143	0
1144	0
1145	0
1146	0
1147	0
1148	0
1149	0
1150	0
1151	0
1152	0
1153	0
1154	0
1155	0
1156	0
1157	0
1158	0
1159	0
1160	0
1161	0
1162	0
1163	0
1164	0
1165	0
1166	0
1167	0
1168	0
1169	0
1170	0
1171	0
1172	0
1173	0
1174	0
1175	0
1176	0
1177	0
1178	0
1179	0
1180	0
1181	0
1182	0
1183	0
1184	0
1185	0
1186	0
1187	0
1188	0
1189	0
1190	0
1191	0
1192	0
1193	0
1194	0
1195	0
1196	0
1197	0
1198	0
1199	0
1200	0
1201	0
1202	0
1203	0
1204	0
1205	0
1206	0
1207	0
1208	0
1209	0
1210	0
1211	0
1212	0
1213	0
1214	0
1215	0
1216	0
1217	0
1218	0
1219	0
1220	0
1221	0
1222	0
1223	0
1224	0
1225	0
1226	0
1227	0
1228	0
1229	0
1230	0
1231	0
1232	0
1233	0
1234	0
1235	0
1236	0
1237	0
1238	0
1239	0
1240	0
1241	0
1242	0
1243	0
1244	0
1245	0
1246	0
1247	0
1248	0
1249	0
1250	0
1251	0
1252	0
1253	0
1254	0
1255	0
1256	0
1257	0
1258	0
1259	0
1260	0
1261	0
1262	0
1263	0
1264	0
1265	0
1266	0
1267	0
1268	0
1269	0
1270	0
1271	0
1272	0
1273	0
1274	0
1275	0
1276	0
1277	0
1278	0
1279	0
1280	0
1281	0
1282	0
1283	0
1284	0
1285	0
1286	0
1287	0
1288	0
1289	0
1290	0
1291	0
1292	0
1293	0
1294	0
1295	0
1296	0
1297	0
1298	0
1299	0
1300	0
1301	0
1302	0
1303	0
1304	0
1305	0
1306	0
1307	0
1308	0
1309	0
1310	0
1311	0
1312	0
1313	0
1314	0
1315	0
1316	0
1317	0
1318	0
1319	0
1320	0
1321	0
1322	0
1323	0
1324	0
1325	0
1326	0
1327	0
1328	0
1329	0
1330	0
1331	0
1332	0
1333	0
1334	0
1335	0
1336	0
1337	0
1338	0
1339	0
1340	0
1341	0
1342	0
1343	0
1344	0
1345	0
1346	0
1347	0
1348	0
1349	0
1350	0
1351	0
1352	0
1353	0
1354	0
1355	0
1356	0
1357	0
1358	0
1359	0
1360	0
1361	0
1362	0
1363	0
1364	0
1365	0
1366	0
1367	0
1368	0
1369	0
1370	0
1371	0
1372	0
1373	0
1374	0
1375	0
1376	0
1377	0
1378	0
1379	0
1380	0
1381	0
1382	0
1383	0
1384	0
1385	0
1386	0
1387	0
1388	0
1389	0
1390	0
1391	0
1392	0
1393	0
1394	0
1395	0
1396	0
1397	0
1398	0
1399	0
1400	0
1401	0
1402	0
1403	0
1404	0
1405	0
1406	0
1407	0
1408	0
1409	0
1410	0
1411	0
1412	0
1413	0
1414	0
1415	0
1416	0
1417	0
1418	0
1419	0
1420	0
1421	0
1422	0
1423	0
1424	0
1425	0
1426	0
1427	0
1428	0
1429	0
1430	0
1431	0
1432	0
1433	0
1434	0
1435	0
1436	0
1437	0
1438	0
1439	0
1440	0
1441	0
1442	0
1443	0
1444	0
1445	0
1446	0
1447	0
1448	0
1449	0
1450	0
1451	0
1452	0
1453	0
1454	0
1455	0
1456	0
1457	0
1458	0
1459	0
1460	0
1461	0
1462	0
1463	0
1464	0
1465	0
1466	0
1467	0
1468	0
1469	0
1470	0
1471	0
1472	0
1473	0
1474	0
1475	0
1476	0
1477	0
1478	0
1479	0
1480	0
1481	0
1482	0
1483	0
1484	0
1485	0
1486	0
1487	0
1488	0
1489	0
1490	0
1491	0
1492	0
1493	0
1494	0
1495	0
1496	0
1497	0
1498	0
1499	0
1500	0
1501	0
1502	0
1503	0
1504	0
1505	0
1506	0
1507	0
1508	0
1509	0
1510	0
1511	0
1512	0
1513	0
1514	0
1515	0
1516	0
1517	0
1518	0
1519	0
1520	0
1521	0
1522	0
1523	0
1524	0
1525	0
1526	0
1527	0
1528	0
1529	0
1530	0
1531	0
1532	0
1533	0
1534	0
1535	0
1536	0
1537	0
1538	0
1539	0
1540	0
1541	0
1542	0
1543	0
1544	0
1545	0
1546	0
1547	0
1548	0
1549	0
1550	0
1551	0
1552	0
1553	0
1554	0
1555	0
1556	0
1557	0
1558	0
1559	0
1560	0
1561	0
1562	0
1563	0
1564	0
1565	0
1566	0
1567	0
1568	0
1569	0
1570	0
1571	0
1572	0
1573	0
1574	0
1575	0
1576	0
1577	0
1578	0
1579	0
1580	0
1581	0
1582	0
1583	0
1584	0
1585	0
1586	0
1587	0
1588	0
1589	0
1590	0
1591	0
1592	0
1593	0
1594	0
1595	0
1596	0
1597	0
1598	0
1599	0
1600	0
1601	0
1602	0
1603	0
1604	0
1605	0
1606	0
1607	0
1608	0
1609	0
1610	0
1611	0
1612	0
1613	0
1614	0
1615	0
1616	0
1617	0
1618	0
1619	0
1620	0
1621	0
1622	0
1623	0
1624	0
1625	0
1626	0
1627	0
1628	0
1629	0
1630	0
1631	0
1632	0
1633	0
1634	0
1635	0
1636	0
1637	0
1638	0
1639	0
1640	0
1641	0
1642	0
1643	0
1644	0
1645	0
1646	0
1647	0
1648	0
1649	0
1650	0
1651	0
1652	0
1653	0
1654	0
1655	0
1656	0
1657	0
1658	0
1659	0
1660	0
1661	0
1662	0
1663	0
1664	0
1665	0
1666	0
1667	0
1668	0
1669	0
1670	0
1671	0
1672	0
1673	0
1674	0
1675	0
1676	0
1677	0
1678	0
1679	0
1680	0
1681	0
1682	0
1683	0
1684	0
1685	0
1686	0
1687	0
1688	0
1689	0
1690	0
1691	0
1692	0
1693	0
1694	0
1695	0
1696	0
1697	0
1698	0
1699	0
1700	0
1701	0
1702	0
1703	0
1704	0
1705	0
1706	0
1707	0
1708	0
1709	0
1710	0
1711	0
1712	0
1713	0
1714	0
1715	0
1716	0
1717	0
1718	0
1719	0
1720	0
1721	0
1722	0
1723	0
1724	0
1725	0
1726	0
1727	0
1728	0
1729	0
1730	0
1731	0
1732	0
1733	0
1734	0
1735	0
1736	0
1737	0
1738	0
1739	0
1740	0
1741	0
1742	0
1743	0
1744	0
1745	0
1746	0
1747	0
1748	0
1749	0
1750	0
1751	0
1752	0
1753	0
1754	0
1755	0
1756	0
1757	0
1758	0
1759	0
1760	0
1761	0
1762	0
1763	0
1764	0
1765	0
1766	0
1767	0
1768	0
1769	0
1770	0
1771	0
1772	0
1773	0
1774	0
1775	0
1776	0
1777	0
1778	0
1779	0
1780	0
1781	0
1782	0
1783	0
1784	0
1785	0
1786	0
1787	0
1788	0
1789	0
1790	0
1791	0
1792	0
1793	0
1794	0
1795	0
1796	0
1797	0
1798	0
1799	0
1800	0
1801	0
1802	0
1803	0
1804	0
1805	0
1806	0
1807	0
1808	0
1809	0
1810	0
1811	0
1812	0
1813	0
1814	0
1815	0
1816	0
1817	0
1818	0
1819	0
1820	0
1821	0
1822	0
1823	0
1824	0
1825	0
1826	0
1827	0
1828	0
1829	0
1830	0
1831	0
1832	0
1833	0
1834	0
1835	0
1836	0
1837	0
1838	0
1839	0
1840	0
1841	0
1842	0
1843	0
1844	0
1845	0
1846	0
1847	0
1848	0
1849	0
1850	0
1851	0
1852	0
1853	0
1854	0
1855	0
1856	0
1857	0
1858	0
1859	0
1860	0
1861	0
1862	0
1863	0
1864	0
1865	0
1866	0
1867	0
1868	0
1869	0
1870	0
1871	0
1872	0
1873	0
1874	0
1875	0
1876	0
1877	0
1878	0
1879	0
1880	0
1881	0
1882	0
1883	0
1884	0
1885	0
1886	0
1887	0
1888	0
1889	0
1890	0
1891	0
1892	0
1893	0
1894	0
1895	0
1896	0
1897	0
1898	0
1899	0
1900	0
1901	0
1902	0
1903	0
1904	0
1905	0
1906	0
1907	0
1908	0
1909	0
1910	0
1911	0
1912	0
1913	0
1914	0
1915	0
1916	0
1917	0
1918	0
1919	0
1920	0
1921	0
1922	0
1923	0
1924	0
1925	0
1926	0
1927	0
1928	0
1929	0
1930	0
1931	0
1932	0
1933	0
1934	0
1935	0
1936	0
1937	0
1938	0
1939	0
1940	0
1941	0
1942	0
1943	0
1944	0
1945	0
1946	0
1947	0
1948	0
1949	0
1950	0
1951	0
1952	0
1953	0
1954	0
1955	0
1956	0
1957	0
1958	0
1959	0
1960	0
1961	0
1962	0
1963	0
1964	0
1965	0
1966	0
1967	0
1968	0
1969	0
1970	0
1971	0
1972	0
1973	0
1974	0
1975	0
1976	0
1977	0
1978	0
1979	0
1980	0
1981	0
1982	0
1983	0
1984	0
1985	0
1986	0
1987	0
1988	0
1989	0
1990	0
1991	0
1992	0
1993	0
1994	0
1995	0
1996	0
1997	0
1998	0
1999	0
2000	0
2001	0
2002	0
2003	0
2004	0
2005	0
2006	0
2007	0
2008	0
2009	0
2010	0
2011	0
2012	0
2013	0
2014	0
2015	0
2016	0
2017	0
2018	0
2019	0
2020	0
2021	0
2022	0
2023	0
2024	0
2025	0
2026	0
2027	0
2028	0
2029	0
2030	0
2031	0
2032	0
2033	0
2034	0
2035	0
2036	0
2037	0
2038	0
2039	0
2040	0
2041	0
2042	0
2043	0
2044	0
2045	0
2046	0
2047	0
2048	0
2049	0
2050	0
2051	0
2052	0
2053	0
2054	0
2055	0
2056	0
2057	0
2058	0
2059	0
2060	0
2061	0
2062	0
2063	0
2064	0
2065	0
2066	0
2067	0
2068	0
2069	0
2070	0
2071	0
2072	0
2073	0
2074	0
2075	0
2076	0
2077	0
2078	0
2079	0
2080	0
2081	0
2082	0
2083	0
2084	0
2085	0
2086	0
2087	0
2088	0
2089	0
2090	0
2091	0
2092	0
2093	0
2094	0
2095	0
2096	0
2097	0
2098	0
2099	0
2100	0
2101	0
2102	0
2103	0
2104	0
2105	0
2106	0
2107	0
2108	0
2109	0
2110	0
2111	0
2112	0
2113	0
2114	0
2115	0
2116	0
2117	0
2118	0
2119	0
2120	0
2121	0
2122	0
2123	0
2124	0
2125	0
2126	0
2127	0
2128	0
2129	0
2130	0
2131	0
2132	0
2133	0
2134	0
2135	0
2136	0
2137	0
2138	0
2139	0
2140	0
2141	0
2142	0
2143	0
2144	0
2145	0
2146	0
2147	0
2148	0
2149	0
2150	0
2151	0
2152	0
2153	0
2154	0
2155	0
2156	0
2157	0
2158	0
2159	0
2160	0
2161	0
2162	0
2163	0
2164	0
2165	0
2166	0
2167	0
2168	0
2169	0
2170	0
2171	0
2172	0
2173	0
2174	0
2175	0
2176	0
2177	0
2178	0
2179	0
2180	0
2181	0
2182	0
2183	0
2184	0
2185	0
2186	0
2187	0
2188	0
2189	0
2190	0
2191	0
2192	0
2193	0
2194	0
2195	0
2196	0
2197	0
2198	0
2199	0
2200	0
2201	0
2202	0
2203	0
2204	0
2205	0
2206	0
2207	0
2208	0
2209	0
2210	0
2211	0
2212	0
2213	0
2214	0
2215	0
2216	0
2217	0
2218	0
2219	0
2220	0
2221	0
2222	0
2223	0
2224	0
2225	0
2226	0
2227	0
2228	0
2229	0
2230	0
2231	0
2232	0
2233	0
2234	0
2235	0
2236	0
2237	0
2238	0
2239	0
2240	0
2241	0
2242	0
2243	0
2244	0
2245	0
2246	0
2247	0
2248	0
2249	0
2250	0
2251	0
2252	0
2253	0
2254	0
2255	0
2256	0
2257	0
2258	0
2259	0
2260	0
2261	0
2262	0
2263	0
2264	0
2265	0
2266	0
2267	0
2268	0
2269	0
2270	0
2271	0
2272	0
2273	0
2274	0
2275	0
2276	0
2277	0
2278	0
2279	0
2280	0
2281	0
2282	0
2283	0
2284	0
2285	0
2286	0
2287	0
2288	0
2289	0
2290	0
2291	0
2292	0
2293	0
2294	0
2295	0
2296	0
2297	0
2298	0
2299	0
2300	0
2301	0
2302	0
2303	0
2304	0
2305	0
2306	0
2307	0
2308	0
2309	0
2310	0
2311	0
2312	0
2313	0
2314	0
2315	0
2316	0
2317	0
2318	0
2319	0
2320	0
2321	0
2322	0
2323	0
2324	0
2325	0
2326	0
2327	0
2328	0
2329	0
2330	0
2331	0
2332	0
2333	0
2334	0
2335	0
2336	0
2337	0
2338	0
2339	0
2340	0
2341	0
2342	0
2343	0
2344	0
2345	0
2346	0
2347	0
2348	0
2349	0
2350	0
2351	0
2352	0
2353	0
2354	0
2355	0
2356	0
2357	0
2358	0
2359	0
2360	0
2361	0
2362	0
2363	0
2364	0
2365	0
2366	0
2367	0
2368	0
2369	0
2370	0
2371	0
2372	0
2373	0
2374	0
2375	0
2376	0
2377	0
2378	0
2379	0
2380	0
2381	0
2382	0
2383	0
2384	0
2385	0
2386	0
2387	0
2388	0
2389	0
2390	0
2391	0
2392	0
2393	0
2394	0
2395	0
2396	0
2397	0
2398	0
2399	0
2400	0
2401	0
2402	0
2403	0
2404	0
2405	0
2406	0
2407	0
2408	0
2409	0
2410	0
2411	0
2412	0
2413	0
2414	0
2415	0
2416	0
2417	0
2418	0
2419	0
2420	0
2421	0
2422	0
2423	0
2424	0
2425	0
2426	0
2427	0
2428	0
2429	0
2430	0
2431	0
2432	0
2433	0
2434	0
2435	0
2436	0
2437	0
2438	0
2439	0
2440	0
2441	0
2442	0
2443	0
2444	0
2445	0
2446	0
2447	0
2448	0
2449	0
2450	0
2451	0
2452	0
2453	0
2454	0
2455	0
2456	0
2457	0
2458	0
2459	0
2460	0
2461	0
2462	0
2463	0
2464	0
2465	0
2466	0
2467	0
2468	0
2469	0
2470	0
2471	0
2472	0
2473	0
2474	0
2475	0
2476	0
2477	0
2478	0
2479	0
2480	0
2481	0
2482	0
2483	0
2484	0
2485	0
2486	0
2487	0
2488	0
2489	0
2490	0
2491	0
2492	0
2493	0
2494	0
2495	0
2496	0
2497	0
2498	0
2499	0
2500	0
2501	0
2502	0
2503	0
2504	0
2505	0
2506	0
2507	0
2508	0
2509	0
2510	0
2511	0
2512	0
2513	0
2514	0
2515	0
2516	0
2517	0
2518	0
2519	0
2520	0
2521	0
2522	0
2523	0
2524	0
2525	0
2526	0
2527	0
2528	0
2529	0
2530	0
2531	0
2532	0
2533	0
2534	0
2535	0
2536	0
2537	0
2538	0
2539	0
2540	0
2541	0
2542	0
2543	0
2544	0
2545	0
2546	0
2547	0
2548	0
2549	0
2550	0
2551	0
2552	0
2553	0
2554	0
2555	0
2556	0
2557	0
2558	0
2559	0
2560	0
2561	0
2562	0
2563	0
2564	0
2565	0
2566	0
2567	0
2568	0
2569	0
2570	0
2571	0
2572	0
2573	0
2574	0
2575	0
2576	0
2577	0
2578	0
2579	0
2580	0
2581	0
2582	0
2583	0
2584	0
2585	0
2586	0
2587	0
2588	0
2589	0
2590	0
2591	0
2592	0
2593	0
2594	0
2595	0
2596	0
2597	0
2598	0
2599	0
2600	0
2601	0
2602	0
2603	0
2604	0
2605	0
2606	0
2607	0
2608	0
2609	0
2610	0
2611	0
2612	0
2613	0
2614	0
2615	0
2616	0
2617	0
2618	0
2619	0
2620	0
2621	0
2622	0
2623	0
2624	0
2625	0
2626	0
2627	0
2628	0
2629	0
2630	0
2631	0
2632	0
2633	0
2634	0
2635	0
2636	0
2637	0
2638	0
2639	0
2640	0
2641	0
2642	0
2643	0
2644	0
2645	0
2646	0
2647	0
2648	0
2649	0
2650	0
2651	0
2652	0
2653	0
2654	0
2655	0
2656	0
2657	0
2658	0
2659	0
2660	0
2661	0
2662	0
2663	0
2664	0
2665	0
2666	0
2667	0
2668	0
2669	0
2670	0
2671	0
2672	0
2673	0
2674	0
2675	0
2676	0
2677	0
2678	0
2679	0
2680	0
2681	0
2682	0
2683	0
2684	0
2685	0
2686	0
2687	0
2688	0
2689	0
2690	0
2691	0
2692	0
2693	0
2694	0
2695	0
2696	0
2697	0
2698	0
2699	0
2700	0
2701	0
2702	0
2703	0
2704	0
2705	0
2706	0
2707	0
2708	0
2709	0
2710	0
2711	0
2712	0
2713	0
2714	0
2715	0
2716	0
2717	0
2718	0
2719	0
2720	0
2721	0
2722	0
2723	0
2724	0
2725	0
2726	0
2727	0
2728	0
2729	0
2730	0
2731	0
2732	0
2733	0
2734	0
2735	0
2736	0
2737	0
2738	0
2739	0
2740	0
2741	0
2742	0
2743	0
2744	0
2745	0
2746	0
2747	0
2748	0
2749	0
2750	0
2751	0
2752	0
2753	0
2754	0
2755	0
2756	0
2757	0
2758	0
2759	0
2760	0
2761	0
2762	0
2763	0
2764	0
2765	0
2766	0
2767	0
2768	0
2769	0
2770	0
2771	0
2772	0
2773	0
2774	0
2775	0
2776	0
2777	0
2778	0
2779	0
2780	0
2781	0
2782	0
2783	0
2784	0
2785	0
2786	0
2787	0
2788	0
2789	0
2790	0
2791	0
2792	0
2793	0
2794	0
2795	0
2796	0
2797	0
2798	0
2799	0
2800	0
2801	0
2802	0
2803	0
2804	0
2805	0
2806	0
2807	0
2808	0
2809	0
2810	0
2811	0
2812	0
2813	0
2814	0
2815	0
2816	0
2817	0
2818	0
2819	0
2820	0
2821	0
2822	0
2823	0
2824	0
2825	0
2826	0
2827	0
2828	0
2829	0
2830	0
2831	0
2832	0
2833	0
2834	0
2835	0
2836	0
2837	0
2838	0
2839	0
2840	0
2841	0
2842	0
2843	0
2844	0
2845	0
2846	0
2847	0
2848	0
2849	0
2850	0
2851	0
2852	0
2853	0
2854	0
2855	0
2856	0
2857	0
2858	0
2859	0
2860	0
2861	0
2862	0
2863	0
2864	0
2865	0
2866	0
2867	0
2868	0
2869	0
2870	0
2871	0
2872	0
2873	0
2874	0
2875	0
2876	0
2877	0
2878	0
2879	0
2880	0
2881	0
2882	0
2883	0
2884	0
2885	0
2886	0
2887	0
2888	0
2889	0
2890	0
2891	0
2892	0
2893	0
2894	0
2895	0
2896	0
2897	0
2898	0
2899	0
2900	0
2901	0
2902	0
2903	0
2904	0
2905	0
2906	0
2907	0
2908	0
2909	0
2910	0
2911	0
2912	0
2913	0
2914	0
2915	0
2916	0
2917	0
2918	0
2919	0
2920	0
2921	0
2922	0
2923	0
2924	0
2925	0
2926	0
2927	0
2928	0
2929	0
2930	0
2931	0
2932	0
2933	0
2934	0
2935	0
2936	0
2937	0
2938	0
2939	0
2940	0
2941	0
2942	0
2943	0
2944	0
2945	0
2946	0
2947	0
2948	0
2949	0
2950	0
2951	0
2952	0
2953	0
2954	0
2955	0
2956	0
2957	0
2958	0
2959	0
2960	0
2961	0
2962	0
2963	0
2964	0
2965	0
2966	0
2967	0
2968	0
2969	0
2970	0
2971	0
2972	0
2973	0
2974	0
2975	0
2976	0
2977	0
2978	0
2979	0
2980	0
2981	0
2982	0
2983	0
2984	0
2985	0
2986	0
2987	0
2988	0
2989	0
2990	0
2991	0
2992	0
2993	0
2994	0
2995	0
2996	0
2997	0
2998	0
2999	0
3000	0
3001	0
3002	0
3003	0
3004	0
3005	0
3006	0
3007	0
3008	0
3009	0
3010	0
3011	0
3012	0
3013	0
3014	0
3015	0
3016	0
3017	0
3018	0
3019	0
3020	0
3021	0
3022	0
3023	0
3024	0
3025	0
3026	0
3027	0
3028	0
3029	0
3030	0
3031	0
3032	0
3033	0
3034	0
3035	0
3036	0
3037	0
3038	0
3039	0
3040	0
3041	0
3042	0
3043	0
3044	0
3045	0
3046	0
3047	0
3048	0
3049	0
3050	0
3051	0
3052	0
3053	0
3054	0
3055	0
3056	0
3057	0
3058	0
3059	0
3060	0
3061	0
3062	0
3063	0
3064	0
3065	0
3066	0
3067	0
3068	0
3069	0
3070	0
3071	0
3072	0
3073	0
3074	0
3075	0
3076	0
3077	0
3078	0
3079	0
3080	0
3081	0
3082	0
3083	0
3084	0
3085	0
3086	0
3087	0
3088	0
3089	0
3090	0
3091	0
3092	0
3093	0
3094	0
3095	0
3096	0
3097	0
3098	0
3099	0
3100	0
3101	0
3102	0
3103	0
3104	0
3105	0
3106	0
3107	0
3108	0
3109	0
3110	0
3111	0
3112	0
3113	0
3114	0
3115	0
3116	0
3117	0
3118	0
3119	0
3120	0
3121	0
3122	0
3123	0
3124	0
3125	0
3126	0
3127	0
3128	0
3129	0
3130	0
3131	0
3132	0
3133	0
3134	0
3135	0
3136	0
3137	0
3138	0
3139	0
3140	0
3141	0
3142	0
3143	0
3144	0
3145	0
3146	0
3147	0
3148	0
3149	0
3150	0
3151	0
3152	0
3153	0
3154	0
3155	0
3156	0
3157	0
3158	0
3159	0
3160	0
3161	0
3162	0
3163	0
3164	0
3165	0
3166	0
3167	0
3168	0
3169	0
3170	0
3171	0
3172	0
3173	0
3174	0
3175	0
3176	0
3177	0
3178	0
3179	0
3180	0
3181	0
3182	0
3183	0
3184	0
3185	0
3186	0
3187	0
3188	0
3189	0
3190	0
3191	0
3192	0
3193	0
3194	0
3195	0
3196	0
3197	0
3198	0
3199	0
3200	0
3201	0
3202	0
3203	0
3204	0
3205	0
3206	0
3207	0
3208	0
3209	0
3210	0
3211	0
3212	0
3213	0
3214	0
3215	0
3216	0
3217	0
3218	0
3219	0
3220	0
3221	0
3222	0
3223	0
3224	0
3225	0
3226	0
3227	0
3228	0
3229	0
3230	0
3231	0
3232	0
3233	0
3234	0
3235	0
3236	0
3237	0
3238	0
3239	0
3240	0
3241	0
3242	0
3243	0
3244	0
3245	0
3246	0
3247	0
3248	0
3249	0
3250	0
3251	0
3252	0
3253	0
3254	0
3255	0
3256	0
3257	0
3258	0
3259	0
3260	0
3261	0
3262	0
3263	0
3264	0
3265	0
3266	0
3267	0
3268	0
3269	0
3270	0
3271	0
3272	0
3273	0
3274	0
3275	0
3276	0
3277	0
3278	0
3279	0
3280	0
3281	0
3282	0
3283	0
3284	0
3285	0
3286	0
3287	0
3288	0
3289	0
3290	0
3291	0
3292	0
3293	0
3294	0
3295	0
3296	0
3297	0
3298	0
3299	0
3300	0
3301	0
3302	0
3303	0
3304	0
3305	0
3306	0
3307	0
3308	0
3309	0
3310	0
3311	0
3312	0
3313	0
3314	0
3315	0
3316	0
3317	0
3318	0
3319	0
3320	0
3321	0
3322	0
3323	0
3324	0
3325	0
3326	0
3327	0
3328	0
3329	0
3330	0
3331	0
3332	0
3333	0
3334	0
3335	0
3336	0
3337	0
3338	0
3339	0
3340	0
3341	0
3342	0
3343	0
3344	0
3345	0
3346	0
3347	0
3348	0
3349	0
3350	0
3351	0
3352	0
3353	0
3354	0
3355	0
3356	0
3357	0
3358	0
3359	0
3360	0
3361	0
3362	0
3363	0
3364	0
3365	0
3366	0
3367	0
3368	0
3369	0
3370	0
3371	0
3372	0
3373	0
3374	0
3375	0
3376	0
3377	0
3378	0
3379	0
3380	0
3381	0
3382	0
3383	0
3384	0
3385	0
3386	0
3387	0
3388	0
3389	0
3390	0
3391	0
3392	0
3393	0
3394	0
3395	0
3396	0
3397	0
3398	0
3399	0
3400	0
3401	0
3402	0
3403	0
3404	0
3405	0
3406	0
3407	0
3408	0
3409	0
3410	0
3411	0
3412	0
3413	0
3414	0
3415	0
3416	0
3417	0
3418	0
3419	0
3420	0
3421	0
3422	0
3423	0
3424	0
3425	0
3426	0
3427	0
3428	0
3429	0
3430	0
3431	0
3432	0
3433	0
3434	0
3435	0
3436	0
3437	0
3438	0
3439	0
3440	0
3441	0
3442	0
3443	0
3444	0
3445	0
3446	0
3447	0
3448	0
3449	0
3450	0
3451	0
3452	0
3453	0
3454	0
3455	0
3456	0
3457	0
3458	0
3459	0
3460	0
3461	0
3462	0
3463	0
3464	0
3465	0
3466	0
3467	0
3468	0
3469	1
3470	1
3471	1
3472	1
3473	1
3474	1
3475	1
3476	1
3477	1
3478	1
3479	1
3480	1
3481	1
3482	1
3483	1
3484	1
3485	1
3486	1
3487	1
3488	1
3489	1
3490	1
3491	1
3492	1
3493	1
3494	1
3495	1
3496	1
3497	1
3498	1
3499	1
3500	1
3501	1
3502	1
3503	1
3504	1
3505	1
3506	1
3507	1
3508	1
3509	1
3510	1
3511	1
3512	1
3513	1
3514	1
3515	1
3516	1
3517	1
3518	1
3519	1
3520	1
3521	1
3522	1
3523	1
3524	1
3525	1
3526	1
3527	1
3528	1
3529	1
3530	1
3531	1
3532	1
3533	1
3534	1
3535	1
3536	1
3537	1
3538	1
3539	1
3540	1
3541	1
3542	1
3543	1
3544	1
3545	1
3546	1
3547	1
3548	1
3549	1
3550	1
3551	1
3552	1
3553	1
3554	1
3555	1
3556	1
3557	1
3558	1
3559	1
3560	1
3561	1
3562	1
3563	1
3564	1
3565	1
3566	1
3567	1
3568	1
3569	1
3570	1
3571	1
3572	1
3573	1
3574	1
3575	1
3576	1
3577	1
3578	1
3579	1
3580	1
3581	1
3582	1
3583	1
3584	1
3585	1
3586	1
3587	1
3588	1
3589	1
3590	1
3591	1
3592	1
3593	1
3594	1
3595	1
3596	1
3597	1
3598	1
3599	1
3600	1
3601	1
3602	1
3603	1
3604	1
3605	1
3606	1
3607	1
3608	1
3609	1
3610	1
3611	1
3612	1
3613	1
3614	1
3615	1
3616	1
3617	1
3618	1
3619	1
3620	1
3621	1
3622	1
3623	1
3624	1
3625	1
3626	1
3627	1
3628	1
3629	1
3630	1
3631	1
3632	1
3633	1
3634	1
3635	1
3636	1
3637	1
3638	1
3639	1
3640	1
3641	1
3642	1
3643	1
3644	1
3645	1
3646	1
3647	1
3648	1
3649	1
3650	1
3651	1
3652	1
3653	1
3654	1
3655	1
3656	1
3657	1
3658	1
3659	1
3660	1
3661	1
3662	1
3663	1
3664	1
3665	1
3666	1
3667	1
3668	1
3669	1
3670	1
3671	1
3672	1
3673	1
3674	1
3675	1
3676	1
3677	1
3678	1
3679	1
3680	1
3681	1
3682	1
3683	1
3684	1
3685	1
3686	1
3687	1
3688	1
3689	1
3690	1
3691	1
3692	1
3693	1
3694	1
3695	1
3696	1
3697	1
3698	1
3699	1
3700	1
3701	1
3702	1
3703	1
3704	1
3705	1
3706	1
3707	1
3708	1
3709	1
3710	1
3711	1
3712	1
3713	1
3714	1
3715	1
3716	1
3717	1
3718	1
3719	1
3720	1
3721	1
3722	1
3723	1
3724	1
3725	1
3726	1
3727	1
3728	1
3729	1
3730	1
3731	1
3732	1
3733	1
3734	1
3735	1
3736	1
3737	1
3738	1
3739	1
3740	1
3741	1
3742	1
3743	1
3744	1
3745	1
3746	1
3747	1
3748	1
3749	1
3750	1
3751	1
3752	1
3753	1
3754	1
3755	1
3756	1
3757	1
3758	1
3759	1
3760	1
3761	1
3762	1
3763	1
3764	1
3765	1
3766	1
3767	1
3768	1
3769	1
3770	1
3771	1
3772	1
3773	1
3774	1
3775	1
3776	1
3777	1
3778	1
3779	1
3780	1
3781	1
3782	1
3783	1
3784	1
3785	1
3786	1
3787	1
3788	1
3789	1
3790	1
3791	1
3792	1
3793	1
3794	1
3795	1
3796	1
3797	1
3798	1
3799	1
3800	1
3801	1
3802	1
3803	1
3804	1
3805	1
3806	1
3807	1
3808	1
3809	1
3810	1
3811	1
3812	1
3813	1
3814	1
3815	1
3816	1
3817	1
3818	1
3819	1
3820	1
3821	1
3822	1
3823	1
3824	1
3825	1
3826	1
3827	1
3828	1
3829	1
3830	1
3831	1
3832	1
3833	1
3834	1
3835	1
3836	1
3837	1
3838	1
3839	1
3840	1
3841	1
3842	1
3843	1
3844	1
3845	1
3846	1
3847	1
3848	1
3849	1
3850	1
3851	1
3852	1
3853	1
3854	1
3855	1
3856	1
3857	1
3858	1
3859	1
3860	1
3861	1
3862	1
3863	1
3864	1
3865	1
3866	1
3867	1
3868	1
3869	1
3870	1
3871	1
3872	1
3873	1
3874	1
3875	1
3876	1
3877	1
3878	1
3879	1
3880	1
3881	1
3882	1
3883	1
3884	1
3885	1
3886	1
3887	1
3888	1
3889	1
3890	1
3891	1
3892	1
3893	1
3894	1
3895	1
3896	1
3897	1
3898	1
3899	1
3900	1
3901	1
3902	1
3903	1
3904	1
3905	1
3906	1
3907	1
3908	1
3909	1
3910	1
3911	1
3912	1
3913	1
3914	1
3915	1
3916	1
3917	1
3918	1
3919	1
3920	1
3921	1
3922	1
3923	1
3924	1
3925	1
3926	1
3927	1
3928	1
3929	1
3930	1
3931	1
3932	1
3933	1
3934	1
3935	1
3936	1
3937	1
3938	1
3939	1
3940	1
3941	1
3942	1
3943	1
3944	1
3945	1
3946	1
3947	1
3948	1
3949	1
3950	1
3951	1
3952	1
3953	1
3954	1
3955	1
3956	1
3957	1
3958	1
3959	1
3960	1
3961	1
3962	1
3963	1
3964	1
3965	1
3966	1
3967	1
3968	1
3969	1
3970	1
3971	1
3972	1
3973	1
3974	1
3975	1
3976	1
3977	1
3978	1
3979	1
3980	1
3981	1
3982	1
3983	1
3984	1
3985	1
3986	1
3987	1
3988	1
3989	1
3990	1
3991	1
3992	1
3993	1
3994	1
3995	1
3996	1
3997	1
3998	1
3999	1
4000	1
4001	1
4002	1
4003	1
4004	1
4005	1
4006	1
4007	1
4008	1
4009	1
4010	1
4011	1
4012	1
4013	1
4014	1
4015	1
4016	1
4017	1
4018	1
4019	1
4020	1
4021	1
4022	1
4023	1
4024	1
4025	1
4026	1
4027	1
4028	1
4029	1
4030	1
4031	1
4032	1
4033	1
4034	1
4035	1
4036	1
4037	1
4038	1
4039	1
4040	1
4041	1
4042	1
4043	1
4044	1
4045	1
4046	1
4047	1
4048	1
4049	1
4050	1
4051	1
4052	1
4053	1
4054	1
4055	1
4056	1
4057	1
4058	1
4059	1
4060	1
4061	1
4062	1
4063	1
4064	1
4065	1
4066	1
4067	1
4068	1
4069	1
4070	1
4071	1
4072	1
4073	1
4074	1
4075	1
4076	1
4077	1
4078	1
4079	1
4080	1
4081	1
4082	1
4083	1
4084	1
4085	1
4086	1
4087	1
4088	1
4089	1
4090	1
4091	1
4092	1
4093	1
4094	1
4095	1
4096	1
4097	1
4098	1
4099	1
4100	1
4101	1
4102	1
4103	1
4104	1
4105	1
4106	1
4107	1
4108	1
4109	1
4110	1
4111	1
4112	1
4113	1
4114	1
4115	1
4116	1
4117	1
4118	1
4119	1
4120	1
4121	1
4122	1
4123	1
4124	1
4125	1
4126	1
4127	1
4128	1
4129	1
4130	1
4131	1
4132	1
4133	1
4134	1
4135	1
4136	1
4137	1
4138	1
4139	1
4140	1
4141	1
4142	1
4143	1
4144	1
4145	1
4146	1
4147	1
4148	1
4149	1
4150	1
4151	1
4152	1
4153	1
4154	1
4155	1
4156	1
4157	1
4158	1
4159	1
4160	1
4161	1
4162	1
4163	1
4164	1
4165	1
4166	1
4167	1
4168	1
4169	1
4170	1
4171	1
4172	1
4173	1
4174	1
4175	1
4176	1
4177	1
4178	1
4179	1
4180	1
4181	1
4182	1
4183	1
4184	1
4185	1
4186	1
4187	1
4188	1
4189	1
4190	1
4191	1
4192	1
4193	1
4194	1
4195	1
4196	1
4197	1
4198	1
4199	1
4200	1
4201	1
4202	1
4203	1
4204	1
4205	1
4206	1
4207	1
4208	1
4209	1
4210	1
4211	1
4212	1
4213	1
4214	1
4215	1
4216	1
4217	1
4218	1
4219	1
4220	1
4221	1
4222	1
4223	1
4224	1
4225	1
4226	1
4227	1
4228	1
4229	1
4230	1
4231	1
4232	1
4233	1
4234	1
4235	1
4236	1
4237	1
4238	1
4239	1
4240	1
4241	1
4242	1
4243	1
4244	1
4245	1
4246	1
4247	1
4248	1
4249	1
4250	1
4251	1
4252	1
4253	1
4254	1
4255	1
4256	1
4257	1
4258	1
4259	1
4260	1
4261	1
4262	1
4263	1
4264	1
4265	1
4266	1
4267	1
4268	1
4269	1
4270	1
4271	1
4272	1
4273	1
4274	1
4275	1
4276	1
4277	1
4278	1
4279	1
4280	1
4281	1
4282	1
4283	1
4284	1
4285	1
4286	1
4287	1
4288	1
4289	1
4290	1
4291	1
4292	1
4293	1
4294	1
4295	1
4296	1
4297	1
4298	1
4299	1
4300	1
4301	1
4302	1
4303	1
4304	1
4305	1
4306	1
4307	1
4308	1
4309	1
4310	1
4311	1
4312	1
4313	1
4314	1
4315	1
4316	1
4317	1
4318	1
4319	1
4320	1
4321	1
4322	1
4323	1
4324	1
4325	1
4326	1
4327	1
4328	1
4329	1
4330	1
4331	1
4332	1
4333	1
4334	1
4335	1
4336	1
4337	1
4338	1
4339	1
4340	1
4341	1
4342	1
4343	1
4344	1
4345	1
4346	1
4347	1
4348	1
4349	1
4350	1
4351	1
4352	1
4353	1
4354	1
4355	1
4356	1
4357	1
4358	1
4359	1
4360	1
4361	1
4362	1
4363	1
4364	1
4365	1
4366	1
4367	1
4368	1
4369	1
4370	1
4371	1
4372	1
4373	1
4374	1
4375	1
4376	1
4377	1
4378	1
4379	1
4380	1
4381	1
4382	1
4383	1
4384	1
4385	1
4386	1
4387	1
4388	1
4389	1
4390	1
4391	1
4392	1
4393	1
4394	1
4395	1
4396	1
4397	1
4398	1
4399	1
4400	1
4401	1
4402	1
4403	1
4404	1
4405	1
4406	1
4407	1
4408	1
4409	1
4410	1
4411	1
4412	1
4413	1
4414	1
4415	1
4416	1
4417	1
4418	1
4419	1
4420	1
4421	1
4422	1
4423	1
4424	1
4425	1
4426	1
4427	1
4428	1
4429	1
4430	1
4431	1
4432	1
4433	1
4434	1
4435	1
4436	1
4437	1
4438	1
4439	1
4440	1
4441	1
4442	1
4443	1
4444	1
4445	1
4446	1
4447	1
4448	1
4449	1
4450	1
4451	1
4452	1
4453	1
4454	1
4455	1
4456	1
4457	1
4458	1
4459	1
4460	1
4461	1
4462	1
4463	1
4464	1
4465	1
4466	1
4467	1
4468	1
4469	1
4470	1
4471	1
4472	1
4473	1
4474	1
4475	1
4476	1
4477	1
4478	1
4479	1
4480	1
4481	1
4482	1
4483	1
4484	1
4485	1
4486	1
4487	1
4488	1
4489	1
4490	1
4491	1
4492	1
4493	1
4494	1
4495	1
4496	1
4497	1
4498	1
4499	1
4500	1
4501	1
4502	1
4503	1
4504	1
4505	1
4506	1
4507	1
4508	1
4509	1
4510	1
4511	1
4512	1
4513	1
4514	1
4515	1
4516	1
4517	1
4518	1
4519	1
4520	1
4521	1
4522	1
4523	1
4524	1
4525	1
4526	1
4527	1
4528	1
4529	1
4530	1
4531	1
4532	1
4533	1
4534	1
4535	1
4536	1
4537	1
4538	1
4539	1
4540	1
4541	1
4542	1
4543	1
4544	1
4545	1
4546	1
4547	1
4548	1
4549	1
4550	1
4551	1
4552	1
4553	1
4554	1
4555	1
4556	1
4557	1
4558	1
4559	1
4560	1
4561	1
4562	1
4563	1
4564	1
4565	1
4566	1
4567	1
4568	1
4569	1
4570	1
4571	1
4572	1
4573	1
4574	1
4575	1
4576	1
4577	1
4578	1
4579	1
4580	1
4581	1
4582	1
4583	1
4584	1
4585	1
4586	1
4587	1
4588	1
4589	1
4590	1
4591	1
4592	1
4593	1
4594	1
4595	1
4596	1
4597	1
4598	1
4599	1
4600	1
4601	1
4602	1
4603	1
4604	1
4605	1
4606	1
4607	1
4608	1
4609	1
4610	1
4611	1
4612	1
4613	1
4614	1
4615	1
4616	1
4617	1
4618	1
4619	1
4620	1
4621	1
4622	1
4623	1
4624	1
4625	1
4626	1
4627	1
4628	1
4629	1
4630	1
4631	1
4632	1
4633	1
4634	1
4635	1
4636	1
4637	1
4638	1
4639	2
4640	2
4641	2
4642	2
4643	2
4644	2
4645	2
4646	2
4647	2
4648	2
4649	2
4650	2
4651	2
4652	2
4653	2
4654	2
4655	2
4656	2
4657	2
4658	2
4659	2
4660	2
4661	2
4662	2
4663	2
4664	2
4665	2
4666	2
4667	2
4668	2
4669	2
4670	2
4671	2
4672	2
4673	2
4674	2
4675	2
4676	2
4677	2
4678	2
4679	2
4680	2
4681	2
4682	2
4683	2
4684	2
4685	2
4686	2
4687	2
4688	2
4689	2
4690	2
4691	2
4692	2
4693	2
4694	2
4695	2
4696	2
4697	2
4698	2
4699	2
4700	2
4701	2
4702	2
4703	2
4704	2
4705	2
4706	2
4707	2
4708	2
4709	2
4710	2
4711	2
4712	2
4713	2
4714	2
4715	2
4716	2
4717	2
4718	2
4719	2
4720	2
4721	2
4722	2
4723	2
4724	2
4725	2
4726	2
4727	2
4728	2
4729	2
4730	2
4731	2
4732	2
4733	2
4734	2
4735	2
4736	2
4737	2
4738	2
4739	2
4740	2
4741	2
4742	2
4743	2
4744	2
4745	2
4746	2
4747	2
4748	2
4749	2
4750	2
4751	2
4752	2
4753	2
4754	2
4755	2
4756	2
4757	2
4758	2
4759	2
4760	2
4761	2
4762	2
4763	2
4764	2
4765	2
4766	2
4767	2
4768	2
4769	2
4770	2
4771	2
4772	2
4773	2
4774	2
4775	2
4776	2
4777	2
4778	2
4779	2
4780	2
4781	2
4782	2
4783	2
4784	2
4785	2
4786	2
4787	2
4788	2
4789	2
4790	2
4791	2
4792	2
4793	2
4794	2
4795	2
4796	2
4797	2
4798	2
4799	2
4800	2
4801	2
4802	2
4803	2
4804	2
4805	2
4806	2
4807	2
4808	2
4809	2
4810	2
4811	2
4812	2
4813	2
4814	2
4815	2
4816	2
4817	2
4818	2
4819	2
4820	2
4821	2
4822	2
4823	2
4824	2
4825	2
4826	2
4827	2
4828	2
4829	2
4830	2
4831	2
4832	2
4833	2
4834	2
4835	2
4836	2
4837	2
4838	2
4839	2
4840	2
4841	2
4842	2
4843	2
4844	2
4845	2
4846	2
4847	2
4848	2
4849	2
4850	2
4851	2
4852	2
4853	2
4854	2
4855	2
4856	2
4857	2
4858	2
4859	2
4860	2
4861	2
4862	2
4863	2
4864	2
4865	2
4866	2
4867	2
4868	2
4869	2
4870	2
4871	2
4872	2
4873	2
4874	2
4875	2
4876	2
4877	2
4878	2
4879	2
4880	2
4881	2
4882	2
4883	2
4884	3
4885	3
4886	3
4887	3
4888	3
4889	3
4890	3
4891	3
4892	3
4893	3
4894	3
4895	3
4896	3
4897	3
4898	3
4899	3
4900	3
4901	3
4902	3
4903	3
4904	3
4905	3
4906	3
4907	3
4908	3
4909	3
4910	3
4911	3
4912	3
4913	3
4914	3
4915	3
4916	3
4917	3
4918	3
4919	3
4920	3
4921	3
4922	3
4923	3
4924	3
4925	3
4926	3
4927	3
4928	3
4929	3
4930	3
4931	3
4932	3
4933	3
4934	3
4935	3
4936	3
4937	3
4938	3
4939	3
4940	3
4941	3
4942	3
4943	3
4944	3
4945	3
4946	3
4947	3
4948	3
4949	3
4950	3
4951	3
4952	3
4953	3
4954	3
4955	3
4956	3
4957	3
4958	3
4959	3
4960	3
4961	3
4962	3
4963	3
4964	3
4965	3
4966	3
4967	3
4968	3
4969	3
4970	3
4971	3
4972	3
4973	3
4974	3
4975	3
4976	3
4977	3
4978	3
4979	3
4980	3
4981	3
4982	3
4983	3
4984	3
4985	3
4986	3
4987	3
4988	4
4989	4
4990	4
4991	4
4992	4
4993	4
4994	4
4995	4
4996	4
4997	4
4998	4
4999	4
5000	4
5001	4
5002	4
5003	4
5004	4
5005	4
5006	4
5007	4
5008	4
5009	4
5010	4
5011	4
5012	4
5013	4
5014	4
5015	4
5016	4
5017	4
5018	4
5019	4
5020	4
5021	4
5022	4
5023	4
5024	4
5025	4
5026	4
5027	4
5028	4
5029	4
5030	4
5031	4
5032	4
5033	4
5034	4
5035	4
5036	4
5037	4
5038	4
5039	4
5040	4
5041	4
5042	4
5043	4
5044	4
5045	4
5046	4
5047	4
5048	4
5049	4
5050	4
5051	4
5052	4
5053	4
5054	4
5055	4
5056	4
5057	4
5058	4
5059	4
5060	4
5061	4
5062	4
5063	4
5064	4
5065	4
5066	4
5067	4
5068	4
5069	4
5070	4
5071	4
5072	4
5073	4
5074	4
5075	4
5076	4
5077	4
5078	4
5079	4
5080	4
5081	4
5082	4
5083	4
5084	4
5085	4
5086	4
5087	4
5088	4
5089	4
5090	4
5091	4
5092	4
5093	4
5094	4
5095	4
5096	4
5097	4
5098	4
5099	4
5100	4
5101	4
5102	4
5103	4
5104	4
5105	4
5106	4
5107	4
5108	4
5109	4
5110	4
5111	4
5112	4
5113	4
5114	4
5115	4
5116	4
5117	4
5118	4
5119	4
5120	4
5121	4
5122	4
5123	4
5124	4
5125	4
5126	4
5127	4
5128	4
5129	4
5130	4
5131	4
5132	4
5133	4
5134	4
5135	4
5136	4
5137	4
5138	4
5139	4
5140	4
5141	4
5142	4
5143	4
5144	4
5145	4
5146	4
5147	4
5148	4
5149	4
5150	4
5151	4
5152	4
5153	4
5154	4
5155	4
5156	4
5157	4
5158	4
5159	4
5160	4
5161	4
5162	4
5163	4
5164	4
5165	4
5166	4
5167	4
5168	4
5169	4
5170	4
5171	4
5172	4
5173	4
5174	4
5175	4
5176	4
5177	4
5178	4
5179	4
5180	4
5181	4
5182	4
5183	4
5184	4
5185	4
5186	4
5187	4
5188	4
5189	4
5190	4
5191	4
5192	4
5193	4
5194	4
5195	4
5196	4
5197	4
5198	4
5199	4
5200	4
5201	4
5202	4
5203	4
5204	4
5205	4
5206	4
5207	4
5208	4
5209	4
5210	4
5211	4
5212	4
5213	4
5214	4
5215	4
5216	4
5217	4
5218	4
5219	4
5220	4
5221	4
5222	4
5223	4
5224	4
5225	4
5226	4
5227	4
5228	4
5229	4
5230	4
5231	4
5232	4
5233	4
5234	4
5235	4
5236	4
5237	4
5238	4
5239	4
5240	4
5241	4
5242	4
5243	4
5244	4
5245	4
5246	4
5247	4
5248	4
5249	4
5250	4
5251	4
5252	4
5253	4
5254	4
5255	4
5256	4
5257	4
5258	4
5259	4
5260	4
5261	4
5262	4
5263	4
5264	4
5265	4
5266	4
5267	4
5268	4
5269	4
5270	4
5271	4
5272	4
5273	4
5274	4
5275	4
5276	4
5277	4
5278	4
5279	4
5280	4
5281	4
5282	4
5283	4
5284	4
5285	4
5286	4
5287	4
5288	4
5289	4
5290	4
5291	4
5292	4
5293	4
5294	4
5295	4
5296	4
5297	4
5298	4
5299	4
5300	4
5301	4
5302	4
5303	4
5304	4
5305	4
5306	4
5307	4
5308	4
5309	4
5310	4
5311	4
5312	4
5313	4
5314	4
5315	4
5316	4
5317	4
5318	4
5319	4
5320	4
5321	4
5322	4
5323	4
5324	4
5325	4
5326	4
5327	4
5328	4
5329	4
5330	4
5331	4
5332	4
5333	4
5334	4
5335	4
5336	4
5337	4
5338	4
5339	4
5340	4
5341	4
5342	4
5343	4
5344	4
5345	4
5346	4
5347	4
5348	4
5349	4
5350	4
5351	4
5352	4
5353	4
5354	4
5355	4
5356	4
5357	4
5358	4
5359	4
5360	4
5361	4
5362	4
5363	4
5364	4
5365	4
5366	4
5367	4
5368	4
5369	4
5370	4
5371	4
5372	4
5373	4
5374	4
5375	4
5376	4
5377	4
5378	4
5379	4
5380	4
5381	4
5382	4
5383	4
5384	4
5385	4
5386	4
5387	4
5388	4
5389	4
5390	4
5391	4
5392	4
5393	4
5394	4
5395	4
5396	4
5397	4
5398	4
5399	4
5400	4
5401	4
5402	4
5403	4
5404	4
5405	4
5406	4
5407	4
5408	4
5409	4
5410	4
5411	4
5412	4
5413	4
5414	4
5415	4
5416	4
5417	4
5418	4
5419	4
5420	4
5421	4
5422	4
5423	4
5424	4
5425	4
5426	4
5427	4
5428	4
5429	4
5430	4
5431	4
5432	4
5433	4
5434	4
5435	4
5436	4
5437	4
5438	4
5439	4
5440	4
5441	4
5442	4
5443	4
5444	4
5445	4
5446	4
5447	4
5448	4
5449	4
5450	4
5451	4
5452	4
5453	4
5454	4
5455	4
5456	4
5457	4
5458	4
5459	4
5460	4
5461	4
5462	4
5463	4
5464	4
5465	4
5466	4
5467	4
5468	4
5469	4
5470	4
5471	4
5472	4
5473	4
5474	4
5475	4
5476	4
5477	4
5478	4
5479	4
5480	4
5481	4
5482	4
5483	4
5484	4
5485	4
5486	4
5487	4
5488	4
5489	4
5490	4
5491	4
5492	4
5493	4
5494	4
5495	4
5496	4
5497	4
5498	4
5499	4
5500	4
5501	4
5502	4
5503	4
5504	4
5505	4
5506	4
5507	4
5508	4
5509	4
5510	4
5511	4
5512	4
5513	4
5514	4
5515	4
5516	4
5517	4
5518	4
5519	4
5520	4
5521	4
5522	4
5523	4
5524	4
5525	4
5526	4
5527	4
5528	4
5529	4
5530	4
5531	4
5532	4
5533	4
5534	4
5535	4
5536	4
5537	4
5538	4
5539	4
5540	4
5541	4
5542	4
5543	4
5544	4
5545	4
5546	4
5547	4
5548	4
5549	4
5550	4
5551	4
5552	4
5553	4
5554	4
5555	4
5556	4
5557	4
5558	4
5559	4
5560	4
5561	4
5562	4
5563	4
5564	4
5565	4
5566	4
5567	4
5568	4
5569	4
5570	4
5571	4
5572	4
5573	4
5574	4
5575	4
5576	4
5577	4
5578	4
5579	4
5580	4
5581	4
5582	4
5583	4
5584	4
5585	4
5586	4
5587	4
5588	4
5589	4
5590	4
5591	4
5592	4
5593	4
5594	4
5595	4
5596	4
5597	4
5598	4
5599	4
5600	4
5601	4
5602	4
5603	4
5604	4
5605	4
5606	4
5607	4
5608	4
5609	4
5610	4
5611	4
5612	4
5613	4
5614	4
5615	4
5616	4
5617	4
5618	4
5619	4
5620	4
5621	4
5622	4
5623	4
5624	4
5625	4
5626	4
5627	4
5628	4
5629	4
5630	4
5631	4
5632	4
5633	4
5634	4
5635	4
5636	4
5637	4
5638	4
5639	4
5640	4
5641	4
5642	4
5643	4
5644	4
5645	4
5646	4
5647	4
5648	4
5649	4
5650	4
5651	4
5652	4
5653	4
5654	4
5655	4
5656	4
5657	4
5658	4
5659	4
5660	4
5661	4
5662	4
5663	4
5664	4
5665	4
5666	4
5667	4
5668	4
5669	4
5670	4
5671	4
5672	4
5673	4
5674	4
5675	4
5676	4
5677	4
5678	4
5679	4
5680	4
5681	4
5682	4
5683	4
5684	4
5685	4
5686	4
5687	4
5688	4
5689	4
5690	4
5691	4
5692	4
5693	4
5694	4
5695	4
5696	4
5697	4
5698	4
5699	4
5700	4
5701	4
5702	4
5703	4
5704	4
5705	4
5706	4
5707	4
5708	4
5709	4
5710	4
5711	4
5712	4
5713	4
5714	4
5715	4
5716	4
5717	4
5718	4
5719	4
5720	4
5721	4
5722	4
5723	4
5724	4
5725	4
5726	4
5727	4
5728	4
5729	4
5730	4
5731	4
5732	4
5733	4
5734	4
5735	4
5736	4
5737	4
5738	4
5739	4
5740	4
5741	4
5742	4
5743	4
5744	4
5745	4
5746	4
5747	4
5748	4
5749	4
5750	4
5751	4
5752	4
5753	4
5754	4
5755	4
5756	4
5757	4
5758	4
5759	4
5760	4
5761	4
5762	4
5763	4
5764	4
5765	4
5766	4
5767	4
5768	4
5769	4
5770	4
5771	4
5772	4
5773	4
5774	4
5775	4
5776	4
5777	4
5778	4
5779	4
5780	4
5781	4
5782	4
5783	4
5784	4
5785	4
5786	4
5787	4
5788	4
5789	4
5790	4
5791	4
5792	4
5793	4
5794	4
5795	4
5796	4
5797	4
5798	4
5799	4
5800	4
5801	4
5802	4
5803	4
5804	4
5805	4
5806	4
5807	4
5808	4
5809	4
5810	4
5811	4
5812	4
5813	4
5814	4
5815	4
5816	4
5817	4
5818	4
5819	4
5820	4
5821	4
5822	4
5823	4
5824	4
5825	4
5826	4
5827	4
5828	4
5829	4
5830	4
5831	4
5832	4
5833	4
5834	4
5835	4
5836	4
5837	4
5838	4
5839	4
5840	4
5841	4
5842	4
5843	4
5844	4
5845	4
5846	4
5847	4
5848	4
5849	4
5850	4
5851	4
5852	4
5853	4
5854	4
5855	4
5856	4
5857	4
5858	4
5859	4
5860	4
5861	4
5862	4
5863	4
5864	4
5865	4
5866	4
5867	4
5868	4
5869	4
5870	4
5871	4
5872	4
5873	4
5874	4
5875	4
5876	4
5877	4
5878	4
5879	4
5880	4
5881	4
5882	4
5883	4
5884	4
5885	4
5886	4
5887	4
5888	4
5889	4
5890	4
5891	4
5892	4
5893	4
5894	4
5895	4
5896	4
5897	4
5898	4
5899	4
5900	4
5901	4
5902	4
5903	4
5904	4
5905	4
5906	4
5907	4
5908	4
5909	4
5910	4
5911	4
5912	4
5913	4
5914	4
5915	4
5916	4
5917	4
5918	4
5919	4
5920	4
5921	4
5922	4
5923	4
5924	4
5925	4
5926	4
5927	4
5928	4
5929	4
5930	4
5931	4
5932	4
5933	4
5934	4
5935	4
5936	4
5937	4
5938	4
5939	4
5940	4
5941	4
5942	4
5943	4
5944	4
5945	4
5946	4
5947	4
5948	4
5949	4
5950	4
5951	4
5952	4
5953	4
5954	4
5955	4
5956	4
5957	4
5958	4
5959	4
5960	4
5961	4
5962	4
5963	4
5964	4
5965	4
5966	4
5967	4
5968	4
5969	4
5970	4
5971	4
5972	4
5973	4
5974	4
5975	4
5976	4
5977	4
5978	4
5979	4
5980	4
5981	4
5982	4
5983	4
5984	4
5985	4
5986	4
5987	4
5988	4
5989	4
5990	4
5991	4
5992	4
5993	4
5994	4
5995	4
5996	4
5997	4
5998	4
5999	5
6000	5
6001	5
6002	5
6003	5
6004	5
6005	5
6006	5
6007	5
6008	5
6009	5
6010	5
6011	5
6012	5
6013	5
6014	5
6015	5
6016	5
6017	5
6018	5
6019	5
6020	5
6021	5
6022	5
6023	5
6024	5
6025	5
6026	5
6027	5
6028	5
6029	5
6030	5
6031	5
6032	5
6033	5
6034	5
6035	5
6036	5
6037	5
6038	5
6039	5
6040	5
6041	5
6042	5
6043	5
6044	5
6045	5
6046	5
6047	5
6048	5
6049	5
6050	5
6051	5
6052	5
6053	5
6054	5
6055	5
6056	5
6057	5
6058	5
6059	5
6060	5
6061	5
6062	5
6063	5
6064	5
6065	5
6066	5
6067	5
6068	5
6069	5
6070	5
6071	5
6072	5
6073	5
6074	5
6075	5
6076	5
6077	5
6078	5
6079	5
6080	5
6081	5
6082	5
6083	5
6084	5
6085	5
6086	5
6087	5
6088	5
6089	5
6090	5
6091	5
6092	5
6093	5
6094	5
6095	5
6096	5
6097	5
6098	5
6099	5
6100	5
6101	5
6102	5
6103	5
6104	5
6105	5
6106	5
6107	5
6108	5
6109	5
6110	5
6111	5
6112	5
6113	5
6114	5
6115	5
6116	5
6117	5
6118	5
6119	5
6120	5
6121	5
6122	5
6123	5
6124	5
6125	5
6126	5
6127	5
6128	5
6129	5
6130	5
6131	5
6132	5
6133	5
6134	5
6135	5
6136	5
6137	5
6138	5
6139	5
6140	5
6141	5
6142	5
6143	5
6144	5
6145	5
6146	5
6147	5
6148	5
6149	5
6150	5
6151	5
6152	5
6153	5
6154	5
6155	5
6156	5
6157	5
6158	5
6159	5
6160	5
6161	5
6162	5
6163	5
6164	5
6165	5
6166	5
6167	5
6168	5
6169	5
6170	5
6171	5
6172	5
6173	5
6174	5
6175	5
6176	5
6177	5
6178	5
6179	5
6180	5
6181	5
6182	5
6183	5
6184	5
6185	5
6186	5
6187	5
6188	5
6189	5
6190	5
6191	5
6192	5
6193	5
6194	5
6195	5
6196	5
6197	5
6198	5
6199	5
6200	5
6201	5
6202	5
6203	5
6204	5
6205	5
6206	5
6207	5
6208	5
6209	5
6210	5
6211	5
6212	5
6213	5
6214	5
6215	5
6216	5
6217	5
6218	5
6219	5
6220	5
6221	5
6222	5
6223	5
6224	5
6225	5
6226	5
6227	5
6228	5
6229	5
6230	5
6231	5
6232	5
6233	5
6234	5
6235	5
6236	5
6237	5
6238	5
6239	5
6240	5
6241	5
6242	5
6243	5
6244	5
6245	5
6246	5
6247	5
6248	5
6249	5
6250	5
6251	5
6252	5
6253	5
6254	5
6255	5
6256	5
6257	5
6258	5
6259	5
6260	5
6261	5
6262	5
6263	5
6264	5
6265	5
6266	5
6267	5
6268	5
6269	5
6270	5
6271	5
6272	5
6273	5
6274	5
6275	5
6276	5
6277	5
6278	5
6279	5
6280	5
6281	5
6282	5
6283	5
6284	5
6285	5
6286	5
6287	5
6288	5
6289	5
6290	5
6291	5
6292	5
6293	5
6294	5
6295	5
6296	5
6297	5
6298	5
6299	5
6300	5
6301	5
6302	5
6303	5
6304	5
6305	5
6306	5
6307	5
6308	5
6309	5
6310	5
6311	5
6312	5
6313	5
6314	5
6315	5
6316	5
6317	5
6318	5
6319	5
6320	5
6321	5
6322	5
6323	5
6324	5
6325	5
6326	5
6327	5
6328	5
6329	5
6330	5
6331	5
6332	5
6333	5
6334	5
6335	5
6336	5
6337	5
6338	5
6339	5
6340	5
6341	5
6342	5
6343	5
6344	5
6345	5
6346	5
6347	5
6348	5
6349	5
6350	5
6351	5
6352	5
6353	5
6354	5
6355	5
6356	5
6357	5
6358	5
6359	5
6360	5
6361	5
6362	5
6363	5
6364	5
6365	5
6366	5
6367	5
6368	5
6369	5
6370	5
6371	5
6372	5
6373	5
6374	5
6375	5
6376	5
6377	5
6378	5
6379	5
6380	5
6381	5
6382	5
6383	5
6384	5
6385	5
6386	5
6387	5
6388	5
6389	5
6390	5
6391	5
6392	5
6393	5
6394	5
6395	5
6396	5
6397	5
6398	5
6399	5
6400	5
6401	5
6402	5
6403	5
6404	5
6405	5
6406	5
6407	5
6408	5
6409	5
6410	5
6411	5
6412	5
6413	5
6414	5
6415	5
6416	5
6417	5
6418	5
6419	5
6420	5
6421	5
6422	5
6423	5
6424	5
6425	5
6426	5
6427	5
6428	5
6429	5
6430	5
6431	5
6432	5
6433	5
6434	5
6435	5
6436	5
6437	5
6438	5
6439	5
6440	5
6441	5
6442	5
6443	5
6444	5
6445	5
6446	5
6447	5
6448	5
6449	5
6450	5
6451	5
6452	5
6453	5
6454	5
6455	5
6456	5
6457	5
6458	5
6459	5
6460	5
6461	5
6462	5
6463	5
6464	5
6465	5
6466	5
6467	5
6468	5
6469	5
6470	5
6471	5
6472	5
6473	5
6474	5
6475	5
6476	5
6477	5
6478	5
6479	5
6480	5
6481	5
6482	5
6483	5
6484	5
6485	5
6486	5
6487	5
6488	5
6489	5
6490	5
6491	5
6492	5
6493	5
6494	5
6495	5
6496	5
6497	5
6498	5
6499	5
6500	5
6501	5
6502	5
6503	5
6504	5
6505	5
6506	5
6507	5
6508	5
6509	5
6510	5
6511	5
6512	5
6513	5
6514	5
6515	5
6516	5
6517	5
6518	5
6519	5
6520	5
6521	5
6522	5
6523	5
6524	5
6525	5
6526	5
6527	5
6528	5
6529	5
6530	5
6531	5
6532	5
6533	5
6534	5
6535	5
6536	5
6537	5
6538	5
6539	5
6540	5
6541	5
6542	5
6543	5
6544	5
6545	5
6546	5
6547	5
6548	5
6549	5
6550	5
6551	5
6552	5
6553	5
6554	5
6555	5
6556	5
6557	5
6558	5
6559	5
6560	5
6561	5
6562	5
6563	5
6564	5
6565	5
6566	5
6567	5
6568	5
6569	5
6570	5
6571	5
6572	5
6573	5
6574	5
6575	5
6576	5
6577	5
6578	5
6579	5
6580	5
6581	5
6582	5
6583	5
6584	5
6585	5
6586	5
6587	5
6588	5
6589	5
6590	5
6591	5
6592	5
6593	5
6594	5
6595	5
6596	5
6597	5
6598	5
6599	5
6600	5
6601	5
6602	5
6603	5
6604	5
6605	5
6606	5
6607	5
6608	5
6609	5
6610	5
6611	5
6612	5
6613	5
6614	5
6615	5
6616	5
6617	5
6618	5
6619	5
6620	5
6621	5
6622	5
6623	5
6624	5
6625	5
6626	5
6627	5
6628	5
6629	5
6630	5
6631	5
6632	5
6633	5
6634	5
6635	5
6636	5
6637	5
6638	5
6639	5
6640	5
6641	5
6642	5
6643	5
6644	5
6645	5
6646	5
6647	5
6648	5
6649	5
6650	5
6651	5
6652	5
6653	5
6654	5
6655	5
6656	5
6657	5
6658	5
6659	5
6660	5
6661	5
6662	5
6663	5
6664	5
6665	5
6666	5
6667	5
6668	5
6669	5
6670	5
6671	5
6672	5
6673	5
6674	5
6675	5
6676	5
6677	5
6678	5
6679	5
6680	5
6681	5
6682	5
6683	5
6684	5
6685	5
6686	5
6687	5
6688	5
6689	5
6690	5
6691	5
6692	5
6693	5
6694	5
6695	5
6696	5
6697	5
6698	5
6699	5
6700	5
6701	5
6702	5
6703	5
6704	5
6705	5
6706	5
6707	5
6708	5
6709	5
6710	5
6711	5
6712	5
6713	5
6714	5
6715	5
6716	5
6717	5
6718	5
6719	5
6720	5
6721	5
6722	5
6723	5
6724	5
6725	5
6726	5
6727	5
6728	5
6729	5
6730	5
6731	5
6732	5
6733	5
6734	5
6735	5
6736	5
6737	5
6738	5
6739	5
6740	5
6741	5
6742	5
6743	5
6744	5
6745	5
6746	5
6747	5
6748	5
6749	5
6750	5
6751	5
6752	5
6753	5
6754	5
6755	5
6756	5
6757	5
6758	5
6759	5
6760	5
6761	5
6762	5
6763	5
6764	5
6765	5
6766	5
6767	5
6768	5
6769	5
6770	5
6771	5
6772	5
6773	5
6774	5
6775	5
6776	5
6777	5
6778	5
6779	5
6780	5
6781	5
6782	5
6783	5
6784	5
6785	5
6786	5
6787	5
6788	5
6789	5
6790	5
6791	5
6792	5
6793	5
6794	5
6795	5
6796	5
6797	5
6798	5
6799	5
6800	5
6801	5
6802	5
6803	5
6804	5
6805	5
6806	5
6807	5
6808	5
6809	5
6810	5
6811	5
6812	5
6813	5
6814	5
6815	5
6816	5
6817	5
6818	5
6819	5
6820	5
6821	5
6822	5
6823	5
6824	5
6825	5
6826	5
6827	5
6828	5
6829	5
6830	5
6831	5
6832	5
6833	5
6834	5
6835	5
6836	5
6837	5
6838	5
6839	5
6840	5
6841	5
6842	5
6843	5
6844	5
6845	5
6846	5
6847	5
6848	5
6849	5
6850	5
6851	5
6852	5
6853	5
6854	5
6855	5
6856	5
6857	5
6858	5
6859	5
6860	5
6861	5
6862	5
6863	5
6864	5
6865	5
6866	5
6867	5
6868	5
6869	5
6870	5
6871	5
6872	5
6873	5
6874	5
6875	5
6876	5
6877	5
6878	5
6879	5
6880	5
6881	5
6882	5
6883	5
6884	5
6885	5
6886	5
6887	5
6888	5
6889	5
6890	5
6891	5
6892	5
6893	5
6894	5
6895	5
6896	5
6897	5
6898	5
6899	5
6900	5
6901	5
6902	5
6903	5
6904	5
6905	5
6906	5
6907	5
6908	5
6909	5
6910	5
6911	5
6912	5
6913	5
6914	5
6915	5
6916	5
6917	5
6918	5
6919	5
6920	5
6921	5
6922	5
6923	5
6924	5
6925	5
6926	5
6927	5
6928	5
6929	5
6930	5
6931	5
6932	5
6933	5
6934	5
6935	5
6936	5
6937	5
6938	5
6939	5
6940	5
6941	5
6942	5
6943	5
6944	5
6945	5
6946	5
6947	5
6948	5
6949	5
6950	5
6951	5
6952	5
6953	5
6954	5
6955	5
6956	5
6957	6
6958	6
6959	6
6960	6
6961	6
6962	6
6963	6
6964	6
6965	6
6966	6
6967	6
6968	6
6969	6
6970	6
6971	6
6972	6
6973	6
6974	6
6975	6
6976	6
6977	6
6978	6
6979	6
6980	6
6981	6
6982	6
6983	6
6984	6
6985	6
6986	6
6987	6
6988	6
6989	6
6990	6
6991	6
6992	6
6993	6
6994	6
6995	6
6996	6
6997	6
6998	6
6999	6
7000	6
7001	6
7002	6
7003	6
7004	6
7005	6
7006	6
7007	6
7008	6
7009	6
7010	6
7011	6
7012	6
7013	6
7014	6
7015	6
7016	6
7017	6
7018	6
7019	6
7020	6
7021	6
7022	6
7023	6
7024	6
7025	6
7026	6
7027	6
7028	6
7029	6
7030	6
7031	6
7032	6
7033	6
7034	6
7035	6
7036	6
7037	6
7038	6
7039	6
7040	6
7041	6
7042	6
7043	6
7044	6
7045	6
7046	6
7047	6
7048	6
7049	6
7050	6
7051	6
7052	6
7053	6
7054	6
7055	6
7056	6
7057	6
7058	6
7059	6
7060	6
7061	6
7062	6
7063	6
7064	6
7065	6
7066	6
7067	6
7068	6
7069	6
7070	6
7071	6
7072	6
7073	6
7074	6
7075	6
7076	6
7077	6
7078	6
7079	6
7080	6
7081	6
7082	6
7083	6
7084	6
7085	6
7086	6
7087	6
7088	6
7089	6
7090	6
7091	6
7092	6
7093	6
7094	6
7095	6
7096	6
7097	6
7098	6
7099	6
7100	6
7101	6
7102	6
7103	6
7104	6
7105	6
7106	6
7107	6
7108	6
7109	6
7110	6
7111	6
7112	6
7113	6
7114	6
7115	6
7116	6
7117	6
7118	6
7119	6
7120	6
7121	6
7122	6
7123	6
7124	6
7125	6
7126	6
7127	6
7128	6
7129	6
7130	6
7131	6
7132	6
7133	6
7134	6
7135	6
7136	6
7137	6
7138	6
7139	6
7140	6
7141	6
7142	6
7143	6
7144	6
7145	6
7146	6
7147	6
7148	6
7149	6
7150	6
7151	6
7152	6
7153	6
7154	6
7155	6
7156	6
7157	6
7158	6
7159	6
7160	6
7161	6
7162	6
7163	6
7164	6
7165	6
7166	6
7167	6
7168	6
7169	6
7170	6
7171	6
7172	6
7173	6
7174	6
7175	6
7176	6
7177	6
7178	6
7179	6
7180	6
7181	6
7182	6
7183	6
7184	6
7185	6
7186	6
7187	6
7188	6
7189	6
7190	6
7191	6
7192	6
7193	6
7194	6
7195	6
7196	6
7197	6
7198	6
7199	6
7200	6
7201	6
7202	6
7203	6
7204	6
7205	6
7206	6
7207	6
7208	6
7209	6
7210	6
7211	6
7212	6
7213	6
7214	6
7215	6
7216	6
7217	6
7218	6
7219	6
7220	6
7221	6
7222	6
7223	6
7224	6
7225	6
7226	6
7227	6
7228	6
7229	6
7230	6
7231	6
7232	6
7233	6
7234	6
7235	6
7236	6
7237	6
7238	6
7239	6
7240	6
7241	6
7242	6
7243	6
7244	6
7245	6
7246	6
7247	6
7248	6
7249	6
7250	6
7251	6
7252	6
7253	6
7254	6
7255	6
7256	6
7257	6
7258	6
7259	6
7260	6
7261	6
7262	6
7263	6
7264	6
7265	6
7266	6
7267	6
7268	6
7269	6
7270	6
7271	6
7272	6
7273	6
7274	6
7275	6
7276	6
7277	6
7278	6
7279	6
7280	6
7281	6
7282	6
7283	6
7284	6
7285	6
7286	6
7287	6
7288	6
7289	6
7290	6
7291	6
7292	6
7293	6
7294	6
7295	6
7296	6
7297	6
7298	6
7299	6
7300	6
7301	6
7302	6
7303	6
7304	6
7305	6
7306	6
7307	6
7308	6
7309	6
7310	6
7311	6
7312	6
7313	6
7314	6
7315	6
7316	6
7317	6
7318	6
7319	6
7320	6
7321	6
7322	6
7323	6
7324	6
7325	6
7326	6
7327	6
7328	6
7329	6
7330	6
7331	6
7332	6
7333	6
7334	6
7335	6
7336	6
7337	6
7338	6
7339	6
7340	6
7341	6
7342	6
7343	6
7344	6
7345	6
7346	6
7347	6
7348	6
7349	6
7350	6
7351	6
7352	6
7353	6
7354	6
7355	6
7356	6
7357	6
7358	6
7359	6
7360	6
7361	6
7362	6
7363	6
7364	6
7365	6
7366	6
7367	6
7368	6
7369	6
7370	6
7371	6
7372	6
7373	6
7374	6
7375	6
7376	6
7377	6
7378	6
7379	6
7380	6
7381	6
7382	6
7383	6
7384	6
7385	6
7386	6
7387	6
7388	6
7389	6
7390	6
7391	6
7392	6
7393	6
7394	6
7395	6
7396	6
7397	6
7398	6
7399	6
7400	6
7401	6
7402	6
7403	6
7404	6
7405	6
7406	6
7407	6
7408	6
7409	6
7410	6
7411	6
7412	6
7413	6
7414	6
7415	6
7416	6
7417	6
7418	6
7419	6
7420	6
7421	6
7422	6
7423	6
7424	6
7425	6
7426	6
7427	6
7428	6
7429	6
7430	6
7431	6
7432	6
7433	6
7434	6
7435	6
7436	6
7437	6
7438	6
7439	6
7440	6
7441	6
7442	6
7443	6
7444	6
7445	6
7446	6
7447	6
7448	6
7449	6
7450	6
7451	6
7452	6
7453	6
7454	6
7455	6
7456	6
7457	6
7458	6
7459	6
7460	6
7461	6
7462	6
7463	6
7464	6
7465	6
7466	6
7467	6
7468	6
7469	6
7470	6
7471	6
7472	6
7473	6
7474	6
7475	6
7476	6
7477	6
7478	6
7479	6
7480	6
7481	6
7482	6
7483	6
7484	6
7485	6
7486	6
7487	6
7488	6
7489	6
7490	6
7491	6
7492	6
7493	6
7494	6
7495	6
7496	6
7497	6
7498	6
7499	6
7500	6
7501	6
7502	6
7503	6
7504	6
7505	6
7506	6
7507	6
7508	6
7509	6
7510	6
7511	6
7512	6
7513	6
7514	6
7515	6
7516	6
7517	6
7518	6
7519	6
7520	6
7521	6
7522	6
7523	6
7524	6
7525	6
7526	6
7527	6
7528	6
7529	6
7530	6
7531	6
7532	6
7533	6
7534	6
7535	6
7536	6
7537	6
7538	6
7539	6
7540	6
7541	6
7542	6
7543	6
7544	6
7545	6
7546	6
7547	6
7548	6
7549	6
7550	6
7551	6
7552	6
7553	6
7554	6
7555	6
7556	6
7557	6
7558	6
7559	6
7560	6
7561	6
7562	6
7563	6
7564	6
7565	6
7566	6
7567	6
7568	6
7569	6
7570	6
7571	6
7572	6
7573	6
7574	6
7575	6
7576	6
7577	6
7578	6
7579	6
7580	6
7581	6
7582	6
7583	6
7584	6
7585	6
7586	6
7587	6
7588	6
7589	6
7590	6
7591	6
7592	6
7593	6
7594	6
7595	6
7596	6
7597	6
7598	6
7599	6
7600	6
7601	6
7602	6
7603	6
7604	6
7605	6
7606	6
7607	6
7608	6
7609	6
7610	6
7611	6
7612	6
7613	6
7614	6
7615	6
7616	6
7617	6
7618	6
7619	6
7620	6
7621	6
7622	6
7623	6
7624	6
7625	6
7626	6
7627	6
7628	6
7629	6
7630	6
7631	6
7632	6
7633	6
7634	6
7635	6
7636	6
7637	6
7638	6
7639	6
7640	6
7641	6
7642	6
7643	6
7644	6
7645	6
7646	6
7647	6
7648	6
7649	6
7650	6
7651	6
7652	6
7653	6
7654	6
7655	6
7656	6
7657	6
7658	6
7659	6
7660	6
7661	6
7662	6
7663	6
7664	6
7665	6
7666	6
7667	6
7668	6
7669	6
7670	6
7671	6
7672	6
7673	6
7674	6
7675	6
7676	6
7677	6
7678	6
7679	6
7680	6
7681	6
7682	6
7683	6
7684	6
7685	6
7686	6
7687	6
7688	6
7689	6
7690	6
7691	6
7692	6
7693	6
7694	6
7695	6
7696	6
7697	6
7698	6
7699	6
7700	6
7701	6
7702	6
7703	6
7704	6
7705	6
7706	6
7707	6
7708	6
7709	6
7710	6
7711	6
7712	6
7713	6
7714	6
7715	6
7716	6
7717	6
7718	6
7719	6
7720	6
7721	6
7722	6
7723	6
7724	6
7725	6
7726	6
7727	6
7728	6
7729	6
7730	6
7731	6
7732	6
7733	6
7734	6
7735	6
7736	6
7737	6
7738	6
7739	6
7740	6
7741	6
7742	6
7743	6
7744	6
7745	6
7746	6
7747	6
7748	6
7749	6
7750	6
7751	6
7752	6
7753	6
7754	6
7755	6
7756	6
7757	6
7758	6
7759	6
7760	6
7761	6
7762	6
7763	6
7764	6
7765	6
7766	6
7767	6
7768	6
7769	6
7770	6
7771	6
7772	6
7773	6
7774	6
7775	6
7776	6
7777	6
7778	6
7779	6
7780	6
7781	6
7782	6
7783	6
7784	6
7785	6
7786	6
7787	6
7788	6
7789	6
7790	6
7791	6
7792	6
7793	6
7794	6
7795	6
7796	6
7797	6
7798	6
7799	6
7800	6
7801	6
7802	6
7803	6
7804	6
7805	6
7806	6
7807	6
7808	6
7809	6
7810	6
7811	6
7812	6
7813	6
7814	6
7815	6
7816	6
7817	6
7818	6
7819	6
7820	6
7821	6
7822	6
7823	6
7824	6
7825	6
7826	6
7827	6
7828	6
7829	6
7830	6
7831	6
7832	6
7833	6
7834	6
7835	6
7836	6
7837	6
7838	6
7839	6
7840	6
7841	6
7842	6
7843	6
7844	6
7845	6
7846	6
7847	6
7848	6
7849	6
7850	6
7851	6
7852	6
7853	6
7854	6
7855	6
7856	6
7857	6
7858	6
7859	6
7860	6
7861	6
7862	6
7863	6
7864	6
7865	6
7866	6
7867	6
7868	6
7869	6
7870	6
7871	6
7872	6
7873	6
7874	6
7875	6
7876	6
7877	6
7878	6
7879	6
7880	6
7881	6
7882	6
7883	6
7884	6
7885	6
7886	6
7887	6
7888	6
7889	6
7890	6
7891	6
7892	6
7893	6
7894	6
7895	6
7896	6
7897	6
7898	6
7899	6
7900	6
7901	6
7902	6
7903	6
7904	6
7905	6
7906	6
7907	6
7908	6
7909	6
7910	6
7911	6
7912	6
7913	6
7914	6
7915	6
7916	6
7917	6
7918	6
7919	6
7920	6
7921	6
7922	6
7923	6
7924	6
7925	6
7926	6
7927	6
7928	6
7929	6
7930	6
7931	6
7932	6
7933	6
7934	6
7935	6
7936	6
7937	6
7938	6
7939	6
7940	6
7941	6
7942	6
7943	6
7944	6
7945	6
7946	6
7947	6
7948	6
7949	6
7950	6
7951	6
7952	6
7953	6
7954	6
7955	6
7956	6
7957	6
7958	6
7959	6
7960	6
7961	6
7962	6
7963	6
7964	6
7965	6
7966	6
7967	6
7968	6
7969	6
7970	6
7971	6
7972	6
7973	6
7974	6
7975	6
7976	6
7977	6
7978	6
7979	6
7980	6
7981	6
7982	6
7983	6
7984	6
7985	6
7986	6
7987	6
7988	6
7989	6
7990	6
7991	6
7992	6
7993	6
7994	6
7995	6
7996	6
7997	6
7998	6
7999	6
8000	6
8001	6
8002	6
8003	6
8004	6
8005	6
8006	6
8007	6
8008	6
8009	6
8010	6
8011	6
8012	6
8013	6
8014	6
8015	6
8016	6
8017	6
8018	6
8019	6
8020	6
8021	6
8022	6
8023	6
8024	6
8025	6
8026	6
8027	6
8028	6
8029	6
8030	6
8031	6
8032	6
8033	6
8034	6
8035	6
8036	6
8037	6
8038	6
8039	6
8040	6
8041	6
8042	6
8043	6
8044	6
8045	6
8046	6
8047	6
8048	6
8049	6
8050	6
8051	6
8052	6
8053	6
8054	6
8055	6
8056	6
8057	6
8058	6
8059	6
8060	6
8061	6
8062	6
8063	6
8064	6
8065	6
8066	6
8067	6
8068	6
8069	6
8070	6
8071	6
8072	6
8073	6
8074	6
8075	6
8076	6
8077	6
8078	6
8079	6
8080	6
8081	6
8082	6
8083	6
8084	6
8085	6
8086	6
8087	6
8088	6
8089	6
8090	6
8091	6
8092	6
8093	6
8094	6
8095	6
8096	6
8097	6
8098	6
8099	6
8100	6
8101	6
8102	6
8103	6
8104	6
8105	6
8106	6
8107	6
8108	6
8109	6
8110	6
8111	6
8112	6
8113	6
8114	6
8115	6
8116	6
8117	6
8118	6
8119	6
8120	6
8121	6
8122	6
8123	6
8124	6
8125	6
8126	6
8127	6
8128	6
8129	6
8130	6
8131	6
8132	6
8133	6
8134	6
8135	6
8136	6
8137	6
8138	6
8139	6
8140	6
8141	6
8142	6
8143	6
8144	6
8145	6
8146	6
8147	6
8148	6
8149	6
8150	6
8151	6
8152	6
8153	6
8154	6
8155	6
8156	6
8157	6
8158	6
8159	6
8160	6
8161	6
8162	6
8163	6
8164	6
8165	6
8166	6
8167	6
8168	6
8169	6
8170	6
8171	6
8172	6
8173	6
8174	6
8175	7
8176	7
8177	7
8178	7
8179	7
8180	7
8181	7
8182	7
8183	7
8184	7
8185	7
8186	7
8187	7
8188	7
8189	7
8190	7
8191	7
8192	7
8193	7
8194	7
8195	7
8196	7
8197	7
8198	7
8199	7
8200	7
8201	7
8202	7
8203	7
8204	7
8205	7
8206	7
8207	7
8208	7
8209	7
8210	7
8211	7
8212	7
8213	7
8214	7
8215	7
8216	7
8217	7
8218	7
8219	7
8220	7
8221	7
8222	7
8223	7
8224	7
8225	7
8226	7
8227	7
8228	7
8229	7
8230	7
8231	7
8232	7
8233	7
8234	7
8235	7
8236	7
8237	7
8238	7
8239	7
8240	7
8241	7
8242	7
8243	7
8244	7
8245	7
8246	7
8247	7
8248	7
8249	7
8250	7
8251	7
8252	7
8253	7
8254	7
8255	7
8256	7
8257	7
8258	7
8259	7
8260	7
8261	7
8262	7
8263	7
8264	7
8265	7
8266	7
8267	7
8268	7
8269	7
8270	7
8271	7
8272	7
8273	7
8274	7
8275	7
8276	7
8277	7
8278	7
8279	7
8280	7
8281	7
8282	7
8283	7
8284	7
8285	7
8286	7
8287	7
8288	7
8289	7
8290	7
8291	7
8292	7
8293	7
8294	7
8295	7
8296	7
8297	7
8298	7
8299	7
8300	7
8301	7
8302	7
8303	7
8304	7
8305	7
8306	7
8307	7
8308	7
8309	7
8310	7
8311	7
8312	7
8313	7
8314	7
8315	7
8316	7
8317	7
8318	7
8319	7
8320	7
8321	7
8322	7
8323	7
8324	7
8325	7
8326	7
8327	7
8328	7
8329	7
8330	7
8331	7
8332	7
8333	7
8334	7
8335	7
8336	7
8337	7
8338	7
8339	7
8340	7
8341	7
8342	7
8343	7
8344	7
8345	7
8346	7
8347	7
8348	7
8349	7
8350	7
8351	7
8352	7
8353	7
8354	7
8355	7
8356	7
8357	7
8358	7
8359	7
8360	7
8361	7
8362	7
8363	7
8364	7
8365	7
8366	7
8367	7
8368	7
8369	7
8370	7
8371	7
8372	7
8373	7
8374	7
8375	7
8376	7
8377	7
8378	7
8379	7
8380	7
8381	7
8382	7
8383	7
8384	7
8385	7
8386	7
8387	7
8388	7
8389	7
8390	7
8391	7
8392	7
8393	7
8394	7
8395	7
8396	7
8397	7
8398	7
8399	7
8400	7
8401	7
8402	7
8403	7
8404	7
8405	7
8406	7
8407	7
8408	7
8409	7
8410	7
8411	7
8412	7
8413	7
8414	7
8415	7
8416	7
8417	7
8418	7
8419	7
8420	7
8421	7
8422	7
8423	7
8424	7
8425	7
8426	7
8427	7
8428	7
8429	7
8430	7
8431	7
8432	7
8433	7
8434	7
8435	7
8436	7
8437	7
8438	7
8439	7
8440	7
8441	7
8442	7
8443	7
8444	7
8445	7
8446	7
8447	7
8448	7
8449	7
8450	7
8451	7
8452	7
8453	7
8454	7
8455	7
8456	7
8457	7
8458	7
8459	7
8460	7
8461	7
8462	7
8463	7
8464	7
8465	7
8466	7
8467	7
8468	7
8469	7
8470	7
8471	7
8472	7
8473	7
8474	7
8475	7
8476	7
8477	7
8478	7
8479	7
8480	7
8481	7
8482	7
8483	7
8484	7
8485	7
8486	7
8487	7
8488	7
8489	7
8490	7
8491	7
8492	7
8493	7
8494	7
8495	7
8496	7
8497	7
8498	7
8499	7
8500	7
8501	7
8502	7
8503	7
8504	7
8505	7
8506	7
8507	7
8508	7
8509	7
8510	7
8511	7
8512	7
8513	7
8514	7
8515	7
8516	7
8517	7
8518	7
8519	7
8520	7
8521	7
8522	7
8523	7
8524	7
8525	7
8526	7
8527	7
8528	7
8529	7
8530	7
8531	7
8532	7
8533	7
8534	7
8535	7
8536	7
8537	7
8538	7
8539	7
8540	7
8541	7
8542	7
8543	7
8544	7
8545	7
8546	7
8547	7
8548	7
8549	7
8550	7
8551	7
8552	7
8553	7
8554	7
8555	7
8556	7
8557	7
8558	7
8559	7
8560	7
8561	7
8562	7
8563	7
8564	7
8565	7
8566	7
8567	7
8568	7
8569	7
8570	7
8571	7
8572	7
8573	7
8574	7
8575	7
8576	7
8577	7
8578	7
8579	7
8580	7
8581	7
8582	7
8583	7
8584	7
8585	7
8586	7
8587	7
8588	7
8589	7
8590	7
8591	7
8592	7
8593	7
8594	7
8595	7
8596	7
8597	7
8598	7
8599	7
8600	7
8601	7
8602	7
8603	7
8604	7
8605	7
8606	7
8607	7
8608	7
8609	7
8610	7
8611	7
8612	7
8613	7
8614	7
8615	7
8616	7
8617	7
8618	7
8619	7
8620	7
8621	7
8622	7
8623	7
8624	7
8625	7
8626	7
8627	7
8628	7
8629	7
8630	7
8631	7
8632	7
8633	7
8634	7
8635	7
8636	7
8637	7
8638	7
8639	7
8640	7
8641	7
8642	7
8643	7
8644	7
8645	7
8646	7
8647	7
8648	7
8649	7
8650	7
8651	7
8652	7
8653	7
8654	7
8655	7
8656	7
8657	7
8658	7
8659	7
8660	7
8661	7
8662	7
8663	7
8664	7
8665	7
8666	7
8667	7
8668	7
8669	7
8670	7
8671	7
8672	7
8673	7
8674	7
8675	7
8676	7
8677	7
8678	7
8679	7
8680	7
8681	7
8682	7
8683	7
8684	7
8685	7
8686	7
8687	7
8688	7
8689	7
8690	7
8691	7
8692	7
8693	7
8694	7
8695	7
8696	7
8697	7
8698	7
8699	7
8700	7
8701	7
8702	7
8703	7
8704	7
8705	7
8706	7
8707	7
8708	7
8709	7
8710	7
8711	7
8712	7
8713	7
8714	7
8715	7
8716	7
8717	7
8718	7
8719	7
8720	7
8721	7
8722	7
8723	7
8724	7
8725	7
8726	7
8727	7
8728	7
8729	7
8730	7
8731	7
8732	7
8733	7
8734	7
8735	7
8736	7
8737	7
8738	7
8739	7
8740	7
8741	7
8742	7
8743	7
8744	7
8745	7
8746	7
8747	7
8748	7
8749	7
8750	7
8751	7
8752	7
8753	7
8754	7
8755	7
8756	7
8757	7
8758	7
8759	7
8760	7
8761	7
8762	7
8763	7
8764	7
8765	7
8766	7
8767	7
8768	7
8769	7
8770	7
8771	7
8772	7
8773	7
8774	7
8775	7
8776	7
8777	7
8778	7
8779	7
8780	7
8781	7
8782	7
8783	7
8784	7
8785	7
8786	7
8787	7
8788	7
8789	7
8790	7
8791	7
8792	7
8793	7
8794	7
8795	7
8796	7
8797	7
8798	7
8799	7
8800	7
8801	7
8802	7
8803	7
8804	7
8805	7
8806	7
8807	7
8808	7
8809	7
8810	7
8811	7
8812	7
8813	7
8814	7
8815	7
8816	7
8817	7
8818	7
8819	7
8820	7
8821	7
8822	7
8823	7
8824	7
8825	7
8826	7
8827	7
8828	7
8829	7
8830	7
8831	7
8832	7
8833	7
8834	7
8835	7
8836	7
8837	7
8838	7
8839	7
8840	7
8841	7
8842	7
8843	7
8844	7
8845	7
8846	7
8847	7
8848	7
8849	7
8850	7
8851	7
8852	7
8853	7
8854	7
8855	7
8856	7
8857	7
8858	7
8859	7
8860	7
8861	7
8862	7
8863	7
8864	7
8865	7
8866	7
8867	7
8868	7
8869	7
8870	7
8871	7
8872	7
8873	7
8874	7
8875	7
8876	7
8877	7
8878	7
8879	7
8880	7
8881	7
8882	7
8883	7
8884	7
8885	7
8886	7
8887	7
8888	7
8889	7
8890	7
8891	7
8892	7
8893	7
8894	7
8895	7
8896	7
8897	7
8898	7
8899	7
8900	7
8901	7
8902	7
8903	7
8904	7
8905	7
8906	7
8907	7
8908	7
8909	7
8910	7
8911	7
8912	7
8913	7
8914	7
8915	7
8916	7
8917	7
8918	7
8919	7
8920	7
8921	7
8922	7
8923	7
8924	7
8925	7
8926	7
8927	7
8928	7
8929	7
8930	7
8931	7
8932	7
8933	7
8934	7
8935	7
8936	7
8937	7
8938	7
8939	7
8940	7
8941	7
8942	7
8943	7
8944	7
8945	7
8946	7
8947	7
8948	7
8949	7
8950	7
8951	7
8952	7
8953	7
8954	7
8955	7
8956	7
8957	7
8958	7
8959	7
8960	7
8961	7
8962	7
8963	7
8964	7
8965	7
8966	7
8967	7
8968	7
8969	7
8970	7
8971	7
8972	7
8973	7
8974	7
8975	7
8976	7
8977	7
8978	7
8979	7
8980	7
8981	7
8982	7
8983	7
8984	7
8985	7
8986	7
8987	7
8988	7
8989	7
8990	7
8991	7
8992	7
8993	7
8994	7
8995	7
8996	7
8997	7
8998	7
8999	7
9000	7
9001	7
9002	7
9003	7
9004	7
9005	7
9006	7
9007	7
9008	7
9009	7
9010	7
9011	7
9012	7
9013	7
9014	7
9015	7
9016	7
9017	7
9018	7
9019	7
9020	7
9021	7
9022	7
9023	7
9024	7
9025	7
9026	7
9027	7
9028	7
9029	7
9030	7
9031	7
9032	7
9033	7
9034	7
9035	7
9036	7
9037	7
9038	7
9039	7
9040	7
9041	7
9042	7
9043	7
9044	7
9045	7
9046	7
9047	7
9048	7
9049	7
9050	7
9051	7
9052	7
9053	7
9054	7
9055	7
9056	7
9057	7
9058	7
9059	7
9060	7
9061	7
9062	7
9063	7
9064	7
9065	7
9066	7
9067	7
9068	7
9069	7
9070	7
9071	7
9072	7
9073	7
9074	7
9075	7
9076	7
9077	7
9078	7
9079	7
9080	7
9081	7
9082	7
9083	7
9084	7
9085	7
9086	7
9087	7
9088	7
9089	7
9090	7
9091	7
9092	7
9093	7
9094	7
9095	7
9096	7
9097	7
9098	7
9099	7
9100	7
9101	7
9102	7
9103	7
9104	7
9105	7
9106	7
9107	7
9108	7
9109	7
9110	7
9111	7
9112	7
9113	7
9114	7
9115	7
9116	7
9117	7
9118	7
9119	7
9120	7
9121	7
9122	7
9123	7
9124	7
9125	7
9126	7
9127	7
9128	7
9129	7
9130	7
9131	7
9132	7
9133	7
9134	7
9135	7
9136	7
9137	7
9138	7
9139	7
9140	7
9141	7
9142	7
9143	7
9144	7
9145	7
9146	7
9147	7
9148	7
9149	7
9150	7
9151	7
9152	7
9153	7
9154	7
9155	7
9156	7
9157	7
9158	7
9159	7
9160	7
9161	7
9162	7
9163	7
9164	7
9165	7
9166	7
9167	7
9168	7
9169	7
9170	7
9171	7
9172	7
9173	7
9174	7
9175	7
9176	7
9177	7
9178	7
9179	7
9180	7
9181	7
9182	7
9183	7
9184	7
9185	7
9186	7
9187	7
9188	7
9189	7
9190	7
9191	7
9192	7
9193	7
9194	7
9195	7
9196	7
9197	7
9198	7
9199	7
9200	7
9201	7
9202	7
9203	7
9204	7
9205	7
9206	7
9207	7
9208	7
9209	7
9210	7
9211	7
9212	7
9213	7
9214	7
9215	7
9216	7
9217	7
9218	7
9219	7
9220	7
9221	7
9222	8
9223	8
9224	8
9225	8
9226	8
9227	8
9228	8
9229	8
9230	8
9231	8
9232	8
9233	8
9234	8
9235	8
9236	8
9237	8
9238	8
9239	8
9240	8
9241	8
9242	8
9243	8
9244	8
9245	8
9246	8
9247	8
9248	8
9249	8
9250	8
9251	8
9252	8
9253	8
9254	8
9255	8
9256	8
9257	8
9258	8
9259	8
9260	8
9261	8
9262	8
9263	8
9264	8
9265	8
9266	8
9267	8
9268	8
9269	8
9270	8
9271	8
9272	8
9273	8
9274	8
9275	8
9276	8
9277	8
9278	8
9279	8
9280	8
9281	8
9282	8
9283	8
9284	8
9285	8
9286	8
9287	8
9288	8
9289	8
9290	8
9291	8
9292	8
9293	8
9294	8
9295	8
9296	8
9297	8
9298	8
9299	8
9300	8
9301	8
9302	8
9303	8
9304	8
9305	8
9306	8
9307	8
9308	8
9309	8
9310	8
9311	8
9312	8
9313	8
9314	8
9315	8
9316	8
9317	8
9318	8
9319	8
9320	8
9321	8
9322	8
9323	8
9324	8
9325	8
9326	8
9327	8
9328	8
9329	8
9330	8
9331	8
9332	8
9333	8
9334	8
9335	8
9336	8
9337	8
9338	8
9339	8
9340	8
9341	8
9342	8
9343	8
9344	8
9345	8
9346	8
9347	8
9348	8
9349	8
9350	8
9351	8
9352	8
9353	8
9354	8
9355	8
9356	8
9357	8
9358	8
9359	8
9360	8
9361	8
9362	8
9363	8
9364	8
9365	8
9366	8
9367	8
9368	8
9369	8
9370	8
9371	8
9372	8
9373	8
9374	8
9375	8
9376	8
9377	8
9378	8
9379	8
9380	8
9381	8
9382	8
9383	8
9384	8
9385	8
9386	8
9387	8
9388	8
9389	8
9390	8
9391	8
9392	8
9393	8
9394	8
9395	8
9396	8
9397	8
9398	8
9399	8
9400	8
9401	8
9402	8
9403	8
9404	8
9405	8
9406	8
9407	8
9408	8
9409	8
9410	8
9411	8
9412	8
9413	8
9414	8
9415	8
9416	8
9417	8
9418	8
9419	8
9420	8
9421	8
9422	8
9423	8
9424	8
9425	8
9426	8
9427	8
9428	8
9429	8
9430	8
9431	8
9432	8
9433	8
9434	8
9435	8
9436	8
9437	8
9438	8
9439	8
9440	8
9441	8
9442	8
9443	8
9444	8
9445	8
9446	8
9447	8
9448	8
9449	8
9450	8
9451	8
9452	8
9453	8
9454	8
9455	8
9456	8
9457	8
9458	8
9459	8
9460	8
9461	8
9462	8
9463	8
9464	8
9465	8
9466	8
9467	8
9468	8
9469	8
9470	8
9471	8
9472	8
9473	8
9474	8
9475	8
9476	8
9477	8
9478	8
9479	8
9480	8
9481	8
9482	8
9483	8
9484	8
9485	8
9486	8
9487	8
9488	8
9489	8
9490	8
9491	8
9492	8
9493	8
9494	8
9495	8
9496	8
9497	8
9498	8
9499	8
9500	8
9501	8
9502	8
9503	8
9504	8
9505	8
9506	8
9507	8
9508	8
9509	8
9510	8
9511	8
9512	8
9513	8
9514	8
9515	8
9516	8
9517	9
9518	9
9519	9
9520	9
9521	9
9522	9
9523	9
9524	9
9525	9
9526	9
9527	9
9528	9
9529	9
9530	9
9531	9
9532	9
9533	9
9534	9
9535	9
9536	9
9537	9
9538	9
9539	9
9540	9
9541	9
9542	9
9543	9
9544	9
9545	9
9546	9
9547	9
9548	9
9549	9
9550	9
9551	9
9552	9
9553	9
9554	9
9555	9
9556	9
9557	9
9558	9
9559	9
9560	9
9561	9
9562	9
9563	9
9564	9
9565	9
9566	9
9567	9
9568	9
9569	9
9570	9
9571	9
9572	9
9573	9
9574	9
9575	9
9576	9
9577	9
9578	9
9579	9
9580	9
9581	9
9582	9
9583	9
9584	9
9585	9
9586	9
9587	9
9588	9
9589	9
9590	9
9591	9
9592	9
9593	9
9594	9
9595	9
9596	9
9597	9
9598	9
9599	9
9600	9
9601	9
9602	9
9603	9
9604	9
9605	9
9606	9
9607	9
9608	9
9609	9
9610	9
9611	9
9612	9
9613	9
9614	9
9615	9
9616	9
9617	9
9618	9
9619	9
9620	9
9621	9
9622	9
9623	9
9624	9
9625	9
9626	9
9627	9
9628	9
9629	9
9630	9
9631	9
9632	9
9633	9
9634	9
9635	9
9636	9
9637	9
9638	9
9639	9
9640	9
9641	9
9642	9
9643	9
9644	9
9645	9
9646	9
9647	9
9648	9
9649	9
9650	9
9651	9
9652	9
9653	9
9654	9
9655	9
9656	9
9657	9
9658	9
9659	9
9660	9
9661	9
9662	9
9663	9
9664	9
9665	9
9666	9
9667	9
9668	9
9669	9
9670	9
9671	9
9672	9
9673	9
9674	9
9675	9
9676	9
9677	9
9678	9
9679	9
9680	9
9681	9
9682	9
9683	9
9684	9
9685	9
9686	9
9687	9
9688	9
9689	9
9690	9
9691	9
9692	9
9693	9
9694	9
9695	9
9696	9
9697	9
9698	9
9699	9
9700	9
9701	9
9702	9
9703	9
9704	9
9705	9
9706	9
9707	9
9708	9
9709	9
9710	9
9711	9
9712	9
9713	9
9714	9
9715	9
9716	9
9717	9
9718	9
9719	9
9720	9
9721	9
9722	9
9723	9
9724	9
9725	9
9726	9
9727	9
9728	9
9729	9
9730	9
9731	9
9732	9
9733	9
9734	9
9735	9
9736	9
9737	9
9738	9
9739	9
9740	9
9741	9
9742	9
9743	9
9744	9
9745	9
9746	9
9747	9
9748	9
9749	9
9750	9
9751	9
9752	9
9753	9
9754	9
9755	9
9756	9
9757	9
9758	9
9759	9
9760	9
9761	9
9762	9
9763	9
9764	9
9765	9
9766	9
9767	9
9768	9
9769	9
9770	9
9771	9
9772	9
9773	9
9774	9
9775	9
9776	9
9777	9
9778	9
9779	9
9780	9
9781	9
9782	9
9783	9
9784	9
9785	9
9786	9
9787	9
9788	9
9789	9
9790	9
9791	9
9792	9
9793	9
9794	9
9795	9
9796	9
9797	9
9798	9
9799	9
9800	9
9801	9
9802	9
9803	9
9804	9
9805	9
9806	9
9807	9
9808	9
9809	9
9810	9
9811	9
9812	9
9813	9
9814	9
9815	9
9816	9
9817	9
9818	9
9819	9
9820	9
9821	9
9822	9
9823	9
9824	9
9825	9
9826	9
9827	9
9828	9
9829	9
9830	9
9831	9
9832	9
9833	9
9834	9
9835	9
9836	9
9837	9
9838	9
9839	9
9840	9
9841	9
9842	9
9843	9
9844	9
9845	9
9846	9
9847	9
9848	9
9849	9
9850	9
9851	9
9852	9
9853	9
9854	9
9855	9
9856	9
9857	9
9858	9
9859	9
9860	9
9861	9
9862	9
9863	9
9864	9
9865	9
9866	9
9867	9
9868	9
9869	9
9870	9
9871	9
9872	9
9873	9
9874	9
9875	9
9876	9
9877	9
9878	9
9879	9
9880	9
9881	9
9882	9
9883	9
9884	9
9885	9
9886	9
9887	9
9888	9
9889	9
9890	9
9891	9
9892	9
9893	9
9894	9
9895	9
9896	9
9897	9
9898	9
9899	9
9900	9
9901	9
9902	9
9903	9
9904	9
9905	9
9906	9
9907	9
9908	9
9909	9
9910	9
9911	9
9912	9
9913	9
9914	9
9915	9
9916	9
9917	9
9918	9
9919	9
9920	9
9921	9
9922	9
9923	9
9924	9
9925	9
9926	9
9927	9
9928	9
9929	9
9930	9
9931	9
9932	9
9933	9
9934	9
9935	9
9936	9
9937	9
9938	9
9939	9
9940	9
9941	9
9942	9
9943	9
9944	9
9945	9
9946	9
9947	9
9948	9
9949	9
9950	9
9951	9
9952	9
9953	9
9954	9
9955	9
9956	9
9957	9
9958	9
9959	9
9960	9
9961	9
9962	9
9963	9
9964	9
9965	9
9966	9
9967	9
9968	9
9969	9
9970	9
9971	9
9972	9
9973	9
9974	9
9975	9
9976	9
9977	9
9978	9
9979	9
9980	9
9981	9
9982	9
9983	9
9984	9
9985	9
9986	9
9987	9
9988	9
9989	9
9990	9
9991	9
9992	9
9993	9
9994	9
9995	9
9996	9
9997	9
9998	9
9999	9
10000	9
