#Clock	ItemsCollected
1	0
2	0
3	0
4	0
5	0
6	0
7	0
8	0
9	0
10	0
11	0
12	0
13	0
14	0
15	0
16	0
17	0
18	0
19	0
20	0
21	0
22	0
23	0
24	0
25	0
26	0
27	0
28	0
29	0
30	0
31	0
32	0
33	0
34	0
35	0
36	0
37	0
38	0
39	0
40	0
41	0
42	0
43	0
44	0
45	0
46	0
47	0
48	0
49	0
50	0
51	0
52	0
53	0
54	0
55	0
56	0
57	0
58	0
59	0
60	0
61	0
62	0
63	0
64	0
65	0
66	0
67	0
68	0
69	0
70	0
71	0
72	0
73	0
74	0
75	0
76	0
77	0
78	0
79	0
80	0
81	0
82	0
83	0
84	0
85	0
86	0
87	0
88	0
89	0
90	0
91	0
92	0
93	0
94	0
95	0
96	0
97	0
98	0
99	0
100	0
101	0
102	0
103	0
104	0
105	0
106	0
107	0
108	0
109	0
110	0
111	0
112	0
113	0
114	0
115	0
116	0
117	0
118	0
119	0
120	0
121	0
122	0
123	0
124	0
125	0
126	0
127	0
128	0
129	0
130	0
131	0
132	0
133	0
134	0
135	0
136	0
137	0
138	0
139	0
140	0
141	0
142	0
143	0
144	0
145	0
146	0
147	0
148	0
149	0
150	0
151	0
152	0
153	0
154	0
155	0
156	0
157	0
158	0
159	0
160	0
161	0
162	0
163	0
164	0
165	0
166	0
167	0
168	0
169	0
170	0
171	0
172	0
173	0
174	0
175	0
176	0
177	0
178	0
179	0
180	0
181	0
182	0
183	0
184	0
185	0
186	0
187	0
188	0
189	0
190	0
191	0
192	0
193	0
194	0
195	0
196	0
197	0
198	0
199	0
200	0
201	0
202	0
203	0
204	0
205	0
206	0
207	0
208	0
209	0
210	0
211	0
212	0
213	0
214	0
215	0
216	0
217	0
218	0
219	0
220	0
221	0
222	0
223	0
224	0
225	0
226	0
227	0
228	0
229	0
230	0
231	0
232	0
233	0
234	0
235	0
236	0
237	0
238	0
239	0
240	0
241	0
242	0
243	0
244	0
245	0
246	0
247	0
248	0
249	0
250	0
251	0
252	0
253	0
254	0
255	0
256	0
257	0
258	0
259	0
260	0
261	0
262	0
263	0
264	0
265	0
266	0
267	0
268	0
269	0
270	0
271	0
272	0
273	0
274	0
275	0
276	0
277	0
278	0
279	0
280	0
281	0
282	0
283	0
284	0
285	0
286	0
287	0
288	0
289	0
290	0
291	0
292	0
293	0
294	0
295	0
296	0
297	0
298	0
299	0
300	0
301	0
302	0
303	0
304	0
305	0
306	0
307	0
308	0
309	0
310	0
311	0
312	0
313	0
314	0
315	0
316	0
317	0
318	0
319	0
320	0
321	0
322	0
323	0
324	0
325	0
326	0
327	0
328	0
329	0
330	0
331	0
332	0
333	0
334	0
335	0
336	0
337	0
338	0
339	0
340	0
341	0
342	0
343	0
344	0
345	0
346	0
347	0
348	0
349	0
350	0
351	0
352	0
353	0
354	0
355	0
356	0
357	0
358	0
359	0
360	0
361	0
362	0
363	0
364	0
365	0
366	0
367	0
368	0
369	0
370	0
371	0
372	0
373	0
374	0
375	0
376	0
377	0
378	0
379	0
380	0
381	0
382	0
383	0
384	0
385	0
386	0
387	0
388	0
389	0
390	0
391	0
392	0
393	0
394	0
395	0
396	0
397	0
398	0
399	0
400	0
401	0
402	0
403	0
404	0
405	0
406	0
407	0
408	0
409	0
410	0
411	0
412	0
413	0
414	0
415	0
416	0
417	0
418	0
419	0
420	0
421	0
422	0
423	0
424	0
425	0
426	0
427	0
428	0
429	0
430	0
431	0
432	0
433	0
434	0
435	0
436	0
437	0
438	0
439	0
440	0
441	0
442	0
443	0
444	0
445	0
446	0
447	0
448	0
449	0
450	0
451	0
452	0
453	0
454	0
455	0
456	0
457	0
458	0
459	0
460	0
461	0
462	0
463	0
464	0
465	0
466	0
467	0
468	0
469	0
470	0
471	0
472	0
473	0
474	0
475	0
476	0
477	0
478	0
479	0
480	0
481	0
482	0
483	0
484	0
485	0
486	0
487	0
488	0
489	0
490	0
491	0
492	0
493	0
494	0
495	0
496	0
497	0
498	0
499	0
500	0
501	0
502	0
503	0
504	0
505	0
506	0
507	0
508	0
509	0
510	0
511	0
512	0
513	0
514	0
515	0
516	0
517	0
518	0
519	0
520	0
521	0
522	0
523	0
524	0
525	0
526	0
527	0
528	0
529	0
530	0
531	0
532	0
533	0
534	0
535	0
536	0
537	0
538	0
539	0
540	0
541	0
542	0
543	0
544	0
545	0
546	0
547	0
548	0
549	0
550	0
551	0
552	0
553	0
554	0
555	0
556	0
557	0
558	0
559	0
560	0
561	0
562	0
563	0
564	0
565	0
566	0
567	0
568	0
569	0
570	0
571	0
572	0
573	0
574	0
575	0
576	0
577	0
578	0
579	0
580	0
581	0
582	0
583	0
584	0
585	0
586	0
587	0
588	0
589	0
590	0
591	0
592	0
593	0
594	0
595	0
596	0
597	0
598	0
599	0
600	0
601	0
602	0
603	0
604	0
605	0
606	0
607	0
608	0
609	0
610	0
611	0
612	0
613	0
614	0
615	0
616	0
617	0
618	0
619	0
620	0
621	0
622	0
623	0
624	0
625	0
626	0
627	0
628	0
629	0
630	0
631	0
632	0
633	0
634	0
635	0
636	0
637	0
638	0
639	0
640	0
641	0
642	0
643	0
644	0
645	0
646	0
647	0
648	0
649	0
650	0
651	0
652	0
653	0
654	0
655	0
656	0
657	0
658	0
659	0
660	0
661	0
662	0
663	0
664	0
665	0
666	0
667	0
668	0
669	0
670	0
671	0
672	0
673	0
674	0
675	0
676	0
677	0
678	0
679	0
680	0
681	0
682	0
683	0
684	0
685	0
686	0
687	0
688	0
689	0
690	0
691	0
692	0
693	0
694	0
695	0
696	0
697	0
698	0
699	0
700	0
701	0
702	0
703	0
704	0
705	0
706	0
707	0
708	0
709	0
710	0
711	0
712	0
713	0
714	0
715	0
716	0
717	0
718	0
719	0
720	0
721	0
722	0
723	0
724	0
725	0
726	0
727	0
728	0
729	0
730	0
731	0
732	0
733	0
734	0
735	0
736	0
737	0
738	0
739	0
740	0
741	0
742	0
743	0
744	0
745	0
746	0
747	0
748	0
749	0
750	0
751	0
752	0
753	0
754	0
755	0
756	0
757	0
758	0
759	0
760	0
761	0
762	0
763	0
764	0
765	0
766	0
767	0
768	0
769	0
770	0
771	0
772	0
773	0
774	0
775	0
776	0
777	0
778	0
779	0
780	0
781	0
782	0
783	0
784	0
785	0
786	0
787	0
788	0
789	0
790	0
791	0
792	0
793	0
794	0
795	0
796	0
797	0
798	0
799	0
800	0
801	0
802	0
803	0
804	0
805	0
806	0
807	0
808	0
809	0
810	0
811	0
812	0
813	0
814	0
815	0
816	0
817	0
818	0
819	0
820	0
821	0
822	0
823	0
824	0
825	0
826	0
827	0
828	0
829	0
830	0
831	0
832	0
833	0
834	0
835	0
836	0
837	0
838	0
839	0
840	0
841	0
842	0
843	0
844	0
845	0
846	0
847	0
848	0
849	0
850	0
851	0
852	0
853	0
854	0
855	0
856	0
857	0
858	0
859	0
860	0
861	0
862	0
863	0
864	0
865	0
866	0
867	0
868	0
869	0
870	0
871	0
872	0
873	0
874	0
875	0
876	0
877	0
878	0
879	0
880	0
881	0
882	0
883	0
884	0
885	0
886	0
887	0
888	0
889	0
890	0
891	0
892	0
893	0
894	0
895	0
896	0
897	0
898	0
899	0
900	0
901	0
902	0
903	0
904	0
905	0
906	0
907	0
908	0
909	0
910	0
911	0
912	0
913	0
914	0
915	0
916	0
917	0
918	0
919	0
920	0
921	0
922	0
923	0
924	0
925	0
926	0
927	0
928	0
929	0
930	0
931	0
932	0
933	0
934	0
935	0
936	0
937	0
938	0
939	0
940	0
941	0
942	0
943	0
944	0
945	0
946	0
947	0
948	0
949	0
950	0
951	0
952	0
953	0
954	0
955	0
956	0
957	0
958	0
959	0
960	0
961	0
962	0
963	0
964	0
965	0
966	0
967	0
968	0
969	0
970	0
971	0
972	0
973	0
974	0
975	0
976	0
977	0
978	0
979	0
980	0
981	0
982	0
983	0
984	0
985	0
986	0
987	0
988	0
989	0
990	0
991	0
992	0
993	0
994	0
995	0
996	0
997	0
998	0
999	0
1000	0
1001	0
1002	0
1003	0
1004	0
1005	0
1006	0
1007	0
1008	0
1009	0
1010	0
1011	0
1012	0
1013	0
1014	0
1015	0
1016	0
1017	0
1018	0
1019	0
1020	0
1021	0
1022	0
1023	0
1024	0
1025	0
1026	0
1027	0
1028	0
1029	0
1030	0
1031	0
1032	0
1033	0
1034	0
1035	0
1036	0
1037	0
1038	0
1039	0
1040	0
1041	0
1042	0
1043	0
1044	0
1045	0
1046	0
1047	0
1048	0
1049	0
1050	0
1051	0
1052	0
1053	0
1054	0
1055	0
1056	0
1057	0
1058	0
1059	0
1060	0
1061	0
1062	0
1063	0
1064	0
1065	0
1066	0
1067	0
1068	0
1069	0
1070	0
1071	0
1072	0
1073	0
1074	0
1075	0
1076	0
1077	0
1078	0
1079	0
1080	0
1081	0
1082	0
1083	0
1084	0
1085	0
1086	0
1087	0
1088	0
1089	0
1090	0
1091	0
1092	0
1093	0
1094	0
1095	0
1096	0
1097	0
1098	0
1099	0
1100	0
1101	0
1102	0
1103	0
1104	0
1105	0
1106	0
1107	0
1108	0
1109	0
1110	0
1111	0
1112	0
1113	0
1114	0
1115	0
1116	0
1117	0
1118	0
1119	0
1120	0
1121	0
1122	0
1123	0
1124	0
1125	0
1126	0
1127	0
1128	0
1129	0
1130	0
1131	0
1132	0
1133	0
1134	0
1135	0
1136	0
1137	0
1138	0
1139	0
1140	0
1141	0
1142	0
1143	0
1144	0
1145	0
1146	0
1147	0
1148	0
1149	0
1150	0
1151	0
1152	0
1153	0
1154	0
1155	0
1156	0
1157	0
1158	0
1159	0
1160	0
1161	0
1162	0
1163	0
1164	0
1165	0
1166	0
1167	0
1168	0
1169	0
1170	0
1171	0
1172	0
1173	0
1174	0
1175	0
1176	0
1177	0
1178	0
1179	0
1180	0
1181	0
1182	0
1183	0
1184	0
1185	0
1186	0
1187	0
1188	0
1189	0
1190	0
1191	0
1192	0
1193	0
1194	0
1195	0
1196	0
1197	0
1198	0
1199	0
1200	0
1201	0
1202	0
1203	0
1204	0
1205	0
1206	0
1207	0
1208	0
1209	0
1210	0
1211	0
1212	0
1213	0
1214	0
1215	0
1216	0
1217	0
1218	0
1219	0
1220	0
1221	0
1222	0
1223	0
1224	0
1225	0
1226	0
1227	0
1228	0
1229	0
1230	0
1231	0
1232	0
1233	0
1234	0
1235	0
1236	0
1237	0
1238	0
1239	0
1240	0
1241	0
1242	0
1243	0
1244	0
1245	0
1246	0
1247	0
1248	0
1249	0
1250	0
1251	0
1252	0
1253	0
1254	0
1255	0
1256	0
1257	0
1258	0
1259	0
1260	0
1261	0
1262	0
1263	0
1264	0
1265	0
1266	0
1267	0
1268	0
1269	0
1270	0
1271	0
1272	0
1273	0
1274	0
1275	0
1276	0
1277	0
1278	0
1279	0
1280	0
1281	0
1282	0
1283	0
1284	0
1285	0
1286	0
1287	0
1288	0
1289	0
1290	0
1291	0
1292	0
1293	0
1294	0
1295	0
1296	0
1297	0
1298	0
1299	0
1300	0
1301	0
1302	0
1303	0
1304	0
1305	0
1306	0
1307	0
1308	0
1309	0
1310	0
1311	0
1312	0
1313	0
1314	0
1315	0
1316	0
1317	0
1318	0
1319	0
1320	0
1321	0
1322	0
1323	0
1324	0
1325	0
1326	0
1327	0
1328	0
1329	0
1330	0
1331	0
1332	0
1333	0
1334	0
1335	0
1336	0
1337	0
1338	0
1339	0
1340	0
1341	0
1342	0
1343	0
1344	0
1345	0
1346	0
1347	0
1348	0
1349	0
1350	0
1351	0
1352	0
1353	0
1354	0
1355	0
1356	0
1357	0
1358	0
1359	0
1360	0
1361	0
1362	0
1363	0
1364	0
1365	0
1366	0
1367	0
1368	0
1369	0
1370	0
1371	0
1372	0
1373	0
1374	0
1375	0
1376	0
1377	0
1378	0
1379	0
1380	0
1381	0
1382	0
1383	0
1384	0
1385	0
1386	0
1387	0
1388	0
1389	0
1390	0
1391	0
1392	0
1393	0
1394	0
1395	0
1396	0
1397	0
1398	0
1399	0
1400	0
1401	0
1402	0
1403	0
1404	0
1405	0
1406	0
1407	0
1408	0
1409	0
1410	0
1411	0
1412	0
1413	0
1414	0
1415	0
1416	0
1417	0
1418	0
1419	0
1420	0
1421	0
1422	0
1423	0
1424	0
1425	0
1426	0
1427	0
1428	0
1429	0
1430	0
1431	0
1432	0
1433	0
1434	0
1435	0
1436	0
1437	0
1438	0
1439	0
1440	0
1441	0
1442	0
1443	0
1444	0
1445	0
1446	0
1447	0
1448	0
1449	0
1450	0
1451	0
1452	0
1453	0
1454	0
1455	0
1456	0
1457	0
1458	0
1459	0
1460	0
1461	0
1462	0
1463	0
1464	0
1465	0
1466	0
1467	0
1468	0
1469	0
1470	0
1471	0
1472	0
1473	0
1474	0
1475	0
1476	0
1477	0
1478	0
1479	0
1480	0
1481	0
1482	0
1483	0
1484	0
1485	0
1486	0
1487	0
1488	0
1489	0
1490	0
1491	0
1492	0
1493	0
1494	0
1495	0
1496	0
1497	0
1498	0
1499	0
1500	0
1501	0
1502	0
1503	0
1504	0
1505	0
1506	0
1507	0
1508	0
1509	0
1510	0
1511	0
1512	0
1513	0
1514	0
1515	0
1516	0
1517	0
1518	0
1519	0
1520	0
1521	0
1522	0
1523	0
1524	0
1525	0
1526	0
1527	0
1528	0
1529	0
1530	0
1531	0
1532	0
1533	0
1534	0
1535	0
1536	0
1537	0
1538	0
1539	0
1540	0
1541	0
1542	0
1543	0
1544	0
1545	0
1546	0
1547	0
1548	0
1549	0
1550	0
1551	0
1552	0
1553	0
1554	0
1555	0
1556	0
1557	0
1558	0
1559	0
1560	0
1561	0
1562	0
1563	0
1564	0
1565	0
1566	0
1567	0
1568	0
1569	0
1570	0
1571	0
1572	0
1573	0
1574	0
1575	0
1576	0
1577	0
1578	0
1579	0
1580	0
1581	0
1582	0
1583	0
1584	0
1585	0
1586	0
1587	0
1588	0
1589	0
1590	0
1591	0
1592	0
1593	0
1594	0
1595	0
1596	0
1597	0
1598	0
1599	0
1600	0
1601	0
1602	0
1603	0
1604	0
1605	0
1606	0
1607	0
1608	0
1609	0
1610	0
1611	0
1612	0
1613	0
1614	0
1615	0
1616	0
1617	0
1618	0
1619	0
1620	0
1621	0
1622	0
1623	0
1624	0
1625	0
1626	0
1627	0
1628	0
1629	0
1630	0
1631	0
1632	0
1633	0
1634	0
1635	0
1636	0
1637	0
1638	0
1639	0
1640	0
1641	0
1642	0
1643	0
1644	0
1645	0
1646	0
1647	0
1648	0
1649	0
1650	0
1651	0
1652	0
1653	0
1654	0
1655	0
1656	0
1657	0
1658	0
1659	0
1660	0
1661	0
1662	0
1663	0
1664	0
1665	0
1666	0
1667	0
1668	0
1669	0
1670	0
1671	0
1672	0
1673	0
1674	0
1675	0
1676	0
1677	0
1678	0
1679	0
1680	0
1681	0
1682	0
1683	0
1684	0
1685	0
1686	0
1687	0
1688	0
1689	0
1690	0
1691	0
1692	0
1693	0
1694	0
1695	0
1696	0
1697	0
1698	0
1699	0
1700	0
1701	0
1702	0
1703	0
1704	0
1705	0
1706	0
1707	0
1708	0
1709	0
1710	0
1711	0
1712	0
1713	0
1714	0
1715	0
1716	0
1717	0
1718	0
1719	0
1720	0
1721	0
1722	0
1723	0
1724	0
1725	0
1726	0
1727	0
1728	0
1729	0
1730	0
1731	0
1732	0
1733	0
1734	0
1735	0
1736	0
1737	0
1738	0
1739	0
1740	0
1741	0
1742	0
1743	0
1744	0
1745	0
1746	0
1747	0
1748	0
1749	0
1750	0
1751	0
1752	0
1753	0
1754	0
1755	0
1756	0
1757	0
1758	0
1759	0
1760	0
1761	0
1762	0
1763	0
1764	0
1765	0
1766	0
1767	0
1768	0
1769	0
1770	0
1771	0
1772	0
1773	0
1774	0
1775	0
1776	0
1777	0
1778	0
1779	0
1780	0
1781	0
1782	0
1783	0
1784	0
1785	0
1786	0
1787	0
1788	0
1789	0
1790	0
1791	0
1792	0
1793	0
1794	0
1795	0
1796	0
1797	0
1798	0
1799	0
1800	0
1801	0
1802	0
1803	0
1804	0
1805	0
1806	0
1807	0
1808	0
1809	0
1810	0
1811	0
1812	0
1813	0
1814	0
1815	0
1816	0
1817	0
1818	0
1819	0
1820	0
1821	0
1822	0
1823	0
1824	0
1825	0
1826	0
1827	0
1828	0
1829	0
1830	0
1831	0
1832	0
1833	0
1834	0
1835	0
1836	0
1837	0
1838	0
1839	0
1840	0
1841	0
1842	0
1843	0
1844	0
1845	0
1846	0
1847	0
1848	0
1849	0
1850	0
1851	0
1852	0
1853	0
1854	0
1855	0
1856	0
1857	0
1858	0
1859	0
1860	0
1861	0
1862	0
1863	0
1864	0
1865	0
1866	0
1867	0
1868	0
1869	0
1870	0
1871	0
1872	0
1873	0
1874	0
1875	0
1876	0
1877	0
1878	0
1879	0
1880	0
1881	0
1882	0
1883	0
1884	0
1885	0
1886	0
1887	0
1888	0
1889	0
1890	0
1891	0
1892	0
1893	0
1894	0
1895	0
1896	0
1897	0
1898	0
1899	0
1900	0
1901	0
1902	0
1903	0
1904	0
1905	0
1906	0
1907	0
1908	0
1909	0
1910	0
1911	0
1912	0
1913	0
1914	0
1915	0
1916	0
1917	0
1918	0
1919	0
1920	0
1921	0
1922	0
1923	0
1924	0
1925	0
1926	0
1927	0
1928	0
1929	0
1930	0
1931	0
1932	0
1933	0
1934	0
1935	0
1936	0
1937	0
1938	0
1939	0
1940	0
1941	0
1942	0
1943	0
1944	0
1945	0
1946	0
1947	0
1948	0
1949	0
1950	0
1951	0
1952	0
1953	0
1954	0
1955	0
1956	0
1957	0
1958	0
1959	0
1960	0
1961	0
1962	0
1963	0
1964	0
1965	0
1966	0
1967	0
1968	0
1969	0
1970	0
1971	0
1972	0
1973	0
1974	0
1975	0
1976	0
1977	0
1978	0
1979	0
1980	0
1981	0
1982	0
1983	0
1984	0
1985	0
1986	0
1987	0
1988	0
1989	0
1990	0
1991	0
1992	0
1993	0
1994	0
1995	0
1996	0
1997	0
1998	0
1999	0
2000	0
2001	0
2002	0
2003	0
2004	0
2005	0
2006	0
2007	0
2008	0
2009	0
2010	0
2011	0
2012	0
2013	0
2014	0
2015	0
2016	0
2017	0
2018	0
2019	0
2020	0
2021	0
2022	0
2023	0
2024	0
2025	0
2026	0
2027	0
2028	0
2029	0
2030	0
2031	0
2032	0
2033	0
2034	0
2035	0
2036	0
2037	0
2038	0
2039	0
2040	0
2041	0
2042	0
2043	0
2044	0
2045	0
2046	0
2047	0
2048	0
2049	0
2050	0
2051	0
2052	0
2053	0
2054	0
2055	0
2056	0
2057	0
2058	0
2059	0
2060	0
2061	0
2062	0
2063	0
2064	0
2065	0
2066	0
2067	0
2068	0
2069	0
2070	0
2071	0
2072	0
2073	0
2074	0
2075	0
2076	0
2077	0
2078	0
2079	0
2080	0
2081	0
2082	0
2083	0
2084	0
2085	0
2086	0
2087	0
2088	0
2089	1
2090	1
2091	1
2092	1
2093	1
2094	1
2095	1
2096	1
2097	1
2098	1
2099	1
2100	1
2101	1
2102	1
2103	1
2104	1
2105	1
2106	1
2107	1
2108	1
2109	1
2110	1
2111	1
2112	1
2113	1
2114	1
2115	1
2116	1
2117	1
2118	1
2119	1
2120	1
2121	1
2122	1
2123	1
2124	1
2125	1
2126	1
2127	1
2128	1
2129	1
2130	1
2131	1
2132	1
2133	1
2134	1
2135	1
2136	1
2137	1
2138	1
2139	1
2140	1
2141	1
2142	1
2143	1
2144	1
2145	1
2146	1
2147	1
2148	1
2149	1
2150	1
2151	1
2152	1
2153	1
2154	1
2155	1
2156	1
2157	1
2158	1
2159	1
2160	1
2161	1
2162	1
2163	1
2164	1
2165	1
2166	1
2167	1
2168	1
2169	1
2170	1
2171	1
2172	1
2173	1
2174	1
2175	1
2176	1
2177	1
2178	1
2179	1
2180	1
2181	1
2182	1
2183	1
2184	1
2185	1
2186	1
2187	1
2188	1
2189	1
2190	1
2191	1
2192	1
2193	1
2194	1
2195	1
2196	1
2197	1
2198	1
2199	1
2200	1
2201	1
2202	1
2203	1
2204	1
2205	1
2206	1
2207	1
2208	1
2209	1
2210	1
2211	1
2212	1
2213	1
2214	1
2215	1
2216	1
2217	1
2218	1
2219	1
2220	1
2221	1
2222	1
2223	1
2224	1
2225	1
2226	1
2227	1
2228	1
2229	1
2230	1
2231	1
2232	1
2233	1
2234	1
2235	1
2236	1
2237	2
2238	2
2239	2
2240	2
2241	2
2242	2
2243	2
2244	2
2245	2
2246	2
2247	2
2248	2
2249	2
2250	2
2251	2
2252	2
2253	2
2254	2
2255	2
2256	2
2257	2
2258	2
2259	2
2260	2
2261	2
2262	2
2263	2
2264	2
2265	2
2266	2
2267	2
2268	2
2269	2
2270	2
2271	2
2272	2
2273	2
2274	2
2275	2
2276	2
2277	2
2278	2
2279	2
2280	2
2281	2
2282	2
2283	2
2284	2
2285	2
2286	2
2287	2
2288	2
2289	2
2290	2
2291	2
2292	2
2293	2
2294	2
2295	2
2296	2
2297	2
2298	2
2299	2
2300	2
2301	2
2302	2
2303	2
2304	2
2305	2
2306	2
2307	2
2308	2
2309	2
2310	2
2311	2
2312	2
2313	2
2314	2
2315	2
2316	2
2317	2
2318	2
2319	2
2320	2
2321	2
2322	2
2323	2
2324	2
2325	2
2326	2
2327	2
2328	2
2329	2
2330	2
2331	2
2332	2
2333	2
2334	2
2335	2
2336	2
2337	2
2338	2
2339	2
2340	2
2341	2
2342	2
2343	2
2344	2
2345	2
2346	2
2347	2
2348	2
2349	2
2350	2
2351	2
2352	2
2353	2
2354	2
2355	2
2356	2
2357	2
2358	2
2359	2
2360	2
2361	2
2362	2
2363	2
2364	2
2365	2
2366	2
2367	2
2368	2
2369	2
2370	2
2371	2
2372	2
2373	2
2374	2
2375	2
2376	2
2377	2
2378	2
2379	2
2380	2
2381	2
2382	2
2383	2
2384	2
2385	2
2386	2
2387	2
2388	2
2389	2
2390	2
2391	2
2392	2
2393	2
2394	2
2395	2
2396	2
2397	2
2398	2
2399	2
2400	2
2401	2
2402	2
2403	2
2404	2
2405	2
2406	2
2407	2
2408	2
2409	2
2410	2
2411	2
2412	2
2413	2
2414	2
2415	2
2416	2
2417	2
2418	2
2419	2
2420	2
2421	2
2422	2
2423	2
2424	2
2425	2
2426	2
2427	2
2428	2
2429	2
2430	2
2431	2
2432	2
2433	2
2434	2
2435	2
2436	2
2437	2
2438	2
2439	2
2440	2
2441	2
2442	2
2443	2
2444	2
2445	2
2446	2
2447	2
2448	2
2449	2
2450	2
2451	2
2452	2
2453	2
2454	2
2455	2
2456	2
2457	2
2458	2
2459	2
2460	2
2461	2
2462	2
2463	2
2464	2
2465	2
2466	2
2467	2
2468	2
2469	2
2470	2
2471	2
2472	2
2473	2
2474	2
2475	2
2476	2
2477	2
2478	2
2479	2
2480	2
2481	2
2482	2
2483	2
2484	2
2485	2
2486	2
2487	2
2488	2
2489	2
2490	2
2491	2
2492	2
2493	2
2494	2
2495	2
2496	2
2497	2
2498	2
2499	2
2500	2
2501	2
2502	2
2503	2
2504	2
2505	2
2506	2
2507	2
2508	2
2509	2
2510	2
2511	2
2512	2
2513	2
2514	2
2515	2
2516	2
2517	2
2518	2
2519	2
2520	2
2521	2
2522	2
2523	2
2524	2
2525	2
2526	2
2527	2
2528	2
2529	2
2530	2
2531	2
2532	2
2533	2
2534	2
2535	2
2536	2
2537	2
2538	2
2539	2
2540	2
2541	2
2542	2
2543	2
2544	2
2545	2
2546	2
2547	2
2548	2
2549	2
2550	2
2551	2
2552	2
2553	2
2554	2
2555	2
2556	2
2557	2
2558	2
2559	2
2560	2
2561	2
2562	2
2563	2
2564	2
2565	2
2566	2
2567	2
2568	2
2569	2
2570	2
2571	2
2572	2
2573	2
2574	2
2575	2
2576	2
2577	2
2578	2
2579	2
2580	2
2581	2
2582	2
2583	2
2584	2
2585	2
2586	2
2587	2
2588	2
2589	2
2590	2
2591	2
2592	2
2593	2
2594	2
2595	2
2596	2
2597	2
2598	2
2599	2
2600	2
2601	2
2602	2
2603	2
2604	2
2605	2
2606	2
2607	2
2608	2
2609	2
2610	2
2611	2
2612	2
2613	2
2614	2
2615	2
2616	2
2617	2
2618	2
2619	2
2620	2
2621	2
2622	2
2623	2
2624	2
2625	2
2626	2
2627	2
2628	2
2629	2
2630	2
2631	2
2632	2
2633	2
2634	2
2635	2
2636	2
2637	2
2638	2
2639	2
2640	2
2641	2
2642	2
2643	2
2644	2
2645	2
2646	2
2647	2
2648	2
2649	2
2650	2
2651	2
2652	2
2653	2
2654	2
2655	2
2656	2
2657	2
2658	2
2659	2
2660	2
2661	2
2662	2
2663	2
2664	2
2665	2
2666	2
2667	2
2668	2
2669	2
2670	2
2671	2
2672	2
2673	2
2674	2
2675	2
2676	2
2677	2
2678	2
2679	2
2680	2
2681	2
2682	2
2683	2
2684	2
2685	2
2686	2
2687	2
2688	2
2689	2
2690	2
2691	2
2692	2
2693	2
2694	2
2695	2
2696	2
2697	2
2698	2
2699	2
2700	2
2701	2
2702	2
2703	2
2704	2
2705	2
2706	2
2707	2
2708	2
2709	2
2710	2
2711	2
2712	2
2713	2
2714	2
2715	2
2716	2
2717	2
2718	2
2719	2
2720	2
2721	2
2722	2
2723	2
2724	2
2725	2
2726	2
2727	2
2728	2
2729	2
2730	2
2731	2
2732	2
2733	2
2734	2
2735	2
2736	2
2737	2
2738	2
2739	2
2740	2
2741	2
2742	2
2743	2
2744	2
2745	2
2746	2
2747	2
2748	2
2749	2
2750	2
2751	2
2752	2
2753	2
2754	2
2755	2
2756	2
2757	2
2758	2
2759	2
2760	2
2761	2
2762	2
2763	2
2764	2
2765	2
2766	2
2767	2
2768	2
2769	2
2770	2
2771	2
2772	2
2773	2
2774	2
2775	2
2776	2
2777	2
2778	2
2779	2
2780	2
2781	2
2782	2
2783	2
2784	2
2785	2
2786	2
2787	2
2788	2
2789	2
2790	2
2791	2
2792	2
2793	2
2794	2
2795	2
2796	2
2797	2
2798	2
2799	2
2800	2
2801	2
2802	2
2803	2
2804	2
2805	2
2806	2
2807	2
2808	2
2809	2
2810	2
2811	2
2812	2
2813	2
2814	2
2815	2
2816	2
2817	2
2818	2
2819	2
2820	2
2821	2
2822	2
2823	2
2824	2
2825	2
2826	2
2827	2
2828	2
2829	2
2830	2
2831	2
2832	2
2833	2
2834	2
2835	2
2836	2
2837	2
2838	2
2839	2
2840	2
2841	2
2842	2
2843	2
2844	2
2845	2
2846	2
2847	2
2848	2
2849	2
2850	2
2851	2
2852	2
2853	2
2854	2
2855	2
2856	2
2857	2
2858	2
2859	2
2860	2
2861	2
2862	2
2863	2
2864	2
2865	2
2866	2
2867	2
2868	2
2869	2
2870	2
2871	2
2872	2
2873	2
2874	2
2875	2
2876	2
2877	2
2878	2
2879	2
2880	2
2881	2
2882	2
2883	2
2884	2
2885	2
2886	2
2887	2
2888	2
2889	2
2890	2
2891	2
2892	2
2893	2
2894	2
2895	2
2896	2
2897	2
2898	2
2899	2
2900	2
2901	2
2902	2
2903	2
2904	2
2905	2
2906	2
2907	2
2908	2
2909	2
2910	2
2911	2
2912	2
2913	2
2914	2
2915	2
2916	2
2917	2
2918	2
2919	2
2920	2
2921	2
2922	2
2923	2
2924	2
2925	2
2926	2
2927	2
2928	2
2929	2
2930	2
2931	2
2932	2
2933	2
2934	2
2935	2
2936	2
2937	2
2938	2
2939	2
2940	2
2941	2
2942	2
2943	2
2944	2
2945	2
2946	2
2947	2
2948	2
2949	2
2950	2
2951	2
2952	2
2953	2
2954	2
2955	2
2956	2
2957	2
2958	2
2959	2
2960	2
2961	2
2962	2
2963	2
2964	2
2965	2
2966	2
2967	2
2968	2
2969	2
2970	2
2971	2
2972	2
2973	2
2974	2
2975	2
2976	2
2977	2
2978	2
2979	2
2980	2
2981	2
2982	2
2983	2
2984	2
2985	2
2986	2
2987	2
2988	2
2989	2
2990	2
2991	2
2992	2
2993	2
2994	2
2995	2
2996	2
2997	2
2998	2
2999	2
3000	2
3001	2
3002	2
3003	2
3004	2
3005	2
3006	2
3007	2
3008	2
3009	2
3010	2
3011	2
3012	2
3013	2
3014	2
3015	2
3016	2
3017	2
3018	2
3019	2
3020	2
3021	2
3022	2
3023	2
3024	2
3025	2
3026	2
3027	2
3028	2
3029	2
3030	2
3031	2
3032	2
3033	2
3034	2
3035	2
3036	2
3037	2
3038	2
3039	2
3040	2
3041	2
3042	2
3043	2
3044	2
3045	2
3046	2
3047	2
3048	2
3049	2
3050	2
3051	2
3052	2
3053	2
3054	2
3055	2
3056	2
3057	2
3058	2
3059	2
3060	2
3061	2
3062	2
3063	2
3064	2
3065	2
3066	2
3067	2
3068	2
3069	2
3070	2
3071	2
3072	2
3073	2
3074	2
3075	2
3076	2
3077	2
3078	2
3079	2
3080	2
3081	2
3082	2
3083	2
3084	2
3085	2
3086	2
3087	2
3088	2
3089	2
3090	2
3091	2
3092	2
3093	2
3094	2
3095	2
3096	2
3097	2
3098	2
3099	2
3100	2
3101	2
3102	2
3103	2
3104	2
3105	2
3106	2
3107	2
3108	2
3109	2
3110	2
3111	2
3112	2
3113	2
3114	2
3115	2
3116	2
3117	2
3118	2
3119	2
3120	2
3121	2
3122	2
3123	2
3124	2
3125	2
3126	2
3127	2
3128	2
3129	2
3130	2
3131	2
3132	2
3133	2
3134	2
3135	2
3136	2
3137	2
3138	2
3139	2
3140	2
3141	2
3142	2
3143	2
3144	2
3145	2
3146	2
3147	2
3148	2
3149	3
3150	3
3151	3
3152	3
3153	3
3154	3
3155	3
3156	3
3157	3
3158	3
3159	3
3160	3
3161	3
3162	3
3163	3
3164	3
3165	3
3166	3
3167	3
3168	3
3169	3
3170	3
3171	3
3172	3
3173	3
3174	3
3175	3
3176	3
3177	3
3178	3
3179	3
3180	3
3181	3
3182	3
3183	3
3184	3
3185	3
3186	3
3187	3
3188	3
3189	3
3190	3
3191	3
3192	3
3193	3
3194	3
3195	3
3196	3
3197	3
3198	3
3199	3
3200	3
3201	3
3202	3
3203	3
3204	3
3205	3
3206	3
3207	3
3208	3
3209	3
3210	3
3211	3
3212	3
3213	3
3214	3
3215	3
3216	3
3217	3
3218	3
3219	3
3220	3
3221	3
3222	3
3223	3
3224	3
3225	3
3226	3
3227	3
3228	3
3229	3
3230	3
3231	3
3232	3
3233	3
3234	3
3235	3
3236	3
3237	3
3238	3
3239	3
3240	3
3241	3
3242	3
3243	3
3244	3
3245	3
3246	3
3247	3
3248	3
3249	3
3250	3
3251	3
3252	3
3253	3
3254	3
3255	3
3256	3
3257	3
3258	3
3259	3
3260	3
3261	3
3262	3
3263	3
3264	3
3265	3
3266	3
3267	3
3268	3
3269	3
3270	3
3271	3
3272	3
3273	3
3274	3
3275	3
3276	3
3277	3
3278	3
3279	3
3280	3
3281	3
3282	3
3283	3
3284	3
3285	3
3286	3
3287	3
3288	3
3289	3
3290	3
3291	3
3292	3
3293	3
3294	3
3295	3
3296	3
3297	3
3298	3
3299	3
3300	3
3301	3
3302	3
3303	3
3304	3
3305	3
3306	3
3307	3
3308	3
3309	3
3310	3
3311	3
3312	3
3313	3
3314	3
3315	3
3316	3
3317	3
3318	3
3319	3
3320	3
3321	3
3322	3
3323	3
3324	3
3325	3
3326	3
3327	3
3328	3
3329	3
3330	3
3331	3
3332	3
3333	3
3334	3
3335	3
3336	3
3337	3
3338	3
3339	3
3340	3
3341	3
3342	3
3343	3
3344	3
3345	3
3346	3
3347	3
3348	3
3349	3
3350	3
3351	3
3352	3
3353	3
3354	3
3355	3
3356	3
3357	3
3358	3
3359	3
3360	3
3361	3
3362	3
3363	3
3364	3
3365	3
3366	3
3367	3
3368	3
3369	3
3370	3
3371	3
3372	3
3373	3
3374	3
3375	3
3376	3
3377	3
3378	3
3379	3
3380	3
3381	3
3382	3
3383	3
3384	3
3385	3
3386	3
3387	3
3388	3
3389	3
3390	3
3391	3
3392	3
3393	3
3394	3
3395	3
3396	3
3397	3
3398	3
3399	3
3400	3
3401	3
3402	3
3403	3
3404	3
3405	3
3406	3
3407	3
3408	3
3409	3
3410	3
3411	3
3412	3
3413	3
3414	3
3415	3
3416	3
3417	3
3418	3
3419	3
3420	3
3421	3
3422	3
3423	3
3424	3
3425	3
3426	3
3427	3
3428	3
3429	3
3430	3
3431	3
3432	3
3433	3
3434	3
3435	3
3436	3
3437	3
3438	3
3439	3
3440	3
3441	3
3442	3
3443	3
3444	3
3445	3
3446	3
3447	3
3448	3
3449	3
3450	3
3451	3
3452	3
3453	3
3454	3
3455	3
3456	3
3457	3
3458	3
3459	3
3460	3
3461	3
3462	3
3463	3
3464	3
3465	3
3466	3
3467	3
3468	3
3469	3
3470	3
3471	3
3472	3
3473	3
3474	3
3475	3
3476	3
3477	3
3478	3
3479	3
3480	3
3481	3
3482	3
3483	3
3484	3
3485	3
3486	3
3487	3
3488	3
3489	3
3490	3
3491	3
3492	3
3493	3
3494	3
3495	3
3496	3
3497	3
3498	3
3499	3
3500	3
3501	3
3502	3
3503	3
3504	3
3505	3
3506	3
3507	3
3508	3
3509	3
3510	3
3511	3
3512	3
3513	3
3514	3
3515	3
3516	3
3517	3
3518	3
3519	3
3520	3
3521	3
3522	3
3523	3
3524	3
3525	3
3526	3
3527	3
3528	3
3529	3
3530	3
3531	3
3532	3
3533	3
3534	3
3535	3
3536	3
3537	3
3538	3
3539	3
3540	3
3541	3
3542	3
3543	3
3544	3
3545	3
3546	3
3547	3
3548	3
3549	3
3550	3
3551	3
3552	3
3553	3
3554	3
3555	3
3556	3
3557	3
3558	3
3559	3
3560	3
3561	3
3562	3
3563	3
3564	3
3565	3
3566	3
3567	3
3568	3
3569	3
3570	3
3571	3
3572	3
3573	3
3574	3
3575	3
3576	3
3577	3
3578	3
3579	3
3580	3
3581	3
3582	3
3583	3
3584	3
3585	3
3586	3
3587	3
3588	3
3589	3
3590	3
3591	3
3592	3
3593	3
3594	3
3595	3
3596	3
3597	3
3598	3
3599	3
3600	3
3601	3
3602	3
3603	3
3604	3
3605	3
3606	3
3607	3
3608	3
3609	3
3610	3
3611	3
3612	3
3613	3
3614	3
3615	3
3616	3
3617	3
3618	3
3619	3
3620	3
3621	3
3622	3
3623	3
3624	3
3625	3
3626	3
3627	3
3628	3
3629	3
3630	3
3631	3
3632	3
3633	3
3634	3
3635	3
3636	3
3637	3
3638	3
3639	3
3640	3
3641	3
3642	3
3643	3
3644	3
3645	3
3646	3
3647	3
3648	3
3649	3
3650	3
3651	3
3652	3
3653	3
3654	3
3655	3
3656	3
3657	3
3658	3
3659	3
3660	3
3661	3
3662	3
3663	3
3664	3
3665	3
3666	3
3667	3
3668	3
3669	3
3670	3
3671	3
3672	3
3673	3
3674	3
3675	3
3676	3
3677	3
3678	3
3679	3
3680	3
3681	3
3682	3
3683	3
3684	3
3685	3
3686	3
3687	3
3688	3
3689	3
3690	3
3691	3
3692	3
3693	3
3694	3
3695	3
3696	3
3697	3
3698	3
3699	3
3700	3
3701	3
3702	3
3703	3
3704	3
3705	3
3706	3
3707	3
3708	3
3709	3
3710	3
3711	3
3712	3
3713	3
3714	3
3715	3
3716	3
3717	3
3718	3
3719	3
3720	3
3721	3
3722	3
3723	3
3724	4
3725	4
3726	4
3727	4
3728	4
3729	4
3730	4
3731	4
3732	4
3733	4
3734	4
3735	4
3736	4
3737	4
3738	4
3739	4
3740	4
3741	4
3742	4
3743	4
3744	4
3745	4
3746	4
3747	4
3748	4
3749	4
3750	4
3751	4
3752	4
3753	4
3754	4
3755	4
3756	4
3757	4
3758	4
3759	4
3760	4
3761	4
3762	4
3763	4
3764	4
3765	4
3766	4
3767	4
3768	4
3769	4
3770	4
3771	4
3772	4
3773	4
3774	4
3775	4
3776	4
3777	4
3778	4
3779	4
3780	4
3781	4
3782	4
3783	4
3784	4
3785	4
3786	4
3787	4
3788	4
3789	4
3790	4
3791	4
3792	4
3793	4
3794	4
3795	4
3796	4
3797	4
3798	4
3799	4
3800	4
3801	4
3802	4
3803	4
3804	4
3805	4
3806	4
3807	4
3808	4
3809	4
3810	4
3811	4
3812	4
3813	4
3814	4
3815	4
3816	4
3817	4
3818	4
3819	4
3820	4
3821	4
3822	4
3823	4
3824	4
3825	4
3826	4
3827	4
3828	4
3829	4
3830	4
3831	4
3832	4
3833	4
3834	4
3835	4
3836	4
3837	4
3838	4
3839	4
3840	4
3841	4
3842	4
3843	4
3844	4
3845	4
3846	4
3847	4
3848	4
3849	4
3850	4
3851	4
3852	4
3853	4
3854	4
3855	4
3856	4
3857	4
3858	4
3859	4
3860	4
3861	4
3862	4
3863	4
3864	4
3865	4
3866	4
3867	4
3868	4
3869	4
3870	4
3871	4
3872	4
3873	4
3874	4
3875	4
3876	4
3877	4
3878	4
3879	4
3880	4
3881	4
3882	4
3883	4
3884	4
3885	4
3886	4
3887	4
3888	4
3889	4
3890	4
3891	4
3892	4
3893	4
3894	4
3895	4
3896	4
3897	4
3898	4
3899	4
3900	4
3901	4
3902	4
3903	4
3904	4
3905	4
3906	4
3907	4
3908	4
3909	4
3910	4
3911	4
3912	4
3913	4
3914	4
3915	4
3916	4
3917	4
3918	4
3919	4
3920	4
3921	4
3922	4
3923	4
3924	4
3925	4
3926	4
3927	4
3928	4
3929	4
3930	4
3931	4
3932	4
3933	4
3934	4
3935	4
3936	4
3937	4
3938	4
3939	4
3940	4
3941	4
3942	4
3943	4
3944	4
3945	4
3946	4
3947	4
3948	4
3949	4
3950	4
3951	4
3952	4
3953	4
3954	4
3955	4
3956	4
3957	4
3958	4
3959	4
3960	4
3961	4
3962	4
3963	4
3964	4
3965	4
3966	4
3967	4
3968	4
3969	4
3970	4
3971	4
3972	4
3973	4
3974	4
3975	4
3976	4
3977	4
3978	4
3979	4
3980	4
3981	4
3982	4
3983	4
3984	4
3985	4
3986	4
3987	4
3988	4
3989	4
3990	4
3991	4
3992	4
3993	4
3994	4
3995	4
3996	4
3997	4
3998	4
3999	4
4000	4
4001	4
4002	4
4003	4
4004	4
4005	4
4006	4
4007	4
4008	4
4009	4
4010	4
4011	4
4012	4
4013	4
4014	4
4015	4
4016	4
4017	4
4018	4
4019	4
4020	4
4021	4
4022	4
4023	4
4024	4
4025	4
4026	4
4027	4
4028	4
4029	4
4030	4
4031	4
4032	4
4033	4
4034	4
4035	4
4036	4
4037	4
4038	4
4039	4
4040	4
4041	4
4042	4
4043	4
4044	4
4045	4
4046	4
4047	4
4048	4
4049	4
4050	4
4051	4
4052	4
4053	4
4054	4
4055	4
4056	4
4057	4
4058	4
4059	4
4060	4
4061	4
4062	4
4063	4
4064	4
4065	4
4066	4
4067	4
4068	4
4069	4
4070	4
4071	4
4072	4
4073	4
4074	4
4075	4
4076	4
4077	4
4078	4
4079	4
4080	4
4081	4
4082	4
4083	4
4084	4
4085	4
4086	4
4087	4
4088	4
4089	4
4090	4
4091	4
4092	4
4093	4
4094	4
4095	4
4096	4
4097	4
4098	4
4099	4
4100	4
4101	4
4102	4
4103	4
4104	4
4105	4
4106	4
4107	4
4108	4
4109	4
4110	4
4111	4
4112	4
4113	4
4114	4
4115	4
4116	4
4117	4
4118	4
4119	4
4120	4
4121	4
4122	4
4123	4
4124	4
4125	4
4126	4
4127	4
4128	4
4129	4
4130	4
4131	4
4132	4
4133	4
4134	4
4135	4
4136	4
4137	4
4138	4
4139	4
4140	4
4141	4
4142	4
4143	4
4144	4
4145	4
4146	4
4147	4
4148	4
4149	4
4150	4
4151	4
4152	4
4153	4
4154	4
4155	4
4156	4
4157	4
4158	4
4159	4
4160	4
4161	4
4162	4
4163	4
4164	4
4165	4
4166	4
4167	4
4168	4
4169	4
4170	4
4171	4
4172	4
4173	4
4174	4
4175	4
4176	4
4177	4
4178	4
4179	4
4180	4
4181	4
4182	4
4183	4
4184	4
4185	4
4186	4
4187	4
4188	4
4189	4
4190	4
4191	4
4192	4
4193	4
4194	4
4195	4
4196	4
4197	4
4198	4
4199	4
4200	4
4201	4
4202	4
4203	4
4204	4
4205	4
4206	4
4207	4
4208	4
4209	4
4210	4
4211	4
4212	4
4213	4
4214	4
4215	4
4216	4
4217	4
4218	4
4219	4
4220	4
4221	4
4222	4
4223	4
4224	4
4225	4
4226	4
4227	4
4228	4
4229	4
4230	4
4231	4
4232	4
4233	4
4234	4
4235	4
4236	4
4237	4
4238	4
4239	4
4240	4
4241	4
4242	4
4243	4
4244	4
4245	4
4246	4
4247	4
4248	4
4249	4
4250	4
4251	4
4252	4
4253	4
4254	4
4255	4
4256	4
4257	4
4258	4
4259	4
4260	4
4261	4
4262	4
4263	4
4264	4
4265	4
4266	4
4267	4
4268	4
4269	4
4270	4
4271	4
4272	4
4273	4
4274	4
4275	4
4276	4
4277	4
4278	4
4279	4
4280	4
4281	4
4282	4
4283	4
4284	4
4285	4
4286	4
4287	4
4288	4
4289	4
4290	4
4291	4
4292	4
4293	4
4294	4
4295	4
4296	4
4297	4
4298	4
4299	4
4300	4
4301	4
4302	4
4303	4
4304	4
4305	4
4306	4
4307	4
4308	4
4309	4
4310	4
4311	4
4312	4
4313	4
4314	4
4315	4
4316	4
4317	4
4318	4
4319	4
4320	4
4321	4
4322	4
4323	4
4324	4
4325	4
4326	4
4327	4
4328	4
4329	4
4330	4
4331	4
4332	4
4333	4
4334	4
4335	4
4336	4
4337	4
4338	4
4339	4
4340	4
4341	4
4342	4
4343	4
4344	4
4345	4
4346	4
4347	4
4348	4
4349	4
4350	4
4351	4
4352	4
4353	4
4354	4
4355	4
4356	4
4357	4
4358	4
4359	4
4360	4
4361	4
4362	4
4363	4
4364	4
4365	4
4366	4
4367	4
4368	4
4369	4
4370	4
4371	4
4372	4
4373	4
4374	4
4375	4
4376	4
4377	4
4378	4
4379	4
4380	4
4381	4
4382	4
4383	4
4384	4
4385	4
4386	4
4387	4
4388	4
4389	4
4390	4
4391	4
4392	4
4393	4
4394	4
4395	4
4396	4
4397	4
4398	4
4399	4
4400	4
4401	4
4402	4
4403	4
4404	4
4405	4
4406	4
4407	4
4408	4
4409	4
4410	4
4411	4
4412	4
4413	4
4414	4
4415	4
4416	4
4417	4
4418	4
4419	4
4420	4
4421	4
4422	4
4423	4
4424	4
4425	4
4426	4
4427	4
4428	4
4429	4
4430	4
4431	4
4432	4
4433	4
4434	4
4435	4
4436	4
4437	4
4438	4
4439	4
4440	4
4441	4
4442	4
4443	4
4444	4
4445	4
4446	4
4447	4
4448	4
4449	4
4450	4
4451	4
4452	4
4453	4
4454	4
4455	4
4456	4
4457	4
4458	4
4459	4
4460	4
4461	4
4462	4
4463	4
4464	4
4465	4
4466	4
4467	4
4468	4
4469	4
4470	4
4471	4
4472	4
4473	4
4474	4
4475	4
4476	4
4477	4
4478	4
4479	4
4480	4
4481	4
4482	4
4483	4
4484	4
4485	4
4486	4
4487	4
4488	4
4489	4
4490	4
4491	4
4492	4
4493	4
4494	4
4495	4
4496	4
4497	4
4498	4
4499	4
4500	4
4501	4
4502	4
4503	4
4504	4
4505	4
4506	4
4507	4
4508	4
4509	4
4510	4
4511	4
4512	4
4513	4
4514	4
4515	4
4516	4
4517	4
4518	4
4519	4
4520	4
4521	4
4522	4
4523	4
4524	4
4525	4
4526	4
4527	4
4528	4
4529	4
4530	4
4531	4
4532	4
4533	4
4534	4
4535	4
4536	4
4537	4
4538	4
4539	4
4540	4
4541	4
4542	4
4543	4
4544	4
4545	4
4546	4
4547	4
4548	4
4549	4
4550	4
4551	4
4552	4
4553	4
4554	4
4555	4
4556	4
4557	4
4558	4
4559	4
4560	4
4561	4
4562	4
4563	4
4564	4
4565	4
4566	4
4567	4
4568	4
4569	4
4570	4
4571	4
4572	4
4573	4
4574	4
4575	4
4576	4
4577	4
4578	4
4579	4
4580	4
4581	4
4582	4
4583	4
4584	4
4585	4
4586	4
4587	4
4588	4
4589	4
4590	4
4591	4
4592	4
4593	4
4594	4
4595	4
4596	4
4597	4
4598	4
4599	4
4600	4
4601	4
4602	4
4603	4
4604	4
4605	4
4606	4
4607	4
4608	4
4609	4
4610	4
4611	4
4612	4
4613	4
4614	4
4615	4
4616	4
4617	4
4618	4
4619	4
4620	4
4621	4
4622	4
4623	4
4624	4
4625	4
4626	4
4627	4
4628	4
4629	4
4630	4
4631	4
4632	4
4633	4
4634	4
4635	4
4636	4
4637	4
4638	4
4639	4
4640	4
4641	4
4642	4
4643	4
4644	4
4645	4
4646	4
4647	4
4648	4
4649	4
4650	4
4651	4
4652	4
4653	4
4654	4
4655	4
4656	4
4657	4
4658	4
4659	4
4660	4
4661	4
4662	4
4663	4
4664	4
4665	4
4666	4
4667	4
4668	4
4669	4
4670	4
4671	4
4672	4
4673	4
4674	4
4675	4
4676	4
4677	4
4678	4
4679	4
4680	4
4681	4
4682	4
4683	4
4684	4
4685	4
4686	4
4687	4
4688	4
4689	4
4690	4
4691	4
4692	4
4693	4
4694	4
4695	4
4696	4
4697	4
4698	4
4699	4
4700	4
4701	4
4702	4
4703	4
4704	4
4705	4
4706	4
4707	4
4708	4
4709	4
4710	4
4711	4
4712	4
4713	4
4714	4
4715	4
4716	4
4717	4
4718	4
4719	4
4720	4
4721	4
4722	4
4723	4
4724	4
4725	4
4726	4
4727	4
4728	4
4729	4
4730	4
4731	4
4732	4
4733	4
4734	4
4735	4
4736	4
4737	4
4738	4
4739	4
4740	4
4741	4
4742	4
4743	4
4744	4
4745	4
4746	4
4747	4
4748	4
4749	4
4750	5
4751	5
4752	5
4753	5
4754	5
4755	5
4756	5
4757	5
4758	5
4759	5
4760	5
4761	5
4762	5
4763	5
4764	5
4765	5
4766	5
4767	5
4768	5
4769	5
4770	5
4771	5
4772	5
4773	5
4774	5
4775	5
4776	5
4777	5
4778	5
4779	5
4780	5
4781	5
4782	5
4783	5
4784	5
4785	5
4786	5
4787	5
4788	5
4789	5
4790	5
4791	5
4792	5
4793	5
4794	5
4795	5
4796	5
4797	5
4798	5
4799	5
4800	5
4801	5
4802	5
4803	5
4804	5
4805	5
4806	5
4807	5
4808	6
4809	6
4810	6
4811	6
4812	6
4813	6
4814	6
4815	6
4816	6
4817	6
4818	6
4819	6
4820	6
4821	6
4822	6
4823	6
4824	6
4825	6
4826	6
4827	6
4828	6
4829	6
4830	6
4831	6
4832	6
4833	7
4834	7
4835	7
4836	7
4837	7
4838	7
4839	7
4840	7
4841	7
4842	7
4843	7
4844	7
4845	7
4846	7
4847	7
4848	7
4849	7
4850	7
4851	7
4852	7
4853	7
4854	7
4855	7
4856	7
4857	7
4858	7
4859	7
4860	7
4861	7
4862	7
4863	7
4864	7
4865	7
4866	7
4867	7
4868	7
4869	7
4870	7
4871	7
4872	7
4873	7
4874	7
4875	7
4876	7
4877	7
4878	7
4879	7
4880	7
4881	7
4882	7
4883	7
4884	7
4885	7
4886	7
4887	7
4888	7
4889	7
4890	7
4891	7
4892	7
4893	7
4894	7
4895	7
4896	7
4897	7
4898	7
4899	7
4900	7
4901	7
4902	7
4903	7
4904	7
4905	7
4906	7
4907	7
4908	7
4909	7
4910	7
4911	7
4912	8
4913	8
4914	8
4915	8
4916	8
4917	8
4918	8
4919	8
4920	8
4921	8
4922	8
4923	8
4924	8
4925	8
4926	8
4927	8
4928	8
4929	8
4930	8
4931	8
4932	8
4933	8
4934	8
4935	8
4936	8
4937	8
4938	8
4939	8
4940	8
4941	8
4942	8
4943	8
4944	8
4945	8
4946	8
4947	8
4948	8
4949	8
4950	8
4951	8
4952	8
4953	8
4954	8
4955	8
4956	8
4957	8
4958	8
4959	8
4960	8
4961	8
4962	8
4963	8
4964	8
4965	8
4966	8
4967	8
4968	8
4969	8
4970	8
4971	8
4972	8
4973	8
4974	8
4975	8
4976	8
4977	8
4978	8
4979	8
4980	8
4981	8
4982	8
4983	8
4984	8
4985	8
4986	8
4987	8
4988	8
4989	8
4990	8
4991	8
4992	8
4993	8
4994	8
4995	8
4996	8
4997	8
4998	8
4999	8
5000	8
5001	8
5002	8
5003	8
5004	8
5005	8
5006	8
5007	8
5008	8
5009	8
5010	8
5011	8
5012	8
5013	8
5014	8
5015	8
5016	8
5017	8
5018	8
5019	8
5020	8
5021	8
5022	8
5023	8
5024	8
5025	8
5026	8
5027	8
5028	8
5029	8
5030	8
5031	8
5032	8
5033	8
5034	8
5035	8
5036	8
5037	8
5038	8
5039	8
5040	8
5041	8
5042	8
5043	8
5044	8
5045	8
5046	8
5047	8
5048	8
5049	8
5050	8
5051	8
5052	8
5053	8
5054	8
5055	8
5056	8
5057	8
5058	8
5059	8
5060	8
5061	8
5062	8
5063	8
5064	8
5065	8
5066	8
5067	8
5068	8
5069	8
5070	8
5071	8
5072	8
5073	8
5074	8
5075	8
5076	8
5077	8
5078	8
5079	8
5080	8
5081	8
5082	8
5083	8
5084	8
5085	8
5086	8
5087	8
5088	8
5089	8
5090	8
5091	8
5092	8
5093	8
5094	8
5095	8
5096	8
5097	8
5098	8
5099	8
5100	8
5101	8
5102	8
5103	8
5104	8
5105	8
5106	8
5107	8
5108	8
5109	8
5110	8
5111	8
5112	8
5113	8
5114	8
5115	8
5116	8
5117	8
5118	8
5119	8
5120	8
5121	8
5122	8
5123	8
5124	8
5125	8
5126	8
5127	8
5128	8
5129	8
5130	8
5131	8
5132	8
5133	8
5134	8
5135	8
5136	8
5137	9
5138	9
5139	9
5140	9
5141	9
5142	9
5143	9
5144	9
5145	9
5146	9
5147	9
5148	9
5149	9
5150	9
5151	9
5152	9
5153	9
5154	9
5155	9
5156	9
5157	9
5158	9
5159	9
5160	9
5161	9
5162	9
5163	9
5164	9
5165	9
5166	9
5167	9
5168	9
5169	9
5170	9
5171	9
5172	9
5173	9
5174	9
5175	9
5176	9
5177	9
5178	9
5179	9
5180	9
5181	9
5182	9
5183	9
5184	9
5185	9
5186	9
5187	9
5188	9
5189	9
5190	9
5191	9
5192	9
5193	9
5194	9
5195	9
5196	9
5197	9
5198	9
5199	9
5200	9
5201	9
5202	9
5203	9
5204	9
5205	9
5206	9
5207	9
5208	9
5209	9
5210	9
5211	9
5212	9
5213	9
5214	9
5215	9
5216	9
5217	9
5218	9
5219	9
5220	9
5221	9
5222	9
5223	9
5224	9
5225	9
5226	9
5227	9
5228	9
5229	9
5230	9
5231	9
5232	9
5233	9
5234	9
5235	9
5236	9
5237	9
5238	9
5239	9
5240	9
5241	9
5242	9
5243	9
5244	9
5245	9
5246	9
5247	9
5248	9
5249	9
5250	9
5251	9
5252	9
5253	9
5254	9
5255	9
5256	9
5257	9
5258	9
5259	9
5260	9
5261	9
5262	9
5263	9
5264	9
5265	9
5266	9
5267	9
5268	9
5269	9
5270	9
5271	9
5272	9
5273	9
5274	9
5275	9
5276	9
5277	9
5278	9
5279	9
5280	9
5281	9
5282	9
5283	9
5284	9
5285	9
5286	9
5287	9
5288	9
5289	9
5290	9
5291	9
5292	9
5293	9
5294	9
5295	9
5296	9
5297	9
5298	9
5299	9
5300	9
5301	9
5302	9
5303	9
5304	9
5305	9
5306	9
5307	9
5308	9
5309	9
5310	9
5311	9
5312	9
5313	9
5314	9
5315	9
5316	9
5317	9
5318	9
5319	9
5320	9
5321	9
5322	9
5323	9
5324	9
5325	9
5326	9
5327	9
5328	9
5329	9
5330	9
5331	9
5332	9
5333	9
5334	9
5335	9
5336	9
5337	9
5338	9
5339	9
5340	9
5341	9
5342	9
5343	9
5344	9
5345	9
5346	9
5347	9
5348	9
5349	9
5350	9
5351	9
5352	9
5353	9
5354	9
5355	9
5356	9
5357	9
5358	9
5359	9
5360	9
5361	9
5362	9
5363	9
5364	9
5365	9
5366	9
5367	9
5368	9
5369	9
5370	9
5371	9
5372	9
5373	9
5374	9
5375	9
5376	9
5377	9
5378	9
5379	9
5380	9
5381	9
5382	9
5383	9
5384	9
5385	9
5386	10
5387	10
5388	10
5389	10
5390	10
5391	10
5392	10
5393	10
5394	10
5395	10
5396	10
5397	10
5398	10
5399	10
5400	10
5401	10
5402	10
5403	10
5404	10
5405	10
5406	10
5407	10
5408	10
5409	10
5410	10
5411	10
5412	10
5413	10
5414	10
5415	10
5416	10
5417	10
5418	10
5419	10
5420	10
5421	10
5422	10
5423	10
5424	10
5425	10
5426	10
5427	10
5428	10
5429	10
5430	10
5431	10
5432	10
5433	10
5434	10
5435	10
5436	10
5437	10
5438	10
5439	10
5440	10
5441	10
5442	10
5443	10
5444	10
5445	10
5446	10
5447	10
5448	10
5449	10
5450	10
5451	10
5452	10
5453	10
5454	10
5455	10
5456	10
5457	10
5458	10
5459	10
5460	10
5461	10
5462	10
5463	10
5464	10
5465	10
5466	10
5467	10
5468	10
5469	10
5470	10
5471	10
5472	10
5473	10
5474	10
5475	10
5476	10
5477	10
5478	10
5479	10
5480	10
5481	11
5482	11
5483	11
5484	11
5485	11
5486	11
5487	11
5488	11
5489	11
5490	11
5491	11
5492	11
5493	11
5494	11
5495	11
5496	11
5497	11
5498	11
5499	11
5500	11
5501	11
5502	11
5503	11
5504	11
5505	11
5506	11
5507	11
5508	11
5509	11
5510	11
5511	11
5512	11
5513	11
5514	11
5515	11
5516	11
5517	11
5518	11
5519	11
5520	11
5521	11
5522	11
5523	11
5524	11
5525	11
5526	11
5527	11
5528	11
5529	11
5530	11
5531	11
5532	11
5533	11
5534	11
5535	11
5536	11
5537	11
5538	11
5539	11
5540	11
5541	11
5542	11
5543	11
5544	11
5545	11
5546	11
5547	11
5548	11
5549	11
5550	11
5551	11
5552	11
5553	11
5554	11
5555	11
5556	11
5557	11
5558	11
5559	11
5560	11
5561	11
5562	11
5563	11
5564	11
5565	11
5566	11
5567	11
5568	11
5569	11
5570	11
5571	11
5572	11
5573	11
5574	11
5575	11
5576	11
5577	11
5578	11
5579	11
5580	11
5581	11
5582	11
5583	11
5584	11
5585	11
5586	11
5587	11
5588	11
5589	11
5590	11
5591	11
5592	11
5593	11
5594	11
5595	11
5596	11
5597	11
5598	11
5599	11
5600	11
5601	11
5602	11
5603	11
5604	11
5605	11
5606	11
5607	11
5608	11
5609	11
5610	11
5611	11
5612	11
5613	11
5614	11
5615	11
5616	11
5617	11
5618	11
5619	11
5620	11
5621	11
5622	11
5623	11
5624	11
5625	11
5626	11
5627	11
5628	11
5629	11
5630	11
5631	11
5632	11
5633	11
5634	11
5635	11
5636	11
5637	11
5638	11
5639	11
5640	11
5641	11
5642	11
5643	11
5644	11
5645	11
5646	11
5647	11
5648	11
5649	11
5650	11
5651	11
5652	11
5653	11
5654	11
5655	11
5656	11
5657	11
5658	11
5659	11
5660	11
5661	11
5662	11
5663	11
5664	11
5665	11
5666	11
5667	11
5668	11
5669	11
5670	11
5671	11
5672	11
5673	11
5674	11
5675	11
5676	11
5677	11
5678	11
5679	11
5680	11
5681	11
5682	11
5683	11
5684	11
5685	11
5686	11
5687	11
5688	11
5689	11
5690	11
5691	11
5692	11
5693	11
5694	11
5695	11
5696	11
5697	11
5698	11
5699	11
5700	11
5701	11
5702	11
5703	11
5704	11
5705	11
5706	11
5707	11
5708	11
5709	11
5710	11
5711	11
5712	11
5713	11
5714	11
5715	11
5716	11
5717	11
5718	11
5719	11
5720	11
5721	11
5722	11
5723	11
5724	11
5725	11
5726	11
5727	11
5728	11
5729	11
5730	11
5731	11
5732	11
5733	11
5734	11
5735	11
5736	11
5737	11
5738	11
5739	11
5740	11
5741	11
5742	11
5743	11
5744	11
5745	11
5746	11
5747	11
5748	11
5749	11
5750	11
5751	11
5752	11
5753	11
5754	11
5755	11
5756	11
5757	11
5758	11
5759	11
5760	11
5761	11
5762	11
5763	11
5764	11
5765	11
5766	11
5767	11
5768	11
5769	11
5770	11
5771	11
5772	11
5773	11
5774	11
5775	11
5776	11
5777	11
5778	11
5779	11
5780	11
5781	11
5782	11
5783	11
5784	11
5785	11
5786	11
5787	11
5788	11
5789	11
5790	11
5791	11
5792	11
5793	11
5794	11
5795	11
5796	11
5797	11
5798	11
5799	11
5800	11
5801	11
5802	11
5803	11
5804	11
5805	11
5806	11
5807	11
5808	11
5809	11
5810	11
5811	11
5812	11
5813	11
5814	11
5815	11
5816	11
5817	11
5818	11
5819	11
5820	11
5821	11
5822	11
5823	11
5824	11
5825	11
5826	11
5827	11
5828	11
5829	11
5830	11
5831	11
5832	11
5833	11
5834	11
5835	11
5836	11
5837	11
5838	11
5839	11
5840	11
5841	11
5842	11
5843	11
5844	11
5845	11
5846	11
5847	11
5848	11
5849	11
5850	11
5851	11
5852	11
5853	11
5854	11
5855	11
5856	11
5857	11
5858	11
5859	11
5860	11
5861	11
5862	11
5863	11
5864	11
5865	11
5866	11
5867	11
5868	11
5869	11
5870	11
5871	11
5872	11
5873	11
5874	11
5875	11
5876	11
5877	11
5878	11
5879	11
5880	11
5881	11
5882	11
5883	11
5884	11
5885	11
5886	11
5887	11
5888	11
5889	11
5890	11
5891	11
5892	11
5893	11
5894	11
5895	11
5896	11
5897	11
5898	11
5899	11
5900	11
5901	11
5902	11
5903	11
5904	11
5905	11
5906	11
5907	11
5908	11
5909	11
5910	11
5911	11
5912	11
5913	11
5914	11
5915	11
5916	11
5917	11
5918	11
5919	11
5920	11
5921	11
5922	11
5923	11
5924	11
5925	11
5926	11
5927	11
5928	11
5929	11
5930	11
5931	11
5932	11
5933	11
5934	11
5935	11
5936	11
5937	11
5938	11
5939	11
5940	11
5941	11
5942	11
5943	11
5944	11
5945	11
5946	11
5947	11
5948	11
5949	11
5950	11
5951	11
5952	11
5953	11
5954	11
5955	11
5956	11
5957	11
5958	11
5959	11
5960	11
5961	11
5962	11
5963	11
5964	11
5965	11
5966	11
5967	11
5968	11
5969	11
5970	11
5971	11
5972	11
5973	11
5974	11
5975	11
5976	11
5977	11
5978	11
5979	11
5980	11
5981	11
5982	11
5983	11
5984	11
5985	11
5986	11
5987	11
5988	11
5989	11
5990	11
5991	11
5992	11
5993	11
5994	11
5995	11
5996	11
5997	11
5998	11
5999	11
6000	11
6001	11
6002	11
6003	11
6004	11
6005	11
6006	11
6007	11
6008	11
6009	11
6010	11
6011	11
6012	11
6013	11
6014	11
6015	11
6016	11
6017	11
6018	11
6019	11
6020	11
6021	11
6022	11
6023	11
6024	11
6025	11
6026	11
6027	11
6028	11
6029	11
6030	11
6031	11
6032	11
6033	11
6034	11
6035	11
6036	11
6037	11
6038	11
6039	11
6040	11
6041	11
6042	11
6043	11
6044	11
6045	11
6046	11
6047	11
6048	11
6049	11
6050	11
6051	11
6052	11
6053	11
6054	11
6055	11
6056	11
6057	11
6058	11
6059	11
6060	11
6061	11
6062	11
6063	11
6064	11
6065	11
6066	11
6067	11
6068	11
6069	11
6070	11
6071	11
6072	11
6073	11
6074	11
6075	11
6076	11
6077	11
6078	11
6079	11
6080	11
6081	11
6082	11
6083	11
6084	11
6085	11
6086	11
6087	11
6088	11
6089	11
6090	11
6091	11
6092	11
6093	11
6094	11
6095	11
6096	11
6097	11
6098	11
6099	11
6100	11
6101	11
6102	11
6103	11
6104	11
6105	11
6106	11
6107	11
6108	11
6109	11
6110	11
6111	11
6112	11
6113	11
6114	11
6115	11
6116	11
6117	11
6118	11
6119	11
6120	11
6121	11
6122	11
6123	11
6124	11
6125	11
6126	11
6127	11
6128	11
6129	11
6130	11
6131	11
6132	11
6133	11
6134	11
6135	11
6136	11
6137	11
6138	11
6139	11
6140	11
6141	11
6142	11
6143	11
6144	11
6145	11
6146	11
6147	11
6148	11
6149	11
6150	11
6151	11
6152	11
6153	11
6154	11
6155	11
6156	11
6157	11
6158	11
6159	11
6160	11
6161	11
6162	11
6163	11
6164	11
6165	11
6166	11
6167	11
6168	11
6169	11
6170	11
6171	11
6172	11
6173	11
6174	11
6175	11
6176	11
6177	11
6178	11
6179	11
6180	11
6181	11
6182	11
6183	11
6184	11
6185	11
6186	11
6187	11
6188	11
6189	11
6190	11
6191	11
6192	12
6193	12
6194	12
6195	12
6196	12
6197	12
6198	12
6199	12
6200	12
6201	12
6202	12
6203	12
6204	12
6205	12
6206	12
6207	12
6208	12
6209	12
6210	12
6211	12
6212	12
6213	12
6214	12
6215	12
6216	12
6217	12
6218	12
6219	12
6220	12
6221	12
6222	12
6223	12
6224	12
6225	12
6226	12
6227	12
6228	12
6229	12
6230	12
6231	12
6232	12
6233	12
6234	12
6235	12
6236	12
6237	12
6238	12
6239	12
6240	12
6241	12
6242	12
6243	12
6244	12
6245	12
6246	12
6247	12
6248	12
6249	12
6250	12
6251	12
6252	12
6253	12
6254	12
6255	12
6256	12
6257	12
6258	12
6259	12
6260	12
6261	12
6262	12
6263	12
6264	12
6265	12
6266	12
6267	12
6268	12
6269	12
6270	12
6271	12
6272	12
6273	12
6274	12
6275	12
6276	12
6277	12
6278	12
6279	12
6280	12
6281	12
6282	12
6283	12
6284	12
6285	12
6286	12
6287	13
6288	13
6289	13
6290	13
6291	13
6292	13
6293	13
6294	13
6295	13
6296	13
6297	13
6298	13
6299	13
6300	13
6301	13
6302	13
6303	13
6304	13
6305	13
6306	14
6307	14
6308	14
6309	14
6310	14
6311	14
6312	14
6313	14
6314	14
6315	14
6316	14
6317	14
6318	14
6319	14
6320	14
6321	14
6322	14
6323	14
6324	14
6325	14
6326	14
6327	14
6328	14
6329	14
6330	14
6331	14
6332	14
6333	14
6334	14
6335	14
6336	14
6337	14
6338	14
6339	14
6340	14
6341	14
6342	14
6343	14
6344	14
6345	14
6346	14
6347	14
6348	14
6349	14
6350	14
6351	14
6352	14
6353	14
6354	14
6355	14
6356	14
6357	14
6358	14
6359	14
6360	14
6361	14
6362	14
6363	14
6364	14
6365	14
6366	14
6367	14
6368	14
6369	14
6370	14
6371	14
6372	14
6373	14
6374	14
6375	14
6376	14
6377	14
6378	14
6379	14
6380	14
6381	14
6382	14
6383	14
6384	14
6385	14
6386	14
6387	14
6388	14
6389	14
6390	14
6391	14
6392	14
6393	14
6394	14
6395	14
6396	14
6397	14
6398	14
6399	14
6400	14
6401	14
6402	14
6403	14
6404	14
6405	14
6406	14
6407	14
6408	14
6409	14
6410	14
6411	14
6412	14
6413	14
6414	14
6415	14
6416	14
6417	14
6418	14
6419	14
6420	14
6421	14
6422	14
6423	14
6424	14
6425	14
6426	14
6427	14
6428	14
6429	14
6430	14
6431	14
6432	14
6433	14
6434	14
6435	14
6436	14
6437	14
6438	14
6439	14
6440	14
6441	14
6442	14
6443	14
6444	14
6445	14
6446	14
6447	14
6448	14
6449	14
6450	14
6451	14
6452	14
6453	14
6454	14
6455	14
6456	14
6457	14
6458	14
6459	14
6460	14
6461	14
6462	14
6463	14
6464	14
6465	14
6466	14
6467	14
6468	14
6469	14
6470	14
6471	14
6472	14
6473	14
6474	14
6475	14
6476	14
6477	14
6478	14
6479	14
6480	14
6481	14
6482	14
6483	14
6484	14
6485	14
6486	14
6487	14
6488	14
6489	14
6490	14
6491	14
6492	14
6493	14
6494	14
6495	14
6496	14
6497	14
6498	14
6499	14
6500	14
6501	14
6502	14
6503	14
6504	14
6505	14
6506	14
6507	14
6508	14
6509	14
6510	14
6511	14
6512	14
6513	14
6514	14
6515	14
6516	14
6517	14
6518	14
6519	14
6520	14
6521	14
6522	14
6523	14
6524	14
6525	14
6526	14
6527	14
6528	14
6529	14
6530	14
6531	14
6532	14
6533	14
6534	14
6535	14
6536	14
6537	14
6538	14
6539	14
6540	14
6541	14
6542	14
6543	14
6544	14
6545	14
6546	14
6547	14
6548	14
6549	14
6550	14
6551	14
6552	14
6553	14
6554	14
6555	14
6556	14
6557	14
6558	14
6559	14
6560	14
6561	14
6562	14
6563	14
6564	14
6565	14
6566	14
6567	14
6568	14
6569	14
6570	14
6571	14
6572	14
6573	14
6574	14
6575	14
6576	14
6577	14
6578	14
6579	14
6580	14
6581	14
6582	14
6583	14
6584	14
6585	14
6586	14
6587	14
6588	14
6589	14
6590	14
6591	14
6592	14
6593	14
6594	14
6595	14
6596	14
6597	14
6598	14
6599	14
6600	14
6601	14
6602	14
6603	14
6604	14
6605	14
6606	14
6607	14
6608	14
6609	14
6610	14
6611	14
6612	14
6613	14
6614	14
6615	14
6616	14
6617	14
6618	14
6619	14
6620	14
6621	14
6622	14
6623	14
6624	14
6625	14
6626	14
6627	14
6628	14
6629	14
6630	14
6631	14
6632	14
6633	14
6634	14
6635	14
6636	14
6637	14
6638	14
6639	14
6640	14
6641	14
6642	14
6643	14
6644	14
6645	14
6646	14
6647	14
6648	14
6649	14
6650	14
6651	14
6652	14
6653	14
6654	14
6655	14
6656	14
6657	14
6658	14
6659	14
6660	14
6661	14
6662	14
6663	14
6664	14
6665	14
6666	14
6667	14
6668	14
6669	14
6670	14
6671	14
6672	14
6673	14
6674	14
6675	14
6676	14
6677	14
6678	14
6679	14
6680	14
6681	14
6682	14
6683	14
6684	14
6685	14
6686	14
6687	14
6688	14
6689	14
6690	14
6691	14
6692	14
6693	14
6694	14
6695	14
6696	14
6697	14
6698	14
6699	14
6700	14
6701	14
6702	14
6703	14
6704	14
6705	14
6706	14
6707	14
6708	14
6709	14
6710	14
6711	14
6712	14
6713	14
6714	14
6715	14
6716	14
6717	14
6718	14
6719	14
6720	14
6721	14
6722	14
6723	14
6724	14
6725	14
6726	14
6727	14
6728	14
6729	14
6730	14
6731	14
6732	14
6733	14
6734	14
6735	14
6736	14
6737	14
6738	14
6739	14
6740	14
6741	14
6742	14
6743	14
6744	14
6745	14
6746	14
6747	14
6748	14
6749	14
6750	14
6751	14
6752	14
6753	14
6754	14
6755	14
6756	14
6757	14
6758	14
6759	14
6760	14
6761	14
6762	14
6763	14
6764	14
6765	14
6766	14
6767	14
6768	14
6769	14
6770	14
6771	14
6772	14
6773	14
6774	14
6775	14
6776	14
6777	14
6778	14
6779	14
6780	14
6781	14
6782	14
6783	14
6784	14
6785	14
6786	14
6787	14
6788	14
6789	14
6790	14
6791	14
6792	14
6793	14
6794	14
6795	14
6796	14
6797	14
6798	14
6799	14
6800	14
6801	14
6802	14
6803	14
6804	14
6805	14
6806	14
6807	14
6808	14
6809	14
6810	14
6811	14
6812	14
6813	14
6814	14
6815	14
6816	14
6817	14
6818	14
6819	14
6820	14
6821	14
6822	14
6823	14
6824	14
6825	14
6826	14
6827	14
6828	14
6829	14
6830	14
6831	14
6832	14
6833	14
6834	14
6835	14
6836	14
6837	14
6838	14
6839	14
6840	14
6841	14
6842	14
6843	14
6844	14
6845	14
6846	14
6847	14
6848	14
6849	14
6850	14
6851	14
6852	14
6853	14
6854	14
6855	14
6856	14
6857	14
6858	14
6859	14
6860	14
6861	14
6862	14
6863	14
6864	14
6865	14
6866	14
6867	14
6868	14
6869	14
6870	14
6871	14
6872	14
6873	14
6874	14
6875	14
6876	14
6877	14
6878	14
6879	14
6880	14
6881	14
6882	14
6883	14
6884	14
6885	14
6886	14
6887	14
6888	14
6889	14
6890	14
6891	14
6892	14
6893	14
6894	14
6895	14
6896	14
6897	14
6898	14
6899	14
6900	14
6901	14
6902	14
6903	14
6904	14
6905	14
6906	14
6907	14
6908	14
6909	14
6910	14
6911	14
6912	14
6913	14
6914	14
6915	14
6916	14
6917	14
6918	14
6919	14
6920	14
6921	14
6922	14
6923	14
6924	14
6925	14
6926	14
6927	14
6928	14
6929	14
6930	14
6931	14
6932	14
6933	14
6934	14
6935	14
6936	14
6937	14
6938	14
6939	14
6940	14
6941	14
6942	14
6943	14
6944	14
6945	14
6946	14
6947	14
6948	14
6949	14
6950	14
6951	14
6952	14
6953	14
6954	14
6955	15
6956	15
6957	15
6958	15
6959	15
6960	15
6961	15
6962	15
6963	15
6964	15
6965	15
6966	15
6967	15
6968	15
6969	15
6970	15
6971	15
6972	15
6973	15
6974	15
6975	15
6976	15
6977	15
6978	15
6979	15
6980	15
6981	15
6982	15
6983	15
6984	15
6985	15
6986	15
6987	15
6988	15
6989	15
6990	15
6991	15
6992	15
6993	15
6994	15
6995	15
6996	15
6997	15
6998	15
6999	15
7000	15
7001	15
7002	15
7003	15
7004	15
7005	15
7006	15
7007	15
7008	15
7009	15
7010	15
7011	15
7012	15
7013	15
7014	15
7015	15
7016	15
7017	15
7018	15
7019	15
7020	15
7021	15
7022	15
7023	15
7024	15
7025	15
7026	15
7027	15
7028	15
7029	15
7030	15
7031	15
7032	15
7033	15
7034	15
7035	15
7036	15
7037	15
7038	15
7039	15
7040	15
7041	15
7042	15
7043	15
7044	15
7045	15
7046	15
7047	15
7048	15
7049	15
7050	15
7051	15
7052	15
7053	15
7054	15
7055	15
7056	15
7057	15
7058	15
7059	15
7060	15
7061	15
7062	15
7063	15
7064	15
7065	15
7066	15
7067	15
7068	15
7069	15
7070	15
7071	15
7072	15
7073	15
7074	15
7075	15
7076	15
7077	15
7078	15
7079	15
7080	15
7081	15
7082	15
7083	15
7084	15
7085	15
7086	15
7087	15
7088	15
7089	15
7090	15
7091	15
7092	15
7093	15
7094	15
7095	15
7096	15
7097	15
7098	15
7099	15
7100	15
7101	15
7102	15
7103	15
7104	15
7105	15
7106	15
7107	15
7108	15
7109	15
7110	15
7111	15
7112	15
7113	15
7114	15
7115	15
7116	15
7117	15
7118	15
7119	15
7120	15
7121	15
7122	15
7123	15
7124	15
7125	15
7126	15
7127	15
7128	15
7129	15
7130	15
7131	15
7132	15
7133	15
7134	15
7135	15
7136	15
7137	15
7138	15
7139	15
7140	15
7141	15
7142	15
7143	15
7144	15
7145	15
7146	15
7147	15
7148	15
7149	15
7150	15
7151	15
7152	15
7153	15
7154	15
7155	15
7156	15
7157	15
7158	15
7159	15
7160	15
7161	15
7162	15
7163	15
7164	15
7165	15
7166	15
7167	15
7168	15
7169	15
7170	15
7171	15
7172	15
7173	15
7174	15
7175	15
7176	15
7177	15
7178	15
7179	15
7180	15
7181	15
7182	15
7183	15
7184	15
7185	15
7186	15
7187	15
7188	15
7189	15
7190	15
7191	15
7192	15
7193	15
7194	15
7195	15
7196	15
7197	15
7198	15
7199	15
7200	15
7201	15
7202	15
7203	15
7204	15
7205	15
7206	15
7207	15
7208	15
7209	15
7210	15
7211	15
7212	15
7213	15
7214	15
7215	15
7216	15
7217	15
7218	15
7219	15
7220	15
7221	15
7222	15
7223	15
7224	15
7225	15
7226	15
7227	15
7228	15
7229	15
7230	15
7231	15
7232	15
7233	15
7234	15
7235	15
7236	15
7237	15
7238	15
7239	15
7240	15
7241	15
7242	15
7243	15
7244	15
7245	15
7246	15
7247	15
7248	15
7249	15
7250	15
7251	15
7252	15
7253	15
7254	15
7255	15
7256	15
7257	15
7258	15
7259	15
7260	15
7261	15
7262	15
7263	15
7264	15
7265	15
7266	15
7267	15
7268	15
7269	15
7270	15
7271	15
7272	15
7273	15
7274	15
7275	15
7276	15
7277	15
7278	15
7279	15
7280	15
7281	15
7282	15
7283	15
7284	15
7285	15
7286	15
7287	15
7288	15
7289	15
7290	15
7291	15
7292	15
7293	15
7294	15
7295	15
7296	15
7297	15
7298	15
7299	15
7300	15
7301	15
7302	15
7303	15
7304	15
7305	15
7306	15
7307	15
7308	15
7309	15
7310	15
7311	15
7312	15
7313	15
7314	15
7315	15
7316	15
7317	15
7318	15
7319	15
7320	15
7321	15
7322	15
7323	15
7324	15
7325	15
7326	15
7327	15
7328	15
7329	15
7330	15
7331	15
7332	15
7333	15
7334	15
7335	15
7336	15
7337	15
7338	15
7339	15
7340	15
7341	15
7342	15
7343	15
7344	15
7345	15
7346	15
7347	15
7348	15
7349	15
7350	15
7351	15
7352	15
7353	15
7354	15
7355	15
7356	15
7357	15
7358	15
7359	15
7360	15
7361	15
7362	15
7363	15
7364	15
7365	15
7366	15
7367	15
7368	15
7369	15
7370	15
7371	15
7372	15
7373	15
7374	15
7375	15
7376	15
7377	15
7378	15
7379	15
7380	15
7381	15
7382	15
7383	15
7384	15
7385	15
7386	15
7387	15
7388	15
7389	15
7390	15
7391	15
7392	15
7393	15
7394	15
7395	15
7396	15
7397	15
7398	15
7399	15
7400	15
7401	15
7402	15
7403	15
7404	15
7405	15
7406	15
7407	15
7408	15
7409	15
7410	15
7411	15
7412	15
7413	15
7414	15
7415	15
7416	15
7417	15
7418	15
7419	15
7420	15
7421	15
7422	15
7423	15
7424	15
7425	15
7426	15
7427	15
7428	15
7429	15
7430	15
7431	15
7432	15
7433	15
7434	15
7435	15
7436	15
7437	15
7438	15
7439	15
7440	15
7441	15
7442	15
7443	15
7444	15
7445	15
7446	15
7447	15
7448	15
7449	15
7450	15
7451	15
7452	15
7453	15
7454	15
7455	15
7456	15
7457	15
7458	15
7459	15
7460	15
7461	15
7462	15
7463	15
7464	15
7465	15
7466	15
7467	15
7468	15
7469	15
7470	15
7471	15
7472	15
7473	15
7474	15
7475	15
7476	15
7477	15
7478	15
7479	15
7480	15
7481	15
7482	15
7483	15
7484	15
7485	15
7486	15
7487	15
7488	15
7489	15
7490	15
7491	15
7492	15
7493	15
7494	15
7495	15
7496	15
7497	15
7498	15
7499	15
7500	15
7501	15
7502	15
7503	15
7504	15
7505	15
7506	15
7507	15
7508	15
7509	15
7510	15
7511	15
7512	15
7513	15
7514	15
7515	15
7516	15
7517	15
7518	15
7519	15
7520	15
7521	15
7522	15
7523	15
7524	15
7525	15
7526	15
7527	15
7528	15
7529	15
7530	15
7531	15
7532	15
7533	15
7534	15
7535	15
7536	15
7537	15
7538	15
7539	15
7540	15
7541	15
7542	15
7543	15
7544	15
7545	15
7546	15
7547	15
7548	15
7549	15
7550	15
7551	15
7552	15
7553	15
7554	15
7555	15
7556	15
7557	15
7558	15
7559	15
7560	15
7561	15
7562	15
7563	15
7564	15
7565	15
7566	15
7567	15
7568	15
7569	15
7570	15
7571	15
7572	15
7573	15
7574	15
7575	15
7576	15
7577	15
7578	15
7579	15
7580	15
7581	15
7582	15
7583	15
7584	15
7585	15
7586	15
7587	15
7588	15
7589	15
7590	15
7591	15
7592	15
7593	15
7594	15
7595	15
7596	15
7597	15
7598	15
7599	15
7600	15
7601	15
7602	15
7603	15
7604	15
7605	15
7606	15
7607	15
7608	15
7609	15
7610	15
7611	15
7612	15
7613	15
7614	15
7615	15
7616	15
7617	15
7618	15
7619	15
7620	15
7621	15
7622	15
7623	15
7624	15
7625	15
7626	15
7627	15
7628	15
7629	15
7630	15
7631	15
7632	15
7633	15
7634	15
7635	15
7636	15
7637	15
7638	15
7639	15
7640	15
7641	15
7642	15
7643	15
7644	15
7645	15
7646	15
7647	15
7648	15
7649	15
7650	15
7651	15
7652	15
7653	15
7654	15
7655	15
7656	15
7657	15
7658	15
7659	15
7660	15
7661	15
7662	15
7663	15
7664	15
7665	15
7666	15
7667	15
7668	15
7669	15
7670	15
7671	15
7672	15
7673	15
7674	15
7675	15
7676	15
7677	15
7678	15
7679	15
7680	15
7681	15
7682	15
7683	15
7684	15
7685	15
7686	15
7687	15
7688	15
7689	15
7690	15
7691	15
7692	15
7693	15
7694	15
7695	15
7696	15
7697	15
7698	15
7699	15
7700	15
7701	15
7702	15
7703	15
7704	15
7705	15
7706	15
7707	15
7708	15
7709	15
7710	15
7711	15
7712	15
7713	15
7714	15
7715	15
7716	15
7717	15
7718	15
7719	15
7720	15
7721	15
7722	15
7723	15
7724	15
7725	15
7726	15
7727	15
7728	15
7729	15
7730	15
7731	15
7732	15
7733	15
7734	15
7735	15
7736	15
7737	15
7738	15
7739	15
7740	15
7741	15
7742	15
7743	15
7744	15
7745	15
7746	15
7747	15
7748	15
7749	15
7750	15
7751	15
7752	15
7753	15
7754	15
7755	15
7756	15
7757	15
7758	15
7759	15
7760	15
7761	15
7762	15
7763	15
7764	15
7765	15
7766	15
7767	15
7768	15
7769	15
7770	15
7771	15
7772	15
7773	15
7774	15
7775	15
7776	15
7777	15
7778	15
7779	15
7780	15
7781	15
7782	15
7783	15
7784	15
7785	15
7786	15
7787	15
7788	15
7789	15
7790	15
7791	15
7792	15
7793	15
7794	15
7795	15
7796	15
7797	15
7798	15
7799	15
7800	15
7801	15
7802	15
7803	15
7804	15
7805	15
7806	15
7807	15
7808	15
7809	15
7810	15
7811	15
7812	15
7813	15
7814	15
7815	15
7816	15
7817	15
7818	15
7819	15
7820	15
7821	15
7822	15
7823	15
7824	15
7825	15
7826	15
7827	15
7828	15
7829	15
7830	15
7831	15
7832	15
7833	15
7834	15
7835	15
7836	15
7837	15
7838	15
7839	15
7840	15
7841	15
7842	15
7843	15
7844	15
7845	15
7846	15
7847	15
7848	15
7849	15
7850	15
7851	15
7852	15
7853	15
7854	15
7855	15
7856	15
7857	15
7858	15
7859	15
7860	15
7861	15
7862	15
7863	15
7864	15
7865	15
7866	15
7867	15
7868	15
7869	15
7870	15
7871	15
7872	15
7873	15
7874	15
7875	15
7876	15
7877	15
7878	15
7879	15
7880	15
7881	15
7882	15
7883	15
7884	15
7885	15
7886	15
7887	15
7888	15
7889	15
7890	15
7891	15
7892	15
7893	15
7894	15
7895	15
7896	15
7897	15
7898	15
7899	15
7900	15
7901	15
7902	15
7903	15
7904	15
7905	15
7906	15
7907	15
7908	15
7909	15
7910	15
7911	15
7912	15
7913	15
7914	15
7915	15
7916	15
7917	15
7918	15
7919	15
7920	15
7921	15
7922	15
7923	15
7924	15
7925	15
7926	15
7927	15
7928	15
7929	15
7930	15
7931	15
7932	15
7933	15
7934	15
7935	15
7936	15
7937	15
7938	15
7939	15
7940	15
7941	15
7942	15
7943	15
7944	15
7945	15
7946	15
7947	15
7948	15
7949	15
7950	15
7951	15
7952	15
7953	15
7954	15
7955	15
7956	15
7957	15
7958	15
7959	15
7960	15
7961	15
7962	15
7963	15
7964	15
7965	15
7966	15
7967	15
7968	15
7969	15
7970	15
7971	15
7972	15
7973	15
7974	15
7975	15
7976	15
7977	15
7978	15
7979	15
7980	15
7981	15
7982	15
7983	15
7984	15
7985	15
7986	15
7987	15
7988	15
7989	15
7990	15
7991	15
7992	15
7993	15
7994	15
7995	15
7996	15
7997	15
7998	15
7999	15
8000	15
8001	15
8002	15
8003	15
8004	15
8005	15
8006	15
8007	15
8008	15
8009	15
8010	15
8011	15
8012	15
8013	15
8014	15
8015	15
8016	15
8017	15
8018	15
8019	15
8020	15
8021	15
8022	15
8023	15
8024	15
8025	15
8026	15
8027	15
8028	15
8029	15
8030	15
8031	15
8032	15
8033	15
8034	15
8035	15
8036	15
8037	15
8038	15
8039	15
8040	15
8041	15
8042	15
8043	15
8044	15
8045	15
8046	15
8047	15
8048	15
8049	15
8050	15
8051	15
8052	15
8053	15
8054	15
8055	15
8056	15
8057	15
8058	15
8059	15
8060	15
8061	15
8062	15
8063	15
8064	15
8065	15
8066	15
8067	15
8068	15
8069	15
8070	15
8071	15
8072	15
8073	15
8074	15
8075	15
8076	15
8077	15
8078	15
8079	15
8080	15
8081	15
8082	15
8083	15
8084	15
8085	15
8086	15
8087	15
8088	15
8089	15
8090	15
8091	15
8092	15
8093	15
8094	15
8095	15
8096	15
8097	15
8098	15
8099	15
8100	15
8101	15
8102	15
8103	15
8104	15
8105	15
8106	15
8107	15
8108	15
8109	15
8110	15
8111	15
8112	15
8113	15
8114	15
8115	15
8116	15
8117	15
8118	15
8119	15
8120	15
8121	15
8122	15
8123	15
8124	15
8125	15
8126	15
8127	15
8128	15
8129	15
8130	15
8131	15
8132	15
8133	15
8134	15
8135	15
8136	15
8137	15
8138	15
8139	15
8140	15
8141	15
8142	15
8143	15
8144	15
8145	15
8146	15
8147	15
8148	15
8149	15
8150	15
8151	15
8152	15
8153	15
8154	15
8155	15
8156	15
8157	15
8158	15
8159	15
8160	15
8161	15
8162	15
8163	15
8164	15
8165	15
8166	15
8167	15
8168	15
8169	15
8170	15
8171	15
8172	15
8173	15
8174	15
8175	15
8176	15
8177	15
8178	15
8179	15
8180	15
8181	15
8182	15
8183	15
8184	15
8185	15
8186	15
8187	15
8188	15
8189	15
8190	15
8191	15
8192	15
8193	15
8194	15
8195	15
8196	15
8197	15
8198	15
8199	15
8200	15
8201	15
8202	15
8203	15
8204	15
8205	15
8206	15
8207	15
8208	15
8209	15
8210	15
8211	15
8212	15
8213	15
8214	15
8215	15
8216	15
8217	15
8218	15
8219	15
8220	15
8221	15
8222	15
8223	15
8224	15
8225	15
8226	15
8227	15
8228	15
8229	15
8230	15
8231	15
8232	15
8233	15
8234	15
8235	15
8236	15
8237	15
8238	15
8239	15
8240	15
8241	15
8242	15
8243	15
8244	15
8245	15
8246	15
8247	15
8248	15
8249	15
8250	15
8251	15
8252	15
8253	15
8254	15
8255	15
8256	15
8257	15
8258	15
8259	15
8260	15
8261	15
8262	15
8263	15
8264	15
8265	15
8266	15
8267	15
8268	15
8269	15
8270	15
8271	15
8272	15
8273	15
8274	15
8275	15
8276	15
8277	15
8278	15
8279	15
8280	15
8281	15
8282	15
8283	15
8284	15
8285	15
8286	15
8287	15
8288	15
8289	15
8290	15
8291	15
8292	15
8293	15
8294	15
8295	15
8296	15
8297	15
8298	15
8299	15
8300	15
8301	15
8302	15
8303	15
8304	15
8305	15
8306	15
8307	15
8308	15
8309	15
8310	15
8311	15
8312	15
8313	15
8314	15
8315	15
8316	15
8317	15
8318	15
8319	15
8320	15
8321	15
8322	15
8323	15
8324	15
8325	15
8326	15
8327	15
8328	15
8329	15
8330	15
8331	15
8332	15
8333	15
8334	15
8335	15
8336	15
8337	15
8338	15
8339	15
8340	15
8341	15
8342	15
8343	15
8344	15
8345	15
8346	15
8347	15
8348	15
8349	15
8350	15
8351	15
8352	15
8353	15
8354	15
8355	15
8356	15
8357	15
8358	15
8359	15
8360	15
8361	15
8362	15
8363	15
8364	15
8365	15
8366	15
8367	15
8368	15
8369	15
8370	15
8371	15
8372	15
8373	15
8374	15
8375	15
8376	15
8377	15
8378	15
8379	15
8380	15
8381	15
8382	15
8383	15
8384	15
8385	15
8386	15
8387	15
8388	15
8389	15
8390	15
8391	15
8392	15
8393	15
8394	15
8395	15
8396	15
8397	15
8398	15
8399	15
8400	15
8401	15
8402	15
8403	15
8404	15
8405	15
8406	15
8407	15
8408	15
8409	15
8410	15
8411	15
8412	15
8413	15
8414	15
8415	15
8416	15
8417	15
8418	15
8419	15
8420	15
8421	15
8422	15
8423	15
8424	15
8425	15
8426	15
8427	15
8428	15
8429	15
8430	16
8431	16
8432	16
8433	16
8434	16
8435	16
8436	16
8437	16
8438	16
8439	16
8440	16
8441	16
8442	16
8443	16
8444	16
8445	16
8446	16
8447	16
8448	16
8449	16
8450	16
8451	16
8452	16
8453	16
8454	16
8455	16
8456	16
8457	16
8458	16
8459	16
8460	16
8461	16
8462	16
8463	16
8464	16
8465	16
8466	16
8467	16
8468	16
8469	16
8470	16
8471	16
8472	16
8473	16
8474	16
8475	16
8476	16
8477	16
8478	16
8479	16
8480	16
8481	16
8482	16
8483	16
8484	16
8485	16
8486	16
8487	16
8488	16
8489	16
8490	16
8491	16
8492	16
8493	16
8494	16
8495	16
8496	16
8497	16
8498	16
8499	16
8500	16
8501	16
8502	16
8503	16
8504	16
8505	16
8506	16
8507	16
8508	16
8509	16
8510	16
8511	16
8512	16
8513	16
8514	16
8515	16
8516	16
8517	16
8518	16
8519	16
8520	16
8521	16
8522	16
8523	16
8524	16
8525	16
8526	16
8527	16
8528	16
8529	16
8530	16
8531	16
8532	16
8533	16
8534	16
8535	16
8536	16
8537	16
8538	16
8539	16
8540	16
8541	16
8542	16
8543	16
8544	16
8545	16
8546	16
8547	16
8548	16
8549	16
8550	16
8551	16
8552	16
8553	16
8554	16
8555	16
8556	16
8557	16
8558	16
8559	16
8560	16
8561	16
8562	16
8563	16
8564	16
8565	16
8566	16
8567	16
8568	16
8569	16
8570	16
8571	16
8572	16
8573	16
8574	16
8575	16
8576	16
8577	16
8578	16
8579	16
8580	16
8581	16
8582	16
8583	16
8584	16
8585	16
8586	16
8587	16
8588	16
8589	16
8590	16
8591	16
8592	16
8593	16
8594	16
8595	16
8596	16
8597	16
8598	16
8599	16
8600	16
8601	16
8602	16
8603	16
8604	16
8605	16
8606	16
8607	16
8608	16
8609	16
8610	16
8611	16
8612	16
8613	16
8614	16
8615	16
8616	16
8617	16
8618	16
8619	16
8620	16
8621	16
8622	16
8623	16
8624	16
8625	16
8626	16
8627	16
8628	16
8629	16
8630	16
8631	16
8632	16
8633	16
8634	16
8635	16
8636	16
8637	16
8638	16
8639	16
8640	16
8641	16
8642	16
8643	16
8644	16
8645	16
8646	16
8647	16
8648	16
8649	16
8650	16
8651	16
8652	16
8653	16
8654	16
8655	16
8656	16
8657	16
8658	16
8659	16
8660	16
8661	16
8662	16
8663	16
8664	16
8665	16
8666	16
8667	16
8668	16
8669	16
8670	16
8671	16
8672	16
8673	16
8674	16
8675	16
8676	16
8677	16
8678	16
8679	16
8680	16
8681	16
8682	16
8683	16
8684	16
8685	16
8686	16
8687	16
8688	16
8689	16
8690	16
8691	16
8692	16
8693	16
8694	16
8695	16
8696	16
8697	16
8698	16
8699	16
8700	16
8701	16
8702	16
8703	16
8704	16
8705	16
8706	16
8707	16
8708	16
8709	16
8710	16
8711	16
8712	16
8713	16
8714	16
8715	16
8716	16
8717	16
8718	16
8719	16
8720	16
8721	16
8722	16
8723	16
8724	16
8725	16
8726	16
8727	16
8728	16
8729	16
8730	16
8731	16
8732	16
8733	16
8734	16
8735	16
8736	16
8737	16
8738	16
8739	16
8740	16
8741	16
8742	16
8743	16
8744	16
8745	16
8746	16
8747	16
8748	16
8749	16
8750	16
8751	16
8752	16
8753	16
8754	16
8755	16
8756	16
8757	16
8758	16
8759	16
8760	16
8761	16
8762	16
8763	16
8764	16
8765	16
8766	16
8767	16
8768	16
8769	16
8770	16
8771	16
8772	16
8773	16
8774	16
8775	16
8776	16
8777	16
8778	16
8779	16
8780	16
8781	16
8782	16
8783	16
8784	16
8785	16
8786	16
8787	16
8788	16
8789	16
8790	16
8791	16
8792	16
8793	16
8794	16
8795	16
8796	16
8797	16
8798	16
8799	16
8800	16
8801	16
8802	16
8803	16
8804	16
8805	16
8806	16
8807	16
8808	16
8809	16
8810	16
8811	16
8812	16
8813	16
8814	16
8815	16
8816	16
8817	16
8818	16
8819	16
8820	16
8821	16
8822	16
8823	16
8824	16
8825	16
8826	16
8827	16
8828	16
8829	16
8830	16
8831	16
8832	16
8833	16
8834	16
8835	16
8836	16
8837	16
8838	16
8839	16
8840	16
8841	16
8842	16
8843	16
8844	16
8845	16
8846	17
8847	17
8848	17
8849	17
8850	17
8851	17
8852	17
8853	17
8854	17
8855	17
8856	17
8857	17
8858	17
8859	17
8860	17
8861	17
8862	17
8863	17
8864	17
8865	17
8866	17
8867	17
8868	17
8869	17
8870	17
8871	17
8872	17
8873	17
8874	17
8875	17
8876	17
8877	17
8878	17
8879	17
8880	17
8881	17
8882	17
8883	17
8884	17
8885	17
8886	17
8887	17
8888	17
8889	17
8890	17
8891	17
8892	17
8893	17
8894	17
8895	17
8896	17
8897	17
8898	17
8899	17
8900	17
8901	17
8902	17
8903	17
8904	17
8905	17
8906	17
8907	17
8908	17
8909	17
8910	17
8911	17
8912	17
8913	17
8914	17
8915	17
8916	17
8917	17
8918	17
8919	17
8920	17
8921	17
8922	17
8923	17
8924	17
8925	17
8926	17
8927	17
8928	17
8929	17
8930	17
8931	17
8932	17
8933	17
8934	17
8935	17
8936	17
8937	17
8938	17
8939	17
8940	17
8941	17
8942	17
8943	17
8944	17
8945	17
8946	17
8947	17
8948	17
8949	17
8950	17
8951	17
8952	18
8953	18
8954	18
8955	18
8956	18
8957	18
8958	18
8959	18
8960	18
8961	18
8962	18
8963	18
8964	18
8965	18
8966	18
8967	18
8968	18
8969	18
8970	18
8971	18
8972	18
8973	18
8974	18
8975	18
8976	18
8977	18
8978	18
8979	18
8980	18
8981	18
8982	18
8983	18
8984	18
8985	18
8986	18
8987	18
8988	18
8989	18
8990	18
8991	18
8992	18
8993	18
8994	18
8995	18
8996	18
8997	18
8998	18
8999	18
9000	18
9001	18
9002	18
9003	18
9004	18
9005	18
9006	18
9007	18
9008	18
9009	18
9010	18
9011	18
9012	18
9013	18
9014	18
9015	18
9016	18
9017	18
9018	18
9019	18
9020	18
9021	18
9022	18
9023	18
9024	18
9025	18
9026	18
9027	18
9028	18
9029	18
9030	18
9031	18
9032	18
9033	18
9034	18
9035	18
9036	18
9037	18
9038	18
9039	18
9040	18
9041	18
9042	18
9043	18
9044	18
9045	18
9046	18
9047	18
9048	18
9049	18
9050	18
9051	18
9052	18
9053	18
9054	18
9055	18
9056	18
9057	18
9058	18
9059	18
9060	18
9061	18
9062	18
9063	18
9064	18
9065	18
9066	18
9067	18
9068	18
9069	18
9070	18
9071	18
9072	18
9073	18
9074	18
9075	18
9076	18
9077	18
9078	18
9079	18
9080	18
9081	18
9082	18
9083	18
9084	18
9085	18
9086	18
9087	18
9088	18
9089	18
9090	18
9091	18
9092	18
9093	18
9094	18
9095	18
9096	18
9097	18
9098	18
9099	18
9100	18
9101	18
9102	18
9103	18
9104	18
9105	18
9106	18
9107	18
9108	18
9109	18
9110	18
9111	18
9112	18
9113	18
9114	18
9115	18
9116	18
9117	18
9118	18
9119	18
9120	18
9121	18
9122	18
9123	18
9124	18
9125	18
9126	18
9127	18
9128	18
9129	18
9130	18
9131	18
9132	18
9133	18
9134	18
9135	18
9136	18
9137	18
9138	18
9139	18
9140	18
9141	18
9142	18
9143	18
9144	18
9145	18
9146	18
9147	18
9148	18
9149	18
9150	18
9151	18
9152	18
9153	18
9154	18
9155	18
9156	18
9157	18
9158	18
9159	18
9160	18
9161	18
9162	18
9163	18
9164	18
9165	18
9166	18
9167	18
9168	18
9169	18
9170	18
9171	18
9172	18
9173	18
9174	18
9175	18
9176	18
9177	18
9178	18
9179	18
9180	18
9181	18
9182	18
9183	18
9184	18
9185	18
9186	18
9187	18
9188	18
9189	18
9190	18
9191	18
9192	18
9193	18
9194	18
9195	18
9196	18
9197	18
9198	18
9199	18
9200	18
9201	18
9202	18
9203	18
9204	18
9205	18
9206	18
9207	18
9208	18
9209	18
9210	18
9211	18
9212	18
9213	18
9214	18
9215	18
9216	18
9217	18
9218	18
9219	18
9220	18
9221	18
9222	18
9223	18
9224	18
9225	18
9226	18
9227	18
9228	18
9229	18
9230	18
9231	18
9232	18
9233	18
9234	18
9235	18
9236	18
9237	18
9238	18
9239	18
9240	18
9241	18
9242	18
9243	18
9244	18
9245	18
9246	18
9247	18
9248	18
9249	18
9250	18
9251	18
9252	18
9253	18
9254	18
9255	18
9256	18
9257	18
9258	18
9259	18
9260	18
9261	18
9262	18
9263	18
9264	18
9265	18
9266	18
9267	18
9268	18
9269	18
9270	18
9271	18
9272	18
9273	18
9274	18
9275	18
9276	18
9277	18
9278	18
9279	18
9280	18
9281	18
9282	18
9283	18
9284	18
9285	18
9286	18
9287	18
9288	18
9289	18
9290	18
9291	18
9292	18
9293	18
9294	18
9295	18
9296	18
9297	18
9298	18
9299	18
9300	18
9301	18
9302	18
9303	18
9304	18
9305	18
9306	18
9307	18
9308	18
9309	18
9310	18
9311	18
9312	18
9313	18
9314	18
9315	18
9316	18
9317	18
9318	18
9319	18
9320	18
9321	18
9322	18
9323	18
9324	18
9325	18
9326	18
9327	18
9328	18
9329	18
9330	18
9331	18
9332	18
9333	18
9334	18
9335	18
9336	18
9337	18
9338	18
9339	18
9340	18
9341	18
9342	18
9343	18
9344	18
9345	18
9346	18
9347	18
9348	18
9349	18
9350	18
9351	18
9352	18
9353	18
9354	18
9355	18
9356	18
9357	18
9358	18
9359	18
9360	18
9361	18
9362	18
9363	18
9364	18
9365	18
9366	18
9367	18
9368	18
9369	18
9370	18
9371	18
9372	18
9373	18
9374	18
9375	18
9376	18
9377	18
9378	18
9379	18
9380	18
9381	18
9382	18
9383	18
9384	18
9385	18
9386	18
9387	18
9388	18
9389	18
9390	18
9391	18
9392	18
9393	18
9394	18
9395	18
9396	18
9397	18
9398	18
9399	18
9400	18
9401	18
9402	18
9403	18
9404	18
9405	18
9406	18
9407	18
9408	18
9409	18
9410	18
9411	18
9412	18
9413	18
9414	18
9415	18
9416	18
9417	18
9418	18
9419	18
9420	18
9421	18
9422	18
9423	18
9424	18
9425	18
9426	18
9427	18
9428	18
9429	18
9430	18
9431	18
9432	18
9433	18
9434	18
9435	18
9436	18
9437	18
9438	18
9439	18
9440	18
9441	18
9442	18
9443	18
9444	18
9445	18
9446	18
9447	18
9448	18
9449	18
9450	18
9451	18
9452	18
9453	18
9454	18
9455	18
9456	18
9457	18
9458	18
9459	18
9460	18
9461	18
9462	18
9463	18
9464	18
9465	18
9466	18
9467	18
9468	18
9469	18
9470	18
9471	18
9472	18
9473	18
9474	18
9475	18
9476	18
9477	18
9478	18
9479	18
9480	18
9481	18
9482	18
9483	18
9484	18
9485	18
9486	18
9487	18
9488	18
9489	18
9490	18
9491	18
9492	18
9493	18
9494	18
9495	18
9496	18
9497	18
9498	18
9499	18
9500	18
9501	18
9502	18
9503	18
9504	18
9505	18
9506	18
9507	18
9508	18
9509	18
9510	18
9511	18
9512	18
9513	18
9514	18
9515	18
9516	18
9517	18
9518	18
9519	18
9520	18
9521	18
9522	18
9523	18
9524	18
9525	18
9526	18
9527	18
9528	18
9529	18
9530	18
9531	18
9532	18
9533	18
9534	18
9535	18
9536	18
9537	18
9538	18
9539	18
9540	18
9541	18
9542	18
9543	18
9544	18
9545	18
9546	18
9547	18
9548	18
9549	18
9550	18
9551	18
9552	18
9553	18
9554	18
9555	18
9556	18
9557	18
9558	18
9559	18
9560	18
9561	18
9562	18
9563	18
9564	18
9565	18
9566	18
9567	18
9568	18
9569	18
9570	18
9571	18
9572	18
9573	18
9574	18
9575	18
9576	18
9577	18
9578	18
9579	18
9580	18
9581	18
9582	18
9583	18
9584	18
9585	18
9586	18
9587	18
9588	18
9589	18
9590	18
9591	18
9592	18
9593	18
9594	18
9595	18
9596	18
9597	18
9598	18
9599	18
9600	18
9601	18
9602	18
9603	18
9604	18
9605	18
9606	18
9607	18
9608	18
9609	18
9610	18
9611	18
9612	18
9613	18
9614	18
9615	18
9616	18
9617	18
9618	18
9619	18
9620	18
9621	18
9622	18
9623	18
9624	18
9625	18
9626	18
9627	18
9628	18
9629	18
9630	18
9631	18
9632	18
9633	18
9634	18
9635	18
9636	18
9637	18
9638	18
9639	18
9640	18
9641	18
9642	18
9643	18
9644	18
9645	18
9646	18
9647	18
9648	18
9649	18
9650	18
9651	18
9652	18
9653	18
9654	18
9655	18
9656	18
9657	18
9658	18
9659	18
9660	18
9661	18
9662	18
9663	18
9664	18
9665	18
9666	18
9667	18
9668	18
9669	18
9670	19
9671	19
9672	19
9673	19
9674	19
9675	19
9676	19
9677	19
9678	19
9679	19
9680	19
9681	19
9682	19
9683	19
9684	19
9685	19
9686	19
9687	19
9688	19
9689	19
9690	19
9691	19
9692	19
9693	19
9694	19
9695	19
9696	19
9697	19
9698	19
9699	19
9700	19
9701	19
9702	19
9703	19
9704	19
9705	19
9706	19
9707	19
9708	19
9709	19
9710	19
9711	19
9712	19
9713	19
9714	19
9715	19
9716	19
9717	19
9718	19
9719	19
9720	19
9721	19
9722	19
9723	19
9724	19
9725	19
9726	19
9727	19
9728	19
9729	19
9730	19
9731	19
9732	19
9733	19
9734	19
9735	19
9736	19
9737	19
9738	19
9739	19
9740	19
9741	19
9742	19
9743	19
9744	19
9745	19
9746	20
9747	20
9748	20
9749	20
9750	20
9751	20
9752	20
9753	20
9754	20
9755	20
9756	20
9757	20
9758	20
9759	20
9760	20
9761	20
9762	20
9763	20
9764	20
9765	20
9766	20
9767	20
9768	20
9769	20
9770	20
9771	20
9772	20
9773	20
9774	20
9775	20
9776	20
9777	20
9778	20
9779	20
9780	20
9781	20
9782	20
9783	20
9784	20
9785	20
9786	20
9787	20
9788	20
9789	20
9790	20
9791	20
9792	20
9793	20
9794	20
9795	20
9796	20
9797	20
9798	20
9799	20
9800	20
9801	20
9802	20
9803	20
9804	20
9805	20
9806	20
9807	20
9808	20
9809	20
9810	20
9811	20
9812	20
9813	20
9814	20
9815	20
9816	20
9817	20
9818	20
9819	20
9820	20
9821	20
9822	20
9823	20
9824	20
9825	20
9826	20
9827	20
9828	20
9829	20
9830	20
9831	20
9832	20
9833	20
9834	20
9835	20
9836	20
9837	20
9838	20
9839	20
9840	20
9841	20
9842	20
9843	20
9844	20
9845	20
9846	20
9847	20
9848	20
9849	20
9850	20
9851	20
9852	20
9853	20
9854	20
9855	20
9856	20
9857	20
9858	20
9859	20
9860	20
9861	20
9862	20
9863	20
9864	20
9865	20
9866	20
9867	20
9868	20
9869	20
9870	20
9871	20
9872	20
9873	20
9874	20
9875	20
9876	20
9877	20
9878	20
9879	20
9880	20
9881	20
9882	20
9883	20
9884	20
9885	20
9886	20
9887	20
9888	20
9889	20
9890	20
9891	20
9892	20
9893	20
9894	20
9895	20
9896	20
9897	20
9898	20
9899	20
9900	20
9901	20
9902	20
9903	20
9904	20
9905	20
9906	20
9907	20
9908	20
9909	20
9910	20
9911	20
9912	20
9913	20
9914	20
9915	20
9916	20
9917	20
9918	20
9919	20
9920	20
9921	20
9922	20
9923	20
9924	20
9925	20
9926	20
9927	20
9928	20
9929	20
9930	20
9931	20
9932	20
9933	20
9934	20
9935	20
9936	20
9937	20
9938	20
9939	20
9940	20
9941	20
9942	20
9943	20
9944	20
9945	20
9946	20
9947	20
9948	20
9949	20
9950	20
9951	20
9952	20
9953	20
9954	20
9955	20
9956	20
9957	20
9958	20
9959	20
9960	20
9961	20
9962	20
9963	20
9964	20
9965	20
9966	20
9967	20
9968	20
9969	20
9970	20
9971	20
9972	20
9973	20
9974	20
9975	20
9976	20
9977	20
9978	20
9979	20
9980	20
9981	20
9982	20
9983	20
9984	20
9985	20
9986	20
9987	20
9988	20
9989	20
9990	20
9991	20
9992	20
9993	20
9994	20
9995	20
9996	20
9997	20
9998	20
9999	20
10000	20
