#Clock	ItemsCollected
1	0
2	0
3	0
4	0
5	0
6	0
7	0
8	0
9	0
10	0
11	0
12	0
13	0
14	0
15	0
16	0
17	0
18	0
19	0
20	0
21	0
22	0
23	0
24	0
25	0
26	0
27	0
28	0
29	0
30	0
31	0
32	0
33	0
34	0
35	0
36	0
37	0
38	0
39	0
40	0
41	0
42	0
43	0
44	0
45	0
46	0
47	0
48	0
49	0
50	0
51	0
52	0
53	0
54	0
55	0
56	0
57	0
58	0
59	0
60	0
61	0
62	0
63	0
64	0
65	0
66	0
67	0
68	0
69	0
70	0
71	0
72	0
73	0
74	0
75	0
76	0
77	0
78	0
79	0
80	0
81	0
82	0
83	0
84	0
85	0
86	0
87	0
88	0
89	0
90	0
91	0
92	0
93	0
94	0
95	0
96	0
97	0
98	0
99	0
100	0
101	0
102	0
103	0
104	0
105	0
106	0
107	0
108	0
109	0
110	0
111	0
112	0
113	0
114	0
115	0
116	0
117	0
118	0
119	0
120	0
121	0
122	0
123	0
124	0
125	0
126	0
127	0
128	0
129	0
130	0
131	0
132	0
133	0
134	0
135	0
136	0
137	0
138	0
139	0
140	0
141	0
142	0
143	0
144	0
145	0
146	0
147	0
148	0
149	0
150	0
151	0
152	0
153	0
154	0
155	0
156	0
157	0
158	0
159	0
160	0
161	0
162	0
163	0
164	0
165	0
166	0
167	0
168	0
169	0
170	0
171	0
172	0
173	0
174	0
175	0
176	0
177	0
178	0
179	0
180	0
181	0
182	0
183	0
184	0
185	0
186	0
187	0
188	0
189	0
190	0
191	0
192	0
193	0
194	0
195	0
196	0
197	0
198	0
199	0
200	0
201	0
202	0
203	0
204	0
205	0
206	0
207	0
208	0
209	0
210	0
211	0
212	0
213	0
214	0
215	0
216	0
217	0
218	0
219	0
220	0
221	0
222	0
223	0
224	0
225	0
226	0
227	0
228	0
229	0
230	0
231	0
232	0
233	0
234	0
235	0
236	0
237	0
238	0
239	0
240	0
241	0
242	0
243	0
244	0
245	0
246	0
247	0
248	0
249	0
250	0
251	0
252	0
253	0
254	0
255	0
256	0
257	0
258	0
259	0
260	0
261	0
262	0
263	0
264	0
265	0
266	0
267	0
268	0
269	0
270	0
271	0
272	0
273	0
274	0
275	0
276	0
277	0
278	0
279	0
280	0
281	0
282	0
283	0
284	0
285	0
286	0
287	0
288	0
289	0
290	0
291	0
292	0
293	0
294	0
295	0
296	0
297	0
298	0
299	0
300	0
301	0
302	0
303	0
304	0
305	0
306	0
307	0
308	0
309	0
310	0
311	0
312	0
313	0
314	0
315	0
316	0
317	0
318	0
319	0
320	0
321	0
322	0
323	0
324	0
325	0
326	0
327	0
328	0
329	0
330	0
331	0
332	0
333	0
334	0
335	0
336	0
337	0
338	0
339	0
340	0
341	0
342	0
343	0
344	0
345	0
346	0
347	0
348	0
349	0
350	0
351	0
352	0
353	0
354	0
355	0
356	0
357	0
358	0
359	0
360	0
361	0
362	0
363	0
364	0
365	0
366	0
367	0
368	0
369	0
370	0
371	0
372	0
373	0
374	0
375	0
376	0
377	0
378	0
379	0
380	0
381	0
382	0
383	0
384	0
385	0
386	0
387	0
388	0
389	0
390	0
391	0
392	0
393	0
394	0
395	0
396	0
397	0
398	0
399	0
400	0
401	0
402	0
403	0
404	0
405	0
406	0
407	0
408	0
409	0
410	0
411	0
412	0
413	0
414	0
415	0
416	0
417	0
418	0
419	0
420	0
421	0
422	0
423	0
424	0
425	0
426	0
427	0
428	0
429	0
430	0
431	0
432	0
433	0
434	0
435	0
436	0
437	0
438	0
439	0
440	0
441	0
442	0
443	0
444	0
445	0
446	0
447	0
448	0
449	0
450	0
451	0
452	0
453	0
454	0
455	0
456	0
457	0
458	0
459	0
460	0
461	0
462	0
463	0
464	0
465	0
466	0
467	0
468	0
469	0
470	0
471	0
472	0
473	0
474	0
475	0
476	0
477	0
478	0
479	0
480	0
481	0
482	0
483	0
484	0
485	0
486	0
487	0
488	0
489	0
490	0
491	0
492	0
493	0
494	0
495	0
496	0
497	0
498	0
499	0
500	0
501	0
502	0
503	0
504	0
505	0
506	0
507	0
508	0
509	0
510	0
511	0
512	0
513	0
514	0
515	0
516	0
517	0
518	0
519	0
520	0
521	0
522	0
523	0
524	0
525	0
526	0
527	0
528	0
529	0
530	0
531	0
532	0
533	0
534	0
535	0
536	0
537	0
538	0
539	0
540	0
541	0
542	0
543	0
544	0
545	0
546	0
547	0
548	0
549	0
550	0
551	0
552	0
553	0
554	0
555	0
556	0
557	0
558	0
559	0
560	0
561	0
562	0
563	0
564	0
565	0
566	0
567	0
568	0
569	0
570	0
571	0
572	0
573	0
574	0
575	0
576	0
577	0
578	0
579	0
580	0
581	0
582	0
583	0
584	0
585	0
586	0
587	0
588	0
589	0
590	0
591	0
592	0
593	0
594	0
595	0
596	0
597	0
598	0
599	0
600	0
601	0
602	0
603	0
604	0
605	0
606	0
607	0
608	0
609	0
610	0
611	0
612	0
613	0
614	0
615	0
616	0
617	0
618	0
619	0
620	0
621	0
622	0
623	0
624	0
625	0
626	0
627	0
628	0
629	0
630	0
631	0
632	0
633	0
634	0
635	0
636	0
637	0
638	0
639	0
640	0
641	0
642	0
643	0
644	0
645	0
646	0
647	0
648	0
649	0
650	0
651	0
652	0
653	0
654	0
655	0
656	0
657	0
658	0
659	0
660	0
661	0
662	0
663	0
664	0
665	0
666	0
667	0
668	0
669	0
670	0
671	0
672	0
673	0
674	0
675	0
676	0
677	0
678	0
679	0
680	0
681	0
682	0
683	0
684	0
685	0
686	0
687	0
688	0
689	0
690	0
691	0
692	0
693	0
694	0
695	0
696	0
697	0
698	0
699	0
700	0
701	0
702	0
703	0
704	0
705	0
706	0
707	0
708	0
709	0
710	0
711	0
712	0
713	0
714	0
715	0
716	0
717	0
718	0
719	0
720	0
721	0
722	0
723	0
724	0
725	0
726	0
727	0
728	0
729	0
730	0
731	0
732	0
733	0
734	0
735	0
736	0
737	0
738	0
739	0
740	0
741	0
742	0
743	0
744	0
745	0
746	0
747	0
748	0
749	0
750	0
751	0
752	0
753	0
754	0
755	0
756	0
757	0
758	0
759	0
760	0
761	0
762	0
763	0
764	0
765	0
766	0
767	0
768	0
769	0
770	0
771	0
772	0
773	0
774	0
775	0
776	0
777	0
778	0
779	0
780	0
781	0
782	0
783	0
784	0
785	0
786	0
787	0
788	0
789	0
790	0
791	0
792	0
793	0
794	0
795	0
796	0
797	0
798	0
799	0
800	0
801	0
802	0
803	0
804	0
805	0
806	0
807	0
808	0
809	0
810	0
811	0
812	0
813	0
814	0
815	0
816	0
817	0
818	0
819	0
820	0
821	0
822	0
823	0
824	0
825	0
826	0
827	0
828	0
829	0
830	0
831	0
832	0
833	0
834	0
835	0
836	0
837	0
838	0
839	0
840	0
841	0
842	0
843	0
844	0
845	0
846	0
847	0
848	0
849	0
850	0
851	0
852	0
853	0
854	0
855	0
856	0
857	0
858	0
859	0
860	0
861	0
862	0
863	0
864	0
865	0
866	0
867	0
868	0
869	0
870	0
871	0
872	0
873	0
874	0
875	0
876	0
877	0
878	0
879	0
880	0
881	0
882	0
883	0
884	0
885	0
886	0
887	0
888	0
889	0
890	0
891	0
892	0
893	0
894	0
895	0
896	0
897	0
898	0
899	0
900	0
901	0
902	0
903	0
904	0
905	0
906	0
907	0
908	0
909	0
910	0
911	0
912	0
913	0
914	0
915	0
916	0
917	0
918	0
919	0
920	0
921	0
922	0
923	0
924	0
925	0
926	0
927	0
928	0
929	0
930	0
931	0
932	0
933	0
934	0
935	0
936	0
937	0
938	0
939	0
940	0
941	0
942	0
943	0
944	0
945	0
946	0
947	0
948	0
949	0
950	0
951	0
952	0
953	0
954	0
955	0
956	0
957	0
958	0
959	0
960	0
961	0
962	0
963	0
964	0
965	0
966	0
967	0
968	0
969	0
970	0
971	0
972	0
973	0
974	0
975	0
976	0
977	0
978	0
979	0
980	0
981	0
982	0
983	0
984	0
985	0
986	0
987	0
988	0
989	0
990	0
991	0
992	0
993	0
994	0
995	0
996	0
997	0
998	0
999	0
1000	0
1001	0
1002	0
1003	0
1004	0
1005	0
1006	0
1007	0
1008	0
1009	0
1010	0
1011	0
1012	0
1013	0
1014	0
1015	0
1016	0
1017	0
1018	0
1019	0
1020	0
1021	0
1022	0
1023	0
1024	0
1025	0
1026	0
1027	0
1028	0
1029	0
1030	0
1031	0
1032	0
1033	0
1034	0
1035	0
1036	0
1037	0
1038	0
1039	0
1040	0
1041	0
1042	0
1043	0
1044	0
1045	0
1046	0
1047	0
1048	0
1049	0
1050	0
1051	0
1052	0
1053	0
1054	0
1055	0
1056	0
1057	0
1058	0
1059	0
1060	0
1061	0
1062	0
1063	0
1064	0
1065	0
1066	0
1067	0
1068	0
1069	0
1070	0
1071	0
1072	0
1073	0
1074	0
1075	0
1076	0
1077	0
1078	0
1079	0
1080	0
1081	0
1082	0
1083	0
1084	0
1085	0
1086	0
1087	0
1088	0
1089	0
1090	0
1091	0
1092	0
1093	0
1094	0
1095	0
1096	0
1097	0
1098	0
1099	0
1100	0
1101	0
1102	0
1103	0
1104	0
1105	0
1106	0
1107	0
1108	0
1109	0
1110	0
1111	0
1112	0
1113	0
1114	0
1115	0
1116	0
1117	0
1118	0
1119	0
1120	0
1121	0
1122	0
1123	0
1124	0
1125	0
1126	0
1127	0
1128	0
1129	0
1130	0
1131	0
1132	0
1133	0
1134	0
1135	0
1136	0
1137	0
1138	0
1139	0
1140	0
1141	0
1142	0
1143	0
1144	0
1145	0
1146	0
1147	0
1148	0
1149	0
1150	0
1151	0
1152	0
1153	0
1154	0
1155	0
1156	0
1157	0
1158	0
1159	0
1160	0
1161	0
1162	0
1163	0
1164	0
1165	0
1166	0
1167	0
1168	0
1169	0
1170	0
1171	0
1172	0
1173	0
1174	0
1175	0
1176	0
1177	0
1178	0
1179	0
1180	0
1181	0
1182	0
1183	0
1184	0
1185	0
1186	0
1187	0
1188	0
1189	0
1190	0
1191	0
1192	0
1193	0
1194	0
1195	0
1196	0
1197	0
1198	0
1199	0
1200	0
1201	0
1202	0
1203	0
1204	0
1205	0
1206	0
1207	0
1208	0
1209	0
1210	0
1211	0
1212	0
1213	0
1214	0
1215	0
1216	0
1217	0
1218	0
1219	0
1220	0
1221	0
1222	0
1223	0
1224	0
1225	0
1226	0
1227	0
1228	0
1229	0
1230	0
1231	0
1232	0
1233	0
1234	0
1235	0
1236	0
1237	0
1238	0
1239	0
1240	0
1241	0
1242	0
1243	0
1244	0
1245	0
1246	0
1247	0
1248	0
1249	0
1250	0
1251	0
1252	0
1253	0
1254	0
1255	0
1256	0
1257	0
1258	0
1259	0
1260	0
1261	0
1262	0
1263	0
1264	0
1265	0
1266	0
1267	0
1268	0
1269	0
1270	0
1271	0
1272	0
1273	0
1274	0
1275	0
1276	0
1277	0
1278	0
1279	0
1280	0
1281	0
1282	0
1283	0
1284	0
1285	0
1286	0
1287	0
1288	0
1289	0
1290	0
1291	0
1292	0
1293	0
1294	0
1295	0
1296	0
1297	0
1298	0
1299	0
1300	0
1301	0
1302	0
1303	0
1304	0
1305	0
1306	0
1307	0
1308	0
1309	0
1310	0
1311	0
1312	0
1313	0
1314	0
1315	0
1316	0
1317	0
1318	0
1319	0
1320	0
1321	0
1322	0
1323	0
1324	0
1325	0
1326	0
1327	0
1328	0
1329	0
1330	0
1331	0
1332	0
1333	0
1334	0
1335	0
1336	0
1337	0
1338	0
1339	0
1340	0
1341	0
1342	0
1343	0
1344	0
1345	0
1346	0
1347	0
1348	0
1349	0
1350	0
1351	0
1352	0
1353	0
1354	0
1355	0
1356	0
1357	0
1358	0
1359	0
1360	0
1361	0
1362	0
1363	0
1364	0
1365	0
1366	0
1367	0
1368	0
1369	0
1370	0
1371	0
1372	0
1373	0
1374	0
1375	0
1376	0
1377	0
1378	0
1379	0
1380	0
1381	0
1382	0
1383	0
1384	0
1385	0
1386	0
1387	0
1388	0
1389	0
1390	0
1391	0
1392	0
1393	0
1394	0
1395	0
1396	0
1397	0
1398	0
1399	0
1400	0
1401	0
1402	0
1403	0
1404	0
1405	0
1406	0
1407	0
1408	0
1409	0
1410	0
1411	0
1412	0
1413	0
1414	0
1415	0
1416	0
1417	0
1418	0
1419	0
1420	0
1421	0
1422	0
1423	0
1424	0
1425	0
1426	0
1427	0
1428	0
1429	0
1430	0
1431	0
1432	0
1433	0
1434	0
1435	0
1436	0
1437	0
1438	0
1439	0
1440	0
1441	0
1442	0
1443	0
1444	0
1445	0
1446	0
1447	0
1448	0
1449	0
1450	0
1451	0
1452	0
1453	0
1454	0
1455	0
1456	0
1457	0
1458	0
1459	0
1460	0
1461	0
1462	0
1463	0
1464	0
1465	0
1466	0
1467	0
1468	0
1469	0
1470	0
1471	0
1472	0
1473	0
1474	0
1475	0
1476	0
1477	0
1478	0
1479	0
1480	0
1481	0
1482	0
1483	0
1484	0
1485	0
1486	0
1487	0
1488	0
1489	0
1490	0
1491	0
1492	0
1493	0
1494	0
1495	0
1496	0
1497	0
1498	0
1499	0
1500	0
1501	0
1502	0
1503	0
1504	0
1505	0
1506	0
1507	0
1508	0
1509	0
1510	0
1511	0
1512	0
1513	0
1514	0
1515	0
1516	0
1517	0
1518	0
1519	0
1520	0
1521	0
1522	0
1523	0
1524	0
1525	0
1526	0
1527	0
1528	0
1529	0
1530	0
1531	0
1532	0
1533	0
1534	0
1535	0
1536	0
1537	0
1538	0
1539	0
1540	0
1541	0
1542	0
1543	0
1544	0
1545	0
1546	0
1547	0
1548	0
1549	0
1550	0
1551	0
1552	0
1553	0
1554	0
1555	0
1556	0
1557	0
1558	0
1559	0
1560	0
1561	0
1562	0
1563	0
1564	0
1565	0
1566	0
1567	0
1568	0
1569	0
1570	0
1571	0
1572	0
1573	0
1574	0
1575	0
1576	0
1577	0
1578	0
1579	0
1580	0
1581	0
1582	0
1583	0
1584	0
1585	0
1586	0
1587	0
1588	0
1589	0
1590	0
1591	0
1592	0
1593	0
1594	0
1595	0
1596	0
1597	0
1598	0
1599	0
1600	0
1601	0
1602	0
1603	0
1604	0
1605	0
1606	0
1607	0
1608	0
1609	0
1610	0
1611	0
1612	0
1613	0
1614	0
1615	0
1616	0
1617	0
1618	0
1619	0
1620	0
1621	0
1622	0
1623	0
1624	0
1625	0
1626	0
1627	0
1628	0
1629	0
1630	0
1631	0
1632	0
1633	0
1634	0
1635	0
1636	0
1637	0
1638	0
1639	0
1640	0
1641	0
1642	0
1643	0
1644	0
1645	0
1646	0
1647	0
1648	0
1649	0
1650	0
1651	0
1652	0
1653	0
1654	0
1655	0
1656	0
1657	0
1658	0
1659	0
1660	0
1661	0
1662	0
1663	0
1664	0
1665	0
1666	0
1667	0
1668	0
1669	0
1670	0
1671	0
1672	0
1673	0
1674	0
1675	0
1676	0
1677	0
1678	0
1679	0
1680	0
1681	0
1682	0
1683	0
1684	0
1685	0
1686	0
1687	0
1688	0
1689	0
1690	0
1691	0
1692	0
1693	0
1694	0
1695	0
1696	0
1697	0
1698	0
1699	0
1700	0
1701	0
1702	0
1703	0
1704	0
1705	0
1706	0
1707	0
1708	0
1709	0
1710	0
1711	0
1712	0
1713	0
1714	0
1715	0
1716	0
1717	0
1718	0
1719	0
1720	0
1721	0
1722	0
1723	0
1724	0
1725	0
1726	0
1727	0
1728	0
1729	0
1730	0
1731	0
1732	0
1733	0
1734	0
1735	0
1736	0
1737	0
1738	0
1739	0
1740	0
1741	0
1742	0
1743	0
1744	0
1745	0
1746	0
1747	0
1748	0
1749	0
1750	0
1751	0
1752	0
1753	0
1754	0
1755	0
1756	0
1757	0
1758	0
1759	0
1760	0
1761	0
1762	0
1763	0
1764	0
1765	0
1766	0
1767	0
1768	0
1769	0
1770	0
1771	0
1772	0
1773	0
1774	0
1775	0
1776	0
1777	0
1778	0
1779	0
1780	0
1781	0
1782	0
1783	0
1784	0
1785	0
1786	0
1787	0
1788	0
1789	0
1790	0
1791	0
1792	0
1793	0
1794	0
1795	0
1796	0
1797	0
1798	0
1799	0
1800	0
1801	0
1802	0
1803	0
1804	0
1805	0
1806	0
1807	0
1808	0
1809	0
1810	0
1811	0
1812	0
1813	0
1814	0
1815	0
1816	0
1817	0
1818	0
1819	0
1820	0
1821	0
1822	0
1823	0
1824	0
1825	0
1826	0
1827	0
1828	0
1829	0
1830	0
1831	0
1832	0
1833	0
1834	0
1835	0
1836	0
1837	0
1838	0
1839	0
1840	0
1841	0
1842	0
1843	0
1844	0
1845	0
1846	0
1847	0
1848	0
1849	0
1850	0
1851	0
1852	0
1853	0
1854	0
1855	0
1856	0
1857	0
1858	0
1859	0
1860	0
1861	0
1862	0
1863	0
1864	0
1865	0
1866	0
1867	0
1868	0
1869	0
1870	0
1871	0
1872	0
1873	0
1874	0
1875	0
1876	0
1877	0
1878	0
1879	0
1880	0
1881	0
1882	0
1883	0
1884	0
1885	0
1886	0
1887	0
1888	0
1889	0
1890	0
1891	0
1892	0
1893	0
1894	0
1895	0
1896	0
1897	0
1898	0
1899	0
1900	0
1901	0
1902	0
1903	0
1904	0
1905	0
1906	0
1907	0
1908	0
1909	0
1910	0
1911	0
1912	0
1913	0
1914	0
1915	0
1916	0
1917	0
1918	0
1919	0
1920	0
1921	0
1922	0
1923	0
1924	0
1925	0
1926	0
1927	0
1928	0
1929	0
1930	0
1931	0
1932	0
1933	0
1934	0
1935	0
1936	0
1937	0
1938	0
1939	0
1940	0
1941	0
1942	0
1943	0
1944	0
1945	0
1946	0
1947	0
1948	0
1949	0
1950	0
1951	0
1952	0
1953	0
1954	0
1955	0
1956	0
1957	0
1958	0
1959	0
1960	0
1961	0
1962	0
1963	0
1964	0
1965	0
1966	0
1967	0
1968	0
1969	0
1970	0
1971	0
1972	0
1973	0
1974	0
1975	0
1976	0
1977	0
1978	0
1979	0
1980	0
1981	0
1982	0
1983	0
1984	0
1985	0
1986	0
1987	0
1988	0
1989	0
1990	0
1991	0
1992	0
1993	0
1994	0
1995	0
1996	0
1997	0
1998	0
1999	0
2000	0
2001	0
2002	0
2003	0
2004	0
2005	0
2006	0
2007	0
2008	0
2009	0
2010	0
2011	0
2012	0
2013	0
2014	0
2015	0
2016	0
2017	0
2018	0
2019	0
2020	0
2021	0
2022	0
2023	0
2024	0
2025	0
2026	0
2027	0
2028	0
2029	0
2030	0
2031	0
2032	0
2033	0
2034	0
2035	0
2036	0
2037	0
2038	0
2039	0
2040	0
2041	0
2042	0
2043	0
2044	0
2045	0
2046	0
2047	0
2048	0
2049	0
2050	0
2051	0
2052	0
2053	0
2054	0
2055	0
2056	0
2057	0
2058	0
2059	0
2060	0
2061	0
2062	0
2063	0
2064	0
2065	0
2066	0
2067	0
2068	0
2069	0
2070	0
2071	0
2072	0
2073	0
2074	0
2075	0
2076	0
2077	0
2078	0
2079	0
2080	0
2081	0
2082	0
2083	0
2084	0
2085	0
2086	0
2087	0
2088	0
2089	0
2090	0
2091	0
2092	0
2093	0
2094	0
2095	0
2096	0
2097	0
2098	0
2099	0
2100	0
2101	0
2102	0
2103	0
2104	0
2105	0
2106	0
2107	0
2108	0
2109	0
2110	0
2111	0
2112	0
2113	0
2114	0
2115	0
2116	0
2117	0
2118	0
2119	0
2120	0
2121	0
2122	0
2123	0
2124	0
2125	0
2126	0
2127	0
2128	0
2129	0
2130	0
2131	0
2132	0
2133	0
2134	0
2135	0
2136	0
2137	0
2138	0
2139	0
2140	0
2141	0
2142	0
2143	0
2144	0
2145	0
2146	0
2147	0
2148	0
2149	0
2150	0
2151	0
2152	0
2153	0
2154	0
2155	0
2156	0
2157	0
2158	0
2159	0
2160	0
2161	0
2162	0
2163	0
2164	0
2165	0
2166	0
2167	0
2168	0
2169	0
2170	0
2171	0
2172	0
2173	0
2174	0
2175	0
2176	0
2177	0
2178	0
2179	0
2180	0
2181	0
2182	0
2183	0
2184	0
2185	0
2186	0
2187	0
2188	0
2189	0
2190	0
2191	0
2192	0
2193	0
2194	0
2195	0
2196	0
2197	0
2198	0
2199	0
2200	0
2201	0
2202	0
2203	0
2204	0
2205	0
2206	0
2207	0
2208	0
2209	0
2210	0
2211	0
2212	0
2213	0
2214	0
2215	0
2216	0
2217	0
2218	0
2219	0
2220	0
2221	0
2222	0
2223	0
2224	0
2225	0
2226	0
2227	0
2228	0
2229	0
2230	0
2231	0
2232	0
2233	0
2234	0
2235	0
2236	0
2237	0
2238	0
2239	0
2240	0
2241	0
2242	0
2243	0
2244	0
2245	0
2246	0
2247	0
2248	0
2249	0
2250	0
2251	0
2252	0
2253	0
2254	0
2255	0
2256	0
2257	0
2258	0
2259	0
2260	0
2261	0
2262	0
2263	0
2264	0
2265	0
2266	0
2267	0
2268	0
2269	0
2270	0
2271	0
2272	0
2273	0
2274	0
2275	0
2276	0
2277	0
2278	0
2279	0
2280	0
2281	0
2282	0
2283	0
2284	0
2285	0
2286	0
2287	0
2288	0
2289	0
2290	0
2291	0
2292	0
2293	0
2294	0
2295	0
2296	0
2297	0
2298	0
2299	0
2300	0
2301	0
2302	0
2303	0
2304	0
2305	0
2306	0
2307	0
2308	0
2309	0
2310	0
2311	0
2312	0
2313	0
2314	0
2315	0
2316	0
2317	0
2318	0
2319	0
2320	0
2321	0
2322	0
2323	0
2324	0
2325	0
2326	0
2327	0
2328	0
2329	0
2330	0
2331	0
2332	0
2333	0
2334	0
2335	0
2336	0
2337	0
2338	0
2339	0
2340	0
2341	0
2342	0
2343	0
2344	0
2345	0
2346	0
2347	0
2348	0
2349	0
2350	0
2351	0
2352	0
2353	0
2354	0
2355	0
2356	0
2357	0
2358	0
2359	0
2360	0
2361	0
2362	0
2363	0
2364	0
2365	0
2366	0
2367	0
2368	0
2369	0
2370	0
2371	0
2372	0
2373	0
2374	0
2375	0
2376	0
2377	0
2378	0
2379	0
2380	0
2381	0
2382	0
2383	0
2384	0
2385	0
2386	0
2387	0
2388	0
2389	0
2390	0
2391	0
2392	0
2393	0
2394	0
2395	0
2396	0
2397	0
2398	0
2399	0
2400	0
2401	0
2402	0
2403	0
2404	0
2405	0
2406	0
2407	0
2408	0
2409	0
2410	0
2411	0
2412	0
2413	0
2414	0
2415	0
2416	0
2417	0
2418	0
2419	0
2420	0
2421	0
2422	0
2423	0
2424	0
2425	0
2426	0
2427	0
2428	0
2429	0
2430	0
2431	0
2432	0
2433	0
2434	0
2435	0
2436	0
2437	0
2438	0
2439	0
2440	0
2441	0
2442	0
2443	0
2444	0
2445	0
2446	0
2447	0
2448	0
2449	0
2450	0
2451	0
2452	0
2453	0
2454	0
2455	0
2456	0
2457	0
2458	0
2459	0
2460	0
2461	0
2462	0
2463	0
2464	0
2465	0
2466	0
2467	0
2468	0
2469	0
2470	0
2471	0
2472	0
2473	0
2474	0
2475	0
2476	0
2477	0
2478	0
2479	0
2480	0
2481	0
2482	0
2483	0
2484	0
2485	0
2486	0
2487	0
2488	0
2489	0
2490	0
2491	0
2492	0
2493	0
2494	0
2495	0
2496	0
2497	0
2498	0
2499	0
2500	0
2501	0
2502	0
2503	0
2504	0
2505	0
2506	0
2507	0
2508	0
2509	0
2510	0
2511	0
2512	0
2513	0
2514	0
2515	0
2516	0
2517	0
2518	0
2519	0
2520	0
2521	0
2522	0
2523	0
2524	0
2525	0
2526	0
2527	0
2528	0
2529	0
2530	0
2531	0
2532	0
2533	0
2534	0
2535	0
2536	0
2537	0
2538	0
2539	0
2540	0
2541	0
2542	0
2543	0
2544	0
2545	0
2546	0
2547	0
2548	0
2549	0
2550	0
2551	0
2552	0
2553	0
2554	0
2555	0
2556	0
2557	0
2558	0
2559	0
2560	0
2561	0
2562	0
2563	0
2564	0
2565	0
2566	0
2567	0
2568	0
2569	0
2570	0
2571	0
2572	0
2573	0
2574	0
2575	0
2576	0
2577	0
2578	0
2579	0
2580	0
2581	0
2582	0
2583	0
2584	0
2585	0
2586	0
2587	0
2588	0
2589	0
2590	0
2591	0
2592	0
2593	0
2594	0
2595	0
2596	0
2597	0
2598	0
2599	0
2600	0
2601	0
2602	0
2603	0
2604	0
2605	0
2606	0
2607	0
2608	0
2609	0
2610	0
2611	0
2612	0
2613	0
2614	0
2615	0
2616	0
2617	0
2618	0
2619	0
2620	0
2621	0
2622	0
2623	0
2624	0
2625	0
2626	0
2627	0
2628	0
2629	0
2630	0
2631	0
2632	0
2633	0
2634	0
2635	0
2636	0
2637	0
2638	0
2639	0
2640	0
2641	0
2642	0
2643	0
2644	0
2645	0
2646	0
2647	0
2648	0
2649	0
2650	0
2651	0
2652	0
2653	0
2654	0
2655	0
2656	0
2657	0
2658	0
2659	0
2660	0
2661	0
2662	0
2663	0
2664	0
2665	0
2666	0
2667	0
2668	0
2669	0
2670	0
2671	1
2672	1
2673	1
2674	1
2675	1
2676	1
2677	1
2678	1
2679	1
2680	1
2681	1
2682	1
2683	1
2684	1
2685	1
2686	1
2687	1
2688	1
2689	1
2690	1
2691	1
2692	1
2693	1
2694	1
2695	1
2696	1
2697	1
2698	1
2699	1
2700	1
2701	1
2702	1
2703	1
2704	1
2705	1
2706	1
2707	1
2708	1
2709	1
2710	1
2711	1
2712	1
2713	1
2714	1
2715	1
2716	1
2717	1
2718	1
2719	1
2720	1
2721	1
2722	1
2723	1
2724	1
2725	1
2726	1
2727	1
2728	1
2729	1
2730	1
2731	1
2732	1
2733	1
2734	1
2735	1
2736	1
2737	1
2738	1
2739	1
2740	1
2741	1
2742	1
2743	1
2744	1
2745	1
2746	1
2747	1
2748	1
2749	1
2750	1
2751	1
2752	1
2753	1
2754	1
2755	1
2756	1
2757	1
2758	1
2759	1
2760	1
2761	1
2762	1
2763	1
2764	1
2765	1
2766	1
2767	1
2768	1
2769	1
2770	1
2771	1
2772	1
2773	1
2774	1
2775	1
2776	1
2777	1
2778	1
2779	1
2780	1
2781	1
2782	1
2783	1
2784	1
2785	1
2786	1
2787	1
2788	1
2789	1
2790	1
2791	1
2792	1
2793	1
2794	1
2795	1
2796	1
2797	1
2798	1
2799	1
2800	1
2801	1
2802	1
2803	1
2804	1
2805	1
2806	1
2807	1
2808	1
2809	1
2810	1
2811	1
2812	1
2813	1
2814	1
2815	1
2816	1
2817	1
2818	1
2819	1
2820	1
2821	1
2822	1
2823	1
2824	1
2825	1
2826	1
2827	1
2828	1
2829	1
2830	1
2831	1
2832	1
2833	1
2834	1
2835	1
2836	1
2837	1
2838	1
2839	1
2840	1
2841	1
2842	1
2843	1
2844	1
2845	1
2846	1
2847	1
2848	1
2849	1
2850	1
2851	1
2852	1
2853	1
2854	1
2855	1
2856	1
2857	1
2858	1
2859	1
2860	1
2861	1
2862	1
2863	1
2864	1
2865	1
2866	1
2867	1
2868	1
2869	1
2870	1
2871	1
2872	1
2873	1
2874	1
2875	1
2876	1
2877	1
2878	1
2879	1
2880	1
2881	1
2882	1
2883	1
2884	1
2885	1
2886	1
2887	1
2888	1
2889	1
2890	1
2891	1
2892	1
2893	1
2894	1
2895	1
2896	1
2897	1
2898	1
2899	1
2900	1
2901	1
2902	1
2903	1
2904	1
2905	1
2906	1
2907	1
2908	1
2909	1
2910	1
2911	1
2912	1
2913	1
2914	1
2915	1
2916	1
2917	1
2918	1
2919	1
2920	1
2921	1
2922	1
2923	1
2924	1
2925	1
2926	1
2927	1
2928	1
2929	1
2930	1
2931	1
2932	1
2933	1
2934	1
2935	1
2936	1
2937	1
2938	1
2939	1
2940	1
2941	1
2942	1
2943	1
2944	1
2945	1
2946	1
2947	1
2948	1
2949	1
2950	1
2951	1
2952	1
2953	1
2954	1
2955	1
2956	1
2957	1
2958	1
2959	1
2960	1
2961	1
2962	1
2963	1
2964	1
2965	1
2966	1
2967	1
2968	1
2969	1
2970	1
2971	1
2972	1
2973	1
2974	1
2975	1
2976	1
2977	1
2978	1
2979	1
2980	1
2981	1
2982	1
2983	1
2984	1
2985	1
2986	1
2987	1
2988	1
2989	1
2990	1
2991	1
2992	1
2993	1
2994	1
2995	1
2996	1
2997	1
2998	1
2999	1
3000	1
3001	1
3002	1
3003	1
3004	1
3005	1
3006	1
3007	1
3008	1
3009	1
3010	1
3011	1
3012	1
3013	1
3014	1
3015	1
3016	1
3017	1
3018	1
3019	1
3020	1
3021	1
3022	1
3023	1
3024	1
3025	1
3026	1
3027	1
3028	1
3029	1
3030	1
3031	1
3032	1
3033	1
3034	1
3035	1
3036	1
3037	1
3038	1
3039	1
3040	1
3041	1
3042	1
3043	1
3044	1
3045	1
3046	1
3047	1
3048	1
3049	1
3050	1
3051	1
3052	1
3053	1
3054	1
3055	1
3056	1
3057	1
3058	1
3059	1
3060	1
3061	1
3062	1
3063	1
3064	1
3065	1
3066	1
3067	1
3068	1
3069	2
3070	2
3071	2
3072	2
3073	2
3074	2
3075	2
3076	2
3077	2
3078	2
3079	2
3080	2
3081	2
3082	2
3083	2
3084	2
3085	2
3086	2
3087	2
3088	2
3089	2
3090	2
3091	2
3092	2
3093	2
3094	2
3095	2
3096	2
3097	2
3098	2
3099	2
3100	2
3101	2
3102	2
3103	2
3104	2
3105	2
3106	2
3107	2
3108	2
3109	2
3110	2
3111	2
3112	2
3113	2
3114	2
3115	2
3116	2
3117	2
3118	2
3119	2
3120	2
3121	2
3122	2
3123	2
3124	2
3125	2
3126	2
3127	2
3128	2
3129	2
3130	2
3131	2
3132	2
3133	2
3134	2
3135	2
3136	2
3137	2
3138	2
3139	2
3140	2
3141	2
3142	2
3143	2
3144	2
3145	2
3146	2
3147	2
3148	2
3149	2
3150	2
3151	2
3152	2
3153	2
3154	2
3155	2
3156	2
3157	2
3158	2
3159	2
3160	2
3161	2
3162	2
3163	2
3164	2
3165	2
3166	2
3167	2
3168	2
3169	2
3170	2
3171	2
3172	2
3173	2
3174	2
3175	2
3176	2
3177	2
3178	2
3179	2
3180	2
3181	2
3182	2
3183	2
3184	2
3185	2
3186	2
3187	2
3188	2
3189	2
3190	2
3191	2
3192	2
3193	2
3194	2
3195	2
3196	2
3197	2
3198	2
3199	2
3200	2
3201	2
3202	2
3203	2
3204	2
3205	2
3206	2
3207	2
3208	2
3209	2
3210	2
3211	2
3212	2
3213	2
3214	2
3215	2
3216	2
3217	2
3218	2
3219	2
3220	2
3221	2
3222	2
3223	2
3224	2
3225	2
3226	2
3227	2
3228	2
3229	2
3230	2
3231	2
3232	2
3233	2
3234	2
3235	2
3236	2
3237	2
3238	2
3239	2
3240	2
3241	2
3242	2
3243	2
3244	2
3245	2
3246	2
3247	2
3248	2
3249	2
3250	2
3251	2
3252	2
3253	2
3254	2
3255	2
3256	2
3257	2
3258	2
3259	2
3260	2
3261	2
3262	2
3263	2
3264	2
3265	2
3266	2
3267	2
3268	2
3269	2
3270	2
3271	2
3272	2
3273	2
3274	2
3275	2
3276	2
3277	2
3278	2
3279	2
3280	2
3281	2
3282	2
3283	2
3284	2
3285	2
3286	2
3287	2
3288	2
3289	2
3290	2
3291	2
3292	2
3293	2
3294	2
3295	2
3296	2
3297	2
3298	2
3299	2
3300	2
3301	2
3302	2
3303	2
3304	2
3305	2
3306	2
3307	2
3308	2
3309	2
3310	2
3311	2
3312	2
3313	2
3314	2
3315	2
3316	2
3317	2
3318	2
3319	2
3320	2
3321	2
3322	2
3323	2
3324	2
3325	2
3326	2
3327	2
3328	2
3329	2
3330	2
3331	2
3332	2
3333	2
3334	2
3335	2
3336	2
3337	2
3338	2
3339	2
3340	2
3341	2
3342	2
3343	2
3344	2
3345	2
3346	2
3347	2
3348	2
3349	2
3350	2
3351	2
3352	2
3353	2
3354	2
3355	2
3356	2
3357	2
3358	2
3359	2
3360	2
3361	2
3362	2
3363	2
3364	2
3365	2
3366	2
3367	2
3368	2
3369	2
3370	2
3371	2
3372	2
3373	2
3374	2
3375	2
3376	2
3377	2
3378	2
3379	2
3380	2
3381	2
3382	2
3383	2
3384	2
3385	2
3386	2
3387	2
3388	2
3389	2
3390	2
3391	2
3392	2
3393	2
3394	2
3395	2
3396	2
3397	2
3398	2
3399	2
3400	2
3401	2
3402	2
3403	2
3404	2
3405	2
3406	2
3407	2
3408	2
3409	2
3410	2
3411	2
3412	2
3413	3
3414	3
3415	3
3416	3
3417	3
3418	3
3419	3
3420	3
3421	3
3422	3
3423	3
3424	3
3425	3
3426	3
3427	3
3428	3
3429	3
3430	3
3431	3
3432	3
3433	3
3434	3
3435	3
3436	3
3437	3
3438	3
3439	3
3440	3
3441	3
3442	3
3443	3
3444	3
3445	3
3446	3
3447	3
3448	3
3449	3
3450	3
3451	3
3452	3
3453	3
3454	3
3455	3
3456	3
3457	3
3458	3
3459	3
3460	3
3461	3
3462	3
3463	4
3464	4
3465	4
3466	4
3467	4
3468	4
3469	4
3470	4
3471	4
3472	4
3473	4
3474	4
3475	4
3476	4
3477	4
3478	4
3479	4
3480	4
3481	4
3482	4
3483	4
3484	4
3485	4
3486	4
3487	4
3488	4
3489	4
3490	4
3491	4
3492	4
3493	4
3494	4
3495	4
3496	4
3497	4
3498	4
3499	4
3500	4
3501	4
3502	4
3503	4
3504	4
3505	4
3506	4
3507	4
3508	4
3509	4
3510	4
3511	4
3512	4
3513	4
3514	4
3515	4
3516	4
3517	4
3518	4
3519	4
3520	4
3521	4
3522	4
3523	4
3524	4
3525	4
3526	4
3527	4
3528	4
3529	4
3530	4
3531	4
3532	4
3533	4
3534	4
3535	4
3536	4
3537	4
3538	4
3539	4
3540	5
3541	5
3542	5
3543	5
3544	5
3545	5
3546	5
3547	5
3548	5
3549	5
3550	5
3551	5
3552	5
3553	5
3554	5
3555	5
3556	5
3557	5
3558	5
3559	5
3560	5
3561	5
3562	5
3563	5
3564	5
3565	5
3566	5
3567	5
3568	5
3569	5
3570	5
3571	5
3572	5
3573	5
3574	5
3575	5
3576	5
3577	5
3578	5
3579	5
3580	5
3581	5
3582	5
3583	5
3584	5
3585	5
3586	5
3587	5
3588	5
3589	5
3590	5
3591	5
3592	5
3593	5
3594	5
3595	5
3596	5
3597	5
3598	5
3599	5
3600	5
3601	5
3602	5
3603	5
3604	5
3605	5
3606	5
3607	5
3608	5
3609	5
3610	5
3611	5
3612	5
3613	5
3614	5
3615	5
3616	5
3617	5
3618	5
3619	5
3620	5
3621	5
3622	5
3623	5
3624	5
3625	5
3626	5
3627	5
3628	5
3629	5
3630	5
3631	5
3632	5
3633	5
3634	5
3635	5
3636	5
3637	5
3638	5
3639	5
3640	5
3641	5
3642	5
3643	5
3644	5
3645	5
3646	5
3647	5
3648	5
3649	5
3650	5
3651	5
3652	5
3653	5
3654	5
3655	5
3656	5
3657	5
3658	5
3659	5
3660	5
3661	5
3662	5
3663	5
3664	5
3665	5
3666	5
3667	5
3668	5
3669	5
3670	5
3671	5
3672	5
3673	5
3674	5
3675	5
3676	5
3677	5
3678	5
3679	5
3680	5
3681	5
3682	5
3683	5
3684	5
3685	5
3686	5
3687	5
3688	5
3689	5
3690	5
3691	5
3692	5
3693	5
3694	5
3695	5
3696	5
3697	5
3698	5
3699	5
3700	5
3701	5
3702	5
3703	5
3704	5
3705	5
3706	5
3707	5
3708	5
3709	5
3710	5
3711	5
3712	5
3713	5
3714	5
3715	5
3716	5
3717	5
3718	5
3719	5
3720	5
3721	5
3722	5
3723	5
3724	5
3725	5
3726	5
3727	5
3728	5
3729	5
3730	5
3731	5
3732	5
3733	5
3734	5
3735	5
3736	5
3737	5
3738	5
3739	5
3740	5
3741	5
3742	5
3743	5
3744	5
3745	5
3746	5
3747	5
3748	5
3749	5
3750	5
3751	5
3752	5
3753	5
3754	5
3755	5
3756	5
3757	5
3758	5
3759	5
3760	5
3761	5
3762	5
3763	5
3764	5
3765	5
3766	5
3767	5
3768	5
3769	5
3770	5
3771	5
3772	5
3773	5
3774	5
3775	5
3776	5
3777	5
3778	5
3779	5
3780	5
3781	5
3782	5
3783	5
3784	5
3785	5
3786	5
3787	5
3788	5
3789	5
3790	5
3791	5
3792	5
3793	5
3794	5
3795	5
3796	5
3797	5
3798	5
3799	5
3800	5
3801	5
3802	5
3803	5
3804	5
3805	5
3806	5
3807	5
3808	5
3809	5
3810	5
3811	5
3812	5
3813	5
3814	5
3815	5
3816	5
3817	5
3818	5
3819	5
3820	5
3821	5
3822	5
3823	5
3824	5
3825	5
3826	5
3827	5
3828	5
3829	5
3830	5
3831	5
3832	5
3833	5
3834	5
3835	5
3836	5
3837	5
3838	5
3839	5
3840	5
3841	5
3842	5
3843	5
3844	5
3845	5
3846	5
3847	5
3848	5
3849	5
3850	5
3851	5
3852	5
3853	5
3854	5
3855	5
3856	5
3857	5
3858	5
3859	5
3860	5
3861	5
3862	5
3863	5
3864	5
3865	5
3866	5
3867	5
3868	5
3869	5
3870	5
3871	5
3872	5
3873	5
3874	5
3875	5
3876	5
3877	5
3878	5
3879	5
3880	5
3881	5
3882	5
3883	5
3884	5
3885	5
3886	5
3887	5
3888	5
3889	5
3890	5
3891	5
3892	5
3893	5
3894	5
3895	5
3896	5
3897	5
3898	5
3899	5
3900	5
3901	5
3902	5
3903	5
3904	5
3905	5
3906	5
3907	5
3908	5
3909	5
3910	5
3911	5
3912	5
3913	5
3914	5
3915	5
3916	5
3917	5
3918	5
3919	5
3920	5
3921	5
3922	5
3923	5
3924	5
3925	5
3926	5
3927	5
3928	5
3929	5
3930	5
3931	5
3932	5
3933	5
3934	5
3935	5
3936	5
3937	5
3938	5
3939	5
3940	5
3941	5
3942	5
3943	5
3944	5
3945	5
3946	5
3947	5
3948	5
3949	5
3950	5
3951	5
3952	5
3953	5
3954	5
3955	5
3956	5
3957	5
3958	5
3959	5
3960	5
3961	5
3962	5
3963	5
3964	5
3965	5
3966	5
3967	5
3968	5
3969	5
3970	5
3971	5
3972	5
3973	5
3974	5
3975	5
3976	5
3977	5
3978	5
3979	5
3980	5
3981	5
3982	5
3983	5
3984	5
3985	5
3986	5
3987	5
3988	5
3989	5
3990	5
3991	5
3992	5
3993	5
3994	5
3995	5
3996	5
3997	5
3998	5
3999	5
4000	5
4001	5
4002	5
4003	5
4004	5
4005	5
4006	5
4007	5
4008	5
4009	5
4010	5
4011	5
4012	5
4013	5
4014	5
4015	5
4016	5
4017	5
4018	5
4019	5
4020	5
4021	5
4022	5
4023	5
4024	5
4025	5
4026	5
4027	5
4028	5
4029	5
4030	5
4031	5
4032	5
4033	5
4034	5
4035	5
4036	5
4037	5
4038	5
4039	5
4040	5
4041	5
4042	5
4043	5
4044	5
4045	5
4046	5
4047	5
4048	5
4049	5
4050	5
4051	5
4052	5
4053	5
4054	5
4055	5
4056	5
4057	5
4058	5
4059	5
4060	5
4061	5
4062	5
4063	5
4064	5
4065	5
4066	5
4067	5
4068	5
4069	5
4070	5
4071	5
4072	5
4073	5
4074	5
4075	5
4076	5
4077	5
4078	5
4079	5
4080	5
4081	5
4082	5
4083	5
4084	5
4085	5
4086	5
4087	5
4088	5
4089	5
4090	5
4091	5
4092	5
4093	5
4094	5
4095	5
4096	5
4097	5
4098	5
4099	5
4100	5
4101	5
4102	5
4103	5
4104	5
4105	5
4106	5
4107	5
4108	5
4109	5
4110	5
4111	5
4112	5
4113	5
4114	5
4115	5
4116	5
4117	5
4118	5
4119	5
4120	5
4121	5
4122	5
4123	5
4124	5
4125	5
4126	5
4127	5
4128	5
4129	5
4130	5
4131	5
4132	5
4133	5
4134	5
4135	5
4136	5
4137	5
4138	5
4139	5
4140	5
4141	5
4142	5
4143	5
4144	5
4145	5
4146	5
4147	5
4148	5
4149	5
4150	5
4151	5
4152	5
4153	5
4154	5
4155	5
4156	5
4157	5
4158	5
4159	5
4160	5
4161	5
4162	5
4163	5
4164	5
4165	5
4166	5
4167	5
4168	5
4169	5
4170	5
4171	5
4172	5
4173	5
4174	5
4175	5
4176	5
4177	5
4178	5
4179	5
4180	5
4181	5
4182	5
4183	5
4184	5
4185	5
4186	5
4187	5
4188	5
4189	5
4190	5
4191	5
4192	5
4193	5
4194	5
4195	5
4196	5
4197	5
4198	5
4199	5
4200	5
4201	5
4202	5
4203	5
4204	5
4205	5
4206	5
4207	5
4208	5
4209	5
4210	5
4211	5
4212	5
4213	5
4214	5
4215	5
4216	5
4217	5
4218	5
4219	5
4220	5
4221	5
4222	5
4223	5
4224	5
4225	5
4226	5
4227	5
4228	5
4229	5
4230	5
4231	5
4232	5
4233	5
4234	5
4235	5
4236	5
4237	5
4238	5
4239	5
4240	5
4241	5
4242	5
4243	5
4244	5
4245	5
4246	5
4247	5
4248	5
4249	5
4250	5
4251	5
4252	5
4253	5
4254	5
4255	5
4256	5
4257	5
4258	5
4259	5
4260	5
4261	5
4262	5
4263	5
4264	5
4265	5
4266	5
4267	5
4268	5
4269	5
4270	5
4271	5
4272	5
4273	5
4274	5
4275	5
4276	5
4277	5
4278	5
4279	5
4280	5
4281	5
4282	5
4283	5
4284	5
4285	5
4286	5
4287	5
4288	5
4289	5
4290	5
4291	5
4292	5
4293	5
4294	5
4295	5
4296	5
4297	5
4298	5
4299	5
4300	5
4301	5
4302	5
4303	5
4304	5
4305	5
4306	5
4307	5
4308	5
4309	5
4310	5
4311	5
4312	5
4313	5
4314	5
4315	5
4316	5
4317	5
4318	5
4319	5
4320	5
4321	5
4322	5
4323	5
4324	5
4325	5
4326	5
4327	5
4328	5
4329	5
4330	5
4331	5
4332	5
4333	5
4334	5
4335	5
4336	5
4337	5
4338	5
4339	5
4340	5
4341	5
4342	5
4343	5
4344	5
4345	5
4346	5
4347	5
4348	5
4349	5
4350	5
4351	5
4352	5
4353	5
4354	5
4355	5
4356	5
4357	5
4358	5
4359	5
4360	5
4361	5
4362	5
4363	5
4364	5
4365	5
4366	5
4367	5
4368	5
4369	5
4370	5
4371	5
4372	5
4373	5
4374	5
4375	5
4376	5
4377	5
4378	5
4379	5
4380	5
4381	5
4382	5
4383	5
4384	5
4385	5
4386	5
4387	5
4388	5
4389	5
4390	5
4391	5
4392	5
4393	5
4394	5
4395	5
4396	5
4397	5
4398	5
4399	5
4400	5
4401	6
4402	6
4403	6
4404	6
4405	6
4406	6
4407	6
4408	6
4409	6
4410	6
4411	6
4412	6
4413	6
4414	6
4415	6
4416	6
4417	6
4418	6
4419	6
4420	6
4421	6
4422	6
4423	6
4424	6
4425	6
4426	6
4427	6
4428	6
4429	6
4430	6
4431	6
4432	6
4433	6
4434	6
4435	6
4436	6
4437	6
4438	6
4439	6
4440	6
4441	6
4442	6
4443	6
4444	6
4445	6
4446	6
4447	6
4448	6
4449	6
4450	6
4451	6
4452	6
4453	6
4454	6
4455	6
4456	6
4457	6
4458	6
4459	6
4460	6
4461	6
4462	6
4463	6
4464	6
4465	6
4466	6
4467	6
4468	6
4469	6
4470	6
4471	6
4472	6
4473	6
4474	6
4475	6
4476	6
4477	6
4478	6
4479	6
4480	6
4481	6
4482	6
4483	6
4484	7
4485	7
4486	7
4487	7
4488	7
4489	7
4490	7
4491	7
4492	7
4493	7
4494	7
4495	7
4496	7
4497	7
4498	7
4499	7
4500	7
4501	7
4502	7
4503	7
4504	7
4505	7
4506	7
4507	7
4508	7
4509	7
4510	7
4511	7
4512	7
4513	7
4514	7
4515	7
4516	7
4517	7
4518	7
4519	7
4520	7
4521	7
4522	7
4523	7
4524	7
4525	7
4526	7
4527	7
4528	7
4529	7
4530	7
4531	7
4532	7
4533	7
4534	7
4535	7
4536	7
4537	7
4538	7
4539	7
4540	7
4541	7
4542	7
4543	7
4544	7
4545	7
4546	7
4547	7
4548	7
4549	7
4550	7
4551	7
4552	7
4553	7
4554	7
4555	7
4556	7
4557	7
4558	7
4559	7
4560	7
4561	7
4562	7
4563	7
4564	7
4565	7
4566	7
4567	7
4568	7
4569	7
4570	8
4571	8
4572	8
4573	8
4574	8
4575	8
4576	8
4577	8
4578	8
4579	8
4580	8
4581	8
4582	8
4583	8
4584	8
4585	8
4586	8
4587	8
4588	8
4589	8
4590	8
4591	8
4592	8
4593	8
4594	8
4595	8
4596	8
4597	8
4598	8
4599	8
4600	8
4601	8
4602	8
4603	8
4604	8
4605	8
4606	8
4607	8
4608	8
4609	8
4610	8
4611	8
4612	8
4613	8
4614	8
4615	8
4616	8
4617	8
4618	8
4619	8
4620	8
4621	8
4622	8
4623	8
4624	8
4625	8
4626	8
4627	8
4628	8
4629	8
4630	8
4631	8
4632	8
4633	8
4634	8
4635	8
4636	8
4637	8
4638	8
4639	8
4640	8
4641	8
4642	8
4643	8
4644	8
4645	8
4646	8
4647	8
4648	8
4649	8
4650	9
4651	9
4652	9
4653	9
4654	9
4655	9
4656	9
4657	9
4658	9
4659	9
4660	9
4661	9
4662	9
4663	9
4664	9
4665	9
4666	9
4667	9
4668	9
4669	9
4670	9
4671	9
4672	9
4673	9
4674	9
4675	9
4676	9
4677	9
4678	9
4679	9
4680	9
4681	9
4682	9
4683	9
4684	9
4685	9
4686	9
4687	9
4688	9
4689	9
4690	9
4691	9
4692	9
4693	9
4694	9
4695	9
4696	9
4697	9
4698	9
4699	9
4700	9
4701	9
4702	9
4703	9
4704	9
4705	9
4706	9
4707	9
4708	9
4709	9
4710	9
4711	9
4712	9
4713	9
4714	9
4715	9
4716	9
4717	9
4718	9
4719	9
4720	9
4721	9
4722	9
4723	9
4724	9
4725	9
4726	9
4727	9
4728	9
4729	9
4730	9
4731	9
4732	9
4733	9
4734	9
4735	9
4736	9
4737	9
4738	9
4739	9
4740	9
4741	9
4742	9
4743	9
4744	9
4745	9
4746	9
4747	9
4748	9
4749	9
4750	9
4751	9
4752	9
4753	9
4754	9
4755	9
4756	9
4757	9
4758	9
4759	9
4760	9
4761	9
4762	9
4763	9
4764	9
4765	9
4766	9
4767	9
4768	9
4769	9
4770	9
4771	9
4772	9
4773	9
4774	9
4775	9
4776	10
4777	10
4778	10
4779	10
4780	10
4781	10
4782	10
4783	10
4784	10
4785	10
4786	10
4787	10
4788	10
4789	10
4790	10
4791	10
4792	10
4793	10
4794	10
4795	10
4796	10
4797	10
4798	10
4799	10
4800	10
4801	10
4802	10
4803	10
4804	10
4805	10
4806	10
4807	10
4808	10
4809	10
4810	10
4811	10
4812	10
4813	10
4814	10
4815	10
4816	10
4817	10
4818	10
4819	10
4820	10
4821	10
4822	10
4823	10
4824	10
4825	10
4826	10
4827	10
4828	10
4829	10
4830	10
4831	10
4832	10
4833	10
4834	10
4835	10
4836	10
4837	10
4838	10
4839	10
4840	10
4841	10
4842	10
4843	10
4844	10
4845	10
4846	10
4847	10
4848	10
4849	10
4850	10
4851	10
4852	10
4853	10
4854	10
4855	10
4856	10
4857	10
4858	10
4859	10
4860	10
4861	10
4862	10
4863	10
4864	10
4865	10
4866	10
4867	10
4868	10
4869	10
4870	10
4871	10
4872	10
4873	10
4874	10
4875	10
4876	10
4877	10
4878	10
4879	10
4880	10
4881	10
4882	10
4883	10
4884	10
4885	10
4886	10
4887	10
4888	10
4889	10
4890	10
4891	10
4892	10
4893	10
4894	10
4895	10
4896	10
4897	10
4898	10
4899	10
4900	10
4901	10
4902	10
4903	10
4904	10
4905	10
4906	10
4907	11
4908	11
4909	11
4910	11
4911	11
4912	11
4913	11
4914	11
4915	11
4916	11
4917	11
4918	11
4919	11
4920	11
4921	11
4922	11
4923	11
4924	11
4925	11
4926	11
4927	11
4928	11
4929	11
4930	11
4931	11
4932	11
4933	11
4934	11
4935	11
4936	11
4937	11
4938	11
4939	11
4940	11
4941	11
4942	11
4943	11
4944	11
4945	11
4946	11
4947	11
4948	11
4949	11
4950	11
4951	11
4952	11
4953	11
4954	11
4955	11
4956	11
4957	11
4958	11
4959	11
4960	11
4961	11
4962	11
4963	11
4964	11
4965	11
4966	11
4967	11
4968	11
4969	11
4970	11
4971	11
4972	11
4973	11
4974	11
4975	11
4976	11
4977	11
4978	11
4979	11
4980	11
4981	11
4982	11
4983	11
4984	11
4985	11
4986	11
4987	11
4988	11
4989	11
4990	11
4991	11
4992	11
4993	11
4994	11
4995	11
4996	11
4997	11
4998	12
4999	12
5000	12
5001	12
5002	12
5003	12
5004	12
5005	12
5006	12
5007	12
5008	12
5009	12
5010	12
5011	12
5012	12
5013	12
5014	12
5015	12
5016	12
5017	12
5018	12
5019	12
5020	12
5021	12
5022	12
5023	12
5024	12
5025	12
5026	12
5027	12
5028	12
5029	12
5030	12
5031	12
5032	12
5033	12
5034	12
5035	12
5036	12
5037	12
5038	12
5039	12
5040	12
5041	12
5042	12
5043	12
5044	12
5045	12
5046	12
5047	12
5048	12
5049	12
5050	12
5051	12
5052	12
5053	12
5054	12
5055	12
5056	12
5057	12
5058	12
5059	12
5060	12
5061	12
5062	12
5063	12
5064	12
5065	12
5066	12
5067	12
5068	12
5069	12
5070	12
5071	12
5072	12
5073	12
5074	12
5075	12
5076	12
5077	12
5078	12
5079	12
5080	12
5081	12
5082	12
5083	12
5084	12
5085	12
5086	12
5087	12
5088	12
5089	12
5090	12
5091	12
5092	12
5093	12
5094	12
5095	12
5096	12
5097	12
5098	12
5099	12
5100	12
5101	12
5102	12
5103	12
5104	12
5105	12
5106	12
5107	12
5108	12
5109	12
5110	12
5111	12
5112	12
5113	12
5114	12
5115	12
5116	12
5117	12
5118	12
5119	12
5120	12
5121	12
5122	12
5123	12
5124	12
5125	12
5126	12
5127	12
5128	12
5129	12
5130	12
5131	12
5132	12
5133	12
5134	12
5135	12
5136	12
5137	12
5138	12
5139	12
5140	12
5141	12
5142	12
5143	12
5144	12
5145	12
5146	12
5147	12
5148	12
5149	12
5150	12
5151	12
5152	12
5153	12
5154	12
5155	12
5156	12
5157	12
5158	12
5159	12
5160	12
5161	12
5162	12
5163	12
5164	12
5165	12
5166	12
5167	12
5168	12
5169	12
5170	12
5171	12
5172	12
5173	12
5174	12
5175	12
5176	12
5177	12
5178	12
5179	12
5180	12
5181	12
5182	12
5183	12
5184	12
5185	12
5186	12
5187	12
5188	12
5189	12
5190	12
5191	12
5192	12
5193	12
5194	12
5195	12
5196	12
5197	12
5198	12
5199	12
5200	12
5201	12
5202	12
5203	12
5204	12
5205	12
5206	12
5207	12
5208	12
5209	12
5210	12
5211	12
5212	12
5213	12
5214	12
5215	12
5216	12
5217	12
5218	12
5219	12
5220	12
5221	12
5222	12
5223	12
5224	12
5225	12
5226	12
5227	12
5228	12
5229	12
5230	12
5231	12
5232	12
5233	12
5234	12
5235	12
5236	12
5237	12
5238	12
5239	12
5240	12
5241	12
5242	12
5243	12
5244	12
5245	12
5246	12
5247	12
5248	12
5249	12
5250	12
5251	12
5252	12
5253	12
5254	12
5255	12
5256	12
5257	12
5258	12
5259	12
5260	12
5261	12
5262	12
5263	12
5264	12
5265	12
5266	12
5267	12
5268	12
5269	12
5270	12
5271	12
5272	12
5273	12
5274	12
5275	12
5276	12
5277	12
5278	12
5279	12
5280	12
5281	12
5282	12
5283	12
5284	12
5285	12
5286	12
5287	12
5288	12
5289	12
5290	12
5291	12
5292	13
5293	13
5294	13
5295	13
5296	13
5297	13
5298	13
5299	13
5300	13
5301	13
5302	13
5303	13
5304	13
5305	13
5306	13
5307	13
5308	13
5309	13
5310	13
5311	13
5312	13
5313	13
5314	13
5315	13
5316	13
5317	13
5318	13
5319	13
5320	13
5321	13
5322	13
5323	13
5324	13
5325	13
5326	13
5327	13
5328	13
5329	13
5330	13
5331	13
5332	13
5333	13
5334	13
5335	13
5336	13
5337	13
5338	13
5339	13
5340	13
5341	13
5342	13
5343	13
5344	13
5345	13
5346	13
5347	13
5348	13
5349	13
5350	13
5351	13
5352	13
5353	13
5354	13
5355	13
5356	13
5357	13
5358	13
5359	13
5360	13
5361	13
5362	13
5363	13
5364	13
5365	13
5366	13
5367	13
5368	13
5369	13
5370	13
5371	13
5372	13
5373	13
5374	13
5375	13
5376	13
5377	13
5378	13
5379	13
5380	13
5381	13
5382	13
5383	13
5384	13
5385	13
5386	13
5387	13
5388	13
5389	13
5390	13
5391	13
5392	13
5393	13
5394	13
5395	13
5396	13
5397	13
5398	13
5399	13
5400	13
5401	13
5402	13
5403	13
5404	13
5405	13
5406	13
5407	13
5408	13
5409	13
5410	13
5411	13
5412	13
5413	13
5414	13
5415	13
5416	13
5417	13
5418	13
5419	13
5420	13
5421	13
5422	13
5423	13
5424	13
5425	13
5426	13
5427	13
5428	13
5429	13
5430	13
5431	13
5432	13
5433	13
5434	13
5435	13
5436	13
5437	13
5438	13
5439	13
5440	13
5441	13
5442	13
5443	13
5444	13
5445	13
5446	13
5447	13
5448	13
5449	13
5450	13
5451	13
5452	13
5453	13
5454	13
5455	13
5456	13
5457	13
5458	13
5459	13
5460	13
5461	13
5462	13
5463	13
5464	13
5465	13
5466	13
5467	13
5468	13
5469	13
5470	13
5471	13
5472	13
5473	13
5474	13
5475	13
5476	13
5477	13
5478	13
5479	13
5480	13
5481	13
5482	13
5483	13
5484	13
5485	13
5486	13
5487	13
5488	13
5489	13
5490	13
5491	13
5492	13
5493	13
5494	13
5495	13
5496	13
5497	13
5498	13
5499	13
5500	13
5501	13
5502	13
5503	13
5504	13
5505	13
5506	13
5507	13
5508	13
5509	13
5510	13
5511	13
5512	13
5513	13
5514	13
5515	13
5516	13
5517	13
5518	13
5519	13
5520	13
5521	13
5522	13
5523	13
5524	13
5525	13
5526	13
5527	13
5528	13
5529	13
5530	13
5531	13
5532	13
5533	13
5534	13
5535	13
5536	13
5537	13
5538	13
5539	13
5540	13
5541	13
5542	13
5543	13
5544	13
5545	13
5546	13
5547	13
5548	13
5549	13
5550	13
5551	13
5552	13
5553	13
5554	13
5555	13
5556	13
5557	13
5558	13
5559	13
5560	13
5561	13
5562	13
5563	13
5564	13
5565	13
5566	13
5567	13
5568	13
5569	13
5570	13
5571	13
5572	13
5573	13
5574	13
5575	13
5576	13
5577	13
5578	13
5579	13
5580	13
5581	13
5582	13
5583	13
5584	13
5585	13
5586	13
5587	13
5588	13
5589	13
5590	13
5591	13
5592	13
5593	13
5594	13
5595	13
5596	13
5597	13
5598	13
5599	13
5600	13
5601	13
5602	13
5603	13
5604	13
5605	13
5606	13
5607	13
5608	13
5609	13
5610	13
5611	13
5612	13
5613	13
5614	13
5615	13
5616	13
5617	13
5618	13
5619	13
5620	13
5621	13
5622	13
5623	13
5624	13
5625	13
5626	13
5627	13
5628	13
5629	13
5630	13
5631	13
5632	13
5633	13
5634	13
5635	13
5636	13
5637	13
5638	13
5639	13
5640	13
5641	13
5642	13
5643	13
5644	13
5645	13
5646	13
5647	13
5648	13
5649	13
5650	13
5651	13
5652	13
5653	13
5654	13
5655	13
5656	13
5657	13
5658	13
5659	13
5660	14
5661	14
5662	14
5663	14
5664	14
5665	14
5666	14
5667	14
5668	14
5669	14
5670	14
5671	14
5672	14
5673	14
5674	14
5675	14
5676	14
5677	14
5678	14
5679	14
5680	14
5681	14
5682	14
5683	14
5684	14
5685	14
5686	14
5687	14
5688	14
5689	14
5690	14
5691	14
5692	14
5693	14
5694	14
5695	14
5696	14
5697	14
5698	14
5699	14
5700	14
5701	14
5702	14
5703	14
5704	14
5705	14
5706	14
5707	14
5708	14
5709	14
5710	14
5711	14
5712	14
5713	14
5714	14
5715	14
5716	14
5717	14
5718	14
5719	14
5720	14
5721	14
5722	14
5723	14
5724	14
5725	14
5726	14
5727	14
5728	14
5729	14
5730	14
5731	14
5732	14
5733	14
5734	14
5735	14
5736	14
5737	14
5738	14
5739	14
5740	14
5741	14
5742	14
5743	14
5744	14
5745	14
5746	14
5747	14
5748	14
5749	14
5750	14
5751	14
5752	14
5753	14
5754	14
5755	14
5756	14
5757	14
5758	14
5759	14
5760	14
5761	14
5762	14
5763	14
5764	14
5765	14
5766	14
5767	14
5768	14
5769	14
5770	14
5771	14
5772	14
5773	14
5774	14
5775	14
5776	14
5777	14
5778	14
5779	14
5780	14
5781	14
5782	14
5783	14
5784	14
5785	14
5786	14
5787	14
5788	14
5789	14
5790	14
5791	14
5792	14
5793	14
5794	14
5795	14
5796	14
5797	14
5798	14
5799	14
5800	14
5801	14
5802	14
5803	14
5804	14
5805	14
5806	14
5807	14
5808	14
5809	14
5810	14
5811	14
5812	14
5813	14
5814	14
5815	14
5816	14
5817	14
5818	14
5819	14
5820	14
5821	14
5822	14
5823	14
5824	14
5825	14
5826	14
5827	14
5828	14
5829	14
5830	14
5831	14
5832	14
5833	14
5834	14
5835	14
5836	14
5837	14
5838	14
5839	14
5840	14
5841	14
5842	14
5843	14
5844	14
5845	14
5846	14
5847	14
5848	14
5849	14
5850	14
5851	14
5852	14
5853	14
5854	14
5855	14
5856	14
5857	14
5858	14
5859	14
5860	14
5861	14
5862	14
5863	14
5864	14
5865	14
5866	14
5867	14
5868	14
5869	14
5870	14
5871	14
5872	14
5873	14
5874	14
5875	14
5876	14
5877	14
5878	14
5879	14
5880	14
5881	14
5882	14
5883	14
5884	14
5885	14
5886	14
5887	14
5888	14
5889	14
5890	14
5891	14
5892	14
5893	14
5894	14
5895	14
5896	14
5897	14
5898	14
5899	14
5900	14
5901	14
5902	14
5903	14
5904	14
5905	14
5906	14
5907	14
5908	14
5909	14
5910	14
5911	14
5912	14
5913	14
5914	14
5915	14
5916	14
5917	14
5918	14
5919	14
5920	14
5921	14
5922	14
5923	14
5924	14
5925	14
5926	14
5927	14
5928	14
5929	14
5930	14
5931	14
5932	14
5933	14
5934	14
5935	14
5936	14
5937	14
5938	14
5939	14
5940	14
5941	14
5942	14
5943	14
5944	14
5945	14
5946	14
5947	14
5948	14
5949	14
5950	14
5951	14
5952	14
5953	14
5954	14
5955	14
5956	14
5957	14
5958	14
5959	14
5960	14
5961	14
5962	14
5963	14
5964	14
5965	14
5966	14
5967	14
5968	14
5969	14
5970	14
5971	14
5972	14
5973	14
5974	14
5975	14
5976	14
5977	14
5978	14
5979	14
5980	14
5981	14
5982	14
5983	14
5984	14
5985	14
5986	14
5987	14
5988	14
5989	14
5990	14
5991	14
5992	14
5993	14
5994	14
5995	14
5996	14
5997	14
5998	14
5999	14
6000	14
6001	14
6002	14
6003	14
6004	14
6005	14
6006	14
6007	14
6008	14
6009	14
6010	14
6011	14
6012	14
6013	14
6014	14
6015	14
6016	14
6017	14
6018	14
6019	14
6020	14
6021	14
6022	14
6023	14
6024	14
6025	14
6026	14
6027	14
6028	14
6029	14
6030	14
6031	14
6032	14
6033	14
6034	14
6035	14
6036	14
6037	14
6038	14
6039	14
6040	14
6041	14
6042	14
6043	14
6044	14
6045	14
6046	14
6047	14
6048	14
6049	14
6050	14
6051	14
6052	14
6053	14
6054	14
6055	14
6056	14
6057	14
6058	14
6059	14
6060	14
6061	14
6062	14
6063	14
6064	14
6065	14
6066	14
6067	14
6068	14
6069	14
6070	14
6071	14
6072	14
6073	14
6074	14
6075	14
6076	14
6077	14
6078	14
6079	14
6080	14
6081	14
6082	14
6083	14
6084	14
6085	14
6086	14
6087	14
6088	14
6089	14
6090	14
6091	14
6092	14
6093	14
6094	14
6095	14
6096	14
6097	14
6098	14
6099	14
6100	14
6101	14
6102	14
6103	14
6104	14
6105	14
6106	14
6107	14
6108	14
6109	14
6110	14
6111	14
6112	14
6113	14
6114	14
6115	14
6116	14
6117	14
6118	14
6119	14
6120	14
6121	14
6122	14
6123	14
6124	14
6125	14
6126	14
6127	14
6128	14
6129	14
6130	14
6131	14
6132	14
6133	14
6134	14
6135	14
6136	14
6137	14
6138	14
6139	14
6140	14
6141	14
6142	14
6143	14
6144	14
6145	14
6146	14
6147	14
6148	14
6149	14
6150	14
6151	14
6152	14
6153	14
6154	14
6155	14
6156	14
6157	14
6158	14
6159	14
6160	14
6161	14
6162	14
6163	14
6164	14
6165	14
6166	14
6167	14
6168	14
6169	14
6170	14
6171	14
6172	14
6173	14
6174	14
6175	14
6176	14
6177	14
6178	14
6179	14
6180	14
6181	14
6182	14
6183	14
6184	14
6185	14
6186	14
6187	14
6188	14
6189	14
6190	14
6191	14
6192	14
6193	14
6194	14
6195	14
6196	14
6197	14
6198	14
6199	14
6200	14
6201	14
6202	14
6203	14
6204	14
6205	14
6206	14
6207	14
6208	14
6209	14
6210	14
6211	14
6212	14
6213	14
6214	14
6215	14
6216	14
6217	14
6218	14
6219	14
6220	14
6221	14
6222	14
6223	14
6224	14
6225	14
6226	14
6227	14
6228	14
6229	14
6230	14
6231	14
6232	14
6233	14
6234	14
6235	14
6236	14
6237	14
6238	14
6239	14
6240	14
6241	14
6242	14
6243	14
6244	14
6245	14
6246	14
6247	14
6248	14
6249	14
6250	14
6251	14
6252	14
6253	14
6254	14
6255	14
6256	14
6257	14
6258	14
6259	14
6260	14
6261	14
6262	14
6263	14
6264	14
6265	14
6266	14
6267	14
6268	14
6269	14
6270	14
6271	14
6272	14
6273	14
6274	14
6275	14
6276	14
6277	14
6278	14
6279	14
6280	14
6281	14
6282	14
6283	14
6284	14
6285	14
6286	14
6287	14
6288	14
6289	14
6290	14
6291	14
6292	14
6293	14
6294	14
6295	14
6296	14
6297	14
6298	14
6299	14
6300	14
6301	14
6302	14
6303	14
6304	14
6305	14
6306	14
6307	14
6308	14
6309	14
6310	14
6311	14
6312	14
6313	14
6314	14
6315	14
6316	14
6317	14
6318	14
6319	14
6320	14
6321	14
6322	14
6323	14
6324	14
6325	14
6326	14
6327	14
6328	14
6329	14
6330	14
6331	14
6332	14
6333	14
6334	14
6335	14
6336	14
6337	14
6338	14
6339	14
6340	14
6341	14
6342	14
6343	14
6344	14
6345	14
6346	14
6347	14
6348	14
6349	14
6350	14
6351	14
6352	14
6353	14
6354	14
6355	14
6356	14
6357	14
6358	14
6359	14
6360	14
6361	14
6362	14
6363	15
6364	15
6365	15
6366	15
6367	15
6368	15
6369	15
6370	15
6371	15
6372	15
6373	15
6374	15
6375	15
6376	15
6377	15
6378	15
6379	15
6380	15
6381	15
6382	15
6383	15
6384	15
6385	15
6386	15
6387	15
6388	15
6389	15
6390	15
6391	15
6392	15
6393	15
6394	15
6395	15
6396	15
6397	15
6398	15
6399	15
6400	15
6401	15
6402	15
6403	15
6404	15
6405	15
6406	15
6407	15
6408	15
6409	15
6410	15
6411	15
6412	15
6413	15
6414	15
6415	15
6416	15
6417	15
6418	15
6419	15
6420	15
6421	15
6422	15
6423	15
6424	15
6425	15
6426	15
6427	15
6428	15
6429	15
6430	15
6431	15
6432	15
6433	15
6434	15
6435	15
6436	15
6437	15
6438	15
6439	15
6440	15
6441	15
6442	15
6443	15
6444	15
6445	15
6446	15
6447	15
6448	15
6449	15
6450	15
6451	15
6452	15
6453	15
6454	15
6455	15
6456	15
6457	15
6458	15
6459	15
6460	15
6461	15
6462	15
6463	15
6464	15
6465	15
6466	15
6467	15
6468	15
6469	15
6470	15
6471	15
6472	15
6473	15
6474	15
6475	15
6476	15
6477	15
6478	15
6479	15
6480	15
6481	15
6482	15
6483	15
6484	15
6485	15
6486	15
6487	15
6488	15
6489	15
6490	15
6491	15
6492	15
6493	15
6494	15
6495	15
6496	15
6497	15
6498	15
6499	15
6500	15
6501	15
6502	15
6503	15
6504	15
6505	15
6506	15
6507	15
6508	15
6509	15
6510	15
6511	15
6512	15
6513	15
6514	15
6515	15
6516	15
6517	15
6518	15
6519	15
6520	15
6521	15
6522	15
6523	15
6524	15
6525	15
6526	15
6527	15
6528	15
6529	15
6530	15
6531	15
6532	15
6533	15
6534	15
6535	15
6536	15
6537	15
6538	15
6539	15
6540	15
6541	15
6542	15
6543	15
6544	15
6545	15
6546	15
6547	15
6548	15
6549	15
6550	15
6551	15
6552	15
6553	15
6554	15
6555	15
6556	15
6557	15
6558	15
6559	15
6560	15
6561	15
6562	15
6563	15
6564	15
6565	15
6566	15
6567	15
6568	15
6569	15
6570	15
6571	15
6572	15
6573	15
6574	15
6575	15
6576	15
6577	15
6578	15
6579	15
6580	15
6581	15
6582	15
6583	15
6584	15
6585	15
6586	15
6587	15
6588	15
6589	15
6590	15
6591	15
6592	15
6593	15
6594	15
6595	15
6596	15
6597	15
6598	15
6599	15
6600	15
6601	15
6602	15
6603	15
6604	15
6605	15
6606	15
6607	15
6608	15
6609	15
6610	15
6611	15
6612	15
6613	15
6614	15
6615	15
6616	15
6617	15
6618	15
6619	15
6620	15
6621	15
6622	15
6623	15
6624	15
6625	15
6626	15
6627	15
6628	15
6629	15
6630	15
6631	15
6632	15
6633	15
6634	15
6635	15
6636	15
6637	15
6638	15
6639	15
6640	15
6641	15
6642	15
6643	15
6644	15
6645	15
6646	15
6647	15
6648	15
6649	15
6650	15
6651	15
6652	15
6653	15
6654	15
6655	15
6656	15
6657	15
6658	15
6659	15
6660	15
6661	15
6662	15
6663	15
6664	15
6665	15
6666	15
6667	15
6668	15
6669	15
6670	15
6671	15
6672	15
6673	15
6674	15
6675	15
6676	15
6677	15
6678	15
6679	15
6680	15
6681	15
6682	15
6683	15
6684	15
6685	15
6686	15
6687	15
6688	15
6689	15
6690	15
6691	15
6692	15
6693	15
6694	15
6695	15
6696	15
6697	15
6698	15
6699	15
6700	15
6701	15
6702	15
6703	15
6704	15
6705	15
6706	15
6707	15
6708	15
6709	15
6710	15
6711	15
6712	15
6713	15
6714	15
6715	15
6716	15
6717	15
6718	15
6719	15
6720	15
6721	15
6722	15
6723	15
6724	15
6725	15
6726	15
6727	15
6728	15
6729	15
6730	15
6731	15
6732	15
6733	15
6734	15
6735	15
6736	15
6737	15
6738	15
6739	15
6740	15
6741	15
6742	15
6743	15
6744	15
6745	15
6746	15
6747	15
6748	15
6749	15
6750	15
6751	15
6752	15
6753	15
6754	15
6755	15
6756	15
6757	15
6758	15
6759	15
6760	15
6761	15
6762	15
6763	15
6764	15
6765	15
6766	15
6767	15
6768	15
6769	15
6770	15
6771	15
6772	15
6773	15
6774	15
6775	15
6776	15
6777	15
6778	15
6779	15
6780	15
6781	15
6782	15
6783	15
6784	15
6785	15
6786	15
6787	15
6788	15
6789	15
6790	15
6791	15
6792	15
6793	15
6794	15
6795	15
6796	15
6797	15
6798	15
6799	15
6800	15
6801	15
6802	15
6803	15
6804	15
6805	15
6806	15
6807	15
6808	15
6809	15
6810	15
6811	15
6812	15
6813	15
6814	15
6815	15
6816	15
6817	15
6818	15
6819	15
6820	15
6821	15
6822	15
6823	15
6824	15
6825	15
6826	15
6827	15
6828	15
6829	15
6830	15
6831	15
6832	15
6833	15
6834	15
6835	15
6836	15
6837	15
6838	15
6839	15
6840	15
6841	15
6842	15
6843	15
6844	15
6845	15
6846	15
6847	15
6848	15
6849	15
6850	15
6851	15
6852	16
6853	16
6854	16
6855	16
6856	16
6857	16
6858	16
6859	16
6860	16
6861	16
6862	16
6863	16
6864	16
6865	16
6866	16
6867	16
6868	16
6869	16
6870	16
6871	16
6872	16
6873	16
6874	16
6875	16
6876	16
6877	16
6878	16
6879	16
6880	16
6881	16
6882	16
6883	16
6884	16
6885	16
6886	16
6887	16
6888	16
6889	16
6890	16
6891	16
6892	16
6893	16
6894	16
6895	16
6896	16
6897	16
6898	16
6899	16
6900	16
6901	16
6902	16
6903	16
6904	16
6905	16
6906	16
6907	16
6908	16
6909	16
6910	16
6911	16
6912	16
6913	16
6914	16
6915	16
6916	16
6917	16
6918	16
6919	16
6920	16
6921	16
6922	16
6923	16
6924	16
6925	16
6926	16
6927	16
6928	16
6929	16
6930	16
6931	16
6932	16
6933	16
6934	16
6935	16
6936	16
6937	16
6938	16
6939	16
6940	16
6941	16
6942	16
6943	16
6944	16
6945	16
6946	16
6947	17
6948	17
6949	17
6950	17
6951	17
6952	17
6953	17
6954	17
6955	17
6956	17
6957	17
6958	17
6959	17
6960	17
6961	17
6962	17
6963	17
6964	17
6965	17
6966	17
6967	17
6968	17
6969	17
6970	17
6971	17
6972	17
6973	17
6974	17
6975	17
6976	17
6977	17
6978	17
6979	17
6980	17
6981	17
6982	17
6983	17
6984	17
6985	17
6986	17
6987	17
6988	17
6989	17
6990	17
6991	17
6992	17
6993	17
6994	17
6995	17
6996	17
6997	17
6998	17
6999	17
7000	17
7001	17
7002	17
7003	17
7004	17
7005	17
7006	17
7007	17
7008	17
7009	17
7010	17
7011	17
7012	17
7013	17
7014	17
7015	17
7016	17
7017	17
7018	17
7019	17
7020	17
7021	17
7022	17
7023	17
7024	17
7025	17
7026	17
7027	17
7028	17
7029	17
7030	17
7031	17
7032	17
7033	17
7034	17
7035	17
7036	17
7037	17
7038	17
7039	17
7040	17
7041	17
7042	17
7043	17
7044	17
7045	17
7046	17
7047	17
7048	17
7049	17
7050	17
7051	17
7052	17
7053	17
7054	17
7055	17
7056	17
7057	17
7058	17
7059	17
7060	17
7061	17
7062	17
7063	17
7064	17
7065	17
7066	17
7067	17
7068	17
7069	17
7070	17
7071	17
7072	17
7073	17
7074	17
7075	17
7076	17
7077	17
7078	17
7079	17
7080	17
7081	17
7082	17
7083	17
7084	17
7085	17
7086	17
7087	17
7088	17
7089	17
7090	17
7091	17
7092	17
7093	17
7094	17
7095	17
7096	17
7097	17
7098	17
7099	17
7100	17
7101	17
7102	17
7103	17
7104	17
7105	17
7106	17
7107	17
7108	17
7109	17
7110	17
7111	17
7112	17
7113	17
7114	17
7115	17
7116	17
7117	17
7118	17
7119	17
7120	17
7121	17
7122	17
7123	17
7124	17
7125	17
7126	17
7127	17
7128	17
7129	17
7130	17
7131	17
7132	17
7133	17
7134	17
7135	17
7136	17
7137	17
7138	17
7139	17
7140	17
7141	17
7142	17
7143	17
7144	17
7145	17
7146	17
7147	17
7148	17
7149	17
7150	17
7151	17
7152	17
7153	17
7154	17
7155	17
7156	17
7157	17
7158	17
7159	17
7160	17
7161	17
7162	17
7163	17
7164	17
7165	17
7166	17
7167	17
7168	17
7169	17
7170	17
7171	17
7172	17
7173	17
7174	17
7175	17
7176	17
7177	17
7178	17
7179	17
7180	17
7181	17
7182	17
7183	17
7184	17
7185	17
7186	17
7187	17
7188	17
7189	17
7190	17
7191	17
7192	17
7193	17
7194	17
7195	17
7196	17
7197	17
7198	17
7199	17
7200	17
7201	17
7202	17
7203	17
7204	17
7205	17
7206	17
7207	17
7208	17
7209	17
7210	17
7211	17
7212	17
7213	17
7214	17
7215	17
7216	17
7217	17
7218	17
7219	17
7220	17
7221	17
7222	17
7223	17
7224	17
7225	17
7226	17
7227	17
7228	17
7229	17
7230	17
7231	17
7232	17
7233	17
7234	17
7235	17
7236	17
7237	17
7238	17
7239	17
7240	17
7241	17
7242	17
7243	17
7244	17
7245	17
7246	17
7247	17
7248	17
7249	17
7250	17
7251	17
7252	17
7253	17
7254	17
7255	17
7256	17
7257	17
7258	17
7259	17
7260	17
7261	17
7262	17
7263	17
7264	17
7265	17
7266	17
7267	17
7268	17
7269	17
7270	17
7271	17
7272	17
7273	17
7274	17
7275	17
7276	17
7277	17
7278	17
7279	17
7280	17
7281	17
7282	17
7283	17
7284	17
7285	17
7286	17
7287	17
7288	17
7289	17
7290	17
7291	17
7292	17
7293	17
7294	17
7295	17
7296	17
7297	17
7298	17
7299	17
7300	17
7301	17
7302	17
7303	17
7304	17
7305	17
7306	17
7307	17
7308	17
7309	17
7310	17
7311	17
7312	17
7313	17
7314	17
7315	17
7316	17
7317	17
7318	17
7319	17
7320	17
7321	17
7322	17
7323	17
7324	17
7325	17
7326	17
7327	17
7328	17
7329	17
7330	17
7331	17
7332	17
7333	17
7334	17
7335	17
7336	17
7337	17
7338	17
7339	17
7340	17
7341	17
7342	17
7343	17
7344	17
7345	17
7346	17
7347	17
7348	17
7349	17
7350	17
7351	17
7352	17
7353	17
7354	17
7355	17
7356	17
7357	17
7358	17
7359	17
7360	17
7361	17
7362	17
7363	17
7364	17
7365	17
7366	17
7367	17
7368	17
7369	17
7370	17
7371	17
7372	17
7373	17
7374	17
7375	17
7376	17
7377	17
7378	17
7379	17
7380	17
7381	17
7382	17
7383	17
7384	17
7385	17
7386	17
7387	17
7388	17
7389	17
7390	17
7391	17
7392	17
7393	17
7394	17
7395	17
7396	17
7397	17
7398	17
7399	17
7400	17
7401	17
7402	17
7403	17
7404	17
7405	17
7406	17
7407	17
7408	17
7409	17
7410	17
7411	17
7412	17
7413	17
7414	17
7415	17
7416	17
7417	17
7418	17
7419	17
7420	17
7421	17
7422	17
7423	17
7424	17
7425	17
7426	17
7427	17
7428	17
7429	17
7430	17
7431	17
7432	17
7433	17
7434	17
7435	17
7436	17
7437	17
7438	17
7439	17
7440	17
7441	17
7442	17
7443	17
7444	17
7445	17
7446	17
7447	17
7448	17
7449	17
7450	17
7451	17
7452	17
7453	17
7454	17
7455	17
7456	17
7457	17
7458	17
7459	17
7460	17
7461	17
7462	17
7463	17
7464	17
7465	17
7466	17
7467	17
7468	17
7469	17
7470	17
7471	17
7472	17
7473	17
7474	17
7475	17
7476	17
7477	17
7478	17
7479	17
7480	17
7481	17
7482	17
7483	17
7484	17
7485	17
7486	17
7487	17
7488	17
7489	17
7490	17
7491	17
7492	17
7493	17
7494	17
7495	17
7496	17
7497	17
7498	17
7499	17
7500	17
7501	17
7502	17
7503	17
7504	17
7505	17
7506	17
7507	17
7508	17
7509	17
7510	17
7511	17
7512	17
7513	17
7514	17
7515	17
7516	17
7517	17
7518	17
7519	17
7520	17
7521	17
7522	17
7523	17
7524	17
7525	17
7526	17
7527	17
7528	17
7529	17
7530	17
7531	17
7532	17
7533	17
7534	17
7535	17
7536	17
7537	17
7538	17
7539	17
7540	17
7541	17
7542	17
7543	17
7544	17
7545	17
7546	17
7547	17
7548	17
7549	17
7550	17
7551	17
7552	17
7553	17
7554	17
7555	17
7556	17
7557	17
7558	17
7559	17
7560	17
7561	17
7562	17
7563	17
7564	17
7565	17
7566	17
7567	17
7568	17
7569	17
7570	17
7571	17
7572	17
7573	17
7574	17
7575	17
7576	17
7577	17
7578	17
7579	17
7580	17
7581	17
7582	17
7583	17
7584	17
7585	17
7586	17
7587	17
7588	17
7589	17
7590	17
7591	17
7592	17
7593	17
7594	17
7595	17
7596	17
7597	17
7598	17
7599	17
7600	17
7601	17
7602	17
7603	17
7604	17
7605	17
7606	17
7607	17
7608	17
7609	17
7610	17
7611	17
7612	17
7613	17
7614	17
7615	17
7616	17
7617	17
7618	17
7619	17
7620	17
7621	17
7622	17
7623	17
7624	17
7625	17
7626	17
7627	17
7628	17
7629	17
7630	17
7631	17
7632	17
7633	17
7634	17
7635	17
7636	17
7637	17
7638	17
7639	17
7640	17
7641	17
7642	17
7643	17
7644	17
7645	17
7646	17
7647	17
7648	17
7649	17
7650	17
7651	17
7652	17
7653	17
7654	17
7655	17
7656	17
7657	17
7658	17
7659	17
7660	17
7661	17
7662	17
7663	17
7664	17
7665	17
7666	17
7667	17
7668	17
7669	17
7670	17
7671	17
7672	17
7673	17
7674	17
7675	17
7676	17
7677	17
7678	17
7679	17
7680	17
7681	17
7682	17
7683	17
7684	17
7685	17
7686	17
7687	17
7688	17
7689	17
7690	17
7691	17
7692	17
7693	17
7694	17
7695	17
7696	17
7697	17
7698	17
7699	17
7700	17
7701	17
7702	17
7703	17
7704	17
7705	17
7706	17
7707	17
7708	17
7709	17
7710	17
7711	17
7712	17
7713	17
7714	17
7715	17
7716	17
7717	17
7718	17
7719	17
7720	17
7721	17
7722	17
7723	17
7724	17
7725	17
7726	17
7727	17
7728	17
7729	17
7730	17
7731	17
7732	17
7733	17
7734	17
7735	17
7736	17
7737	17
7738	17
7739	17
7740	17
7741	17
7742	17
7743	17
7744	17
7745	17
7746	17
7747	17
7748	17
7749	17
7750	17
7751	17
7752	17
7753	17
7754	17
7755	17
7756	17
7757	17
7758	17
7759	17
7760	17
7761	17
7762	17
7763	17
7764	17
7765	17
7766	17
7767	17
7768	17
7769	17
7770	17
7771	17
7772	17
7773	17
7774	17
7775	17
7776	17
7777	17
7778	17
7779	17
7780	17
7781	17
7782	17
7783	17
7784	17
7785	17
7786	17
7787	17
7788	17
7789	17
7790	17
7791	17
7792	17
7793	17
7794	17
7795	17
7796	17
7797	17
7798	17
7799	17
7800	17
7801	17
7802	17
7803	17
7804	17
7805	17
7806	17
7807	17
7808	17
7809	17
7810	17
7811	17
7812	17
7813	17
7814	17
7815	17
7816	17
7817	17
7818	17
7819	17
7820	17
7821	17
7822	17
7823	17
7824	17
7825	17
7826	17
7827	17
7828	17
7829	17
7830	17
7831	17
7832	17
7833	17
7834	17
7835	17
7836	17
7837	17
7838	17
7839	17
7840	17
7841	17
7842	17
7843	17
7844	17
7845	17
7846	17
7847	17
7848	17
7849	17
7850	17
7851	17
7852	17
7853	17
7854	17
7855	17
7856	17
7857	17
7858	17
7859	17
7860	17
7861	17
7862	17
7863	17
7864	17
7865	17
7866	17
7867	17
7868	17
7869	17
7870	17
7871	17
7872	17
7873	17
7874	17
7875	17
7876	17
7877	17
7878	17
7879	17
7880	17
7881	17
7882	17
7883	17
7884	17
7885	17
7886	17
7887	17
7888	17
7889	17
7890	17
7891	17
7892	17
7893	17
7894	17
7895	17
7896	17
7897	17
7898	17
7899	17
7900	17
7901	17
7902	17
7903	17
7904	17
7905	17
7906	17
7907	17
7908	17
7909	17
7910	17
7911	17
7912	17
7913	17
7914	17
7915	17
7916	17
7917	17
7918	17
7919	17
7920	17
7921	17
7922	17
7923	17
7924	17
7925	17
7926	17
7927	17
7928	17
7929	17
7930	17
7931	17
7932	17
7933	17
7934	17
7935	17
7936	17
7937	17
7938	17
7939	17
7940	17
7941	17
7942	17
7943	17
7944	17
7945	17
7946	17
7947	17
7948	17
7949	17
7950	17
7951	17
7952	17
7953	17
7954	17
7955	17
7956	17
7957	17
7958	17
7959	17
7960	17
7961	17
7962	17
7963	17
7964	17
7965	17
7966	17
7967	17
7968	17
7969	17
7970	17
7971	17
7972	17
7973	17
7974	17
7975	17
7976	17
7977	17
7978	17
7979	17
7980	17
7981	17
7982	17
7983	17
7984	17
7985	17
7986	17
7987	17
7988	17
7989	17
7990	17
7991	17
7992	17
7993	17
7994	17
7995	17
7996	17
7997	17
7998	17
7999	17
8000	17
8001	17
8002	17
8003	17
8004	17
8005	17
8006	17
8007	17
8008	17
8009	17
8010	17
8011	17
8012	17
8013	17
8014	17
8015	17
8016	17
8017	17
8018	17
8019	17
8020	17
8021	17
8022	17
8023	17
8024	17
8025	17
8026	17
8027	17
8028	17
8029	17
8030	17
8031	17
8032	17
8033	17
8034	17
8035	17
8036	17
8037	17
8038	17
8039	17
8040	17
8041	17
8042	17
8043	17
8044	17
8045	17
8046	17
8047	17
8048	17
8049	17
8050	17
8051	17
8052	17
8053	17
8054	17
8055	17
8056	17
8057	17
8058	17
8059	17
8060	17
8061	17
8062	17
8063	17
8064	17
8065	17
8066	17
8067	17
8068	17
8069	17
8070	17
8071	17
8072	17
8073	17
8074	17
8075	17
8076	17
8077	17
8078	17
8079	17
8080	17
8081	17
8082	17
8083	17
8084	17
8085	17
8086	17
8087	17
8088	17
8089	17
8090	17
8091	17
8092	17
8093	17
8094	17
8095	17
8096	17
8097	17
8098	17
8099	17
8100	17
8101	17
8102	17
8103	17
8104	17
8105	17
8106	17
8107	17
8108	17
8109	17
8110	17
8111	17
8112	17
8113	17
8114	17
8115	17
8116	17
8117	17
8118	17
8119	17
8120	17
8121	17
8122	17
8123	17
8124	17
8125	17
8126	17
8127	17
8128	17
8129	17
8130	17
8131	17
8132	17
8133	17
8134	17
8135	17
8136	17
8137	17
8138	17
8139	17
8140	17
8141	17
8142	17
8143	17
8144	17
8145	17
8146	17
8147	17
8148	17
8149	17
8150	17
8151	17
8152	17
8153	17
8154	17
8155	17
8156	17
8157	17
8158	17
8159	17
8160	17
8161	17
8162	17
8163	17
8164	17
8165	17
8166	17
8167	17
8168	17
8169	17
8170	17
8171	17
8172	17
8173	17
8174	17
8175	17
8176	17
8177	17
8178	17
8179	17
8180	17
8181	17
8182	17
8183	17
8184	17
8185	17
8186	17
8187	17
8188	17
8189	17
8190	17
8191	17
8192	17
8193	17
8194	17
8195	17
8196	17
8197	17
8198	17
8199	17
8200	17
8201	17
8202	17
8203	17
8204	17
8205	17
8206	17
8207	17
8208	17
8209	17
8210	17
8211	17
8212	17
8213	17
8214	17
8215	17
8216	17
8217	17
8218	17
8219	17
8220	17
8221	17
8222	17
8223	17
8224	17
8225	17
8226	17
8227	17
8228	17
8229	17
8230	17
8231	17
8232	17
8233	17
8234	17
8235	17
8236	17
8237	17
8238	17
8239	17
8240	17
8241	17
8242	17
8243	17
8244	17
8245	17
8246	17
8247	17
8248	17
8249	17
8250	17
8251	17
8252	17
8253	17
8254	17
8255	17
8256	17
8257	17
8258	17
8259	17
8260	17
8261	17
8262	17
8263	17
8264	17
8265	17
8266	17
8267	17
8268	17
8269	17
8270	17
8271	17
8272	17
8273	17
8274	17
8275	17
8276	17
8277	17
8278	17
8279	17
8280	17
8281	17
8282	17
8283	17
8284	17
8285	17
8286	17
8287	17
8288	17
8289	17
8290	17
8291	17
8292	17
8293	17
8294	17
8295	17
8296	17
8297	17
8298	17
8299	17
8300	17
8301	17
8302	17
8303	17
8304	17
8305	17
8306	17
8307	17
8308	17
8309	17
8310	17
8311	17
8312	17
8313	17
8314	17
8315	17
8316	17
8317	17
8318	17
8319	17
8320	17
8321	17
8322	17
8323	17
8324	17
8325	17
8326	17
8327	17
8328	17
8329	17
8330	17
8331	17
8332	18
8333	18
8334	18
8335	18
8336	18
8337	18
8338	18
8339	18
8340	18
8341	18
8342	18
8343	18
8344	18
8345	18
8346	18
8347	18
8348	18
8349	18
8350	18
8351	18
8352	18
8353	18
8354	18
8355	18
8356	18
8357	18
8358	18
8359	18
8360	18
8361	18
8362	18
8363	18
8364	18
8365	18
8366	18
8367	18
8368	18
8369	18
8370	18
8371	18
8372	18
8373	18
8374	18
8375	18
8376	18
8377	18
8378	18
8379	18
8380	18
8381	18
8382	18
8383	18
8384	18
8385	18
8386	18
8387	18
8388	18
8389	18
8390	18
8391	18
8392	18
8393	18
8394	18
8395	18
8396	18
8397	18
8398	18
8399	18
8400	18
8401	18
8402	18
8403	18
8404	18
8405	18
8406	18
8407	18
8408	18
8409	18
8410	18
8411	18
8412	18
8413	18
8414	18
8415	18
8416	18
8417	18
8418	18
8419	18
8420	18
8421	18
8422	18
8423	18
8424	18
8425	18
8426	18
8427	18
8428	18
8429	18
8430	18
8431	18
8432	18
8433	18
8434	18
8435	18
8436	18
8437	18
8438	18
8439	18
8440	18
8441	18
8442	18
8443	18
8444	18
8445	18
8446	18
8447	18
8448	18
8449	18
8450	18
8451	18
8452	18
8453	18
8454	18
8455	18
8456	18
8457	18
8458	18
8459	18
8460	18
8461	18
8462	18
8463	18
8464	18
8465	18
8466	18
8467	18
8468	18
8469	18
8470	18
8471	18
8472	18
8473	18
8474	18
8475	18
8476	18
8477	18
8478	18
8479	18
8480	18
8481	18
8482	18
8483	18
8484	18
8485	18
8486	18
8487	18
8488	18
8489	18
8490	18
8491	18
8492	18
8493	18
8494	18
8495	18
8496	18
8497	18
8498	18
8499	18
8500	18
8501	18
8502	18
8503	18
8504	18
8505	18
8506	18
8507	18
8508	18
8509	18
8510	18
8511	19
8512	19
8513	19
8514	19
8515	19
8516	19
8517	19
8518	19
8519	19
8520	19
8521	19
8522	19
8523	19
8524	19
8525	19
8526	19
8527	19
8528	19
8529	19
8530	19
8531	19
8532	19
8533	19
8534	19
8535	19
8536	19
8537	19
8538	19
8539	19
8540	19
8541	19
8542	19
8543	19
8544	19
8545	19
8546	19
8547	19
8548	19
8549	19
8550	19
8551	19
8552	19
8553	19
8554	19
8555	19
8556	19
8557	19
8558	19
8559	19
8560	19
8561	19
8562	19
8563	19
8564	19
8565	19
8566	19
8567	19
8568	19
8569	19
8570	19
8571	19
8572	19
8573	19
8574	19
8575	19
8576	19
8577	19
8578	19
8579	19
8580	19
8581	19
8582	19
8583	19
8584	19
8585	19
8586	19
8587	19
8588	19
8589	19
8590	19
8591	19
8592	19
8593	19
8594	19
8595	19
8596	19
8597	19
8598	19
8599	19
8600	19
8601	19
8602	19
8603	19
8604	19
8605	19
8606	19
8607	19
8608	19
8609	19
8610	19
8611	19
8612	19
8613	19
8614	19
8615	19
8616	19
8617	19
8618	19
8619	19
8620	19
8621	19
8622	19
8623	19
8624	19
8625	19
8626	19
8627	19
8628	19
8629	19
8630	19
8631	19
8632	19
8633	19
8634	19
8635	19
8636	19
8637	19
8638	19
8639	19
8640	19
8641	19
8642	19
8643	19
8644	19
8645	19
8646	19
8647	19
8648	19
8649	19
8650	19
8651	19
8652	19
8653	19
8654	19
8655	19
8656	19
8657	19
8658	19
8659	19
8660	19
8661	19
8662	19
8663	19
8664	19
8665	19
8666	19
8667	19
8668	19
8669	19
8670	19
8671	19
8672	19
8673	19
8674	19
8675	19
8676	19
8677	19
8678	19
8679	19
8680	19
8681	19
8682	19
8683	19
8684	19
8685	19
8686	19
8687	19
8688	19
8689	19
8690	19
8691	19
8692	19
8693	19
8694	19
8695	19
8696	19
8697	19
8698	19
8699	19
8700	19
8701	19
8702	19
8703	19
8704	19
8705	19
8706	19
8707	19
8708	19
8709	19
8710	19
8711	19
8712	19
8713	19
8714	19
8715	19
8716	19
8717	19
8718	19
8719	19
8720	19
8721	19
8722	19
8723	19
8724	19
8725	19
8726	19
8727	19
8728	19
8729	19
8730	19
8731	19
8732	19
8733	19
8734	19
8735	19
8736	19
8737	19
8738	19
8739	19
8740	19
8741	19
8742	19
8743	19
8744	19
8745	19
8746	19
8747	19
8748	19
8749	19
8750	19
8751	19
8752	19
8753	19
8754	19
8755	19
8756	19
8757	19
8758	19
8759	19
8760	19
8761	19
8762	19
8763	19
8764	19
8765	19
8766	19
8767	19
8768	19
8769	19
8770	19
8771	19
8772	19
8773	19
8774	19
8775	19
8776	19
8777	19
8778	19
8779	19
8780	19
8781	19
8782	19
8783	19
8784	19
8785	19
8786	19
8787	19
8788	19
8789	19
8790	19
8791	19
8792	19
8793	19
8794	19
8795	19
8796	19
8797	19
8798	19
8799	19
8800	19
8801	19
8802	19
8803	19
8804	19
8805	19
8806	19
8807	19
8808	19
8809	19
8810	19
8811	19
8812	19
8813	19
8814	19
8815	19
8816	19
8817	19
8818	19
8819	19
8820	19
8821	19
8822	19
8823	19
8824	19
8825	19
8826	19
8827	19
8828	19
8829	19
8830	19
8831	19
8832	19
8833	19
8834	19
8835	19
8836	19
8837	19
8838	19
8839	19
8840	19
8841	19
8842	19
8843	19
8844	19
8845	19
8846	19
8847	19
8848	19
8849	19
8850	19
8851	19
8852	19
8853	19
8854	19
8855	19
8856	19
8857	19
8858	19
8859	19
8860	19
8861	19
8862	19
8863	19
8864	19
8865	19
8866	19
8867	19
8868	19
8869	19
8870	19
8871	19
8872	19
8873	19
8874	19
8875	19
8876	19
8877	19
8878	19
8879	19
8880	19
8881	19
8882	19
8883	19
8884	19
8885	19
8886	19
8887	19
8888	19
8889	19
8890	19
8891	19
8892	19
8893	19
8894	19
8895	19
8896	19
8897	19
8898	19
8899	19
8900	19
8901	19
8902	19
8903	19
8904	19
8905	19
8906	19
8907	19
8908	19
8909	19
8910	19
8911	19
8912	19
8913	19
8914	19
8915	19
8916	19
8917	19
8918	19
8919	19
8920	19
8921	19
8922	19
8923	19
8924	19
8925	19
8926	19
8927	19
8928	19
8929	19
8930	19
8931	19
8932	19
8933	19
8934	19
8935	19
8936	19
8937	19
8938	19
8939	19
8940	19
8941	19
8942	19
8943	19
8944	19
8945	19
8946	19
8947	19
8948	19
8949	19
8950	19
8951	19
8952	19
8953	19
8954	19
8955	19
8956	19
8957	19
8958	19
8959	19
8960	19
8961	19
8962	19
8963	19
8964	19
8965	19
8966	19
8967	19
8968	19
8969	19
8970	19
8971	19
8972	19
8973	19
8974	19
8975	19
8976	19
8977	19
8978	19
8979	19
8980	19
8981	19
8982	19
8983	19
8984	19
8985	19
8986	19
8987	19
8988	19
8989	19
8990	19
8991	19
8992	19
8993	19
8994	19
8995	19
8996	19
8997	19
8998	19
8999	19
9000	19
9001	19
9002	19
9003	19
9004	19
9005	19
9006	19
9007	19
9008	19
9009	19
9010	19
9011	19
9012	19
9013	19
9014	19
9015	19
9016	19
9017	19
9018	19
9019	19
9020	19
9021	19
9022	19
9023	19
9024	19
9025	19
9026	19
9027	19
9028	19
9029	19
9030	19
9031	19
9032	19
9033	19
9034	19
9035	19
9036	19
9037	19
9038	19
9039	19
9040	19
9041	19
9042	19
9043	19
9044	19
9045	19
9046	19
9047	19
9048	19
9049	19
9050	19
9051	19
9052	19
9053	19
9054	19
9055	19
9056	19
9057	19
9058	19
9059	19
9060	19
9061	19
9062	19
9063	19
9064	19
9065	19
9066	19
9067	19
9068	19
9069	19
9070	19
9071	19
9072	19
9073	19
9074	19
9075	19
9076	19
9077	19
9078	19
9079	19
9080	19
9081	19
9082	19
9083	19
9084	19
9085	19
9086	19
9087	19
9088	19
9089	19
9090	19
9091	19
9092	19
9093	19
9094	19
9095	19
9096	19
9097	19
9098	19
9099	19
9100	19
9101	19
9102	19
9103	19
9104	19
9105	19
9106	19
9107	19
9108	19
9109	19
9110	19
9111	19
9112	19
9113	19
9114	19
9115	19
9116	20
9117	20
9118	20
9119	20
9120	20
9121	20
9122	20
9123	20
9124	20
9125	20
9126	20
9127	20
9128	20
9129	20
9130	20
9131	20
9132	20
9133	20
9134	20
9135	20
9136	20
9137	20
9138	20
9139	20
9140	20
9141	20
9142	20
9143	20
9144	20
9145	20
9146	20
9147	20
9148	20
9149	20
9150	20
9151	20
9152	20
9153	20
9154	20
9155	20
9156	20
9157	20
9158	21
9159	21
9160	21
9161	21
9162	21
9163	21
9164	21
9165	21
9166	21
9167	21
9168	21
9169	21
9170	21
9171	21
9172	21
9173	21
9174	21
9175	21
9176	21
9177	21
9178	21
9179	21
9180	21
9181	21
9182	21
9183	21
9184	21
9185	21
9186	21
9187	21
9188	21
9189	21
9190	21
9191	21
9192	21
9193	21
9194	21
9195	21
9196	21
9197	21
9198	21
9199	21
9200	21
9201	21
9202	21
9203	21
9204	21
9205	21
9206	21
9207	21
9208	21
9209	21
9210	21
9211	21
9212	21
9213	21
9214	21
9215	21
9216	21
9217	21
9218	21
9219	21
9220	21
9221	21
9222	21
9223	21
9224	21
9225	21
9226	21
9227	21
9228	21
9229	21
9230	21
9231	21
9232	21
9233	21
9234	21
9235	21
9236	21
9237	21
9238	21
9239	21
9240	21
9241	21
9242	21
9243	21
9244	21
9245	21
9246	21
9247	21
9248	21
9249	21
9250	21
9251	21
9252	21
9253	21
9254	21
9255	21
9256	21
9257	21
9258	21
9259	21
9260	21
9261	21
9262	21
9263	21
9264	21
9265	21
9266	21
9267	21
9268	21
9269	21
9270	21
9271	21
9272	21
9273	21
9274	21
9275	21
9276	21
9277	21
9278	21
9279	21
9280	21
9281	21
9282	21
9283	21
9284	21
9285	21
9286	21
9287	21
9288	21
9289	21
9290	21
9291	21
9292	21
9293	21
9294	21
9295	21
9296	21
9297	21
9298	21
9299	21
9300	21
9301	21
9302	21
9303	21
9304	21
9305	21
9306	21
9307	21
9308	21
9309	21
9310	21
9311	21
9312	21
9313	21
9314	21
9315	21
9316	21
9317	21
9318	21
9319	21
9320	21
9321	21
9322	21
9323	21
9324	21
9325	21
9326	21
9327	21
9328	21
9329	21
9330	21
9331	21
9332	21
9333	21
9334	21
9335	21
9336	21
9337	21
9338	21
9339	21
9340	21
9341	21
9342	21
9343	21
9344	21
9345	21
9346	21
9347	21
9348	21
9349	21
9350	21
9351	21
9352	21
9353	21
9354	21
9355	21
9356	21
9357	21
9358	21
9359	21
9360	21
9361	21
9362	21
9363	21
9364	21
9365	21
9366	21
9367	21
9368	21
9369	21
9370	21
9371	21
9372	21
9373	21
9374	21
9375	21
9376	21
9377	21
9378	21
9379	21
9380	21
9381	21
9382	21
9383	21
9384	21
9385	21
9386	21
9387	21
9388	21
9389	21
9390	21
9391	21
9392	21
9393	21
9394	21
9395	21
9396	21
9397	21
9398	21
9399	21
9400	21
9401	21
9402	21
9403	21
9404	21
9405	21
9406	21
9407	21
9408	21
9409	21
9410	21
9411	21
9412	21
9413	21
9414	21
9415	21
9416	21
9417	21
9418	21
9419	21
9420	21
9421	21
9422	21
9423	21
9424	21
9425	21
9426	21
9427	21
9428	21
9429	21
9430	21
9431	21
9432	21
9433	21
9434	21
9435	21
9436	21
9437	21
9438	21
9439	21
9440	21
9441	21
9442	22
9443	22
9444	22
9445	22
9446	22
9447	22
9448	22
9449	22
9450	22
9451	22
9452	22
9453	22
9454	22
9455	22
9456	22
9457	22
9458	22
9459	22
9460	22
9461	22
9462	22
9463	22
9464	22
9465	22
9466	22
9467	22
9468	22
9469	22
9470	22
9471	22
9472	22
9473	22
9474	22
9475	22
9476	22
9477	22
9478	22
9479	22
9480	22
9481	22
9482	22
9483	22
9484	22
9485	22
9486	22
9487	22
9488	22
9489	22
9490	22
9491	22
9492	22
9493	22
9494	22
9495	22
9496	22
9497	22
9498	22
9499	22
9500	22
9501	22
9502	22
9503	22
9504	22
9505	22
9506	22
9507	22
9508	22
9509	22
9510	22
9511	22
9512	22
9513	22
9514	22
9515	22
9516	22
9517	22
9518	22
9519	22
9520	22
9521	22
9522	23
9523	23
9524	23
9525	23
9526	23
9527	23
9528	23
9529	23
9530	23
9531	23
9532	23
9533	23
9534	23
9535	23
9536	23
9537	23
9538	23
9539	23
9540	23
9541	23
9542	23
9543	23
9544	23
9545	23
9546	23
9547	23
9548	23
9549	23
9550	23
9551	23
9552	23
9553	23
9554	23
9555	23
9556	23
9557	23
9558	23
9559	23
9560	23
9561	23
9562	23
9563	23
9564	23
9565	23
9566	23
9567	23
9568	23
9569	23
9570	23
9571	23
9572	23
9573	23
9574	23
9575	23
9576	23
9577	23
9578	23
9579	23
9580	23
9581	23
9582	23
9583	23
9584	23
9585	23
9586	23
9587	23
9588	23
9589	23
9590	23
9591	23
9592	23
9593	23
9594	23
9595	23
9596	23
9597	23
9598	23
9599	23
9600	23
9601	23
9602	23
9603	24
9604	24
9605	24
9606	24
9607	24
9608	24
9609	24
9610	24
9611	24
9612	24
9613	24
9614	24
9615	24
9616	24
9617	24
9618	24
9619	24
9620	24
9621	24
9622	24
9623	24
9624	24
9625	24
9626	24
9627	24
9628	24
9629	24
9630	24
9631	24
9632	24
9633	24
9634	24
9635	24
9636	24
9637	24
9638	24
9639	24
9640	24
9641	24
9642	24
9643	24
9644	24
9645	24
9646	24
9647	24
9648	24
9649	24
9650	24
9651	24
9652	24
9653	24
9654	24
9655	24
9656	24
9657	24
9658	24
9659	24
9660	24
9661	24
9662	24
9663	24
9664	24
9665	24
9666	24
9667	24
9668	24
9669	24
9670	24
9671	24
9672	24
9673	24
9674	24
9675	24
9676	24
9677	24
9678	24
9679	24
9680	24
9681	24
9682	24
9683	24
9684	24
9685	24
9686	24
9687	24
9688	24
9689	24
9690	24
9691	24
9692	24
9693	24
9694	24
9695	24
9696	24
9697	24
9698	24
9699	24
9700	24
9701	24
9702	24
9703	24
9704	24
9705	24
9706	24
9707	24
9708	24
9709	24
9710	24
9711	24
9712	24
9713	24
9714	24
9715	24
9716	24
9717	24
9718	24
9719	24
9720	24
9721	24
9722	24
9723	24
9724	24
9725	24
9726	24
9727	24
9728	24
9729	24
9730	24
9731	24
9732	24
9733	24
9734	24
9735	24
9736	24
9737	24
9738	24
9739	24
9740	24
9741	24
9742	24
9743	24
9744	24
9745	24
9746	24
9747	24
9748	24
9749	24
9750	24
9751	24
9752	24
9753	24
9754	24
9755	24
9756	24
9757	24
9758	24
9759	24
9760	24
9761	24
9762	24
9763	24
9764	24
9765	24
9766	24
9767	24
9768	24
9769	24
9770	24
9771	24
9772	24
9773	24
9774	24
9775	24
9776	24
9777	24
9778	24
9779	24
9780	24
9781	24
9782	24
9783	24
9784	24
9785	24
9786	24
9787	24
9788	24
9789	24
9790	24
9791	24
9792	24
9793	24
9794	24
9795	24
9796	24
9797	24
9798	24
9799	24
9800	24
9801	24
9802	24
9803	24
9804	24
9805	24
9806	24
9807	24
9808	24
9809	24
9810	24
9811	24
9812	24
9813	24
9814	24
9815	24
9816	24
9817	24
9818	24
9819	24
9820	24
9821	24
9822	24
9823	24
9824	24
9825	24
9826	24
9827	24
9828	24
9829	24
9830	24
9831	24
9832	24
9833	24
9834	24
9835	24
9836	24
9837	24
9838	24
9839	24
9840	24
9841	24
9842	24
9843	24
9844	24
9845	24
9846	24
9847	24
9848	24
9849	24
9850	24
9851	24
9852	24
9853	24
9854	24
9855	24
9856	24
9857	24
9858	24
9859	24
9860	24
9861	24
9862	24
9863	24
9864	24
9865	24
9866	24
9867	24
9868	24
9869	24
9870	24
9871	24
9872	24
9873	24
9874	24
9875	24
9876	24
9877	24
9878	24
9879	24
9880	24
9881	24
9882	24
9883	24
9884	24
9885	24
9886	24
9887	24
9888	24
9889	24
9890	24
9891	24
9892	24
9893	24
9894	24
9895	24
9896	24
9897	24
9898	24
9899	24
9900	24
9901	24
9902	24
9903	24
9904	24
9905	24
9906	24
9907	24
9908	24
9909	24
9910	24
9911	24
9912	24
9913	24
9914	24
9915	24
9916	24
9917	24
9918	24
9919	24
9920	24
9921	24
9922	24
9923	24
9924	24
9925	24
9926	24
9927	24
9928	24
9929	24
9930	24
9931	24
9932	24
9933	24
9934	24
9935	24
9936	24
9937	24
9938	24
9939	24
9940	24
9941	24
9942	24
9943	24
9944	24
9945	24
9946	24
9947	24
9948	24
9949	24
9950	24
9951	24
9952	24
9953	24
9954	24
9955	24
9956	24
9957	24
9958	24
9959	24
9960	24
9961	24
9962	24
9963	24
9964	24
9965	24
9966	24
9967	24
9968	24
9969	24
9970	24
9971	24
9972	24
9973	24
9974	24
9975	24
9976	24
9977	24
9978	24
9979	24
9980	24
9981	24
9982	24
9983	24
9984	24
9985	24
9986	24
9987	24
9988	24
9989	24
9990	24
9991	24
9992	24
9993	24
9994	24
9995	24
9996	24
9997	24
9998	24
9999	24
10000	24
