#Clock	ItemsCollected
1	0
2	0
3	0
4	0
5	0
6	0
7	0
8	0
9	0
10	0
11	0
12	0
13	0
14	0
15	0
16	0
17	0
18	0
19	0
20	0
21	0
22	0
23	0
24	0
25	0
26	0
27	0
28	0
29	0
30	0
31	0
32	0
33	0
34	0
35	0
36	0
37	0
38	0
39	0
40	0
41	0
42	0
43	0
44	0
45	0
46	0
47	0
48	0
49	0
50	0
51	0
52	0
53	0
54	0
55	0
56	0
57	0
58	0
59	0
60	0
61	0
62	0
63	0
64	0
65	0
66	0
67	0
68	0
69	0
70	0
71	0
72	0
73	0
74	0
75	0
76	0
77	0
78	0
79	0
80	0
81	0
82	0
83	0
84	0
85	0
86	0
87	0
88	0
89	0
90	0
91	0
92	0
93	0
94	0
95	0
96	0
97	0
98	0
99	0
100	0
101	0
102	0
103	0
104	0
105	0
106	0
107	0
108	0
109	0
110	0
111	0
112	0
113	0
114	0
115	0
116	0
117	0
118	0
119	0
120	0
121	0
122	0
123	0
124	0
125	0
126	0
127	0
128	0
129	0
130	0
131	0
132	0
133	0
134	0
135	0
136	0
137	0
138	0
139	0
140	0
141	0
142	0
143	0
144	0
145	0
146	0
147	0
148	0
149	0
150	0
151	0
152	0
153	0
154	0
155	0
156	0
157	0
158	0
159	0
160	0
161	0
162	0
163	0
164	0
165	0
166	0
167	0
168	0
169	0
170	0
171	0
172	0
173	0
174	0
175	0
176	0
177	0
178	0
179	0
180	0
181	0
182	0
183	0
184	0
185	0
186	0
187	0
188	0
189	0
190	0
191	0
192	0
193	0
194	0
195	0
196	0
197	0
198	0
199	0
200	0
201	0
202	0
203	0
204	0
205	0
206	0
207	0
208	0
209	0
210	0
211	0
212	0
213	0
214	0
215	0
216	0
217	0
218	0
219	0
220	0
221	0
222	0
223	0
224	0
225	0
226	0
227	0
228	0
229	0
230	0
231	0
232	0
233	0
234	0
235	0
236	0
237	0
238	0
239	0
240	0
241	0
242	0
243	0
244	0
245	0
246	0
247	0
248	0
249	0
250	0
251	0
252	0
253	0
254	0
255	0
256	0
257	0
258	0
259	0
260	0
261	0
262	0
263	0
264	0
265	0
266	0
267	0
268	0
269	0
270	0
271	0
272	0
273	0
274	0
275	0
276	0
277	0
278	0
279	0
280	0
281	0
282	0
283	0
284	0
285	0
286	0
287	0
288	0
289	0
290	0
291	0
292	0
293	0
294	0
295	0
296	0
297	0
298	0
299	0
300	0
301	0
302	0
303	0
304	0
305	0
306	0
307	0
308	0
309	0
310	0
311	0
312	0
313	0
314	0
315	0
316	0
317	0
318	0
319	0
320	0
321	0
322	0
323	0
324	0
325	0
326	0
327	0
328	0
329	0
330	0
331	0
332	0
333	0
334	0
335	0
336	0
337	0
338	0
339	0
340	0
341	0
342	0
343	0
344	0
345	0
346	0
347	0
348	0
349	0
350	0
351	0
352	0
353	0
354	0
355	0
356	0
357	0
358	0
359	0
360	0
361	0
362	0
363	0
364	0
365	0
366	0
367	0
368	0
369	0
370	0
371	0
372	0
373	0
374	0
375	0
376	0
377	0
378	0
379	0
380	0
381	0
382	0
383	0
384	0
385	0
386	0
387	0
388	0
389	0
390	0
391	0
392	0
393	0
394	0
395	0
396	0
397	0
398	0
399	0
400	0
401	0
402	0
403	0
404	0
405	0
406	0
407	0
408	0
409	0
410	0
411	0
412	0
413	0
414	0
415	0
416	0
417	0
418	0
419	0
420	0
421	0
422	0
423	0
424	0
425	0
426	0
427	0
428	0
429	0
430	0
431	0
432	0
433	0
434	0
435	0
436	0
437	0
438	0
439	0
440	0
441	0
442	0
443	0
444	0
445	0
446	0
447	0
448	0
449	0
450	0
451	0
452	0
453	0
454	0
455	0
456	0
457	0
458	0
459	0
460	0
461	0
462	0
463	0
464	0
465	0
466	0
467	0
468	0
469	0
470	0
471	0
472	0
473	0
474	0
475	0
476	0
477	0
478	0
479	0
480	0
481	0
482	0
483	0
484	0
485	0
486	0
487	0
488	0
489	0
490	0
491	0
492	0
493	0
494	0
495	0
496	0
497	0
498	0
499	0
500	0
501	0
502	0
503	0
504	0
505	0
506	0
507	0
508	0
509	0
510	0
511	0
512	0
513	0
514	0
515	0
516	0
517	0
518	0
519	0
520	0
521	0
522	0
523	0
524	0
525	0
526	0
527	0
528	0
529	0
530	0
531	0
532	0
533	0
534	0
535	0
536	0
537	0
538	0
539	0
540	0
541	0
542	0
543	0
544	0
545	0
546	0
547	0
548	0
549	0
550	0
551	0
552	0
553	0
554	0
555	0
556	0
557	0
558	0
559	0
560	0
561	0
562	0
563	0
564	0
565	0
566	0
567	0
568	0
569	0
570	0
571	0
572	0
573	0
574	0
575	0
576	0
577	0
578	0
579	0
580	0
581	0
582	0
583	0
584	0
585	0
586	0
587	0
588	0
589	0
590	0
591	0
592	0
593	0
594	0
595	0
596	0
597	0
598	0
599	0
600	0
601	0
602	0
603	0
604	0
605	0
606	0
607	0
608	0
609	0
610	0
611	0
612	0
613	0
614	0
615	0
616	0
617	0
618	0
619	0
620	0
621	0
622	0
623	0
624	0
625	0
626	0
627	0
628	0
629	0
630	0
631	0
632	0
633	0
634	0
635	0
636	0
637	0
638	0
639	0
640	0
641	0
642	0
643	0
644	0
645	0
646	0
647	0
648	0
649	0
650	0
651	0
652	0
653	0
654	0
655	0
656	0
657	0
658	0
659	0
660	0
661	0
662	0
663	0
664	0
665	0
666	0
667	0
668	0
669	0
670	0
671	0
672	0
673	0
674	0
675	0
676	0
677	0
678	0
679	0
680	0
681	0
682	0
683	0
684	0
685	0
686	0
687	0
688	0
689	0
690	0
691	0
692	0
693	0
694	0
695	0
696	0
697	0
698	0
699	0
700	0
701	0
702	0
703	0
704	0
705	0
706	0
707	0
708	0
709	0
710	0
711	0
712	0
713	0
714	0
715	0
716	0
717	0
718	0
719	0
720	0
721	0
722	0
723	0
724	0
725	0
726	0
727	0
728	0
729	0
730	0
731	0
732	0
733	0
734	0
735	0
736	0
737	0
738	0
739	0
740	0
741	0
742	0
743	0
744	0
745	0
746	0
747	0
748	0
749	0
750	0
751	0
752	0
753	0
754	0
755	0
756	0
757	0
758	0
759	0
760	0
761	0
762	0
763	0
764	0
765	0
766	0
767	0
768	0
769	0
770	0
771	0
772	0
773	0
774	0
775	0
776	0
777	0
778	0
779	0
780	0
781	0
782	0
783	0
784	0
785	0
786	0
787	0
788	0
789	0
790	0
791	0
792	0
793	0
794	0
795	0
796	0
797	0
798	0
799	0
800	0
801	0
802	0
803	0
804	0
805	0
806	0
807	0
808	0
809	0
810	0
811	0
812	0
813	0
814	0
815	0
816	0
817	0
818	0
819	0
820	0
821	0
822	0
823	0
824	0
825	0
826	0
827	0
828	0
829	0
830	0
831	0
832	0
833	0
834	0
835	0
836	0
837	0
838	0
839	0
840	0
841	0
842	0
843	0
844	0
845	0
846	0
847	0
848	0
849	0
850	0
851	0
852	0
853	0
854	0
855	0
856	0
857	0
858	0
859	0
860	0
861	0
862	0
863	0
864	0
865	0
866	0
867	0
868	0
869	0
870	0
871	0
872	0
873	0
874	0
875	0
876	0
877	0
878	0
879	0
880	0
881	0
882	0
883	0
884	0
885	0
886	0
887	0
888	0
889	0
890	0
891	0
892	0
893	0
894	0
895	0
896	0
897	0
898	0
899	0
900	0
901	0
902	0
903	0
904	0
905	0
906	0
907	0
908	0
909	0
910	0
911	0
912	0
913	0
914	0
915	0
916	0
917	0
918	0
919	0
920	0
921	0
922	0
923	0
924	0
925	0
926	0
927	0
928	0
929	0
930	0
931	0
932	0
933	0
934	0
935	0
936	0
937	0
938	0
939	0
940	0
941	0
942	0
943	0
944	0
945	0
946	0
947	0
948	0
949	0
950	0
951	0
952	0
953	0
954	0
955	0
956	0
957	0
958	0
959	0
960	0
961	0
962	0
963	0
964	0
965	0
966	0
967	0
968	0
969	0
970	0
971	0
972	0
973	0
974	0
975	0
976	0
977	0
978	0
979	0
980	0
981	0
982	0
983	0
984	0
985	0
986	0
987	0
988	0
989	0
990	0
991	0
992	0
993	0
994	0
995	0
996	0
997	0
998	0
999	0
1000	0
1001	0
1002	0
1003	0
1004	0
1005	0
1006	0
1007	0
1008	0
1009	0
1010	0
1011	0
1012	0
1013	0
1014	0
1015	0
1016	0
1017	0
1018	0
1019	0
1020	0
1021	0
1022	0
1023	0
1024	0
1025	0
1026	0
1027	0
1028	0
1029	0
1030	0
1031	0
1032	0
1033	0
1034	0
1035	0
1036	0
1037	0
1038	0
1039	0
1040	0
1041	0
1042	0
1043	0
1044	0
1045	0
1046	0
1047	0
1048	0
1049	0
1050	0
1051	0
1052	0
1053	0
1054	0
1055	0
1056	0
1057	0
1058	0
1059	0
1060	0
1061	0
1062	0
1063	0
1064	0
1065	0
1066	0
1067	0
1068	0
1069	0
1070	0
1071	0
1072	0
1073	0
1074	0
1075	0
1076	0
1077	0
1078	0
1079	0
1080	0
1081	0
1082	0
1083	0
1084	0
1085	0
1086	0
1087	0
1088	0
1089	0
1090	0
1091	0
1092	0
1093	0
1094	0
1095	0
1096	0
1097	0
1098	0
1099	0
1100	0
1101	0
1102	0
1103	0
1104	0
1105	0
1106	0
1107	0
1108	0
1109	0
1110	0
1111	0
1112	0
1113	0
1114	0
1115	0
1116	0
1117	0
1118	0
1119	0
1120	0
1121	0
1122	0
1123	0
1124	0
1125	0
1126	0
1127	0
1128	0
1129	0
1130	0
1131	0
1132	0
1133	0
1134	0
1135	0
1136	0
1137	0
1138	0
1139	0
1140	0
1141	0
1142	0
1143	0
1144	0
1145	0
1146	0
1147	0
1148	0
1149	0
1150	0
1151	0
1152	0
1153	0
1154	0
1155	0
1156	0
1157	0
1158	0
1159	0
1160	0
1161	0
1162	0
1163	0
1164	0
1165	0
1166	0
1167	0
1168	0
1169	0
1170	0
1171	0
1172	0
1173	0
1174	0
1175	0
1176	0
1177	0
1178	0
1179	0
1180	0
1181	0
1182	0
1183	0
1184	0
1185	0
1186	0
1187	0
1188	0
1189	0
1190	0
1191	0
1192	0
1193	0
1194	0
1195	0
1196	0
1197	0
1198	0
1199	0
1200	0
1201	0
1202	0
1203	0
1204	0
1205	0
1206	0
1207	0
1208	0
1209	0
1210	0
1211	0
1212	0
1213	0
1214	0
1215	0
1216	0
1217	0
1218	0
1219	0
1220	0
1221	0
1222	0
1223	0
1224	0
1225	0
1226	0
1227	0
1228	0
1229	0
1230	0
1231	0
1232	0
1233	0
1234	0
1235	0
1236	0
1237	0
1238	0
1239	0
1240	0
1241	0
1242	0
1243	0
1244	0
1245	0
1246	0
1247	0
1248	0
1249	0
1250	0
1251	0
1252	0
1253	0
1254	0
1255	0
1256	0
1257	0
1258	0
1259	0
1260	0
1261	0
1262	0
1263	0
1264	0
1265	0
1266	0
1267	0
1268	0
1269	0
1270	0
1271	0
1272	0
1273	0
1274	0
1275	0
1276	0
1277	0
1278	0
1279	0
1280	0
1281	0
1282	0
1283	0
1284	0
1285	0
1286	0
1287	0
1288	0
1289	0
1290	0
1291	0
1292	0
1293	0
1294	0
1295	0
1296	0
1297	0
1298	0
1299	0
1300	0
1301	0
1302	0
1303	0
1304	0
1305	0
1306	0
1307	0
1308	0
1309	0
1310	0
1311	0
1312	0
1313	0
1314	0
1315	0
1316	0
1317	0
1318	0
1319	0
1320	0
1321	0
1322	0
1323	0
1324	0
1325	0
1326	0
1327	0
1328	0
1329	0
1330	0
1331	0
1332	0
1333	0
1334	0
1335	0
1336	0
1337	0
1338	0
1339	0
1340	0
1341	0
1342	0
1343	0
1344	0
1345	0
1346	0
1347	0
1348	0
1349	0
1350	0
1351	0
1352	0
1353	0
1354	0
1355	0
1356	0
1357	0
1358	0
1359	0
1360	0
1361	0
1362	0
1363	0
1364	0
1365	0
1366	0
1367	0
1368	0
1369	0
1370	0
1371	0
1372	0
1373	0
1374	0
1375	0
1376	0
1377	0
1378	0
1379	0
1380	0
1381	0
1382	0
1383	0
1384	0
1385	0
1386	0
1387	0
1388	0
1389	0
1390	0
1391	0
1392	0
1393	0
1394	0
1395	0
1396	0
1397	0
1398	0
1399	0
1400	0
1401	0
1402	0
1403	0
1404	0
1405	0
1406	0
1407	0
1408	0
1409	0
1410	0
1411	0
1412	0
1413	0
1414	0
1415	0
1416	0
1417	0
1418	0
1419	0
1420	0
1421	0
1422	0
1423	0
1424	0
1425	0
1426	0
1427	0
1428	0
1429	0
1430	0
1431	0
1432	0
1433	0
1434	0
1435	0
1436	0
1437	0
1438	0
1439	0
1440	0
1441	0
1442	0
1443	0
1444	0
1445	0
1446	0
1447	0
1448	0
1449	0
1450	0
1451	0
1452	0
1453	0
1454	0
1455	0
1456	0
1457	0
1458	0
1459	0
1460	0
1461	0
1462	0
1463	0
1464	0
1465	0
1466	0
1467	0
1468	0
1469	0
1470	0
1471	0
1472	0
1473	0
1474	0
1475	0
1476	0
1477	0
1478	0
1479	0
1480	0
1481	0
1482	0
1483	0
1484	0
1485	0
1486	0
1487	0
1488	0
1489	0
1490	0
1491	0
1492	0
1493	0
1494	0
1495	0
1496	0
1497	0
1498	0
1499	0
1500	0
1501	0
1502	0
1503	0
1504	0
1505	0
1506	0
1507	0
1508	0
1509	0
1510	0
1511	0
1512	0
1513	0
1514	0
1515	0
1516	0
1517	0
1518	0
1519	0
1520	0
1521	0
1522	0
1523	0
1524	0
1525	0
1526	0
1527	0
1528	0
1529	0
1530	0
1531	0
1532	0
1533	0
1534	0
1535	0
1536	0
1537	0
1538	0
1539	0
1540	0
1541	0
1542	0
1543	0
1544	0
1545	0
1546	0
1547	0
1548	0
1549	0
1550	0
1551	0
1552	0
1553	0
1554	0
1555	0
1556	0
1557	0
1558	0
1559	0
1560	0
1561	0
1562	0
1563	0
1564	0
1565	0
1566	0
1567	0
1568	0
1569	0
1570	0
1571	0
1572	0
1573	0
1574	0
1575	0
1576	0
1577	0
1578	0
1579	0
1580	0
1581	0
1582	0
1583	0
1584	0
1585	0
1586	0
1587	0
1588	0
1589	0
1590	0
1591	0
1592	0
1593	0
1594	0
1595	0
1596	0
1597	0
1598	0
1599	0
1600	0
1601	0
1602	0
1603	0
1604	0
1605	0
1606	0
1607	0
1608	0
1609	0
1610	0
1611	0
1612	0
1613	0
1614	0
1615	0
1616	0
1617	0
1618	0
1619	0
1620	0
1621	0
1622	0
1623	0
1624	0
1625	0
1626	0
1627	0
1628	0
1629	0
1630	0
1631	0
1632	0
1633	0
1634	0
1635	0
1636	0
1637	0
1638	0
1639	0
1640	0
1641	0
1642	0
1643	0
1644	0
1645	0
1646	0
1647	0
1648	0
1649	0
1650	0
1651	0
1652	0
1653	0
1654	0
1655	0
1656	0
1657	0
1658	0
1659	0
1660	0
1661	0
1662	0
1663	0
1664	0
1665	0
1666	0
1667	0
1668	0
1669	0
1670	0
1671	0
1672	0
1673	0
1674	0
1675	0
1676	0
1677	0
1678	0
1679	0
1680	0
1681	0
1682	0
1683	0
1684	0
1685	0
1686	0
1687	0
1688	0
1689	0
1690	0
1691	0
1692	0
1693	0
1694	0
1695	0
1696	0
1697	0
1698	0
1699	0
1700	0
1701	0
1702	0
1703	0
1704	0
1705	0
1706	0
1707	0
1708	0
1709	0
1710	0
1711	0
1712	0
1713	0
1714	0
1715	0
1716	0
1717	0
1718	0
1719	0
1720	0
1721	0
1722	0
1723	0
1724	0
1725	0
1726	0
1727	0
1728	0
1729	0
1730	0
1731	0
1732	0
1733	0
1734	0
1735	0
1736	0
1737	0
1738	0
1739	0
1740	0
1741	0
1742	0
1743	0
1744	0
1745	0
1746	0
1747	0
1748	0
1749	0
1750	0
1751	0
1752	0
1753	0
1754	0
1755	0
1756	0
1757	0
1758	0
1759	0
1760	0
1761	0
1762	0
1763	0
1764	0
1765	0
1766	0
1767	0
1768	0
1769	0
1770	0
1771	0
1772	0
1773	0
1774	0
1775	0
1776	0
1777	0
1778	0
1779	0
1780	0
1781	0
1782	0
1783	0
1784	0
1785	0
1786	0
1787	0
1788	0
1789	0
1790	0
1791	0
1792	0
1793	0
1794	0
1795	0
1796	0
1797	0
1798	0
1799	0
1800	0
1801	0
1802	0
1803	0
1804	0
1805	0
1806	0
1807	0
1808	0
1809	0
1810	0
1811	0
1812	0
1813	0
1814	0
1815	0
1816	0
1817	0
1818	0
1819	0
1820	0
1821	0
1822	0
1823	0
1824	0
1825	0
1826	0
1827	0
1828	0
1829	0
1830	0
1831	0
1832	0
1833	0
1834	0
1835	0
1836	0
1837	0
1838	0
1839	0
1840	0
1841	0
1842	0
1843	0
1844	0
1845	0
1846	0
1847	0
1848	0
1849	0
1850	0
1851	0
1852	0
1853	0
1854	0
1855	0
1856	0
1857	0
1858	0
1859	0
1860	0
1861	0
1862	0
1863	0
1864	0
1865	0
1866	0
1867	0
1868	0
1869	0
1870	0
1871	0
1872	0
1873	0
1874	0
1875	0
1876	0
1877	0
1878	0
1879	0
1880	0
1881	0
1882	0
1883	0
1884	0
1885	0
1886	0
1887	0
1888	0
1889	0
1890	0
1891	0
1892	0
1893	0
1894	0
1895	0
1896	0
1897	0
1898	0
1899	0
1900	0
1901	0
1902	0
1903	0
1904	0
1905	0
1906	0
1907	0
1908	0
1909	0
1910	0
1911	0
1912	0
1913	0
1914	0
1915	0
1916	0
1917	0
1918	0
1919	0
1920	0
1921	0
1922	0
1923	0
1924	0
1925	0
1926	0
1927	0
1928	0
1929	0
1930	0
1931	0
1932	0
1933	0
1934	0
1935	0
1936	0
1937	0
1938	0
1939	0
1940	0
1941	0
1942	0
1943	0
1944	0
1945	0
1946	0
1947	0
1948	0
1949	0
1950	0
1951	0
1952	0
1953	0
1954	0
1955	0
1956	0
1957	0
1958	0
1959	0
1960	0
1961	0
1962	0
1963	0
1964	0
1965	0
1966	0
1967	0
1968	0
1969	0
1970	0
1971	0
1972	0
1973	0
1974	0
1975	0
1976	0
1977	0
1978	0
1979	0
1980	0
1981	0
1982	0
1983	0
1984	0
1985	0
1986	0
1987	0
1988	0
1989	0
1990	0
1991	0
1992	0
1993	0
1994	0
1995	0
1996	0
1997	0
1998	0
1999	0
2000	0
2001	0
2002	0
2003	0
2004	0
2005	0
2006	0
2007	0
2008	0
2009	0
2010	0
2011	0
2012	0
2013	0
2014	0
2015	0
2016	0
2017	0
2018	0
2019	0
2020	0
2021	0
2022	0
2023	0
2024	0
2025	0
2026	0
2027	0
2028	0
2029	0
2030	0
2031	0
2032	0
2033	0
2034	0
2035	0
2036	0
2037	0
2038	0
2039	0
2040	0
2041	0
2042	0
2043	0
2044	0
2045	0
2046	0
2047	0
2048	0
2049	0
2050	0
2051	0
2052	0
2053	0
2054	0
2055	0
2056	0
2057	0
2058	0
2059	0
2060	0
2061	0
2062	0
2063	0
2064	0
2065	0
2066	0
2067	0
2068	0
2069	0
2070	0
2071	0
2072	0
2073	0
2074	0
2075	0
2076	0
2077	0
2078	0
2079	0
2080	0
2081	0
2082	0
2083	0
2084	0
2085	0
2086	0
2087	0
2088	0
2089	0
2090	0
2091	0
2092	0
2093	0
2094	0
2095	0
2096	0
2097	0
2098	0
2099	0
2100	0
2101	0
2102	0
2103	0
2104	0
2105	0
2106	0
2107	0
2108	0
2109	0
2110	0
2111	0
2112	0
2113	0
2114	0
2115	0
2116	0
2117	0
2118	0
2119	0
2120	0
2121	0
2122	0
2123	0
2124	0
2125	0
2126	0
2127	0
2128	0
2129	0
2130	0
2131	0
2132	0
2133	0
2134	0
2135	0
2136	0
2137	0
2138	0
2139	0
2140	0
2141	0
2142	0
2143	0
2144	0
2145	0
2146	0
2147	0
2148	0
2149	0
2150	0
2151	0
2152	0
2153	0
2154	0
2155	0
2156	0
2157	0
2158	0
2159	0
2160	0
2161	0
2162	0
2163	0
2164	0
2165	0
2166	0
2167	0
2168	0
2169	0
2170	0
2171	0
2172	0
2173	0
2174	0
2175	0
2176	0
2177	0
2178	0
2179	0
2180	0
2181	0
2182	0
2183	0
2184	0
2185	0
2186	0
2187	0
2188	0
2189	0
2190	0
2191	0
2192	0
2193	0
2194	0
2195	0
2196	0
2197	0
2198	0
2199	0
2200	0
2201	0
2202	0
2203	0
2204	0
2205	0
2206	0
2207	0
2208	0
2209	0
2210	0
2211	0
2212	0
2213	0
2214	0
2215	0
2216	0
2217	0
2218	0
2219	0
2220	0
2221	0
2222	0
2223	0
2224	0
2225	0
2226	0
2227	0
2228	0
2229	0
2230	0
2231	0
2232	0
2233	0
2234	0
2235	0
2236	0
2237	0
2238	0
2239	0
2240	0
2241	0
2242	0
2243	0
2244	0
2245	0
2246	0
2247	0
2248	0
2249	0
2250	0
2251	0
2252	0
2253	0
2254	0
2255	0
2256	0
2257	0
2258	0
2259	0
2260	0
2261	0
2262	0
2263	0
2264	0
2265	0
2266	0
2267	0
2268	0
2269	0
2270	0
2271	0
2272	0
2273	0
2274	0
2275	0
2276	0
2277	0
2278	0
2279	0
2280	0
2281	0
2282	0
2283	0
2284	0
2285	0
2286	0
2287	0
2288	0
2289	0
2290	0
2291	0
2292	0
2293	0
2294	0
2295	0
2296	0
2297	0
2298	0
2299	0
2300	0
2301	0
2302	0
2303	0
2304	0
2305	0
2306	0
2307	0
2308	0
2309	0
2310	0
2311	0
2312	0
2313	0
2314	0
2315	0
2316	0
2317	0
2318	0
2319	0
2320	0
2321	0
2322	0
2323	0
2324	0
2325	0
2326	0
2327	0
2328	0
2329	0
2330	0
2331	0
2332	0
2333	0
2334	0
2335	0
2336	0
2337	0
2338	0
2339	0
2340	0
2341	0
2342	0
2343	0
2344	0
2345	0
2346	0
2347	0
2348	0
2349	0
2350	0
2351	0
2352	0
2353	0
2354	0
2355	0
2356	0
2357	0
2358	0
2359	0
2360	0
2361	0
2362	0
2363	0
2364	0
2365	0
2366	0
2367	0
2368	0
2369	0
2370	0
2371	0
2372	0
2373	0
2374	0
2375	0
2376	0
2377	0
2378	0
2379	0
2380	0
2381	0
2382	0
2383	0
2384	0
2385	0
2386	0
2387	0
2388	0
2389	0
2390	0
2391	0
2392	0
2393	0
2394	0
2395	0
2396	0
2397	0
2398	0
2399	0
2400	0
2401	0
2402	0
2403	0
2404	0
2405	0
2406	0
2407	0
2408	0
2409	0
2410	0
2411	0
2412	0
2413	1
2414	1
2415	1
2416	1
2417	1
2418	1
2419	1
2420	1
2421	1
2422	1
2423	1
2424	1
2425	1
2426	1
2427	1
2428	1
2429	1
2430	1
2431	1
2432	1
2433	1
2434	1
2435	1
2436	1
2437	1
2438	1
2439	1
2440	1
2441	1
2442	1
2443	1
2444	1
2445	1
2446	1
2447	1
2448	1
2449	1
2450	1
2451	1
2452	1
2453	1
2454	1
2455	1
2456	1
2457	1
2458	1
2459	1
2460	1
2461	1
2462	1
2463	1
2464	1
2465	1
2466	1
2467	1
2468	1
2469	1
2470	1
2471	1
2472	1
2473	1
2474	1
2475	1
2476	1
2477	1
2478	1
2479	1
2480	1
2481	1
2482	1
2483	1
2484	1
2485	1
2486	1
2487	1
2488	1
2489	1
2490	1
2491	1
2492	1
2493	1
2494	1
2495	1
2496	1
2497	1
2498	1
2499	1
2500	1
2501	1
2502	1
2503	1
2504	1
2505	1
2506	1
2507	1
2508	1
2509	1
2510	1
2511	1
2512	1
2513	1
2514	1
2515	1
2516	1
2517	1
2518	1
2519	1
2520	1
2521	1
2522	1
2523	1
2524	1
2525	1
2526	1
2527	1
2528	1
2529	1
2530	1
2531	1
2532	1
2533	1
2534	1
2535	2
2536	2
2537	2
2538	2
2539	2
2540	2
2541	2
2542	2
2543	2
2544	2
2545	2
2546	2
2547	2
2548	2
2549	2
2550	2
2551	2
2552	2
2553	2
2554	2
2555	2
2556	2
2557	2
2558	2
2559	2
2560	2
2561	2
2562	2
2563	2
2564	2
2565	2
2566	2
2567	2
2568	2
2569	2
2570	2
2571	2
2572	2
2573	2
2574	2
2575	2
2576	2
2577	2
2578	2
2579	2
2580	2
2581	2
2582	2
2583	2
2584	2
2585	2
2586	2
2587	2
2588	2
2589	2
2590	2
2591	2
2592	2
2593	2
2594	2
2595	2
2596	2
2597	2
2598	2
2599	2
2600	2
2601	2
2602	2
2603	2
2604	2
2605	2
2606	2
2607	2
2608	2
2609	2
2610	2
2611	2
2612	2
2613	2
2614	2
2615	2
2616	2
2617	2
2618	2
2619	2
2620	2
2621	2
2622	2
2623	2
2624	2
2625	2
2626	2
2627	2
2628	2
2629	2
2630	2
2631	2
2632	2
2633	2
2634	2
2635	2
2636	2
2637	2
2638	2
2639	2
2640	2
2641	2
2642	2
2643	2
2644	2
2645	2
2646	2
2647	2
2648	2
2649	2
2650	2
2651	2
2652	2
2653	2
2654	2
2655	2
2656	2
2657	2
2658	2
2659	2
2660	2
2661	2
2662	2
2663	2
2664	2
2665	2
2666	2
2667	2
2668	2
2669	2
2670	2
2671	2
2672	2
2673	2
2674	2
2675	2
2676	2
2677	2
2678	2
2679	2
2680	2
2681	2
2682	2
2683	2
2684	2
2685	2
2686	2
2687	2
2688	2
2689	2
2690	2
2691	2
2692	2
2693	2
2694	2
2695	2
2696	2
2697	2
2698	2
2699	2
2700	2
2701	2
2702	2
2703	2
2704	2
2705	2
2706	2
2707	2
2708	2
2709	2
2710	2
2711	2
2712	2
2713	2
2714	2
2715	2
2716	2
2717	2
2718	2
2719	2
2720	2
2721	2
2722	2
2723	2
2724	2
2725	2
2726	2
2727	2
2728	2
2729	2
2730	2
2731	2
2732	2
2733	2
2734	2
2735	2
2736	2
2737	2
2738	2
2739	2
2740	2
2741	2
2742	2
2743	2
2744	2
2745	2
2746	2
2747	2
2748	2
2749	2
2750	2
2751	2
2752	2
2753	2
2754	2
2755	2
2756	2
2757	2
2758	2
2759	2
2760	2
2761	2
2762	2
2763	2
2764	2
2765	2
2766	2
2767	2
2768	2
2769	2
2770	2
2771	2
2772	2
2773	2
2774	2
2775	2
2776	2
2777	2
2778	2
2779	2
2780	2
2781	2
2782	2
2783	2
2784	2
2785	2
2786	2
2787	2
2788	2
2789	2
2790	2
2791	2
2792	2
2793	2
2794	2
2795	2
2796	2
2797	2
2798	2
2799	2
2800	2
2801	2
2802	2
2803	2
2804	2
2805	2
2806	2
2807	2
2808	2
2809	2
2810	2
2811	2
2812	2
2813	2
2814	2
2815	2
2816	2
2817	2
2818	2
2819	2
2820	2
2821	2
2822	2
2823	2
2824	2
2825	2
2826	2
2827	2
2828	2
2829	2
2830	2
2831	2
2832	2
2833	2
2834	2
2835	2
2836	2
2837	2
2838	2
2839	2
2840	2
2841	2
2842	2
2843	2
2844	2
2845	2
2846	2
2847	2
2848	2
2849	2
2850	2
2851	2
2852	2
2853	2
2854	2
2855	2
2856	2
2857	2
2858	2
2859	2
2860	2
2861	2
2862	2
2863	2
2864	2
2865	2
2866	2
2867	2
2868	2
2869	2
2870	2
2871	2
2872	2
2873	2
2874	2
2875	2
2876	2
2877	2
2878	2
2879	2
2880	2
2881	2
2882	2
2883	2
2884	2
2885	2
2886	2
2887	2
2888	2
2889	2
2890	2
2891	2
2892	2
2893	2
2894	2
2895	2
2896	2
2897	2
2898	2
2899	2
2900	2
2901	2
2902	2
2903	2
2904	2
2905	2
2906	2
2907	2
2908	2
2909	2
2910	2
2911	2
2912	2
2913	2
2914	2
2915	2
2916	2
2917	2
2918	2
2919	2
2920	2
2921	2
2922	2
2923	2
2924	2
2925	2
2926	2
2927	2
2928	2
2929	2
2930	2
2931	2
2932	2
2933	2
2934	2
2935	2
2936	2
2937	2
2938	2
2939	2
2940	2
2941	2
2942	2
2943	2
2944	2
2945	2
2946	2
2947	2
2948	2
2949	2
2950	2
2951	2
2952	2
2953	2
2954	2
2955	2
2956	2
2957	3
2958	3
2959	3
2960	3
2961	3
2962	3
2963	3
2964	3
2965	3
2966	3
2967	3
2968	3
2969	3
2970	3
2971	3
2972	3
2973	3
2974	3
2975	3
2976	3
2977	3
2978	3
2979	3
2980	3
2981	3
2982	3
2983	3
2984	3
2985	3
2986	3
2987	3
2988	3
2989	3
2990	3
2991	3
2992	3
2993	3
2994	3
2995	3
2996	3
2997	3
2998	3
2999	3
3000	3
3001	3
3002	3
3003	3
3004	3
3005	3
3006	3
3007	3
3008	3
3009	3
3010	3
3011	3
3012	3
3013	3
3014	3
3015	3
3016	3
3017	3
3018	3
3019	3
3020	3
3021	3
3022	3
3023	3
3024	3
3025	3
3026	3
3027	3
3028	3
3029	3
3030	3
3031	3
3032	3
3033	3
3034	3
3035	3
3036	3
3037	3
3038	3
3039	3
3040	3
3041	3
3042	3
3043	3
3044	3
3045	3
3046	3
3047	3
3048	3
3049	3
3050	3
3051	3
3052	3
3053	3
3054	3
3055	3
3056	3
3057	3
3058	3
3059	3
3060	3
3061	3
3062	3
3063	3
3064	3
3065	3
3066	3
3067	3
3068	3
3069	3
3070	3
3071	3
3072	3
3073	3
3074	3
3075	3
3076	3
3077	3
3078	3
3079	3
3080	3
3081	3
3082	3
3083	3
3084	3
3085	3
3086	3
3087	3
3088	3
3089	3
3090	3
3091	3
3092	3
3093	3
3094	3
3095	3
3096	3
3097	3
3098	3
3099	3
3100	3
3101	3
3102	3
3103	3
3104	3
3105	3
3106	3
3107	3
3108	3
3109	3
3110	3
3111	3
3112	3
3113	3
3114	3
3115	3
3116	3
3117	3
3118	3
3119	3
3120	3
3121	3
3122	3
3123	3
3124	3
3125	4
3126	4
3127	4
3128	4
3129	4
3130	4
3131	4
3132	4
3133	4
3134	4
3135	4
3136	4
3137	4
3138	4
3139	4
3140	4
3141	4
3142	4
3143	4
3144	4
3145	4
3146	4
3147	4
3148	4
3149	4
3150	4
3151	5
3152	5
3153	5
3154	5
3155	5
3156	5
3157	5
3158	5
3159	5
3160	5
3161	5
3162	5
3163	5
3164	5
3165	5
3166	5
3167	5
3168	5
3169	5
3170	5
3171	5
3172	5
3173	5
3174	5
3175	5
3176	5
3177	5
3178	5
3179	5
3180	5
3181	5
3182	5
3183	5
3184	5
3185	5
3186	5
3187	5
3188	5
3189	5
3190	5
3191	5
3192	5
3193	5
3194	5
3195	5
3196	5
3197	5
3198	5
3199	5
3200	5
3201	5
3202	5
3203	5
3204	5
3205	5
3206	5
3207	5
3208	5
3209	5
3210	5
3211	5
3212	5
3213	5
3214	5
3215	5
3216	5
3217	5
3218	5
3219	5
3220	5
3221	5
3222	5
3223	5
3224	5
3225	5
3226	5
3227	5
3228	5
3229	5
3230	5
3231	5
3232	5
3233	5
3234	5
3235	5
3236	5
3237	5
3238	5
3239	5
3240	5
3241	5
3242	5
3243	5
3244	5
3245	5
3246	5
3247	5
3248	5
3249	5
3250	5
3251	5
3252	5
3253	5
3254	5
3255	5
3256	5
3257	5
3258	5
3259	5
3260	5
3261	5
3262	5
3263	5
3264	5
3265	5
3266	5
3267	5
3268	5
3269	5
3270	5
3271	5
3272	5
3273	5
3274	5
3275	5
3276	5
3277	5
3278	5
3279	5
3280	5
3281	5
3282	5
3283	5
3284	5
3285	5
3286	5
3287	5
3288	5
3289	5
3290	5
3291	5
3292	5
3293	5
3294	5
3295	5
3296	5
3297	5
3298	5
3299	5
3300	5
3301	5
3302	5
3303	5
3304	5
3305	5
3306	5
3307	5
3308	5
3309	5
3310	5
3311	5
3312	5
3313	5
3314	5
3315	5
3316	5
3317	5
3318	5
3319	5
3320	5
3321	5
3322	5
3323	5
3324	5
3325	5
3326	5
3327	5
3328	5
3329	5
3330	5
3331	5
3332	5
3333	5
3334	5
3335	5
3336	5
3337	5
3338	5
3339	5
3340	5
3341	5
3342	5
3343	5
3344	5
3345	5
3346	5
3347	5
3348	5
3349	5
3350	5
3351	5
3352	5
3353	5
3354	5
3355	5
3356	5
3357	5
3358	5
3359	5
3360	5
3361	5
3362	5
3363	5
3364	5
3365	5
3366	5
3367	5
3368	5
3369	5
3370	5
3371	5
3372	5
3373	5
3374	5
3375	5
3376	5
3377	5
3378	5
3379	5
3380	5
3381	5
3382	5
3383	5
3384	5
3385	5
3386	5
3387	5
3388	5
3389	5
3390	5
3391	5
3392	5
3393	5
3394	5
3395	5
3396	5
3397	5
3398	5
3399	5
3400	5
3401	5
3402	5
3403	5
3404	5
3405	5
3406	5
3407	5
3408	5
3409	5
3410	5
3411	5
3412	5
3413	5
3414	5
3415	5
3416	5
3417	5
3418	5
3419	5
3420	5
3421	5
3422	5
3423	5
3424	5
3425	5
3426	5
3427	5
3428	5
3429	5
3430	5
3431	5
3432	5
3433	5
3434	5
3435	5
3436	5
3437	5
3438	5
3439	5
3440	5
3441	5
3442	5
3443	5
3444	5
3445	5
3446	5
3447	5
3448	5
3449	5
3450	5
3451	5
3452	5
3453	5
3454	5
3455	5
3456	5
3457	5
3458	5
3459	5
3460	5
3461	5
3462	5
3463	5
3464	5
3465	5
3466	5
3467	5
3468	5
3469	5
3470	5
3471	5
3472	5
3473	5
3474	5
3475	5
3476	5
3477	5
3478	5
3479	5
3480	5
3481	5
3482	5
3483	5
3484	5
3485	5
3486	5
3487	5
3488	5
3489	5
3490	5
3491	5
3492	5
3493	5
3494	5
3495	5
3496	5
3497	5
3498	5
3499	5
3500	5
3501	5
3502	5
3503	5
3504	5
3505	5
3506	5
3507	5
3508	5
3509	5
3510	5
3511	5
3512	5
3513	5
3514	5
3515	5
3516	5
3517	5
3518	5
3519	5
3520	5
3521	6
3522	6
3523	6
3524	6
3525	6
3526	6
3527	6
3528	6
3529	6
3530	6
3531	6
3532	6
3533	6
3534	6
3535	6
3536	6
3537	6
3538	6
3539	6
3540	6
3541	6
3542	6
3543	6
3544	6
3545	6
3546	6
3547	6
3548	6
3549	6
3550	6
3551	6
3552	6
3553	6
3554	6
3555	6
3556	6
3557	6
3558	6
3559	6
3560	6
3561	6
3562	6
3563	6
3564	6
3565	6
3566	6
3567	6
3568	6
3569	6
3570	6
3571	6
3572	6
3573	6
3574	6
3575	6
3576	6
3577	6
3578	6
3579	6
3580	6
3581	6
3582	6
3583	6
3584	6
3585	6
3586	6
3587	6
3588	6
3589	6
3590	6
3591	6
3592	6
3593	6
3594	6
3595	6
3596	6
3597	6
3598	6
3599	6
3600	6
3601	7
3602	7
3603	7
3604	7
3605	7
3606	7
3607	7
3608	7
3609	7
3610	7
3611	7
3612	7
3613	7
3614	7
3615	7
3616	7
3617	7
3618	7
3619	7
3620	7
3621	7
3622	7
3623	7
3624	7
3625	7
3626	7
3627	7
3628	7
3629	7
3630	7
3631	7
3632	7
3633	7
3634	7
3635	7
3636	7
3637	7
3638	7
3639	7
3640	7
3641	7
3642	7
3643	7
3644	7
3645	7
3646	7
3647	7
3648	7
3649	7
3650	7
3651	7
3652	7
3653	7
3654	7
3655	7
3656	7
3657	7
3658	7
3659	7
3660	7
3661	7
3662	7
3663	7
3664	7
3665	7
3666	7
3667	7
3668	7
3669	7
3670	7
3671	7
3672	7
3673	7
3674	7
3675	7
3676	7
3677	7
3678	7
3679	7
3680	7
3681	7
3682	7
3683	7
3684	7
3685	7
3686	7
3687	7
3688	7
3689	7
3690	7
3691	7
3692	7
3693	7
3694	7
3695	7
3696	7
3697	7
3698	7
3699	7
3700	7
3701	7
3702	7
3703	7
3704	7
3705	7
3706	7
3707	7
3708	7
3709	7
3710	7
3711	7
3712	7
3713	7
3714	7
3715	7
3716	7
3717	7
3718	7
3719	7
3720	7
3721	7
3722	7
3723	7
3724	7
3725	7
3726	7
3727	7
3728	7
3729	7
3730	7
3731	7
3732	7
3733	7
3734	7
3735	7
3736	7
3737	7
3738	7
3739	7
3740	7
3741	7
3742	7
3743	7
3744	7
3745	7
3746	7
3747	7
3748	7
3749	7
3750	7
3751	7
3752	7
3753	7
3754	7
3755	7
3756	7
3757	7
3758	7
3759	7
3760	7
3761	7
3762	7
3763	7
3764	7
3765	7
3766	7
3767	7
3768	7
3769	7
3770	7
3771	7
3772	7
3773	7
3774	7
3775	7
3776	7
3777	7
3778	7
3779	7
3780	7
3781	7
3782	7
3783	7
3784	7
3785	7
3786	7
3787	7
3788	7
3789	7
3790	7
3791	7
3792	7
3793	7
3794	7
3795	7
3796	7
3797	7
3798	7
3799	7
3800	7
3801	7
3802	7
3803	7
3804	7
3805	7
3806	7
3807	7
3808	7
3809	7
3810	7
3811	7
3812	7
3813	7
3814	7
3815	7
3816	7
3817	7
3818	7
3819	7
3820	7
3821	7
3822	7
3823	7
3824	7
3825	7
3826	7
3827	7
3828	7
3829	7
3830	7
3831	7
3832	7
3833	7
3834	7
3835	7
3836	7
3837	7
3838	7
3839	7
3840	7
3841	7
3842	7
3843	7
3844	7
3845	7
3846	7
3847	7
3848	7
3849	7
3850	7
3851	7
3852	7
3853	7
3854	7
3855	7
3856	7
3857	7
3858	7
3859	7
3860	7
3861	7
3862	7
3863	7
3864	7
3865	7
3866	7
3867	7
3868	7
3869	7
3870	7
3871	7
3872	7
3873	7
3874	7
3875	7
3876	7
3877	7
3878	7
3879	7
3880	7
3881	7
3882	7
3883	7
3884	7
3885	7
3886	7
3887	7
3888	7
3889	7
3890	7
3891	7
3892	7
3893	7
3894	7
3895	7
3896	7
3897	7
3898	7
3899	7
3900	7
3901	7
3902	7
3903	7
3904	7
3905	7
3906	7
3907	7
3908	7
3909	7
3910	7
3911	7
3912	7
3913	7
3914	7
3915	7
3916	7
3917	7
3918	7
3919	7
3920	7
3921	7
3922	7
3923	7
3924	7
3925	7
3926	7
3927	7
3928	7
3929	7
3930	7
3931	7
3932	7
3933	7
3934	7
3935	7
3936	7
3937	7
3938	7
3939	7
3940	7
3941	7
3942	7
3943	7
3944	7
3945	7
3946	7
3947	7
3948	7
3949	7
3950	7
3951	7
3952	7
3953	7
3954	7
3955	7
3956	7
3957	7
3958	7
3959	7
3960	7
3961	7
3962	7
3963	7
3964	7
3965	7
3966	7
3967	7
3968	7
3969	7
3970	7
3971	7
3972	7
3973	7
3974	7
3975	7
3976	7
3977	7
3978	7
3979	7
3980	7
3981	7
3982	7
3983	7
3984	7
3985	7
3986	7
3987	7
3988	7
3989	7
3990	7
3991	7
3992	7
3993	7
3994	7
3995	7
3996	7
3997	7
3998	7
3999	7
4000	7
4001	7
4002	7
4003	7
4004	7
4005	7
4006	7
4007	7
4008	7
4009	7
4010	7
4011	7
4012	7
4013	7
4014	7
4015	7
4016	7
4017	7
4018	7
4019	7
4020	7
4021	7
4022	7
4023	7
4024	7
4025	7
4026	7
4027	7
4028	7
4029	7
4030	7
4031	7
4032	7
4033	7
4034	7
4035	7
4036	7
4037	7
4038	7
4039	7
4040	7
4041	7
4042	7
4043	7
4044	7
4045	7
4046	7
4047	7
4048	7
4049	7
4050	7
4051	7
4052	7
4053	7
4054	7
4055	7
4056	7
4057	7
4058	7
4059	7
4060	7
4061	7
4062	7
4063	7
4064	7
4065	7
4066	7
4067	7
4068	7
4069	7
4070	7
4071	7
4072	7
4073	7
4074	7
4075	7
4076	7
4077	7
4078	7
4079	7
4080	7
4081	7
4082	7
4083	7
4084	7
4085	7
4086	7
4087	7
4088	7
4089	7
4090	7
4091	7
4092	7
4093	7
4094	7
4095	7
4096	7
4097	7
4098	7
4099	7
4100	7
4101	7
4102	7
4103	7
4104	7
4105	7
4106	7
4107	7
4108	7
4109	7
4110	7
4111	7
4112	7
4113	7
4114	7
4115	7
4116	7
4117	7
4118	7
4119	7
4120	7
4121	7
4122	7
4123	7
4124	7
4125	7
4126	7
4127	7
4128	7
4129	7
4130	7
4131	7
4132	7
4133	7
4134	7
4135	7
4136	7
4137	7
4138	7
4139	7
4140	7
4141	7
4142	7
4143	7
4144	7
4145	7
4146	7
4147	7
4148	7
4149	7
4150	7
4151	7
4152	7
4153	7
4154	7
4155	7
4156	7
4157	7
4158	7
4159	7
4160	7
4161	7
4162	7
4163	7
4164	7
4165	7
4166	7
4167	7
4168	7
4169	7
4170	7
4171	7
4172	7
4173	7
4174	7
4175	7
4176	7
4177	7
4178	7
4179	7
4180	7
4181	7
4182	7
4183	7
4184	7
4185	7
4186	7
4187	7
4188	7
4189	7
4190	7
4191	7
4192	7
4193	7
4194	7
4195	7
4196	7
4197	7
4198	7
4199	7
4200	7
4201	7
4202	7
4203	7
4204	7
4205	7
4206	7
4207	7
4208	7
4209	7
4210	7
4211	7
4212	7
4213	7
4214	7
4215	7
4216	7
4217	7
4218	7
4219	7
4220	7
4221	7
4222	7
4223	7
4224	7
4225	7
4226	7
4227	7
4228	7
4229	7
4230	7
4231	7
4232	7
4233	7
4234	7
4235	7
4236	7
4237	7
4238	7
4239	7
4240	7
4241	7
4242	7
4243	7
4244	7
4245	7
4246	7
4247	7
4248	7
4249	7
4250	7
4251	7
4252	7
4253	7
4254	7
4255	7
4256	7
4257	7
4258	7
4259	7
4260	7
4261	7
4262	7
4263	7
4264	7
4265	7
4266	7
4267	7
4268	7
4269	7
4270	7
4271	7
4272	7
4273	7
4274	7
4275	7
4276	7
4277	7
4278	7
4279	7
4280	7
4281	7
4282	7
4283	7
4284	7
4285	7
4286	7
4287	7
4288	7
4289	7
4290	7
4291	7
4292	7
4293	7
4294	7
4295	7
4296	7
4297	7
4298	7
4299	7
4300	7
4301	7
4302	7
4303	7
4304	7
4305	7
4306	7
4307	7
4308	7
4309	7
4310	7
4311	7
4312	7
4313	7
4314	7
4315	7
4316	7
4317	7
4318	7
4319	7
4320	7
4321	7
4322	7
4323	7
4324	7
4325	7
4326	7
4327	7
4328	7
4329	7
4330	7
4331	7
4332	7
4333	7
4334	7
4335	7
4336	7
4337	7
4338	7
4339	7
4340	7
4341	7
4342	7
4343	7
4344	7
4345	7
4346	7
4347	7
4348	7
4349	7
4350	7
4351	7
4352	7
4353	7
4354	7
4355	7
4356	7
4357	7
4358	7
4359	7
4360	7
4361	7
4362	7
4363	7
4364	7
4365	7
4366	7
4367	7
4368	7
4369	7
4370	7
4371	7
4372	7
4373	7
4374	7
4375	7
4376	7
4377	7
4378	7
4379	7
4380	7
4381	7
4382	7
4383	7
4384	7
4385	7
4386	7
4387	7
4388	7
4389	7
4390	7
4391	7
4392	7
4393	7
4394	7
4395	7
4396	7
4397	7
4398	7
4399	7
4400	7
4401	7
4402	7
4403	7
4404	7
4405	7
4406	7
4407	7
4408	7
4409	7
4410	7
4411	7
4412	7
4413	7
4414	7
4415	7
4416	7
4417	7
4418	7
4419	7
4420	7
4421	7
4422	7
4423	7
4424	7
4425	7
4426	7
4427	7
4428	7
4429	7
4430	7
4431	7
4432	7
4433	7
4434	7
4435	7
4436	7
4437	7
4438	7
4439	7
4440	7
4441	7
4442	7
4443	7
4444	7
4445	7
4446	7
4447	7
4448	7
4449	7
4450	7
4451	7
4452	7
4453	7
4454	7
4455	7
4456	7
4457	7
4458	7
4459	7
4460	7
4461	7
4462	7
4463	7
4464	7
4465	7
4466	7
4467	7
4468	7
4469	7
4470	7
4471	7
4472	7
4473	7
4474	7
4475	7
4476	7
4477	7
4478	7
4479	7
4480	7
4481	7
4482	7
4483	7
4484	7
4485	7
4486	7
4487	7
4488	7
4489	7
4490	7
4491	7
4492	7
4493	7
4494	7
4495	7
4496	7
4497	7
4498	7
4499	7
4500	7
4501	7
4502	7
4503	7
4504	7
4505	7
4506	7
4507	7
4508	7
4509	7
4510	7
4511	7
4512	7
4513	7
4514	7
4515	7
4516	7
4517	7
4518	7
4519	7
4520	7
4521	7
4522	7
4523	7
4524	7
4525	7
4526	7
4527	7
4528	7
4529	7
4530	7
4531	7
4532	7
4533	7
4534	7
4535	7
4536	7
4537	7
4538	7
4539	7
4540	7
4541	7
4542	7
4543	7
4544	7
4545	7
4546	7
4547	7
4548	7
4549	7
4550	7
4551	7
4552	7
4553	8
4554	8
4555	8
4556	8
4557	8
4558	8
4559	8
4560	8
4561	8
4562	8
4563	8
4564	8
4565	8
4566	8
4567	8
4568	8
4569	8
4570	8
4571	8
4572	8
4573	8
4574	8
4575	8
4576	8
4577	8
4578	8
4579	8
4580	8
4581	8
4582	8
4583	8
4584	8
4585	8
4586	8
4587	8
4588	8
4589	8
4590	8
4591	8
4592	8
4593	8
4594	8
4595	8
4596	8
4597	8
4598	8
4599	8
4600	8
4601	8
4602	8
4603	8
4604	8
4605	8
4606	8
4607	8
4608	8
4609	8
4610	8
4611	8
4612	8
4613	8
4614	8
4615	8
4616	8
4617	8
4618	8
4619	8
4620	8
4621	9
4622	9
4623	9
4624	9
4625	9
4626	9
4627	9
4628	9
4629	9
4630	9
4631	9
4632	9
4633	9
4634	9
4635	9
4636	9
4637	9
4638	9
4639	9
4640	9
4641	9
4642	9
4643	9
4644	9
4645	9
4646	9
4647	9
4648	9
4649	9
4650	9
4651	9
4652	9
4653	9
4654	9
4655	9
4656	9
4657	9
4658	9
4659	9
4660	9
4661	9
4662	9
4663	9
4664	9
4665	9
4666	9
4667	9
4668	9
4669	9
4670	9
4671	9
4672	9
4673	9
4674	9
4675	9
4676	9
4677	9
4678	9
4679	9
4680	9
4681	9
4682	9
4683	9
4684	9
4685	9
4686	9
4687	9
4688	9
4689	9
4690	9
4691	9
4692	9
4693	9
4694	9
4695	9
4696	9
4697	9
4698	9
4699	9
4700	9
4701	9
4702	9
4703	9
4704	9
4705	9
4706	9
4707	9
4708	9
4709	9
4710	9
4711	9
4712	9
4713	9
4714	9
4715	9
4716	9
4717	9
4718	9
4719	9
4720	9
4721	9
4722	9
4723	9
4724	9
4725	9
4726	9
4727	9
4728	9
4729	9
4730	9
4731	9
4732	9
4733	9
4734	9
4735	9
4736	9
4737	9
4738	9
4739	9
4740	9
4741	9
4742	9
4743	9
4744	9
4745	9
4746	9
4747	9
4748	9
4749	9
4750	9
4751	9
4752	9
4753	9
4754	9
4755	9
4756	9
4757	9
4758	9
4759	9
4760	9
4761	9
4762	9
4763	9
4764	9
4765	9
4766	9
4767	9
4768	9
4769	9
4770	9
4771	9
4772	9
4773	9
4774	9
4775	9
4776	9
4777	9
4778	9
4779	9
4780	9
4781	9
4782	9
4783	9
4784	9
4785	9
4786	9
4787	9
4788	9
4789	9
4790	9
4791	9
4792	9
4793	9
4794	9
4795	9
4796	9
4797	9
4798	9
4799	9
4800	9
4801	9
4802	9
4803	9
4804	9
4805	9
4806	9
4807	9
4808	9
4809	9
4810	9
4811	9
4812	9
4813	9
4814	9
4815	9
4816	9
4817	9
4818	9
4819	9
4820	9
4821	9
4822	9
4823	9
4824	9
4825	9
4826	9
4827	9
4828	9
4829	9
4830	9
4831	9
4832	9
4833	9
4834	9
4835	9
4836	9
4837	9
4838	9
4839	9
4840	9
4841	9
4842	9
4843	9
4844	9
4845	9
4846	9
4847	9
4848	9
4849	9
4850	9
4851	9
4852	9
4853	9
4854	9
4855	9
4856	9
4857	9
4858	9
4859	9
4860	9
4861	9
4862	9
4863	9
4864	9
4865	9
4866	9
4867	9
4868	9
4869	9
4870	9
4871	9
4872	10
4873	10
4874	10
4875	10
4876	10
4877	10
4878	10
4879	10
4880	10
4881	10
4882	10
4883	10
4884	11
4885	11
4886	11
4887	11
4888	11
4889	11
4890	11
4891	11
4892	11
4893	11
4894	11
4895	11
4896	11
4897	11
4898	11
4899	11
4900	11
4901	11
4902	11
4903	11
4904	11
4905	11
4906	11
4907	11
4908	11
4909	11
4910	11
4911	11
4912	11
4913	11
4914	11
4915	11
4916	11
4917	11
4918	11
4919	11
4920	11
4921	11
4922	11
4923	11
4924	11
4925	11
4926	11
4927	11
4928	11
4929	11
4930	11
4931	11
4932	11
4933	11
4934	11
4935	11
4936	11
4937	11
4938	11
4939	11
4940	11
4941	11
4942	11
4943	11
4944	11
4945	11
4946	12
4947	12
4948	12
4949	12
4950	12
4951	12
4952	12
4953	12
4954	12
4955	12
4956	12
4957	12
4958	12
4959	12
4960	12
4961	12
4962	12
4963	12
4964	12
4965	12
4966	12
4967	12
4968	12
4969	12
4970	12
4971	12
4972	12
4973	12
4974	12
4975	12
4976	12
4977	12
4978	12
4979	12
4980	12
4981	12
4982	12
4983	12
4984	12
4985	12
4986	12
4987	12
4988	12
4989	12
4990	12
4991	12
4992	12
4993	12
4994	12
4995	12
4996	12
4997	12
4998	12
4999	12
5000	12
5001	12
5002	12
5003	12
5004	12
5005	12
5006	12
5007	12
5008	12
5009	12
5010	12
5011	12
5012	12
5013	12
5014	12
5015	12
5016	12
5017	12
5018	12
5019	12
5020	12
5021	12
5022	12
5023	12
5024	12
5025	12
5026	12
5027	12
5028	12
5029	12
5030	12
5031	12
5032	12
5033	12
5034	12
5035	12
5036	12
5037	12
5038	12
5039	12
5040	12
5041	12
5042	12
5043	12
5044	12
5045	12
5046	12
5047	12
5048	12
5049	12
5050	12
5051	12
5052	12
5053	12
5054	12
5055	12
5056	12
5057	12
5058	12
5059	12
5060	12
5061	12
5062	12
5063	12
5064	12
5065	12
5066	12
5067	12
5068	12
5069	12
5070	12
5071	12
5072	12
5073	12
5074	12
5075	12
5076	12
5077	12
5078	12
5079	12
5080	12
5081	12
5082	12
5083	12
5084	12
5085	13
5086	13
5087	13
5088	13
5089	13
5090	13
5091	13
5092	13
5093	13
5094	13
5095	13
5096	13
5097	13
5098	13
5099	13
5100	13
5101	13
5102	13
5103	13
5104	13
5105	13
5106	13
5107	13
5108	13
5109	13
5110	13
5111	13
5112	13
5113	13
5114	14
5115	14
5116	14
5117	14
5118	14
5119	14
5120	14
5121	14
5122	14
5123	14
5124	14
5125	14
5126	14
5127	14
5128	14
5129	14
5130	14
5131	14
5132	14
5133	14
5134	14
5135	14
5136	14
5137	14
5138	14
5139	14
5140	14
5141	14
5142	14
5143	14
5144	14
5145	14
5146	14
5147	14
5148	14
5149	14
5150	14
5151	14
5152	14
5153	14
5154	14
5155	14
5156	14
5157	14
5158	14
5159	14
5160	14
5161	14
5162	14
5163	14
5164	14
5165	14
5166	14
5167	14
5168	14
5169	14
5170	14
5171	14
5172	14
5173	14
5174	14
5175	14
5176	14
5177	14
5178	14
5179	14
5180	14
5181	14
5182	14
5183	14
5184	14
5185	14
5186	14
5187	14
5188	14
5189	14
5190	14
5191	14
5192	14
5193	14
5194	14
5195	14
5196	14
5197	14
5198	14
5199	14
5200	14
5201	14
5202	14
5203	14
5204	14
5205	14
5206	14
5207	14
5208	14
5209	14
5210	14
5211	14
5212	14
5213	14
5214	14
5215	14
5216	14
5217	14
5218	14
5219	14
5220	14
5221	14
5222	14
5223	14
5224	14
5225	14
5226	14
5227	14
5228	14
5229	14
5230	14
5231	14
5232	14
5233	14
5234	14
5235	14
5236	14
5237	14
5238	14
5239	14
5240	14
5241	14
5242	14
5243	14
5244	14
5245	14
5246	14
5247	14
5248	14
5249	14
5250	14
5251	14
5252	14
5253	14
5254	14
5255	14
5256	14
5257	14
5258	14
5259	14
5260	14
5261	14
5262	14
5263	14
5264	14
5265	14
5266	14
5267	14
5268	14
5269	14
5270	14
5271	14
5272	14
5273	14
5274	14
5275	14
5276	14
5277	14
5278	14
5279	14
5280	14
5281	14
5282	14
5283	14
5284	14
5285	14
5286	14
5287	14
5288	14
5289	14
5290	14
5291	14
5292	14
5293	14
5294	14
5295	14
5296	14
5297	14
5298	14
5299	14
5300	14
5301	14
5302	14
5303	14
5304	14
5305	14
5306	14
5307	14
5308	14
5309	14
5310	14
5311	14
5312	14
5313	14
5314	14
5315	14
5316	14
5317	14
5318	14
5319	14
5320	14
5321	14
5322	14
5323	14
5324	14
5325	14
5326	14
5327	14
5328	14
5329	14
5330	14
5331	14
5332	14
5333	14
5334	14
5335	14
5336	14
5337	14
5338	14
5339	14
5340	14
5341	14
5342	14
5343	14
5344	14
5345	14
5346	14
5347	14
5348	14
5349	14
5350	14
5351	14
5352	14
5353	14
5354	14
5355	14
5356	14
5357	14
5358	14
5359	14
5360	14
5361	14
5362	14
5363	14
5364	14
5365	14
5366	14
5367	14
5368	14
5369	14
5370	14
5371	14
5372	14
5373	14
5374	14
5375	14
5376	14
5377	14
5378	14
5379	14
5380	14
5381	14
5382	14
5383	14
5384	14
5385	14
5386	14
5387	14
5388	14
5389	14
5390	14
5391	14
5392	14
5393	14
5394	14
5395	14
5396	14
5397	14
5398	14
5399	14
5400	14
5401	14
5402	14
5403	14
5404	14
5405	14
5406	14
5407	14
5408	14
5409	14
5410	14
5411	14
5412	14
5413	14
5414	14
5415	14
5416	14
5417	14
5418	14
5419	14
5420	14
5421	14
5422	14
5423	14
5424	14
5425	14
5426	14
5427	14
5428	14
5429	14
5430	14
5431	14
5432	14
5433	14
5434	14
5435	14
5436	14
5437	14
5438	14
5439	15
5440	15
5441	15
5442	15
5443	15
5444	15
5445	15
5446	15
5447	15
5448	15
5449	15
5450	15
5451	15
5452	15
5453	15
5454	15
5455	15
5456	15
5457	15
5458	15
5459	15
5460	15
5461	15
5462	15
5463	15
5464	15
5465	15
5466	15
5467	15
5468	15
5469	15
5470	15
5471	15
5472	15
5473	15
5474	15
5475	15
5476	15
5477	15
5478	15
5479	15
5480	15
5481	15
5482	15
5483	15
5484	15
5485	15
5486	15
5487	15
5488	15
5489	15
5490	15
5491	15
5492	15
5493	15
5494	15
5495	15
5496	15
5497	15
5498	15
5499	15
5500	15
5501	15
5502	15
5503	15
5504	15
5505	15
5506	15
5507	15
5508	15
5509	15
5510	15
5511	15
5512	15
5513	15
5514	15
5515	15
5516	15
5517	15
5518	15
5519	15
5520	15
5521	15
5522	15
5523	15
5524	15
5525	15
5526	15
5527	15
5528	15
5529	15
5530	15
5531	15
5532	15
5533	15
5534	15
5535	15
5536	15
5537	15
5538	15
5539	15
5540	15
5541	15
5542	15
5543	15
5544	15
5545	15
5546	15
5547	15
5548	15
5549	15
5550	15
5551	15
5552	15
5553	15
5554	15
5555	15
5556	15
5557	15
5558	15
5559	15
5560	15
5561	15
5562	15
5563	15
5564	15
5565	15
5566	15
5567	15
5568	15
5569	15
5570	15
5571	15
5572	15
5573	15
5574	15
5575	15
5576	15
5577	15
5578	15
5579	15
5580	15
5581	15
5582	15
5583	15
5584	15
5585	15
5586	15
5587	15
5588	15
5589	15
5590	15
5591	15
5592	15
5593	15
5594	15
5595	15
5596	15
5597	15
5598	15
5599	15
5600	15
5601	15
5602	15
5603	15
5604	15
5605	15
5606	15
5607	15
5608	15
5609	15
5610	15
5611	15
5612	15
5613	15
5614	15
5615	15
5616	15
5617	15
5618	15
5619	15
5620	15
5621	15
5622	15
5623	15
5624	15
5625	15
5626	15
5627	15
5628	15
5629	15
5630	15
5631	15
5632	15
5633	15
5634	15
5635	15
5636	15
5637	15
5638	15
5639	15
5640	15
5641	15
5642	15
5643	15
5644	15
5645	15
5646	15
5647	15
5648	15
5649	15
5650	15
5651	15
5652	15
5653	15
5654	15
5655	15
5656	15
5657	15
5658	15
5659	15
5660	15
5661	15
5662	15
5663	15
5664	15
5665	15
5666	15
5667	15
5668	15
5669	15
5670	15
5671	15
5672	15
5673	15
5674	15
5675	15
5676	15
5677	15
5678	15
5679	15
5680	15
5681	15
5682	15
5683	15
5684	15
5685	15
5686	15
5687	15
5688	15
5689	15
5690	15
5691	15
5692	15
5693	15
5694	15
5695	15
5696	15
5697	15
5698	15
5699	15
5700	15
5701	15
5702	15
5703	15
5704	15
5705	15
5706	15
5707	15
5708	15
5709	15
5710	15
5711	15
5712	15
5713	15
5714	15
5715	15
5716	15
5717	15
5718	15
5719	15
5720	15
5721	15
5722	15
5723	15
5724	15
5725	15
5726	15
5727	15
5728	15
5729	15
5730	15
5731	15
5732	15
5733	15
5734	15
5735	15
5736	15
5737	15
5738	15
5739	15
5740	15
5741	15
5742	15
5743	15
5744	15
5745	15
5746	15
5747	15
5748	15
5749	15
5750	15
5751	15
5752	15
5753	15
5754	15
5755	15
5756	15
5757	15
5758	15
5759	15
5760	15
5761	15
5762	15
5763	15
5764	15
5765	15
5766	15
5767	15
5768	15
5769	15
5770	15
5771	15
5772	15
5773	15
5774	15
5775	15
5776	15
5777	15
5778	15
5779	15
5780	15
5781	15
5782	15
5783	15
5784	15
5785	15
5786	15
5787	15
5788	15
5789	15
5790	15
5791	15
5792	15
5793	15
5794	15
5795	15
5796	15
5797	15
5798	15
5799	15
5800	15
5801	15
5802	15
5803	15
5804	15
5805	15
5806	15
5807	15
5808	15
5809	15
5810	15
5811	15
5812	15
5813	15
5814	15
5815	15
5816	15
5817	15
5818	15
5819	15
5820	15
5821	15
5822	15
5823	15
5824	15
5825	15
5826	15
5827	15
5828	15
5829	15
5830	15
5831	15
5832	15
5833	15
5834	15
5835	15
5836	15
5837	15
5838	15
5839	15
5840	15
5841	15
5842	15
5843	15
5844	15
5845	15
5846	15
5847	15
5848	15
5849	15
5850	15
5851	15
5852	15
5853	15
5854	15
5855	15
5856	15
5857	15
5858	15
5859	15
5860	15
5861	15
5862	15
5863	15
5864	15
5865	15
5866	15
5867	15
5868	15
5869	15
5870	15
5871	15
5872	15
5873	15
5874	15
5875	15
5876	15
5877	15
5878	15
5879	15
5880	15
5881	15
5882	15
5883	15
5884	15
5885	15
5886	15
5887	15
5888	15
5889	15
5890	15
5891	15
5892	15
5893	15
5894	15
5895	15
5896	15
5897	15
5898	15
5899	15
5900	15
5901	15
5902	15
5903	15
5904	15
5905	15
5906	15
5907	15
5908	15
5909	15
5910	15
5911	15
5912	15
5913	15
5914	15
5915	15
5916	15
5917	15
5918	15
5919	15
5920	15
5921	15
5922	15
5923	15
5924	15
5925	15
5926	15
5927	15
5928	15
5929	15
5930	15
5931	15
5932	15
5933	15
5934	15
5935	15
5936	15
5937	15
5938	15
5939	15
5940	15
5941	15
5942	15
5943	15
5944	15
5945	15
5946	15
5947	15
5948	15
5949	15
5950	15
5951	15
5952	15
5953	15
5954	15
5955	15
5956	15
5957	15
5958	15
5959	15
5960	15
5961	15
5962	15
5963	15
5964	15
5965	15
5966	15
5967	15
5968	15
5969	15
5970	15
5971	15
5972	15
5973	15
5974	15
5975	15
5976	15
5977	15
5978	15
5979	15
5980	15
5981	15
5982	15
5983	15
5984	15
5985	15
5986	15
5987	15
5988	15
5989	15
5990	15
5991	15
5992	15
5993	15
5994	15
5995	15
5996	15
5997	15
5998	15
5999	15
6000	15
6001	15
6002	15
6003	15
6004	15
6005	15
6006	15
6007	15
6008	15
6009	15
6010	15
6011	15
6012	15
6013	15
6014	15
6015	15
6016	15
6017	15
6018	15
6019	15
6020	15
6021	15
6022	15
6023	15
6024	15
6025	15
6026	15
6027	15
6028	15
6029	15
6030	15
6031	15
6032	15
6033	15
6034	15
6035	15
6036	15
6037	15
6038	15
6039	15
6040	15
6041	15
6042	15
6043	15
6044	15
6045	15
6046	15
6047	15
6048	15
6049	15
6050	15
6051	15
6052	15
6053	15
6054	15
6055	15
6056	15
6057	15
6058	15
6059	15
6060	15
6061	15
6062	15
6063	15
6064	15
6065	15
6066	15
6067	15
6068	15
6069	15
6070	15
6071	15
6072	15
6073	15
6074	15
6075	15
6076	15
6077	15
6078	15
6079	15
6080	15
6081	15
6082	15
6083	15
6084	15
6085	15
6086	15
6087	15
6088	15
6089	15
6090	15
6091	15
6092	16
6093	16
6094	16
6095	16
6096	16
6097	16
6098	16
6099	16
6100	16
6101	16
6102	16
6103	16
6104	16
6105	16
6106	16
6107	16
6108	16
6109	16
6110	16
6111	16
6112	16
6113	16
6114	16
6115	16
6116	16
6117	16
6118	16
6119	16
6120	16
6121	16
6122	16
6123	16
6124	16
6125	16
6126	16
6127	16
6128	16
6129	16
6130	16
6131	16
6132	16
6133	16
6134	16
6135	16
6136	16
6137	16
6138	16
6139	16
6140	16
6141	16
6142	16
6143	16
6144	16
6145	16
6146	16
6147	16
6148	16
6149	16
6150	16
6151	16
6152	16
6153	16
6154	16
6155	16
6156	16
6157	16
6158	16
6159	16
6160	16
6161	16
6162	16
6163	16
6164	16
6165	16
6166	16
6167	16
6168	16
6169	16
6170	16
6171	16
6172	16
6173	16
6174	16
6175	16
6176	16
6177	16
6178	16
6179	16
6180	16
6181	16
6182	16
6183	16
6184	16
6185	16
6186	16
6187	16
6188	16
6189	16
6190	16
6191	16
6192	16
6193	16
6194	16
6195	16
6196	16
6197	16
6198	16
6199	16
6200	16
6201	16
6202	16
6203	16
6204	16
6205	16
6206	16
6207	16
6208	16
6209	16
6210	16
6211	16
6212	16
6213	16
6214	16
6215	16
6216	16
6217	16
6218	16
6219	16
6220	16
6221	16
6222	16
6223	16
6224	16
6225	16
6226	16
6227	16
6228	16
6229	16
6230	16
6231	16
6232	16
6233	16
6234	16
6235	16
6236	16
6237	16
6238	16
6239	16
6240	16
6241	16
6242	16
6243	16
6244	16
6245	16
6246	16
6247	16
6248	16
6249	16
6250	16
6251	16
6252	16
6253	16
6254	16
6255	16
6256	16
6257	16
6258	16
6259	16
6260	16
6261	16
6262	16
6263	16
6264	16
6265	16
6266	16
6267	16
6268	16
6269	16
6270	16
6271	16
6272	16
6273	16
6274	16
6275	16
6276	16
6277	16
6278	16
6279	16
6280	16
6281	16
6282	16
6283	16
6284	16
6285	16
6286	16
6287	16
6288	16
6289	16
6290	16
6291	16
6292	16
6293	16
6294	16
6295	16
6296	16
6297	16
6298	16
6299	16
6300	16
6301	16
6302	16
6303	16
6304	16
6305	16
6306	16
6307	16
6308	17
6309	17
6310	17
6311	17
6312	17
6313	17
6314	17
6315	17
6316	17
6317	17
6318	17
6319	17
6320	17
6321	17
6322	17
6323	17
6324	17
6325	17
6326	17
6327	17
6328	17
6329	17
6330	17
6331	17
6332	17
6333	17
6334	17
6335	17
6336	17
6337	17
6338	17
6339	17
6340	17
6341	17
6342	17
6343	17
6344	17
6345	17
6346	17
6347	17
6348	17
6349	17
6350	17
6351	17
6352	17
6353	17
6354	17
6355	17
6356	17
6357	17
6358	17
6359	17
6360	17
6361	17
6362	17
6363	17
6364	17
6365	17
6366	17
6367	17
6368	17
6369	17
6370	17
6371	17
6372	17
6373	17
6374	17
6375	17
6376	17
6377	17
6378	17
6379	17
6380	17
6381	17
6382	17
6383	17
6384	17
6385	17
6386	17
6387	17
6388	17
6389	17
6390	17
6391	17
6392	17
6393	17
6394	17
6395	17
6396	17
6397	17
6398	17
6399	17
6400	17
6401	17
6402	17
6403	17
6404	17
6405	17
6406	17
6407	17
6408	17
6409	17
6410	17
6411	17
6412	17
6413	17
6414	17
6415	17
6416	17
6417	17
6418	17
6419	17
6420	17
6421	17
6422	17
6423	17
6424	17
6425	17
6426	17
6427	17
6428	17
6429	17
6430	17
6431	17
6432	17
6433	17
6434	17
6435	17
6436	17
6437	17
6438	17
6439	17
6440	17
6441	17
6442	17
6443	17
6444	17
6445	17
6446	17
6447	17
6448	17
6449	17
6450	17
6451	17
6452	17
6453	17
6454	18
6455	18
6456	18
6457	18
6458	18
6459	18
6460	18
6461	18
6462	18
6463	18
6464	18
6465	18
6466	18
6467	18
6468	18
6469	18
6470	18
6471	18
6472	18
6473	18
6474	18
6475	18
6476	18
6477	18
6478	18
6479	18
6480	18
6481	18
6482	18
6483	18
6484	18
6485	18
6486	18
6487	18
6488	18
6489	18
6490	18
6491	18
6492	18
6493	18
6494	18
6495	18
6496	18
6497	18
6498	18
6499	18
6500	18
6501	18
6502	18
6503	18
6504	18
6505	18
6506	18
6507	18
6508	18
6509	18
6510	18
6511	18
6512	18
6513	18
6514	18
6515	18
6516	18
6517	18
6518	18
6519	18
6520	18
6521	18
6522	18
6523	18
6524	18
6525	18
6526	18
6527	18
6528	18
6529	18
6530	18
6531	18
6532	18
6533	18
6534	18
6535	18
6536	18
6537	18
6538	18
6539	18
6540	18
6541	18
6542	18
6543	18
6544	18
6545	18
6546	18
6547	18
6548	18
6549	18
6550	18
6551	18
6552	18
6553	18
6554	18
6555	18
6556	18
6557	18
6558	18
6559	18
6560	18
6561	18
6562	18
6563	18
6564	18
6565	18
6566	18
6567	18
6568	18
6569	19
6570	19
6571	19
6572	19
6573	19
6574	19
6575	19
6576	19
6577	19
6578	19
6579	19
6580	19
6581	19
6582	19
6583	19
6584	19
6585	19
6586	19
6587	19
6588	19
6589	19
6590	19
6591	19
6592	19
6593	19
6594	19
6595	19
6596	19
6597	19
6598	20
6599	20
6600	20
6601	20
6602	20
6603	20
6604	20
6605	20
6606	20
6607	20
6608	20
6609	20
6610	20
6611	20
6612	20
6613	20
6614	20
6615	20
6616	20
6617	20
6618	20
6619	20
6620	20
6621	20
6622	20
6623	20
6624	20
6625	20
6626	20
6627	20
6628	20
6629	20
6630	20
6631	20
6632	20
6633	20
6634	20
6635	20
6636	20
6637	20
6638	20
6639	20
6640	20
6641	20
6642	20
6643	20
6644	20
6645	20
6646	20
6647	20
6648	20
6649	20
6650	20
6651	20
6652	20
6653	20
6654	20
6655	20
6656	20
6657	20
6658	20
6659	20
6660	20
6661	20
6662	20
6663	20
6664	20
6665	20
6666	20
6667	20
6668	20
6669	20
6670	20
6671	20
6672	20
6673	20
6674	20
6675	20
6676	20
6677	20
6678	20
6679	20
6680	20
6681	20
6682	20
6683	20
6684	20
6685	20
6686	20
6687	20
6688	20
6689	20
6690	20
6691	20
6692	20
6693	20
6694	20
6695	20
6696	20
6697	20
6698	20
6699	20
6700	20
6701	20
6702	20
6703	20
6704	20
6705	20
6706	20
6707	20
6708	20
6709	20
6710	20
6711	20
6712	20
6713	20
6714	20
6715	20
6716	20
6717	20
6718	20
6719	20
6720	20
6721	20
6722	20
6723	20
6724	20
6725	20
6726	20
6727	20
6728	20
6729	20
6730	20
6731	20
6732	20
6733	20
6734	20
6735	20
6736	20
6737	20
6738	20
6739	20
6740	20
6741	20
6742	20
6743	20
6744	20
6745	20
6746	20
6747	20
6748	20
6749	20
6750	20
6751	20
6752	20
6753	20
6754	20
6755	20
6756	20
6757	20
6758	20
6759	20
6760	20
6761	20
6762	20
6763	20
6764	20
6765	20
6766	20
6767	20
6768	20
6769	20
6770	20
6771	20
6772	20
6773	20
6774	20
6775	20
6776	20
6777	20
6778	20
6779	20
6780	20
6781	20
6782	20
6783	20
6784	20
6785	20
6786	20
6787	20
6788	20
6789	20
6790	20
6791	20
6792	20
6793	20
6794	20
6795	20
6796	20
6797	20
6798	20
6799	20
6800	20
6801	20
6802	20
6803	20
6804	20
6805	20
6806	20
6807	20
6808	20
6809	20
6810	20
6811	20
6812	20
6813	20
6814	20
6815	20
6816	20
6817	20
6818	20
6819	20
6820	20
6821	20
6822	20
6823	20
6824	20
6825	20
6826	20
6827	20
6828	20
6829	20
6830	20
6831	20
6832	20
6833	20
6834	20
6835	20
6836	20
6837	20
6838	20
6839	20
6840	20
6841	20
6842	20
6843	20
6844	20
6845	20
6846	20
6847	20
6848	20
6849	20
6850	20
6851	20
6852	20
6853	20
6854	20
6855	20
6856	20
6857	20
6858	20
6859	20
6860	20
6861	20
6862	20
6863	20
6864	20
6865	20
6866	20
6867	20
6868	20
6869	20
6870	20
6871	20
6872	20
6873	20
6874	20
6875	20
6876	20
6877	20
6878	20
6879	20
6880	20
6881	20
6882	20
6883	20
6884	20
6885	20
6886	20
6887	20
6888	20
6889	20
6890	20
6891	20
6892	20
6893	20
6894	20
6895	20
6896	20
6897	20
6898	20
6899	20
6900	20
6901	20
6902	20
6903	20
6904	20
6905	20
6906	20
6907	20
6908	20
6909	20
6910	20
6911	20
6912	20
6913	20
6914	20
6915	20
6916	20
6917	20
6918	20
6919	20
6920	20
6921	20
6922	20
6923	20
6924	20
6925	20
6926	20
6927	20
6928	20
6929	20
6930	20
6931	20
6932	20
6933	20
6934	20
6935	20
6936	20
6937	20
6938	20
6939	20
6940	20
6941	20
6942	20
6943	20
6944	20
6945	20
6946	20
6947	20
6948	20
6949	20
6950	20
6951	20
6952	20
6953	20
6954	20
6955	20
6956	20
6957	20
6958	20
6959	20
6960	20
6961	20
6962	20
6963	20
6964	20
6965	20
6966	20
6967	20
6968	20
6969	20
6970	20
6971	20
6972	20
6973	20
6974	20
6975	20
6976	20
6977	20
6978	20
6979	20
6980	20
6981	20
6982	20
6983	20
6984	20
6985	20
6986	20
6987	20
6988	20
6989	20
6990	20
6991	20
6992	20
6993	20
6994	20
6995	20
6996	20
6997	20
6998	20
6999	20
7000	20
7001	20
7002	20
7003	20
7004	20
7005	20
7006	20
7007	20
7008	20
7009	20
7010	20
7011	20
7012	20
7013	20
7014	20
7015	20
7016	20
7017	20
7018	20
7019	20
7020	20
7021	20
7022	20
7023	20
7024	20
7025	20
7026	20
7027	20
7028	20
7029	20
7030	20
7031	20
7032	20
7033	20
7034	20
7035	20
7036	20
7037	20
7038	20
7039	20
7040	20
7041	20
7042	20
7043	20
7044	20
7045	20
7046	20
7047	20
7048	20
7049	20
7050	20
7051	20
7052	20
7053	20
7054	20
7055	20
7056	20
7057	20
7058	20
7059	20
7060	20
7061	20
7062	20
7063	20
7064	20
7065	20
7066	20
7067	20
7068	20
7069	20
7070	20
7071	20
7072	20
7073	20
7074	20
7075	20
7076	20
7077	20
7078	20
7079	20
7080	20
7081	20
7082	20
7083	20
7084	20
7085	20
7086	20
7087	20
7088	20
7089	20
7090	20
7091	20
7092	20
7093	20
7094	20
7095	20
7096	20
7097	20
7098	20
7099	20
7100	20
7101	20
7102	20
7103	20
7104	20
7105	20
7106	20
7107	20
7108	20
7109	20
7110	20
7111	20
7112	20
7113	20
7114	20
7115	20
7116	20
7117	20
7118	20
7119	20
7120	20
7121	20
7122	20
7123	20
7124	20
7125	20
7126	20
7127	20
7128	20
7129	20
7130	20
7131	20
7132	20
7133	20
7134	20
7135	20
7136	20
7137	20
7138	20
7139	20
7140	20
7141	20
7142	20
7143	20
7144	20
7145	20
7146	20
7147	20
7148	20
7149	20
7150	20
7151	20
7152	20
7153	20
7154	20
7155	20
7156	20
7157	20
7158	20
7159	20
7160	20
7161	20
7162	20
7163	20
7164	20
7165	20
7166	20
7167	20
7168	20
7169	20
7170	20
7171	20
7172	20
7173	20
7174	20
7175	20
7176	20
7177	20
7178	20
7179	20
7180	20
7181	20
7182	20
7183	20
7184	20
7185	20
7186	20
7187	20
7188	20
7189	20
7190	20
7191	20
7192	20
7193	20
7194	20
7195	20
7196	20
7197	20
7198	20
7199	20
7200	20
7201	20
7202	20
7203	20
7204	20
7205	20
7206	20
7207	20
7208	20
7209	20
7210	20
7211	20
7212	20
7213	20
7214	20
7215	20
7216	20
7217	20
7218	20
7219	20
7220	20
7221	20
7222	20
7223	20
7224	20
7225	20
7226	20
7227	20
7228	20
7229	20
7230	20
7231	20
7232	20
7233	20
7234	20
7235	20
7236	20
7237	20
7238	20
7239	20
7240	20
7241	20
7242	20
7243	20
7244	20
7245	20
7246	20
7247	20
7248	20
7249	20
7250	20
7251	20
7252	20
7253	20
7254	20
7255	20
7256	20
7257	20
7258	20
7259	20
7260	20
7261	20
7262	20
7263	20
7264	20
7265	20
7266	20
7267	20
7268	20
7269	20
7270	20
7271	20
7272	20
7273	20
7274	20
7275	20
7276	20
7277	20
7278	20
7279	20
7280	20
7281	20
7282	20
7283	20
7284	20
7285	20
7286	20
7287	20
7288	20
7289	20
7290	20
7291	20
7292	20
7293	20
7294	20
7295	20
7296	20
7297	20
7298	20
7299	20
7300	20
7301	20
7302	20
7303	20
7304	20
7305	20
7306	20
7307	20
7308	20
7309	20
7310	20
7311	20
7312	20
7313	20
7314	20
7315	20
7316	20
7317	20
7318	20
7319	20
7320	20
7321	20
7322	20
7323	20
7324	20
7325	20
7326	20
7327	20
7328	20
7329	20
7330	20
7331	20
7332	20
7333	20
7334	20
7335	20
7336	20
7337	20
7338	20
7339	20
7340	20
7341	20
7342	20
7343	20
7344	20
7345	20
7346	20
7347	20
7348	20
7349	20
7350	20
7351	20
7352	20
7353	20
7354	20
7355	20
7356	20
7357	20
7358	20
7359	20
7360	20
7361	20
7362	20
7363	20
7364	20
7365	20
7366	20
7367	20
7368	20
7369	20
7370	20
7371	20
7372	20
7373	20
7374	20
7375	20
7376	20
7377	20
7378	20
7379	20
7380	20
7381	20
7382	20
7383	20
7384	20
7385	20
7386	20
7387	20
7388	20
7389	20
7390	20
7391	20
7392	20
7393	20
7394	20
7395	20
7396	20
7397	20
7398	20
7399	20
7400	20
7401	20
7402	20
7403	20
7404	20
7405	20
7406	20
7407	20
7408	20
7409	20
7410	20
7411	20
7412	20
7413	20
7414	20
7415	20
7416	20
7417	20
7418	20
7419	20
7420	20
7421	20
7422	20
7423	20
7424	20
7425	20
7426	20
7427	20
7428	20
7429	20
7430	20
7431	20
7432	20
7433	20
7434	20
7435	20
7436	20
7437	20
7438	20
7439	20
7440	20
7441	20
7442	20
7443	20
7444	20
7445	20
7446	20
7447	20
7448	20
7449	20
7450	20
7451	20
7452	20
7453	20
7454	20
7455	20
7456	20
7457	20
7458	20
7459	20
7460	20
7461	20
7462	20
7463	20
7464	20
7465	20
7466	20
7467	20
7468	20
7469	20
7470	20
7471	20
7472	20
7473	20
7474	20
7475	20
7476	20
7477	20
7478	20
7479	20
7480	20
7481	20
7482	20
7483	20
7484	20
7485	20
7486	20
7487	20
7488	20
7489	20
7490	20
7491	20
7492	20
7493	20
7494	20
7495	20
7496	20
7497	20
7498	20
7499	20
7500	20
7501	20
7502	20
7503	20
7504	20
7505	20
7506	20
7507	20
7508	20
7509	20
7510	20
7511	20
7512	20
7513	20
7514	20
7515	20
7516	20
7517	20
7518	20
7519	20
7520	20
7521	20
7522	20
7523	20
7524	20
7525	20
7526	20
7527	20
7528	20
7529	20
7530	20
7531	20
7532	20
7533	20
7534	20
7535	20
7536	20
7537	20
7538	20
7539	20
7540	20
7541	20
7542	20
7543	20
7544	20
7545	20
7546	20
7547	20
7548	20
7549	20
7550	20
7551	20
7552	20
7553	20
7554	20
7555	20
7556	20
7557	20
7558	20
7559	20
7560	20
7561	20
7562	20
7563	20
7564	20
7565	20
7566	20
7567	20
7568	20
7569	20
7570	20
7571	20
7572	20
7573	20
7574	20
7575	20
7576	20
7577	20
7578	20
7579	20
7580	20
7581	20
7582	20
7583	20
7584	20
7585	20
7586	20
7587	20
7588	20
7589	20
7590	20
7591	20
7592	20
7593	20
7594	20
7595	20
7596	21
7597	21
7598	21
7599	21
7600	21
7601	21
7602	21
7603	21
7604	21
7605	21
7606	21
7607	21
7608	21
7609	21
7610	21
7611	21
7612	21
7613	21
7614	21
7615	21
7616	21
7617	21
7618	21
7619	21
7620	21
7621	21
7622	21
7623	21
7624	21
7625	21
7626	21
7627	21
7628	21
7629	21
7630	21
7631	21
7632	21
7633	21
7634	21
7635	21
7636	21
7637	21
7638	21
7639	21
7640	21
7641	21
7642	21
7643	21
7644	21
7645	21
7646	21
7647	21
7648	21
7649	21
7650	21
7651	21
7652	21
7653	21
7654	21
7655	21
7656	21
7657	21
7658	21
7659	21
7660	21
7661	21
7662	21
7663	21
7664	21
7665	22
7666	22
7667	22
7668	22
7669	22
7670	22
7671	22
7672	22
7673	22
7674	22
7675	22
7676	22
7677	22
7678	22
7679	22
7680	22
7681	22
7682	22
7683	22
7684	22
7685	22
7686	22
7687	22
7688	22
7689	22
7690	22
7691	22
7692	22
7693	22
7694	22
7695	22
7696	22
7697	22
7698	22
7699	22
7700	22
7701	22
7702	22
7703	22
7704	22
7705	22
7706	22
7707	22
7708	22
7709	22
7710	22
7711	22
7712	22
7713	22
7714	22
7715	22
7716	22
7717	22
7718	22
7719	22
7720	22
7721	22
7722	22
7723	22
7724	22
7725	22
7726	22
7727	22
7728	22
7729	22
7730	22
7731	22
7732	22
7733	22
7734	22
7735	22
7736	22
7737	22
7738	22
7739	22
7740	22
7741	22
7742	22
7743	22
7744	22
7745	22
7746	22
7747	22
7748	22
7749	22
7750	22
7751	22
7752	22
7753	22
7754	22
7755	22
7756	22
7757	22
7758	22
7759	22
7760	22
7761	22
7762	22
7763	22
7764	22
7765	22
7766	22
7767	22
7768	22
7769	22
7770	22
7771	22
7772	22
7773	22
7774	22
7775	22
7776	22
7777	22
7778	22
7779	22
7780	22
7781	22
7782	22
7783	22
7784	22
7785	22
7786	22
7787	22
7788	22
7789	22
7790	22
7791	22
7792	22
7793	22
7794	22
7795	22
7796	22
7797	22
7798	22
7799	22
7800	22
7801	22
7802	22
7803	22
7804	22
7805	22
7806	22
7807	22
7808	22
7809	22
7810	22
7811	22
7812	22
7813	22
7814	22
7815	22
7816	22
7817	22
7818	22
7819	22
7820	22
7821	22
7822	22
7823	22
7824	22
7825	22
7826	22
7827	22
7828	22
7829	22
7830	22
7831	22
7832	22
7833	22
7834	22
7835	22
7836	22
7837	22
7838	22
7839	22
7840	22
7841	22
7842	22
7843	22
7844	22
7845	22
7846	22
7847	22
7848	22
7849	22
7850	22
7851	22
7852	22
7853	22
7854	22
7855	22
7856	22
7857	22
7858	22
7859	22
7860	22
7861	22
7862	22
7863	22
7864	22
7865	22
7866	22
7867	22
7868	22
7869	22
7870	22
7871	22
7872	22
7873	22
7874	22
7875	22
7876	22
7877	22
7878	22
7879	22
7880	22
7881	22
7882	22
7883	22
7884	22
7885	22
7886	22
7887	22
7888	22
7889	22
7890	22
7891	22
7892	22
7893	22
7894	22
7895	22
7896	22
7897	22
7898	22
7899	22
7900	22
7901	22
7902	22
7903	22
7904	22
7905	22
7906	22
7907	22
7908	22
7909	22
7910	22
7911	22
7912	22
7913	22
7914	22
7915	22
7916	22
7917	22
7918	22
7919	22
7920	22
7921	22
7922	22
7923	22
7924	22
7925	22
7926	22
7927	22
7928	22
7929	22
7930	22
7931	22
7932	22
7933	22
7934	22
7935	22
7936	22
7937	22
7938	22
7939	22
7940	22
7941	22
7942	22
7943	22
7944	22
7945	22
7946	22
7947	22
7948	22
7949	22
7950	22
7951	22
7952	22
7953	22
7954	22
7955	22
7956	22
7957	22
7958	22
7959	22
7960	22
7961	22
7962	22
7963	22
7964	22
7965	22
7966	22
7967	22
7968	22
7969	22
7970	22
7971	22
7972	22
7973	22
7974	22
7975	22
7976	22
7977	22
7978	22
7979	22
7980	22
7981	22
7982	22
7983	22
7984	22
7985	22
7986	22
7987	22
7988	22
7989	22
7990	22
7991	22
7992	22
7993	22
7994	22
7995	22
7996	22
7997	22
7998	22
7999	22
8000	22
8001	22
8002	22
8003	22
8004	22
8005	22
8006	22
8007	22
8008	22
8009	22
8010	22
8011	22
8012	22
8013	22
8014	22
8015	22
8016	22
8017	22
8018	22
8019	22
8020	22
8021	22
8022	22
8023	22
8024	22
8025	22
8026	22
8027	22
8028	22
8029	22
8030	22
8031	22
8032	22
8033	22
8034	22
8035	23
8036	23
8037	23
8038	23
8039	23
8040	23
8041	23
8042	23
8043	23
8044	23
8045	23
8046	23
8047	23
8048	23
8049	23
8050	23
8051	23
8052	23
8053	23
8054	23
8055	23
8056	23
8057	23
8058	23
8059	23
8060	23
8061	23
8062	23
8063	23
8064	23
8065	23
8066	23
8067	23
8068	23
8069	23
8070	23
8071	23
8072	23
8073	23
8074	23
8075	23
8076	23
8077	23
8078	23
8079	23
8080	23
8081	23
8082	23
8083	23
8084	23
8085	23
8086	23
8087	23
8088	23
8089	23
8090	23
8091	23
8092	23
8093	23
8094	23
8095	23
8096	23
8097	23
8098	23
8099	23
8100	23
8101	23
8102	23
8103	23
8104	23
8105	23
8106	23
8107	23
8108	23
8109	23
8110	23
8111	23
8112	23
8113	23
8114	23
8115	23
8116	23
8117	23
8118	23
8119	23
8120	23
8121	23
8122	23
8123	23
8124	23
8125	23
8126	23
8127	23
8128	23
8129	23
8130	23
8131	23
8132	23
8133	23
8134	23
8135	23
8136	23
8137	23
8138	23
8139	23
8140	23
8141	23
8142	23
8143	23
8144	23
8145	23
8146	23
8147	23
8148	23
8149	23
8150	23
8151	23
8152	23
8153	23
8154	23
8155	23
8156	23
8157	23
8158	23
8159	23
8160	23
8161	23
8162	23
8163	23
8164	23
8165	23
8166	23
8167	23
8168	23
8169	23
8170	23
8171	23
8172	23
8173	23
8174	23
8175	23
8176	23
8177	23
8178	23
8179	23
8180	23
8181	23
8182	23
8183	23
8184	23
8185	23
8186	23
8187	23
8188	23
8189	23
8190	23
8191	23
8192	23
8193	23
8194	23
8195	23
8196	23
8197	23
8198	23
8199	23
8200	23
8201	23
8202	23
8203	23
8204	23
8205	23
8206	23
8207	23
8208	23
8209	23
8210	23
8211	23
8212	23
8213	23
8214	23
8215	23
8216	23
8217	23
8218	23
8219	23
8220	23
8221	23
8222	23
8223	23
8224	23
8225	23
8226	23
8227	23
8228	23
8229	23
8230	23
8231	23
8232	23
8233	23
8234	23
8235	23
8236	23
8237	23
8238	23
8239	23
8240	23
8241	23
8242	23
8243	23
8244	23
8245	23
8246	23
8247	23
8248	23
8249	23
8250	23
8251	23
8252	23
8253	23
8254	23
8255	23
8256	23
8257	23
8258	23
8259	23
8260	23
8261	23
8262	23
8263	23
8264	23
8265	23
8266	23
8267	23
8268	23
8269	23
8270	23
8271	23
8272	23
8273	23
8274	23
8275	23
8276	23
8277	23
8278	23
8279	23
8280	23
8281	23
8282	23
8283	23
8284	23
8285	23
8286	23
8287	23
8288	23
8289	23
8290	23
8291	23
8292	23
8293	23
8294	23
8295	23
8296	23
8297	23
8298	23
8299	23
8300	23
8301	23
8302	23
8303	23
8304	23
8305	23
8306	23
8307	23
8308	23
8309	23
8310	23
8311	23
8312	23
8313	23
8314	23
8315	23
8316	23
8317	23
8318	23
8319	23
8320	23
8321	23
8322	23
8323	23
8324	23
8325	23
8326	23
8327	23
8328	23
8329	23
8330	23
8331	23
8332	23
8333	23
8334	23
8335	23
8336	23
8337	23
8338	23
8339	23
8340	23
8341	23
8342	23
8343	23
8344	23
8345	23
8346	23
8347	23
8348	23
8349	23
8350	23
8351	23
8352	23
8353	23
8354	23
8355	23
8356	23
8357	23
8358	23
8359	23
8360	23
8361	23
8362	23
8363	23
8364	23
8365	23
8366	23
8367	23
8368	23
8369	23
8370	23
8371	23
8372	23
8373	23
8374	23
8375	23
8376	23
8377	23
8378	23
8379	23
8380	23
8381	23
8382	23
8383	23
8384	23
8385	23
8386	23
8387	23
8388	23
8389	23
8390	23
8391	23
8392	23
8393	23
8394	23
8395	23
8396	23
8397	23
8398	23
8399	23
8400	23
8401	23
8402	23
8403	23
8404	23
8405	23
8406	23
8407	23
8408	23
8409	23
8410	23
8411	23
8412	23
8413	23
8414	23
8415	23
8416	23
8417	23
8418	23
8419	23
8420	23
8421	23
8422	23
8423	23
8424	23
8425	23
8426	23
8427	23
8428	23
8429	23
8430	23
8431	23
8432	23
8433	23
8434	23
8435	23
8436	23
8437	23
8438	23
8439	23
8440	23
8441	23
8442	23
8443	23
8444	23
8445	23
8446	23
8447	23
8448	23
8449	23
8450	23
8451	23
8452	23
8453	23
8454	23
8455	23
8456	23
8457	23
8458	23
8459	23
8460	23
8461	23
8462	23
8463	23
8464	23
8465	23
8466	23
8467	23
8468	23
8469	23
8470	23
8471	23
8472	23
8473	23
8474	23
8475	23
8476	23
8477	23
8478	23
8479	23
8480	23
8481	23
8482	23
8483	23
8484	23
8485	23
8486	23
8487	23
8488	23
8489	23
8490	23
8491	23
8492	23
8493	23
8494	23
8495	23
8496	23
8497	23
8498	23
8499	23
8500	24
8501	24
8502	24
8503	24
8504	24
8505	24
8506	24
8507	24
8508	24
8509	24
8510	24
8511	24
8512	24
8513	24
8514	24
8515	24
8516	24
8517	24
8518	24
8519	24
8520	24
8521	24
8522	24
8523	24
8524	24
8525	24
8526	24
8527	24
8528	24
8529	24
8530	24
8531	24
8532	24
8533	24
8534	24
8535	24
8536	24
8537	24
8538	24
8539	24
8540	24
8541	24
8542	24
8543	24
8544	24
8545	24
8546	24
8547	24
8548	24
8549	24
8550	24
8551	24
8552	24
8553	24
8554	24
8555	24
8556	24
8557	24
8558	24
8559	24
8560	24
8561	24
8562	24
8563	24
8564	24
8565	24
8566	24
8567	24
8568	24
8569	24
8570	24
8571	24
8572	24
8573	24
8574	24
8575	24
8576	24
8577	24
8578	24
8579	24
8580	24
8581	24
8582	24
8583	24
8584	24
8585	24
8586	24
8587	24
8588	24
8589	24
8590	24
8591	24
8592	24
8593	24
8594	24
8595	24
8596	24
8597	24
8598	24
8599	24
8600	24
8601	24
8602	24
8603	24
8604	24
8605	24
8606	24
8607	24
8608	24
8609	24
8610	24
8611	24
8612	24
8613	24
8614	24
8615	24
8616	24
8617	24
8618	24
8619	24
8620	24
8621	24
8622	24
8623	24
8624	24
8625	24
8626	24
8627	24
8628	24
8629	24
8630	24
8631	24
8632	24
8633	24
8634	24
8635	24
8636	24
8637	24
8638	24
8639	24
8640	24
8641	24
8642	24
8643	24
8644	24
8645	24
8646	24
8647	24
8648	24
8649	24
8650	24
8651	24
8652	24
8653	24
8654	24
8655	24
8656	24
8657	24
8658	24
8659	24
8660	24
8661	24
8662	24
8663	24
8664	24
8665	24
8666	24
8667	24
8668	24
8669	24
8670	24
8671	24
8672	24
8673	24
8674	24
8675	24
8676	24
8677	24
8678	24
8679	24
8680	24
8681	24
8682	24
8683	24
8684	24
8685	24
8686	24
8687	24
8688	24
8689	24
8690	24
8691	24
8692	24
8693	24
8694	24
8695	24
8696	24
8697	24
8698	24
8699	24
8700	24
8701	24
8702	24
8703	24
8704	24
8705	24
8706	24
8707	24
8708	24
8709	24
8710	24
8711	24
8712	24
8713	24
8714	24
8715	24
8716	24
8717	24
8718	24
8719	24
8720	24
8721	24
8722	24
8723	24
8724	24
8725	24
8726	24
8727	24
8728	24
8729	24
8730	24
8731	24
8732	24
8733	24
8734	24
8735	24
8736	24
8737	24
8738	24
8739	24
8740	24
8741	24
8742	24
8743	24
8744	24
8745	24
8746	24
8747	24
8748	24
8749	24
8750	24
8751	24
8752	24
8753	24
8754	24
8755	24
8756	24
8757	24
8758	24
8759	24
8760	24
8761	24
8762	24
8763	24
8764	24
8765	24
8766	24
8767	24
8768	24
8769	24
8770	24
8771	24
8772	24
8773	24
8774	24
8775	24
8776	24
8777	24
8778	24
8779	24
8780	24
8781	24
8782	24
8783	24
8784	24
8785	24
8786	24
8787	24
8788	24
8789	24
8790	24
8791	24
8792	24
8793	24
8794	24
8795	24
8796	24
8797	24
8798	24
8799	24
8800	24
8801	24
8802	24
8803	24
8804	24
8805	24
8806	24
8807	24
8808	24
8809	24
8810	24
8811	24
8812	24
8813	24
8814	24
8815	24
8816	24
8817	24
8818	24
8819	24
8820	24
8821	24
8822	24
8823	24
8824	24
8825	24
8826	24
8827	24
8828	24
8829	24
8830	24
8831	24
8832	24
8833	24
8834	24
8835	24
8836	24
8837	24
8838	24
8839	24
8840	24
8841	24
8842	24
8843	24
8844	24
8845	24
8846	24
8847	24
8848	24
8849	24
8850	24
8851	24
8852	24
8853	24
8854	24
8855	24
8856	24
8857	24
8858	24
8859	24
8860	24
8861	24
8862	24
8863	24
8864	24
8865	24
8866	24
8867	24
8868	24
8869	24
8870	24
8871	24
8872	24
8873	24
8874	24
8875	24
8876	24
8877	24
8878	24
8879	24
8880	24
8881	24
8882	24
8883	24
8884	24
8885	24
8886	24
8887	24
8888	24
8889	24
8890	24
8891	24
8892	24
8893	24
8894	24
8895	24
8896	24
8897	24
8898	24
8899	24
8900	24
8901	24
8902	24
8903	24
8904	24
8905	24
8906	24
8907	24
8908	24
8909	24
8910	24
8911	24
8912	24
8913	24
8914	24
8915	24
8916	24
8917	24
8918	24
8919	24
8920	24
8921	24
8922	24
8923	24
8924	24
8925	24
8926	24
8927	24
8928	24
8929	24
8930	24
8931	24
8932	24
8933	24
8934	24
8935	24
8936	24
8937	24
8938	24
8939	24
8940	24
8941	24
8942	24
8943	24
8944	24
8945	24
8946	24
8947	24
8948	24
8949	24
8950	24
8951	24
8952	24
8953	24
8954	24
8955	24
8956	24
8957	25
8958	25
8959	25
8960	25
8961	25
8962	25
8963	25
8964	25
8965	25
8966	25
8967	25
8968	25
8969	25
8970	25
8971	25
8972	25
8973	25
8974	25
8975	25
8976	25
8977	25
8978	25
8979	25
8980	25
8981	25
8982	25
8983	25
8984	25
8985	25
8986	25
8987	25
8988	25
8989	25
8990	25
8991	25
8992	25
8993	25
8994	25
8995	25
8996	25
8997	25
8998	25
8999	25
9000	25
9001	25
9002	25
9003	25
9004	25
9005	25
9006	25
9007	25
9008	25
9009	25
9010	25
9011	25
9012	25
9013	25
9014	25
9015	25
9016	25
9017	25
9018	25
9019	25
9020	25
9021	25
9022	25
9023	25
9024	25
9025	25
9026	25
9027	25
9028	25
9029	25
9030	25
9031	25
9032	25
9033	25
9034	25
9035	25
9036	25
9037	25
9038	25
9039	25
9040	25
9041	25
9042	25
9043	25
9044	25
9045	25
9046	25
9047	25
9048	25
9049	25
9050	25
9051	25
9052	25
9053	25
9054	25
9055	25
9056	25
9057	25
9058	25
9059	25
9060	25
9061	25
9062	25
9063	25
9064	25
9065	25
9066	25
9067	25
9068	25
9069	25
9070	25
9071	25
9072	25
9073	25
9074	25
9075	25
9076	25
9077	25
9078	25
9079	25
9080	25
9081	25
9082	25
9083	25
9084	25
9085	25
9086	25
9087	25
9088	25
9089	25
9090	25
9091	25
9092	25
9093	25
9094	25
9095	25
9096	25
9097	25
9098	25
9099	25
9100	25
9101	25
9102	25
9103	25
9104	25
9105	25
9106	25
9107	25
9108	25
9109	25
9110	25
9111	25
9112	25
9113	25
9114	25
9115	25
9116	25
9117	25
9118	25
9119	25
9120	25
9121	25
9122	25
9123	25
9124	25
9125	25
9126	25
9127	25
9128	25
9129	25
9130	25
9131	25
9132	25
9133	25
9134	25
9135	25
9136	25
9137	25
9138	25
9139	25
9140	25
9141	25
9142	25
9143	25
9144	25
9145	25
9146	25
9147	25
9148	25
9149	25
9150	25
9151	25
9152	25
9153	25
9154	25
9155	25
9156	25
9157	25
9158	25
9159	25
9160	25
9161	25
9162	25
9163	25
9164	25
9165	25
9166	25
9167	25
9168	25
9169	25
9170	25
9171	25
9172	25
9173	25
9174	25
9175	25
9176	25
9177	25
9178	25
9179	25
9180	25
9181	25
9182	25
9183	25
9184	25
9185	25
9186	25
9187	25
9188	25
9189	25
9190	25
9191	25
9192	25
9193	25
9194	25
9195	25
9196	25
9197	25
9198	25
9199	25
9200	25
9201	25
9202	25
9203	25
9204	25
9205	25
9206	25
9207	25
9208	25
9209	25
9210	25
9211	25
9212	25
9213	25
9214	25
9215	25
9216	26
9217	26
9218	26
9219	26
9220	26
9221	26
9222	26
9223	26
9224	26
9225	26
9226	26
9227	26
9228	26
9229	26
9230	26
9231	26
9232	26
9233	26
9234	26
9235	26
9236	26
9237	26
9238	26
9239	26
9240	26
9241	26
9242	26
9243	26
9244	26
9245	26
9246	26
9247	26
9248	26
9249	26
9250	26
9251	26
9252	26
9253	26
9254	26
9255	26
9256	26
9257	26
9258	26
9259	26
9260	26
9261	26
9262	26
9263	26
9264	26
9265	26
9266	26
9267	26
9268	26
9269	26
9270	26
9271	26
9272	26
9273	26
9274	26
9275	26
9276	26
9277	26
9278	26
9279	26
9280	26
9281	26
9282	26
9283	26
9284	26
9285	26
9286	26
9287	26
9288	26
9289	26
9290	26
9291	26
9292	26
9293	26
9294	26
9295	26
9296	26
9297	26
9298	26
9299	26
9300	26
9301	26
9302	26
9303	26
9304	26
9305	26
9306	26
9307	26
9308	26
9309	26
9310	26
9311	26
9312	26
9313	26
9314	26
9315	26
9316	26
9317	26
9318	26
9319	26
9320	26
9321	26
9322	26
9323	26
9324	26
9325	26
9326	26
9327	26
9328	26
9329	26
9330	26
9331	26
9332	26
9333	26
9334	26
9335	26
9336	26
9337	26
9338	26
9339	26
9340	26
9341	26
9342	26
9343	26
9344	26
9345	26
9346	26
9347	26
9348	26
9349	26
9350	26
9351	26
9352	26
9353	26
9354	26
9355	26
9356	26
9357	26
9358	26
9359	26
9360	26
9361	26
9362	26
9363	26
9364	26
9365	26
9366	26
9367	26
9368	26
9369	26
9370	26
9371	26
9372	26
9373	26
9374	26
9375	26
9376	26
9377	26
9378	26
9379	26
9380	26
9381	26
9382	26
9383	26
9384	26
9385	26
9386	26
9387	26
9388	26
9389	26
9390	26
9391	26
9392	26
9393	26
9394	26
9395	26
9396	26
9397	26
9398	26
9399	26
9400	26
9401	26
9402	26
9403	26
9404	26
9405	26
9406	26
9407	26
9408	26
9409	26
9410	26
9411	26
9412	26
9413	26
9414	26
9415	26
9416	26
9417	26
9418	26
9419	26
9420	26
9421	26
9422	26
9423	26
9424	26
9425	26
9426	26
9427	26
9428	26
9429	26
9430	26
9431	26
9432	26
9433	26
9434	26
9435	26
9436	26
9437	26
9438	26
9439	26
9440	26
9441	26
9442	26
9443	26
9444	26
9445	26
9446	26
9447	26
9448	26
9449	26
9450	26
9451	26
9452	26
9453	26
9454	26
9455	26
9456	26
9457	26
9458	26
9459	26
9460	26
9461	26
9462	26
9463	26
9464	26
9465	26
9466	26
9467	26
9468	26
9469	26
9470	26
9471	26
9472	26
9473	26
9474	26
9475	26
9476	26
9477	26
9478	26
9479	26
9480	26
9481	26
9482	26
9483	26
9484	26
9485	26
9486	26
9487	26
9488	26
9489	26
9490	26
9491	26
9492	26
9493	26
9494	26
9495	26
9496	26
9497	26
9498	26
9499	26
9500	26
9501	26
9502	26
9503	26
9504	26
9505	26
9506	26
9507	26
9508	26
9509	26
9510	26
9511	26
9512	26
9513	26
9514	26
9515	26
9516	26
9517	26
9518	26
9519	26
9520	26
9521	26
9522	26
9523	26
9524	26
9525	26
9526	26
9527	27
9528	27
9529	27
9530	27
9531	27
9532	27
9533	27
9534	27
9535	27
9536	27
9537	27
9538	27
9539	27
9540	27
9541	27
9542	27
9543	27
9544	27
9545	27
9546	27
9547	27
9548	27
9549	27
9550	27
9551	27
9552	27
9553	27
9554	27
9555	27
9556	27
9557	27
9558	27
9559	27
9560	27
9561	27
9562	27
9563	27
9564	27
9565	27
9566	27
9567	27
9568	27
9569	27
9570	27
9571	27
9572	27
9573	27
9574	27
9575	27
9576	27
9577	27
9578	27
9579	27
9580	27
9581	27
9582	27
9583	27
9584	27
9585	27
9586	27
9587	27
9588	27
9589	27
9590	27
9591	27
9592	27
9593	27
9594	27
9595	27
9596	27
9597	27
9598	27
9599	27
9600	27
9601	27
9602	27
9603	27
9604	27
9605	27
9606	27
9607	28
9608	28
9609	28
9610	28
9611	28
9612	28
9613	28
9614	28
9615	28
9616	28
9617	28
9618	28
9619	28
9620	28
9621	28
9622	28
9623	28
9624	28
9625	28
9626	28
9627	28
9628	28
9629	28
9630	28
9631	28
9632	28
9633	28
9634	28
9635	28
9636	28
9637	28
9638	28
9639	28
9640	28
9641	28
9642	28
9643	28
9644	28
9645	28
9646	28
9647	28
9648	28
9649	28
9650	28
9651	28
9652	28
9653	28
9654	28
9655	28
9656	28
9657	28
9658	28
9659	28
9660	28
9661	28
9662	28
9663	28
9664	28
9665	28
9666	28
9667	28
9668	28
9669	28
9670	28
9671	28
9672	28
9673	28
9674	28
9675	28
9676	28
9677	28
9678	28
9679	28
9680	28
9681	28
9682	28
9683	28
9684	28
9685	28
9686	28
9687	28
9688	28
9689	28
9690	28
9691	28
9692	28
9693	28
9694	28
9695	28
9696	28
9697	28
9698	28
9699	28
9700	28
9701	28
9702	28
9703	28
9704	28
9705	28
9706	28
9707	28
9708	28
9709	28
9710	28
9711	28
9712	28
9713	28
9714	28
9715	28
9716	28
9717	28
9718	28
9719	28
9720	28
9721	28
9722	28
9723	28
9724	28
9725	28
9726	28
9727	28
9728	28
9729	28
9730	28
9731	28
9732	28
9733	28
9734	28
9735	28
9736	28
9737	28
9738	28
9739	28
9740	28
9741	28
9742	28
9743	28
9744	28
9745	28
9746	28
9747	28
9748	28
9749	28
9750	28
9751	28
9752	28
9753	28
9754	28
9755	28
9756	28
9757	28
9758	28
9759	28
9760	28
9761	28
9762	28
9763	28
9764	28
9765	28
9766	28
9767	28
9768	28
9769	28
9770	28
9771	28
9772	28
9773	28
9774	28
9775	28
9776	28
9777	28
9778	28
9779	28
9780	28
9781	28
9782	28
9783	28
9784	28
9785	28
9786	28
9787	28
9788	28
9789	28
9790	28
9791	28
9792	28
9793	28
9794	28
9795	28
9796	28
9797	28
9798	28
9799	28
9800	28
9801	28
9802	28
9803	28
9804	28
9805	28
9806	28
9807	28
9808	28
9809	28
9810	28
9811	28
9812	28
9813	28
9814	28
9815	28
9816	28
9817	28
9818	28
9819	28
9820	28
9821	28
9822	28
9823	28
9824	28
9825	28
9826	28
9827	28
9828	28
9829	28
9830	28
9831	28
9832	28
9833	28
9834	28
9835	28
9836	28
9837	28
9838	28
9839	28
9840	28
9841	28
9842	28
9843	28
9844	28
9845	28
9846	28
9847	28
9848	28
9849	28
9850	28
9851	28
9852	28
9853	28
9854	28
9855	28
9856	28
9857	28
9858	28
9859	28
9860	28
9861	28
9862	28
9863	28
9864	28
9865	28
9866	28
9867	28
9868	28
9869	28
9870	28
9871	28
9872	28
9873	28
9874	28
9875	28
9876	28
9877	28
9878	28
9879	28
9880	28
9881	28
9882	28
9883	28
9884	28
9885	28
9886	28
9887	28
9888	28
9889	28
9890	28
9891	28
9892	28
9893	28
9894	28
9895	28
9896	28
9897	28
9898	28
9899	28
9900	28
9901	28
9902	28
9903	28
9904	28
9905	28
9906	28
9907	28
9908	28
9909	28
9910	28
9911	28
9912	28
9913	28
9914	28
9915	28
9916	28
9917	28
9918	28
9919	28
9920	28
9921	28
9922	28
9923	28
9924	28
9925	28
9926	28
9927	28
9928	28
9929	28
9930	28
9931	28
9932	28
9933	28
9934	28
9935	28
9936	28
9937	28
9938	28
9939	28
9940	28
9941	28
9942	28
9943	28
9944	28
9945	28
9946	28
9947	28
9948	28
9949	28
9950	28
9951	28
9952	28
9953	28
9954	28
9955	28
9956	28
9957	28
9958	28
9959	28
9960	28
9961	28
9962	28
9963	28
9964	28
9965	28
9966	28
9967	28
9968	28
9969	28
9970	28
9971	28
9972	28
9973	28
9974	28
9975	28
9976	28
9977	28
9978	28
9979	28
9980	28
9981	28
9982	28
9983	28
9984	28
9985	28
9986	28
9987	28
9988	28
9989	28
9990	28
9991	28
9992	28
9993	28
9994	28
9995	28
9996	28
9997	28
9998	28
9999	28
10000	28
