#Clock	ItemsCollected
1	0
2	0
3	0
4	0
5	0
6	0
7	0
8	0
9	0
10	0
11	0
12	0
13	0
14	0
15	0
16	0
17	0
18	0
19	0
20	0
21	0
22	0
23	0
24	0
25	0
26	0
27	0
28	0
29	0
30	0
31	0
32	0
33	0
34	0
35	0
36	0
37	0
38	0
39	0
40	0
41	0
42	0
43	0
44	0
45	0
46	0
47	0
48	0
49	0
50	0
51	0
52	0
53	0
54	0
55	0
56	0
57	0
58	0
59	0
60	0
61	0
62	0
63	0
64	0
65	0
66	0
67	0
68	0
69	0
70	0
71	0
72	0
73	0
74	0
75	0
76	0
77	0
78	0
79	0
80	0
81	0
82	0
83	0
84	0
85	0
86	0
87	0
88	0
89	0
90	0
91	0
92	0
93	0
94	0
95	0
96	0
97	0
98	0
99	0
100	0
101	0
102	0
103	0
104	0
105	0
106	0
107	0
108	0
109	0
110	0
111	0
112	0
113	0
114	0
115	0
116	0
117	0
118	0
119	0
120	0
121	0
122	0
123	0
124	0
125	0
126	0
127	0
128	0
129	0
130	0
131	0
132	0
133	0
134	0
135	0
136	0
137	0
138	0
139	0
140	0
141	0
142	0
143	0
144	0
145	0
146	0
147	0
148	0
149	0
150	0
151	0
152	0
153	0
154	0
155	0
156	0
157	0
158	0
159	0
160	0
161	0
162	0
163	0
164	0
165	0
166	0
167	0
168	0
169	0
170	0
171	0
172	0
173	0
174	0
175	0
176	0
177	0
178	0
179	0
180	0
181	0
182	0
183	0
184	0
185	0
186	0
187	0
188	0
189	0
190	0
191	0
192	0
193	0
194	0
195	0
196	0
197	0
198	0
199	0
200	0
201	0
202	0
203	0
204	0
205	0
206	0
207	0
208	0
209	0
210	0
211	0
212	0
213	0
214	0
215	0
216	0
217	0
218	0
219	0
220	0
221	0
222	0
223	0
224	0
225	0
226	0
227	0
228	0
229	0
230	0
231	0
232	0
233	0
234	0
235	0
236	0
237	0
238	0
239	0
240	0
241	0
242	0
243	0
244	0
245	0
246	0
247	0
248	0
249	0
250	0
251	0
252	0
253	0
254	0
255	0
256	0
257	0
258	0
259	0
260	0
261	0
262	0
263	0
264	0
265	0
266	0
267	0
268	0
269	0
270	0
271	0
272	0
273	0
274	0
275	0
276	0
277	0
278	0
279	0
280	0
281	0
282	0
283	0
284	0
285	0
286	0
287	0
288	0
289	0
290	0
291	0
292	0
293	0
294	0
295	0
296	0
297	0
298	0
299	0
300	0
301	0
302	0
303	0
304	0
305	0
306	0
307	0
308	0
309	0
310	0
311	0
312	0
313	0
314	0
315	0
316	0
317	0
318	0
319	0
320	0
321	0
322	0
323	0
324	0
325	0
326	0
327	0
328	0
329	0
330	0
331	0
332	0
333	0
334	0
335	0
336	0
337	0
338	0
339	0
340	0
341	0
342	0
343	0
344	0
345	0
346	0
347	0
348	0
349	0
350	0
351	0
352	0
353	0
354	0
355	0
356	0
357	0
358	0
359	0
360	0
361	0
362	0
363	0
364	0
365	0
366	0
367	0
368	0
369	0
370	0
371	0
372	0
373	0
374	0
375	0
376	0
377	0
378	0
379	0
380	0
381	0
382	0
383	0
384	0
385	0
386	0
387	0
388	0
389	0
390	0
391	0
392	0
393	0
394	0
395	0
396	0
397	0
398	0
399	0
400	0
401	0
402	0
403	0
404	0
405	0
406	0
407	0
408	0
409	0
410	0
411	0
412	0
413	0
414	0
415	0
416	0
417	0
418	0
419	0
420	0
421	0
422	0
423	0
424	0
425	0
426	0
427	0
428	0
429	0
430	0
431	0
432	0
433	0
434	0
435	0
436	0
437	0
438	0
439	0
440	0
441	0
442	0
443	0
444	0
445	0
446	0
447	0
448	0
449	0
450	0
451	0
452	0
453	0
454	0
455	0
456	0
457	0
458	0
459	0
460	0
461	0
462	0
463	0
464	0
465	0
466	0
467	0
468	0
469	0
470	0
471	0
472	0
473	0
474	0
475	0
476	0
477	0
478	0
479	0
480	0
481	0
482	0
483	0
484	0
485	0
486	0
487	0
488	0
489	0
490	0
491	0
492	0
493	0
494	0
495	0
496	0
497	0
498	0
499	0
500	0
501	0
502	0
503	0
504	0
505	0
506	0
507	0
508	0
509	0
510	0
511	0
512	0
513	0
514	0
515	0
516	0
517	0
518	0
519	0
520	0
521	0
522	0
523	0
524	0
525	0
526	0
527	0
528	0
529	0
530	0
531	0
532	0
533	0
534	0
535	0
536	0
537	0
538	0
539	0
540	0
541	0
542	0
543	0
544	0
545	0
546	0
547	0
548	0
549	0
550	0
551	0
552	0
553	0
554	0
555	0
556	0
557	0
558	0
559	0
560	0
561	0
562	0
563	0
564	0
565	0
566	0
567	0
568	0
569	0
570	0
571	0
572	0
573	0
574	0
575	0
576	0
577	0
578	0
579	0
580	0
581	0
582	0
583	0
584	0
585	0
586	0
587	0
588	0
589	0
590	0
591	0
592	0
593	0
594	0
595	0
596	0
597	0
598	0
599	0
600	0
601	0
602	0
603	0
604	0
605	0
606	0
607	0
608	0
609	0
610	0
611	0
612	0
613	0
614	0
615	0
616	0
617	0
618	0
619	0
620	0
621	0
622	0
623	0
624	0
625	0
626	0
627	0
628	0
629	0
630	0
631	0
632	0
633	0
634	0
635	0
636	0
637	0
638	0
639	0
640	0
641	0
642	0
643	0
644	0
645	0
646	0
647	0
648	0
649	0
650	0
651	0
652	0
653	0
654	0
655	0
656	0
657	0
658	0
659	0
660	0
661	0
662	0
663	0
664	0
665	0
666	0
667	0
668	0
669	0
670	0
671	0
672	0
673	0
674	0
675	0
676	0
677	0
678	0
679	0
680	0
681	0
682	0
683	0
684	0
685	0
686	0
687	0
688	0
689	0
690	0
691	0
692	0
693	0
694	0
695	0
696	0
697	0
698	0
699	0
700	0
701	0
702	0
703	0
704	0
705	0
706	0
707	0
708	0
709	0
710	0
711	0
712	0
713	0
714	0
715	0
716	0
717	0
718	0
719	0
720	0
721	0
722	0
723	0
724	0
725	0
726	0
727	0
728	0
729	0
730	0
731	0
732	0
733	0
734	0
735	0
736	0
737	0
738	0
739	0
740	0
741	0
742	0
743	0
744	0
745	0
746	0
747	0
748	0
749	0
750	0
751	0
752	0
753	0
754	0
755	0
756	0
757	0
758	0
759	0
760	0
761	0
762	0
763	0
764	0
765	0
766	0
767	0
768	0
769	0
770	0
771	0
772	0
773	0
774	0
775	0
776	0
777	0
778	0
779	0
780	0
781	0
782	0
783	0
784	0
785	0
786	0
787	0
788	0
789	0
790	0
791	0
792	0
793	0
794	0
795	0
796	0
797	0
798	0
799	0
800	0
801	0
802	0
803	0
804	0
805	0
806	0
807	0
808	0
809	0
810	0
811	0
812	0
813	0
814	0
815	0
816	0
817	0
818	0
819	0
820	0
821	0
822	0
823	0
824	0
825	0
826	0
827	0
828	0
829	0
830	0
831	0
832	0
833	0
834	0
835	0
836	0
837	0
838	0
839	0
840	0
841	0
842	0
843	0
844	0
845	0
846	0
847	0
848	0
849	0
850	0
851	0
852	0
853	0
854	0
855	0
856	0
857	0
858	0
859	0
860	0
861	0
862	0
863	0
864	0
865	0
866	0
867	0
868	0
869	0
870	0
871	0
872	0
873	0
874	0
875	0
876	0
877	0
878	0
879	0
880	0
881	0
882	0
883	0
884	0
885	0
886	0
887	0
888	0
889	0
890	0
891	0
892	0
893	0
894	0
895	0
896	0
897	0
898	0
899	0
900	0
901	0
902	0
903	0
904	0
905	0
906	0
907	0
908	0
909	0
910	0
911	0
912	0
913	0
914	0
915	0
916	0
917	0
918	0
919	0
920	0
921	0
922	0
923	0
924	0
925	0
926	0
927	0
928	0
929	0
930	0
931	0
932	0
933	0
934	0
935	0
936	0
937	0
938	0
939	0
940	0
941	0
942	0
943	0
944	0
945	0
946	0
947	0
948	0
949	0
950	0
951	0
952	0
953	0
954	0
955	0
956	0
957	0
958	0
959	0
960	0
961	0
962	0
963	0
964	0
965	0
966	0
967	0
968	0
969	0
970	0
971	0
972	0
973	0
974	0
975	0
976	0
977	0
978	0
979	0
980	0
981	0
982	0
983	0
984	0
985	0
986	0
987	0
988	0
989	0
990	0
991	0
992	0
993	0
994	0
995	0
996	0
997	0
998	0
999	0
1000	0
1001	0
1002	0
1003	0
1004	0
1005	0
1006	0
1007	0
1008	0
1009	0
1010	0
1011	0
1012	0
1013	0
1014	0
1015	0
1016	0
1017	0
1018	0
1019	0
1020	0
1021	0
1022	0
1023	0
1024	0
1025	0
1026	0
1027	0
1028	0
1029	0
1030	0
1031	0
1032	0
1033	0
1034	0
1035	0
1036	0
1037	0
1038	0
1039	0
1040	0
1041	0
1042	0
1043	0
1044	0
1045	0
1046	0
1047	0
1048	0
1049	0
1050	0
1051	0
1052	0
1053	0
1054	0
1055	0
1056	0
1057	0
1058	0
1059	0
1060	0
1061	0
1062	0
1063	0
1064	0
1065	0
1066	0
1067	0
1068	0
1069	0
1070	0
1071	0
1072	0
1073	0
1074	0
1075	0
1076	0
1077	0
1078	0
1079	0
1080	0
1081	0
1082	0
1083	0
1084	0
1085	0
1086	0
1087	0
1088	0
1089	0
1090	0
1091	0
1092	0
1093	0
1094	0
1095	0
1096	0
1097	0
1098	0
1099	0
1100	0
1101	0
1102	0
1103	0
1104	0
1105	0
1106	0
1107	0
1108	0
1109	0
1110	0
1111	0
1112	0
1113	0
1114	0
1115	0
1116	0
1117	0
1118	0
1119	0
1120	0
1121	0
1122	0
1123	0
1124	0
1125	0
1126	0
1127	0
1128	0
1129	0
1130	0
1131	0
1132	0
1133	0
1134	0
1135	0
1136	0
1137	0
1138	0
1139	0
1140	0
1141	0
1142	0
1143	0
1144	0
1145	0
1146	0
1147	0
1148	0
1149	0
1150	0
1151	0
1152	0
1153	0
1154	0
1155	0
1156	0
1157	0
1158	0
1159	0
1160	0
1161	0
1162	0
1163	0
1164	0
1165	0
1166	0
1167	0
1168	0
1169	0
1170	0
1171	0
1172	0
1173	0
1174	0
1175	0
1176	0
1177	0
1178	0
1179	0
1180	0
1181	0
1182	0
1183	0
1184	0
1185	0
1186	0
1187	0
1188	0
1189	0
1190	0
1191	0
1192	0
1193	0
1194	0
1195	0
1196	0
1197	0
1198	0
1199	0
1200	0
1201	0
1202	0
1203	0
1204	0
1205	0
1206	0
1207	0
1208	0
1209	0
1210	0
1211	0
1212	0
1213	0
1214	0
1215	0
1216	0
1217	0
1218	0
1219	0
1220	0
1221	0
1222	0
1223	0
1224	0
1225	0
1226	0
1227	0
1228	0
1229	0
1230	0
1231	0
1232	0
1233	0
1234	0
1235	0
1236	0
1237	0
1238	0
1239	0
1240	0
1241	0
1242	0
1243	0
1244	0
1245	0
1246	0
1247	0
1248	0
1249	0
1250	0
1251	0
1252	0
1253	0
1254	0
1255	0
1256	0
1257	0
1258	0
1259	0
1260	0
1261	0
1262	0
1263	0
1264	0
1265	0
1266	0
1267	0
1268	0
1269	0
1270	0
1271	0
1272	0
1273	0
1274	0
1275	0
1276	0
1277	0
1278	0
1279	0
1280	0
1281	0
1282	0
1283	0
1284	0
1285	0
1286	0
1287	0
1288	0
1289	0
1290	0
1291	0
1292	0
1293	0
1294	0
1295	0
1296	0
1297	0
1298	0
1299	0
1300	0
1301	0
1302	0
1303	0
1304	0
1305	0
1306	0
1307	0
1308	0
1309	0
1310	0
1311	0
1312	0
1313	0
1314	0
1315	0
1316	0
1317	0
1318	0
1319	0
1320	0
1321	0
1322	0
1323	0
1324	0
1325	0
1326	0
1327	0
1328	0
1329	0
1330	0
1331	0
1332	0
1333	0
1334	0
1335	0
1336	0
1337	0
1338	0
1339	0
1340	0
1341	0
1342	0
1343	0
1344	0
1345	0
1346	0
1347	0
1348	0
1349	0
1350	0
1351	0
1352	0
1353	0
1354	0
1355	0
1356	0
1357	0
1358	0
1359	0
1360	0
1361	0
1362	0
1363	0
1364	0
1365	0
1366	0
1367	0
1368	0
1369	0
1370	0
1371	0
1372	0
1373	0
1374	0
1375	0
1376	0
1377	0
1378	0
1379	0
1380	0
1381	0
1382	0
1383	0
1384	0
1385	0
1386	0
1387	0
1388	0
1389	0
1390	0
1391	0
1392	0
1393	0
1394	0
1395	0
1396	0
1397	0
1398	0
1399	0
1400	0
1401	0
1402	0
1403	0
1404	0
1405	0
1406	0
1407	0
1408	0
1409	0
1410	0
1411	0
1412	0
1413	0
1414	0
1415	0
1416	0
1417	0
1418	0
1419	0
1420	0
1421	0
1422	0
1423	0
1424	0
1425	0
1426	0
1427	0
1428	0
1429	0
1430	0
1431	0
1432	0
1433	0
1434	0
1435	0
1436	0
1437	0
1438	0
1439	0
1440	0
1441	0
1442	0
1443	0
1444	0
1445	0
1446	0
1447	0
1448	0
1449	0
1450	0
1451	0
1452	0
1453	0
1454	0
1455	0
1456	0
1457	0
1458	0
1459	0
1460	0
1461	0
1462	0
1463	0
1464	0
1465	0
1466	0
1467	0
1468	0
1469	0
1470	0
1471	0
1472	0
1473	0
1474	0
1475	0
1476	0
1477	0
1478	0
1479	0
1480	0
1481	0
1482	0
1483	0
1484	0
1485	0
1486	0
1487	0
1488	0
1489	0
1490	0
1491	0
1492	0
1493	0
1494	0
1495	0
1496	0
1497	0
1498	0
1499	0
1500	0
1501	0
1502	0
1503	0
1504	0
1505	0
1506	0
1507	0
1508	0
1509	0
1510	0
1511	0
1512	0
1513	0
1514	0
1515	0
1516	0
1517	0
1518	0
1519	0
1520	0
1521	0
1522	0
1523	0
1524	0
1525	0
1526	0
1527	0
1528	0
1529	0
1530	0
1531	0
1532	0
1533	0
1534	0
1535	0
1536	0
1537	0
1538	0
1539	0
1540	0
1541	0
1542	0
1543	0
1544	0
1545	0
1546	0
1547	0
1548	0
1549	0
1550	0
1551	0
1552	0
1553	0
1554	0
1555	0
1556	0
1557	0
1558	0
1559	0
1560	0
1561	0
1562	0
1563	0
1564	0
1565	0
1566	0
1567	0
1568	0
1569	0
1570	0
1571	0
1572	0
1573	0
1574	0
1575	0
1576	0
1577	0
1578	0
1579	0
1580	0
1581	0
1582	0
1583	0
1584	0
1585	0
1586	0
1587	0
1588	0
1589	0
1590	0
1591	0
1592	0
1593	0
1594	0
1595	0
1596	0
1597	0
1598	0
1599	0
1600	0
1601	0
1602	0
1603	0
1604	0
1605	0
1606	0
1607	0
1608	0
1609	0
1610	0
1611	0
1612	0
1613	0
1614	0
1615	0
1616	0
1617	0
1618	0
1619	0
1620	0
1621	0
1622	0
1623	0
1624	0
1625	0
1626	0
1627	0
1628	0
1629	0
1630	0
1631	0
1632	0
1633	0
1634	0
1635	0
1636	0
1637	0
1638	0
1639	0
1640	0
1641	0
1642	0
1643	0
1644	0
1645	0
1646	0
1647	0
1648	0
1649	0
1650	0
1651	0
1652	0
1653	0
1654	0
1655	0
1656	0
1657	0
1658	0
1659	0
1660	0
1661	0
1662	0
1663	0
1664	0
1665	0
1666	0
1667	0
1668	0
1669	0
1670	0
1671	0
1672	0
1673	0
1674	0
1675	0
1676	0
1677	0
1678	0
1679	0
1680	0
1681	0
1682	0
1683	0
1684	0
1685	0
1686	0
1687	0
1688	0
1689	0
1690	0
1691	0
1692	0
1693	0
1694	0
1695	0
1696	0
1697	0
1698	0
1699	0
1700	0
1701	0
1702	0
1703	0
1704	0
1705	0
1706	0
1707	0
1708	0
1709	0
1710	0
1711	0
1712	0
1713	0
1714	0
1715	0
1716	0
1717	0
1718	0
1719	0
1720	0
1721	0
1722	0
1723	0
1724	0
1725	0
1726	0
1727	0
1728	0
1729	0
1730	0
1731	0
1732	0
1733	0
1734	0
1735	0
1736	0
1737	0
1738	0
1739	0
1740	0
1741	0
1742	0
1743	0
1744	0
1745	0
1746	0
1747	0
1748	0
1749	0
1750	0
1751	0
1752	0
1753	0
1754	0
1755	0
1756	0
1757	0
1758	0
1759	0
1760	0
1761	0
1762	0
1763	0
1764	0
1765	0
1766	0
1767	0
1768	0
1769	0
1770	0
1771	0
1772	0
1773	0
1774	0
1775	0
1776	0
1777	0
1778	0
1779	0
1780	0
1781	0
1782	0
1783	0
1784	0
1785	0
1786	0
1787	0
1788	0
1789	0
1790	0
1791	0
1792	0
1793	0
1794	0
1795	0
1796	0
1797	0
1798	0
1799	0
1800	0
1801	0
1802	0
1803	0
1804	0
1805	0
1806	0
1807	0
1808	0
1809	0
1810	0
1811	0
1812	0
1813	0
1814	0
1815	0
1816	0
1817	0
1818	0
1819	0
1820	0
1821	0
1822	0
1823	0
1824	0
1825	0
1826	0
1827	0
1828	0
1829	0
1830	0
1831	0
1832	0
1833	0
1834	0
1835	0
1836	0
1837	0
1838	0
1839	0
1840	0
1841	0
1842	0
1843	0
1844	0
1845	0
1846	0
1847	0
1848	0
1849	0
1850	0
1851	0
1852	0
1853	0
1854	0
1855	0
1856	0
1857	0
1858	0
1859	0
1860	0
1861	0
1862	0
1863	0
1864	0
1865	0
1866	0
1867	0
1868	0
1869	0
1870	0
1871	0
1872	0
1873	0
1874	0
1875	0
1876	0
1877	0
1878	0
1879	0
1880	0
1881	0
1882	0
1883	0
1884	0
1885	0
1886	0
1887	0
1888	0
1889	0
1890	0
1891	0
1892	0
1893	0
1894	0
1895	0
1896	0
1897	0
1898	0
1899	0
1900	0
1901	0
1902	0
1903	0
1904	0
1905	0
1906	0
1907	0
1908	0
1909	0
1910	0
1911	0
1912	0
1913	0
1914	0
1915	0
1916	0
1917	0
1918	0
1919	0
1920	0
1921	0
1922	0
1923	0
1924	0
1925	0
1926	0
1927	0
1928	0
1929	0
1930	0
1931	0
1932	0
1933	0
1934	0
1935	0
1936	0
1937	0
1938	0
1939	0
1940	0
1941	0
1942	0
1943	0
1944	0
1945	0
1946	0
1947	0
1948	0
1949	0
1950	0
1951	0
1952	0
1953	0
1954	0
1955	0
1956	0
1957	0
1958	0
1959	0
1960	0
1961	0
1962	0
1963	0
1964	0
1965	0
1966	0
1967	0
1968	0
1969	0
1970	0
1971	0
1972	0
1973	0
1974	0
1975	0
1976	0
1977	0
1978	0
1979	0
1980	0
1981	0
1982	0
1983	0
1984	0
1985	0
1986	0
1987	0
1988	0
1989	0
1990	0
1991	0
1992	0
1993	0
1994	0
1995	0
1996	0
1997	0
1998	0
1999	0
2000	0
2001	0
2002	0
2003	0
2004	0
2005	0
2006	0
2007	0
2008	0
2009	0
2010	0
2011	0
2012	0
2013	0
2014	0
2015	0
2016	0
2017	0
2018	0
2019	0
2020	0
2021	0
2022	0
2023	0
2024	0
2025	0
2026	0
2027	0
2028	0
2029	0
2030	0
2031	0
2032	0
2033	0
2034	0
2035	0
2036	0
2037	0
2038	0
2039	0
2040	0
2041	0
2042	0
2043	0
2044	0
2045	0
2046	0
2047	0
2048	0
2049	0
2050	0
2051	0
2052	0
2053	0
2054	0
2055	0
2056	0
2057	0
2058	0
2059	0
2060	0
2061	0
2062	0
2063	0
2064	0
2065	0
2066	0
2067	0
2068	0
2069	0
2070	0
2071	0
2072	0
2073	0
2074	0
2075	0
2076	0
2077	0
2078	0
2079	0
2080	0
2081	0
2082	0
2083	0
2084	0
2085	0
2086	0
2087	0
2088	0
2089	0
2090	0
2091	0
2092	0
2093	0
2094	0
2095	0
2096	0
2097	0
2098	0
2099	0
2100	0
2101	0
2102	0
2103	0
2104	0
2105	0
2106	0
2107	0
2108	0
2109	0
2110	0
2111	0
2112	0
2113	0
2114	0
2115	0
2116	0
2117	0
2118	0
2119	0
2120	0
2121	0
2122	0
2123	0
2124	0
2125	0
2126	0
2127	0
2128	0
2129	0
2130	0
2131	0
2132	0
2133	0
2134	0
2135	0
2136	0
2137	0
2138	0
2139	0
2140	0
2141	0
2142	0
2143	0
2144	0
2145	0
2146	0
2147	0
2148	0
2149	0
2150	0
2151	0
2152	0
2153	0
2154	0
2155	0
2156	0
2157	0
2158	0
2159	0
2160	0
2161	0
2162	0
2163	0
2164	0
2165	0
2166	0
2167	0
2168	0
2169	0
2170	0
2171	0
2172	0
2173	0
2174	0
2175	0
2176	0
2177	0
2178	0
2179	0
2180	0
2181	0
2182	0
2183	0
2184	0
2185	0
2186	0
2187	0
2188	0
2189	0
2190	0
2191	0
2192	0
2193	0
2194	0
2195	0
2196	0
2197	0
2198	0
2199	0
2200	0
2201	0
2202	0
2203	0
2204	0
2205	0
2206	0
2207	0
2208	0
2209	0
2210	0
2211	0
2212	0
2213	0
2214	0
2215	0
2216	0
2217	0
2218	0
2219	0
2220	0
2221	0
2222	0
2223	0
2224	0
2225	0
2226	0
2227	0
2228	0
2229	0
2230	0
2231	0
2232	0
2233	0
2234	0
2235	0
2236	0
2237	0
2238	0
2239	0
2240	0
2241	0
2242	0
2243	0
2244	0
2245	0
2246	0
2247	0
2248	0
2249	0
2250	0
2251	0
2252	0
2253	0
2254	0
2255	0
2256	0
2257	0
2258	0
2259	0
2260	0
2261	0
2262	0
2263	0
2264	0
2265	0
2266	0
2267	0
2268	0
2269	0
2270	0
2271	0
2272	0
2273	0
2274	0
2275	0
2276	0
2277	0
2278	0
2279	0
2280	0
2281	0
2282	0
2283	0
2284	0
2285	0
2286	0
2287	0
2288	0
2289	0
2290	0
2291	0
2292	0
2293	0
2294	0
2295	0
2296	0
2297	0
2298	0
2299	0
2300	0
2301	0
2302	0
2303	0
2304	0
2305	0
2306	0
2307	0
2308	0
2309	0
2310	0
2311	0
2312	0
2313	0
2314	0
2315	0
2316	0
2317	0
2318	0
2319	0
2320	0
2321	0
2322	0
2323	0
2324	0
2325	0
2326	0
2327	0
2328	0
2329	0
2330	0
2331	0
2332	0
2333	0
2334	0
2335	0
2336	0
2337	0
2338	0
2339	0
2340	0
2341	0
2342	0
2343	0
2344	0
2345	0
2346	0
2347	0
2348	0
2349	0
2350	0
2351	0
2352	0
2353	0
2354	0
2355	0
2356	0
2357	0
2358	0
2359	0
2360	0
2361	0
2362	0
2363	0
2364	0
2365	0
2366	0
2367	0
2368	0
2369	0
2370	0
2371	0
2372	0
2373	0
2374	0
2375	0
2376	0
2377	0
2378	0
2379	0
2380	0
2381	0
2382	0
2383	0
2384	0
2385	0
2386	0
2387	0
2388	0
2389	0
2390	0
2391	0
2392	0
2393	0
2394	0
2395	0
2396	0
2397	0
2398	0
2399	0
2400	0
2401	0
2402	0
2403	0
2404	0
2405	0
2406	0
2407	0
2408	0
2409	0
2410	0
2411	0
2412	0
2413	0
2414	0
2415	0
2416	0
2417	0
2418	0
2419	0
2420	0
2421	0
2422	0
2423	0
2424	0
2425	0
2426	0
2427	0
2428	0
2429	0
2430	0
2431	0
2432	0
2433	0
2434	0
2435	0
2436	0
2437	0
2438	0
2439	0
2440	0
2441	0
2442	0
2443	0
2444	0
2445	0
2446	0
2447	0
2448	0
2449	0
2450	0
2451	0
2452	0
2453	0
2454	0
2455	0
2456	0
2457	0
2458	0
2459	0
2460	0
2461	0
2462	0
2463	0
2464	0
2465	0
2466	0
2467	0
2468	0
2469	0
2470	0
2471	0
2472	0
2473	0
2474	0
2475	0
2476	0
2477	0
2478	0
2479	0
2480	0
2481	0
2482	0
2483	0
2484	0
2485	0
2486	0
2487	0
2488	0
2489	0
2490	0
2491	0
2492	0
2493	0
2494	0
2495	0
2496	0
2497	0
2498	0
2499	0
2500	0
2501	0
2502	0
2503	0
2504	0
2505	0
2506	0
2507	0
2508	0
2509	0
2510	0
2511	0
2512	0
2513	0
2514	0
2515	0
2516	0
2517	0
2518	0
2519	0
2520	0
2521	0
2522	0
2523	0
2524	0
2525	0
2526	0
2527	0
2528	0
2529	0
2530	0
2531	0
2532	0
2533	0
2534	0
2535	0
2536	0
2537	0
2538	0
2539	0
2540	0
2541	0
2542	0
2543	0
2544	0
2545	0
2546	0
2547	0
2548	0
2549	0
2550	0
2551	0
2552	0
2553	0
2554	0
2555	0
2556	0
2557	0
2558	0
2559	0
2560	0
2561	0
2562	0
2563	0
2564	0
2565	0
2566	0
2567	0
2568	0
2569	0
2570	0
2571	0
2572	0
2573	0
2574	0
2575	0
2576	0
2577	0
2578	0
2579	0
2580	0
2581	0
2582	0
2583	0
2584	0
2585	0
2586	0
2587	0
2588	0
2589	0
2590	0
2591	0
2592	0
2593	0
2594	0
2595	0
2596	0
2597	0
2598	0
2599	0
2600	0
2601	0
2602	0
2603	0
2604	0
2605	0
2606	0
2607	0
2608	0
2609	0
2610	0
2611	0
2612	0
2613	0
2614	0
2615	0
2616	0
2617	0
2618	0
2619	0
2620	0
2621	0
2622	0
2623	0
2624	0
2625	0
2626	0
2627	0
2628	0
2629	0
2630	0
2631	0
2632	0
2633	0
2634	0
2635	0
2636	0
2637	0
2638	0
2639	0
2640	0
2641	0
2642	0
2643	0
2644	0
2645	0
2646	0
2647	0
2648	0
2649	0
2650	0
2651	0
2652	0
2653	0
2654	0
2655	0
2656	0
2657	0
2658	0
2659	0
2660	0
2661	0
2662	0
2663	0
2664	0
2665	0
2666	0
2667	0
2668	0
2669	0
2670	0
2671	0
2672	0
2673	0
2674	0
2675	0
2676	0
2677	0
2678	0
2679	0
2680	0
2681	0
2682	0
2683	0
2684	0
2685	0
2686	0
2687	0
2688	0
2689	0
2690	0
2691	0
2692	0
2693	0
2694	0
2695	0
2696	0
2697	0
2698	0
2699	0
2700	0
2701	0
2702	0
2703	0
2704	0
2705	0
2706	0
2707	0
2708	0
2709	0
2710	0
2711	0
2712	0
2713	0
2714	0
2715	0
2716	0
2717	0
2718	0
2719	0
2720	0
2721	0
2722	0
2723	0
2724	0
2725	0
2726	0
2727	0
2728	0
2729	0
2730	0
2731	0
2732	0
2733	0
2734	0
2735	0
2736	0
2737	0
2738	0
2739	0
2740	0
2741	0
2742	0
2743	0
2744	0
2745	0
2746	0
2747	0
2748	0
2749	0
2750	0
2751	0
2752	0
2753	0
2754	0
2755	0
2756	0
2757	0
2758	0
2759	0
2760	0
2761	0
2762	0
2763	0
2764	0
2765	0
2766	0
2767	0
2768	0
2769	0
2770	0
2771	0
2772	0
2773	0
2774	0
2775	0
2776	0
2777	0
2778	0
2779	0
2780	0
2781	0
2782	0
2783	0
2784	0
2785	0
2786	0
2787	0
2788	0
2789	0
2790	0
2791	0
2792	0
2793	0
2794	0
2795	0
2796	0
2797	0
2798	0
2799	0
2800	0
2801	0
2802	0
2803	0
2804	0
2805	0
2806	0
2807	0
2808	0
2809	0
2810	0
2811	0
2812	0
2813	0
2814	0
2815	0
2816	0
2817	0
2818	0
2819	0
2820	0
2821	0
2822	0
2823	0
2824	0
2825	0
2826	0
2827	0
2828	0
2829	0
2830	0
2831	0
2832	0
2833	0
2834	0
2835	0
2836	0
2837	0
2838	0
2839	0
2840	0
2841	0
2842	0
2843	0
2844	0
2845	0
2846	0
2847	0
2848	0
2849	0
2850	0
2851	0
2852	0
2853	0
2854	0
2855	0
2856	0
2857	0
2858	0
2859	0
2860	0
2861	0
2862	0
2863	0
2864	0
2865	0
2866	0
2867	0
2868	0
2869	0
2870	0
2871	0
2872	0
2873	0
2874	0
2875	0
2876	0
2877	0
2878	0
2879	0
2880	0
2881	0
2882	0
2883	0
2884	0
2885	0
2886	0
2887	0
2888	0
2889	0
2890	0
2891	0
2892	0
2893	0
2894	0
2895	0
2896	0
2897	0
2898	0
2899	0
2900	0
2901	0
2902	0
2903	0
2904	0
2905	0
2906	0
2907	0
2908	0
2909	0
2910	0
2911	0
2912	0
2913	0
2914	0
2915	0
2916	0
2917	0
2918	0
2919	0
2920	0
2921	0
2922	0
2923	0
2924	0
2925	0
2926	0
2927	0
2928	0
2929	0
2930	0
2931	0
2932	0
2933	0
2934	0
2935	0
2936	0
2937	0
2938	0
2939	0
2940	0
2941	0
2942	0
2943	0
2944	0
2945	0
2946	0
2947	0
2948	0
2949	0
2950	0
2951	0
2952	0
2953	0
2954	0
2955	0
2956	0
2957	0
2958	0
2959	0
2960	0
2961	0
2962	0
2963	0
2964	0
2965	0
2966	0
2967	0
2968	0
2969	0
2970	0
2971	0
2972	0
2973	0
2974	0
2975	0
2976	0
2977	0
2978	0
2979	0
2980	0
2981	0
2982	0
2983	0
2984	0
2985	0
2986	0
2987	0
2988	0
2989	0
2990	0
2991	0
2992	0
2993	0
2994	0
2995	0
2996	0
2997	0
2998	0
2999	0
3000	0
3001	0
3002	0
3003	0
3004	0
3005	0
3006	0
3007	0
3008	0
3009	0
3010	0
3011	0
3012	0
3013	0
3014	0
3015	0
3016	0
3017	0
3018	0
3019	0
3020	0
3021	0
3022	0
3023	0
3024	0
3025	0
3026	0
3027	0
3028	0
3029	0
3030	0
3031	0
3032	0
3033	0
3034	0
3035	0
3036	0
3037	0
3038	0
3039	0
3040	0
3041	0
3042	0
3043	0
3044	0
3045	0
3046	0
3047	0
3048	0
3049	0
3050	0
3051	0
3052	0
3053	0
3054	0
3055	0
3056	0
3057	0
3058	0
3059	0
3060	0
3061	0
3062	0
3063	0
3064	0
3065	0
3066	0
3067	0
3068	0
3069	0
3070	0
3071	0
3072	0
3073	0
3074	0
3075	0
3076	0
3077	0
3078	0
3079	0
3080	0
3081	0
3082	0
3083	0
3084	0
3085	0
3086	0
3087	0
3088	0
3089	0
3090	0
3091	0
3092	0
3093	0
3094	0
3095	0
3096	0
3097	0
3098	0
3099	0
3100	0
3101	0
3102	0
3103	0
3104	0
3105	0
3106	0
3107	0
3108	0
3109	0
3110	0
3111	0
3112	0
3113	0
3114	0
3115	0
3116	0
3117	0
3118	0
3119	0
3120	0
3121	0
3122	0
3123	0
3124	0
3125	0
3126	0
3127	0
3128	0
3129	0
3130	0
3131	0
3132	0
3133	0
3134	0
3135	0
3136	0
3137	0
3138	0
3139	0
3140	0
3141	0
3142	0
3143	0
3144	0
3145	0
3146	0
3147	0
3148	0
3149	0
3150	0
3151	0
3152	0
3153	0
3154	0
3155	0
3156	0
3157	0
3158	0
3159	0
3160	0
3161	0
3162	0
3163	0
3164	0
3165	0
3166	0
3167	0
3168	0
3169	0
3170	0
3171	0
3172	0
3173	0
3174	0
3175	0
3176	0
3177	0
3178	0
3179	0
3180	0
3181	0
3182	0
3183	0
3184	0
3185	0
3186	0
3187	0
3188	0
3189	0
3190	0
3191	0
3192	0
3193	0
3194	0
3195	0
3196	0
3197	0
3198	0
3199	0
3200	0
3201	0
3202	0
3203	0
3204	0
3205	0
3206	0
3207	0
3208	0
3209	0
3210	0
3211	0
3212	0
3213	0
3214	0
3215	0
3216	0
3217	0
3218	0
3219	0
3220	0
3221	0
3222	0
3223	0
3224	0
3225	0
3226	0
3227	0
3228	0
3229	0
3230	0
3231	0
3232	0
3233	0
3234	0
3235	0
3236	0
3237	0
3238	0
3239	0
3240	0
3241	0
3242	0
3243	0
3244	0
3245	1
3246	1
3247	1
3248	1
3249	1
3250	1
3251	1
3252	1
3253	1
3254	1
3255	1
3256	1
3257	1
3258	1
3259	1
3260	1
3261	1
3262	1
3263	1
3264	1
3265	1
3266	1
3267	1
3268	1
3269	1
3270	1
3271	1
3272	1
3273	1
3274	1
3275	1
3276	1
3277	1
3278	1
3279	1
3280	1
3281	1
3282	1
3283	1
3284	1
3285	1
3286	1
3287	1
3288	1
3289	1
3290	1
3291	1
3292	1
3293	1
3294	1
3295	1
3296	1
3297	1
3298	1
3299	1
3300	1
3301	1
3302	1
3303	1
3304	1
3305	1
3306	1
3307	1
3308	1
3309	1
3310	1
3311	1
3312	1
3313	1
3314	1
3315	1
3316	1
3317	1
3318	1
3319	1
3320	1
3321	1
3322	1
3323	1
3324	1
3325	1
3326	1
3327	1
3328	1
3329	1
3330	1
3331	1
3332	1
3333	1
3334	1
3335	1
3336	1
3337	1
3338	1
3339	1
3340	1
3341	1
3342	1
3343	1
3344	1
3345	1
3346	1
3347	1
3348	1
3349	1
3350	1
3351	1
3352	1
3353	1
3354	1
3355	1
3356	1
3357	1
3358	1
3359	1
3360	1
3361	1
3362	1
3363	1
3364	1
3365	1
3366	1
3367	1
3368	1
3369	1
3370	1
3371	1
3372	1
3373	1
3374	1
3375	1
3376	1
3377	1
3378	1
3379	1
3380	1
3381	1
3382	1
3383	1
3384	1
3385	1
3386	1
3387	1
3388	1
3389	1
3390	1
3391	1
3392	1
3393	1
3394	1
3395	1
3396	1
3397	1
3398	1
3399	1
3400	1
3401	1
3402	1
3403	1
3404	1
3405	1
3406	1
3407	1
3408	1
3409	1
3410	1
3411	1
3412	1
3413	1
3414	1
3415	1
3416	1
3417	1
3418	1
3419	1
3420	1
3421	1
3422	1
3423	1
3424	1
3425	1
3426	1
3427	1
3428	1
3429	1
3430	1
3431	1
3432	1
3433	1
3434	1
3435	1
3436	1
3437	1
3438	1
3439	1
3440	1
3441	1
3442	1
3443	1
3444	1
3445	1
3446	1
3447	1
3448	1
3449	1
3450	1
3451	1
3452	1
3453	1
3454	1
3455	1
3456	1
3457	1
3458	1
3459	1
3460	1
3461	1
3462	1
3463	1
3464	1
3465	1
3466	1
3467	1
3468	1
3469	1
3470	1
3471	1
3472	1
3473	1
3474	1
3475	1
3476	1
3477	1
3478	1
3479	1
3480	1
3481	1
3482	1
3483	1
3484	1
3485	1
3486	1
3487	1
3488	1
3489	1
3490	1
3491	1
3492	1
3493	1
3494	1
3495	1
3496	1
3497	1
3498	1
3499	1
3500	1
3501	1
3502	1
3503	1
3504	1
3505	1
3506	1
3507	1
3508	1
3509	1
3510	1
3511	1
3512	1
3513	1
3514	1
3515	1
3516	1
3517	1
3518	1
3519	1
3520	1
3521	1
3522	1
3523	1
3524	1
3525	1
3526	1
3527	1
3528	1
3529	1
3530	1
3531	1
3532	1
3533	1
3534	1
3535	1
3536	1
3537	1
3538	1
3539	1
3540	1
3541	1
3542	1
3543	1
3544	1
3545	1
3546	1
3547	1
3548	1
3549	1
3550	1
3551	1
3552	1
3553	1
3554	1
3555	1
3556	1
3557	1
3558	1
3559	1
3560	1
3561	1
3562	1
3563	1
3564	1
3565	1
3566	1
3567	1
3568	1
3569	1
3570	1
3571	1
3572	1
3573	1
3574	1
3575	1
3576	1
3577	1
3578	1
3579	1
3580	1
3581	1
3582	1
3583	1
3584	1
3585	1
3586	1
3587	1
3588	1
3589	1
3590	1
3591	1
3592	1
3593	1
3594	1
3595	1
3596	1
3597	1
3598	1
3599	1
3600	1
3601	1
3602	1
3603	1
3604	1
3605	1
3606	1
3607	1
3608	1
3609	1
3610	1
3611	1
3612	1
3613	1
3614	1
3615	1
3616	1
3617	1
3618	1
3619	1
3620	1
3621	1
3622	1
3623	1
3624	1
3625	1
3626	1
3627	1
3628	1
3629	1
3630	1
3631	1
3632	1
3633	1
3634	1
3635	1
3636	1
3637	1
3638	1
3639	1
3640	1
3641	1
3642	1
3643	1
3644	1
3645	1
3646	1
3647	1
3648	1
3649	1
3650	1
3651	1
3652	1
3653	1
3654	1
3655	1
3656	1
3657	1
3658	1
3659	1
3660	1
3661	1
3662	1
3663	1
3664	1
3665	1
3666	1
3667	1
3668	1
3669	1
3670	1
3671	1
3672	1
3673	1
3674	1
3675	1
3676	1
3677	1
3678	1
3679	1
3680	1
3681	1
3682	1
3683	1
3684	1
3685	1
3686	1
3687	1
3688	1
3689	1
3690	1
3691	1
3692	1
3693	1
3694	1
3695	1
3696	1
3697	1
3698	1
3699	1
3700	1
3701	1
3702	1
3703	1
3704	1
3705	1
3706	1
3707	1
3708	1
3709	1
3710	1
3711	1
3712	1
3713	1
3714	1
3715	1
3716	1
3717	1
3718	1
3719	1
3720	1
3721	1
3722	1
3723	1
3724	1
3725	1
3726	1
3727	1
3728	1
3729	1
3730	1
3731	1
3732	1
3733	1
3734	1
3735	1
3736	1
3737	1
3738	1
3739	1
3740	1
3741	1
3742	1
3743	1
3744	1
3745	1
3746	1
3747	1
3748	1
3749	1
3750	1
3751	1
3752	1
3753	1
3754	1
3755	1
3756	1
3757	1
3758	1
3759	1
3760	1
3761	1
3762	1
3763	1
3764	1
3765	1
3766	1
3767	1
3768	1
3769	1
3770	1
3771	1
3772	1
3773	1
3774	1
3775	1
3776	1
3777	1
3778	1
3779	1
3780	1
3781	1
3782	1
3783	1
3784	1
3785	1
3786	1
3787	1
3788	1
3789	1
3790	1
3791	1
3792	1
3793	1
3794	1
3795	1
3796	1
3797	1
3798	1
3799	1
3800	1
3801	1
3802	1
3803	1
3804	1
3805	1
3806	1
3807	1
3808	1
3809	1
3810	1
3811	1
3812	1
3813	1
3814	1
3815	1
3816	1
3817	1
3818	1
3819	1
3820	1
3821	1
3822	1
3823	1
3824	1
3825	1
3826	1
3827	1
3828	1
3829	1
3830	1
3831	1
3832	1
3833	1
3834	1
3835	1
3836	1
3837	1
3838	1
3839	1
3840	1
3841	1
3842	1
3843	1
3844	1
3845	1
3846	1
3847	1
3848	1
3849	1
3850	1
3851	1
3852	1
3853	1
3854	1
3855	1
3856	1
3857	1
3858	1
3859	1
3860	1
3861	1
3862	1
3863	1
3864	1
3865	1
3866	1
3867	1
3868	1
3869	1
3870	1
3871	1
3872	1
3873	1
3874	1
3875	1
3876	1
3877	1
3878	1
3879	1
3880	1
3881	1
3882	1
3883	1
3884	1
3885	1
3886	1
3887	1
3888	1
3889	1
3890	1
3891	1
3892	1
3893	1
3894	1
3895	1
3896	1
3897	1
3898	1
3899	1
3900	1
3901	1
3902	1
3903	1
3904	1
3905	1
3906	1
3907	1
3908	1
3909	1
3910	1
3911	1
3912	1
3913	1
3914	1
3915	1
3916	1
3917	1
3918	1
3919	1
3920	1
3921	1
3922	1
3923	1
3924	1
3925	1
3926	1
3927	1
3928	1
3929	1
3930	1
3931	1
3932	1
3933	1
3934	1
3935	1
3936	1
3937	1
3938	1
3939	1
3940	1
3941	1
3942	1
3943	1
3944	1
3945	1
3946	1
3947	1
3948	1
3949	1
3950	1
3951	1
3952	1
3953	1
3954	1
3955	1
3956	1
3957	1
3958	1
3959	1
3960	1
3961	1
3962	1
3963	1
3964	1
3965	1
3966	1
3967	1
3968	1
3969	1
3970	1
3971	1
3972	1
3973	1
3974	1
3975	1
3976	1
3977	1
3978	1
3979	1
3980	1
3981	1
3982	1
3983	1
3984	1
3985	1
3986	1
3987	1
3988	1
3989	1
3990	1
3991	1
3992	1
3993	1
3994	1
3995	1
3996	1
3997	1
3998	1
3999	1
4000	1
4001	1
4002	1
4003	1
4004	1
4005	1
4006	1
4007	1
4008	1
4009	1
4010	1
4011	1
4012	1
4013	1
4014	1
4015	1
4016	1
4017	1
4018	1
4019	1
4020	1
4021	1
4022	1
4023	1
4024	1
4025	1
4026	1
4027	1
4028	1
4029	1
4030	1
4031	1
4032	1
4033	1
4034	1
4035	1
4036	1
4037	1
4038	1
4039	1
4040	1
4041	1
4042	1
4043	1
4044	1
4045	1
4046	1
4047	1
4048	1
4049	1
4050	1
4051	1
4052	1
4053	1
4054	1
4055	1
4056	1
4057	1
4058	1
4059	1
4060	1
4061	1
4062	1
4063	1
4064	1
4065	1
4066	1
4067	1
4068	1
4069	1
4070	1
4071	1
4072	1
4073	1
4074	1
4075	1
4076	1
4077	1
4078	1
4079	1
4080	1
4081	1
4082	1
4083	1
4084	1
4085	1
4086	1
4087	1
4088	1
4089	1
4090	1
4091	1
4092	1
4093	1
4094	1
4095	1
4096	1
4097	1
4098	1
4099	1
4100	1
4101	1
4102	1
4103	1
4104	1
4105	1
4106	1
4107	1
4108	1
4109	1
4110	1
4111	1
4112	1
4113	1
4114	1
4115	1
4116	1
4117	1
4118	1
4119	1
4120	1
4121	1
4122	1
4123	1
4124	1
4125	1
4126	1
4127	1
4128	1
4129	1
4130	1
4131	1
4132	1
4133	1
4134	1
4135	1
4136	1
4137	1
4138	1
4139	1
4140	1
4141	1
4142	1
4143	1
4144	1
4145	1
4146	1
4147	1
4148	1
4149	1
4150	1
4151	1
4152	1
4153	1
4154	1
4155	1
4156	1
4157	1
4158	1
4159	1
4160	1
4161	1
4162	1
4163	1
4164	1
4165	1
4166	1
4167	1
4168	1
4169	1
4170	1
4171	1
4172	1
4173	1
4174	1
4175	1
4176	1
4177	1
4178	1
4179	1
4180	1
4181	1
4182	1
4183	1
4184	1
4185	1
4186	1
4187	1
4188	1
4189	1
4190	1
4191	1
4192	1
4193	1
4194	1
4195	1
4196	1
4197	1
4198	1
4199	1
4200	1
4201	1
4202	1
4203	1
4204	1
4205	1
4206	1
4207	1
4208	1
4209	1
4210	1
4211	1
4212	1
4213	1
4214	1
4215	2
4216	2
4217	2
4218	2
4219	2
4220	2
4221	2
4222	2
4223	2
4224	2
4225	2
4226	2
4227	2
4228	2
4229	2
4230	2
4231	2
4232	2
4233	2
4234	2
4235	2
4236	2
4237	2
4238	2
4239	2
4240	2
4241	2
4242	2
4243	2
4244	2
4245	2
4246	2
4247	2
4248	2
4249	2
4250	2
4251	2
4252	2
4253	2
4254	2
4255	2
4256	2
4257	2
4258	2
4259	2
4260	2
4261	2
4262	2
4263	2
4264	2
4265	2
4266	2
4267	2
4268	2
4269	2
4270	2
4271	2
4272	2
4273	2
4274	2
4275	2
4276	2
4277	2
4278	2
4279	2
4280	2
4281	2
4282	2
4283	2
4284	2
4285	2
4286	2
4287	2
4288	2
4289	2
4290	2
4291	3
4292	3
4293	3
4294	3
4295	3
4296	3
4297	3
4298	3
4299	3
4300	3
4301	3
4302	3
4303	3
4304	3
4305	3
4306	3
4307	3
4308	3
4309	3
4310	3
4311	3
4312	3
4313	3
4314	3
4315	3
4316	3
4317	3
4318	3
4319	3
4320	3
4321	3
4322	3
4323	3
4324	3
4325	3
4326	3
4327	3
4328	3
4329	3
4330	3
4331	3
4332	3
4333	3
4334	3
4335	3
4336	3
4337	3
4338	3
4339	3
4340	3
4341	3
4342	3
4343	3
4344	3
4345	3
4346	3
4347	3
4348	3
4349	3
4350	3
4351	3
4352	3
4353	3
4354	3
4355	3
4356	3
4357	3
4358	3
4359	3
4360	4
4361	4
4362	4
4363	4
4364	4
4365	4
4366	4
4367	4
4368	4
4369	4
4370	4
4371	4
4372	4
4373	4
4374	4
4375	4
4376	4
4377	4
4378	4
4379	4
4380	4
4381	4
4382	4
4383	4
4384	4
4385	4
4386	4
4387	4
4388	4
4389	4
4390	4
4391	4
4392	4
4393	4
4394	4
4395	4
4396	4
4397	4
4398	4
4399	4
4400	4
4401	4
4402	4
4403	4
4404	4
4405	4
4406	4
4407	4
4408	4
4409	4
4410	4
4411	4
4412	4
4413	4
4414	4
4415	4
4416	4
4417	4
4418	4
4419	4
4420	4
4421	4
4422	4
4423	4
4424	4
4425	4
4426	4
4427	4
4428	4
4429	4
4430	4
4431	4
4432	4
4433	4
4434	4
4435	4
4436	4
4437	4
4438	4
4439	4
4440	4
4441	4
4442	4
4443	4
4444	4
4445	4
4446	4
4447	4
4448	4
4449	4
4450	4
4451	4
4452	4
4453	4
4454	4
4455	4
4456	4
4457	4
4458	4
4459	4
4460	4
4461	4
4462	4
4463	4
4464	4
4465	4
4466	4
4467	4
4468	4
4469	4
4470	4
4471	4
4472	4
4473	4
4474	4
4475	4
4476	4
4477	4
4478	4
4479	4
4480	4
4481	4
4482	4
4483	4
4484	4
4485	4
4486	4
4487	4
4488	4
4489	4
4490	4
4491	4
4492	4
4493	4
4494	4
4495	4
4496	4
4497	4
4498	4
4499	4
4500	4
4501	4
4502	4
4503	4
4504	4
4505	4
4506	4
4507	4
4508	4
4509	4
4510	4
4511	4
4512	4
4513	4
4514	4
4515	4
4516	4
4517	4
4518	4
4519	4
4520	4
4521	4
4522	4
4523	4
4524	4
4525	4
4526	4
4527	4
4528	4
4529	4
4530	4
4531	4
4532	4
4533	4
4534	4
4535	4
4536	4
4537	4
4538	4
4539	4
4540	4
4541	4
4542	4
4543	4
4544	4
4545	4
4546	4
4547	4
4548	4
4549	4
4550	4
4551	4
4552	4
4553	4
4554	4
4555	4
4556	4
4557	4
4558	4
4559	4
4560	4
4561	4
4562	4
4563	4
4564	4
4565	4
4566	4
4567	4
4568	4
4569	4
4570	4
4571	4
4572	4
4573	4
4574	4
4575	4
4576	4
4577	4
4578	4
4579	4
4580	4
4581	4
4582	4
4583	4
4584	4
4585	4
4586	4
4587	4
4588	4
4589	4
4590	4
4591	4
4592	4
4593	4
4594	4
4595	4
4596	4
4597	4
4598	4
4599	4
4600	4
4601	4
4602	4
4603	4
4604	4
4605	4
4606	4
4607	4
4608	4
4609	4
4610	4
4611	4
4612	4
4613	4
4614	4
4615	4
4616	4
4617	4
4618	4
4619	4
4620	4
4621	4
4622	4
4623	4
4624	4
4625	4
4626	4
4627	4
4628	4
4629	4
4630	4
4631	4
4632	4
4633	4
4634	4
4635	4
4636	4
4637	4
4638	4
4639	4
4640	4
4641	4
4642	4
4643	4
4644	4
4645	4
4646	4
4647	4
4648	4
4649	4
4650	4
4651	4
4652	4
4653	4
4654	4
4655	4
4656	4
4657	4
4658	4
4659	4
4660	4
4661	4
4662	4
4663	4
4664	4
4665	4
4666	4
4667	4
4668	4
4669	4
4670	4
4671	4
4672	4
4673	4
4674	4
4675	4
4676	4
4677	4
4678	4
4679	4
4680	4
4681	4
4682	4
4683	4
4684	4
4685	4
4686	4
4687	4
4688	4
4689	4
4690	4
4691	4
4692	4
4693	4
4694	4
4695	4
4696	4
4697	4
4698	4
4699	4
4700	4
4701	4
4702	4
4703	4
4704	4
4705	4
4706	4
4707	4
4708	4
4709	4
4710	4
4711	4
4712	4
4713	4
4714	4
4715	4
4716	4
4717	4
4718	4
4719	4
4720	4
4721	4
4722	4
4723	4
4724	4
4725	4
4726	4
4727	4
4728	4
4729	4
4730	4
4731	4
4732	4
4733	4
4734	4
4735	4
4736	4
4737	4
4738	4
4739	4
4740	4
4741	4
4742	4
4743	4
4744	4
4745	4
4746	4
4747	4
4748	4
4749	4
4750	4
4751	4
4752	4
4753	4
4754	4
4755	4
4756	4
4757	4
4758	4
4759	4
4760	4
4761	4
4762	4
4763	4
4764	4
4765	4
4766	4
4767	4
4768	4
4769	4
4770	4
4771	4
4772	4
4773	4
4774	4
4775	4
4776	4
4777	4
4778	4
4779	4
4780	4
4781	4
4782	4
4783	4
4784	4
4785	4
4786	4
4787	4
4788	4
4789	4
4790	4
4791	4
4792	4
4793	4
4794	4
4795	4
4796	4
4797	4
4798	4
4799	4
4800	4
4801	4
4802	4
4803	4
4804	4
4805	4
4806	4
4807	4
4808	4
4809	4
4810	4
4811	4
4812	4
4813	4
4814	4
4815	4
4816	4
4817	4
4818	4
4819	4
4820	4
4821	4
4822	4
4823	4
4824	4
4825	4
4826	4
4827	4
4828	4
4829	4
4830	4
4831	4
4832	4
4833	4
4834	4
4835	4
4836	4
4837	4
4838	4
4839	4
4840	4
4841	4
4842	4
4843	4
4844	4
4845	4
4846	4
4847	4
4848	4
4849	4
4850	4
4851	4
4852	4
4853	4
4854	4
4855	4
4856	4
4857	4
4858	4
4859	4
4860	4
4861	4
4862	4
4863	4
4864	4
4865	4
4866	4
4867	4
4868	4
4869	4
4870	4
4871	4
4872	4
4873	4
4874	4
4875	4
4876	4
4877	4
4878	4
4879	4
4880	4
4881	4
4882	4
4883	4
4884	4
4885	4
4886	4
4887	4
4888	4
4889	4
4890	4
4891	4
4892	4
4893	4
4894	4
4895	4
4896	4
4897	4
4898	4
4899	4
4900	4
4901	4
4902	4
4903	4
4904	4
4905	4
4906	4
4907	4
4908	4
4909	4
4910	4
4911	4
4912	4
4913	4
4914	4
4915	4
4916	4
4917	4
4918	4
4919	4
4920	4
4921	4
4922	4
4923	4
4924	4
4925	4
4926	4
4927	4
4928	4
4929	4
4930	4
4931	4
4932	4
4933	4
4934	4
4935	4
4936	4
4937	4
4938	4
4939	4
4940	4
4941	4
4942	4
4943	4
4944	4
4945	4
4946	4
4947	4
4948	4
4949	4
4950	4
4951	4
4952	4
4953	4
4954	4
4955	4
4956	4
4957	4
4958	4
4959	4
4960	4
4961	4
4962	4
4963	4
4964	4
4965	4
4966	4
4967	4
4968	4
4969	4
4970	4
4971	4
4972	4
4973	4
4974	4
4975	4
4976	4
4977	4
4978	4
4979	4
4980	4
4981	4
4982	4
4983	4
4984	4
4985	4
4986	4
4987	4
4988	4
4989	4
4990	4
4991	4
4992	4
4993	4
4994	4
4995	4
4996	4
4997	4
4998	4
4999	4
5000	4
5001	4
5002	4
5003	4
5004	4
5005	4
5006	4
5007	4
5008	4
5009	4
5010	4
5011	4
5012	4
5013	4
5014	4
5015	4
5016	4
5017	4
5018	4
5019	4
5020	4
5021	4
5022	4
5023	4
5024	4
5025	4
5026	4
5027	4
5028	4
5029	4
5030	4
5031	4
5032	4
5033	4
5034	4
5035	4
5036	4
5037	4
5038	4
5039	4
5040	4
5041	4
5042	4
5043	4
5044	4
5045	4
5046	4
5047	4
5048	4
5049	4
5050	4
5051	4
5052	4
5053	4
5054	4
5055	4
5056	4
5057	4
5058	4
5059	4
5060	4
5061	4
5062	4
5063	4
5064	4
5065	4
5066	4
5067	4
5068	4
5069	4
5070	4
5071	4
5072	4
5073	4
5074	4
5075	4
5076	4
5077	4
5078	4
5079	4
5080	4
5081	4
5082	4
5083	4
5084	4
5085	4
5086	4
5087	4
5088	4
5089	4
5090	4
5091	4
5092	4
5093	4
5094	4
5095	4
5096	4
5097	4
5098	4
5099	4
5100	4
5101	4
5102	4
5103	4
5104	4
5105	4
5106	4
5107	4
5108	4
5109	4
5110	4
5111	4
5112	4
5113	4
5114	4
5115	4
5116	4
5117	4
5118	4
5119	4
5120	4
5121	4
5122	4
5123	4
5124	4
5125	4
5126	4
5127	4
5128	4
5129	4
5130	4
5131	4
5132	4
5133	4
5134	4
5135	4
5136	4
5137	4
5138	4
5139	4
5140	4
5141	4
5142	4
5143	4
5144	4
5145	4
5146	4
5147	4
5148	4
5149	4
5150	4
5151	4
5152	4
5153	4
5154	4
5155	4
5156	4
5157	4
5158	4
5159	4
5160	4
5161	4
5162	4
5163	4
5164	4
5165	4
5166	4
5167	4
5168	4
5169	4
5170	4
5171	4
5172	4
5173	4
5174	4
5175	4
5176	4
5177	4
5178	4
5179	4
5180	4
5181	4
5182	4
5183	4
5184	4
5185	4
5186	4
5187	4
5188	4
5189	4
5190	4
5191	4
5192	4
5193	4
5194	4
5195	4
5196	4
5197	4
5198	4
5199	4
5200	4
5201	4
5202	4
5203	4
5204	4
5205	4
5206	4
5207	4
5208	4
5209	4
5210	4
5211	4
5212	4
5213	4
5214	4
5215	4
5216	4
5217	4
5218	4
5219	4
5220	4
5221	4
5222	4
5223	4
5224	4
5225	4
5226	4
5227	4
5228	4
5229	4
5230	4
5231	4
5232	4
5233	4
5234	4
5235	4
5236	4
5237	4
5238	4
5239	4
5240	4
5241	4
5242	4
5243	4
5244	4
5245	4
5246	4
5247	4
5248	4
5249	4
5250	4
5251	5
5252	5
5253	5
5254	5
5255	5
5256	5
5257	5
5258	5
5259	5
5260	5
5261	5
5262	5
5263	5
5264	5
5265	5
5266	5
5267	5
5268	5
5269	5
5270	5
5271	5
5272	5
5273	5
5274	5
5275	5
5276	5
5277	5
5278	5
5279	5
5280	5
5281	5
5282	5
5283	5
5284	5
5285	5
5286	5
5287	5
5288	5
5289	5
5290	5
5291	5
5292	5
5293	5
5294	5
5295	5
5296	5
5297	5
5298	5
5299	5
5300	5
5301	5
5302	5
5303	5
5304	5
5305	5
5306	5
5307	5
5308	5
5309	5
5310	5
5311	5
5312	5
5313	5
5314	5
5315	5
5316	5
5317	5
5318	5
5319	5
5320	5
5321	5
5322	5
5323	5
5324	5
5325	5
5326	5
5327	5
5328	5
5329	5
5330	5
5331	5
5332	5
5333	5
5334	5
5335	5
5336	5
5337	5
5338	5
5339	5
5340	5
5341	5
5342	5
5343	5
5344	5
5345	5
5346	5
5347	5
5348	5
5349	5
5350	5
5351	5
5352	5
5353	5
5354	5
5355	5
5356	5
5357	5
5358	5
5359	5
5360	5
5361	5
5362	5
5363	5
5364	5
5365	5
5366	5
5367	5
5368	5
5369	5
5370	5
5371	5
5372	5
5373	5
5374	5
5375	5
5376	5
5377	5
5378	5
5379	5
5380	5
5381	5
5382	5
5383	5
5384	5
5385	5
5386	5
5387	5
5388	5
5389	5
5390	5
5391	5
5392	5
5393	5
5394	5
5395	5
5396	5
5397	5
5398	5
5399	5
5400	5
5401	5
5402	5
5403	5
5404	5
5405	5
5406	5
5407	5
5408	5
5409	5
5410	5
5411	5
5412	5
5413	5
5414	5
5415	5
5416	5
5417	5
5418	5
5419	5
5420	5
5421	5
5422	5
5423	5
5424	5
5425	5
5426	5
5427	5
5428	5
5429	5
5430	5
5431	5
5432	5
5433	5
5434	5
5435	5
5436	5
5437	5
5438	5
5439	5
5440	5
5441	5
5442	5
5443	5
5444	5
5445	5
5446	5
5447	5
5448	5
5449	5
5450	5
5451	5
5452	5
5453	5
5454	5
5455	5
5456	5
5457	5
5458	5
5459	5
5460	5
5461	5
5462	5
5463	5
5464	5
5465	5
5466	5
5467	5
5468	5
5469	5
5470	5
5471	5
5472	5
5473	5
5474	5
5475	5
5476	5
5477	5
5478	5
5479	5
5480	5
5481	5
5482	5
5483	5
5484	5
5485	5
5486	5
5487	5
5488	5
5489	5
5490	5
5491	5
5492	5
5493	5
5494	5
5495	5
5496	5
5497	5
5498	5
5499	5
5500	5
5501	5
5502	5
5503	5
5504	5
5505	5
5506	5
5507	5
5508	5
5509	5
5510	5
5511	5
5512	5
5513	5
5514	5
5515	5
5516	5
5517	5
5518	5
5519	5
5520	5
5521	5
5522	5
5523	5
5524	5
5525	5
5526	5
5527	5
5528	5
5529	5
5530	5
5531	5
5532	5
5533	5
5534	5
5535	5
5536	5
5537	5
5538	5
5539	5
5540	5
5541	5
5542	5
5543	5
5544	5
5545	5
5546	5
5547	5
5548	5
5549	5
5550	5
5551	5
5552	5
5553	5
5554	5
5555	5
5556	5
5557	5
5558	5
5559	5
5560	5
5561	5
5562	5
5563	5
5564	5
5565	5
5566	5
5567	5
5568	5
5569	5
5570	5
5571	5
5572	5
5573	5
5574	5
5575	5
5576	5
5577	5
5578	5
5579	5
5580	5
5581	5
5582	5
5583	5
5584	5
5585	5
5586	5
5587	5
5588	5
5589	5
5590	5
5591	5
5592	5
5593	5
5594	5
5595	5
5596	5
5597	5
5598	5
5599	5
5600	5
5601	5
5602	5
5603	5
5604	5
5605	5
5606	5
5607	5
5608	5
5609	5
5610	5
5611	5
5612	5
5613	5
5614	5
5615	5
5616	5
5617	5
5618	5
5619	5
5620	5
5621	5
5622	5
5623	5
5624	5
5625	5
5626	5
5627	5
5628	5
5629	5
5630	5
5631	5
5632	5
5633	5
5634	5
5635	5
5636	5
5637	5
5638	5
5639	5
5640	5
5641	5
5642	5
5643	5
5644	5
5645	5
5646	5
5647	5
5648	5
5649	5
5650	5
5651	5
5652	5
5653	5
5654	5
5655	5
5656	5
5657	5
5658	5
5659	5
5660	5
5661	5
5662	5
5663	5
5664	5
5665	5
5666	5
5667	5
5668	5
5669	5
5670	5
5671	5
5672	5
5673	5
5674	5
5675	5
5676	5
5677	5
5678	5
5679	5
5680	5
5681	5
5682	5
5683	5
5684	5
5685	5
5686	5
5687	5
5688	5
5689	5
5690	5
5691	5
5692	5
5693	5
5694	5
5695	5
5696	5
5697	5
5698	5
5699	5
5700	5
5701	5
5702	5
5703	5
5704	5
5705	5
5706	5
5707	5
5708	5
5709	5
5710	5
5711	5
5712	5
5713	5
5714	5
5715	5
5716	5
5717	5
5718	5
5719	5
5720	5
5721	5
5722	5
5723	5
5724	5
5725	5
5726	5
5727	5
5728	5
5729	5
5730	5
5731	5
5732	5
5733	5
5734	5
5735	6
5736	6
5737	6
5738	6
5739	6
5740	6
5741	6
5742	6
5743	6
5744	6
5745	6
5746	6
5747	6
5748	6
5749	6
5750	6
5751	6
5752	6
5753	6
5754	6
5755	6
5756	6
5757	6
5758	6
5759	6
5760	6
5761	6
5762	6
5763	6
5764	6
5765	6
5766	6
5767	6
5768	6
5769	6
5770	6
5771	6
5772	6
5773	6
5774	6
5775	6
5776	6
5777	6
5778	6
5779	6
5780	6
5781	6
5782	6
5783	6
5784	6
5785	6
5786	6
5787	6
5788	6
5789	6
5790	6
5791	6
5792	6
5793	6
5794	6
5795	6
5796	6
5797	6
5798	6
5799	6
5800	6
5801	6
5802	6
5803	6
5804	6
5805	6
5806	6
5807	6
5808	6
5809	6
5810	6
5811	6
5812	6
5813	6
5814	6
5815	6
5816	6
5817	6
5818	6
5819	6
5820	6
5821	6
5822	6
5823	6
5824	6
5825	6
5826	6
5827	6
5828	6
5829	6
5830	6
5831	6
5832	6
5833	6
5834	6
5835	6
5836	6
5837	6
5838	6
5839	6
5840	6
5841	6
5842	6
5843	6
5844	6
5845	6
5846	6
5847	6
5848	6
5849	6
5850	6
5851	6
5852	6
5853	6
5854	6
5855	6
5856	6
5857	6
5858	6
5859	6
5860	6
5861	6
5862	6
5863	6
5864	6
5865	6
5866	6
5867	6
5868	6
5869	6
5870	6
5871	6
5872	6
5873	6
5874	6
5875	6
5876	6
5877	6
5878	6
5879	6
5880	6
5881	6
5882	6
5883	6
5884	6
5885	6
5886	6
5887	6
5888	6
5889	6
5890	6
5891	6
5892	6
5893	6
5894	6
5895	6
5896	6
5897	6
5898	6
5899	6
5900	6
5901	6
5902	6
5903	6
5904	6
5905	6
5906	6
5907	6
5908	6
5909	6
5910	6
5911	6
5912	6
5913	6
5914	6
5915	6
5916	6
5917	6
5918	6
5919	6
5920	6
5921	6
5922	6
5923	6
5924	6
5925	6
5926	6
5927	6
5928	6
5929	6
5930	6
5931	6
5932	6
5933	6
5934	6
5935	6
5936	6
5937	6
5938	6
5939	6
5940	6
5941	6
5942	6
5943	6
5944	6
5945	6
5946	6
5947	6
5948	6
5949	6
5950	6
5951	6
5952	6
5953	6
5954	6
5955	6
5956	6
5957	6
5958	6
5959	6
5960	6
5961	6
5962	6
5963	6
5964	6
5965	6
5966	6
5967	6
5968	6
5969	6
5970	6
5971	6
5972	6
5973	6
5974	6
5975	6
5976	6
5977	6
5978	6
5979	6
5980	6
5981	6
5982	6
5983	6
5984	6
5985	6
5986	6
5987	6
5988	6
5989	6
5990	6
5991	6
5992	6
5993	6
5994	6
5995	6
5996	6
5997	6
5998	6
5999	6
6000	6
6001	6
6002	6
6003	6
6004	6
6005	6
6006	6
6007	6
6008	6
6009	6
6010	6
6011	6
6012	6
6013	6
6014	6
6015	6
6016	6
6017	6
6018	6
6019	6
6020	6
6021	6
6022	6
6023	6
6024	6
6025	6
6026	6
6027	6
6028	6
6029	6
6030	6
6031	6
6032	6
6033	6
6034	6
6035	6
6036	6
6037	6
6038	6
6039	6
6040	6
6041	6
6042	6
6043	6
6044	6
6045	6
6046	6
6047	6
6048	6
6049	6
6050	6
6051	6
6052	6
6053	6
6054	6
6055	6
6056	6
6057	6
6058	6
6059	6
6060	6
6061	6
6062	6
6063	6
6064	6
6065	6
6066	6
6067	6
6068	6
6069	6
6070	6
6071	6
6072	6
6073	6
6074	6
6075	6
6076	6
6077	6
6078	6
6079	6
6080	6
6081	6
6082	6
6083	6
6084	6
6085	6
6086	6
6087	6
6088	6
6089	6
6090	6
6091	6
6092	6
6093	6
6094	6
6095	6
6096	6
6097	6
6098	6
6099	6
6100	6
6101	6
6102	6
6103	6
6104	6
6105	6
6106	6
6107	6
6108	6
6109	6
6110	6
6111	6
6112	6
6113	6
6114	6
6115	6
6116	6
6117	6
6118	6
6119	6
6120	6
6121	6
6122	6
6123	6
6124	6
6125	6
6126	6
6127	6
6128	6
6129	6
6130	6
6131	6
6132	6
6133	6
6134	6
6135	6
6136	6
6137	6
6138	6
6139	6
6140	6
6141	6
6142	6
6143	6
6144	6
6145	6
6146	6
6147	6
6148	6
6149	6
6150	6
6151	6
6152	6
6153	6
6154	6
6155	6
6156	6
6157	6
6158	6
6159	6
6160	6
6161	6
6162	6
6163	6
6164	6
6165	6
6166	6
6167	6
6168	6
6169	6
6170	6
6171	6
6172	6
6173	6
6174	6
6175	6
6176	6
6177	6
6178	6
6179	6
6180	6
6181	6
6182	6
6183	6
6184	6
6185	6
6186	6
6187	6
6188	6
6189	6
6190	6
6191	6
6192	6
6193	6
6194	6
6195	6
6196	6
6197	6
6198	6
6199	6
6200	6
6201	6
6202	6
6203	6
6204	6
6205	6
6206	6
6207	6
6208	6
6209	6
6210	6
6211	6
6212	6
6213	6
6214	6
6215	6
6216	6
6217	6
6218	6
6219	6
6220	6
6221	6
6222	6
6223	6
6224	6
6225	6
6226	6
6227	6
6228	6
6229	6
6230	6
6231	6
6232	6
6233	6
6234	6
6235	6
6236	6
6237	6
6238	6
6239	6
6240	6
6241	6
6242	6
6243	6
6244	6
6245	6
6246	6
6247	6
6248	6
6249	6
6250	6
6251	6
6252	6
6253	6
6254	6
6255	6
6256	6
6257	6
6258	6
6259	6
6260	6
6261	6
6262	6
6263	6
6264	6
6265	6
6266	6
6267	6
6268	6
6269	6
6270	6
6271	6
6272	6
6273	6
6274	6
6275	6
6276	6
6277	6
6278	6
6279	6
6280	6
6281	6
6282	6
6283	6
6284	6
6285	6
6286	6
6287	6
6288	6
6289	6
6290	6
6291	6
6292	6
6293	6
6294	6
6295	6
6296	6
6297	6
6298	6
6299	6
6300	6
6301	6
6302	6
6303	6
6304	6
6305	6
6306	6
6307	6
6308	6
6309	6
6310	6
6311	6
6312	6
6313	6
6314	6
6315	6
6316	6
6317	6
6318	6
6319	6
6320	6
6321	6
6322	6
6323	6
6324	6
6325	6
6326	6
6327	6
6328	6
6329	6
6330	6
6331	6
6332	6
6333	6
6334	6
6335	6
6336	6
6337	6
6338	6
6339	6
6340	6
6341	6
6342	6
6343	6
6344	6
6345	6
6346	6
6347	6
6348	6
6349	6
6350	6
6351	6
6352	6
6353	6
6354	6
6355	6
6356	6
6357	6
6358	6
6359	6
6360	6
6361	6
6362	6
6363	6
6364	6
6365	6
6366	6
6367	6
6368	6
6369	6
6370	6
6371	6
6372	6
6373	6
6374	6
6375	6
6376	6
6377	6
6378	6
6379	6
6380	6
6381	6
6382	6
6383	6
6384	6
6385	6
6386	6
6387	6
6388	6
6389	6
6390	6
6391	6
6392	6
6393	6
6394	6
6395	6
6396	6
6397	6
6398	6
6399	6
6400	6
6401	6
6402	6
6403	6
6404	6
6405	6
6406	6
6407	6
6408	6
6409	6
6410	6
6411	6
6412	6
6413	6
6414	6
6415	6
6416	6
6417	6
6418	6
6419	6
6420	6
6421	6
6422	6
6423	6
6424	6
6425	6
6426	6
6427	6
6428	6
6429	6
6430	6
6431	6
6432	6
6433	6
6434	6
6435	6
6436	6
6437	6
6438	6
6439	6
6440	6
6441	6
6442	6
6443	6
6444	6
6445	6
6446	6
6447	6
6448	6
6449	6
6450	6
6451	6
6452	6
6453	6
6454	6
6455	6
6456	6
6457	6
6458	6
6459	6
6460	6
6461	6
6462	6
6463	6
6464	6
6465	6
6466	6
6467	6
6468	6
6469	6
6470	6
6471	6
6472	6
6473	6
6474	6
6475	6
6476	6
6477	6
6478	6
6479	6
6480	6
6481	6
6482	6
6483	6
6484	6
6485	6
6486	6
6487	6
6488	6
6489	6
6490	6
6491	6
6492	6
6493	6
6494	6
6495	6
6496	6
6497	6
6498	6
6499	6
6500	6
6501	6
6502	6
6503	6
6504	6
6505	6
6506	6
6507	6
6508	6
6509	6
6510	6
6511	6
6512	6
6513	6
6514	6
6515	6
6516	6
6517	6
6518	6
6519	6
6520	6
6521	6
6522	6
6523	6
6524	6
6525	6
6526	6
6527	6
6528	6
6529	6
6530	6
6531	6
6532	6
6533	6
6534	6
6535	6
6536	6
6537	6
6538	6
6539	6
6540	6
6541	6
6542	6
6543	6
6544	6
6545	6
6546	6
6547	6
6548	6
6549	6
6550	6
6551	6
6552	6
6553	6
6554	6
6555	6
6556	6
6557	6
6558	6
6559	6
6560	6
6561	6
6562	6
6563	6
6564	6
6565	6
6566	6
6567	6
6568	6
6569	6
6570	6
6571	6
6572	6
6573	6
6574	6
6575	6
6576	6
6577	6
6578	6
6579	6
6580	6
6581	6
6582	6
6583	6
6584	6
6585	6
6586	6
6587	6
6588	6
6589	6
6590	6
6591	6
6592	6
6593	6
6594	6
6595	6
6596	6
6597	6
6598	6
6599	6
6600	6
6601	6
6602	6
6603	6
6604	6
6605	6
6606	6
6607	6
6608	6
6609	6
6610	6
6611	6
6612	6
6613	6
6614	6
6615	6
6616	6
6617	6
6618	6
6619	6
6620	6
6621	6
6622	6
6623	6
6624	6
6625	6
6626	6
6627	6
6628	6
6629	6
6630	6
6631	6
6632	6
6633	6
6634	6
6635	6
6636	6
6637	6
6638	6
6639	6
6640	6
6641	6
6642	6
6643	6
6644	6
6645	6
6646	6
6647	6
6648	6
6649	6
6650	6
6651	6
6652	6
6653	6
6654	6
6655	6
6656	6
6657	6
6658	6
6659	6
6660	6
6661	6
6662	6
6663	6
6664	6
6665	6
6666	6
6667	6
6668	6
6669	6
6670	6
6671	6
6672	6
6673	6
6674	6
6675	6
6676	6
6677	6
6678	6
6679	6
6680	6
6681	6
6682	6
6683	6
6684	6
6685	6
6686	6
6687	6
6688	6
6689	6
6690	6
6691	6
6692	6
6693	6
6694	6
6695	6
6696	6
6697	6
6698	6
6699	6
6700	6
6701	6
6702	6
6703	6
6704	6
6705	6
6706	6
6707	6
6708	6
6709	6
6710	6
6711	6
6712	6
6713	6
6714	6
6715	6
6716	6
6717	6
6718	6
6719	6
6720	6
6721	6
6722	6
6723	6
6724	6
6725	6
6726	6
6727	6
6728	6
6729	6
6730	6
6731	6
6732	6
6733	6
6734	6
6735	6
6736	6
6737	6
6738	6
6739	6
6740	6
6741	6
6742	6
6743	6
6744	6
6745	6
6746	6
6747	6
6748	6
6749	6
6750	6
6751	6
6752	6
6753	6
6754	6
6755	6
6756	6
6757	6
6758	6
6759	6
6760	6
6761	6
6762	6
6763	6
6764	6
6765	6
6766	6
6767	6
6768	6
6769	6
6770	6
6771	6
6772	6
6773	6
6774	6
6775	6
6776	6
6777	6
6778	6
6779	6
6780	6
6781	6
6782	6
6783	6
6784	6
6785	6
6786	6
6787	6
6788	6
6789	6
6790	6
6791	6
6792	6
6793	6
6794	6
6795	6
6796	6
6797	6
6798	6
6799	6
6800	6
6801	6
6802	6
6803	6
6804	6
6805	6
6806	6
6807	6
6808	6
6809	6
6810	6
6811	6
6812	6
6813	6
6814	6
6815	6
6816	6
6817	6
6818	6
6819	6
6820	6
6821	6
6822	6
6823	6
6824	6
6825	6
6826	6
6827	6
6828	6
6829	6
6830	6
6831	6
6832	6
6833	6
6834	6
6835	6
6836	6
6837	6
6838	6
6839	6
6840	6
6841	6
6842	6
6843	6
6844	6
6845	6
6846	6
6847	6
6848	6
6849	6
6850	6
6851	6
6852	6
6853	6
6854	6
6855	6
6856	6
6857	6
6858	6
6859	6
6860	6
6861	6
6862	6
6863	6
6864	6
6865	6
6866	6
6867	6
6868	6
6869	6
6870	6
6871	6
6872	6
6873	6
6874	6
6875	6
6876	6
6877	6
6878	6
6879	6
6880	6
6881	6
6882	6
6883	6
6884	6
6885	6
6886	6
6887	6
6888	6
6889	6
6890	6
6891	6
6892	7
6893	7
6894	7
6895	7
6896	7
6897	7
6898	7
6899	7
6900	7
6901	7
6902	7
6903	7
6904	7
6905	7
6906	7
6907	7
6908	7
6909	7
6910	7
6911	7
6912	7
6913	7
6914	7
6915	7
6916	7
6917	7
6918	7
6919	7
6920	7
6921	7
6922	7
6923	7
6924	7
6925	7
6926	7
6927	7
6928	7
6929	7
6930	7
6931	7
6932	7
6933	7
6934	7
6935	7
6936	7
6937	7
6938	7
6939	7
6940	7
6941	7
6942	7
6943	8
6944	8
6945	8
6946	8
6947	8
6948	8
6949	8
6950	8
6951	8
6952	8
6953	8
6954	8
6955	8
6956	8
6957	8
6958	8
6959	8
6960	8
6961	8
6962	8
6963	8
6964	8
6965	8
6966	8
6967	8
6968	8
6969	8
6970	8
6971	8
6972	8
6973	8
6974	8
6975	8
6976	8
6977	8
6978	8
6979	8
6980	8
6981	8
6982	8
6983	8
6984	8
6985	8
6986	8
6987	8
6988	8
6989	8
6990	8
6991	8
6992	8
6993	8
6994	8
6995	8
6996	8
6997	8
6998	8
6999	8
7000	8
7001	8
7002	8
7003	8
7004	8
7005	8
7006	8
7007	8
7008	8
7009	8
7010	8
7011	8
7012	8
7013	8
7014	8
7015	8
7016	8
7017	8
7018	8
7019	8
7020	8
7021	8
7022	8
7023	8
7024	8
7025	8
7026	8
7027	8
7028	8
7029	8
7030	8
7031	8
7032	8
7033	8
7034	8
7035	8
7036	8
7037	8
7038	8
7039	8
7040	8
7041	8
7042	8
7043	8
7044	8
7045	8
7046	8
7047	8
7048	8
7049	8
7050	8
7051	8
7052	8
7053	8
7054	8
7055	8
7056	8
7057	8
7058	8
7059	8
7060	8
7061	8
7062	8
7063	8
7064	8
7065	8
7066	8
7067	8
7068	8
7069	8
7070	8
7071	8
7072	8
7073	8
7074	8
7075	8
7076	8
7077	8
7078	8
7079	8
7080	8
7081	8
7082	8
7083	8
7084	8
7085	8
7086	8
7087	8
7088	8
7089	8
7090	8
7091	8
7092	8
7093	8
7094	8
7095	8
7096	8
7097	8
7098	8
7099	8
7100	8
7101	8
7102	8
7103	8
7104	8
7105	8
7106	8
7107	8
7108	8
7109	8
7110	8
7111	8
7112	8
7113	8
7114	8
7115	8
7116	8
7117	8
7118	8
7119	8
7120	8
7121	8
7122	8
7123	8
7124	8
7125	8
7126	8
7127	8
7128	8
7129	8
7130	8
7131	8
7132	8
7133	8
7134	8
7135	8
7136	8
7137	8
7138	8
7139	8
7140	8
7141	8
7142	8
7143	8
7144	8
7145	8
7146	8
7147	8
7148	8
7149	8
7150	8
7151	8
7152	8
7153	8
7154	8
7155	8
7156	8
7157	8
7158	8
7159	8
7160	9
7161	9
7162	9
7163	9
7164	9
7165	9
7166	9
7167	9
7168	9
7169	9
7170	9
7171	9
7172	9
7173	9
7174	9
7175	9
7176	9
7177	9
7178	9
7179	9
7180	9
7181	9
7182	9
7183	9
7184	9
7185	9
7186	9
7187	9
7188	9
7189	9
7190	9
7191	9
7192	9
7193	9
7194	9
7195	9
7196	9
7197	9
7198	9
7199	9
7200	9
7201	9
7202	9
7203	9
7204	9
7205	9
7206	9
7207	9
7208	9
7209	9
7210	9
7211	9
7212	9
7213	9
7214	9
7215	9
7216	9
7217	9
7218	9
7219	9
7220	9
7221	9
7222	9
7223	9
7224	9
7225	9
7226	9
7227	9
7228	9
7229	9
7230	9
7231	9
7232	9
7233	9
7234	9
7235	9
7236	9
7237	9
7238	9
7239	9
7240	9
7241	9
7242	9
7243	9
7244	9
7245	9
7246	9
7247	9
7248	9
7249	9
7250	9
7251	9
7252	9
7253	9
7254	9
7255	9
7256	9
7257	9
7258	9
7259	9
7260	9
7261	9
7262	9
7263	9
7264	9
7265	9
7266	9
7267	9
7268	9
7269	9
7270	9
7271	9
7272	9
7273	9
7274	9
7275	9
7276	9
7277	9
7278	9
7279	9
7280	9
7281	9
7282	9
7283	9
7284	9
7285	9
7286	9
7287	9
7288	9
7289	9
7290	9
7291	9
7292	9
7293	9
7294	9
7295	9
7296	9
7297	9
7298	9
7299	9
7300	9
7301	9
7302	9
7303	9
7304	9
7305	9
7306	9
7307	9
7308	9
7309	9
7310	9
7311	9
7312	9
7313	9
7314	9
7315	9
7316	9
7317	9
7318	9
7319	9
7320	9
7321	9
7322	9
7323	9
7324	9
7325	9
7326	9
7327	10
7328	10
7329	10
7330	10
7331	10
7332	10
7333	10
7334	10
7335	10
7336	10
7337	10
7338	10
7339	10
7340	10
7341	10
7342	10
7343	10
7344	10
7345	10
7346	10
7347	10
7348	10
7349	10
7350	10
7351	10
7352	10
7353	10
7354	10
7355	10
7356	10
7357	10
7358	10
7359	10
7360	10
7361	10
7362	10
7363	10
7364	10
7365	10
7366	10
7367	10
7368	10
7369	10
7370	10
7371	10
7372	10
7373	10
7374	10
7375	10
7376	10
7377	10
7378	10
7379	10
7380	10
7381	10
7382	10
7383	10
7384	10
7385	10
7386	10
7387	10
7388	10
7389	10
7390	10
7391	10
7392	10
7393	10
7394	10
7395	10
7396	10
7397	10
7398	10
7399	10
7400	10
7401	10
7402	10
7403	10
7404	10
7405	10
7406	10
7407	10
7408	10
7409	10
7410	10
7411	10
7412	10
7413	10
7414	10
7415	10
7416	10
7417	10
7418	10
7419	10
7420	10
7421	10
7422	10
7423	10
7424	10
7425	10
7426	10
7427	10
7428	10
7429	10
7430	10
7431	10
7432	10
7433	10
7434	10
7435	10
7436	10
7437	10
7438	10
7439	10
7440	10
7441	10
7442	10
7443	10
7444	10
7445	10
7446	10
7447	10
7448	10
7449	10
7450	10
7451	10
7452	11
7453	11
7454	11
7455	11
7456	11
7457	11
7458	11
7459	11
7460	11
7461	11
7462	11
7463	11
7464	11
7465	11
7466	11
7467	11
7468	11
7469	11
7470	11
7471	11
7472	11
7473	11
7474	11
7475	11
7476	11
7477	11
7478	11
7479	11
7480	11
7481	11
7482	11
7483	11
7484	11
7485	11
7486	11
7487	11
7488	11
7489	11
7490	11
7491	11
7492	11
7493	11
7494	11
7495	11
7496	11
7497	11
7498	11
7499	11
7500	11
7501	11
7502	11
7503	11
7504	11
7505	11
7506	11
7507	11
7508	11
7509	11
7510	11
7511	11
7512	11
7513	11
7514	11
7515	11
7516	11
7517	11
7518	11
7519	11
7520	11
7521	11
7522	11
7523	11
7524	11
7525	11
7526	11
7527	11
7528	11
7529	11
7530	11
7531	11
7532	11
7533	11
7534	11
7535	11
7536	11
7537	11
7538	11
7539	11
7540	11
7541	11
7542	11
7543	11
7544	11
7545	11
7546	11
7547	11
7548	11
7549	11
7550	11
7551	11
7552	11
7553	11
7554	11
7555	11
7556	11
7557	11
7558	11
7559	11
7560	11
7561	11
7562	11
7563	11
7564	11
7565	11
7566	11
7567	11
7568	11
7569	11
7570	11
7571	11
7572	11
7573	11
7574	11
7575	11
7576	11
7577	11
7578	11
7579	11
7580	11
7581	11
7582	11
7583	11
7584	11
7585	11
7586	11
7587	11
7588	11
7589	11
7590	11
7591	11
7592	11
7593	11
7594	11
7595	11
7596	11
7597	11
7598	11
7599	11
7600	11
7601	11
7602	11
7603	11
7604	11
7605	11
7606	11
7607	11
7608	11
7609	11
7610	11
7611	11
7612	11
7613	11
7614	11
7615	11
7616	11
7617	11
7618	11
7619	11
7620	11
7621	11
7622	11
7623	11
7624	11
7625	11
7626	11
7627	11
7628	11
7629	11
7630	11
7631	11
7632	11
7633	11
7634	11
7635	11
7636	11
7637	12
7638	12
7639	12
7640	12
7641	12
7642	12
7643	12
7644	12
7645	12
7646	12
7647	12
7648	12
7649	12
7650	12
7651	12
7652	12
7653	12
7654	12
7655	12
7656	12
7657	12
7658	12
7659	12
7660	12
7661	12
7662	12
7663	12
7664	12
7665	12
7666	12
7667	12
7668	12
7669	12
7670	12
7671	12
7672	12
7673	12
7674	12
7675	12
7676	12
7677	12
7678	12
7679	12
7680	12
7681	12
7682	12
7683	12
7684	12
7685	12
7686	12
7687	12
7688	12
7689	12
7690	12
7691	12
7692	12
7693	12
7694	12
7695	12
7696	12
7697	12
7698	12
7699	12
7700	12
7701	12
7702	12
7703	12
7704	12
7705	12
7706	12
7707	12
7708	12
7709	12
7710	12
7711	12
7712	12
7713	12
7714	12
7715	12
7716	12
7717	12
7718	12
7719	12
7720	12
7721	12
7722	12
7723	12
7724	12
7725	12
7726	12
7727	12
7728	12
7729	12
7730	12
7731	12
7732	12
7733	12
7734	12
7735	12
7736	12
7737	12
7738	12
7739	12
7740	12
7741	12
7742	12
7743	12
7744	12
7745	12
7746	12
7747	12
7748	12
7749	12
7750	12
7751	12
7752	12
7753	12
7754	12
7755	12
7756	12
7757	12
7758	12
7759	12
7760	12
7761	12
7762	12
7763	12
7764	12
7765	12
7766	12
7767	12
7768	12
7769	12
7770	12
7771	12
7772	12
7773	12
7774	12
7775	12
7776	12
7777	12
7778	12
7779	12
7780	12
7781	12
7782	12
7783	12
7784	12
7785	12
7786	12
7787	12
7788	12
7789	12
7790	12
7791	12
7792	12
7793	12
7794	12
7795	12
7796	12
7797	12
7798	12
7799	12
7800	12
7801	12
7802	12
7803	12
7804	12
7805	12
7806	12
7807	12
7808	12
7809	12
7810	12
7811	12
7812	12
7813	12
7814	12
7815	12
7816	12
7817	12
7818	12
7819	12
7820	12
7821	12
7822	12
7823	12
7824	12
7825	12
7826	12
7827	12
7828	12
7829	12
7830	12
7831	12
7832	12
7833	12
7834	12
7835	12
7836	12
7837	12
7838	12
7839	12
7840	12
7841	12
7842	12
7843	12
7844	12
7845	12
7846	12
7847	12
7848	12
7849	12
7850	12
7851	12
7852	12
7853	12
7854	12
7855	12
7856	12
7857	12
7858	12
7859	12
7860	12
7861	12
7862	12
7863	12
7864	12
7865	12
7866	12
7867	12
7868	12
7869	12
7870	12
7871	12
7872	12
7873	12
7874	12
7875	12
7876	12
7877	12
7878	12
7879	12
7880	12
7881	12
7882	12
7883	12
7884	12
7885	12
7886	12
7887	12
7888	12
7889	12
7890	12
7891	12
7892	12
7893	12
7894	12
7895	12
7896	12
7897	12
7898	12
7899	12
7900	12
7901	12
7902	12
7903	12
7904	12
7905	12
7906	12
7907	12
7908	12
7909	12
7910	12
7911	12
7912	12
7913	12
7914	12
7915	12
7916	12
7917	12
7918	12
7919	12
7920	12
7921	12
7922	12
7923	12
7924	12
7925	12
7926	12
7927	12
7928	12
7929	12
7930	12
7931	12
7932	12
7933	12
7934	12
7935	12
7936	12
7937	12
7938	12
7939	12
7940	12
7941	12
7942	12
7943	12
7944	12
7945	12
7946	12
7947	12
7948	12
7949	12
7950	12
7951	12
7952	12
7953	12
7954	12
7955	12
7956	12
7957	12
7958	12
7959	12
7960	12
7961	12
7962	12
7963	12
7964	12
7965	12
7966	12
7967	12
7968	12
7969	12
7970	12
7971	12
7972	12
7973	12
7974	12
7975	12
7976	12
7977	12
7978	12
7979	12
7980	12
7981	12
7982	12
7983	12
7984	12
7985	12
7986	12
7987	12
7988	12
7989	12
7990	12
7991	12
7992	12
7993	12
7994	12
7995	12
7996	12
7997	12
7998	12
7999	12
8000	12
8001	12
8002	12
8003	12
8004	12
8005	12
8006	12
8007	12
8008	12
8009	12
8010	12
8011	12
8012	12
8013	12
8014	12
8015	12
8016	12
8017	12
8018	12
8019	12
8020	12
8021	12
8022	12
8023	12
8024	12
8025	12
8026	12
8027	12
8028	12
8029	12
8030	12
8031	12
8032	12
8033	12
8034	12
8035	12
8036	12
8037	12
8038	12
8039	12
8040	12
8041	12
8042	12
8043	13
8044	13
8045	13
8046	13
8047	13
8048	13
8049	13
8050	13
8051	13
8052	13
8053	13
8054	13
8055	13
8056	13
8057	13
8058	13
8059	13
8060	13
8061	13
8062	13
8063	13
8064	13
8065	13
8066	13
8067	13
8068	13
8069	13
8070	13
8071	13
8072	13
8073	13
8074	13
8075	13
8076	13
8077	13
8078	13
8079	13
8080	13
8081	13
8082	13
8083	13
8084	13
8085	13
8086	13
8087	13
8088	13
8089	13
8090	13
8091	13
8092	13
8093	13
8094	13
8095	13
8096	13
8097	13
8098	13
8099	13
8100	13
8101	13
8102	13
8103	13
8104	13
8105	13
8106	13
8107	13
8108	13
8109	13
8110	13
8111	13
8112	13
8113	13
8114	13
8115	13
8116	13
8117	13
8118	13
8119	13
8120	13
8121	13
8122	13
8123	13
8124	13
8125	13
8126	13
8127	13
8128	13
8129	13
8130	13
8131	13
8132	13
8133	13
8134	13
8135	13
8136	13
8137	13
8138	13
8139	13
8140	13
8141	13
8142	13
8143	13
8144	13
8145	13
8146	13
8147	13
8148	13
8149	13
8150	13
8151	13
8152	13
8153	13
8154	13
8155	13
8156	13
8157	13
8158	13
8159	13
8160	13
8161	13
8162	13
8163	13
8164	13
8165	13
8166	13
8167	13
8168	13
8169	13
8170	13
8171	13
8172	13
8173	13
8174	13
8175	13
8176	13
8177	13
8178	13
8179	13
8180	13
8181	13
8182	13
8183	13
8184	13
8185	13
8186	13
8187	13
8188	13
8189	13
8190	13
8191	13
8192	13
8193	13
8194	13
8195	13
8196	13
8197	13
8198	13
8199	13
8200	13
8201	13
8202	13
8203	13
8204	13
8205	13
8206	13
8207	13
8208	13
8209	13
8210	13
8211	13
8212	13
8213	13
8214	13
8215	13
8216	13
8217	13
8218	13
8219	13
8220	13
8221	13
8222	13
8223	13
8224	13
8225	13
8226	13
8227	13
8228	13
8229	13
8230	13
8231	13
8232	13
8233	13
8234	13
8235	13
8236	13
8237	13
8238	13
8239	13
8240	13
8241	13
8242	13
8243	13
8244	13
8245	13
8246	13
8247	13
8248	13
8249	13
8250	13
8251	13
8252	13
8253	13
8254	13
8255	13
8256	13
8257	13
8258	13
8259	13
8260	13
8261	13
8262	13
8263	13
8264	13
8265	13
8266	13
8267	13
8268	13
8269	13
8270	13
8271	13
8272	13
8273	13
8274	13
8275	13
8276	13
8277	13
8278	13
8279	13
8280	13
8281	13
8282	13
8283	13
8284	13
8285	13
8286	13
8287	13
8288	13
8289	13
8290	13
8291	13
8292	13
8293	13
8294	13
8295	13
8296	13
8297	13
8298	13
8299	13
8300	13
8301	13
8302	13
8303	13
8304	13
8305	13
8306	13
8307	13
8308	13
8309	13
8310	13
8311	13
8312	13
8313	13
8314	13
8315	13
8316	13
8317	13
8318	13
8319	13
8320	13
8321	13
8322	13
8323	13
8324	13
8325	13
8326	13
8327	13
8328	13
8329	13
8330	13
8331	13
8332	13
8333	13
8334	13
8335	13
8336	13
8337	13
8338	13
8339	13
8340	13
8341	13
8342	13
8343	13
8344	13
8345	13
8346	13
8347	13
8348	13
8349	13
8350	13
8351	13
8352	13
8353	13
8354	13
8355	13
8356	13
8357	13
8358	13
8359	13
8360	13
8361	13
8362	13
8363	13
8364	13
8365	13
8366	13
8367	13
8368	13
8369	13
8370	13
8371	13
8372	13
8373	13
8374	13
8375	13
8376	13
8377	13
8378	13
8379	13
8380	13
8381	13
8382	13
8383	13
8384	13
8385	13
8386	13
8387	13
8388	13
8389	13
8390	13
8391	13
8392	13
8393	13
8394	13
8395	13
8396	13
8397	13
8398	13
8399	13
8400	13
8401	13
8402	13
8403	13
8404	13
8405	13
8406	13
8407	13
8408	13
8409	13
8410	13
8411	13
8412	13
8413	13
8414	13
8415	13
8416	13
8417	13
8418	13
8419	13
8420	13
8421	13
8422	13
8423	13
8424	13
8425	13
8426	13
8427	13
8428	13
8429	13
8430	13
8431	13
8432	13
8433	13
8434	13
8435	13
8436	13
8437	13
8438	13
8439	13
8440	13
8441	13
8442	13
8443	13
8444	13
8445	13
8446	13
8447	13
8448	13
8449	13
8450	13
8451	13
8452	13
8453	13
8454	13
8455	13
8456	13
8457	13
8458	13
8459	13
8460	13
8461	13
8462	13
8463	13
8464	13
8465	13
8466	13
8467	13
8468	13
8469	13
8470	13
8471	13
8472	13
8473	13
8474	13
8475	13
8476	13
8477	13
8478	13
8479	13
8480	13
8481	13
8482	13
8483	13
8484	13
8485	13
8486	13
8487	13
8488	13
8489	13
8490	13
8491	13
8492	13
8493	13
8494	13
8495	13
8496	13
8497	13
8498	13
8499	13
8500	13
8501	13
8502	13
8503	13
8504	13
8505	13
8506	13
8507	13
8508	13
8509	13
8510	13
8511	13
8512	13
8513	13
8514	13
8515	13
8516	13
8517	13
8518	13
8519	13
8520	13
8521	13
8522	13
8523	13
8524	13
8525	13
8526	13
8527	13
8528	13
8529	13
8530	13
8531	13
8532	13
8533	13
8534	13
8535	13
8536	13
8537	13
8538	13
8539	13
8540	13
8541	13
8542	13
8543	13
8544	13
8545	13
8546	13
8547	13
8548	13
8549	13
8550	13
8551	13
8552	13
8553	13
8554	13
8555	13
8556	13
8557	13
8558	13
8559	13
8560	13
8561	13
8562	13
8563	13
8564	13
8565	13
8566	13
8567	13
8568	13
8569	13
8570	13
8571	13
8572	13
8573	13
8574	13
8575	13
8576	13
8577	13
8578	13
8579	13
8580	13
8581	13
8582	13
8583	13
8584	13
8585	13
8586	13
8587	13
8588	13
8589	13
8590	13
8591	13
8592	13
8593	13
8594	13
8595	13
8596	13
8597	13
8598	13
8599	13
8600	13
8601	13
8602	13
8603	13
8604	13
8605	13
8606	13
8607	13
8608	13
8609	13
8610	13
8611	13
8612	13
8613	13
8614	13
8615	13
8616	13
8617	13
8618	13
8619	13
8620	13
8621	13
8622	13
8623	13
8624	13
8625	13
8626	13
8627	13
8628	13
8629	13
8630	13
8631	13
8632	13
8633	13
8634	13
8635	13
8636	13
8637	13
8638	13
8639	13
8640	13
8641	13
8642	13
8643	13
8644	13
8645	13
8646	13
8647	13
8648	13
8649	13
8650	13
8651	13
8652	13
8653	13
8654	13
8655	13
8656	13
8657	13
8658	13
8659	13
8660	13
8661	13
8662	13
8663	13
8664	13
8665	13
8666	13
8667	13
8668	13
8669	13
8670	13
8671	13
8672	13
8673	13
8674	13
8675	13
8676	13
8677	13
8678	13
8679	13
8680	13
8681	13
8682	13
8683	13
8684	13
8685	13
8686	13
8687	13
8688	13
8689	13
8690	13
8691	13
8692	13
8693	13
8694	13
8695	13
8696	13
8697	13
8698	13
8699	13
8700	13
8701	13
8702	13
8703	13
8704	13
8705	13
8706	13
8707	13
8708	13
8709	13
8710	13
8711	13
8712	13
8713	13
8714	13
8715	13
8716	13
8717	13
8718	13
8719	13
8720	13
8721	13
8722	13
8723	13
8724	13
8725	13
8726	13
8727	13
8728	13
8729	13
8730	13
8731	13
8732	13
8733	13
8734	13
8735	13
8736	13
8737	13
8738	13
8739	13
8740	13
8741	13
8742	13
8743	13
8744	13
8745	13
8746	13
8747	13
8748	13
8749	13
8750	13
8751	13
8752	13
8753	13
8754	13
8755	13
8756	13
8757	13
8758	13
8759	13
8760	13
8761	13
8762	13
8763	13
8764	13
8765	13
8766	13
8767	13
8768	13
8769	13
8770	13
8771	13
8772	13
8773	13
8774	13
8775	13
8776	13
8777	13
8778	13
8779	13
8780	13
8781	13
8782	13
8783	13
8784	13
8785	13
8786	13
8787	13
8788	13
8789	13
8790	13
8791	13
8792	13
8793	13
8794	13
8795	13
8796	13
8797	13
8798	13
8799	13
8800	13
8801	13
8802	13
8803	13
8804	13
8805	13
8806	13
8807	13
8808	13
8809	13
8810	13
8811	13
8812	13
8813	13
8814	13
8815	13
8816	13
8817	13
8818	13
8819	13
8820	13
8821	13
8822	13
8823	13
8824	13
8825	13
8826	13
8827	13
8828	13
8829	13
8830	13
8831	13
8832	13
8833	13
8834	13
8835	13
8836	13
8837	13
8838	13
8839	13
8840	13
8841	13
8842	13
8843	13
8844	13
8845	13
8846	13
8847	13
8848	13
8849	13
8850	13
8851	13
8852	13
8853	13
8854	13
8855	13
8856	13
8857	13
8858	13
8859	13
8860	13
8861	13
8862	13
8863	13
8864	13
8865	13
8866	13
8867	13
8868	13
8869	13
8870	13
8871	13
8872	13
8873	13
8874	13
8875	13
8876	13
8877	13
8878	13
8879	13
8880	13
8881	13
8882	13
8883	13
8884	13
8885	13
8886	13
8887	13
8888	13
8889	13
8890	13
8891	13
8892	13
8893	13
8894	13
8895	13
8896	13
8897	13
8898	13
8899	13
8900	13
8901	13
8902	13
8903	13
8904	13
8905	13
8906	13
8907	13
8908	13
8909	13
8910	13
8911	13
8912	13
8913	13
8914	13
8915	13
8916	13
8917	13
8918	13
8919	13
8920	13
8921	13
8922	13
8923	13
8924	13
8925	13
8926	13
8927	13
8928	13
8929	13
8930	13
8931	13
8932	13
8933	13
8934	13
8935	13
8936	13
8937	13
8938	13
8939	13
8940	13
8941	13
8942	13
8943	13
8944	13
8945	13
8946	13
8947	13
8948	13
8949	13
8950	13
8951	13
8952	13
8953	13
8954	13
8955	13
8956	13
8957	13
8958	13
8959	13
8960	13
8961	13
8962	13
8963	13
8964	13
8965	13
8966	13
8967	13
8968	13
8969	13
8970	13
8971	13
8972	13
8973	13
8974	13
8975	13
8976	13
8977	13
8978	13
8979	13
8980	13
8981	13
8982	13
8983	13
8984	13
8985	13
8986	13
8987	13
8988	13
8989	13
8990	13
8991	13
8992	13
8993	13
8994	13
8995	13
8996	13
8997	13
8998	13
8999	13
9000	13
9001	13
9002	13
9003	13
9004	13
9005	13
9006	13
9007	13
9008	13
9009	13
9010	13
9011	13
9012	13
9013	13
9014	13
9015	13
9016	13
9017	13
9018	13
9019	13
9020	13
9021	13
9022	13
9023	13
9024	13
9025	13
9026	13
9027	13
9028	13
9029	13
9030	13
9031	13
9032	13
9033	13
9034	13
9035	13
9036	13
9037	13
9038	13
9039	13
9040	13
9041	13
9042	13
9043	13
9044	13
9045	13
9046	13
9047	13
9048	13
9049	13
9050	13
9051	13
9052	13
9053	13
9054	13
9055	13
9056	13
9057	13
9058	13
9059	13
9060	13
9061	13
9062	13
9063	13
9064	13
9065	13
9066	13
9067	13
9068	13
9069	13
9070	13
9071	13
9072	13
9073	13
9074	13
9075	14
9076	14
9077	14
9078	14
9079	14
9080	14
9081	14
9082	14
9083	14
9084	14
9085	14
9086	14
9087	14
9088	14
9089	14
9090	14
9091	14
9092	14
9093	14
9094	14
9095	14
9096	14
9097	14
9098	14
9099	14
9100	14
9101	14
9102	14
9103	14
9104	14
9105	14
9106	14
9107	14
9108	14
9109	14
9110	14
9111	14
9112	14
9113	14
9114	14
9115	14
9116	14
9117	14
9118	14
9119	14
9120	14
9121	14
9122	14
9123	14
9124	14
9125	14
9126	14
9127	14
9128	14
9129	14
9130	14
9131	14
9132	14
9133	14
9134	14
9135	14
9136	14
9137	14
9138	14
9139	14
9140	14
9141	14
9142	14
9143	14
9144	14
9145	14
9146	14
9147	14
9148	14
9149	14
9150	14
9151	14
9152	14
9153	14
9154	14
9155	14
9156	14
9157	14
9158	14
9159	14
9160	14
9161	14
9162	14
9163	14
9164	14
9165	14
9166	14
9167	14
9168	14
9169	14
9170	14
9171	14
9172	14
9173	14
9174	14
9175	14
9176	14
9177	14
9178	14
9179	14
9180	14
9181	14
9182	14
9183	14
9184	14
9185	14
9186	14
9187	14
9188	14
9189	14
9190	14
9191	14
9192	14
9193	14
9194	14
9195	14
9196	14
9197	14
9198	14
9199	14
9200	14
9201	14
9202	14
9203	14
9204	14
9205	14
9206	14
9207	14
9208	14
9209	14
9210	14
9211	14
9212	14
9213	14
9214	14
9215	14
9216	14
9217	14
9218	14
9219	14
9220	14
9221	14
9222	14
9223	14
9224	14
9225	14
9226	14
9227	14
9228	14
9229	14
9230	14
9231	14
9232	14
9233	14
9234	14
9235	14
9236	14
9237	14
9238	14
9239	14
9240	14
9241	14
9242	14
9243	14
9244	14
9245	14
9246	14
9247	14
9248	14
9249	14
9250	14
9251	14
9252	14
9253	14
9254	14
9255	14
9256	14
9257	14
9258	14
9259	14
9260	14
9261	14
9262	14
9263	14
9264	14
9265	14
9266	14
9267	14
9268	14
9269	14
9270	14
9271	15
9272	15
9273	15
9274	15
9275	15
9276	15
9277	15
9278	15
9279	15
9280	15
9281	15
9282	15
9283	15
9284	15
9285	15
9286	15
9287	15
9288	15
9289	15
9290	15
9291	15
9292	15
9293	15
9294	15
9295	15
9296	15
9297	15
9298	15
9299	15
9300	15
9301	15
9302	15
9303	15
9304	15
9305	15
9306	15
9307	15
9308	15
9309	15
9310	15
9311	15
9312	15
9313	15
9314	15
9315	15
9316	15
9317	15
9318	15
9319	15
9320	15
9321	15
9322	15
9323	15
9324	15
9325	15
9326	15
9327	15
9328	15
9329	15
9330	15
9331	15
9332	15
9333	15
9334	15
9335	15
9336	15
9337	15
9338	15
9339	15
9340	15
9341	15
9342	15
9343	15
9344	15
9345	15
9346	15
9347	15
9348	15
9349	15
9350	15
9351	15
9352	15
9353	15
9354	15
9355	15
9356	15
9357	15
9358	15
9359	15
9360	15
9361	15
9362	15
9363	15
9364	15
9365	15
9366	15
9367	15
9368	15
9369	15
9370	15
9371	15
9372	15
9373	15
9374	15
9375	15
9376	15
9377	15
9378	15
9379	15
9380	15
9381	15
9382	15
9383	15
9384	15
9385	15
9386	15
9387	15
9388	15
9389	15
9390	15
9391	15
9392	15
9393	15
9394	15
9395	15
9396	15
9397	15
9398	15
9399	15
9400	15
9401	15
9402	15
9403	15
9404	15
9405	15
9406	15
9407	15
9408	15
9409	15
9410	15
9411	15
9412	15
9413	15
9414	15
9415	15
9416	15
9417	15
9418	15
9419	15
9420	15
9421	15
9422	15
9423	15
9424	15
9425	15
9426	15
9427	15
9428	15
9429	15
9430	15
9431	15
9432	15
9433	15
9434	15
9435	15
9436	15
9437	15
9438	15
9439	15
9440	15
9441	15
9442	15
9443	15
9444	15
9445	15
9446	15
9447	15
9448	15
9449	15
9450	15
9451	15
9452	15
9453	15
9454	15
9455	15
9456	15
9457	15
9458	15
9459	15
9460	15
9461	15
9462	15
9463	15
9464	15
9465	15
9466	15
9467	15
9468	15
9469	15
9470	15
9471	15
9472	15
9473	15
9474	15
9475	15
9476	15
9477	15
9478	15
9479	15
9480	15
9481	15
9482	15
9483	15
9484	15
9485	15
9486	15
9487	15
9488	15
9489	15
9490	15
9491	15
9492	15
9493	15
9494	15
9495	15
9496	15
9497	15
9498	15
9499	15
9500	15
9501	15
9502	15
9503	15
9504	15
9505	15
9506	15
9507	15
9508	15
9509	15
9510	15
9511	15
9512	15
9513	15
9514	15
9515	15
9516	15
9517	15
9518	15
9519	15
9520	15
9521	15
9522	15
9523	15
9524	15
9525	15
9526	15
9527	15
9528	15
9529	15
9530	15
9531	15
9532	15
9533	15
9534	15
9535	15
9536	15
9537	15
9538	15
9539	15
9540	15
9541	15
9542	15
9543	15
9544	15
9545	15
9546	15
9547	15
9548	15
9549	15
9550	15
9551	15
9552	15
9553	15
9554	15
9555	15
9556	15
9557	15
9558	15
9559	15
9560	15
9561	15
9562	15
9563	15
9564	15
9565	15
9566	15
9567	15
9568	15
9569	15
9570	15
9571	15
9572	15
9573	15
9574	15
9575	15
9576	15
9577	15
9578	15
9579	15
9580	15
9581	15
9582	15
9583	15
9584	15
9585	15
9586	15
9587	15
9588	15
9589	15
9590	15
9591	15
9592	15
9593	15
9594	15
9595	15
9596	15
9597	15
9598	15
9599	15
9600	15
9601	15
9602	15
9603	15
9604	15
9605	15
9606	15
9607	15
9608	15
9609	15
9610	15
9611	15
9612	15
9613	15
9614	15
9615	15
9616	15
9617	15
9618	15
9619	15
9620	15
9621	15
9622	15
9623	15
9624	15
9625	15
9626	15
9627	15
9628	15
9629	15
9630	15
9631	15
9632	15
9633	15
9634	15
9635	15
9636	15
9637	15
9638	15
9639	15
9640	15
9641	15
9642	15
9643	15
9644	15
9645	15
9646	15
9647	15
9648	15
9649	15
9650	15
9651	15
9652	15
9653	15
9654	15
9655	15
9656	15
9657	15
9658	15
9659	15
9660	15
9661	15
9662	15
9663	15
9664	15
9665	15
9666	15
9667	15
9668	15
9669	15
9670	15
9671	15
9672	15
9673	15
9674	15
9675	15
9676	15
9677	15
9678	15
9679	15
9680	15
9681	15
9682	15
9683	15
9684	15
9685	15
9686	15
9687	15
9688	15
9689	15
9690	15
9691	15
9692	15
9693	15
9694	15
9695	15
9696	15
9697	15
9698	15
9699	15
9700	15
9701	15
9702	15
9703	15
9704	15
9705	15
9706	15
9707	15
9708	15
9709	15
9710	15
9711	15
9712	15
9713	15
9714	15
9715	15
9716	15
9717	15
9718	15
9719	15
9720	15
9721	15
9722	15
9723	15
9724	15
9725	15
9726	15
9727	15
9728	15
9729	15
9730	15
9731	15
9732	15
9733	15
9734	15
9735	15
9736	15
9737	15
9738	15
9739	16
9740	16
9741	16
9742	16
9743	16
9744	16
9745	16
9746	16
9747	16
9748	16
9749	16
9750	16
9751	16
9752	16
9753	16
9754	16
9755	16
9756	16
9757	16
9758	16
9759	16
9760	16
9761	16
9762	16
9763	16
9764	16
9765	16
9766	16
9767	16
9768	16
9769	16
9770	16
9771	16
9772	16
9773	16
9774	16
9775	16
9776	16
9777	16
9778	16
9779	16
9780	16
9781	16
9782	16
9783	16
9784	16
9785	16
9786	16
9787	16
9788	16
9789	16
9790	16
9791	16
9792	16
9793	16
9794	16
9795	16
9796	16
9797	16
9798	16
9799	16
9800	16
9801	16
9802	16
9803	16
9804	16
9805	16
9806	16
9807	16
9808	16
9809	16
9810	16
9811	16
9812	16
9813	16
9814	16
9815	16
9816	16
9817	16
9818	16
9819	16
9820	16
9821	16
9822	16
9823	16
9824	16
9825	16
9826	16
9827	16
9828	16
9829	16
9830	16
9831	16
9832	16
9833	16
9834	16
9835	16
9836	16
9837	16
9838	16
9839	16
9840	16
9841	16
9842	16
9843	16
9844	16
9845	16
9846	16
9847	16
9848	16
9849	16
9850	16
9851	16
9852	16
9853	16
9854	16
9855	16
9856	16
9857	16
9858	16
9859	16
9860	16
9861	16
9862	16
9863	16
9864	16
9865	16
9866	16
9867	16
9868	16
9869	16
9870	16
9871	16
9872	16
9873	16
9874	16
9875	16
9876	16
9877	16
9878	16
9879	16
9880	16
9881	16
9882	16
9883	16
9884	16
9885	16
9886	16
9887	16
9888	16
9889	16
9890	16
9891	16
9892	16
9893	16
9894	16
9895	16
9896	16
9897	16
9898	16
9899	16
9900	16
9901	16
9902	16
9903	16
9904	16
9905	16
9906	16
9907	16
9908	16
9909	16
9910	16
9911	16
9912	16
9913	16
9914	16
9915	16
9916	16
9917	16
9918	16
9919	16
9920	16
9921	16
9922	16
9923	16
9924	16
9925	16
9926	16
9927	16
9928	16
9929	16
9930	16
9931	16
9932	16
9933	16
9934	16
9935	16
9936	16
9937	16
9938	16
9939	16
9940	16
9941	16
9942	16
9943	16
9944	16
9945	16
9946	16
9947	16
9948	16
9949	16
9950	16
9951	16
9952	16
9953	16
9954	16
9955	16
9956	16
9957	16
9958	16
9959	16
9960	16
9961	16
9962	16
9963	16
9964	16
9965	16
9966	16
9967	16
9968	16
9969	16
9970	16
9971	16
9972	16
9973	16
9974	16
9975	16
9976	16
9977	16
9978	16
9979	16
9980	16
9981	16
9982	16
9983	16
9984	16
9985	16
9986	16
9987	16
9988	16
9989	16
9990	16
9991	16
9992	16
9993	16
9994	16
9995	16
9996	16
9997	16
9998	16
9999	16
10000	16
