#Clock	ItemsCollected
1	0
2	0
3	0
4	0
5	0
6	0
7	0
8	0
9	0
10	0
11	0
12	0
13	0
14	0
15	0
16	0
17	0
18	0
19	0
20	0
21	0
22	0
23	0
24	0
25	0
26	0
27	0
28	0
29	0
30	0
31	0
32	0
33	0
34	0
35	0
36	0
37	0
38	0
39	0
40	0
41	0
42	0
43	0
44	0
45	0
46	0
47	0
48	0
49	0
50	0
51	0
52	0
53	0
54	0
55	0
56	0
57	0
58	0
59	0
60	0
61	0
62	0
63	0
64	0
65	0
66	0
67	0
68	0
69	0
70	0
71	0
72	0
73	0
74	0
75	0
76	0
77	0
78	0
79	0
80	0
81	0
82	0
83	0
84	0
85	0
86	0
87	0
88	0
89	0
90	0
91	0
92	0
93	0
94	0
95	0
96	0
97	0
98	0
99	0
100	0
101	0
102	0
103	0
104	0
105	0
106	0
107	0
108	0
109	0
110	0
111	0
112	0
113	0
114	0
115	0
116	0
117	0
118	0
119	0
120	0
121	0
122	0
123	0
124	0
125	0
126	0
127	0
128	0
129	0
130	0
131	0
132	0
133	0
134	0
135	0
136	0
137	0
138	0
139	0
140	0
141	0
142	0
143	0
144	0
145	0
146	0
147	0
148	0
149	0
150	0
151	0
152	0
153	0
154	0
155	0
156	0
157	0
158	0
159	0
160	0
161	0
162	0
163	0
164	0
165	0
166	0
167	0
168	0
169	0
170	0
171	0
172	0
173	0
174	0
175	0
176	0
177	0
178	0
179	0
180	0
181	0
182	0
183	0
184	0
185	0
186	0
187	0
188	0
189	0
190	0
191	0
192	0
193	0
194	0
195	0
196	0
197	0
198	0
199	0
200	0
201	0
202	0
203	0
204	0
205	0
206	0
207	0
208	0
209	0
210	0
211	0
212	0
213	0
214	0
215	0
216	0
217	0
218	0
219	0
220	0
221	0
222	0
223	0
224	0
225	0
226	0
227	0
228	0
229	0
230	0
231	0
232	0
233	0
234	0
235	0
236	0
237	0
238	0
239	0
240	0
241	0
242	0
243	0
244	0
245	0
246	0
247	0
248	0
249	0
250	0
251	0
252	0
253	0
254	0
255	0
256	0
257	0
258	0
259	0
260	0
261	0
262	0
263	0
264	0
265	0
266	0
267	0
268	0
269	0
270	0
271	0
272	0
273	0
274	0
275	0
276	0
277	0
278	0
279	0
280	0
281	0
282	0
283	0
284	0
285	0
286	0
287	0
288	0
289	0
290	0
291	0
292	0
293	0
294	0
295	0
296	0
297	0
298	0
299	0
300	0
301	0
302	0
303	0
304	0
305	0
306	0
307	0
308	0
309	0
310	0
311	0
312	0
313	0
314	0
315	0
316	0
317	0
318	0
319	0
320	0
321	0
322	0
323	0
324	0
325	0
326	0
327	0
328	0
329	0
330	0
331	0
332	0
333	0
334	0
335	0
336	0
337	0
338	0
339	0
340	0
341	0
342	0
343	0
344	0
345	0
346	0
347	0
348	0
349	0
350	0
351	0
352	0
353	0
354	0
355	0
356	0
357	0
358	0
359	0
360	0
361	0
362	0
363	0
364	0
365	0
366	0
367	0
368	0
369	0
370	0
371	0
372	0
373	0
374	0
375	0
376	0
377	0
378	0
379	0
380	0
381	0
382	0
383	0
384	0
385	0
386	0
387	0
388	0
389	0
390	0
391	0
392	0
393	0
394	0
395	0
396	0
397	0
398	0
399	0
400	0
401	0
402	0
403	0
404	0
405	0
406	0
407	0
408	0
409	0
410	0
411	0
412	0
413	0
414	0
415	0
416	0
417	0
418	0
419	0
420	0
421	0
422	0
423	0
424	0
425	0
426	0
427	0
428	0
429	0
430	0
431	0
432	0
433	0
434	0
435	0
436	0
437	0
438	0
439	0
440	0
441	0
442	0
443	0
444	0
445	0
446	0
447	0
448	0
449	0
450	0
451	0
452	0
453	0
454	0
455	0
456	0
457	0
458	0
459	0
460	0
461	0
462	0
463	0
464	0
465	0
466	0
467	0
468	0
469	0
470	0
471	0
472	0
473	0
474	0
475	0
476	0
477	0
478	0
479	0
480	0
481	0
482	0
483	0
484	0
485	0
486	0
487	0
488	0
489	0
490	0
491	0
492	0
493	0
494	0
495	0
496	0
497	0
498	0
499	0
500	0
501	0
502	0
503	0
504	0
505	0
506	0
507	0
508	0
509	0
510	0
511	0
512	0
513	0
514	0
515	0
516	0
517	0
518	0
519	0
520	0
521	0
522	0
523	0
524	0
525	0
526	0
527	0
528	0
529	0
530	0
531	0
532	0
533	0
534	0
535	0
536	0
537	0
538	0
539	0
540	0
541	0
542	0
543	0
544	0
545	0
546	0
547	0
548	0
549	0
550	0
551	0
552	0
553	0
554	0
555	0
556	0
557	0
558	0
559	0
560	0
561	0
562	0
563	0
564	0
565	0
566	0
567	0
568	0
569	0
570	0
571	0
572	0
573	0
574	0
575	0
576	0
577	0
578	0
579	0
580	0
581	0
582	0
583	0
584	0
585	0
586	0
587	0
588	0
589	0
590	0
591	0
592	0
593	0
594	0
595	0
596	0
597	0
598	0
599	0
600	0
601	0
602	0
603	0
604	0
605	0
606	0
607	0
608	0
609	0
610	0
611	0
612	0
613	0
614	0
615	0
616	0
617	0
618	0
619	0
620	0
621	0
622	0
623	0
624	0
625	0
626	0
627	0
628	0
629	0
630	0
631	0
632	0
633	0
634	0
635	0
636	0
637	0
638	0
639	0
640	0
641	0
642	0
643	0
644	0
645	0
646	0
647	0
648	0
649	0
650	0
651	0
652	0
653	0
654	0
655	0
656	0
657	0
658	0
659	0
660	0
661	0
662	0
663	0
664	0
665	0
666	0
667	0
668	0
669	0
670	0
671	0
672	0
673	0
674	0
675	0
676	0
677	0
678	0
679	0
680	0
681	0
682	0
683	0
684	0
685	0
686	0
687	0
688	0
689	0
690	0
691	0
692	0
693	0
694	0
695	0
696	0
697	0
698	0
699	0
700	0
701	0
702	0
703	0
704	0
705	0
706	0
707	0
708	0
709	0
710	0
711	0
712	0
713	0
714	0
715	0
716	0
717	0
718	0
719	0
720	0
721	0
722	0
723	0
724	0
725	0
726	0
727	0
728	0
729	0
730	0
731	0
732	0
733	0
734	0
735	0
736	0
737	0
738	0
739	0
740	0
741	0
742	0
743	0
744	0
745	0
746	0
747	0
748	0
749	0
750	0
751	0
752	0
753	0
754	0
755	0
756	0
757	0
758	0
759	0
760	0
761	0
762	0
763	0
764	0
765	0
766	0
767	0
768	0
769	0
770	0
771	0
772	0
773	0
774	0
775	0
776	0
777	0
778	0
779	0
780	0
781	0
782	0
783	0
784	0
785	0
786	0
787	0
788	0
789	0
790	0
791	0
792	0
793	0
794	0
795	0
796	0
797	0
798	0
799	0
800	0
801	0
802	0
803	0
804	0
805	0
806	0
807	0
808	0
809	0
810	0
811	0
812	0
813	0
814	0
815	0
816	0
817	0
818	0
819	0
820	0
821	0
822	0
823	0
824	0
825	0
826	0
827	0
828	0
829	0
830	0
831	0
832	0
833	0
834	0
835	0
836	0
837	0
838	0
839	0
840	0
841	0
842	0
843	0
844	0
845	0
846	0
847	0
848	0
849	0
850	0
851	0
852	0
853	0
854	0
855	0
856	0
857	0
858	0
859	0
860	0
861	0
862	0
863	0
864	0
865	0
866	0
867	0
868	0
869	0
870	0
871	0
872	0
873	0
874	0
875	0
876	0
877	0
878	0
879	0
880	0
881	0
882	0
883	0
884	0
885	0
886	0
887	0
888	0
889	0
890	0
891	0
892	0
893	0
894	0
895	0
896	0
897	0
898	0
899	0
900	0
901	0
902	0
903	0
904	0
905	0
906	0
907	0
908	0
909	0
910	0
911	0
912	0
913	0
914	0
915	0
916	0
917	0
918	0
919	0
920	0
921	0
922	0
923	0
924	0
925	0
926	0
927	0
928	0
929	0
930	0
931	0
932	0
933	0
934	0
935	0
936	0
937	0
938	0
939	0
940	0
941	0
942	0
943	0
944	0
945	0
946	0
947	0
948	0
949	0
950	0
951	0
952	0
953	0
954	0
955	0
956	0
957	0
958	0
959	0
960	0
961	0
962	0
963	0
964	0
965	0
966	0
967	0
968	0
969	0
970	0
971	0
972	0
973	0
974	0
975	0
976	0
977	0
978	0
979	0
980	0
981	0
982	0
983	0
984	0
985	0
986	0
987	0
988	0
989	0
990	0
991	0
992	0
993	0
994	0
995	0
996	0
997	0
998	0
999	0
1000	0
1001	0
1002	0
1003	0
1004	0
1005	0
1006	0
1007	0
1008	0
1009	0
1010	0
1011	0
1012	0
1013	0
1014	0
1015	0
1016	0
1017	0
1018	0
1019	0
1020	0
1021	0
1022	0
1023	0
1024	0
1025	0
1026	0
1027	0
1028	0
1029	0
1030	0
1031	0
1032	0
1033	0
1034	0
1035	0
1036	0
1037	0
1038	0
1039	0
1040	0
1041	0
1042	0
1043	0
1044	0
1045	0
1046	0
1047	0
1048	0
1049	0
1050	0
1051	0
1052	0
1053	0
1054	0
1055	0
1056	0
1057	0
1058	0
1059	0
1060	0
1061	0
1062	0
1063	0
1064	0
1065	0
1066	0
1067	0
1068	0
1069	0
1070	0
1071	0
1072	0
1073	0
1074	0
1075	0
1076	0
1077	0
1078	0
1079	0
1080	0
1081	0
1082	0
1083	0
1084	0
1085	0
1086	0
1087	0
1088	0
1089	0
1090	0
1091	0
1092	0
1093	0
1094	0
1095	0
1096	0
1097	0
1098	0
1099	0
1100	0
1101	0
1102	0
1103	0
1104	0
1105	0
1106	0
1107	0
1108	0
1109	0
1110	0
1111	0
1112	0
1113	0
1114	0
1115	0
1116	0
1117	0
1118	0
1119	0
1120	0
1121	0
1122	0
1123	0
1124	0
1125	0
1126	0
1127	0
1128	0
1129	0
1130	0
1131	0
1132	0
1133	0
1134	0
1135	0
1136	0
1137	0
1138	0
1139	0
1140	0
1141	0
1142	0
1143	0
1144	0
1145	0
1146	0
1147	0
1148	0
1149	0
1150	0
1151	0
1152	0
1153	0
1154	0
1155	0
1156	0
1157	0
1158	0
1159	0
1160	0
1161	0
1162	0
1163	0
1164	0
1165	0
1166	0
1167	0
1168	0
1169	0
1170	0
1171	0
1172	0
1173	0
1174	0
1175	0
1176	0
1177	0
1178	0
1179	0
1180	0
1181	0
1182	0
1183	0
1184	0
1185	0
1186	0
1187	0
1188	0
1189	0
1190	0
1191	0
1192	0
1193	0
1194	0
1195	0
1196	0
1197	0
1198	0
1199	0
1200	0
1201	0
1202	0
1203	0
1204	0
1205	0
1206	0
1207	0
1208	0
1209	0
1210	0
1211	0
1212	0
1213	0
1214	0
1215	0
1216	0
1217	0
1218	0
1219	0
1220	0
1221	0
1222	0
1223	0
1224	0
1225	0
1226	0
1227	0
1228	0
1229	0
1230	0
1231	0
1232	0
1233	0
1234	0
1235	0
1236	0
1237	0
1238	0
1239	0
1240	0
1241	0
1242	0
1243	0
1244	0
1245	0
1246	0
1247	0
1248	0
1249	0
1250	0
1251	0
1252	0
1253	0
1254	0
1255	0
1256	0
1257	0
1258	0
1259	0
1260	0
1261	0
1262	0
1263	0
1264	0
1265	0
1266	0
1267	0
1268	0
1269	0
1270	0
1271	0
1272	0
1273	0
1274	0
1275	0
1276	0
1277	0
1278	0
1279	0
1280	0
1281	0
1282	0
1283	0
1284	0
1285	0
1286	0
1287	0
1288	0
1289	0
1290	0
1291	0
1292	0
1293	0
1294	0
1295	0
1296	0
1297	0
1298	0
1299	0
1300	0
1301	0
1302	0
1303	0
1304	0
1305	0
1306	0
1307	0
1308	0
1309	0
1310	0
1311	0
1312	0
1313	0
1314	0
1315	0
1316	0
1317	0
1318	0
1319	0
1320	0
1321	0
1322	0
1323	0
1324	0
1325	0
1326	0
1327	0
1328	0
1329	0
1330	0
1331	0
1332	0
1333	0
1334	0
1335	0
1336	0
1337	0
1338	0
1339	0
1340	0
1341	0
1342	0
1343	0
1344	0
1345	0
1346	0
1347	0
1348	0
1349	0
1350	0
1351	0
1352	0
1353	0
1354	0
1355	0
1356	0
1357	0
1358	0
1359	0
1360	0
1361	0
1362	0
1363	0
1364	0
1365	0
1366	0
1367	0
1368	0
1369	0
1370	0
1371	0
1372	0
1373	0
1374	0
1375	0
1376	0
1377	0
1378	0
1379	0
1380	0
1381	0
1382	0
1383	0
1384	0
1385	0
1386	0
1387	0
1388	0
1389	0
1390	0
1391	0
1392	0
1393	0
1394	0
1395	0
1396	0
1397	0
1398	0
1399	0
1400	0
1401	0
1402	0
1403	0
1404	0
1405	0
1406	0
1407	0
1408	0
1409	0
1410	0
1411	0
1412	0
1413	0
1414	0
1415	0
1416	0
1417	0
1418	0
1419	0
1420	0
1421	0
1422	0
1423	0
1424	0
1425	0
1426	0
1427	0
1428	0
1429	0
1430	0
1431	0
1432	0
1433	0
1434	0
1435	0
1436	0
1437	0
1438	0
1439	0
1440	0
1441	0
1442	0
1443	0
1444	0
1445	0
1446	0
1447	0
1448	0
1449	0
1450	0
1451	0
1452	0
1453	0
1454	0
1455	0
1456	0
1457	0
1458	0
1459	0
1460	0
1461	0
1462	0
1463	0
1464	0
1465	0
1466	0
1467	0
1468	0
1469	0
1470	0
1471	0
1472	0
1473	0
1474	0
1475	0
1476	0
1477	0
1478	0
1479	0
1480	0
1481	0
1482	0
1483	0
1484	0
1485	0
1486	0
1487	0
1488	0
1489	0
1490	0
1491	0
1492	0
1493	0
1494	0
1495	0
1496	0
1497	0
1498	0
1499	0
1500	0
1501	0
1502	0
1503	0
1504	0
1505	0
1506	0
1507	0
1508	0
1509	0
1510	0
1511	0
1512	0
1513	0
1514	0
1515	0
1516	0
1517	0
1518	0
1519	0
1520	0
1521	0
1522	0
1523	0
1524	0
1525	0
1526	0
1527	0
1528	0
1529	0
1530	0
1531	0
1532	0
1533	0
1534	0
1535	0
1536	0
1537	0
1538	0
1539	0
1540	0
1541	0
1542	0
1543	0
1544	0
1545	0
1546	0
1547	0
1548	0
1549	0
1550	0
1551	0
1552	0
1553	0
1554	0
1555	0
1556	0
1557	0
1558	0
1559	0
1560	0
1561	0
1562	0
1563	0
1564	0
1565	0
1566	0
1567	0
1568	0
1569	0
1570	0
1571	0
1572	0
1573	0
1574	0
1575	0
1576	0
1577	0
1578	0
1579	0
1580	0
1581	0
1582	0
1583	0
1584	0
1585	0
1586	0
1587	0
1588	0
1589	0
1590	0
1591	0
1592	0
1593	0
1594	0
1595	0
1596	0
1597	0
1598	0
1599	0
1600	0
1601	0
1602	0
1603	0
1604	0
1605	0
1606	0
1607	0
1608	0
1609	0
1610	0
1611	0
1612	0
1613	0
1614	0
1615	0
1616	0
1617	0
1618	0
1619	0
1620	0
1621	0
1622	0
1623	0
1624	0
1625	0
1626	0
1627	0
1628	0
1629	0
1630	0
1631	0
1632	0
1633	0
1634	0
1635	0
1636	0
1637	0
1638	0
1639	0
1640	0
1641	0
1642	0
1643	0
1644	0
1645	0
1646	0
1647	0
1648	0
1649	0
1650	0
1651	0
1652	0
1653	0
1654	0
1655	0
1656	0
1657	0
1658	0
1659	0
1660	0
1661	0
1662	0
1663	0
1664	0
1665	0
1666	0
1667	0
1668	0
1669	0
1670	0
1671	0
1672	0
1673	0
1674	0
1675	0
1676	0
1677	0
1678	0
1679	0
1680	0
1681	0
1682	0
1683	0
1684	0
1685	0
1686	0
1687	0
1688	0
1689	0
1690	0
1691	0
1692	0
1693	0
1694	0
1695	0
1696	0
1697	0
1698	0
1699	0
1700	0
1701	0
1702	0
1703	0
1704	0
1705	0
1706	0
1707	0
1708	0
1709	0
1710	0
1711	0
1712	0
1713	0
1714	0
1715	0
1716	0
1717	0
1718	0
1719	0
1720	0
1721	0
1722	0
1723	0
1724	0
1725	0
1726	0
1727	0
1728	0
1729	0
1730	0
1731	0
1732	0
1733	0
1734	0
1735	0
1736	0
1737	0
1738	0
1739	0
1740	0
1741	0
1742	0
1743	0
1744	0
1745	0
1746	0
1747	0
1748	0
1749	0
1750	0
1751	0
1752	0
1753	0
1754	0
1755	0
1756	0
1757	0
1758	0
1759	0
1760	0
1761	0
1762	0
1763	0
1764	0
1765	0
1766	0
1767	0
1768	0
1769	0
1770	0
1771	0
1772	0
1773	0
1774	0
1775	0
1776	0
1777	0
1778	0
1779	0
1780	0
1781	0
1782	0
1783	0
1784	0
1785	0
1786	0
1787	0
1788	0
1789	0
1790	0
1791	0
1792	0
1793	0
1794	0
1795	0
1796	0
1797	0
1798	0
1799	0
1800	0
1801	0
1802	0
1803	0
1804	0
1805	0
1806	0
1807	0
1808	0
1809	0
1810	0
1811	0
1812	0
1813	0
1814	0
1815	0
1816	0
1817	0
1818	0
1819	0
1820	0
1821	0
1822	0
1823	0
1824	0
1825	0
1826	0
1827	0
1828	0
1829	0
1830	0
1831	0
1832	0
1833	0
1834	0
1835	0
1836	0
1837	0
1838	0
1839	0
1840	0
1841	0
1842	0
1843	0
1844	0
1845	0
1846	0
1847	0
1848	0
1849	0
1850	0
1851	0
1852	0
1853	0
1854	0
1855	0
1856	0
1857	0
1858	0
1859	0
1860	0
1861	0
1862	0
1863	0
1864	0
1865	0
1866	0
1867	0
1868	0
1869	0
1870	0
1871	0
1872	0
1873	0
1874	0
1875	0
1876	0
1877	0
1878	0
1879	0
1880	0
1881	0
1882	0
1883	0
1884	0
1885	0
1886	0
1887	0
1888	0
1889	0
1890	0
1891	0
1892	0
1893	0
1894	0
1895	0
1896	0
1897	0
1898	0
1899	0
1900	0
1901	0
1902	0
1903	0
1904	0
1905	0
1906	0
1907	0
1908	0
1909	0
1910	0
1911	0
1912	0
1913	0
1914	0
1915	0
1916	0
1917	0
1918	0
1919	0
1920	0
1921	0
1922	0
1923	0
1924	0
1925	0
1926	0
1927	0
1928	0
1929	0
1930	0
1931	0
1932	0
1933	0
1934	0
1935	0
1936	0
1937	0
1938	0
1939	0
1940	0
1941	0
1942	0
1943	0
1944	0
1945	0
1946	0
1947	0
1948	0
1949	0
1950	0
1951	0
1952	0
1953	0
1954	0
1955	0
1956	0
1957	0
1958	0
1959	0
1960	0
1961	0
1962	0
1963	0
1964	0
1965	0
1966	0
1967	0
1968	0
1969	0
1970	0
1971	0
1972	0
1973	0
1974	0
1975	0
1976	0
1977	0
1978	0
1979	0
1980	0
1981	0
1982	0
1983	0
1984	0
1985	0
1986	0
1987	0
1988	0
1989	0
1990	0
1991	0
1992	0
1993	0
1994	0
1995	0
1996	0
1997	0
1998	0
1999	0
2000	0
2001	0
2002	0
2003	0
2004	0
2005	0
2006	0
2007	0
2008	0
2009	0
2010	0
2011	0
2012	0
2013	0
2014	0
2015	0
2016	0
2017	0
2018	0
2019	0
2020	0
2021	0
2022	0
2023	0
2024	0
2025	0
2026	0
2027	0
2028	0
2029	0
2030	0
2031	0
2032	0
2033	0
2034	0
2035	0
2036	0
2037	0
2038	0
2039	0
2040	0
2041	0
2042	0
2043	0
2044	0
2045	0
2046	0
2047	0
2048	0
2049	0
2050	0
2051	0
2052	0
2053	0
2054	0
2055	0
2056	0
2057	0
2058	0
2059	0
2060	0
2061	0
2062	0
2063	0
2064	0
2065	0
2066	0
2067	0
2068	0
2069	0
2070	0
2071	0
2072	0
2073	0
2074	0
2075	0
2076	0
2077	0
2078	0
2079	0
2080	0
2081	0
2082	0
2083	0
2084	0
2085	0
2086	0
2087	0
2088	0
2089	0
2090	0
2091	1
2092	1
2093	1
2094	1
2095	1
2096	1
2097	1
2098	1
2099	1
2100	1
2101	1
2102	1
2103	1
2104	1
2105	1
2106	1
2107	1
2108	1
2109	1
2110	1
2111	1
2112	1
2113	1
2114	1
2115	1
2116	1
2117	1
2118	1
2119	1
2120	1
2121	1
2122	1
2123	1
2124	1
2125	1
2126	1
2127	1
2128	1
2129	1
2130	1
2131	1
2132	1
2133	1
2134	1
2135	1
2136	1
2137	1
2138	1
2139	1
2140	1
2141	1
2142	1
2143	1
2144	1
2145	1
2146	1
2147	1
2148	1
2149	1
2150	1
2151	1
2152	1
2153	1
2154	1
2155	1
2156	1
2157	1
2158	1
2159	1
2160	1
2161	1
2162	1
2163	1
2164	1
2165	1
2166	1
2167	1
2168	1
2169	1
2170	1
2171	1
2172	1
2173	1
2174	1
2175	1
2176	1
2177	1
2178	1
2179	1
2180	1
2181	1
2182	1
2183	1
2184	1
2185	1
2186	1
2187	1
2188	1
2189	1
2190	1
2191	1
2192	1
2193	1
2194	1
2195	1
2196	1
2197	1
2198	1
2199	1
2200	1
2201	1
2202	1
2203	1
2204	1
2205	1
2206	1
2207	1
2208	1
2209	1
2210	1
2211	1
2212	1
2213	1
2214	1
2215	1
2216	1
2217	1
2218	1
2219	1
2220	1
2221	1
2222	1
2223	1
2224	1
2225	1
2226	1
2227	1
2228	1
2229	1
2230	1
2231	1
2232	1
2233	1
2234	1
2235	1
2236	1
2237	1
2238	1
2239	1
2240	1
2241	1
2242	1
2243	1
2244	1
2245	1
2246	1
2247	1
2248	1
2249	1
2250	1
2251	1
2252	1
2253	1
2254	1
2255	1
2256	1
2257	1
2258	1
2259	1
2260	1
2261	1
2262	1
2263	1
2264	1
2265	1
2266	1
2267	1
2268	1
2269	1
2270	1
2271	1
2272	1
2273	1
2274	1
2275	1
2276	1
2277	1
2278	1
2279	1
2280	1
2281	1
2282	1
2283	1
2284	1
2285	1
2286	1
2287	1
2288	1
2289	1
2290	1
2291	1
2292	1
2293	1
2294	1
2295	1
2296	1
2297	1
2298	1
2299	1
2300	1
2301	1
2302	1
2303	1
2304	1
2305	1
2306	1
2307	1
2308	1
2309	1
2310	1
2311	1
2312	1
2313	1
2314	1
2315	1
2316	1
2317	1
2318	1
2319	1
2320	1
2321	1
2322	1
2323	1
2324	1
2325	1
2326	1
2327	1
2328	1
2329	1
2330	1
2331	1
2332	1
2333	1
2334	1
2335	1
2336	1
2337	1
2338	1
2339	1
2340	1
2341	1
2342	1
2343	1
2344	1
2345	1
2346	1
2347	1
2348	1
2349	1
2350	1
2351	1
2352	1
2353	1
2354	1
2355	1
2356	1
2357	1
2358	1
2359	1
2360	1
2361	1
2362	1
2363	1
2364	1
2365	1
2366	1
2367	1
2368	1
2369	1
2370	1
2371	1
2372	1
2373	1
2374	1
2375	1
2376	1
2377	1
2378	1
2379	1
2380	1
2381	1
2382	1
2383	1
2384	1
2385	1
2386	1
2387	1
2388	1
2389	1
2390	1
2391	1
2392	1
2393	1
2394	1
2395	1
2396	1
2397	1
2398	1
2399	1
2400	1
2401	1
2402	1
2403	1
2404	1
2405	1
2406	1
2407	1
2408	1
2409	1
2410	1
2411	1
2412	1
2413	1
2414	1
2415	1
2416	1
2417	1
2418	1
2419	1
2420	1
2421	1
2422	1
2423	1
2424	1
2425	1
2426	1
2427	1
2428	1
2429	1
2430	1
2431	1
2432	1
2433	1
2434	1
2435	1
2436	1
2437	1
2438	1
2439	1
2440	1
2441	1
2442	1
2443	1
2444	1
2445	1
2446	1
2447	1
2448	1
2449	1
2450	1
2451	1
2452	1
2453	1
2454	1
2455	1
2456	1
2457	1
2458	1
2459	1
2460	1
2461	1
2462	1
2463	1
2464	1
2465	1
2466	1
2467	1
2468	1
2469	1
2470	1
2471	1
2472	1
2473	1
2474	1
2475	1
2476	1
2477	1
2478	1
2479	1
2480	1
2481	1
2482	1
2483	1
2484	1
2485	1
2486	1
2487	1
2488	1
2489	1
2490	1
2491	1
2492	1
2493	1
2494	1
2495	1
2496	1
2497	1
2498	1
2499	1
2500	1
2501	1
2502	1
2503	1
2504	1
2505	1
2506	1
2507	1
2508	1
2509	1
2510	1
2511	1
2512	1
2513	1
2514	1
2515	1
2516	1
2517	1
2518	1
2519	1
2520	1
2521	1
2522	1
2523	1
2524	1
2525	1
2526	1
2527	1
2528	1
2529	1
2530	1
2531	1
2532	1
2533	1
2534	1
2535	1
2536	1
2537	1
2538	1
2539	1
2540	1
2541	1
2542	1
2543	1
2544	1
2545	1
2546	1
2547	1
2548	1
2549	1
2550	1
2551	1
2552	1
2553	1
2554	1
2555	1
2556	1
2557	1
2558	1
2559	1
2560	1
2561	1
2562	1
2563	1
2564	1
2565	1
2566	1
2567	1
2568	1
2569	1
2570	1
2571	1
2572	1
2573	1
2574	1
2575	1
2576	1
2577	1
2578	1
2579	1
2580	1
2581	1
2582	1
2583	1
2584	1
2585	1
2586	1
2587	1
2588	1
2589	1
2590	1
2591	1
2592	1
2593	1
2594	1
2595	1
2596	1
2597	1
2598	1
2599	1
2600	1
2601	1
2602	1
2603	1
2604	1
2605	1
2606	1
2607	1
2608	1
2609	1
2610	1
2611	1
2612	1
2613	1
2614	1
2615	1
2616	1
2617	1
2618	1
2619	1
2620	1
2621	1
2622	1
2623	1
2624	1
2625	1
2626	1
2627	1
2628	1
2629	1
2630	1
2631	1
2632	1
2633	1
2634	1
2635	1
2636	1
2637	1
2638	1
2639	1
2640	1
2641	1
2642	1
2643	1
2644	1
2645	1
2646	1
2647	1
2648	1
2649	1
2650	1
2651	1
2652	1
2653	1
2654	1
2655	1
2656	1
2657	1
2658	1
2659	1
2660	1
2661	1
2662	1
2663	1
2664	1
2665	1
2666	1
2667	1
2668	1
2669	1
2670	1
2671	1
2672	1
2673	1
2674	1
2675	1
2676	1
2677	1
2678	1
2679	1
2680	1
2681	1
2682	1
2683	1
2684	1
2685	1
2686	1
2687	1
2688	1
2689	1
2690	1
2691	1
2692	1
2693	1
2694	1
2695	1
2696	1
2697	1
2698	1
2699	1
2700	1
2701	1
2702	1
2703	1
2704	1
2705	1
2706	1
2707	1
2708	1
2709	1
2710	1
2711	1
2712	1
2713	1
2714	1
2715	1
2716	1
2717	1
2718	1
2719	1
2720	1
2721	1
2722	1
2723	1
2724	1
2725	1
2726	1
2727	1
2728	1
2729	1
2730	1
2731	1
2732	1
2733	1
2734	1
2735	1
2736	1
2737	1
2738	1
2739	1
2740	1
2741	1
2742	1
2743	1
2744	1
2745	1
2746	1
2747	1
2748	1
2749	1
2750	1
2751	1
2752	1
2753	1
2754	1
2755	1
2756	1
2757	1
2758	1
2759	1
2760	1
2761	1
2762	1
2763	1
2764	1
2765	1
2766	1
2767	1
2768	1
2769	1
2770	1
2771	1
2772	1
2773	1
2774	1
2775	1
2776	1
2777	1
2778	1
2779	1
2780	1
2781	1
2782	1
2783	1
2784	1
2785	1
2786	1
2787	1
2788	1
2789	1
2790	1
2791	1
2792	1
2793	1
2794	1
2795	1
2796	1
2797	1
2798	1
2799	1
2800	1
2801	1
2802	1
2803	1
2804	1
2805	1
2806	1
2807	1
2808	1
2809	1
2810	1
2811	1
2812	1
2813	1
2814	1
2815	1
2816	1
2817	1
2818	1
2819	1
2820	1
2821	1
2822	1
2823	1
2824	1
2825	1
2826	1
2827	1
2828	1
2829	1
2830	1
2831	1
2832	1
2833	1
2834	1
2835	1
2836	1
2837	1
2838	1
2839	1
2840	1
2841	1
2842	1
2843	1
2844	1
2845	1
2846	1
2847	1
2848	1
2849	1
2850	1
2851	1
2852	1
2853	1
2854	1
2855	1
2856	1
2857	1
2858	1
2859	1
2860	1
2861	1
2862	1
2863	1
2864	1
2865	1
2866	1
2867	1
2868	1
2869	1
2870	1
2871	1
2872	1
2873	1
2874	1
2875	1
2876	1
2877	1
2878	1
2879	1
2880	1
2881	1
2882	1
2883	1
2884	1
2885	1
2886	1
2887	1
2888	1
2889	1
2890	1
2891	1
2892	1
2893	1
2894	1
2895	1
2896	1
2897	1
2898	1
2899	1
2900	1
2901	1
2902	1
2903	1
2904	1
2905	1
2906	1
2907	1
2908	1
2909	1
2910	1
2911	1
2912	1
2913	1
2914	1
2915	1
2916	1
2917	1
2918	1
2919	1
2920	1
2921	1
2922	1
2923	1
2924	1
2925	1
2926	1
2927	1
2928	1
2929	1
2930	1
2931	1
2932	1
2933	1
2934	1
2935	1
2936	1
2937	1
2938	1
2939	1
2940	1
2941	1
2942	1
2943	1
2944	1
2945	1
2946	1
2947	1
2948	1
2949	1
2950	1
2951	1
2952	1
2953	1
2954	1
2955	1
2956	1
2957	1
2958	1
2959	1
2960	1
2961	1
2962	1
2963	1
2964	1
2965	1
2966	1
2967	1
2968	1
2969	1
2970	1
2971	1
2972	1
2973	1
2974	1
2975	1
2976	1
2977	1
2978	1
2979	1
2980	1
2981	1
2982	1
2983	1
2984	1
2985	1
2986	1
2987	1
2988	1
2989	1
2990	1
2991	1
2992	1
2993	1
2994	1
2995	1
2996	1
2997	1
2998	1
2999	1
3000	1
3001	1
3002	1
3003	1
3004	1
3005	1
3006	1
3007	1
3008	1
3009	1
3010	1
3011	1
3012	1
3013	1
3014	1
3015	1
3016	1
3017	1
3018	1
3019	1
3020	1
3021	1
3022	1
3023	1
3024	1
3025	1
3026	1
3027	1
3028	1
3029	1
3030	1
3031	1
3032	1
3033	1
3034	1
3035	1
3036	1
3037	1
3038	1
3039	1
3040	1
3041	1
3042	1
3043	1
3044	1
3045	1
3046	1
3047	1
3048	1
3049	1
3050	1
3051	1
3052	1
3053	1
3054	1
3055	1
3056	1
3057	1
3058	1
3059	1
3060	1
3061	1
3062	1
3063	1
3064	1
3065	1
3066	1
3067	1
3068	1
3069	1
3070	1
3071	1
3072	1
3073	1
3074	1
3075	1
3076	1
3077	1
3078	1
3079	1
3080	1
3081	1
3082	1
3083	1
3084	1
3085	1
3086	1
3087	1
3088	1
3089	1
3090	1
3091	1
3092	1
3093	1
3094	1
3095	1
3096	1
3097	1
3098	1
3099	1
3100	1
3101	1
3102	1
3103	1
3104	1
3105	1
3106	1
3107	1
3108	1
3109	1
3110	1
3111	1
3112	1
3113	1
3114	1
3115	1
3116	1
3117	1
3118	1
3119	1
3120	1
3121	1
3122	1
3123	1
3124	1
3125	1
3126	1
3127	1
3128	1
3129	1
3130	1
3131	1
3132	1
3133	1
3134	1
3135	1
3136	1
3137	1
3138	1
3139	1
3140	1
3141	1
3142	1
3143	1
3144	1
3145	1
3146	1
3147	1
3148	1
3149	1
3150	1
3151	1
3152	1
3153	1
3154	1
3155	1
3156	1
3157	1
3158	1
3159	1
3160	1
3161	1
3162	1
3163	1
3164	1
3165	1
3166	1
3167	1
3168	1
3169	1
3170	1
3171	1
3172	1
3173	1
3174	1
3175	1
3176	1
3177	1
3178	1
3179	1
3180	1
3181	1
3182	1
3183	1
3184	1
3185	1
3186	1
3187	1
3188	1
3189	1
3190	1
3191	1
3192	1
3193	1
3194	1
3195	1
3196	1
3197	1
3198	1
3199	1
3200	1
3201	1
3202	1
3203	1
3204	1
3205	1
3206	1
3207	1
3208	1
3209	1
3210	1
3211	1
3212	1
3213	1
3214	1
3215	1
3216	1
3217	1
3218	1
3219	1
3220	1
3221	1
3222	1
3223	1
3224	1
3225	1
3226	1
3227	1
3228	1
3229	1
3230	1
3231	1
3232	1
3233	1
3234	1
3235	1
3236	1
3237	1
3238	1
3239	1
3240	1
3241	1
3242	1
3243	1
3244	1
3245	1
3246	1
3247	1
3248	1
3249	1
3250	1
3251	1
3252	1
3253	1
3254	1
3255	1
3256	1
3257	1
3258	1
3259	1
3260	1
3261	1
3262	1
3263	1
3264	1
3265	1
3266	1
3267	1
3268	1
3269	1
3270	1
3271	1
3272	1
3273	2
3274	2
3275	2
3276	2
3277	2
3278	2
3279	2
3280	2
3281	2
3282	2
3283	2
3284	2
3285	2
3286	2
3287	2
3288	2
3289	2
3290	2
3291	2
3292	2
3293	2
3294	2
3295	2
3296	2
3297	2
3298	2
3299	2
3300	2
3301	2
3302	2
3303	2
3304	2
3305	2
3306	2
3307	2
3308	2
3309	2
3310	2
3311	2
3312	2
3313	2
3314	2
3315	2
3316	2
3317	2
3318	2
3319	2
3320	2
3321	2
3322	2
3323	2
3324	2
3325	2
3326	2
3327	2
3328	2
3329	2
3330	2
3331	2
3332	2
3333	2
3334	2
3335	2
3336	2
3337	2
3338	2
3339	2
3340	2
3341	2
3342	2
3343	2
3344	2
3345	2
3346	2
3347	2
3348	2
3349	2
3350	2
3351	2
3352	2
3353	2
3354	2
3355	2
3356	2
3357	2
3358	2
3359	2
3360	2
3361	2
3362	2
3363	2
3364	2
3365	2
3366	2
3367	2
3368	2
3369	2
3370	2
3371	2
3372	2
3373	2
3374	2
3375	2
3376	2
3377	2
3378	2
3379	2
3380	2
3381	2
3382	2
3383	2
3384	2
3385	2
3386	2
3387	2
3388	2
3389	2
3390	2
3391	2
3392	2
3393	2
3394	2
3395	2
3396	2
3397	2
3398	2
3399	2
3400	2
3401	3
3402	3
3403	3
3404	3
3405	3
3406	3
3407	3
3408	3
3409	3
3410	3
3411	3
3412	3
3413	3
3414	3
3415	3
3416	3
3417	3
3418	3
3419	3
3420	3
3421	3
3422	3
3423	3
3424	3
3425	3
3426	3
3427	3
3428	3
3429	3
3430	3
3431	3
3432	3
3433	3
3434	3
3435	3
3436	3
3437	3
3438	3
3439	3
3440	3
3441	3
3442	3
3443	3
3444	3
3445	3
3446	3
3447	3
3448	3
3449	3
3450	3
3451	3
3452	3
3453	3
3454	3
3455	3
3456	3
3457	3
3458	3
3459	3
3460	3
3461	3
3462	3
3463	3
3464	3
3465	3
3466	3
3467	3
3468	3
3469	3
3470	3
3471	3
3472	3
3473	3
3474	3
3475	3
3476	3
3477	3
3478	3
3479	3
3480	3
3481	3
3482	3
3483	3
3484	3
3485	3
3486	3
3487	3
3488	3
3489	3
3490	3
3491	3
3492	3
3493	3
3494	3
3495	3
3496	3
3497	3
3498	3
3499	3
3500	3
3501	3
3502	3
3503	3
3504	3
3505	3
3506	3
3507	3
3508	3
3509	3
3510	3
3511	3
3512	3
3513	3
3514	3
3515	3
3516	3
3517	3
3518	3
3519	3
3520	3
3521	3
3522	3
3523	3
3524	3
3525	3
3526	3
3527	3
3528	3
3529	3
3530	3
3531	3
3532	3
3533	3
3534	3
3535	3
3536	3
3537	3
3538	3
3539	3
3540	3
3541	3
3542	3
3543	3
3544	3
3545	3
3546	3
3547	3
3548	3
3549	3
3550	3
3551	3
3552	3
3553	3
3554	3
3555	3
3556	3
3557	3
3558	3
3559	3
3560	3
3561	3
3562	3
3563	3
3564	3
3565	3
3566	3
3567	3
3568	3
3569	3
3570	3
3571	3
3572	3
3573	3
3574	3
3575	3
3576	3
3577	3
3578	3
3579	3
3580	3
3581	3
3582	3
3583	3
3584	3
3585	3
3586	3
3587	3
3588	3
3589	3
3590	3
3591	3
3592	3
3593	3
3594	3
3595	3
3596	3
3597	3
3598	3
3599	3
3600	3
3601	3
3602	3
3603	3
3604	3
3605	3
3606	3
3607	3
3608	3
3609	3
3610	3
3611	3
3612	3
3613	3
3614	3
3615	3
3616	3
3617	3
3618	3
3619	3
3620	3
3621	3
3622	3
3623	3
3624	3
3625	3
3626	3
3627	3
3628	3
3629	3
3630	3
3631	3
3632	3
3633	3
3634	3
3635	3
3636	3
3637	3
3638	3
3639	3
3640	3
3641	3
3642	3
3643	3
3644	3
3645	3
3646	3
3647	3
3648	3
3649	3
3650	3
3651	3
3652	3
3653	3
3654	3
3655	3
3656	3
3657	3
3658	3
3659	3
3660	3
3661	3
3662	3
3663	3
3664	3
3665	3
3666	3
3667	3
3668	3
3669	3
3670	3
3671	3
3672	3
3673	3
3674	3
3675	3
3676	3
3677	3
3678	3
3679	3
3680	3
3681	3
3682	3
3683	3
3684	3
3685	3
3686	3
3687	3
3688	3
3689	3
3690	3
3691	3
3692	3
3693	3
3694	3
3695	3
3696	3
3697	3
3698	3
3699	3
3700	3
3701	3
3702	3
3703	3
3704	3
3705	3
3706	3
3707	3
3708	3
3709	3
3710	3
3711	3
3712	3
3713	3
3714	3
3715	3
3716	3
3717	3
3718	3
3719	3
3720	3
3721	3
3722	3
3723	3
3724	3
3725	3
3726	3
3727	3
3728	3
3729	3
3730	3
3731	3
3732	3
3733	3
3734	3
3735	3
3736	3
3737	3
3738	3
3739	3
3740	3
3741	3
3742	3
3743	3
3744	3
3745	3
3746	3
3747	3
3748	3
3749	3
3750	3
3751	3
3752	3
3753	3
3754	3
3755	3
3756	3
3757	3
3758	3
3759	3
3760	3
3761	3
3762	3
3763	3
3764	3
3765	3
3766	3
3767	3
3768	3
3769	3
3770	3
3771	3
3772	3
3773	3
3774	3
3775	3
3776	3
3777	3
3778	3
3779	3
3780	3
3781	3
3782	3
3783	3
3784	3
3785	3
3786	3
3787	3
3788	3
3789	3
3790	3
3791	3
3792	3
3793	3
3794	3
3795	3
3796	3
3797	3
3798	3
3799	3
3800	3
3801	3
3802	3
3803	3
3804	3
3805	3
3806	3
3807	3
3808	3
3809	3
3810	3
3811	3
3812	3
3813	3
3814	3
3815	3
3816	3
3817	3
3818	3
3819	3
3820	3
3821	3
3822	3
3823	3
3824	3
3825	3
3826	3
3827	3
3828	3
3829	3
3830	3
3831	3
3832	3
3833	3
3834	3
3835	3
3836	3
3837	3
3838	3
3839	3
3840	3
3841	3
3842	3
3843	3
3844	3
3845	3
3846	3
3847	3
3848	3
3849	3
3850	3
3851	3
3852	3
3853	3
3854	3
3855	3
3856	3
3857	3
3858	3
3859	3
3860	3
3861	3
3862	3
3863	3
3864	3
3865	3
3866	3
3867	3
3868	3
3869	3
3870	3
3871	3
3872	3
3873	3
3874	3
3875	3
3876	3
3877	3
3878	3
3879	3
3880	3
3881	3
3882	3
3883	3
3884	3
3885	3
3886	3
3887	3
3888	3
3889	3
3890	3
3891	3
3892	3
3893	3
3894	3
3895	3
3896	3
3897	3
3898	3
3899	3
3900	3
3901	3
3902	3
3903	3
3904	3
3905	3
3906	4
3907	4
3908	4
3909	4
3910	4
3911	4
3912	4
3913	4
3914	4
3915	4
3916	4
3917	4
3918	4
3919	4
3920	4
3921	4
3922	4
3923	4
3924	4
3925	4
3926	4
3927	4
3928	4
3929	4
3930	4
3931	4
3932	4
3933	4
3934	4
3935	4
3936	4
3937	4
3938	4
3939	4
3940	4
3941	4
3942	4
3943	4
3944	4
3945	4
3946	4
3947	4
3948	4
3949	4
3950	4
3951	4
3952	4
3953	4
3954	4
3955	4
3956	4
3957	4
3958	4
3959	4
3960	4
3961	4
3962	4
3963	4
3964	4
3965	4
3966	4
3967	4
3968	4
3969	4
3970	4
3971	4
3972	4
3973	4
3974	4
3975	4
3976	4
3977	4
3978	4
3979	4
3980	4
3981	4
3982	4
3983	4
3984	4
3985	4
3986	4
3987	4
3988	4
3989	4
3990	4
3991	4
3992	4
3993	4
3994	4
3995	4
3996	4
3997	4
3998	4
3999	4
4000	4
4001	4
4002	4
4003	4
4004	4
4005	4
4006	4
4007	4
4008	4
4009	4
4010	4
4011	4
4012	4
4013	4
4014	4
4015	4
4016	4
4017	4
4018	4
4019	4
4020	4
4021	4
4022	4
4023	4
4024	4
4025	4
4026	4
4027	4
4028	4
4029	4
4030	4
4031	4
4032	4
4033	4
4034	4
4035	4
4036	4
4037	4
4038	4
4039	4
4040	4
4041	4
4042	4
4043	4
4044	4
4045	4
4046	4
4047	4
4048	4
4049	4
4050	4
4051	4
4052	4
4053	4
4054	4
4055	4
4056	4
4057	4
4058	4
4059	4
4060	4
4061	4
4062	4
4063	4
4064	4
4065	4
4066	4
4067	4
4068	4
4069	4
4070	4
4071	4
4072	4
4073	4
4074	4
4075	4
4076	4
4077	4
4078	4
4079	4
4080	4
4081	4
4082	4
4083	4
4084	4
4085	4
4086	4
4087	4
4088	4
4089	4
4090	4
4091	4
4092	4
4093	4
4094	4
4095	4
4096	4
4097	4
4098	4
4099	4
4100	4
4101	4
4102	4
4103	4
4104	4
4105	4
4106	4
4107	4
4108	4
4109	4
4110	4
4111	4
4112	4
4113	4
4114	4
4115	4
4116	4
4117	4
4118	4
4119	4
4120	4
4121	4
4122	4
4123	4
4124	4
4125	4
4126	4
4127	4
4128	4
4129	4
4130	4
4131	4
4132	4
4133	4
4134	4
4135	4
4136	4
4137	4
4138	4
4139	4
4140	4
4141	4
4142	4
4143	4
4144	4
4145	4
4146	4
4147	4
4148	4
4149	4
4150	4
4151	4
4152	4
4153	4
4154	4
4155	4
4156	4
4157	4
4158	4
4159	4
4160	4
4161	4
4162	4
4163	4
4164	4
4165	4
4166	4
4167	4
4168	4
4169	4
4170	4
4171	4
4172	4
4173	4
4174	4
4175	4
4176	4
4177	4
4178	4
4179	4
4180	4
4181	4
4182	4
4183	4
4184	4
4185	4
4186	4
4187	4
4188	4
4189	4
4190	4
4191	4
4192	4
4193	4
4194	4
4195	4
4196	4
4197	4
4198	4
4199	4
4200	4
4201	4
4202	4
4203	4
4204	4
4205	4
4206	4
4207	4
4208	4
4209	4
4210	4
4211	4
4212	4
4213	4
4214	4
4215	4
4216	4
4217	4
4218	4
4219	4
4220	4
4221	4
4222	4
4223	4
4224	4
4225	4
4226	4
4227	4
4228	4
4229	4
4230	4
4231	4
4232	4
4233	4
4234	4
4235	4
4236	4
4237	4
4238	4
4239	4
4240	4
4241	4
4242	4
4243	4
4244	4
4245	4
4246	4
4247	4
4248	4
4249	4
4250	4
4251	4
4252	4
4253	4
4254	4
4255	4
4256	4
4257	4
4258	4
4259	4
4260	4
4261	4
4262	4
4263	4
4264	4
4265	4
4266	4
4267	4
4268	4
4269	4
4270	4
4271	4
4272	4
4273	4
4274	4
4275	4
4276	4
4277	4
4278	4
4279	4
4280	4
4281	4
4282	4
4283	4
4284	4
4285	4
4286	4
4287	4
4288	4
4289	5
4290	5
4291	5
4292	5
4293	5
4294	5
4295	5
4296	5
4297	5
4298	5
4299	5
4300	5
4301	5
4302	5
4303	5
4304	5
4305	5
4306	5
4307	5
4308	5
4309	5
4310	5
4311	5
4312	5
4313	5
4314	5
4315	5
4316	5
4317	5
4318	5
4319	5
4320	5
4321	5
4322	5
4323	5
4324	5
4325	5
4326	5
4327	5
4328	5
4329	5
4330	5
4331	5
4332	5
4333	5
4334	5
4335	5
4336	5
4337	5
4338	5
4339	5
4340	5
4341	5
4342	5
4343	5
4344	5
4345	5
4346	5
4347	5
4348	5
4349	5
4350	5
4351	5
4352	5
4353	5
4354	5
4355	5
4356	5
4357	5
4358	5
4359	5
4360	5
4361	5
4362	5
4363	5
4364	5
4365	5
4366	5
4367	5
4368	5
4369	5
4370	5
4371	5
4372	5
4373	5
4374	5
4375	5
4376	5
4377	6
4378	6
4379	6
4380	6
4381	6
4382	6
4383	6
4384	6
4385	6
4386	6
4387	6
4388	6
4389	6
4390	6
4391	6
4392	6
4393	6
4394	6
4395	6
4396	6
4397	6
4398	6
4399	6
4400	6
4401	6
4402	6
4403	6
4404	6
4405	6
4406	6
4407	6
4408	6
4409	6
4410	6
4411	6
4412	6
4413	6
4414	6
4415	6
4416	6
4417	6
4418	6
4419	6
4420	6
4421	6
4422	6
4423	6
4424	6
4425	6
4426	6
4427	6
4428	6
4429	6
4430	6
4431	6
4432	6
4433	6
4434	6
4435	6
4436	6
4437	6
4438	6
4439	6
4440	6
4441	6
4442	6
4443	6
4444	6
4445	6
4446	6
4447	6
4448	6
4449	6
4450	6
4451	6
4452	6
4453	6
4454	6
4455	6
4456	6
4457	6
4458	6
4459	6
4460	6
4461	6
4462	6
4463	6
4464	6
4465	6
4466	6
4467	6
4468	6
4469	6
4470	6
4471	6
4472	6
4473	6
4474	6
4475	6
4476	6
4477	6
4478	6
4479	6
4480	6
4481	6
4482	6
4483	6
4484	6
4485	6
4486	6
4487	6
4488	6
4489	6
4490	6
4491	6
4492	6
4493	6
4494	6
4495	6
4496	6
4497	6
4498	6
4499	6
4500	6
4501	6
4502	6
4503	6
4504	6
4505	6
4506	6
4507	6
4508	6
4509	6
4510	6
4511	6
4512	6
4513	6
4514	6
4515	6
4516	6
4517	6
4518	6
4519	6
4520	6
4521	6
4522	6
4523	6
4524	6
4525	6
4526	6
4527	6
4528	6
4529	6
4530	6
4531	6
4532	6
4533	6
4534	6
4535	6
4536	6
4537	6
4538	6
4539	6
4540	6
4541	6
4542	6
4543	6
4544	6
4545	6
4546	6
4547	6
4548	6
4549	6
4550	6
4551	6
4552	6
4553	6
4554	6
4555	6
4556	6
4557	6
4558	6
4559	6
4560	6
4561	6
4562	6
4563	6
4564	6
4565	6
4566	6
4567	6
4568	6
4569	6
4570	6
4571	6
4572	6
4573	6
4574	6
4575	6
4576	6
4577	6
4578	6
4579	6
4580	6
4581	6
4582	6
4583	6
4584	6
4585	6
4586	6
4587	6
4588	6
4589	6
4590	6
4591	6
4592	6
4593	6
4594	6
4595	6
4596	6
4597	6
4598	6
4599	6
4600	6
4601	6
4602	6
4603	6
4604	6
4605	6
4606	6
4607	6
4608	6
4609	6
4610	6
4611	6
4612	6
4613	6
4614	6
4615	6
4616	6
4617	6
4618	6
4619	6
4620	6
4621	6
4622	6
4623	6
4624	6
4625	6
4626	6
4627	6
4628	6
4629	6
4630	6
4631	6
4632	6
4633	6
4634	6
4635	6
4636	6
4637	6
4638	6
4639	6
4640	6
4641	6
4642	6
4643	6
4644	6
4645	6
4646	6
4647	6
4648	6
4649	6
4650	6
4651	6
4652	6
4653	6
4654	6
4655	6
4656	6
4657	6
4658	6
4659	6
4660	6
4661	6
4662	6
4663	6
4664	6
4665	6
4666	6
4667	6
4668	6
4669	6
4670	7
4671	7
4672	7
4673	7
4674	7
4675	7
4676	7
4677	7
4678	7
4679	7
4680	7
4681	7
4682	7
4683	7
4684	7
4685	7
4686	7
4687	7
4688	7
4689	7
4690	7
4691	7
4692	7
4693	7
4694	7
4695	7
4696	7
4697	7
4698	7
4699	7
4700	7
4701	7
4702	7
4703	7
4704	7
4705	7
4706	7
4707	7
4708	7
4709	7
4710	7
4711	7
4712	7
4713	7
4714	7
4715	7
4716	7
4717	7
4718	7
4719	7
4720	7
4721	7
4722	7
4723	7
4724	7
4725	7
4726	7
4727	7
4728	7
4729	7
4730	7
4731	7
4732	7
4733	7
4734	7
4735	7
4736	7
4737	7
4738	7
4739	7
4740	7
4741	7
4742	7
4743	7
4744	7
4745	7
4746	7
4747	7
4748	7
4749	7
4750	7
4751	7
4752	7
4753	7
4754	7
4755	7
4756	7
4757	7
4758	7
4759	7
4760	7
4761	7
4762	7
4763	7
4764	7
4765	7
4766	7
4767	7
4768	7
4769	7
4770	7
4771	7
4772	7
4773	7
4774	7
4775	7
4776	7
4777	7
4778	7
4779	7
4780	7
4781	7
4782	7
4783	7
4784	7
4785	7
4786	7
4787	7
4788	7
4789	7
4790	7
4791	7
4792	7
4793	7
4794	7
4795	7
4796	7
4797	7
4798	7
4799	7
4800	7
4801	7
4802	7
4803	7
4804	7
4805	7
4806	7
4807	7
4808	7
4809	7
4810	7
4811	7
4812	7
4813	7
4814	7
4815	7
4816	7
4817	7
4818	7
4819	7
4820	7
4821	7
4822	7
4823	7
4824	7
4825	7
4826	7
4827	7
4828	7
4829	7
4830	7
4831	7
4832	7
4833	7
4834	7
4835	7
4836	7
4837	7
4838	7
4839	7
4840	7
4841	7
4842	7
4843	7
4844	7
4845	7
4846	7
4847	7
4848	7
4849	7
4850	7
4851	7
4852	7
4853	7
4854	7
4855	7
4856	7
4857	7
4858	7
4859	7
4860	7
4861	7
4862	7
4863	7
4864	7
4865	7
4866	7
4867	7
4868	7
4869	7
4870	7
4871	7
4872	7
4873	7
4874	7
4875	7
4876	7
4877	7
4878	7
4879	7
4880	7
4881	7
4882	7
4883	7
4884	7
4885	7
4886	7
4887	7
4888	7
4889	7
4890	7
4891	7
4892	7
4893	7
4894	7
4895	7
4896	7
4897	7
4898	7
4899	7
4900	7
4901	7
4902	7
4903	7
4904	7
4905	7
4906	7
4907	7
4908	7
4909	7
4910	7
4911	7
4912	7
4913	7
4914	7
4915	7
4916	7
4917	7
4918	7
4919	7
4920	7
4921	7
4922	7
4923	7
4924	7
4925	7
4926	7
4927	7
4928	7
4929	7
4930	7
4931	7
4932	7
4933	7
4934	7
4935	7
4936	7
4937	7
4938	7
4939	7
4940	7
4941	7
4942	7
4943	7
4944	7
4945	7
4946	7
4947	7
4948	7
4949	7
4950	7
4951	7
4952	7
4953	7
4954	7
4955	7
4956	7
4957	7
4958	7
4959	7
4960	7
4961	7
4962	7
4963	7
4964	7
4965	7
4966	7
4967	7
4968	7
4969	7
4970	7
4971	7
4972	7
4973	7
4974	7
4975	7
4976	7
4977	7
4978	7
4979	7
4980	7
4981	7
4982	7
4983	7
4984	7
4985	7
4986	7
4987	7
4988	7
4989	7
4990	7
4991	7
4992	7
4993	7
4994	7
4995	7
4996	7
4997	7
4998	7
4999	7
5000	7
5001	7
5002	7
5003	7
5004	7
5005	7
5006	7
5007	7
5008	7
5009	7
5010	7
5011	7
5012	7
5013	7
5014	7
5015	7
5016	7
5017	7
5018	7
5019	7
5020	7
5021	7
5022	7
5023	7
5024	7
5025	7
5026	7
5027	7
5028	7
5029	7
5030	7
5031	7
5032	7
5033	7
5034	7
5035	7
5036	7
5037	7
5038	7
5039	7
5040	7
5041	7
5042	7
5043	7
5044	7
5045	7
5046	7
5047	7
5048	7
5049	7
5050	7
5051	7
5052	7
5053	7
5054	7
5055	7
5056	7
5057	7
5058	7
5059	7
5060	7
5061	7
5062	7
5063	7
5064	7
5065	7
5066	7
5067	7
5068	7
5069	7
5070	7
5071	7
5072	7
5073	7
5074	7
5075	7
5076	7
5077	7
5078	7
5079	7
5080	7
5081	7
5082	7
5083	7
5084	7
5085	7
5086	7
5087	7
5088	7
5089	7
5090	7
5091	7
5092	7
5093	7
5094	7
5095	7
5096	7
5097	7
5098	7
5099	7
5100	7
5101	7
5102	7
5103	7
5104	7
5105	7
5106	7
5107	7
5108	7
5109	7
5110	7
5111	7
5112	7
5113	7
5114	7
5115	7
5116	7
5117	7
5118	7
5119	7
5120	7
5121	7
5122	7
5123	7
5124	7
5125	7
5126	7
5127	7
5128	7
5129	7
5130	7
5131	7
5132	7
5133	7
5134	7
5135	7
5136	7
5137	7
5138	7
5139	7
5140	7
5141	7
5142	7
5143	7
5144	7
5145	7
5146	7
5147	7
5148	7
5149	7
5150	7
5151	7
5152	7
5153	7
5154	7
5155	7
5156	7
5157	7
5158	7
5159	8
5160	8
5161	8
5162	8
5163	8
5164	8
5165	8
5166	8
5167	8
5168	8
5169	8
5170	8
5171	8
5172	8
5173	8
5174	8
5175	8
5176	8
5177	8
5178	8
5179	8
5180	8
5181	8
5182	8
5183	8
5184	8
5185	8
5186	9
5187	9
5188	9
5189	9
5190	9
5191	9
5192	9
5193	9
5194	9
5195	9
5196	9
5197	9
5198	9
5199	9
5200	9
5201	9
5202	9
5203	9
5204	9
5205	9
5206	9
5207	9
5208	9
5209	9
5210	9
5211	9
5212	9
5213	9
5214	9
5215	9
5216	9
5217	9
5218	9
5219	9
5220	9
5221	9
5222	9
5223	9
5224	9
5225	9
5226	9
5227	9
5228	9
5229	9
5230	9
5231	9
5232	9
5233	9
5234	9
5235	9
5236	9
5237	9
5238	9
5239	9
5240	9
5241	9
5242	9
5243	9
5244	9
5245	9
5246	9
5247	9
5248	9
5249	9
5250	9
5251	9
5252	9
5253	9
5254	9
5255	9
5256	9
5257	9
5258	9
5259	9
5260	9
5261	9
5262	9
5263	9
5264	9
5265	9
5266	9
5267	9
5268	9
5269	9
5270	9
5271	9
5272	9
5273	9
5274	9
5275	9
5276	9
5277	9
5278	9
5279	9
5280	9
5281	9
5282	9
5283	9
5284	9
5285	9
5286	9
5287	9
5288	9
5289	9
5290	9
5291	9
5292	9
5293	9
5294	9
5295	10
5296	10
5297	10
5298	10
5299	10
5300	10
5301	10
5302	10
5303	10
5304	10
5305	10
5306	10
5307	10
5308	10
5309	10
5310	10
5311	10
5312	10
5313	10
5314	10
5315	10
5316	10
5317	10
5318	10
5319	10
5320	10
5321	10
5322	10
5323	10
5324	10
5325	10
5326	10
5327	10
5328	10
5329	10
5330	10
5331	10
5332	10
5333	10
5334	10
5335	10
5336	10
5337	10
5338	10
5339	10
5340	10
5341	10
5342	10
5343	10
5344	10
5345	10
5346	10
5347	10
5348	10
5349	10
5350	10
5351	10
5352	10
5353	10
5354	10
5355	10
5356	10
5357	10
5358	10
5359	10
5360	10
5361	10
5362	10
5363	10
5364	10
5365	10
5366	10
5367	10
5368	10
5369	10
5370	10
5371	10
5372	10
5373	10
5374	10
5375	10
5376	10
5377	10
5378	10
5379	10
5380	10
5381	10
5382	10
5383	10
5384	10
5385	10
5386	10
5387	10
5388	10
5389	10
5390	10
5391	10
5392	10
5393	10
5394	10
5395	10
5396	10
5397	10
5398	10
5399	10
5400	10
5401	10
5402	10
5403	10
5404	10
5405	10
5406	10
5407	10
5408	10
5409	10
5410	10
5411	10
5412	10
5413	10
5414	10
5415	10
5416	10
5417	10
5418	10
5419	10
5420	10
5421	10
5422	10
5423	10
5424	10
5425	10
5426	10
5427	10
5428	10
5429	10
5430	10
5431	10
5432	10
5433	10
5434	10
5435	10
5436	10
5437	10
5438	10
5439	10
5440	10
5441	10
5442	10
5443	10
5444	10
5445	11
5446	11
5447	11
5448	11
5449	11
5450	11
5451	11
5452	11
5453	11
5454	11
5455	11
5456	11
5457	11
5458	11
5459	11
5460	11
5461	11
5462	11
5463	11
5464	11
5465	11
5466	11
5467	11
5468	11
5469	11
5470	11
5471	11
5472	11
5473	11
5474	11
5475	11
5476	11
5477	11
5478	11
5479	11
5480	11
5481	11
5482	11
5483	11
5484	11
5485	11
5486	11
5487	11
5488	11
5489	11
5490	11
5491	11
5492	11
5493	11
5494	11
5495	11
5496	11
5497	11
5498	11
5499	11
5500	11
5501	11
5502	11
5503	11
5504	11
5505	11
5506	11
5507	11
5508	11
5509	11
5510	11
5511	11
5512	11
5513	11
5514	11
5515	11
5516	11
5517	11
5518	11
5519	11
5520	11
5521	11
5522	11
5523	11
5524	11
5525	11
5526	11
5527	11
5528	11
5529	11
5530	11
5531	11
5532	11
5533	11
5534	11
5535	11
5536	11
5537	11
5538	11
5539	11
5540	11
5541	11
5542	11
5543	11
5544	11
5545	11
5546	11
5547	11
5548	11
5549	11
5550	11
5551	11
5552	11
5553	11
5554	11
5555	11
5556	11
5557	11
5558	11
5559	11
5560	11
5561	11
5562	11
5563	11
5564	11
5565	11
5566	11
5567	11
5568	11
5569	11
5570	11
5571	11
5572	11
5573	11
5574	11
5575	11
5576	11
5577	11
5578	11
5579	11
5580	11
5581	11
5582	11
5583	11
5584	11
5585	11
5586	11
5587	11
5588	11
5589	11
5590	11
5591	11
5592	11
5593	11
5594	11
5595	12
5596	12
5597	12
5598	12
5599	12
5600	12
5601	12
5602	12
5603	12
5604	12
5605	12
5606	12
5607	12
5608	12
5609	12
5610	12
5611	12
5612	12
5613	12
5614	12
5615	12
5616	12
5617	12
5618	12
5619	12
5620	12
5621	12
5622	12
5623	12
5624	12
5625	12
5626	12
5627	12
5628	12
5629	12
5630	12
5631	12
5632	12
5633	12
5634	12
5635	12
5636	12
5637	12
5638	12
5639	12
5640	12
5641	12
5642	12
5643	12
5644	12
5645	12
5646	12
5647	12
5648	12
5649	12
5650	12
5651	12
5652	12
5653	12
5654	12
5655	12
5656	12
5657	12
5658	12
5659	12
5660	12
5661	12
5662	12
5663	12
5664	12
5665	12
5666	12
5667	12
5668	12
5669	12
5670	12
5671	12
5672	12
5673	12
5674	12
5675	12
5676	12
5677	12
5678	12
5679	12
5680	12
5681	12
5682	12
5683	12
5684	12
5685	12
5686	12
5687	13
5688	13
5689	13
5690	13
5691	13
5692	13
5693	13
5694	13
5695	13
5696	13
5697	13
5698	13
5699	13
5700	13
5701	13
5702	13
5703	13
5704	13
5705	13
5706	13
5707	13
5708	13
5709	13
5710	13
5711	13
5712	13
5713	13
5714	13
5715	13
5716	13
5717	13
5718	13
5719	13
5720	13
5721	13
5722	13
5723	13
5724	13
5725	13
5726	13
5727	13
5728	13
5729	13
5730	13
5731	13
5732	13
5733	13
5734	13
5735	13
5736	13
5737	13
5738	13
5739	13
5740	13
5741	13
5742	13
5743	13
5744	13
5745	13
5746	13
5747	13
5748	13
5749	13
5750	13
5751	13
5752	13
5753	13
5754	13
5755	13
5756	13
5757	13
5758	13
5759	13
5760	13
5761	13
5762	13
5763	13
5764	13
5765	13
5766	13
5767	13
5768	13
5769	13
5770	13
5771	13
5772	13
5773	13
5774	13
5775	13
5776	13
5777	13
5778	13
5779	13
5780	13
5781	13
5782	13
5783	13
5784	13
5785	13
5786	13
5787	13
5788	13
5789	13
5790	13
5791	13
5792	13
5793	13
5794	13
5795	13
5796	13
5797	13
5798	13
5799	13
5800	13
5801	13
5802	13
5803	13
5804	13
5805	13
5806	13
5807	13
5808	13
5809	13
5810	13
5811	13
5812	13
5813	13
5814	13
5815	13
5816	13
5817	13
5818	13
5819	13
5820	13
5821	13
5822	13
5823	13
5824	13
5825	13
5826	13
5827	13
5828	13
5829	13
5830	13
5831	13
5832	13
5833	13
5834	13
5835	13
5836	13
5837	13
5838	13
5839	13
5840	13
5841	13
5842	13
5843	13
5844	13
5845	13
5846	13
5847	13
5848	13
5849	13
5850	13
5851	13
5852	13
5853	13
5854	13
5855	13
5856	13
5857	13
5858	13
5859	13
5860	13
5861	13
5862	13
5863	13
5864	13
5865	13
5866	13
5867	13
5868	13
5869	13
5870	13
5871	13
5872	13
5873	13
5874	13
5875	13
5876	13
5877	13
5878	13
5879	13
5880	13
5881	13
5882	13
5883	13
5884	13
5885	13
5886	13
5887	13
5888	13
5889	13
5890	13
5891	13
5892	13
5893	13
5894	13
5895	13
5896	13
5897	13
5898	13
5899	13
5900	13
5901	13
5902	13
5903	13
5904	13
5905	13
5906	13
5907	13
5908	13
5909	13
5910	13
5911	13
5912	13
5913	13
5914	13
5915	13
5916	13
5917	13
5918	13
5919	13
5920	13
5921	13
5922	13
5923	13
5924	13
5925	13
5926	13
5927	13
5928	13
5929	13
5930	13
5931	13
5932	13
5933	13
5934	13
5935	13
5936	13
5937	13
5938	13
5939	13
5940	13
5941	13
5942	13
5943	13
5944	13
5945	13
5946	13
5947	13
5948	13
5949	13
5950	13
5951	13
5952	13
5953	13
5954	13
5955	13
5956	13
5957	13
5958	13
5959	13
5960	13
5961	13
5962	13
5963	13
5964	13
5965	13
5966	13
5967	13
5968	13
5969	13
5970	13
5971	13
5972	13
5973	13
5974	13
5975	13
5976	13
5977	13
5978	13
5979	13
5980	13
5981	13
5982	13
5983	13
5984	13
5985	13
5986	13
5987	13
5988	13
5989	13
5990	13
5991	13
5992	13
5993	13
5994	13
5995	13
5996	13
5997	13
5998	13
5999	13
6000	13
6001	13
6002	13
6003	13
6004	13
6005	13
6006	13
6007	13
6008	13
6009	13
6010	13
6011	13
6012	13
6013	13
6014	13
6015	13
6016	13
6017	13
6018	13
6019	13
6020	13
6021	13
6022	13
6023	13
6024	13
6025	13
6026	13
6027	13
6028	13
6029	13
6030	13
6031	13
6032	13
6033	13
6034	13
6035	13
6036	13
6037	13
6038	13
6039	13
6040	13
6041	13
6042	13
6043	13
6044	13
6045	13
6046	13
6047	13
6048	13
6049	13
6050	13
6051	13
6052	13
6053	13
6054	13
6055	13
6056	13
6057	13
6058	13
6059	13
6060	13
6061	13
6062	13
6063	13
6064	13
6065	13
6066	13
6067	13
6068	13
6069	13
6070	13
6071	13
6072	13
6073	13
6074	13
6075	13
6076	13
6077	13
6078	13
6079	13
6080	13
6081	13
6082	13
6083	13
6084	13
6085	13
6086	13
6087	13
6088	13
6089	13
6090	13
6091	13
6092	13
6093	13
6094	13
6095	13
6096	13
6097	13
6098	13
6099	13
6100	13
6101	13
6102	13
6103	13
6104	13
6105	13
6106	13
6107	13
6108	13
6109	13
6110	13
6111	13
6112	13
6113	13
6114	13
6115	13
6116	13
6117	13
6118	13
6119	13
6120	13
6121	13
6122	13
6123	13
6124	13
6125	13
6126	13
6127	13
6128	13
6129	13
6130	13
6131	13
6132	13
6133	13
6134	13
6135	13
6136	13
6137	13
6138	13
6139	13
6140	13
6141	13
6142	13
6143	13
6144	13
6145	13
6146	13
6147	13
6148	13
6149	13
6150	13
6151	13
6152	13
6153	13
6154	13
6155	13
6156	14
6157	14
6158	14
6159	14
6160	14
6161	14
6162	14
6163	14
6164	14
6165	14
6166	14
6167	14
6168	14
6169	14
6170	14
6171	14
6172	14
6173	14
6174	14
6175	14
6176	14
6177	14
6178	14
6179	14
6180	14
6181	14
6182	14
6183	14
6184	14
6185	14
6186	14
6187	14
6188	14
6189	14
6190	14
6191	14
6192	14
6193	14
6194	14
6195	14
6196	14
6197	14
6198	14
6199	14
6200	14
6201	14
6202	14
6203	14
6204	14
6205	14
6206	14
6207	14
6208	14
6209	14
6210	14
6211	14
6212	14
6213	14
6214	14
6215	14
6216	14
6217	14
6218	14
6219	14
6220	14
6221	14
6222	14
6223	14
6224	14
6225	14
6226	14
6227	14
6228	14
6229	14
6230	14
6231	14
6232	14
6233	14
6234	14
6235	14
6236	14
6237	14
6238	14
6239	14
6240	14
6241	14
6242	14
6243	14
6244	14
6245	14
6246	14
6247	14
6248	14
6249	14
6250	14
6251	14
6252	14
6253	14
6254	14
6255	14
6256	14
6257	14
6258	14
6259	14
6260	14
6261	14
6262	14
6263	14
6264	14
6265	14
6266	14
6267	14
6268	14
6269	14
6270	14
6271	14
6272	14
6273	14
6274	14
6275	14
6276	14
6277	14
6278	14
6279	14
6280	14
6281	14
6282	14
6283	14
6284	14
6285	14
6286	14
6287	14
6288	14
6289	14
6290	14
6291	14
6292	14
6293	14
6294	14
6295	14
6296	14
6297	14
6298	14
6299	14
6300	14
6301	14
6302	14
6303	14
6304	14
6305	14
6306	14
6307	14
6308	14
6309	14
6310	14
6311	14
6312	14
6313	14
6314	14
6315	14
6316	14
6317	14
6318	14
6319	14
6320	14
6321	14
6322	14
6323	14
6324	14
6325	14
6326	14
6327	14
6328	14
6329	14
6330	14
6331	14
6332	14
6333	14
6334	14
6335	14
6336	14
6337	14
6338	14
6339	14
6340	14
6341	14
6342	14
6343	14
6344	14
6345	14
6346	14
6347	14
6348	14
6349	14
6350	14
6351	14
6352	14
6353	14
6354	14
6355	14
6356	14
6357	14
6358	14
6359	14
6360	14
6361	14
6362	14
6363	14
6364	14
6365	14
6366	14
6367	14
6368	14
6369	14
6370	14
6371	14
6372	14
6373	14
6374	14
6375	14
6376	14
6377	14
6378	14
6379	14
6380	14
6381	14
6382	14
6383	14
6384	14
6385	14
6386	14
6387	14
6388	14
6389	14
6390	14
6391	14
6392	14
6393	14
6394	14
6395	14
6396	14
6397	14
6398	14
6399	14
6400	14
6401	14
6402	14
6403	14
6404	14
6405	14
6406	14
6407	14
6408	14
6409	14
6410	14
6411	14
6412	14
6413	14
6414	14
6415	14
6416	14
6417	14
6418	14
6419	14
6420	14
6421	14
6422	14
6423	14
6424	14
6425	14
6426	14
6427	14
6428	14
6429	14
6430	14
6431	14
6432	14
6433	14
6434	14
6435	14
6436	14
6437	14
6438	14
6439	14
6440	14
6441	14
6442	14
6443	14
6444	14
6445	14
6446	14
6447	14
6448	14
6449	14
6450	14
6451	14
6452	14
6453	14
6454	14
6455	14
6456	14
6457	14
6458	14
6459	14
6460	14
6461	14
6462	14
6463	14
6464	14
6465	14
6466	14
6467	14
6468	14
6469	14
6470	14
6471	14
6472	14
6473	14
6474	14
6475	14
6476	14
6477	14
6478	14
6479	14
6480	14
6481	14
6482	14
6483	14
6484	14
6485	14
6486	14
6487	14
6488	14
6489	14
6490	14
6491	14
6492	14
6493	14
6494	14
6495	14
6496	14
6497	14
6498	14
6499	14
6500	14
6501	14
6502	14
6503	14
6504	14
6505	14
6506	14
6507	14
6508	14
6509	14
6510	14
6511	14
6512	14
6513	14
6514	14
6515	14
6516	14
6517	14
6518	14
6519	14
6520	14
6521	14
6522	14
6523	14
6524	14
6525	14
6526	14
6527	14
6528	14
6529	14
6530	14
6531	14
6532	14
6533	14
6534	14
6535	14
6536	14
6537	14
6538	14
6539	14
6540	14
6541	14
6542	14
6543	14
6544	14
6545	14
6546	14
6547	14
6548	14
6549	14
6550	14
6551	14
6552	14
6553	14
6554	14
6555	14
6556	14
6557	14
6558	14
6559	14
6560	14
6561	14
6562	14
6563	14
6564	14
6565	14
6566	14
6567	14
6568	14
6569	14
6570	14
6571	14
6572	14
6573	14
6574	14
6575	14
6576	14
6577	14
6578	14
6579	14
6580	14
6581	14
6582	14
6583	14
6584	14
6585	14
6586	14
6587	14
6588	14
6589	14
6590	14
6591	14
6592	14
6593	14
6594	14
6595	14
6596	14
6597	14
6598	14
6599	14
6600	14
6601	14
6602	14
6603	14
6604	14
6605	14
6606	14
6607	14
6608	14
6609	14
6610	14
6611	14
6612	14
6613	14
6614	14
6615	14
6616	14
6617	14
6618	14
6619	14
6620	14
6621	14
6622	14
6623	14
6624	14
6625	14
6626	14
6627	14
6628	14
6629	14
6630	14
6631	14
6632	14
6633	14
6634	14
6635	14
6636	14
6637	14
6638	14
6639	14
6640	14
6641	14
6642	14
6643	14
6644	14
6645	14
6646	14
6647	14
6648	14
6649	14
6650	14
6651	14
6652	14
6653	14
6654	14
6655	14
6656	14
6657	14
6658	14
6659	14
6660	14
6661	14
6662	14
6663	14
6664	14
6665	14
6666	14
6667	14
6668	14
6669	14
6670	14
6671	14
6672	14
6673	14
6674	14
6675	14
6676	14
6677	14
6678	14
6679	14
6680	14
6681	14
6682	14
6683	14
6684	14
6685	14
6686	14
6687	14
6688	14
6689	14
6690	14
6691	14
6692	14
6693	14
6694	14
6695	14
6696	14
6697	14
6698	14
6699	14
6700	14
6701	14
6702	14
6703	14
6704	14
6705	14
6706	14
6707	14
6708	14
6709	14
6710	14
6711	14
6712	14
6713	14
6714	14
6715	14
6716	14
6717	14
6718	14
6719	14
6720	14
6721	14
6722	14
6723	14
6724	14
6725	14
6726	14
6727	14
6728	14
6729	14
6730	14
6731	14
6732	14
6733	14
6734	14
6735	14
6736	14
6737	14
6738	14
6739	14
6740	14
6741	14
6742	14
6743	14
6744	14
6745	14
6746	14
6747	14
6748	14
6749	14
6750	14
6751	14
6752	14
6753	14
6754	14
6755	14
6756	14
6757	14
6758	14
6759	14
6760	14
6761	14
6762	14
6763	14
6764	14
6765	14
6766	14
6767	14
6768	14
6769	14
6770	14
6771	14
6772	14
6773	14
6774	14
6775	14
6776	14
6777	14
6778	14
6779	14
6780	14
6781	14
6782	14
6783	14
6784	14
6785	14
6786	14
6787	14
6788	14
6789	14
6790	14
6791	14
6792	14
6793	14
6794	14
6795	14
6796	14
6797	14
6798	14
6799	14
6800	14
6801	14
6802	14
6803	14
6804	14
6805	14
6806	14
6807	14
6808	14
6809	14
6810	14
6811	14
6812	14
6813	14
6814	14
6815	14
6816	14
6817	14
6818	14
6819	14
6820	14
6821	14
6822	14
6823	14
6824	14
6825	14
6826	14
6827	14
6828	14
6829	14
6830	14
6831	14
6832	14
6833	14
6834	14
6835	14
6836	14
6837	14
6838	14
6839	14
6840	14
6841	14
6842	14
6843	14
6844	14
6845	14
6846	14
6847	14
6848	14
6849	14
6850	14
6851	14
6852	14
6853	14
6854	14
6855	14
6856	14
6857	14
6858	14
6859	14
6860	14
6861	14
6862	14
6863	14
6864	14
6865	14
6866	14
6867	14
6868	14
6869	14
6870	14
6871	14
6872	14
6873	14
6874	14
6875	14
6876	14
6877	14
6878	14
6879	14
6880	14
6881	14
6882	14
6883	14
6884	14
6885	14
6886	14
6887	14
6888	14
6889	14
6890	14
6891	14
6892	14
6893	14
6894	14
6895	14
6896	14
6897	14
6898	14
6899	14
6900	14
6901	14
6902	14
6903	14
6904	14
6905	14
6906	14
6907	14
6908	14
6909	14
6910	14
6911	14
6912	14
6913	14
6914	14
6915	14
6916	14
6917	14
6918	14
6919	14
6920	14
6921	14
6922	14
6923	14
6924	14
6925	14
6926	14
6927	14
6928	14
6929	14
6930	14
6931	14
6932	14
6933	14
6934	14
6935	14
6936	14
6937	14
6938	14
6939	14
6940	14
6941	14
6942	14
6943	14
6944	14
6945	14
6946	14
6947	14
6948	14
6949	14
6950	14
6951	14
6952	15
6953	15
6954	15
6955	15
6956	15
6957	15
6958	15
6959	15
6960	15
6961	15
6962	15
6963	15
6964	15
6965	15
6966	15
6967	15
6968	15
6969	15
6970	15
6971	15
6972	15
6973	15
6974	15
6975	15
6976	15
6977	15
6978	15
6979	15
6980	15
6981	15
6982	15
6983	15
6984	15
6985	15
6986	15
6987	15
6988	15
6989	15
6990	15
6991	15
6992	15
6993	15
6994	15
6995	15
6996	15
6997	15
6998	15
6999	15
7000	15
7001	15
7002	15
7003	15
7004	15
7005	15
7006	15
7007	15
7008	15
7009	15
7010	15
7011	15
7012	15
7013	15
7014	15
7015	15
7016	15
7017	15
7018	15
7019	15
7020	15
7021	15
7022	15
7023	15
7024	15
7025	15
7026	15
7027	15
7028	15
7029	15
7030	15
7031	15
7032	15
7033	15
7034	15
7035	15
7036	15
7037	15
7038	15
7039	15
7040	15
7041	15
7042	15
7043	15
7044	15
7045	15
7046	15
7047	15
7048	15
7049	15
7050	15
7051	15
7052	15
7053	15
7054	15
7055	15
7056	15
7057	15
7058	15
7059	15
7060	15
7061	15
7062	15
7063	15
7064	15
7065	15
7066	15
7067	15
7068	15
7069	15
7070	15
7071	15
7072	15
7073	15
7074	15
7075	15
7076	15
7077	15
7078	15
7079	15
7080	15
7081	15
7082	15
7083	15
7084	15
7085	15
7086	15
7087	15
7088	15
7089	15
7090	15
7091	15
7092	15
7093	15
7094	15
7095	15
7096	15
7097	15
7098	15
7099	15
7100	15
7101	15
7102	15
7103	15
7104	15
7105	15
7106	15
7107	15
7108	15
7109	15
7110	15
7111	15
7112	15
7113	15
7114	15
7115	15
7116	15
7117	15
7118	15
7119	15
7120	15
7121	15
7122	15
7123	15
7124	15
7125	15
7126	15
7127	15
7128	15
7129	15
7130	15
7131	15
7132	15
7133	15
7134	15
7135	15
7136	15
7137	15
7138	15
7139	15
7140	15
7141	15
7142	16
7143	16
7144	16
7145	16
7146	16
7147	16
7148	16
7149	16
7150	16
7151	16
7152	16
7153	16
7154	16
7155	16
7156	16
7157	16
7158	16
7159	16
7160	16
7161	16
7162	16
7163	16
7164	16
7165	16
7166	16
7167	16
7168	16
7169	16
7170	16
7171	16
7172	16
7173	16
7174	16
7175	16
7176	16
7177	16
7178	16
7179	16
7180	16
7181	16
7182	16
7183	16
7184	16
7185	16
7186	16
7187	16
7188	16
7189	16
7190	16
7191	16
7192	16
7193	16
7194	16
7195	16
7196	16
7197	16
7198	16
7199	16
7200	16
7201	16
7202	16
7203	16
7204	16
7205	16
7206	16
7207	16
7208	16
7209	16
7210	16
7211	16
7212	16
7213	16
7214	16
7215	16
7216	16
7217	16
7218	16
7219	16
7220	16
7221	16
7222	16
7223	16
7224	16
7225	16
7226	16
7227	16
7228	16
7229	16
7230	16
7231	16
7232	16
7233	16
7234	16
7235	16
7236	16
7237	16
7238	16
7239	16
7240	16
7241	16
7242	16
7243	16
7244	16
7245	16
7246	16
7247	16
7248	16
7249	16
7250	16
7251	16
7252	16
7253	16
7254	16
7255	16
7256	16
7257	16
7258	16
7259	16
7260	16
7261	16
7262	16
7263	16
7264	16
7265	16
7266	16
7267	16
7268	16
7269	16
7270	16
7271	16
7272	16
7273	16
7274	16
7275	16
7276	16
7277	16
7278	16
7279	16
7280	16
7281	16
7282	16
7283	16
7284	16
7285	16
7286	16
7287	16
7288	16
7289	16
7290	16
7291	16
7292	16
7293	16
7294	16
7295	16
7296	16
7297	16
7298	16
7299	16
7300	16
7301	16
7302	16
7303	16
7304	16
7305	16
7306	16
7307	16
7308	16
7309	16
7310	16
7311	16
7312	16
7313	16
7314	16
7315	16
7316	16
7317	16
7318	16
7319	16
7320	16
7321	16
7322	16
7323	16
7324	16
7325	16
7326	16
7327	16
7328	16
7329	16
7330	16
7331	16
7332	16
7333	16
7334	16
7335	16
7336	16
7337	16
7338	16
7339	16
7340	16
7341	16
7342	16
7343	16
7344	16
7345	16
7346	16
7347	16
7348	16
7349	16
7350	16
7351	16
7352	16
7353	16
7354	16
7355	16
7356	16
7357	16
7358	16
7359	16
7360	16
7361	16
7362	16
7363	16
7364	16
7365	16
7366	16
7367	16
7368	16
7369	16
7370	16
7371	16
7372	16
7373	16
7374	16
7375	16
7376	16
7377	16
7378	16
7379	16
7380	16
7381	16
7382	16
7383	16
7384	16
7385	16
7386	16
7387	16
7388	16
7389	16
7390	16
7391	16
7392	16
7393	16
7394	16
7395	16
7396	16
7397	16
7398	16
7399	16
7400	16
7401	16
7402	16
7403	16
7404	16
7405	16
7406	16
7407	16
7408	16
7409	16
7410	16
7411	16
7412	16
7413	16
7414	16
7415	16
7416	16
7417	16
7418	16
7419	16
7420	16
7421	16
7422	16
7423	16
7424	16
7425	16
7426	16
7427	16
7428	16
7429	16
7430	16
7431	16
7432	16
7433	16
7434	16
7435	16
7436	16
7437	16
7438	16
7439	16
7440	16
7441	16
7442	17
7443	17
7444	17
7445	17
7446	17
7447	17
7448	17
7449	17
7450	17
7451	17
7452	17
7453	17
7454	17
7455	17
7456	17
7457	17
7458	17
7459	17
7460	17
7461	17
7462	17
7463	17
7464	17
7465	17
7466	17
7467	17
7468	17
7469	17
7470	17
7471	17
7472	17
7473	17
7474	17
7475	17
7476	17
7477	17
7478	17
7479	17
7480	17
7481	17
7482	17
7483	17
7484	17
7485	17
7486	17
7487	17
7488	17
7489	17
7490	17
7491	17
7492	17
7493	17
7494	17
7495	17
7496	17
7497	17
7498	17
7499	17
7500	17
7501	17
7502	17
7503	17
7504	17
7505	17
7506	17
7507	17
7508	17
7509	17
7510	17
7511	17
7512	17
7513	17
7514	17
7515	17
7516	17
7517	17
7518	17
7519	17
7520	17
7521	17
7522	17
7523	17
7524	17
7525	17
7526	17
7527	17
7528	17
7529	17
7530	17
7531	17
7532	17
7533	17
7534	17
7535	17
7536	17
7537	17
7538	17
7539	17
7540	17
7541	17
7542	17
7543	17
7544	17
7545	17
7546	17
7547	17
7548	17
7549	17
7550	17
7551	17
7552	17
7553	17
7554	17
7555	17
7556	17
7557	17
7558	17
7559	17
7560	17
7561	17
7562	18
7563	18
7564	18
7565	18
7566	18
7567	18
7568	18
7569	18
7570	18
7571	18
7572	18
7573	18
7574	18
7575	18
7576	18
7577	18
7578	18
7579	18
7580	18
7581	18
7582	18
7583	18
7584	18
7585	18
7586	18
7587	18
7588	18
7589	18
7590	18
7591	18
7592	18
7593	18
7594	18
7595	18
7596	18
7597	18
7598	18
7599	19
7600	19
7601	19
7602	19
7603	19
7604	19
7605	19
7606	19
7607	19
7608	19
7609	19
7610	19
7611	19
7612	19
7613	19
7614	19
7615	19
7616	19
7617	19
7618	19
7619	19
7620	19
7621	19
7622	19
7623	19
7624	19
7625	19
7626	19
7627	19
7628	19
7629	19
7630	19
7631	19
7632	19
7633	19
7634	19
7635	19
7636	19
7637	19
7638	19
7639	19
7640	19
7641	19
7642	19
7643	19
7644	19
7645	19
7646	19
7647	19
7648	19
7649	19
7650	19
7651	19
7652	19
7653	19
7654	19
7655	19
7656	19
7657	19
7658	19
7659	19
7660	19
7661	19
7662	19
7663	19
7664	19
7665	19
7666	19
7667	19
7668	19
7669	19
7670	19
7671	19
7672	19
7673	19
7674	19
7675	19
7676	19
7677	19
7678	19
7679	19
7680	19
7681	19
7682	19
7683	19
7684	19
7685	19
7686	19
7687	19
7688	19
7689	19
7690	20
7691	20
7692	20
7693	20
7694	21
7695	21
7696	21
7697	21
7698	21
7699	21
7700	21
7701	21
7702	21
7703	21
7704	21
7705	21
7706	21
7707	21
7708	21
7709	21
7710	21
7711	21
7712	21
7713	21
7714	21
7715	21
7716	21
7717	21
7718	21
7719	21
7720	21
7721	21
7722	21
7723	21
7724	21
7725	21
7726	21
7727	21
7728	21
7729	21
7730	21
7731	21
7732	21
7733	21
7734	21
7735	21
7736	21
7737	21
7738	21
7739	21
7740	21
7741	21
7742	21
7743	21
7744	21
7745	21
7746	21
7747	21
7748	21
7749	21
7750	21
7751	21
7752	21
7753	21
7754	21
7755	21
7756	21
7757	21
7758	21
7759	21
7760	21
7761	21
7762	21
7763	21
7764	21
7765	21
7766	21
7767	21
7768	21
7769	21
7770	21
7771	21
7772	21
7773	21
7774	21
7775	21
7776	21
7777	21
7778	21
7779	21
7780	21
7781	21
7782	21
7783	21
7784	21
7785	21
7786	21
7787	21
7788	21
7789	21
7790	21
7791	21
7792	21
7793	21
7794	21
7795	21
7796	21
7797	21
7798	21
7799	21
7800	21
7801	21
7802	21
7803	21
7804	21
7805	21
7806	21
7807	21
7808	21
7809	21
7810	21
7811	21
7812	21
7813	21
7814	21
7815	21
7816	21
7817	21
7818	21
7819	21
7820	21
7821	21
7822	21
7823	21
7824	21
7825	21
7826	21
7827	21
7828	21
7829	21
7830	21
7831	21
7832	21
7833	21
7834	21
7835	21
7836	21
7837	21
7838	21
7839	21
7840	21
7841	21
7842	21
7843	21
7844	21
7845	21
7846	21
7847	21
7848	21
7849	21
7850	21
7851	21
7852	21
7853	21
7854	21
7855	21
7856	21
7857	21
7858	21
7859	21
7860	21
7861	21
7862	21
7863	21
7864	21
7865	21
7866	21
7867	21
7868	21
7869	21
7870	21
7871	21
7872	21
7873	21
7874	21
7875	21
7876	21
7877	21
7878	21
7879	21
7880	21
7881	21
7882	21
7883	21
7884	21
7885	21
7886	21
7887	21
7888	21
7889	21
7890	21
7891	21
7892	21
7893	21
7894	21
7895	21
7896	21
7897	21
7898	21
7899	21
7900	21
7901	21
7902	21
7903	21
7904	21
7905	21
7906	21
7907	21
7908	21
7909	21
7910	21
7911	21
7912	21
7913	21
7914	21
7915	21
7916	21
7917	21
7918	21
7919	21
7920	21
7921	21
7922	21
7923	21
7924	21
7925	21
7926	21
7927	21
7928	21
7929	21
7930	21
7931	21
7932	21
7933	21
7934	21
7935	21
7936	21
7937	21
7938	21
7939	21
7940	21
7941	21
7942	21
7943	21
7944	21
7945	21
7946	21
7947	21
7948	21
7949	21
7950	21
7951	21
7952	21
7953	21
7954	21
7955	21
7956	21
7957	21
7958	21
7959	21
7960	21
7961	21
7962	21
7963	21
7964	21
7965	21
7966	21
7967	21
7968	21
7969	21
7970	21
7971	21
7972	21
7973	21
7974	21
7975	21
7976	21
7977	21
7978	21
7979	21
7980	21
7981	21
7982	21
7983	21
7984	21
7985	21
7986	21
7987	21
7988	21
7989	21
7990	21
7991	21
7992	21
7993	21
7994	21
7995	21
7996	21
7997	21
7998	21
7999	21
8000	21
8001	21
8002	21
8003	21
8004	21
8005	21
8006	21
8007	21
8008	21
8009	21
8010	21
8011	21
8012	21
8013	21
8014	21
8015	21
8016	21
8017	21
8018	21
8019	21
8020	21
8021	21
8022	21
8023	21
8024	21
8025	21
8026	21
8027	21
8028	21
8029	21
8030	21
8031	21
8032	21
8033	21
8034	21
8035	21
8036	21
8037	21
8038	21
8039	21
8040	21
8041	21
8042	21
8043	21
8044	21
8045	21
8046	21
8047	21
8048	21
8049	21
8050	21
8051	21
8052	21
8053	21
8054	21
8055	21
8056	21
8057	21
8058	21
8059	21
8060	21
8061	21
8062	21
8063	21
8064	21
8065	21
8066	21
8067	21
8068	21
8069	21
8070	21
8071	21
8072	21
8073	21
8074	21
8075	21
8076	21
8077	21
8078	21
8079	21
8080	21
8081	21
8082	21
8083	21
8084	21
8085	21
8086	21
8087	21
8088	21
8089	21
8090	21
8091	21
8092	21
8093	21
8094	21
8095	21
8096	21
8097	21
8098	21
8099	21
8100	21
8101	21
8102	21
8103	21
8104	21
8105	21
8106	21
8107	21
8108	21
8109	21
8110	21
8111	21
8112	21
8113	21
8114	21
8115	21
8116	21
8117	21
8118	21
8119	21
8120	21
8121	21
8122	21
8123	21
8124	21
8125	21
8126	21
8127	21
8128	21
8129	21
8130	21
8131	21
8132	21
8133	21
8134	21
8135	21
8136	21
8137	21
8138	21
8139	21
8140	21
8141	21
8142	21
8143	21
8144	21
8145	21
8146	21
8147	21
8148	21
8149	21
8150	21
8151	21
8152	21
8153	21
8154	21
8155	21
8156	21
8157	21
8158	21
8159	21
8160	21
8161	21
8162	21
8163	21
8164	21
8165	21
8166	21
8167	21
8168	21
8169	21
8170	21
8171	21
8172	21
8173	21
8174	21
8175	21
8176	21
8177	21
8178	21
8179	21
8180	21
8181	21
8182	21
8183	21
8184	21
8185	21
8186	21
8187	21
8188	21
8189	21
8190	21
8191	21
8192	21
8193	21
8194	21
8195	21
8196	21
8197	21
8198	21
8199	21
8200	21
8201	21
8202	21
8203	21
8204	21
8205	21
8206	21
8207	21
8208	21
8209	21
8210	21
8211	21
8212	21
8213	21
8214	21
8215	21
8216	21
8217	21
8218	21
8219	21
8220	21
8221	21
8222	21
8223	21
8224	21
8225	21
8226	21
8227	21
8228	21
8229	21
8230	21
8231	21
8232	21
8233	21
8234	21
8235	21
8236	21
8237	21
8238	21
8239	21
8240	21
8241	21
8242	21
8243	21
8244	21
8245	21
8246	21
8247	21
8248	21
8249	21
8250	21
8251	21
8252	21
8253	21
8254	21
8255	21
8256	21
8257	21
8258	21
8259	21
8260	21
8261	21
8262	21
8263	21
8264	21
8265	21
8266	21
8267	21
8268	21
8269	21
8270	21
8271	21
8272	21
8273	21
8274	21
8275	21
8276	21
8277	21
8278	21
8279	21
8280	21
8281	21
8282	21
8283	21
8284	21
8285	21
8286	21
8287	21
8288	21
8289	21
8290	21
8291	21
8292	21
8293	21
8294	21
8295	21
8296	21
8297	21
8298	21
8299	21
8300	21
8301	21
8302	21
8303	21
8304	21
8305	21
8306	21
8307	21
8308	21
8309	21
8310	21
8311	21
8312	21
8313	21
8314	21
8315	21
8316	21
8317	21
8318	21
8319	21
8320	21
8321	21
8322	21
8323	21
8324	21
8325	21
8326	21
8327	21
8328	21
8329	21
8330	21
8331	21
8332	21
8333	21
8334	21
8335	21
8336	21
8337	21
8338	21
8339	21
8340	21
8341	21
8342	21
8343	21
8344	21
8345	21
8346	21
8347	21
8348	21
8349	21
8350	21
8351	21
8352	21
8353	21
8354	21
8355	21
8356	21
8357	21
8358	21
8359	21
8360	21
8361	21
8362	21
8363	21
8364	21
8365	21
8366	21
8367	21
8368	21
8369	21
8370	21
8371	21
8372	21
8373	21
8374	21
8375	21
8376	21
8377	21
8378	21
8379	21
8380	21
8381	21
8382	21
8383	21
8384	21
8385	21
8386	21
8387	21
8388	21
8389	21
8390	21
8391	21
8392	21
8393	21
8394	21
8395	21
8396	21
8397	21
8398	21
8399	21
8400	21
8401	21
8402	21
8403	21
8404	21
8405	21
8406	21
8407	21
8408	21
8409	21
8410	21
8411	21
8412	21
8413	21
8414	21
8415	21
8416	21
8417	21
8418	21
8419	21
8420	21
8421	21
8422	21
8423	21
8424	21
8425	21
8426	21
8427	21
8428	21
8429	21
8430	21
8431	21
8432	21
8433	21
8434	21
8435	21
8436	21
8437	21
8438	21
8439	21
8440	21
8441	21
8442	21
8443	21
8444	21
8445	21
8446	21
8447	21
8448	21
8449	21
8450	21
8451	21
8452	21
8453	21
8454	21
8455	21
8456	21
8457	21
8458	21
8459	21
8460	21
8461	21
8462	21
8463	21
8464	21
8465	21
8466	21
8467	21
8468	21
8469	21
8470	21
8471	21
8472	21
8473	21
8474	21
8475	21
8476	21
8477	21
8478	21
8479	21
8480	21
8481	21
8482	21
8483	21
8484	21
8485	21
8486	21
8487	21
8488	21
8489	21
8490	21
8491	21
8492	21
8493	21
8494	21
8495	21
8496	21
8497	21
8498	21
8499	21
8500	21
8501	21
8502	21
8503	21
8504	21
8505	21
8506	21
8507	21
8508	21
8509	21
8510	21
8511	21
8512	21
8513	21
8514	21
8515	21
8516	21
8517	21
8518	21
8519	21
8520	21
8521	21
8522	21
8523	21
8524	21
8525	21
8526	21
8527	21
8528	21
8529	21
8530	21
8531	21
8532	21
8533	21
8534	21
8535	21
8536	21
8537	21
8538	21
8539	21
8540	21
8541	21
8542	21
8543	21
8544	21
8545	21
8546	21
8547	21
8548	21
8549	21
8550	21
8551	21
8552	21
8553	21
8554	21
8555	21
8556	21
8557	21
8558	21
8559	21
8560	21
8561	21
8562	21
8563	21
8564	21
8565	21
8566	21
8567	21
8568	21
8569	21
8570	21
8571	21
8572	21
8573	21
8574	21
8575	21
8576	21
8577	21
8578	21
8579	21
8580	21
8581	21
8582	21
8583	21
8584	21
8585	21
8586	21
8587	21
8588	21
8589	21
8590	21
8591	21
8592	21
8593	21
8594	21
8595	21
8596	21
8597	21
8598	21
8599	21
8600	21
8601	21
8602	21
8603	21
8604	21
8605	21
8606	21
8607	21
8608	21
8609	21
8610	21
8611	21
8612	21
8613	21
8614	21
8615	21
8616	21
8617	21
8618	21
8619	21
8620	21
8621	21
8622	21
8623	21
8624	21
8625	21
8626	21
8627	21
8628	21
8629	21
8630	21
8631	21
8632	21
8633	21
8634	21
8635	21
8636	21
8637	21
8638	21
8639	21
8640	21
8641	21
8642	21
8643	21
8644	21
8645	21
8646	21
8647	21
8648	21
8649	21
8650	21
8651	21
8652	21
8653	21
8654	21
8655	21
8656	21
8657	21
8658	21
8659	21
8660	21
8661	21
8662	21
8663	21
8664	21
8665	21
8666	21
8667	21
8668	21
8669	21
8670	21
8671	21
8672	21
8673	21
8674	21
8675	21
8676	21
8677	21
8678	21
8679	21
8680	21
8681	21
8682	21
8683	21
8684	21
8685	21
8686	21
8687	21
8688	21
8689	21
8690	21
8691	21
8692	21
8693	21
8694	21
8695	21
8696	21
8697	21
8698	21
8699	21
8700	21
8701	21
8702	21
8703	21
8704	21
8705	21
8706	21
8707	21
8708	21
8709	21
8710	21
8711	21
8712	21
8713	21
8714	21
8715	21
8716	21
8717	21
8718	21
8719	21
8720	21
8721	21
8722	21
8723	21
8724	21
8725	21
8726	21
8727	21
8728	21
8729	21
8730	21
8731	21
8732	21
8733	21
8734	21
8735	21
8736	21
8737	21
8738	21
8739	21
8740	21
8741	21
8742	21
8743	21
8744	21
8745	21
8746	21
8747	21
8748	21
8749	21
8750	21
8751	21
8752	21
8753	21
8754	21
8755	21
8756	21
8757	21
8758	21
8759	21
8760	21
8761	21
8762	21
8763	21
8764	21
8765	21
8766	21
8767	21
8768	21
8769	21
8770	21
8771	21
8772	21
8773	21
8774	21
8775	21
8776	21
8777	21
8778	21
8779	21
8780	21
8781	21
8782	21
8783	21
8784	21
8785	21
8786	21
8787	21
8788	21
8789	21
8790	21
8791	21
8792	21
8793	21
8794	21
8795	21
8796	21
8797	21
8798	21
8799	21
8800	21
8801	21
8802	21
8803	21
8804	21
8805	21
8806	21
8807	21
8808	21
8809	21
8810	21
8811	21
8812	21
8813	21
8814	21
8815	21
8816	21
8817	21
8818	21
8819	21
8820	21
8821	21
8822	21
8823	21
8824	21
8825	21
8826	21
8827	21
8828	21
8829	21
8830	21
8831	21
8832	21
8833	21
8834	21
8835	21
8836	21
8837	21
8838	21
8839	21
8840	21
8841	21
8842	21
8843	21
8844	21
8845	21
8846	21
8847	21
8848	21
8849	21
8850	21
8851	21
8852	21
8853	21
8854	21
8855	21
8856	21
8857	21
8858	21
8859	21
8860	21
8861	21
8862	21
8863	21
8864	21
8865	21
8866	21
8867	21
8868	21
8869	21
8870	21
8871	21
8872	21
8873	21
8874	21
8875	21
8876	21
8877	21
8878	21
8879	21
8880	21
8881	21
8882	21
8883	21
8884	21
8885	21
8886	21
8887	21
8888	21
8889	21
8890	21
8891	21
8892	21
8893	21
8894	21
8895	21
8896	21
8897	21
8898	21
8899	21
8900	21
8901	21
8902	21
8903	21
8904	21
8905	21
8906	21
8907	21
8908	21
8909	21
8910	21
8911	21
8912	21
8913	21
8914	21
8915	21
8916	21
8917	21
8918	21
8919	21
8920	21
8921	21
8922	21
8923	21
8924	21
8925	21
8926	21
8927	21
8928	21
8929	21
8930	21
8931	21
8932	21
8933	21
8934	21
8935	21
8936	21
8937	21
8938	21
8939	21
8940	21
8941	21
8942	21
8943	21
8944	21
8945	21
8946	21
8947	21
8948	21
8949	21
8950	21
8951	21
8952	21
8953	21
8954	21
8955	21
8956	21
8957	21
8958	21
8959	21
8960	21
8961	21
8962	21
8963	21
8964	21
8965	21
8966	21
8967	21
8968	21
8969	21
8970	21
8971	21
8972	21
8973	21
8974	21
8975	21
8976	21
8977	21
8978	21
8979	21
8980	21
8981	21
8982	21
8983	21
8984	21
8985	21
8986	21
8987	21
8988	21
8989	21
8990	21
8991	21
8992	21
8993	21
8994	21
8995	21
8996	21
8997	21
8998	21
8999	21
9000	21
9001	21
9002	21
9003	21
9004	21
9005	21
9006	21
9007	21
9008	21
9009	21
9010	21
9011	21
9012	21
9013	21
9014	21
9015	21
9016	21
9017	21
9018	21
9019	21
9020	21
9021	21
9022	21
9023	21
9024	21
9025	21
9026	21
9027	21
9028	21
9029	21
9030	21
9031	21
9032	21
9033	21
9034	21
9035	21
9036	21
9037	21
9038	21
9039	21
9040	21
9041	21
9042	21
9043	21
9044	21
9045	21
9046	21
9047	21
9048	21
9049	21
9050	21
9051	21
9052	21
9053	21
9054	21
9055	21
9056	21
9057	21
9058	21
9059	21
9060	21
9061	21
9062	21
9063	21
9064	21
9065	21
9066	21
9067	21
9068	21
9069	21
9070	21
9071	21
9072	21
9073	21
9074	21
9075	21
9076	21
9077	21
9078	21
9079	21
9080	21
9081	21
9082	21
9083	21
9084	21
9085	21
9086	21
9087	21
9088	21
9089	21
9090	21
9091	21
9092	21
9093	21
9094	21
9095	21
9096	21
9097	21
9098	21
9099	21
9100	21
9101	21
9102	21
9103	21
9104	21
9105	21
9106	21
9107	21
9108	21
9109	21
9110	21
9111	21
9112	21
9113	21
9114	21
9115	21
9116	21
9117	21
9118	21
9119	21
9120	21
9121	21
9122	21
9123	21
9124	21
9125	21
9126	21
9127	21
9128	21
9129	21
9130	21
9131	21
9132	21
9133	21
9134	21
9135	21
9136	21
9137	21
9138	21
9139	21
9140	21
9141	21
9142	21
9143	21
9144	21
9145	21
9146	21
9147	21
9148	21
9149	21
9150	21
9151	21
9152	21
9153	21
9154	21
9155	21
9156	21
9157	21
9158	21
9159	21
9160	21
9161	21
9162	21
9163	21
9164	21
9165	21
9166	21
9167	21
9168	21
9169	21
9170	21
9171	21
9172	21
9173	21
9174	21
9175	21
9176	21
9177	21
9178	21
9179	21
9180	21
9181	21
9182	21
9183	21
9184	21
9185	21
9186	21
9187	21
9188	21
9189	21
9190	21
9191	21
9192	21
9193	21
9194	21
9195	21
9196	21
9197	21
9198	21
9199	21
9200	21
9201	21
9202	21
9203	21
9204	21
9205	21
9206	21
9207	21
9208	21
9209	21
9210	21
9211	21
9212	21
9213	21
9214	21
9215	21
9216	21
9217	21
9218	21
9219	21
9220	21
9221	21
9222	21
9223	21
9224	21
9225	21
9226	21
9227	21
9228	21
9229	21
9230	21
9231	21
9232	21
9233	21
9234	21
9235	21
9236	21
9237	21
9238	21
9239	21
9240	21
9241	21
9242	21
9243	21
9244	21
9245	21
9246	21
9247	21
9248	21
9249	21
9250	21
9251	21
9252	21
9253	21
9254	21
9255	21
9256	21
9257	21
9258	21
9259	21
9260	21
9261	21
9262	21
9263	21
9264	21
9265	21
9266	21
9267	21
9268	21
9269	21
9270	21
9271	21
9272	21
9273	21
9274	21
9275	21
9276	21
9277	21
9278	21
9279	21
9280	21
9281	21
9282	21
9283	21
9284	21
9285	21
9286	21
9287	21
9288	21
9289	21
9290	21
9291	21
9292	21
9293	21
9294	21
9295	21
9296	21
9297	21
9298	21
9299	21
9300	21
9301	21
9302	21
9303	21
9304	21
9305	21
9306	21
9307	21
9308	21
9309	21
9310	21
9311	21
9312	21
9313	21
9314	21
9315	21
9316	21
9317	21
9318	21
9319	21
9320	21
9321	21
9322	21
9323	21
9324	21
9325	21
9326	21
9327	21
9328	21
9329	21
9330	21
9331	21
9332	21
9333	21
9334	21
9335	21
9336	21
9337	21
9338	21
9339	21
9340	21
9341	21
9342	21
9343	21
9344	21
9345	21
9346	21
9347	21
9348	21
9349	21
9350	21
9351	21
9352	21
9353	21
9354	21
9355	21
9356	21
9357	21
9358	21
9359	21
9360	21
9361	21
9362	21
9363	21
9364	21
9365	21
9366	21
9367	21
9368	21
9369	21
9370	21
9371	21
9372	21
9373	21
9374	21
9375	21
9376	21
9377	21
9378	21
9379	21
9380	21
9381	21
9382	21
9383	21
9384	21
9385	21
9386	21
9387	21
9388	21
9389	21
9390	21
9391	21
9392	21
9393	21
9394	21
9395	21
9396	21
9397	21
9398	21
9399	21
9400	21
9401	21
9402	21
9403	21
9404	21
9405	21
9406	21
9407	21
9408	21
9409	21
9410	21
9411	21
9412	21
9413	21
9414	21
9415	21
9416	21
9417	21
9418	21
9419	21
9420	21
9421	21
9422	21
9423	21
9424	21
9425	21
9426	21
9427	21
9428	21
9429	21
9430	21
9431	21
9432	21
9433	21
9434	21
9435	21
9436	21
9437	21
9438	21
9439	21
9440	21
9441	21
9442	21
9443	21
9444	21
9445	21
9446	21
9447	21
9448	21
9449	21
9450	21
9451	21
9452	21
9453	21
9454	21
9455	21
9456	21
9457	21
9458	21
9459	21
9460	21
9461	21
9462	21
9463	21
9464	21
9465	21
9466	21
9467	21
9468	21
9469	21
9470	21
9471	21
9472	21
9473	21
9474	21
9475	21
9476	21
9477	21
9478	21
9479	21
9480	21
9481	21
9482	21
9483	21
9484	21
9485	21
9486	21
9487	21
9488	21
9489	21
9490	21
9491	21
9492	21
9493	21
9494	21
9495	21
9496	21
9497	21
9498	21
9499	21
9500	21
9501	21
9502	21
9503	21
9504	21
9505	21
9506	21
9507	21
9508	21
9509	21
9510	21
9511	21
9512	21
9513	21
9514	21
9515	21
9516	21
9517	21
9518	21
9519	21
9520	21
9521	21
9522	21
9523	21
9524	21
9525	21
9526	21
9527	21
9528	21
9529	21
9530	21
9531	21
9532	21
9533	21
9534	21
9535	21
9536	21
9537	21
9538	21
9539	21
9540	21
9541	21
9542	21
9543	21
9544	21
9545	21
9546	21
9547	21
9548	21
9549	21
9550	21
9551	21
9552	21
9553	21
9554	21
9555	21
9556	21
9557	21
9558	21
9559	21
9560	21
9561	21
9562	21
9563	21
9564	21
9565	21
9566	21
9567	21
9568	21
9569	21
9570	21
9571	21
9572	21
9573	21
9574	21
9575	21
9576	21
9577	21
9578	21
9579	21
9580	21
9581	21
9582	21
9583	21
9584	21
9585	21
9586	21
9587	21
9588	21
9589	21
9590	21
9591	21
9592	21
9593	21
9594	21
9595	21
9596	21
9597	21
9598	21
9599	21
9600	21
9601	21
9602	21
9603	21
9604	21
9605	21
9606	21
9607	21
9608	21
9609	21
9610	21
9611	21
9612	21
9613	21
9614	21
9615	21
9616	21
9617	21
9618	21
9619	21
9620	21
9621	21
9622	21
9623	21
9624	21
9625	21
9626	21
9627	21
9628	21
9629	21
9630	21
9631	21
9632	21
9633	21
9634	21
9635	21
9636	21
9637	21
9638	21
9639	21
9640	21
9641	21
9642	21
9643	21
9644	21
9645	21
9646	21
9647	21
9648	21
9649	21
9650	21
9651	21
9652	21
9653	21
9654	21
9655	21
9656	21
9657	21
9658	21
9659	21
9660	21
9661	22
9662	22
9663	22
9664	22
9665	22
9666	22
9667	22
9668	22
9669	22
9670	22
9671	22
9672	22
9673	22
9674	22
9675	22
9676	22
9677	22
9678	22
9679	22
9680	22
9681	22
9682	22
9683	22
9684	22
9685	22
9686	22
9687	22
9688	22
9689	22
9690	22
9691	22
9692	22
9693	22
9694	22
9695	22
9696	22
9697	22
9698	22
9699	22
9700	22
9701	22
9702	22
9703	22
9704	22
9705	22
9706	22
9707	22
9708	22
9709	22
9710	22
9711	22
9712	22
9713	22
9714	22
9715	22
9716	22
9717	22
9718	22
9719	22
9720	22
9721	22
9722	22
9723	22
9724	22
9725	22
9726	22
9727	22
9728	22
9729	22
9730	22
9731	22
9732	22
9733	22
9734	22
9735	22
9736	22
9737	22
9738	22
9739	22
9740	22
9741	22
9742	22
9743	22
9744	23
9745	23
9746	23
9747	23
9748	23
9749	23
9750	23
9751	23
9752	23
9753	23
9754	23
9755	23
9756	23
9757	23
9758	23
9759	23
9760	23
9761	23
9762	23
9763	23
9764	23
9765	23
9766	23
9767	23
9768	23
9769	23
9770	23
9771	23
9772	23
9773	23
9774	24
9775	24
9776	24
9777	24
9778	24
9779	24
9780	24
9781	24
9782	24
9783	24
9784	24
9785	24
9786	24
9787	24
9788	24
9789	24
9790	24
9791	24
9792	24
9793	24
9794	24
9795	24
9796	24
9797	24
9798	24
9799	24
9800	24
9801	24
9802	24
9803	24
9804	24
9805	24
9806	24
9807	24
9808	24
9809	24
9810	24
9811	24
9812	24
9813	24
9814	24
9815	24
9816	24
9817	25
9818	25
9819	25
9820	25
9821	25
9822	25
9823	25
9824	25
9825	25
9826	25
9827	25
9828	25
9829	25
9830	25
9831	25
9832	25
9833	25
9834	25
9835	25
9836	25
9837	25
9838	25
9839	25
9840	25
9841	25
9842	25
9843	26
9844	26
9845	26
9846	26
9847	26
9848	26
9849	26
9850	26
9851	26
9852	26
9853	26
9854	26
9855	26
9856	26
9857	26
9858	26
9859	27
9860	27
9861	27
9862	27
9863	27
9864	27
9865	27
9866	27
9867	27
9868	27
9869	27
9870	27
9871	27
9872	27
9873	27
9874	27
9875	27
9876	27
9877	27
9878	27
9879	27
9880	27
9881	27
9882	27
9883	27
9884	27
9885	27
9886	27
9887	27
9888	27
9889	27
9890	27
9891	27
9892	27
9893	27
9894	27
9895	27
9896	27
9897	27
9898	27
9899	27
9900	27
9901	27
9902	27
9903	27
9904	27
9905	27
9906	27
9907	27
9908	27
9909	27
9910	27
9911	27
9912	27
9913	27
9914	27
9915	27
9916	27
9917	27
9918	27
9919	27
9920	27
9921	27
9922	27
9923	27
9924	27
9925	27
9926	27
9927	27
9928	27
9929	27
9930	27
9931	27
9932	27
9933	27
9934	27
9935	27
9936	27
9937	27
9938	27
9939	27
9940	27
9941	27
9942	27
9943	27
9944	27
9945	27
9946	27
9947	27
9948	27
9949	27
9950	27
9951	27
9952	27
9953	27
9954	27
9955	27
9956	27
9957	27
9958	27
9959	27
9960	27
9961	27
9962	27
9963	27
9964	27
9965	27
9966	27
9967	27
9968	27
9969	27
9970	27
9971	27
9972	27
9973	27
9974	27
9975	27
9976	27
9977	27
9978	27
9979	27
9980	27
9981	27
9982	27
9983	27
9984	27
9985	27
9986	27
9987	27
9988	27
9989	27
9990	27
9991	27
9992	27
9993	27
9994	27
9995	27
9996	27
9997	27
9998	27
9999	28
10000	28
