#Clock	ItemsCollected
1	0
2	0
3	0
4	0
5	0
6	0
7	0
8	0
9	0
10	0
11	0
12	0
13	0
14	0
15	0
16	0
17	0
18	0
19	0
20	0
21	0
22	0
23	0
24	0
25	0
26	0
27	0
28	0
29	0
30	0
31	0
32	0
33	0
34	0
35	0
36	0
37	0
38	0
39	0
40	0
41	0
42	0
43	0
44	0
45	0
46	0
47	0
48	0
49	0
50	0
51	0
52	0
53	0
54	0
55	0
56	0
57	0
58	0
59	0
60	0
61	0
62	0
63	0
64	0
65	0
66	0
67	0
68	0
69	0
70	0
71	0
72	0
73	0
74	0
75	0
76	0
77	0
78	0
79	0
80	0
81	0
82	0
83	0
84	0
85	0
86	0
87	0
88	0
89	0
90	0
91	0
92	0
93	0
94	0
95	0
96	0
97	0
98	0
99	0
100	0
101	0
102	0
103	0
104	0
105	0
106	0
107	0
108	0
109	0
110	0
111	0
112	0
113	0
114	0
115	0
116	0
117	0
118	0
119	0
120	0
121	0
122	0
123	0
124	0
125	0
126	0
127	0
128	0
129	0
130	0
131	0
132	0
133	0
134	0
135	0
136	0
137	0
138	0
139	0
140	0
141	0
142	0
143	0
144	0
145	0
146	0
147	0
148	0
149	0
150	0
151	0
152	0
153	0
154	0
155	0
156	0
157	0
158	0
159	0
160	0
161	0
162	0
163	0
164	0
165	0
166	0
167	0
168	0
169	0
170	0
171	0
172	0
173	0
174	0
175	0
176	0
177	0
178	0
179	0
180	0
181	0
182	0
183	0
184	0
185	0
186	0
187	0
188	0
189	0
190	0
191	0
192	0
193	0
194	0
195	0
196	0
197	0
198	0
199	0
200	0
201	0
202	0
203	0
204	0
205	0
206	0
207	0
208	0
209	0
210	0
211	0
212	0
213	0
214	0
215	0
216	0
217	0
218	0
219	0
220	0
221	0
222	0
223	0
224	0
225	0
226	0
227	0
228	0
229	0
230	0
231	0
232	0
233	0
234	0
235	0
236	0
237	0
238	0
239	0
240	0
241	0
242	0
243	0
244	0
245	0
246	0
247	0
248	0
249	0
250	0
251	0
252	0
253	0
254	0
255	0
256	0
257	0
258	0
259	0
260	0
261	0
262	0
263	0
264	0
265	0
266	0
267	0
268	0
269	0
270	0
271	0
272	0
273	0
274	0
275	0
276	0
277	0
278	0
279	0
280	0
281	0
282	0
283	0
284	0
285	0
286	0
287	0
288	0
289	0
290	0
291	0
292	0
293	0
294	0
295	0
296	0
297	0
298	0
299	0
300	0
301	0
302	0
303	0
304	0
305	0
306	0
307	0
308	0
309	0
310	0
311	0
312	0
313	0
314	0
315	0
316	0
317	0
318	0
319	0
320	0
321	0
322	0
323	0
324	0
325	0
326	0
327	0
328	0
329	0
330	0
331	0
332	0
333	0
334	0
335	0
336	0
337	0
338	0
339	0
340	0
341	0
342	0
343	0
344	0
345	0
346	0
347	0
348	0
349	0
350	0
351	0
352	0
353	0
354	0
355	0
356	0
357	0
358	0
359	0
360	0
361	0
362	0
363	0
364	0
365	0
366	0
367	0
368	0
369	0
370	0
371	0
372	0
373	0
374	0
375	0
376	0
377	0
378	0
379	0
380	0
381	0
382	0
383	0
384	0
385	0
386	0
387	0
388	0
389	0
390	0
391	0
392	0
393	0
394	0
395	0
396	0
397	0
398	0
399	0
400	0
401	0
402	0
403	0
404	0
405	0
406	0
407	0
408	0
409	0
410	0
411	0
412	0
413	0
414	0
415	0
416	0
417	0
418	0
419	0
420	0
421	0
422	0
423	0
424	0
425	0
426	0
427	0
428	0
429	0
430	0
431	0
432	0
433	0
434	0
435	0
436	0
437	0
438	0
439	0
440	0
441	0
442	0
443	0
444	0
445	0
446	0
447	0
448	0
449	0
450	0
451	0
452	0
453	0
454	0
455	0
456	0
457	0
458	0
459	0
460	0
461	0
462	0
463	0
464	0
465	0
466	0
467	0
468	0
469	0
470	0
471	0
472	0
473	0
474	0
475	0
476	0
477	0
478	0
479	0
480	0
481	0
482	0
483	0
484	0
485	0
486	0
487	0
488	0
489	0
490	0
491	0
492	0
493	0
494	0
495	0
496	0
497	0
498	0
499	0
500	0
501	0
502	0
503	0
504	0
505	0
506	0
507	0
508	0
509	0
510	0
511	0
512	0
513	0
514	0
515	0
516	0
517	0
518	0
519	0
520	0
521	0
522	0
523	0
524	0
525	0
526	0
527	0
528	0
529	0
530	0
531	0
532	0
533	0
534	0
535	0
536	0
537	0
538	0
539	0
540	0
541	0
542	0
543	0
544	0
545	0
546	0
547	0
548	0
549	0
550	0
551	0
552	0
553	0
554	0
555	0
556	0
557	0
558	0
559	0
560	0
561	0
562	0
563	0
564	0
565	0
566	0
567	0
568	0
569	0
570	0
571	0
572	0
573	0
574	0
575	0
576	0
577	0
578	0
579	0
580	0
581	0
582	0
583	0
584	0
585	0
586	0
587	0
588	0
589	0
590	0
591	0
592	0
593	0
594	0
595	0
596	0
597	0
598	0
599	0
600	0
601	0
602	0
603	0
604	0
605	0
606	0
607	0
608	0
609	0
610	0
611	0
612	0
613	0
614	0
615	0
616	0
617	0
618	0
619	0
620	0
621	0
622	0
623	0
624	0
625	0
626	0
627	0
628	0
629	0
630	0
631	0
632	0
633	0
634	0
635	0
636	0
637	0
638	0
639	0
640	0
641	0
642	0
643	0
644	0
645	0
646	0
647	0
648	0
649	0
650	0
651	0
652	0
653	0
654	0
655	0
656	0
657	0
658	0
659	0
660	0
661	0
662	0
663	0
664	0
665	0
666	0
667	0
668	0
669	0
670	0
671	0
672	0
673	0
674	0
675	0
676	0
677	0
678	0
679	0
680	0
681	0
682	0
683	0
684	0
685	0
686	0
687	0
688	0
689	0
690	0
691	0
692	0
693	0
694	0
695	0
696	0
697	0
698	0
699	0
700	0
701	0
702	0
703	0
704	0
705	0
706	0
707	0
708	0
709	0
710	0
711	0
712	0
713	0
714	0
715	0
716	0
717	0
718	0
719	0
720	0
721	0
722	0
723	0
724	0
725	0
726	0
727	0
728	0
729	0
730	0
731	0
732	0
733	0
734	0
735	0
736	0
737	0
738	0
739	0
740	0
741	0
742	0
743	0
744	0
745	0
746	0
747	0
748	0
749	0
750	0
751	0
752	0
753	0
754	0
755	0
756	0
757	0
758	0
759	0
760	0
761	0
762	0
763	0
764	0
765	0
766	0
767	0
768	0
769	0
770	0
771	0
772	0
773	0
774	0
775	0
776	0
777	0
778	0
779	0
780	0
781	0
782	0
783	0
784	0
785	0
786	0
787	0
788	0
789	0
790	0
791	0
792	0
793	0
794	0
795	0
796	0
797	0
798	0
799	0
800	0
801	0
802	0
803	0
804	0
805	0
806	0
807	0
808	0
809	0
810	0
811	0
812	0
813	0
814	0
815	0
816	0
817	0
818	0
819	0
820	0
821	0
822	0
823	0
824	0
825	0
826	0
827	0
828	0
829	0
830	0
831	0
832	0
833	0
834	0
835	0
836	0
837	0
838	0
839	0
840	0
841	0
842	0
843	0
844	0
845	0
846	0
847	0
848	0
849	0
850	0
851	0
852	0
853	0
854	0
855	0
856	0
857	0
858	0
859	0
860	0
861	0
862	0
863	0
864	0
865	0
866	0
867	0
868	0
869	0
870	0
871	0
872	0
873	0
874	0
875	0
876	0
877	0
878	0
879	0
880	0
881	0
882	0
883	0
884	0
885	0
886	0
887	0
888	0
889	0
890	0
891	0
892	0
893	0
894	0
895	0
896	0
897	0
898	0
899	0
900	0
901	0
902	0
903	0
904	0
905	0
906	0
907	0
908	0
909	0
910	0
911	0
912	0
913	0
914	0
915	0
916	0
917	0
918	0
919	0
920	0
921	0
922	0
923	0
924	0
925	0
926	0
927	0
928	0
929	0
930	0
931	0
932	0
933	0
934	0
935	0
936	0
937	0
938	0
939	0
940	0
941	0
942	0
943	0
944	0
945	0
946	0
947	0
948	0
949	0
950	0
951	0
952	0
953	0
954	0
955	0
956	0
957	0
958	0
959	0
960	0
961	0
962	0
963	0
964	0
965	0
966	0
967	0
968	0
969	0
970	0
971	0
972	0
973	0
974	0
975	0
976	0
977	0
978	0
979	0
980	0
981	0
982	0
983	0
984	0
985	0
986	0
987	0
988	0
989	0
990	0
991	0
992	0
993	0
994	0
995	0
996	0
997	0
998	0
999	0
1000	0
1001	0
1002	0
1003	0
1004	0
1005	0
1006	0
1007	0
1008	0
1009	0
1010	0
1011	0
1012	0
1013	0
1014	0
1015	0
1016	0
1017	0
1018	0
1019	0
1020	0
1021	0
1022	0
1023	0
1024	0
1025	0
1026	0
1027	0
1028	0
1029	0
1030	0
1031	0
1032	0
1033	0
1034	0
1035	0
1036	0
1037	0
1038	0
1039	0
1040	0
1041	0
1042	0
1043	0
1044	0
1045	0
1046	0
1047	0
1048	0
1049	0
1050	0
1051	0
1052	0
1053	0
1054	0
1055	0
1056	0
1057	0
1058	0
1059	0
1060	0
1061	0
1062	0
1063	0
1064	0
1065	0
1066	0
1067	0
1068	0
1069	0
1070	0
1071	0
1072	0
1073	0
1074	0
1075	0
1076	0
1077	0
1078	0
1079	0
1080	0
1081	0
1082	0
1083	0
1084	0
1085	0
1086	0
1087	0
1088	0
1089	0
1090	0
1091	0
1092	0
1093	0
1094	0
1095	0
1096	0
1097	0
1098	0
1099	0
1100	0
1101	0
1102	0
1103	0
1104	0
1105	0
1106	0
1107	0
1108	0
1109	0
1110	0
1111	0
1112	0
1113	0
1114	0
1115	0
1116	0
1117	0
1118	0
1119	0
1120	0
1121	0
1122	0
1123	0
1124	0
1125	0
1126	0
1127	0
1128	0
1129	0
1130	0
1131	0
1132	0
1133	0
1134	0
1135	0
1136	0
1137	0
1138	0
1139	0
1140	0
1141	0
1142	0
1143	0
1144	0
1145	0
1146	0
1147	0
1148	0
1149	0
1150	0
1151	0
1152	0
1153	0
1154	0
1155	0
1156	0
1157	0
1158	0
1159	0
1160	0
1161	0
1162	0
1163	0
1164	0
1165	0
1166	0
1167	0
1168	0
1169	0
1170	0
1171	0
1172	0
1173	0
1174	0
1175	0
1176	0
1177	0
1178	0
1179	0
1180	0
1181	0
1182	0
1183	0
1184	0
1185	0
1186	0
1187	0
1188	0
1189	0
1190	0
1191	0
1192	0
1193	0
1194	0
1195	0
1196	0
1197	0
1198	0
1199	0
1200	0
1201	0
1202	0
1203	0
1204	0
1205	0
1206	0
1207	0
1208	0
1209	0
1210	0
1211	0
1212	0
1213	0
1214	0
1215	0
1216	0
1217	0
1218	0
1219	0
1220	0
1221	0
1222	0
1223	0
1224	0
1225	0
1226	0
1227	0
1228	0
1229	0
1230	0
1231	0
1232	0
1233	0
1234	0
1235	0
1236	0
1237	0
1238	0
1239	0
1240	0
1241	0
1242	0
1243	0
1244	0
1245	0
1246	0
1247	0
1248	0
1249	0
1250	0
1251	0
1252	0
1253	0
1254	0
1255	0
1256	0
1257	0
1258	0
1259	0
1260	0
1261	0
1262	0
1263	0
1264	0
1265	0
1266	0
1267	0
1268	0
1269	0
1270	0
1271	0
1272	0
1273	0
1274	0
1275	0
1276	0
1277	0
1278	0
1279	0
1280	0
1281	0
1282	0
1283	0
1284	0
1285	0
1286	0
1287	0
1288	0
1289	0
1290	0
1291	0
1292	0
1293	0
1294	0
1295	0
1296	0
1297	0
1298	0
1299	0
1300	0
1301	0
1302	0
1303	0
1304	0
1305	0
1306	0
1307	0
1308	0
1309	0
1310	0
1311	0
1312	0
1313	0
1314	0
1315	0
1316	0
1317	0
1318	0
1319	0
1320	0
1321	0
1322	0
1323	0
1324	0
1325	0
1326	0
1327	0
1328	0
1329	0
1330	0
1331	0
1332	0
1333	0
1334	0
1335	0
1336	0
1337	0
1338	0
1339	0
1340	0
1341	0
1342	0
1343	0
1344	0
1345	0
1346	0
1347	0
1348	0
1349	0
1350	0
1351	0
1352	0
1353	0
1354	0
1355	0
1356	0
1357	0
1358	0
1359	0
1360	0
1361	0
1362	0
1363	0
1364	0
1365	0
1366	0
1367	0
1368	0
1369	0
1370	0
1371	0
1372	0
1373	0
1374	0
1375	0
1376	0
1377	0
1378	0
1379	0
1380	0
1381	0
1382	0
1383	0
1384	0
1385	0
1386	0
1387	0
1388	0
1389	0
1390	0
1391	0
1392	0
1393	0
1394	0
1395	0
1396	0
1397	0
1398	0
1399	0
1400	0
1401	0
1402	0
1403	0
1404	0
1405	0
1406	0
1407	0
1408	0
1409	0
1410	0
1411	0
1412	0
1413	0
1414	0
1415	0
1416	0
1417	0
1418	0
1419	0
1420	0
1421	0
1422	0
1423	0
1424	0
1425	0
1426	0
1427	0
1428	0
1429	0
1430	0
1431	0
1432	0
1433	0
1434	0
1435	0
1436	0
1437	0
1438	0
1439	0
1440	0
1441	0
1442	0
1443	0
1444	0
1445	0
1446	0
1447	0
1448	0
1449	0
1450	0
1451	0
1452	0
1453	0
1454	0
1455	0
1456	0
1457	0
1458	0
1459	0
1460	0
1461	0
1462	0
1463	0
1464	0
1465	0
1466	0
1467	0
1468	0
1469	0
1470	0
1471	0
1472	0
1473	0
1474	0
1475	0
1476	0
1477	0
1478	0
1479	0
1480	0
1481	0
1482	0
1483	0
1484	0
1485	0
1486	0
1487	0
1488	0
1489	0
1490	0
1491	0
1492	0
1493	0
1494	0
1495	0
1496	0
1497	0
1498	0
1499	0
1500	0
1501	0
1502	0
1503	0
1504	0
1505	0
1506	0
1507	0
1508	0
1509	0
1510	0
1511	0
1512	0
1513	0
1514	0
1515	0
1516	0
1517	0
1518	0
1519	0
1520	0
1521	0
1522	0
1523	0
1524	0
1525	0
1526	0
1527	0
1528	0
1529	0
1530	0
1531	0
1532	0
1533	0
1534	0
1535	0
1536	0
1537	0
1538	0
1539	0
1540	0
1541	0
1542	0
1543	0
1544	0
1545	0
1546	0
1547	0
1548	0
1549	0
1550	0
1551	0
1552	0
1553	0
1554	0
1555	0
1556	0
1557	0
1558	0
1559	0
1560	0
1561	0
1562	0
1563	0
1564	0
1565	0
1566	0
1567	0
1568	0
1569	0
1570	0
1571	0
1572	0
1573	0
1574	0
1575	0
1576	0
1577	0
1578	0
1579	0
1580	0
1581	0
1582	0
1583	0
1584	0
1585	0
1586	0
1587	0
1588	0
1589	0
1590	0
1591	0
1592	0
1593	0
1594	0
1595	0
1596	0
1597	0
1598	0
1599	0
1600	0
1601	0
1602	0
1603	0
1604	0
1605	0
1606	0
1607	0
1608	0
1609	0
1610	0
1611	0
1612	0
1613	0
1614	0
1615	0
1616	0
1617	0
1618	0
1619	0
1620	0
1621	0
1622	0
1623	0
1624	0
1625	0
1626	0
1627	0
1628	0
1629	0
1630	0
1631	0
1632	0
1633	0
1634	0
1635	0
1636	0
1637	0
1638	0
1639	0
1640	0
1641	0
1642	0
1643	0
1644	0
1645	0
1646	0
1647	0
1648	0
1649	0
1650	0
1651	0
1652	0
1653	0
1654	0
1655	0
1656	0
1657	0
1658	0
1659	0
1660	0
1661	0
1662	0
1663	0
1664	0
1665	0
1666	0
1667	0
1668	0
1669	0
1670	0
1671	0
1672	0
1673	0
1674	0
1675	0
1676	0
1677	0
1678	0
1679	0
1680	0
1681	0
1682	0
1683	0
1684	0
1685	0
1686	0
1687	0
1688	0
1689	0
1690	0
1691	0
1692	0
1693	0
1694	0
1695	0
1696	0
1697	0
1698	0
1699	0
1700	0
1701	0
1702	0
1703	0
1704	0
1705	0
1706	0
1707	0
1708	0
1709	0
1710	0
1711	0
1712	0
1713	0
1714	0
1715	0
1716	0
1717	0
1718	0
1719	0
1720	0
1721	0
1722	0
1723	0
1724	0
1725	0
1726	0
1727	0
1728	0
1729	0
1730	0
1731	0
1732	0
1733	0
1734	0
1735	0
1736	0
1737	0
1738	0
1739	0
1740	0
1741	0
1742	0
1743	0
1744	0
1745	0
1746	0
1747	0
1748	0
1749	0
1750	0
1751	0
1752	0
1753	0
1754	0
1755	0
1756	0
1757	0
1758	0
1759	0
1760	0
1761	0
1762	0
1763	0
1764	0
1765	0
1766	0
1767	0
1768	0
1769	0
1770	0
1771	0
1772	0
1773	0
1774	0
1775	0
1776	0
1777	0
1778	0
1779	0
1780	0
1781	0
1782	0
1783	0
1784	0
1785	0
1786	0
1787	0
1788	0
1789	0
1790	0
1791	0
1792	0
1793	0
1794	0
1795	0
1796	0
1797	0
1798	0
1799	0
1800	0
1801	0
1802	0
1803	0
1804	0
1805	0
1806	0
1807	0
1808	0
1809	0
1810	0
1811	0
1812	0
1813	0
1814	0
1815	0
1816	0
1817	0
1818	0
1819	0
1820	0
1821	0
1822	0
1823	0
1824	0
1825	0
1826	0
1827	0
1828	0
1829	0
1830	0
1831	0
1832	0
1833	0
1834	0
1835	0
1836	0
1837	0
1838	0
1839	0
1840	0
1841	0
1842	0
1843	0
1844	0
1845	0
1846	0
1847	0
1848	0
1849	0
1850	0
1851	0
1852	0
1853	0
1854	0
1855	0
1856	0
1857	0
1858	0
1859	0
1860	0
1861	1
1862	1
1863	1
1864	1
1865	1
1866	1
1867	1
1868	1
1869	1
1870	1
1871	1
1872	1
1873	1
1874	1
1875	1
1876	1
1877	1
1878	1
1879	1
1880	1
1881	1
1882	1
1883	1
1884	1
1885	1
1886	1
1887	1
1888	1
1889	1
1890	1
1891	1
1892	1
1893	1
1894	1
1895	1
1896	1
1897	1
1898	1
1899	1
1900	1
1901	1
1902	1
1903	1
1904	1
1905	1
1906	1
1907	1
1908	1
1909	1
1910	1
1911	1
1912	1
1913	1
1914	1
1915	1
1916	1
1917	1
1918	1
1919	1
1920	1
1921	1
1922	1
1923	1
1924	1
1925	1
1926	1
1927	1
1928	1
1929	1
1930	1
1931	1
1932	1
1933	1
1934	1
1935	1
1936	1
1937	1
1938	1
1939	1
1940	1
1941	1
1942	1
1943	1
1944	1
1945	1
1946	1
1947	1
1948	1
1949	1
1950	1
1951	1
1952	1
1953	1
1954	1
1955	1
1956	1
1957	1
1958	1
1959	1
1960	1
1961	1
1962	1
1963	1
1964	1
1965	1
1966	1
1967	1
1968	1
1969	1
1970	1
1971	1
1972	1
1973	1
1974	1
1975	1
1976	1
1977	1
1978	1
1979	1
1980	1
1981	1
1982	1
1983	1
1984	1
1985	1
1986	1
1987	1
1988	1
1989	1
1990	1
1991	1
1992	1
1993	1
1994	1
1995	1
1996	1
1997	1
1998	1
1999	1
2000	1
2001	1
2002	1
2003	1
2004	1
2005	1
2006	1
2007	1
2008	1
2009	1
2010	1
2011	1
2012	1
2013	1
2014	1
2015	1
2016	1
2017	1
2018	1
2019	1
2020	1
2021	1
2022	1
2023	1
2024	1
2025	1
2026	1
2027	1
2028	1
2029	1
2030	1
2031	1
2032	1
2033	1
2034	1
2035	1
2036	1
2037	1
2038	1
2039	1
2040	1
2041	1
2042	1
2043	1
2044	1
2045	1
2046	1
2047	1
2048	1
2049	1
2050	1
2051	1
2052	1
2053	1
2054	1
2055	1
2056	1
2057	1
2058	1
2059	1
2060	1
2061	1
2062	1
2063	1
2064	1
2065	1
2066	1
2067	1
2068	1
2069	1
2070	1
2071	1
2072	1
2073	1
2074	1
2075	1
2076	1
2077	1
2078	1
2079	1
2080	1
2081	1
2082	1
2083	1
2084	1
2085	1
2086	1
2087	1
2088	1
2089	1
2090	1
2091	1
2092	1
2093	1
2094	1
2095	1
2096	1
2097	1
2098	1
2099	1
2100	1
2101	1
2102	1
2103	1
2104	1
2105	1
2106	1
2107	1
2108	1
2109	1
2110	1
2111	1
2112	1
2113	1
2114	1
2115	1
2116	1
2117	1
2118	1
2119	1
2120	1
2121	1
2122	1
2123	1
2124	1
2125	1
2126	1
2127	1
2128	1
2129	1
2130	1
2131	1
2132	1
2133	1
2134	1
2135	1
2136	1
2137	1
2138	1
2139	1
2140	1
2141	1
2142	1
2143	1
2144	1
2145	1
2146	1
2147	1
2148	1
2149	1
2150	1
2151	1
2152	1
2153	1
2154	1
2155	1
2156	1
2157	1
2158	1
2159	1
2160	1
2161	1
2162	1
2163	1
2164	1
2165	1
2166	1
2167	1
2168	1
2169	1
2170	1
2171	1
2172	1
2173	1
2174	1
2175	1
2176	1
2177	1
2178	1
2179	1
2180	1
2181	1
2182	1
2183	1
2184	1
2185	1
2186	1
2187	1
2188	1
2189	1
2190	1
2191	1
2192	1
2193	1
2194	1
2195	1
2196	1
2197	1
2198	1
2199	1
2200	1
2201	1
2202	1
2203	1
2204	1
2205	1
2206	1
2207	1
2208	1
2209	1
2210	1
2211	1
2212	1
2213	1
2214	1
2215	1
2216	1
2217	1
2218	1
2219	1
2220	1
2221	1
2222	1
2223	1
2224	1
2225	1
2226	1
2227	1
2228	1
2229	1
2230	1
2231	1
2232	1
2233	1
2234	1
2235	1
2236	1
2237	1
2238	1
2239	1
2240	1
2241	1
2242	1
2243	1
2244	1
2245	1
2246	1
2247	1
2248	1
2249	1
2250	1
2251	1
2252	1
2253	1
2254	1
2255	1
2256	1
2257	1
2258	1
2259	1
2260	1
2261	1
2262	1
2263	1
2264	1
2265	1
2266	1
2267	1
2268	1
2269	1
2270	1
2271	1
2272	1
2273	1
2274	1
2275	1
2276	1
2277	1
2278	1
2279	1
2280	1
2281	1
2282	1
2283	1
2284	1
2285	1
2286	1
2287	1
2288	1
2289	1
2290	1
2291	1
2292	1
2293	1
2294	1
2295	1
2296	1
2297	1
2298	1
2299	1
2300	1
2301	1
2302	1
2303	1
2304	1
2305	1
2306	1
2307	1
2308	1
2309	1
2310	1
2311	1
2312	1
2313	1
2314	1
2315	1
2316	1
2317	1
2318	1
2319	1
2320	1
2321	1
2322	1
2323	1
2324	1
2325	1
2326	1
2327	1
2328	1
2329	1
2330	1
2331	1
2332	1
2333	1
2334	1
2335	1
2336	1
2337	1
2338	1
2339	1
2340	1
2341	1
2342	1
2343	1
2344	1
2345	1
2346	1
2347	1
2348	1
2349	1
2350	1
2351	1
2352	1
2353	1
2354	1
2355	1
2356	1
2357	1
2358	1
2359	1
2360	1
2361	1
2362	1
2363	1
2364	1
2365	1
2366	1
2367	1
2368	1
2369	1
2370	1
2371	1
2372	1
2373	1
2374	1
2375	1
2376	1
2377	1
2378	1
2379	1
2380	1
2381	1
2382	1
2383	1
2384	1
2385	1
2386	1
2387	1
2388	1
2389	1
2390	1
2391	1
2392	1
2393	1
2394	1
2395	1
2396	1
2397	1
2398	1
2399	1
2400	1
2401	1
2402	1
2403	1
2404	1
2405	1
2406	1
2407	1
2408	1
2409	1
2410	1
2411	1
2412	1
2413	1
2414	1
2415	1
2416	1
2417	1
2418	1
2419	1
2420	1
2421	1
2422	1
2423	1
2424	1
2425	1
2426	1
2427	1
2428	1
2429	1
2430	1
2431	1
2432	1
2433	1
2434	1
2435	1
2436	1
2437	1
2438	1
2439	1
2440	1
2441	1
2442	1
2443	1
2444	1
2445	1
2446	1
2447	1
2448	1
2449	1
2450	1
2451	1
2452	1
2453	1
2454	1
2455	1
2456	1
2457	1
2458	1
2459	1
2460	1
2461	1
2462	1
2463	1
2464	1
2465	1
2466	1
2467	1
2468	1
2469	1
2470	1
2471	1
2472	1
2473	1
2474	1
2475	1
2476	1
2477	1
2478	1
2479	1
2480	1
2481	1
2482	1
2483	1
2484	1
2485	1
2486	1
2487	1
2488	1
2489	1
2490	1
2491	1
2492	1
2493	1
2494	1
2495	1
2496	1
2497	1
2498	1
2499	2
2500	2
2501	2
2502	2
2503	2
2504	2
2505	2
2506	2
2507	2
2508	2
2509	2
2510	2
2511	2
2512	2
2513	2
2514	2
2515	2
2516	2
2517	2
2518	2
2519	2
2520	2
2521	2
2522	2
2523	2
2524	2
2525	2
2526	2
2527	2
2528	2
2529	2
2530	2
2531	2
2532	2
2533	2
2534	2
2535	2
2536	2
2537	2
2538	2
2539	2
2540	2
2541	2
2542	2
2543	2
2544	2
2545	2
2546	2
2547	2
2548	2
2549	2
2550	2
2551	2
2552	2
2553	2
2554	2
2555	2
2556	2
2557	2
2558	2
2559	2
2560	2
2561	2
2562	2
2563	2
2564	2
2565	2
2566	2
2567	2
2568	2
2569	2
2570	2
2571	2
2572	2
2573	2
2574	2
2575	2
2576	2
2577	2
2578	2
2579	2
2580	2
2581	2
2582	2
2583	2
2584	2
2585	2
2586	2
2587	2
2588	2
2589	2
2590	2
2591	2
2592	2
2593	3
2594	3
2595	3
2596	3
2597	3
2598	3
2599	3
2600	3
2601	3
2602	3
2603	3
2604	3
2605	3
2606	3
2607	3
2608	3
2609	3
2610	3
2611	3
2612	3
2613	3
2614	3
2615	3
2616	3
2617	3
2618	3
2619	3
2620	3
2621	3
2622	3
2623	3
2624	3
2625	3
2626	3
2627	3
2628	3
2629	3
2630	3
2631	3
2632	3
2633	3
2634	3
2635	3
2636	3
2637	3
2638	3
2639	3
2640	3
2641	3
2642	3
2643	3
2644	3
2645	3
2646	3
2647	3
2648	3
2649	3
2650	3
2651	3
2652	3
2653	3
2654	3
2655	3
2656	3
2657	3
2658	3
2659	3
2660	3
2661	3
2662	3
2663	3
2664	3
2665	3
2666	3
2667	3
2668	3
2669	3
2670	3
2671	3
2672	3
2673	3
2674	3
2675	3
2676	3
2677	3
2678	3
2679	3
2680	3
2681	3
2682	3
2683	3
2684	3
2685	3
2686	3
2687	3
2688	3
2689	3
2690	3
2691	3
2692	3
2693	3
2694	3
2695	3
2696	3
2697	3
2698	3
2699	3
2700	3
2701	3
2702	3
2703	3
2704	3
2705	3
2706	3
2707	3
2708	3
2709	3
2710	3
2711	3
2712	3
2713	3
2714	3
2715	3
2716	3
2717	3
2718	3
2719	3
2720	3
2721	3
2722	3
2723	3
2724	3
2725	3
2726	3
2727	3
2728	3
2729	3
2730	3
2731	3
2732	3
2733	3
2734	3
2735	3
2736	3
2737	3
2738	3
2739	3
2740	3
2741	3
2742	3
2743	3
2744	3
2745	3
2746	3
2747	3
2748	3
2749	3
2750	3
2751	3
2752	3
2753	3
2754	3
2755	3
2756	3
2757	3
2758	3
2759	3
2760	3
2761	3
2762	3
2763	3
2764	3
2765	3
2766	3
2767	3
2768	3
2769	3
2770	3
2771	3
2772	3
2773	3
2774	3
2775	3
2776	3
2777	3
2778	3
2779	3
2780	3
2781	3
2782	3
2783	3
2784	3
2785	3
2786	3
2787	3
2788	3
2789	3
2790	3
2791	3
2792	3
2793	3
2794	3
2795	3
2796	3
2797	3
2798	3
2799	3
2800	3
2801	3
2802	3
2803	3
2804	3
2805	3
2806	3
2807	3
2808	3
2809	3
2810	3
2811	3
2812	3
2813	3
2814	3
2815	3
2816	3
2817	3
2818	3
2819	3
2820	3
2821	3
2822	3
2823	3
2824	3
2825	3
2826	3
2827	3
2828	3
2829	3
2830	3
2831	3
2832	3
2833	3
2834	3
2835	3
2836	3
2837	3
2838	3
2839	3
2840	3
2841	3
2842	3
2843	3
2844	3
2845	3
2846	3
2847	3
2848	3
2849	3
2850	3
2851	3
2852	3
2853	3
2854	3
2855	3
2856	3
2857	3
2858	3
2859	3
2860	3
2861	3
2862	3
2863	3
2864	3
2865	3
2866	3
2867	3
2868	3
2869	3
2870	3
2871	3
2872	3
2873	3
2874	3
2875	3
2876	3
2877	3
2878	3
2879	3
2880	3
2881	3
2882	3
2883	3
2884	3
2885	3
2886	3
2887	3
2888	3
2889	3
2890	3
2891	3
2892	3
2893	3
2894	3
2895	3
2896	3
2897	3
2898	3
2899	3
2900	3
2901	3
2902	3
2903	3
2904	3
2905	3
2906	3
2907	3
2908	3
2909	3
2910	3
2911	3
2912	3
2913	3
2914	3
2915	3
2916	3
2917	3
2918	3
2919	3
2920	3
2921	3
2922	3
2923	3
2924	3
2925	3
2926	3
2927	3
2928	3
2929	3
2930	3
2931	3
2932	3
2933	3
2934	3
2935	3
2936	3
2937	3
2938	3
2939	3
2940	3
2941	3
2942	3
2943	3
2944	3
2945	3
2946	3
2947	3
2948	3
2949	3
2950	3
2951	3
2952	3
2953	3
2954	3
2955	3
2956	3
2957	3
2958	3
2959	3
2960	3
2961	3
2962	3
2963	3
2964	3
2965	3
2966	3
2967	3
2968	3
2969	3
2970	3
2971	3
2972	3
2973	3
2974	3
2975	3
2976	3
2977	3
2978	3
2979	3
2980	3
2981	3
2982	3
2983	3
2984	3
2985	3
2986	3
2987	3
2988	3
2989	3
2990	3
2991	3
2992	3
2993	3
2994	3
2995	3
2996	3
2997	3
2998	3
2999	3
3000	3
3001	3
3002	3
3003	3
3004	3
3005	3
3006	3
3007	3
3008	3
3009	3
3010	3
3011	3
3012	3
3013	3
3014	3
3015	3
3016	3
3017	3
3018	3
3019	3
3020	3
3021	3
3022	3
3023	3
3024	3
3025	3
3026	3
3027	3
3028	3
3029	3
3030	3
3031	3
3032	3
3033	3
3034	3
3035	3
3036	3
3037	3
3038	3
3039	3
3040	3
3041	3
3042	3
3043	3
3044	3
3045	3
3046	3
3047	3
3048	3
3049	3
3050	3
3051	3
3052	3
3053	3
3054	3
3055	3
3056	3
3057	3
3058	3
3059	3
3060	3
3061	3
3062	3
3063	3
3064	3
3065	3
3066	3
3067	3
3068	3
3069	3
3070	3
3071	3
3072	3
3073	3
3074	3
3075	3
3076	3
3077	3
3078	3
3079	3
3080	3
3081	3
3082	3
3083	3
3084	3
3085	3
3086	3
3087	3
3088	3
3089	3
3090	3
3091	3
3092	3
3093	3
3094	3
3095	3
3096	3
3097	3
3098	3
3099	3
3100	3
3101	3
3102	3
3103	3
3104	3
3105	3
3106	3
3107	3
3108	3
3109	3
3110	3
3111	3
3112	3
3113	3
3114	3
3115	3
3116	3
3117	3
3118	3
3119	3
3120	3
3121	3
3122	3
3123	3
3124	3
3125	3
3126	3
3127	3
3128	3
3129	3
3130	3
3131	3
3132	3
3133	3
3134	3
3135	3
3136	3
3137	3
3138	3
3139	3
3140	3
3141	3
3142	3
3143	3
3144	3
3145	3
3146	3
3147	3
3148	3
3149	3
3150	3
3151	3
3152	3
3153	3
3154	3
3155	3
3156	3
3157	3
3158	3
3159	3
3160	3
3161	3
3162	3
3163	3
3164	3
3165	3
3166	3
3167	3
3168	3
3169	3
3170	3
3171	3
3172	3
3173	3
3174	3
3175	3
3176	3
3177	3
3178	3
3179	3
3180	3
3181	3
3182	3
3183	3
3184	3
3185	3
3186	3
3187	3
3188	3
3189	3
3190	3
3191	3
3192	3
3193	3
3194	3
3195	3
3196	3
3197	3
3198	3
3199	3
3200	3
3201	3
3202	3
3203	3
3204	3
3205	3
3206	3
3207	3
3208	3
3209	3
3210	3
3211	3
3212	3
3213	3
3214	3
3215	3
3216	3
3217	3
3218	3
3219	3
3220	3
3221	3
3222	3
3223	3
3224	3
3225	3
3226	3
3227	3
3228	3
3229	3
3230	3
3231	3
3232	3
3233	3
3234	3
3235	3
3236	3
3237	3
3238	3
3239	3
3240	3
3241	3
3242	3
3243	3
3244	3
3245	3
3246	3
3247	3
3248	3
3249	3
3250	3
3251	3
3252	3
3253	3
3254	3
3255	3
3256	3
3257	3
3258	3
3259	3
3260	3
3261	3
3262	3
3263	3
3264	3
3265	3
3266	3
3267	3
3268	3
3269	3
3270	3
3271	3
3272	3
3273	3
3274	3
3275	3
3276	3
3277	3
3278	3
3279	3
3280	3
3281	3
3282	3
3283	3
3284	3
3285	3
3286	3
3287	3
3288	3
3289	3
3290	3
3291	3
3292	3
3293	3
3294	3
3295	3
3296	3
3297	3
3298	3
3299	3
3300	3
3301	3
3302	3
3303	3
3304	3
3305	3
3306	3
3307	3
3308	3
3309	3
3310	3
3311	3
3312	3
3313	3
3314	3
3315	3
3316	3
3317	3
3318	3
3319	3
3320	3
3321	3
3322	3
3323	3
3324	3
3325	3
3326	3
3327	3
3328	3
3329	3
3330	3
3331	3
3332	3
3333	3
3334	3
3335	3
3336	3
3337	3
3338	3
3339	3
3340	3
3341	3
3342	3
3343	3
3344	3
3345	3
3346	3
3347	3
3348	3
3349	3
3350	3
3351	3
3352	3
3353	3
3354	3
3355	3
3356	3
3357	3
3358	3
3359	3
3360	3
3361	3
3362	3
3363	3
3364	3
3365	3
3366	3
3367	3
3368	3
3369	3
3370	3
3371	3
3372	3
3373	3
3374	3
3375	3
3376	3
3377	3
3378	3
3379	3
3380	3
3381	3
3382	3
3383	3
3384	3
3385	3
3386	3
3387	3
3388	3
3389	3
3390	3
3391	3
3392	3
3393	3
3394	3
3395	3
3396	3
3397	3
3398	3
3399	3
3400	3
3401	3
3402	3
3403	3
3404	3
3405	3
3406	3
3407	3
3408	3
3409	3
3410	3
3411	3
3412	3
3413	3
3414	3
3415	3
3416	3
3417	3
3418	3
3419	3
3420	3
3421	3
3422	3
3423	3
3424	3
3425	3
3426	3
3427	3
3428	3
3429	3
3430	3
3431	3
3432	3
3433	3
3434	3
3435	3
3436	3
3437	3
3438	3
3439	3
3440	3
3441	3
3442	3
3443	3
3444	3
3445	3
3446	3
3447	3
3448	3
3449	3
3450	3
3451	3
3452	3
3453	3
3454	3
3455	3
3456	3
3457	3
3458	3
3459	3
3460	3
3461	3
3462	3
3463	3
3464	3
3465	3
3466	3
3467	3
3468	3
3469	3
3470	3
3471	3
3472	3
3473	3
3474	3
3475	3
3476	3
3477	3
3478	3
3479	3
3480	3
3481	3
3482	3
3483	3
3484	3
3485	3
3486	3
3487	3
3488	3
3489	3
3490	3
3491	3
3492	3
3493	3
3494	3
3495	3
3496	3
3497	3
3498	3
3499	3
3500	3
3501	3
3502	3
3503	3
3504	3
3505	3
3506	3
3507	3
3508	3
3509	3
3510	3
3511	3
3512	3
3513	3
3514	3
3515	3
3516	3
3517	3
3518	3
3519	3
3520	3
3521	3
3522	3
3523	3
3524	3
3525	3
3526	3
3527	3
3528	3
3529	3
3530	3
3531	3
3532	3
3533	3
3534	3
3535	3
3536	3
3537	3
3538	3
3539	3
3540	3
3541	3
3542	3
3543	3
3544	3
3545	3
3546	3
3547	3
3548	3
3549	3
3550	3
3551	3
3552	3
3553	3
3554	3
3555	3
3556	3
3557	3
3558	3
3559	3
3560	3
3561	3
3562	3
3563	3
3564	3
3565	3
3566	3
3567	3
3568	3
3569	3
3570	3
3571	3
3572	3
3573	3
3574	3
3575	3
3576	3
3577	3
3578	3
3579	3
3580	3
3581	3
3582	3
3583	3
3584	3
3585	3
3586	3
3587	3
3588	3
3589	3
3590	3
3591	3
3592	3
3593	3
3594	3
3595	3
3596	3
3597	3
3598	3
3599	3
3600	3
3601	3
3602	3
3603	3
3604	3
3605	3
3606	3
3607	3
3608	3
3609	3
3610	3
3611	3
3612	3
3613	3
3614	3
3615	3
3616	3
3617	3
3618	3
3619	3
3620	3
3621	3
3622	3
3623	3
3624	3
3625	3
3626	3
3627	3
3628	3
3629	3
3630	3
3631	3
3632	3
3633	3
3634	3
3635	3
3636	3
3637	3
3638	3
3639	3
3640	3
3641	3
3642	3
3643	3
3644	3
3645	3
3646	3
3647	3
3648	3
3649	3
3650	3
3651	3
3652	3
3653	3
3654	3
3655	3
3656	3
3657	3
3658	3
3659	3
3660	3
3661	3
3662	3
3663	3
3664	3
3665	3
3666	3
3667	3
3668	3
3669	3
3670	3
3671	4
3672	4
3673	4
3674	4
3675	4
3676	4
3677	4
3678	4
3679	4
3680	4
3681	4
3682	4
3683	4
3684	4
3685	4
3686	4
3687	4
3688	4
3689	4
3690	4
3691	4
3692	4
3693	4
3694	4
3695	4
3696	4
3697	4
3698	4
3699	4
3700	4
3701	4
3702	4
3703	4
3704	4
3705	4
3706	4
3707	4
3708	4
3709	4
3710	4
3711	4
3712	4
3713	4
3714	4
3715	4
3716	4
3717	4
3718	4
3719	4
3720	4
3721	4
3722	4
3723	4
3724	4
3725	4
3726	4
3727	4
3728	4
3729	4
3730	4
3731	4
3732	4
3733	4
3734	4
3735	4
3736	4
3737	4
3738	4
3739	4
3740	4
3741	4
3742	4
3743	4
3744	4
3745	4
3746	4
3747	4
3748	4
3749	4
3750	4
3751	4
3752	4
3753	4
3754	4
3755	4
3756	4
3757	4
3758	4
3759	4
3760	4
3761	4
3762	4
3763	4
3764	4
3765	4
3766	4
3767	4
3768	4
3769	4
3770	4
3771	4
3772	4
3773	4
3774	4
3775	4
3776	4
3777	4
3778	4
3779	4
3780	4
3781	4
3782	4
3783	4
3784	4
3785	4
3786	4
3787	4
3788	4
3789	4
3790	4
3791	4
3792	4
3793	4
3794	4
3795	4
3796	4
3797	4
3798	4
3799	4
3800	4
3801	4
3802	4
3803	4
3804	4
3805	4
3806	4
3807	4
3808	4
3809	4
3810	4
3811	4
3812	4
3813	4
3814	4
3815	4
3816	4
3817	4
3818	4
3819	4
3820	4
3821	4
3822	4
3823	4
3824	4
3825	4
3826	4
3827	4
3828	4
3829	4
3830	4
3831	4
3832	4
3833	4
3834	4
3835	4
3836	4
3837	4
3838	4
3839	4
3840	4
3841	4
3842	4
3843	4
3844	4
3845	4
3846	4
3847	4
3848	4
3849	4
3850	4
3851	4
3852	4
3853	4
3854	4
3855	4
3856	4
3857	4
3858	4
3859	4
3860	4
3861	4
3862	4
3863	4
3864	4
3865	4
3866	4
3867	4
3868	4
3869	4
3870	4
3871	4
3872	4
3873	4
3874	4
3875	4
3876	4
3877	4
3878	4
3879	4
3880	4
3881	4
3882	4
3883	4
3884	4
3885	4
3886	4
3887	4
3888	4
3889	4
3890	4
3891	4
3892	4
3893	4
3894	4
3895	4
3896	4
3897	4
3898	4
3899	4
3900	4
3901	4
3902	4
3903	4
3904	4
3905	4
3906	4
3907	4
3908	4
3909	4
3910	4
3911	4
3912	4
3913	4
3914	4
3915	4
3916	4
3917	4
3918	4
3919	4
3920	4
3921	4
3922	4
3923	4
3924	4
3925	4
3926	4
3927	4
3928	4
3929	4
3930	4
3931	4
3932	4
3933	4
3934	4
3935	4
3936	4
3937	4
3938	4
3939	4
3940	4
3941	4
3942	4
3943	4
3944	4
3945	4
3946	4
3947	4
3948	4
3949	4
3950	4
3951	4
3952	4
3953	4
3954	4
3955	4
3956	4
3957	4
3958	4
3959	4
3960	4
3961	4
3962	4
3963	4
3964	4
3965	4
3966	4
3967	5
3968	5
3969	5
3970	5
3971	5
3972	5
3973	5
3974	5
3975	5
3976	5
3977	5
3978	5
3979	5
3980	5
3981	5
3982	5
3983	5
3984	5
3985	5
3986	5
3987	5
3988	5
3989	5
3990	5
3991	5
3992	5
3993	5
3994	5
3995	5
3996	5
3997	5
3998	5
3999	5
4000	5
4001	5
4002	5
4003	5
4004	5
4005	5
4006	5
4007	5
4008	5
4009	5
4010	5
4011	5
4012	5
4013	5
4014	5
4015	5
4016	5
4017	5
4018	5
4019	5
4020	5
4021	5
4022	5
4023	5
4024	5
4025	5
4026	5
4027	5
4028	5
4029	5
4030	5
4031	5
4032	5
4033	5
4034	5
4035	5
4036	5
4037	5
4038	5
4039	5
4040	5
4041	5
4042	5
4043	5
4044	5
4045	5
4046	5
4047	5
4048	5
4049	5
4050	5
4051	5
4052	5
4053	5
4054	5
4055	5
4056	5
4057	5
4058	5
4059	5
4060	5
4061	5
4062	5
4063	5
4064	5
4065	5
4066	5
4067	5
4068	5
4069	5
4070	5
4071	5
4072	5
4073	5
4074	5
4075	5
4076	5
4077	5
4078	5
4079	5
4080	5
4081	5
4082	6
4083	6
4084	6
4085	6
4086	6
4087	6
4088	6
4089	6
4090	6
4091	6
4092	6
4093	6
4094	6
4095	6
4096	6
4097	6
4098	6
4099	6
4100	6
4101	6
4102	6
4103	6
4104	6
4105	6
4106	6
4107	6
4108	6
4109	6
4110	6
4111	6
4112	6
4113	6
4114	6
4115	6
4116	6
4117	6
4118	6
4119	6
4120	6
4121	6
4122	6
4123	6
4124	6
4125	6
4126	6
4127	6
4128	6
4129	6
4130	6
4131	6
4132	6
4133	6
4134	6
4135	6
4136	6
4137	6
4138	6
4139	6
4140	6
4141	6
4142	6
4143	6
4144	6
4145	6
4146	6
4147	6
4148	6
4149	6
4150	6
4151	6
4152	6
4153	6
4154	6
4155	6
4156	6
4157	6
4158	6
4159	6
4160	6
4161	6
4162	6
4163	6
4164	6
4165	6
4166	6
4167	6
4168	6
4169	6
4170	6
4171	6
4172	6
4173	6
4174	6
4175	6
4176	6
4177	6
4178	6
4179	6
4180	6
4181	6
4182	6
4183	6
4184	6
4185	6
4186	6
4187	6
4188	6
4189	6
4190	6
4191	6
4192	6
4193	6
4194	6
4195	6
4196	6
4197	6
4198	6
4199	6
4200	6
4201	6
4202	6
4203	6
4204	6
4205	6
4206	6
4207	6
4208	6
4209	6
4210	6
4211	6
4212	6
4213	6
4214	6
4215	6
4216	6
4217	6
4218	6
4219	6
4220	7
4221	7
4222	7
4223	7
4224	7
4225	7
4226	7
4227	7
4228	7
4229	7
4230	7
4231	7
4232	7
4233	7
4234	7
4235	7
4236	7
4237	7
4238	7
4239	7
4240	7
4241	7
4242	7
4243	7
4244	7
4245	7
4246	7
4247	7
4248	7
4249	7
4250	7
4251	7
4252	7
4253	7
4254	7
4255	7
4256	7
4257	7
4258	7
4259	7
4260	7
4261	7
4262	7
4263	7
4264	7
4265	7
4266	7
4267	7
4268	7
4269	7
4270	7
4271	7
4272	7
4273	7
4274	7
4275	7
4276	7
4277	7
4278	7
4279	7
4280	7
4281	7
4282	7
4283	7
4284	7
4285	7
4286	7
4287	7
4288	7
4289	7
4290	7
4291	7
4292	7
4293	7
4294	7
4295	7
4296	7
4297	7
4298	7
4299	7
4300	7
4301	7
4302	7
4303	7
4304	7
4305	7
4306	7
4307	7
4308	7
4309	7
4310	7
4311	7
4312	7
4313	7
4314	7
4315	7
4316	7
4317	7
4318	7
4319	7
4320	7
4321	7
4322	7
4323	7
4324	7
4325	7
4326	7
4327	7
4328	7
4329	7
4330	7
4331	7
4332	7
4333	7
4334	7
4335	7
4336	7
4337	7
4338	7
4339	7
4340	7
4341	7
4342	7
4343	7
4344	7
4345	7
4346	7
4347	7
4348	7
4349	7
4350	7
4351	7
4352	7
4353	7
4354	7
4355	7
4356	7
4357	7
4358	7
4359	7
4360	7
4361	7
4362	7
4363	7
4364	7
4365	7
4366	7
4367	7
4368	7
4369	7
4370	7
4371	7
4372	7
4373	7
4374	7
4375	7
4376	7
4377	7
4378	7
4379	7
4380	7
4381	7
4382	7
4383	7
4384	7
4385	7
4386	7
4387	7
4388	7
4389	7
4390	7
4391	7
4392	7
4393	8
4394	8
4395	8
4396	8
4397	8
4398	8
4399	8
4400	8
4401	8
4402	8
4403	8
4404	8
4405	8
4406	8
4407	8
4408	8
4409	8
4410	8
4411	8
4412	8
4413	8
4414	8
4415	8
4416	8
4417	8
4418	8
4419	8
4420	8
4421	8
4422	8
4423	8
4424	8
4425	8
4426	8
4427	8
4428	8
4429	8
4430	8
4431	8
4432	8
4433	8
4434	8
4435	8
4436	8
4437	8
4438	8
4439	8
4440	8
4441	8
4442	8
4443	8
4444	8
4445	8
4446	8
4447	8
4448	8
4449	8
4450	8
4451	8
4452	8
4453	8
4454	8
4455	8
4456	8
4457	8
4458	8
4459	8
4460	8
4461	8
4462	8
4463	8
4464	8
4465	8
4466	8
4467	8
4468	8
4469	8
4470	8
4471	8
4472	8
4473	8
4474	8
4475	8
4476	8
4477	8
4478	8
4479	8
4480	8
4481	8
4482	8
4483	8
4484	8
4485	8
4486	8
4487	8
4488	8
4489	8
4490	8
4491	8
4492	8
4493	8
4494	8
4495	8
4496	8
4497	8
4498	8
4499	8
4500	8
4501	8
4502	8
4503	8
4504	8
4505	8
4506	8
4507	8
4508	8
4509	8
4510	8
4511	8
4512	8
4513	8
4514	8
4515	8
4516	8
4517	8
4518	8
4519	8
4520	8
4521	8
4522	8
4523	8
4524	8
4525	8
4526	8
4527	8
4528	8
4529	8
4530	8
4531	8
4532	8
4533	8
4534	8
4535	8
4536	8
4537	8
4538	8
4539	8
4540	8
4541	8
4542	8
4543	8
4544	8
4545	8
4546	8
4547	8
4548	8
4549	8
4550	8
4551	8
4552	8
4553	8
4554	8
4555	8
4556	8
4557	8
4558	8
4559	8
4560	8
4561	8
4562	8
4563	8
4564	8
4565	8
4566	8
4567	8
4568	8
4569	8
4570	8
4571	8
4572	8
4573	8
4574	8
4575	8
4576	8
4577	8
4578	8
4579	8
4580	8
4581	8
4582	8
4583	8
4584	8
4585	8
4586	8
4587	8
4588	8
4589	8
4590	8
4591	8
4592	8
4593	8
4594	8
4595	8
4596	8
4597	8
4598	8
4599	8
4600	8
4601	8
4602	8
4603	8
4604	8
4605	8
4606	8
4607	8
4608	8
4609	8
4610	8
4611	8
4612	8
4613	8
4614	8
4615	8
4616	8
4617	8
4618	8
4619	8
4620	8
4621	8
4622	8
4623	8
4624	8
4625	8
4626	8
4627	8
4628	8
4629	8
4630	8
4631	8
4632	8
4633	8
4634	8
4635	8
4636	8
4637	8
4638	8
4639	8
4640	8
4641	8
4642	8
4643	8
4644	8
4645	8
4646	8
4647	8
4648	8
4649	8
4650	8
4651	8
4652	8
4653	8
4654	8
4655	8
4656	8
4657	8
4658	8
4659	8
4660	8
4661	8
4662	8
4663	8
4664	8
4665	8
4666	8
4667	8
4668	8
4669	8
4670	8
4671	8
4672	8
4673	8
4674	8
4675	8
4676	8
4677	8
4678	8
4679	8
4680	8
4681	8
4682	8
4683	8
4684	8
4685	8
4686	8
4687	8
4688	8
4689	8
4690	8
4691	8
4692	8
4693	8
4694	8
4695	8
4696	8
4697	8
4698	8
4699	8
4700	8
4701	8
4702	8
4703	8
4704	8
4705	8
4706	8
4707	8
4708	8
4709	8
4710	8
4711	8
4712	8
4713	8
4714	8
4715	8
4716	8
4717	8
4718	8
4719	8
4720	8
4721	8
4722	8
4723	8
4724	8
4725	8
4726	8
4727	8
4728	8
4729	8
4730	8
4731	8
4732	8
4733	8
4734	8
4735	8
4736	8
4737	8
4738	8
4739	8
4740	8
4741	8
4742	8
4743	8
4744	8
4745	8
4746	8
4747	8
4748	8
4749	8
4750	8
4751	8
4752	8
4753	8
4754	8
4755	8
4756	8
4757	8
4758	8
4759	8
4760	8
4761	8
4762	8
4763	8
4764	8
4765	8
4766	8
4767	8
4768	8
4769	8
4770	8
4771	8
4772	8
4773	8
4774	8
4775	8
4776	8
4777	8
4778	8
4779	8
4780	8
4781	8
4782	8
4783	8
4784	8
4785	8
4786	8
4787	8
4788	8
4789	8
4790	8
4791	8
4792	8
4793	8
4794	8
4795	8
4796	8
4797	8
4798	8
4799	8
4800	8
4801	8
4802	8
4803	8
4804	8
4805	8
4806	8
4807	8
4808	8
4809	8
4810	8
4811	8
4812	8
4813	8
4814	8
4815	8
4816	8
4817	8
4818	8
4819	8
4820	8
4821	8
4822	8
4823	8
4824	8
4825	8
4826	8
4827	8
4828	8
4829	8
4830	8
4831	8
4832	8
4833	8
4834	8
4835	8
4836	8
4837	8
4838	8
4839	8
4840	8
4841	8
4842	8
4843	8
4844	8
4845	8
4846	8
4847	8
4848	8
4849	8
4850	8
4851	8
4852	8
4853	8
4854	8
4855	8
4856	8
4857	8
4858	8
4859	8
4860	8
4861	8
4862	8
4863	8
4864	8
4865	8
4866	8
4867	8
4868	8
4869	8
4870	8
4871	8
4872	8
4873	8
4874	8
4875	8
4876	8
4877	8
4878	8
4879	8
4880	8
4881	8
4882	8
4883	8
4884	8
4885	8
4886	8
4887	8
4888	8
4889	8
4890	8
4891	8
4892	8
4893	8
4894	8
4895	8
4896	8
4897	8
4898	8
4899	8
4900	8
4901	8
4902	8
4903	8
4904	8
4905	8
4906	8
4907	8
4908	8
4909	8
4910	8
4911	8
4912	8
4913	8
4914	8
4915	8
4916	8
4917	8
4918	8
4919	8
4920	8
4921	8
4922	8
4923	8
4924	8
4925	8
4926	8
4927	8
4928	8
4929	8
4930	8
4931	8
4932	8
4933	8
4934	8
4935	8
4936	8
4937	8
4938	8
4939	8
4940	8
4941	8
4942	8
4943	8
4944	8
4945	8
4946	8
4947	8
4948	8
4949	8
4950	8
4951	8
4952	8
4953	8
4954	8
4955	8
4956	8
4957	8
4958	8
4959	8
4960	8
4961	8
4962	8
4963	8
4964	8
4965	8
4966	8
4967	8
4968	8
4969	8
4970	8
4971	8
4972	8
4973	8
4974	8
4975	8
4976	8
4977	8
4978	8
4979	8
4980	8
4981	8
4982	8
4983	8
4984	8
4985	8
4986	8
4987	8
4988	8
4989	8
4990	8
4991	8
4992	8
4993	8
4994	8
4995	8
4996	8
4997	8
4998	8
4999	8
5000	8
5001	8
5002	8
5003	8
5004	8
5005	8
5006	8
5007	8
5008	8
5009	8
5010	8
5011	8
5012	8
5013	8
5014	8
5015	8
5016	8
5017	8
5018	8
5019	8
5020	8
5021	8
5022	8
5023	8
5024	8
5025	8
5026	8
5027	8
5028	8
5029	8
5030	8
5031	8
5032	8
5033	8
5034	8
5035	8
5036	8
5037	8
5038	8
5039	8
5040	8
5041	8
5042	8
5043	8
5044	8
5045	8
5046	8
5047	8
5048	8
5049	8
5050	8
5051	8
5052	8
5053	8
5054	8
5055	8
5056	8
5057	8
5058	8
5059	8
5060	8
5061	8
5062	8
5063	8
5064	8
5065	8
5066	8
5067	8
5068	8
5069	8
5070	8
5071	8
5072	8
5073	8
5074	8
5075	8
5076	8
5077	8
5078	8
5079	8
5080	8
5081	8
5082	8
5083	8
5084	8
5085	8
5086	8
5087	8
5088	8
5089	8
5090	8
5091	8
5092	8
5093	8
5094	8
5095	8
5096	8
5097	8
5098	8
5099	8
5100	8
5101	8
5102	8
5103	8
5104	8
5105	8
5106	8
5107	8
5108	8
5109	8
5110	8
5111	8
5112	8
5113	8
5114	8
5115	8
5116	8
5117	8
5118	8
5119	8
5120	8
5121	8
5122	8
5123	8
5124	8
5125	8
5126	8
5127	8
5128	8
5129	8
5130	8
5131	8
5132	8
5133	8
5134	8
5135	8
5136	8
5137	8
5138	8
5139	8
5140	8
5141	8
5142	8
5143	8
5144	8
5145	8
5146	8
5147	8
5148	8
5149	8
5150	8
5151	8
5152	8
5153	8
5154	8
5155	8
5156	8
5157	8
5158	8
5159	8
5160	8
5161	8
5162	8
5163	8
5164	8
5165	8
5166	8
5167	8
5168	8
5169	8
5170	8
5171	8
5172	8
5173	8
5174	8
5175	8
5176	8
5177	8
5178	8
5179	8
5180	8
5181	8
5182	8
5183	8
5184	8
5185	8
5186	8
5187	8
5188	8
5189	8
5190	8
5191	8
5192	8
5193	8
5194	8
5195	8
5196	8
5197	8
5198	8
5199	8
5200	8
5201	8
5202	8
5203	8
5204	8
5205	8
5206	8
5207	8
5208	8
5209	8
5210	8
5211	8
5212	8
5213	8
5214	8
5215	8
5216	8
5217	8
5218	8
5219	8
5220	8
5221	8
5222	8
5223	8
5224	8
5225	8
5226	8
5227	8
5228	8
5229	8
5230	8
5231	8
5232	8
5233	8
5234	8
5235	8
5236	8
5237	8
5238	8
5239	8
5240	8
5241	8
5242	8
5243	8
5244	8
5245	8
5246	8
5247	8
5248	8
5249	8
5250	8
5251	8
5252	8
5253	8
5254	8
5255	8
5256	8
5257	8
5258	8
5259	8
5260	8
5261	8
5262	8
5263	8
5264	8
5265	8
5266	8
5267	8
5268	8
5269	8
5270	8
5271	8
5272	8
5273	8
5274	8
5275	8
5276	8
5277	8
5278	8
5279	8
5280	8
5281	8
5282	8
5283	9
5284	9
5285	9
5286	9
5287	9
5288	9
5289	9
5290	9
5291	9
5292	9
5293	9
5294	9
5295	9
5296	9
5297	9
5298	9
5299	9
5300	9
5301	9
5302	9
5303	9
5304	9
5305	9
5306	9
5307	9
5308	9
5309	9
5310	9
5311	9
5312	9
5313	9
5314	9
5315	9
5316	9
5317	9
5318	9
5319	9
5320	9
5321	9
5322	9
5323	9
5324	9
5325	9
5326	9
5327	9
5328	9
5329	9
5330	9
5331	9
5332	9
5333	9
5334	9
5335	9
5336	9
5337	9
5338	9
5339	9
5340	9
5341	9
5342	9
5343	9
5344	9
5345	9
5346	9
5347	9
5348	9
5349	9
5350	9
5351	9
5352	9
5353	9
5354	9
5355	9
5356	9
5357	9
5358	9
5359	9
5360	9
5361	9
5362	9
5363	9
5364	9
5365	9
5366	9
5367	9
5368	9
5369	9
5370	9
5371	9
5372	9
5373	9
5374	9
5375	9
5376	9
5377	9
5378	9
5379	9
5380	9
5381	9
5382	9
5383	9
5384	9
5385	9
5386	9
5387	9
5388	9
5389	9
5390	9
5391	9
5392	9
5393	9
5394	9
5395	9
5396	9
5397	9
5398	9
5399	9
5400	9
5401	9
5402	9
5403	9
5404	9
5405	9
5406	9
5407	9
5408	9
5409	9
5410	9
5411	9
5412	9
5413	9
5414	9
5415	9
5416	9
5417	9
5418	9
5419	9
5420	9
5421	9
5422	9
5423	9
5424	9
5425	9
5426	9
5427	9
5428	9
5429	9
5430	9
5431	9
5432	9
5433	9
5434	9
5435	9
5436	9
5437	9
5438	9
5439	9
5440	9
5441	9
5442	9
5443	9
5444	9
5445	9
5446	9
5447	9
5448	9
5449	9
5450	9
5451	9
5452	9
5453	9
5454	9
5455	9
5456	9
5457	9
5458	9
5459	9
5460	9
5461	9
5462	9
5463	9
5464	9
5465	9
5466	9
5467	9
5468	9
5469	9
5470	9
5471	9
5472	9
5473	9
5474	9
5475	9
5476	9
5477	9
5478	9
5479	9
5480	9
5481	9
5482	9
5483	9
5484	9
5485	9
5486	9
5487	9
5488	9
5489	9
5490	9
5491	9
5492	9
5493	9
5494	9
5495	9
5496	9
5497	9
5498	9
5499	9
5500	9
5501	9
5502	9
5503	9
5504	9
5505	9
5506	9
5507	9
5508	9
5509	9
5510	9
5511	9
5512	9
5513	9
5514	9
5515	9
5516	9
5517	9
5518	9
5519	9
5520	9
5521	9
5522	9
5523	9
5524	9
5525	9
5526	9
5527	9
5528	9
5529	9
5530	9
5531	9
5532	9
5533	9
5534	9
5535	9
5536	9
5537	9
5538	9
5539	9
5540	9
5541	9
5542	9
5543	9
5544	9
5545	9
5546	9
5547	9
5548	9
5549	9
5550	9
5551	9
5552	9
5553	9
5554	9
5555	9
5556	9
5557	9
5558	9
5559	9
5560	9
5561	9
5562	9
5563	9
5564	9
5565	9
5566	9
5567	9
5568	9
5569	9
5570	9
5571	9
5572	9
5573	9
5574	9
5575	9
5576	9
5577	9
5578	9
5579	9
5580	9
5581	9
5582	9
5583	9
5584	9
5585	9
5586	9
5587	9
5588	9
5589	9
5590	9
5591	9
5592	9
5593	9
5594	9
5595	9
5596	9
5597	9
5598	9
5599	9
5600	9
5601	9
5602	9
5603	9
5604	9
5605	9
5606	9
5607	9
5608	9
5609	9
5610	9
5611	9
5612	9
5613	10
5614	10
5615	10
5616	10
5617	10
5618	10
5619	10
5620	10
5621	10
5622	10
5623	10
5624	10
5625	10
5626	10
5627	10
5628	10
5629	10
5630	10
5631	10
5632	10
5633	10
5634	10
5635	10
5636	10
5637	10
5638	10
5639	10
5640	10
5641	10
5642	10
5643	10
5644	10
5645	10
5646	10
5647	10
5648	10
5649	10
5650	10
5651	10
5652	10
5653	10
5654	10
5655	10
5656	10
5657	10
5658	10
5659	10
5660	10
5661	10
5662	10
5663	10
5664	10
5665	10
5666	10
5667	10
5668	10
5669	10
5670	10
5671	10
5672	10
5673	10
5674	10
5675	10
5676	10
5677	10
5678	10
5679	10
5680	10
5681	10
5682	10
5683	10
5684	10
5685	10
5686	10
5687	10
5688	10
5689	10
5690	10
5691	10
5692	10
5693	11
5694	11
5695	11
5696	11
5697	11
5698	11
5699	11
5700	11
5701	11
5702	11
5703	11
5704	11
5705	11
5706	11
5707	11
5708	11
5709	11
5710	11
5711	11
5712	11
5713	11
5714	11
5715	11
5716	11
5717	11
5718	11
5719	11
5720	11
5721	11
5722	11
5723	11
5724	11
5725	11
5726	11
5727	11
5728	11
5729	11
5730	11
5731	11
5732	11
5733	11
5734	11
5735	11
5736	11
5737	11
5738	11
5739	11
5740	11
5741	11
5742	11
5743	11
5744	11
5745	11
5746	11
5747	11
5748	11
5749	11
5750	11
5751	11
5752	11
5753	11
5754	11
5755	11
5756	11
5757	11
5758	11
5759	11
5760	11
5761	11
5762	11
5763	11
5764	11
5765	11
5766	11
5767	11
5768	11
5769	11
5770	11
5771	11
5772	11
5773	11
5774	11
5775	11
5776	11
5777	11
5778	11
5779	11
5780	11
5781	11
5782	11
5783	12
5784	12
5785	12
5786	12
5787	12
5788	12
5789	12
5790	12
5791	12
5792	12
5793	12
5794	12
5795	12
5796	12
5797	12
5798	12
5799	12
5800	12
5801	12
5802	12
5803	12
5804	12
5805	12
5806	12
5807	12
5808	12
5809	12
5810	12
5811	12
5812	12
5813	12
5814	12
5815	12
5816	12
5817	12
5818	12
5819	12
5820	12
5821	12
5822	12
5823	12
5824	12
5825	12
5826	12
5827	12
5828	12
5829	12
5830	12
5831	12
5832	12
5833	12
5834	12
5835	12
5836	12
5837	12
5838	12
5839	12
5840	12
5841	12
5842	12
5843	12
5844	12
5845	12
5846	12
5847	12
5848	12
5849	12
5850	12
5851	12
5852	12
5853	12
5854	12
5855	12
5856	12
5857	12
5858	12
5859	12
5860	12
5861	12
5862	12
5863	12
5864	12
5865	12
5866	12
5867	12
5868	12
5869	12
5870	12
5871	12
5872	12
5873	12
5874	12
5875	12
5876	12
5877	12
5878	12
5879	12
5880	12
5881	12
5882	12
5883	12
5884	12
5885	12
5886	12
5887	12
5888	12
5889	12
5890	12
5891	12
5892	12
5893	12
5894	12
5895	12
5896	12
5897	12
5898	12
5899	12
5900	12
5901	12
5902	12
5903	12
5904	12
5905	12
5906	12
5907	12
5908	12
5909	12
5910	12
5911	12
5912	12
5913	12
5914	12
5915	12
5916	12
5917	12
5918	12
5919	12
5920	12
5921	12
5922	12
5923	12
5924	12
5925	12
5926	12
5927	12
5928	12
5929	12
5930	12
5931	12
5932	12
5933	12
5934	12
5935	12
5936	12
5937	12
5938	12
5939	12
5940	12
5941	12
5942	12
5943	12
5944	12
5945	12
5946	12
5947	12
5948	12
5949	12
5950	12
5951	12
5952	12
5953	12
5954	12
5955	12
5956	12
5957	12
5958	12
5959	12
5960	12
5961	12
5962	12
5963	12
5964	12
5965	12
5966	12
5967	12
5968	12
5969	12
5970	12
5971	12
5972	12
5973	12
5974	12
5975	12
5976	12
5977	12
5978	12
5979	12
5980	12
5981	12
5982	12
5983	12
5984	12
5985	12
5986	12
5987	12
5988	12
5989	12
5990	12
5991	12
5992	12
5993	12
5994	12
5995	12
5996	12
5997	12
5998	12
5999	12
6000	12
6001	12
6002	12
6003	12
6004	12
6005	12
6006	12
6007	12
6008	12
6009	12
6010	12
6011	12
6012	12
6013	12
6014	12
6015	12
6016	12
6017	12
6018	12
6019	12
6020	12
6021	12
6022	12
6023	12
6024	12
6025	12
6026	12
6027	12
6028	12
6029	12
6030	12
6031	12
6032	12
6033	12
6034	12
6035	12
6036	12
6037	12
6038	12
6039	12
6040	12
6041	12
6042	12
6043	12
6044	12
6045	12
6046	12
6047	12
6048	12
6049	12
6050	12
6051	12
6052	12
6053	12
6054	12
6055	12
6056	12
6057	12
6058	12
6059	12
6060	12
6061	12
6062	12
6063	12
6064	12
6065	12
6066	12
6067	12
6068	12
6069	12
6070	12
6071	12
6072	12
6073	12
6074	12
6075	12
6076	12
6077	12
6078	12
6079	12
6080	12
6081	12
6082	12
6083	12
6084	12
6085	12
6086	12
6087	12
6088	12
6089	12
6090	12
6091	12
6092	12
6093	12
6094	12
6095	12
6096	12
6097	12
6098	12
6099	12
6100	12
6101	12
6102	12
6103	12
6104	12
6105	12
6106	12
6107	12
6108	12
6109	12
6110	12
6111	12
6112	12
6113	12
6114	12
6115	12
6116	12
6117	12
6118	12
6119	12
6120	12
6121	12
6122	12
6123	12
6124	12
6125	12
6126	12
6127	12
6128	12
6129	12
6130	12
6131	12
6132	12
6133	12
6134	12
6135	12
6136	12
6137	12
6138	12
6139	12
6140	12
6141	12
6142	12
6143	12
6144	12
6145	12
6146	12
6147	12
6148	12
6149	12
6150	13
6151	13
6152	13
6153	13
6154	13
6155	13
6156	13
6157	13
6158	13
6159	13
6160	13
6161	13
6162	13
6163	13
6164	13
6165	13
6166	13
6167	13
6168	13
6169	13
6170	13
6171	13
6172	13
6173	13
6174	13
6175	13
6176	13
6177	13
6178	13
6179	13
6180	13
6181	13
6182	13
6183	13
6184	13
6185	13
6186	13
6187	13
6188	13
6189	13
6190	13
6191	13
6192	13
6193	13
6194	13
6195	13
6196	13
6197	13
6198	13
6199	13
6200	13
6201	13
6202	13
6203	13
6204	13
6205	13
6206	13
6207	13
6208	13
6209	13
6210	13
6211	13
6212	13
6213	13
6214	13
6215	13
6216	13
6217	13
6218	13
6219	13
6220	13
6221	13
6222	13
6223	13
6224	13
6225	13
6226	13
6227	13
6228	13
6229	13
6230	13
6231	13
6232	13
6233	13
6234	13
6235	13
6236	13
6237	13
6238	13
6239	13
6240	13
6241	13
6242	13
6243	13
6244	13
6245	13
6246	13
6247	13
6248	13
6249	13
6250	13
6251	13
6252	13
6253	13
6254	13
6255	13
6256	13
6257	13
6258	13
6259	13
6260	13
6261	13
6262	13
6263	13
6264	13
6265	13
6266	13
6267	13
6268	13
6269	13
6270	13
6271	13
6272	13
6273	13
6274	13
6275	13
6276	13
6277	13
6278	13
6279	13
6280	13
6281	13
6282	13
6283	13
6284	13
6285	13
6286	13
6287	13
6288	13
6289	13
6290	13
6291	13
6292	13
6293	13
6294	13
6295	13
6296	13
6297	13
6298	13
6299	13
6300	13
6301	13
6302	13
6303	13
6304	13
6305	13
6306	13
6307	13
6308	13
6309	13
6310	13
6311	13
6312	13
6313	13
6314	13
6315	13
6316	13
6317	13
6318	13
6319	13
6320	13
6321	13
6322	13
6323	13
6324	13
6325	13
6326	13
6327	13
6328	13
6329	13
6330	13
6331	13
6332	13
6333	13
6334	13
6335	13
6336	13
6337	13
6338	13
6339	13
6340	13
6341	13
6342	13
6343	13
6344	13
6345	13
6346	13
6347	13
6348	13
6349	13
6350	13
6351	13
6352	13
6353	13
6354	13
6355	13
6356	13
6357	13
6358	13
6359	13
6360	13
6361	13
6362	13
6363	13
6364	13
6365	13
6366	13
6367	13
6368	13
6369	13
6370	13
6371	13
6372	13
6373	13
6374	13
6375	13
6376	13
6377	13
6378	13
6379	13
6380	13
6381	13
6382	13
6383	13
6384	13
6385	13
6386	13
6387	13
6388	13
6389	13
6390	13
6391	13
6392	13
6393	13
6394	13
6395	13
6396	13
6397	13
6398	13
6399	13
6400	13
6401	13
6402	13
6403	13
6404	13
6405	13
6406	13
6407	13
6408	13
6409	13
6410	13
6411	13
6412	13
6413	13
6414	13
6415	13
6416	13
6417	13
6418	13
6419	13
6420	13
6421	13
6422	13
6423	13
6424	13
6425	13
6426	13
6427	13
6428	13
6429	13
6430	13
6431	13
6432	13
6433	13
6434	13
6435	13
6436	13
6437	13
6438	13
6439	13
6440	13
6441	13
6442	13
6443	13
6444	13
6445	13
6446	13
6447	13
6448	13
6449	13
6450	13
6451	13
6452	13
6453	13
6454	13
6455	13
6456	13
6457	13
6458	13
6459	13
6460	13
6461	13
6462	13
6463	13
6464	13
6465	13
6466	13
6467	13
6468	13
6469	13
6470	13
6471	13
6472	13
6473	13
6474	13
6475	13
6476	13
6477	13
6478	13
6479	13
6480	13
6481	13
6482	13
6483	13
6484	13
6485	13
6486	13
6487	13
6488	13
6489	13
6490	13
6491	13
6492	13
6493	13
6494	13
6495	13
6496	13
6497	13
6498	13
6499	13
6500	13
6501	13
6502	13
6503	13
6504	13
6505	13
6506	13
6507	13
6508	13
6509	13
6510	13
6511	13
6512	13
6513	13
6514	13
6515	13
6516	13
6517	13
6518	13
6519	13
6520	13
6521	13
6522	13
6523	13
6524	13
6525	13
6526	13
6527	13
6528	13
6529	13
6530	13
6531	13
6532	13
6533	13
6534	13
6535	13
6536	13
6537	13
6538	13
6539	13
6540	13
6541	13
6542	13
6543	13
6544	13
6545	13
6546	13
6547	13
6548	13
6549	13
6550	13
6551	13
6552	13
6553	13
6554	13
6555	13
6556	13
6557	13
6558	13
6559	13
6560	13
6561	13
6562	13
6563	13
6564	13
6565	13
6566	13
6567	13
6568	13
6569	13
6570	13
6571	13
6572	13
6573	13
6574	13
6575	13
6576	13
6577	13
6578	13
6579	13
6580	13
6581	13
6582	13
6583	13
6584	13
6585	13
6586	13
6587	13
6588	13
6589	13
6590	13
6591	13
6592	13
6593	13
6594	13
6595	13
6596	13
6597	13
6598	13
6599	13
6600	13
6601	13
6602	13
6603	13
6604	13
6605	13
6606	13
6607	13
6608	13
6609	13
6610	13
6611	13
6612	13
6613	13
6614	13
6615	13
6616	13
6617	13
6618	13
6619	13
6620	13
6621	13
6622	13
6623	13
6624	13
6625	13
6626	13
6627	13
6628	13
6629	13
6630	13
6631	13
6632	13
6633	13
6634	13
6635	13
6636	13
6637	13
6638	13
6639	13
6640	13
6641	13
6642	13
6643	13
6644	13
6645	13
6646	13
6647	13
6648	13
6649	13
6650	13
6651	13
6652	13
6653	13
6654	13
6655	13
6656	13
6657	13
6658	13
6659	13
6660	13
6661	13
6662	13
6663	13
6664	13
6665	13
6666	13
6667	13
6668	13
6669	13
6670	13
6671	13
6672	13
6673	13
6674	13
6675	13
6676	13
6677	13
6678	13
6679	13
6680	13
6681	13
6682	13
6683	13
6684	13
6685	13
6686	13
6687	13
6688	13
6689	13
6690	13
6691	13
6692	13
6693	13
6694	13
6695	13
6696	13
6697	13
6698	13
6699	13
6700	13
6701	13
6702	13
6703	13
6704	13
6705	13
6706	13
6707	13
6708	13
6709	13
6710	13
6711	13
6712	13
6713	13
6714	13
6715	13
6716	13
6717	13
6718	13
6719	13
6720	13
6721	13
6722	13
6723	13
6724	13
6725	13
6726	13
6727	13
6728	13
6729	13
6730	13
6731	13
6732	13
6733	13
6734	13
6735	13
6736	13
6737	13
6738	13
6739	13
6740	13
6741	13
6742	13
6743	13
6744	13
6745	13
6746	13
6747	13
6748	13
6749	13
6750	13
6751	13
6752	13
6753	13
6754	13
6755	13
6756	13
6757	13
6758	13
6759	13
6760	13
6761	13
6762	13
6763	13
6764	13
6765	13
6766	13
6767	13
6768	13
6769	13
6770	13
6771	13
6772	13
6773	13
6774	13
6775	13
6776	14
6777	14
6778	14
6779	14
6780	14
6781	14
6782	14
6783	14
6784	14
6785	14
6786	14
6787	14
6788	14
6789	14
6790	14
6791	14
6792	14
6793	14
6794	14
6795	14
6796	14
6797	14
6798	14
6799	14
6800	14
6801	14
6802	14
6803	14
6804	14
6805	14
6806	14
6807	14
6808	14
6809	14
6810	14
6811	14
6812	14
6813	14
6814	14
6815	14
6816	14
6817	14
6818	14
6819	14
6820	14
6821	14
6822	14
6823	14
6824	14
6825	14
6826	14
6827	14
6828	14
6829	14
6830	14
6831	14
6832	14
6833	14
6834	14
6835	14
6836	14
6837	14
6838	14
6839	14
6840	14
6841	14
6842	14
6843	14
6844	14
6845	14
6846	14
6847	14
6848	14
6849	14
6850	14
6851	14
6852	14
6853	14
6854	14
6855	14
6856	14
6857	14
6858	14
6859	14
6860	14
6861	14
6862	14
6863	14
6864	14
6865	14
6866	14
6867	14
6868	14
6869	14
6870	14
6871	14
6872	14
6873	14
6874	14
6875	14
6876	14
6877	14
6878	14
6879	14
6880	14
6881	14
6882	14
6883	14
6884	14
6885	14
6886	14
6887	14
6888	14
6889	14
6890	14
6891	14
6892	14
6893	14
6894	14
6895	14
6896	14
6897	14
6898	14
6899	14
6900	14
6901	14
6902	14
6903	14
6904	14
6905	14
6906	14
6907	14
6908	14
6909	14
6910	14
6911	14
6912	14
6913	14
6914	14
6915	14
6916	14
6917	14
6918	14
6919	14
6920	14
6921	14
6922	14
6923	14
6924	14
6925	14
6926	14
6927	14
6928	14
6929	14
6930	14
6931	14
6932	14
6933	14
6934	14
6935	14
6936	14
6937	14
6938	14
6939	14
6940	14
6941	14
6942	14
6943	14
6944	14
6945	14
6946	14
6947	14
6948	14
6949	14
6950	14
6951	14
6952	14
6953	14
6954	14
6955	14
6956	14
6957	14
6958	14
6959	14
6960	14
6961	14
6962	14
6963	14
6964	14
6965	14
6966	14
6967	14
6968	14
6969	14
6970	14
6971	14
6972	14
6973	14
6974	14
6975	14
6976	14
6977	14
6978	14
6979	14
6980	14
6981	14
6982	14
6983	14
6984	14
6985	14
6986	14
6987	14
6988	14
6989	14
6990	14
6991	14
6992	14
6993	14
6994	14
6995	14
6996	14
6997	14
6998	14
6999	14
7000	14
7001	14
7002	14
7003	14
7004	14
7005	14
7006	14
7007	14
7008	14
7009	14
7010	14
7011	14
7012	14
7013	14
7014	14
7015	14
7016	14
7017	14
7018	14
7019	14
7020	14
7021	14
7022	14
7023	14
7024	14
7025	14
7026	14
7027	14
7028	14
7029	14
7030	14
7031	14
7032	14
7033	14
7034	14
7035	14
7036	14
7037	14
7038	14
7039	14
7040	14
7041	14
7042	14
7043	14
7044	14
7045	14
7046	14
7047	14
7048	14
7049	14
7050	14
7051	14
7052	14
7053	14
7054	14
7055	14
7056	14
7057	14
7058	14
7059	14
7060	14
7061	14
7062	14
7063	14
7064	14
7065	14
7066	14
7067	14
7068	14
7069	14
7070	14
7071	14
7072	14
7073	14
7074	14
7075	14
7076	14
7077	14
7078	14
7079	14
7080	14
7081	14
7082	14
7083	14
7084	14
7085	14
7086	14
7087	14
7088	14
7089	14
7090	14
7091	14
7092	14
7093	14
7094	14
7095	14
7096	14
7097	14
7098	14
7099	14
7100	14
7101	14
7102	14
7103	14
7104	14
7105	14
7106	14
7107	14
7108	14
7109	14
7110	14
7111	14
7112	14
7113	14
7114	14
7115	14
7116	14
7117	14
7118	14
7119	14
7120	14
7121	14
7122	14
7123	14
7124	14
7125	14
7126	14
7127	14
7128	14
7129	14
7130	14
7131	14
7132	14
7133	15
7134	15
7135	15
7136	15
7137	15
7138	15
7139	15
7140	15
7141	15
7142	15
7143	15
7144	15
7145	15
7146	15
7147	15
7148	15
7149	15
7150	15
7151	15
7152	15
7153	15
7154	15
7155	15
7156	15
7157	15
7158	15
7159	15
7160	15
7161	15
7162	15
7163	15
7164	15
7165	15
7166	15
7167	15
7168	15
7169	15
7170	15
7171	15
7172	15
7173	15
7174	15
7175	15
7176	15
7177	15
7178	15
7179	15
7180	15
7181	15
7182	15
7183	15
7184	15
7185	15
7186	15
7187	15
7188	15
7189	15
7190	15
7191	15
7192	15
7193	15
7194	15
7195	15
7196	15
7197	15
7198	15
7199	15
7200	15
7201	15
7202	15
7203	15
7204	15
7205	15
7206	15
7207	15
7208	15
7209	15
7210	15
7211	15
7212	15
7213	15
7214	15
7215	15
7216	15
7217	15
7218	15
7219	15
7220	15
7221	15
7222	15
7223	15
7224	15
7225	15
7226	15
7227	15
7228	15
7229	15
7230	15
7231	15
7232	15
7233	15
7234	15
7235	15
7236	15
7237	15
7238	15
7239	15
7240	15
7241	15
7242	15
7243	15
7244	15
7245	15
7246	15
7247	15
7248	15
7249	15
7250	15
7251	15
7252	15
7253	15
7254	15
7255	15
7256	15
7257	15
7258	15
7259	15
7260	15
7261	15
7262	15
7263	15
7264	15
7265	15
7266	15
7267	15
7268	15
7269	15
7270	15
7271	15
7272	15
7273	15
7274	15
7275	15
7276	15
7277	15
7278	15
7279	16
7280	16
7281	16
7282	16
7283	16
7284	16
7285	16
7286	16
7287	16
7288	16
7289	16
7290	16
7291	16
7292	16
7293	16
7294	16
7295	16
7296	16
7297	16
7298	16
7299	16
7300	16
7301	16
7302	16
7303	16
7304	16
7305	16
7306	16
7307	16
7308	16
7309	16
7310	16
7311	16
7312	16
7313	16
7314	16
7315	16
7316	16
7317	16
7318	16
7319	16
7320	16
7321	16
7322	16
7323	16
7324	16
7325	16
7326	16
7327	16
7328	16
7329	16
7330	16
7331	16
7332	16
7333	16
7334	16
7335	16
7336	16
7337	16
7338	16
7339	16
7340	16
7341	16
7342	16
7343	16
7344	16
7345	16
7346	16
7347	16
7348	16
7349	16
7350	16
7351	16
7352	16
7353	16
7354	16
7355	16
7356	16
7357	16
7358	16
7359	16
7360	16
7361	16
7362	16
7363	16
7364	16
7365	16
7366	16
7367	16
7368	16
7369	16
7370	16
7371	16
7372	16
7373	16
7374	16
7375	16
7376	16
7377	16
7378	16
7379	16
7380	16
7381	16
7382	16
7383	16
7384	16
7385	16
7386	16
7387	16
7388	16
7389	16
7390	16
7391	16
7392	16
7393	16
7394	16
7395	16
7396	16
7397	16
7398	16
7399	16
7400	16
7401	16
7402	16
7403	16
7404	16
7405	16
7406	16
7407	16
7408	16
7409	16
7410	16
7411	16
7412	16
7413	16
7414	16
7415	16
7416	16
7417	16
7418	16
7419	16
7420	16
7421	16
7422	16
7423	16
7424	16
7425	16
7426	16
7427	16
7428	16
7429	16
7430	16
7431	16
7432	16
7433	16
7434	16
7435	16
7436	16
7437	16
7438	16
7439	16
7440	16
7441	16
7442	16
7443	16
7444	16
7445	16
7446	16
7447	16
7448	16
7449	16
7450	16
7451	16
7452	16
7453	16
7454	16
7455	16
7456	16
7457	16
7458	16
7459	16
7460	16
7461	16
7462	16
7463	16
7464	16
7465	16
7466	16
7467	16
7468	16
7469	16
7470	16
7471	16
7472	16
7473	16
7474	16
7475	16
7476	16
7477	16
7478	16
7479	16
7480	16
7481	16
7482	16
7483	16
7484	16
7485	16
7486	16
7487	16
7488	16
7489	16
7490	16
7491	16
7492	16
7493	16
7494	16
7495	16
7496	16
7497	16
7498	16
7499	16
7500	16
7501	16
7502	16
7503	16
7504	16
7505	16
7506	16
7507	16
7508	16
7509	16
7510	16
7511	16
7512	16
7513	16
7514	16
7515	16
7516	16
7517	16
7518	16
7519	16
7520	16
7521	16
7522	16
7523	16
7524	16
7525	16
7526	16
7527	16
7528	16
7529	16
7530	16
7531	16
7532	16
7533	16
7534	16
7535	16
7536	16
7537	16
7538	16
7539	16
7540	16
7541	16
7542	16
7543	16
7544	16
7545	16
7546	16
7547	16
7548	16
7549	16
7550	16
7551	16
7552	16
7553	16
7554	16
7555	16
7556	16
7557	16
7558	16
7559	16
7560	16
7561	16
7562	16
7563	16
7564	16
7565	16
7566	16
7567	16
7568	16
7569	16
7570	16
7571	16
7572	16
7573	16
7574	16
7575	16
7576	16
7577	16
7578	16
7579	16
7580	16
7581	16
7582	16
7583	16
7584	16
7585	16
7586	16
7587	16
7588	16
7589	16
7590	16
7591	16
7592	16
7593	16
7594	16
7595	16
7596	16
7597	16
7598	16
7599	16
7600	16
7601	16
7602	16
7603	16
7604	16
7605	16
7606	16
7607	16
7608	16
7609	16
7610	16
7611	16
7612	16
7613	16
7614	16
7615	16
7616	16
7617	16
7618	16
7619	16
7620	16
7621	16
7622	16
7623	16
7624	16
7625	16
7626	16
7627	16
7628	16
7629	16
7630	16
7631	16
7632	16
7633	16
7634	16
7635	16
7636	16
7637	16
7638	16
7639	16
7640	16
7641	16
7642	16
7643	16
7644	16
7645	16
7646	16
7647	16
7648	16
7649	16
7650	16
7651	16
7652	16
7653	16
7654	16
7655	16
7656	16
7657	16
7658	16
7659	16
7660	16
7661	16
7662	16
7663	16
7664	16
7665	16
7666	16
7667	16
7668	16
7669	16
7670	16
7671	16
7672	16
7673	16
7674	16
7675	16
7676	16
7677	16
7678	16
7679	16
7680	16
7681	16
7682	16
7683	16
7684	16
7685	16
7686	16
7687	16
7688	16
7689	16
7690	16
7691	16
7692	16
7693	16
7694	16
7695	16
7696	16
7697	16
7698	16
7699	16
7700	16
7701	16
7702	16
7703	16
7704	16
7705	16
7706	16
7707	16
7708	16
7709	16
7710	16
7711	16
7712	16
7713	16
7714	16
7715	16
7716	16
7717	16
7718	16
7719	16
7720	16
7721	16
7722	16
7723	16
7724	16
7725	16
7726	16
7727	16
7728	16
7729	16
7730	16
7731	16
7732	16
7733	16
7734	16
7735	16
7736	16
7737	16
7738	16
7739	16
7740	16
7741	16
7742	16
7743	16
7744	16
7745	16
7746	16
7747	16
7748	16
7749	16
7750	16
7751	16
7752	16
7753	16
7754	16
7755	16
7756	16
7757	16
7758	16
7759	16
7760	16
7761	16
7762	16
7763	16
7764	16
7765	16
7766	16
7767	16
7768	16
7769	16
7770	16
7771	16
7772	16
7773	16
7774	16
7775	16
7776	16
7777	16
7778	16
7779	16
7780	16
7781	16
7782	16
7783	16
7784	16
7785	16
7786	16
7787	16
7788	16
7789	16
7790	16
7791	16
7792	16
7793	16
7794	16
7795	16
7796	16
7797	16
7798	16
7799	16
7800	16
7801	16
7802	16
7803	16
7804	16
7805	16
7806	16
7807	16
7808	16
7809	16
7810	16
7811	16
7812	16
7813	16
7814	16
7815	16
7816	16
7817	16
7818	16
7819	16
7820	16
7821	16
7822	16
7823	16
7824	16
7825	16
7826	16
7827	16
7828	16
7829	16
7830	16
7831	16
7832	16
7833	16
7834	16
7835	16
7836	16
7837	16
7838	16
7839	16
7840	16
7841	16
7842	16
7843	16
7844	16
7845	16
7846	16
7847	16
7848	16
7849	16
7850	16
7851	16
7852	16
7853	16
7854	16
7855	16
7856	16
7857	16
7858	16
7859	16
7860	16
7861	16
7862	16
7863	16
7864	16
7865	16
7866	16
7867	16
7868	16
7869	16
7870	16
7871	16
7872	16
7873	16
7874	16
7875	16
7876	16
7877	16
7878	16
7879	16
7880	16
7881	16
7882	16
7883	16
7884	16
7885	16
7886	16
7887	16
7888	16
7889	16
7890	16
7891	16
7892	16
7893	16
7894	16
7895	16
7896	16
7897	16
7898	16
7899	16
7900	16
7901	16
7902	16
7903	16
7904	16
7905	16
7906	16
7907	16
7908	16
7909	16
7910	16
7911	16
7912	16
7913	16
7914	16
7915	16
7916	16
7917	16
7918	16
7919	16
7920	16
7921	16
7922	16
7923	16
7924	16
7925	16
7926	16
7927	16
7928	16
7929	16
7930	16
7931	16
7932	16
7933	16
7934	16
7935	16
7936	16
7937	16
7938	16
7939	16
7940	16
7941	16
7942	16
7943	16
7944	16
7945	16
7946	16
7947	16
7948	16
7949	16
7950	16
7951	16
7952	16
7953	16
7954	16
7955	16
7956	16
7957	16
7958	16
7959	16
7960	16
7961	16
7962	16
7963	16
7964	16
7965	16
7966	16
7967	16
7968	16
7969	16
7970	16
7971	16
7972	16
7973	16
7974	16
7975	16
7976	16
7977	16
7978	16
7979	16
7980	16
7981	16
7982	16
7983	16
7984	16
7985	16
7986	16
7987	16
7988	16
7989	16
7990	16
7991	16
7992	16
7993	16
7994	16
7995	16
7996	16
7997	16
7998	16
7999	16
8000	16
8001	16
8002	16
8003	16
8004	16
8005	16
8006	16
8007	16
8008	16
8009	16
8010	16
8011	16
8012	16
8013	16
8014	16
8015	16
8016	16
8017	16
8018	16
8019	16
8020	16
8021	16
8022	16
8023	16
8024	16
8025	16
8026	16
8027	16
8028	16
8029	16
8030	16
8031	16
8032	16
8033	16
8034	16
8035	16
8036	16
8037	16
8038	16
8039	16
8040	16
8041	16
8042	16
8043	16
8044	16
8045	16
8046	16
8047	16
8048	16
8049	16
8050	16
8051	16
8052	16
8053	16
8054	16
8055	16
8056	16
8057	16
8058	16
8059	16
8060	16
8061	16
8062	16
8063	16
8064	16
8065	16
8066	16
8067	16
8068	16
8069	16
8070	16
8071	16
8072	16
8073	16
8074	16
8075	16
8076	16
8077	16
8078	16
8079	16
8080	16
8081	16
8082	16
8083	16
8084	16
8085	16
8086	16
8087	16
8088	16
8089	16
8090	16
8091	16
8092	16
8093	16
8094	16
8095	16
8096	16
8097	16
8098	16
8099	16
8100	16
8101	16
8102	16
8103	16
8104	16
8105	16
8106	16
8107	16
8108	16
8109	16
8110	16
8111	16
8112	16
8113	16
8114	16
8115	16
8116	16
8117	16
8118	16
8119	16
8120	16
8121	16
8122	16
8123	16
8124	16
8125	16
8126	16
8127	16
8128	16
8129	16
8130	16
8131	16
8132	16
8133	16
8134	16
8135	16
8136	16
8137	16
8138	16
8139	16
8140	16
8141	16
8142	16
8143	16
8144	16
8145	16
8146	16
8147	16
8148	16
8149	16
8150	16
8151	16
8152	16
8153	16
8154	16
8155	16
8156	16
8157	16
8158	16
8159	16
8160	16
8161	16
8162	16
8163	16
8164	16
8165	16
8166	16
8167	16
8168	16
8169	16
8170	16
8171	16
8172	16
8173	16
8174	16
8175	16
8176	16
8177	16
8178	16
8179	16
8180	16
8181	16
8182	16
8183	16
8184	16
8185	16
8186	16
8187	16
8188	16
8189	16
8190	16
8191	16
8192	16
8193	16
8194	16
8195	16
8196	16
8197	16
8198	16
8199	16
8200	16
8201	16
8202	16
8203	16
8204	16
8205	16
8206	16
8207	16
8208	16
8209	16
8210	16
8211	16
8212	16
8213	16
8214	16
8215	16
8216	16
8217	16
8218	16
8219	16
8220	16
8221	16
8222	16
8223	16
8224	16
8225	16
8226	16
8227	16
8228	16
8229	16
8230	16
8231	16
8232	16
8233	16
8234	16
8235	16
8236	16
8237	16
8238	16
8239	16
8240	16
8241	16
8242	16
8243	16
8244	16
8245	16
8246	16
8247	16
8248	16
8249	16
8250	16
8251	16
8252	16
8253	16
8254	16
8255	16
8256	16
8257	16
8258	16
8259	16
8260	16
8261	16
8262	16
8263	16
8264	16
8265	16
8266	16
8267	16
8268	16
8269	16
8270	16
8271	16
8272	16
8273	16
8274	16
8275	16
8276	16
8277	16
8278	16
8279	16
8280	16
8281	16
8282	16
8283	16
8284	16
8285	16
8286	16
8287	16
8288	16
8289	16
8290	16
8291	16
8292	16
8293	16
8294	16
8295	16
8296	16
8297	16
8298	16
8299	16
8300	16
8301	16
8302	16
8303	16
8304	16
8305	16
8306	16
8307	16
8308	16
8309	16
8310	16
8311	16
8312	16
8313	16
8314	16
8315	16
8316	16
8317	16
8318	16
8319	16
8320	16
8321	16
8322	16
8323	16
8324	16
8325	16
8326	16
8327	16
8328	16
8329	16
8330	16
8331	16
8332	16
8333	16
8334	16
8335	16
8336	16
8337	16
8338	16
8339	16
8340	16
8341	16
8342	16
8343	16
8344	16
8345	16
8346	16
8347	16
8348	16
8349	16
8350	16
8351	16
8352	16
8353	16
8354	16
8355	16
8356	16
8357	16
8358	16
8359	16
8360	16
8361	17
8362	17
8363	17
8364	17
8365	17
8366	17
8367	17
8368	17
8369	17
8370	17
8371	17
8372	17
8373	17
8374	17
8375	17
8376	17
8377	17
8378	17
8379	17
8380	17
8381	17
8382	17
8383	17
8384	17
8385	17
8386	17
8387	17
8388	17
8389	17
8390	17
8391	17
8392	17
8393	17
8394	17
8395	17
8396	17
8397	17
8398	17
8399	17
8400	17
8401	17
8402	17
8403	17
8404	17
8405	17
8406	17
8407	17
8408	17
8409	17
8410	17
8411	17
8412	17
8413	17
8414	17
8415	17
8416	17
8417	17
8418	17
8419	17
8420	17
8421	17
8422	17
8423	17
8424	17
8425	17
8426	17
8427	17
8428	17
8429	17
8430	17
8431	17
8432	17
8433	17
8434	17
8435	17
8436	17
8437	17
8438	17
8439	17
8440	17
8441	17
8442	17
8443	17
8444	17
8445	17
8446	17
8447	17
8448	17
8449	17
8450	17
8451	17
8452	17
8453	17
8454	17
8455	17
8456	17
8457	17
8458	17
8459	17
8460	17
8461	17
8462	17
8463	17
8464	17
8465	17
8466	17
8467	17
8468	17
8469	17
8470	17
8471	17
8472	17
8473	17
8474	17
8475	17
8476	17
8477	17
8478	17
8479	17
8480	17
8481	17
8482	17
8483	17
8484	17
8485	17
8486	17
8487	17
8488	17
8489	17
8490	17
8491	17
8492	17
8493	17
8494	17
8495	17
8496	18
8497	18
8498	18
8499	18
8500	18
8501	18
8502	18
8503	18
8504	18
8505	18
8506	18
8507	18
8508	18
8509	18
8510	18
8511	18
8512	18
8513	18
8514	18
8515	18
8516	18
8517	18
8518	18
8519	18
8520	18
8521	18
8522	18
8523	18
8524	18
8525	18
8526	18
8527	18
8528	18
8529	18
8530	18
8531	18
8532	18
8533	18
8534	18
8535	18
8536	18
8537	18
8538	18
8539	18
8540	18
8541	18
8542	18
8543	18
8544	18
8545	18
8546	18
8547	18
8548	18
8549	18
8550	18
8551	18
8552	18
8553	18
8554	18
8555	18
8556	18
8557	18
8558	18
8559	18
8560	18
8561	18
8562	18
8563	18
8564	18
8565	18
8566	18
8567	18
8568	18
8569	18
8570	18
8571	18
8572	18
8573	18
8574	18
8575	18
8576	18
8577	18
8578	18
8579	18
8580	18
8581	18
8582	18
8583	18
8584	18
8585	18
8586	18
8587	18
8588	18
8589	18
8590	18
8591	18
8592	18
8593	18
8594	18
8595	18
8596	18
8597	18
8598	18
8599	19
8600	19
8601	19
8602	19
8603	19
8604	19
8605	19
8606	19
8607	19
8608	19
8609	19
8610	19
8611	19
8612	19
8613	19
8614	19
8615	19
8616	19
8617	19
8618	19
8619	19
8620	19
8621	19
8622	19
8623	19
8624	19
8625	19
8626	19
8627	19
8628	19
8629	19
8630	19
8631	19
8632	19
8633	19
8634	19
8635	19
8636	19
8637	19
8638	19
8639	19
8640	19
8641	19
8642	19
8643	19
8644	19
8645	19
8646	19
8647	19
8648	19
8649	19
8650	19
8651	19
8652	19
8653	19
8654	19
8655	19
8656	19
8657	19
8658	19
8659	19
8660	19
8661	19
8662	19
8663	19
8664	19
8665	19
8666	19
8667	19
8668	19
8669	19
8670	19
8671	19
8672	19
8673	19
8674	19
8675	19
8676	19
8677	19
8678	19
8679	19
8680	19
8681	19
8682	19
8683	19
8684	19
8685	19
8686	19
8687	19
8688	19
8689	19
8690	19
8691	19
8692	19
8693	19
8694	19
8695	19
8696	19
8697	19
8698	19
8699	19
8700	19
8701	19
8702	19
8703	19
8704	19
8705	19
8706	19
8707	19
8708	19
8709	19
8710	19
8711	19
8712	19
8713	19
8714	19
8715	19
8716	19
8717	19
8718	19
8719	19
8720	19
8721	19
8722	19
8723	19
8724	19
8725	19
8726	19
8727	19
8728	19
8729	19
8730	19
8731	19
8732	19
8733	19
8734	19
8735	19
8736	19
8737	19
8738	19
8739	19
8740	19
8741	19
8742	19
8743	19
8744	19
8745	19
8746	19
8747	19
8748	19
8749	19
8750	19
8751	19
8752	19
8753	19
8754	19
8755	19
8756	19
8757	19
8758	19
8759	19
8760	19
8761	19
8762	19
8763	19
8764	19
8765	19
8766	19
8767	19
8768	19
8769	19
8770	19
8771	19
8772	19
8773	19
8774	19
8775	19
8776	19
8777	19
8778	19
8779	19
8780	19
8781	19
8782	19
8783	19
8784	19
8785	19
8786	19
8787	19
8788	19
8789	19
8790	19
8791	19
8792	19
8793	19
8794	19
8795	19
8796	19
8797	19
8798	19
8799	19
8800	19
8801	19
8802	19
8803	19
8804	19
8805	19
8806	19
8807	19
8808	19
8809	19
8810	19
8811	19
8812	19
8813	19
8814	19
8815	19
8816	19
8817	19
8818	19
8819	19
8820	19
8821	19
8822	19
8823	19
8824	19
8825	19
8826	19
8827	19
8828	19
8829	19
8830	19
8831	19
8832	19
8833	19
8834	19
8835	19
8836	19
8837	19
8838	19
8839	19
8840	19
8841	19
8842	19
8843	19
8844	19
8845	19
8846	19
8847	19
8848	19
8849	19
8850	19
8851	19
8852	19
8853	19
8854	19
8855	19
8856	19
8857	19
8858	19
8859	19
8860	19
8861	19
8862	19
8863	19
8864	19
8865	19
8866	19
8867	19
8868	19
8869	19
8870	19
8871	19
8872	19
8873	19
8874	19
8875	19
8876	19
8877	19
8878	19
8879	19
8880	19
8881	19
8882	19
8883	19
8884	19
8885	19
8886	19
8887	19
8888	19
8889	19
8890	19
8891	19
8892	19
8893	19
8894	19
8895	19
8896	19
8897	19
8898	19
8899	19
8900	19
8901	19
8902	19
8903	19
8904	19
8905	19
8906	19
8907	19
8908	19
8909	19
8910	19
8911	19
8912	19
8913	19
8914	19
8915	19
8916	19
8917	19
8918	19
8919	19
8920	19
8921	19
8922	19
8923	19
8924	19
8925	19
8926	19
8927	19
8928	20
8929	20
8930	20
8931	20
8932	20
8933	20
8934	20
8935	20
8936	20
8937	20
8938	20
8939	20
8940	20
8941	20
8942	20
8943	20
8944	20
8945	20
8946	20
8947	20
8948	20
8949	20
8950	20
8951	20
8952	20
8953	20
8954	20
8955	20
8956	20
8957	20
8958	20
8959	20
8960	20
8961	20
8962	20
8963	20
8964	20
8965	20
8966	20
8967	20
8968	20
8969	20
8970	20
8971	20
8972	20
8973	20
8974	20
8975	20
8976	20
8977	20
8978	20
8979	20
8980	20
8981	20
8982	20
8983	20
8984	20
8985	20
8986	20
8987	20
8988	20
8989	20
8990	20
8991	20
8992	20
8993	20
8994	20
8995	20
8996	20
8997	20
8998	20
8999	20
9000	20
9001	20
9002	20
9003	20
9004	20
9005	20
9006	20
9007	20
9008	20
9009	20
9010	20
9011	20
9012	20
9013	20
9014	20
9015	20
9016	20
9017	20
9018	20
9019	20
9020	20
9021	20
9022	20
9023	20
9024	20
9025	20
9026	20
9027	20
9028	20
9029	20
9030	20
9031	20
9032	20
9033	20
9034	20
9035	20
9036	20
9037	20
9038	20
9039	20
9040	20
9041	20
9042	20
9043	20
9044	20
9045	20
9046	20
9047	20
9048	20
9049	20
9050	20
9051	20
9052	20
9053	20
9054	20
9055	20
9056	20
9057	20
9058	20
9059	20
9060	20
9061	20
9062	20
9063	20
9064	20
9065	20
9066	20
9067	20
9068	20
9069	20
9070	20
9071	20
9072	20
9073	20
9074	20
9075	20
9076	20
9077	20
9078	20
9079	20
9080	20
9081	20
9082	20
9083	20
9084	20
9085	20
9086	20
9087	20
9088	20
9089	20
9090	20
9091	20
9092	20
9093	20
9094	20
9095	20
9096	20
9097	20
9098	20
9099	20
9100	20
9101	20
9102	20
9103	20
9104	20
9105	20
9106	20
9107	20
9108	20
9109	20
9110	20
9111	20
9112	20
9113	20
9114	20
9115	20
9116	20
9117	20
9118	20
9119	20
9120	20
9121	20
9122	20
9123	20
9124	20
9125	20
9126	20
9127	20
9128	20
9129	20
9130	20
9131	20
9132	20
9133	20
9134	20
9135	20
9136	20
9137	20
9138	20
9139	20
9140	20
9141	20
9142	20
9143	20
9144	20
9145	20
9146	20
9147	20
9148	20
9149	20
9150	20
9151	20
9152	20
9153	20
9154	20
9155	20
9156	20
9157	20
9158	20
9159	20
9160	20
9161	20
9162	20
9163	20
9164	20
9165	20
9166	20
9167	20
9168	20
9169	20
9170	20
9171	20
9172	20
9173	20
9174	20
9175	20
9176	20
9177	20
9178	20
9179	20
9180	20
9181	20
9182	20
9183	20
9184	20
9185	20
9186	20
9187	20
9188	20
9189	21
9190	21
9191	21
9192	21
9193	21
9194	21
9195	21
9196	21
9197	21
9198	21
9199	21
9200	21
9201	21
9202	21
9203	21
9204	21
9205	21
9206	21
9207	21
9208	21
9209	21
9210	21
9211	21
9212	21
9213	21
9214	21
9215	21
9216	21
9217	21
9218	21
9219	21
9220	21
9221	21
9222	21
9223	21
9224	21
9225	21
9226	21
9227	21
9228	21
9229	21
9230	21
9231	21
9232	21
9233	21
9234	21
9235	21
9236	21
9237	21
9238	21
9239	21
9240	21
9241	21
9242	21
9243	21
9244	21
9245	21
9246	21
9247	21
9248	21
9249	21
9250	21
9251	21
9252	21
9253	21
9254	21
9255	21
9256	21
9257	21
9258	21
9259	21
9260	21
9261	21
9262	21
9263	21
9264	21
9265	21
9266	21
9267	21
9268	21
9269	21
9270	21
9271	21
9272	21
9273	21
9274	21
9275	21
9276	21
9277	21
9278	21
9279	21
9280	21
9281	21
9282	21
9283	21
9284	21
9285	21
9286	21
9287	21
9288	21
9289	21
9290	21
9291	21
9292	21
9293	21
9294	21
9295	21
9296	21
9297	21
9298	21
9299	21
9300	21
9301	21
9302	21
9303	21
9304	21
9305	21
9306	21
9307	22
9308	22
9309	22
9310	22
9311	22
9312	22
9313	22
9314	22
9315	22
9316	22
9317	22
9318	22
9319	22
9320	22
9321	22
9322	22
9323	22
9324	22
9325	22
9326	22
9327	22
9328	22
9329	22
9330	22
9331	22
9332	22
9333	22
9334	22
9335	22
9336	22
9337	22
9338	22
9339	22
9340	22
9341	22
9342	22
9343	22
9344	22
9345	22
9346	22
9347	22
9348	22
9349	22
9350	22
9351	22
9352	22
9353	22
9354	22
9355	22
9356	22
9357	22
9358	22
9359	22
9360	23
9361	23
9362	23
9363	23
9364	23
9365	23
9366	23
9367	23
9368	23
9369	23
9370	23
9371	23
9372	23
9373	23
9374	23
9375	23
9376	23
9377	23
9378	23
9379	23
9380	23
9381	23
9382	23
9383	23
9384	23
9385	23
9386	23
9387	23
9388	23
9389	23
9390	23
9391	23
9392	23
9393	23
9394	23
9395	23
9396	23
9397	23
9398	23
9399	23
9400	23
9401	23
9402	23
9403	23
9404	23
9405	23
9406	23
9407	23
9408	23
9409	23
9410	23
9411	23
9412	23
9413	23
9414	23
9415	23
9416	23
9417	23
9418	23
9419	23
9420	23
9421	23
9422	23
9423	23
9424	23
9425	23
9426	23
9427	23
9428	23
9429	23
9430	23
9431	23
9432	23
9433	23
9434	23
9435	23
9436	23
9437	23
9438	23
9439	23
9440	23
9441	23
9442	23
9443	23
9444	23
9445	23
9446	23
9447	23
9448	23
9449	23
9450	23
9451	23
9452	23
9453	23
9454	23
9455	23
9456	23
9457	23
9458	23
9459	23
9460	23
9461	23
9462	23
9463	24
9464	24
9465	24
9466	24
9467	24
9468	24
9469	24
9470	24
9471	24
9472	24
9473	24
9474	24
9475	24
9476	24
9477	24
9478	24
9479	24
9480	24
9481	24
9482	24
9483	24
9484	24
9485	24
9486	24
9487	24
9488	24
9489	24
9490	24
9491	24
9492	24
9493	24
9494	24
9495	24
9496	24
9497	24
9498	24
9499	24
9500	24
9501	24
9502	24
9503	24
9504	24
9505	24
9506	24
9507	24
9508	24
9509	24
9510	24
9511	24
9512	24
9513	24
9514	24
9515	24
9516	24
9517	24
9518	24
9519	24
9520	24
9521	24
9522	24
9523	24
9524	24
9525	24
9526	24
9527	24
9528	24
9529	24
9530	24
9531	24
9532	24
9533	24
9534	24
9535	24
9536	24
9537	24
9538	24
9539	24
9540	24
9541	24
9542	24
9543	24
9544	24
9545	24
9546	24
9547	24
9548	24
9549	24
9550	24
9551	24
9552	24
9553	24
9554	24
9555	24
9556	24
9557	24
9558	24
9559	24
9560	24
9561	24
9562	24
9563	24
9564	24
9565	24
9566	24
9567	24
9568	24
9569	24
9570	24
9571	24
9572	24
9573	24
9574	24
9575	24
9576	24
9577	24
9578	24
9579	24
9580	24
9581	24
9582	24
9583	24
9584	24
9585	24
9586	24
9587	24
9588	24
9589	24
9590	24
9591	24
9592	24
9593	24
9594	24
9595	24
9596	24
9597	24
9598	24
9599	24
9600	24
9601	24
9602	24
9603	24
9604	24
9605	24
9606	24
9607	24
9608	24
9609	24
9610	24
9611	24
9612	24
9613	24
9614	24
9615	24
9616	24
9617	24
9618	24
9619	24
9620	24
9621	24
9622	24
9623	24
9624	24
9625	24
9626	24
9627	24
9628	24
9629	24
9630	24
9631	24
9632	24
9633	24
9634	24
9635	24
9636	24
9637	24
9638	24
9639	24
9640	24
9641	24
9642	24
9643	24
9644	24
9645	24
9646	24
9647	24
9648	24
9649	24
9650	24
9651	24
9652	24
9653	24
9654	24
9655	24
9656	24
9657	24
9658	24
9659	24
9660	24
9661	24
9662	24
9663	24
9664	24
9665	24
9666	24
9667	24
9668	24
9669	24
9670	24
9671	24
9672	24
9673	24
9674	24
9675	24
9676	24
9677	24
9678	24
9679	24
9680	24
9681	24
9682	24
9683	24
9684	24
9685	24
9686	24
9687	24
9688	24
9689	24
9690	24
9691	24
9692	24
9693	24
9694	24
9695	24
9696	24
9697	24
9698	24
9699	24
9700	24
9701	24
9702	24
9703	24
9704	24
9705	24
9706	24
9707	24
9708	24
9709	24
9710	24
9711	24
9712	24
9713	24
9714	24
9715	24
9716	24
9717	24
9718	24
9719	24
9720	24
9721	24
9722	24
9723	24
9724	24
9725	24
9726	24
9727	24
9728	24
9729	24
9730	24
9731	24
9732	24
9733	24
9734	24
9735	24
9736	24
9737	24
9738	24
9739	24
9740	24
9741	24
9742	24
9743	24
9744	24
9745	25
9746	25
9747	25
9748	25
9749	25
9750	25
9751	25
9752	25
9753	25
9754	25
9755	25
9756	25
9757	25
9758	25
9759	25
9760	25
9761	25
9762	25
9763	25
9764	25
9765	25
9766	25
9767	25
9768	25
9769	25
9770	25
9771	25
9772	25
9773	25
9774	25
9775	25
9776	25
9777	25
9778	25
9779	25
9780	25
9781	25
9782	25
9783	25
9784	25
9785	25
9786	25
9787	25
9788	25
9789	25
9790	25
9791	25
9792	25
9793	25
9794	25
9795	25
9796	25
9797	25
9798	25
9799	25
9800	25
9801	25
9802	25
9803	25
9804	25
9805	25
9806	25
9807	25
9808	25
9809	25
9810	25
9811	25
9812	25
9813	25
9814	25
9815	25
9816	25
9817	25
9818	25
9819	25
9820	25
9821	25
9822	25
9823	25
9824	25
9825	25
9826	25
9827	25
9828	25
9829	25
9830	25
9831	25
9832	25
9833	25
9834	25
9835	25
9836	25
9837	25
9838	25
9839	25
9840	25
9841	25
9842	25
9843	25
9844	25
9845	25
9846	25
9847	25
9848	25
9849	25
9850	25
9851	25
9852	25
9853	25
9854	25
9855	25
9856	25
9857	25
9858	25
9859	25
9860	25
9861	25
9862	25
9863	25
9864	25
9865	25
9866	25
9867	25
9868	25
9869	25
9870	25
9871	25
9872	25
9873	25
9874	25
9875	25
9876	25
9877	25
9878	25
9879	25
9880	25
9881	25
9882	25
9883	25
9884	25
9885	25
9886	25
9887	25
9888	25
9889	25
9890	25
9891	25
9892	25
9893	25
9894	25
9895	25
9896	25
9897	25
9898	25
9899	25
9900	25
9901	25
9902	25
9903	25
9904	25
9905	25
9906	25
9907	25
9908	25
9909	25
9910	25
9911	25
9912	25
9913	25
9914	25
9915	25
9916	25
9917	25
9918	25
9919	25
9920	25
9921	25
9922	25
9923	25
9924	25
9925	25
9926	25
9927	25
9928	25
9929	25
9930	25
9931	25
9932	25
9933	25
9934	25
9935	25
9936	25
9937	26
9938	26
9939	26
9940	26
9941	26
9942	26
9943	26
9944	26
9945	26
9946	26
9947	26
9948	26
9949	26
9950	26
9951	26
9952	26
9953	26
9954	26
9955	26
9956	26
9957	26
9958	26
9959	26
9960	26
9961	26
9962	26
9963	26
9964	26
9965	26
9966	26
9967	26
9968	26
9969	26
9970	26
9971	26
9972	26
9973	26
9974	26
9975	26
9976	26
9977	26
9978	26
9979	26
9980	26
9981	26
9982	26
9983	26
9984	26
9985	26
9986	26
9987	26
9988	26
9989	26
9990	26
9991	26
9992	26
9993	26
9994	26
9995	26
9996	26
9997	26
9998	26
9999	26
10000	26
