#Clock	ItemsCollected
1	0
2	0
3	0
4	0
5	0
6	0
7	0
8	0
9	0
10	0
11	0
12	0
13	0
14	0
15	0
16	0
17	0
18	0
19	0
20	0
21	0
22	0
23	0
24	0
25	0
26	0
27	0
28	0
29	0
30	0
31	0
32	0
33	0
34	0
35	0
36	0
37	0
38	0
39	0
40	0
41	0
42	0
43	0
44	0
45	0
46	0
47	0
48	0
49	0
50	0
51	0
52	0
53	0
54	0
55	0
56	0
57	0
58	0
59	0
60	0
61	0
62	0
63	0
64	0
65	0
66	0
67	0
68	0
69	0
70	0
71	0
72	0
73	0
74	0
75	0
76	0
77	0
78	0
79	0
80	0
81	0
82	0
83	0
84	0
85	0
86	0
87	0
88	0
89	0
90	0
91	0
92	0
93	0
94	0
95	0
96	0
97	0
98	0
99	0
100	0
101	0
102	0
103	0
104	0
105	0
106	0
107	0
108	0
109	0
110	0
111	0
112	0
113	0
114	0
115	0
116	0
117	0
118	0
119	0
120	0
121	0
122	0
123	0
124	0
125	0
126	0
127	0
128	0
129	0
130	0
131	0
132	0
133	0
134	0
135	0
136	0
137	0
138	0
139	0
140	0
141	0
142	0
143	0
144	0
145	0
146	0
147	0
148	0
149	0
150	0
151	0
152	0
153	0
154	0
155	0
156	0
157	0
158	0
159	0
160	0
161	0
162	0
163	0
164	0
165	0
166	0
167	0
168	0
169	0
170	0
171	0
172	0
173	0
174	0
175	0
176	0
177	0
178	0
179	0
180	0
181	0
182	0
183	0
184	0
185	0
186	0
187	0
188	0
189	0
190	0
191	0
192	0
193	0
194	0
195	0
196	0
197	0
198	0
199	0
200	0
201	0
202	0
203	0
204	0
205	0
206	0
207	0
208	0
209	0
210	0
211	0
212	0
213	0
214	0
215	0
216	0
217	0
218	0
219	0
220	0
221	0
222	0
223	0
224	0
225	0
226	0
227	0
228	0
229	0
230	0
231	0
232	0
233	0
234	0
235	0
236	0
237	0
238	0
239	0
240	0
241	0
242	0
243	0
244	0
245	0
246	0
247	0
248	0
249	0
250	0
251	0
252	0
253	0
254	0
255	0
256	0
257	0
258	0
259	0
260	0
261	0
262	0
263	0
264	0
265	0
266	0
267	0
268	0
269	0
270	0
271	0
272	0
273	0
274	0
275	0
276	0
277	0
278	0
279	0
280	0
281	0
282	0
283	0
284	0
285	0
286	0
287	0
288	0
289	0
290	0
291	0
292	0
293	0
294	0
295	0
296	0
297	0
298	0
299	0
300	0
301	0
302	0
303	0
304	0
305	0
306	0
307	0
308	0
309	0
310	0
311	0
312	0
313	0
314	0
315	0
316	0
317	0
318	0
319	0
320	0
321	0
322	0
323	0
324	0
325	0
326	0
327	0
328	0
329	0
330	0
331	0
332	0
333	0
334	0
335	0
336	0
337	0
338	0
339	0
340	0
341	0
342	0
343	0
344	0
345	0
346	0
347	0
348	0
349	0
350	0
351	0
352	0
353	0
354	0
355	0
356	0
357	0
358	0
359	0
360	0
361	0
362	0
363	0
364	0
365	0
366	0
367	0
368	0
369	0
370	0
371	0
372	0
373	0
374	0
375	0
376	0
377	0
378	0
379	0
380	0
381	0
382	0
383	0
384	0
385	0
386	0
387	0
388	0
389	0
390	0
391	0
392	0
393	0
394	0
395	0
396	0
397	0
398	0
399	0
400	0
401	0
402	0
403	0
404	0
405	0
406	0
407	0
408	0
409	0
410	0
411	0
412	0
413	0
414	0
415	0
416	0
417	0
418	0
419	0
420	0
421	0
422	0
423	0
424	0
425	0
426	0
427	0
428	0
429	0
430	0
431	0
432	0
433	0
434	0
435	0
436	0
437	0
438	0
439	0
440	0
441	0
442	0
443	0
444	0
445	0
446	0
447	0
448	0
449	0
450	0
451	0
452	0
453	0
454	0
455	0
456	0
457	0
458	0
459	0
460	0
461	0
462	0
463	0
464	0
465	0
466	0
467	0
468	0
469	0
470	0
471	0
472	0
473	0
474	0
475	0
476	0
477	0
478	0
479	0
480	0
481	0
482	0
483	0
484	0
485	0
486	0
487	0
488	0
489	0
490	0
491	0
492	0
493	0
494	0
495	0
496	0
497	0
498	0
499	0
500	0
501	0
502	0
503	0
504	0
505	0
506	0
507	0
508	0
509	0
510	0
511	0
512	0
513	0
514	0
515	0
516	0
517	0
518	0
519	0
520	0
521	0
522	0
523	0
524	0
525	0
526	0
527	0
528	0
529	0
530	0
531	0
532	0
533	0
534	0
535	0
536	0
537	0
538	0
539	0
540	0
541	0
542	0
543	0
544	0
545	0
546	0
547	0
548	0
549	0
550	0
551	0
552	0
553	0
554	0
555	0
556	0
557	0
558	0
559	0
560	0
561	0
562	0
563	0
564	0
565	0
566	0
567	0
568	0
569	0
570	0
571	0
572	0
573	0
574	0
575	0
576	0
577	0
578	0
579	0
580	0
581	0
582	0
583	0
584	0
585	0
586	0
587	0
588	0
589	0
590	0
591	0
592	0
593	0
594	0
595	0
596	0
597	0
598	0
599	0
600	0
601	0
602	0
603	0
604	0
605	0
606	0
607	0
608	0
609	0
610	0
611	0
612	0
613	0
614	0
615	0
616	0
617	0
618	0
619	0
620	0
621	0
622	0
623	0
624	0
625	0
626	0
627	0
628	0
629	0
630	0
631	0
632	0
633	0
634	0
635	0
636	0
637	0
638	0
639	0
640	0
641	0
642	0
643	0
644	0
645	0
646	0
647	0
648	0
649	0
650	0
651	0
652	0
653	0
654	0
655	0
656	0
657	0
658	0
659	0
660	0
661	0
662	0
663	0
664	0
665	0
666	0
667	0
668	0
669	0
670	0
671	0
672	0
673	0
674	0
675	0
676	0
677	0
678	0
679	0
680	0
681	0
682	0
683	0
684	0
685	0
686	0
687	0
688	0
689	0
690	0
691	0
692	0
693	0
694	0
695	0
696	0
697	0
698	0
699	0
700	0
701	0
702	0
703	0
704	0
705	0
706	0
707	0
708	0
709	0
710	0
711	0
712	0
713	0
714	0
715	0
716	0
717	0
718	0
719	0
720	0
721	0
722	0
723	0
724	0
725	0
726	0
727	0
728	0
729	0
730	0
731	0
732	0
733	0
734	0
735	0
736	0
737	0
738	0
739	0
740	0
741	0
742	0
743	0
744	0
745	0
746	0
747	0
748	0
749	0
750	0
751	0
752	0
753	0
754	0
755	0
756	0
757	0
758	0
759	0
760	0
761	0
762	0
763	0
764	0
765	0
766	0
767	0
768	0
769	0
770	0
771	0
772	0
773	0
774	0
775	0
776	0
777	0
778	0
779	0
780	0
781	0
782	0
783	0
784	0
785	0
786	0
787	0
788	0
789	0
790	0
791	0
792	0
793	0
794	0
795	0
796	0
797	0
798	0
799	0
800	0
801	0
802	0
803	0
804	0
805	0
806	0
807	0
808	0
809	0
810	0
811	0
812	0
813	0
814	0
815	0
816	0
817	0
818	0
819	0
820	0
821	0
822	0
823	0
824	0
825	0
826	0
827	0
828	0
829	0
830	0
831	0
832	0
833	0
834	0
835	0
836	0
837	0
838	0
839	0
840	0
841	0
842	0
843	0
844	0
845	0
846	0
847	0
848	0
849	0
850	0
851	0
852	0
853	0
854	0
855	0
856	0
857	0
858	0
859	0
860	0
861	0
862	0
863	0
864	0
865	0
866	0
867	0
868	0
869	0
870	0
871	0
872	0
873	0
874	0
875	0
876	0
877	0
878	0
879	0
880	0
881	0
882	0
883	0
884	0
885	0
886	0
887	0
888	0
889	0
890	0
891	0
892	0
893	0
894	0
895	0
896	0
897	0
898	0
899	0
900	0
901	0
902	0
903	0
904	0
905	0
906	0
907	0
908	0
909	0
910	0
911	0
912	0
913	0
914	0
915	0
916	0
917	0
918	0
919	0
920	0
921	0
922	0
923	0
924	0
925	0
926	0
927	0
928	0
929	0
930	0
931	0
932	0
933	0
934	0
935	0
936	0
937	0
938	0
939	0
940	0
941	0
942	0
943	0
944	0
945	0
946	0
947	0
948	0
949	0
950	0
951	0
952	0
953	0
954	0
955	0
956	0
957	0
958	0
959	0
960	0
961	0
962	0
963	0
964	0
965	0
966	0
967	0
968	0
969	0
970	0
971	0
972	0
973	0
974	0
975	0
976	0
977	0
978	0
979	0
980	0
981	0
982	0
983	0
984	0
985	0
986	0
987	0
988	0
989	0
990	0
991	0
992	0
993	0
994	0
995	0
996	0
997	0
998	0
999	0
1000	0
1001	0
1002	0
1003	0
1004	0
1005	0
1006	0
1007	0
1008	0
1009	0
1010	0
1011	0
1012	0
1013	0
1014	0
1015	0
1016	0
1017	0
1018	0
1019	0
1020	0
1021	0
1022	0
1023	0
1024	0
1025	0
1026	0
1027	0
1028	0
1029	0
1030	0
1031	0
1032	0
1033	0
1034	0
1035	0
1036	0
1037	0
1038	0
1039	0
1040	0
1041	0
1042	0
1043	0
1044	0
1045	0
1046	0
1047	0
1048	0
1049	0
1050	0
1051	0
1052	0
1053	0
1054	0
1055	0
1056	0
1057	0
1058	0
1059	0
1060	0
1061	0
1062	0
1063	0
1064	0
1065	0
1066	0
1067	0
1068	0
1069	0
1070	0
1071	0
1072	0
1073	0
1074	0
1075	0
1076	0
1077	0
1078	0
1079	0
1080	0
1081	0
1082	0
1083	0
1084	0
1085	0
1086	0
1087	0
1088	0
1089	0
1090	0
1091	0
1092	0
1093	0
1094	0
1095	0
1096	0
1097	0
1098	0
1099	0
1100	0
1101	0
1102	0
1103	0
1104	0
1105	0
1106	0
1107	0
1108	0
1109	0
1110	0
1111	0
1112	0
1113	0
1114	0
1115	0
1116	0
1117	0
1118	0
1119	0
1120	0
1121	0
1122	0
1123	0
1124	0
1125	0
1126	0
1127	0
1128	0
1129	0
1130	0
1131	0
1132	0
1133	0
1134	0
1135	0
1136	0
1137	0
1138	0
1139	0
1140	0
1141	0
1142	0
1143	0
1144	0
1145	0
1146	0
1147	0
1148	0
1149	0
1150	0
1151	0
1152	0
1153	0
1154	0
1155	0
1156	0
1157	0
1158	0
1159	0
1160	0
1161	0
1162	0
1163	0
1164	0
1165	0
1166	0
1167	0
1168	0
1169	0
1170	0
1171	0
1172	0
1173	0
1174	0
1175	0
1176	0
1177	0
1178	0
1179	0
1180	0
1181	0
1182	0
1183	0
1184	0
1185	0
1186	0
1187	0
1188	0
1189	0
1190	0
1191	0
1192	0
1193	0
1194	0
1195	0
1196	0
1197	0
1198	0
1199	0
1200	0
1201	0
1202	0
1203	0
1204	0
1205	0
1206	0
1207	0
1208	0
1209	0
1210	0
1211	0
1212	0
1213	0
1214	0
1215	0
1216	0
1217	0
1218	0
1219	0
1220	0
1221	0
1222	0
1223	0
1224	0
1225	0
1226	0
1227	0
1228	0
1229	0
1230	0
1231	0
1232	0
1233	0
1234	0
1235	0
1236	0
1237	0
1238	0
1239	0
1240	0
1241	0
1242	0
1243	0
1244	0
1245	0
1246	0
1247	0
1248	0
1249	0
1250	0
1251	0
1252	0
1253	0
1254	0
1255	0
1256	0
1257	0
1258	0
1259	0
1260	0
1261	0
1262	0
1263	0
1264	0
1265	0
1266	0
1267	0
1268	0
1269	0
1270	0
1271	0
1272	0
1273	0
1274	0
1275	0
1276	0
1277	0
1278	0
1279	0
1280	0
1281	0
1282	0
1283	0
1284	0
1285	0
1286	0
1287	0
1288	0
1289	0
1290	0
1291	0
1292	0
1293	0
1294	0
1295	0
1296	0
1297	0
1298	0
1299	0
1300	0
1301	0
1302	0
1303	0
1304	0
1305	0
1306	0
1307	0
1308	0
1309	0
1310	0
1311	0
1312	0
1313	0
1314	0
1315	0
1316	0
1317	0
1318	0
1319	0
1320	0
1321	0
1322	0
1323	0
1324	0
1325	0
1326	0
1327	0
1328	0
1329	0
1330	0
1331	0
1332	0
1333	0
1334	0
1335	0
1336	0
1337	0
1338	0
1339	0
1340	0
1341	0
1342	0
1343	0
1344	0
1345	0
1346	0
1347	0
1348	0
1349	0
1350	0
1351	0
1352	0
1353	0
1354	0
1355	0
1356	0
1357	0
1358	0
1359	0
1360	0
1361	0
1362	0
1363	0
1364	0
1365	0
1366	0
1367	0
1368	0
1369	0
1370	0
1371	0
1372	0
1373	0
1374	0
1375	0
1376	0
1377	0
1378	0
1379	0
1380	0
1381	0
1382	0
1383	0
1384	0
1385	0
1386	0
1387	0
1388	0
1389	0
1390	0
1391	0
1392	0
1393	0
1394	0
1395	0
1396	0
1397	0
1398	0
1399	0
1400	0
1401	0
1402	0
1403	0
1404	0
1405	0
1406	0
1407	0
1408	0
1409	0
1410	0
1411	0
1412	0
1413	0
1414	0
1415	0
1416	0
1417	0
1418	0
1419	0
1420	0
1421	0
1422	0
1423	0
1424	0
1425	0
1426	0
1427	0
1428	0
1429	0
1430	0
1431	0
1432	0
1433	0
1434	0
1435	0
1436	0
1437	0
1438	0
1439	0
1440	0
1441	0
1442	0
1443	0
1444	0
1445	0
1446	0
1447	0
1448	0
1449	0
1450	0
1451	0
1452	0
1453	0
1454	0
1455	0
1456	0
1457	0
1458	0
1459	0
1460	0
1461	0
1462	0
1463	0
1464	0
1465	0
1466	0
1467	0
1468	0
1469	0
1470	0
1471	0
1472	0
1473	0
1474	0
1475	0
1476	0
1477	0
1478	0
1479	0
1480	0
1481	0
1482	0
1483	0
1484	0
1485	0
1486	0
1487	0
1488	0
1489	0
1490	0
1491	0
1492	0
1493	0
1494	0
1495	0
1496	0
1497	0
1498	0
1499	0
1500	0
1501	0
1502	0
1503	0
1504	0
1505	0
1506	0
1507	0
1508	0
1509	0
1510	0
1511	0
1512	0
1513	0
1514	0
1515	0
1516	0
1517	0
1518	0
1519	0
1520	0
1521	0
1522	0
1523	0
1524	0
1525	0
1526	0
1527	0
1528	0
1529	0
1530	0
1531	0
1532	0
1533	0
1534	0
1535	0
1536	0
1537	0
1538	0
1539	0
1540	0
1541	0
1542	0
1543	0
1544	0
1545	0
1546	0
1547	0
1548	0
1549	0
1550	0
1551	0
1552	0
1553	0
1554	0
1555	0
1556	0
1557	0
1558	0
1559	0
1560	0
1561	0
1562	0
1563	0
1564	0
1565	0
1566	0
1567	0
1568	0
1569	0
1570	0
1571	0
1572	0
1573	0
1574	0
1575	0
1576	0
1577	0
1578	0
1579	0
1580	0
1581	0
1582	0
1583	0
1584	0
1585	0
1586	0
1587	0
1588	0
1589	0
1590	0
1591	0
1592	0
1593	0
1594	0
1595	0
1596	0
1597	0
1598	0
1599	0
1600	0
1601	0
1602	0
1603	0
1604	0
1605	0
1606	0
1607	0
1608	0
1609	0
1610	0
1611	0
1612	0
1613	0
1614	0
1615	0
1616	0
1617	0
1618	0
1619	0
1620	0
1621	0
1622	0
1623	0
1624	0
1625	0
1626	0
1627	0
1628	0
1629	0
1630	0
1631	0
1632	0
1633	0
1634	0
1635	0
1636	0
1637	0
1638	0
1639	0
1640	0
1641	0
1642	0
1643	0
1644	0
1645	0
1646	0
1647	0
1648	0
1649	0
1650	0
1651	0
1652	0
1653	0
1654	0
1655	0
1656	0
1657	0
1658	0
1659	0
1660	0
1661	0
1662	0
1663	0
1664	0
1665	0
1666	0
1667	0
1668	0
1669	0
1670	0
1671	0
1672	0
1673	0
1674	0
1675	0
1676	0
1677	0
1678	0
1679	0
1680	0
1681	0
1682	0
1683	0
1684	0
1685	0
1686	0
1687	0
1688	0
1689	0
1690	0
1691	0
1692	0
1693	0
1694	0
1695	0
1696	0
1697	0
1698	0
1699	0
1700	0
1701	0
1702	0
1703	0
1704	0
1705	0
1706	0
1707	0
1708	0
1709	0
1710	0
1711	0
1712	0
1713	0
1714	0
1715	0
1716	0
1717	0
1718	0
1719	0
1720	0
1721	0
1722	0
1723	0
1724	0
1725	0
1726	0
1727	0
1728	0
1729	0
1730	0
1731	0
1732	0
1733	0
1734	0
1735	0
1736	0
1737	0
1738	0
1739	0
1740	0
1741	0
1742	0
1743	0
1744	0
1745	0
1746	0
1747	0
1748	0
1749	0
1750	0
1751	0
1752	0
1753	0
1754	0
1755	0
1756	0
1757	0
1758	0
1759	0
1760	0
1761	0
1762	0
1763	0
1764	0
1765	0
1766	0
1767	0
1768	0
1769	0
1770	0
1771	0
1772	0
1773	0
1774	0
1775	0
1776	0
1777	0
1778	0
1779	0
1780	0
1781	0
1782	0
1783	0
1784	0
1785	0
1786	0
1787	0
1788	0
1789	0
1790	0
1791	0
1792	0
1793	0
1794	0
1795	0
1796	0
1797	0
1798	0
1799	0
1800	0
1801	0
1802	0
1803	0
1804	0
1805	0
1806	0
1807	0
1808	0
1809	0
1810	0
1811	0
1812	0
1813	0
1814	0
1815	0
1816	0
1817	0
1818	0
1819	0
1820	0
1821	0
1822	0
1823	0
1824	0
1825	0
1826	0
1827	0
1828	0
1829	0
1830	0
1831	0
1832	0
1833	0
1834	0
1835	0
1836	0
1837	0
1838	0
1839	0
1840	0
1841	0
1842	0
1843	0
1844	0
1845	0
1846	0
1847	0
1848	0
1849	0
1850	0
1851	0
1852	0
1853	0
1854	0
1855	0
1856	0
1857	0
1858	0
1859	0
1860	0
1861	0
1862	0
1863	0
1864	0
1865	0
1866	0
1867	0
1868	0
1869	0
1870	0
1871	0
1872	0
1873	0
1874	0
1875	0
1876	0
1877	0
1878	0
1879	0
1880	0
1881	0
1882	0
1883	0
1884	0
1885	0
1886	0
1887	0
1888	0
1889	0
1890	0
1891	0
1892	0
1893	0
1894	0
1895	0
1896	0
1897	0
1898	0
1899	0
1900	0
1901	0
1902	0
1903	0
1904	0
1905	0
1906	0
1907	0
1908	0
1909	0
1910	0
1911	0
1912	0
1913	0
1914	0
1915	0
1916	0
1917	0
1918	0
1919	0
1920	0
1921	0
1922	0
1923	0
1924	0
1925	0
1926	0
1927	0
1928	0
1929	0
1930	0
1931	0
1932	0
1933	0
1934	0
1935	0
1936	0
1937	0
1938	0
1939	0
1940	0
1941	0
1942	0
1943	0
1944	0
1945	0
1946	0
1947	0
1948	0
1949	0
1950	0
1951	0
1952	0
1953	0
1954	0
1955	0
1956	0
1957	0
1958	0
1959	0
1960	0
1961	0
1962	0
1963	0
1964	0
1965	0
1966	0
1967	0
1968	0
1969	0
1970	0
1971	0
1972	0
1973	0
1974	0
1975	0
1976	0
1977	0
1978	0
1979	0
1980	0
1981	0
1982	0
1983	0
1984	0
1985	0
1986	0
1987	0
1988	0
1989	0
1990	0
1991	0
1992	0
1993	0
1994	0
1995	0
1996	0
1997	0
1998	0
1999	0
2000	0
2001	0
2002	0
2003	0
2004	0
2005	0
2006	0
2007	0
2008	0
2009	0
2010	0
2011	0
2012	0
2013	0
2014	0
2015	0
2016	0
2017	0
2018	0
2019	0
2020	0
2021	0
2022	0
2023	0
2024	0
2025	0
2026	0
2027	0
2028	0
2029	0
2030	0
2031	0
2032	0
2033	0
2034	0
2035	0
2036	0
2037	0
2038	0
2039	0
2040	0
2041	0
2042	0
2043	0
2044	0
2045	0
2046	0
2047	0
2048	0
2049	0
2050	0
2051	0
2052	0
2053	0
2054	0
2055	0
2056	0
2057	0
2058	0
2059	0
2060	0
2061	0
2062	0
2063	0
2064	0
2065	0
2066	0
2067	0
2068	0
2069	0
2070	0
2071	0
2072	0
2073	0
2074	0
2075	0
2076	0
2077	0
2078	0
2079	0
2080	0
2081	0
2082	0
2083	0
2084	0
2085	0
2086	0
2087	0
2088	0
2089	0
2090	0
2091	0
2092	0
2093	0
2094	0
2095	0
2096	0
2097	0
2098	0
2099	0
2100	0
2101	0
2102	0
2103	0
2104	0
2105	0
2106	0
2107	0
2108	0
2109	0
2110	0
2111	0
2112	0
2113	0
2114	0
2115	0
2116	0
2117	0
2118	0
2119	0
2120	0
2121	0
2122	0
2123	0
2124	0
2125	0
2126	0
2127	0
2128	0
2129	0
2130	0
2131	0
2132	0
2133	0
2134	0
2135	0
2136	0
2137	0
2138	0
2139	0
2140	0
2141	0
2142	0
2143	0
2144	0
2145	0
2146	0
2147	0
2148	0
2149	0
2150	0
2151	0
2152	0
2153	0
2154	0
2155	0
2156	0
2157	0
2158	0
2159	0
2160	0
2161	0
2162	0
2163	0
2164	0
2165	0
2166	0
2167	0
2168	0
2169	0
2170	0
2171	0
2172	0
2173	0
2174	0
2175	0
2176	0
2177	0
2178	0
2179	0
2180	0
2181	0
2182	0
2183	0
2184	0
2185	0
2186	0
2187	0
2188	0
2189	0
2190	0
2191	0
2192	0
2193	0
2194	0
2195	0
2196	0
2197	0
2198	0
2199	0
2200	0
2201	0
2202	0
2203	0
2204	0
2205	0
2206	0
2207	0
2208	0
2209	0
2210	0
2211	0
2212	0
2213	0
2214	0
2215	0
2216	0
2217	0
2218	0
2219	0
2220	0
2221	0
2222	0
2223	0
2224	0
2225	0
2226	0
2227	0
2228	0
2229	0
2230	0
2231	0
2232	0
2233	0
2234	0
2235	0
2236	0
2237	0
2238	0
2239	0
2240	0
2241	0
2242	0
2243	0
2244	0
2245	0
2246	0
2247	0
2248	0
2249	0
2250	0
2251	0
2252	0
2253	0
2254	0
2255	0
2256	0
2257	0
2258	0
2259	0
2260	0
2261	0
2262	0
2263	0
2264	0
2265	0
2266	0
2267	0
2268	0
2269	0
2270	0
2271	0
2272	0
2273	0
2274	0
2275	0
2276	0
2277	0
2278	0
2279	0
2280	0
2281	0
2282	0
2283	0
2284	0
2285	0
2286	0
2287	0
2288	0
2289	0
2290	0
2291	0
2292	0
2293	0
2294	0
2295	0
2296	0
2297	0
2298	0
2299	0
2300	0
2301	0
2302	0
2303	0
2304	0
2305	0
2306	0
2307	0
2308	0
2309	0
2310	0
2311	0
2312	0
2313	0
2314	0
2315	0
2316	0
2317	0
2318	0
2319	0
2320	0
2321	0
2322	0
2323	0
2324	0
2325	0
2326	0
2327	0
2328	0
2329	0
2330	0
2331	0
2332	0
2333	0
2334	0
2335	0
2336	0
2337	0
2338	0
2339	0
2340	0
2341	0
2342	0
2343	0
2344	0
2345	0
2346	0
2347	0
2348	0
2349	0
2350	0
2351	0
2352	0
2353	0
2354	0
2355	0
2356	0
2357	0
2358	0
2359	0
2360	0
2361	0
2362	0
2363	0
2364	0
2365	0
2366	0
2367	0
2368	0
2369	0
2370	0
2371	0
2372	0
2373	0
2374	0
2375	0
2376	0
2377	0
2378	0
2379	0
2380	0
2381	0
2382	0
2383	0
2384	0
2385	0
2386	0
2387	0
2388	0
2389	0
2390	0
2391	0
2392	0
2393	0
2394	0
2395	0
2396	0
2397	0
2398	0
2399	0
2400	0
2401	0
2402	0
2403	0
2404	0
2405	0
2406	0
2407	0
2408	0
2409	0
2410	0
2411	0
2412	0
2413	0
2414	0
2415	0
2416	0
2417	0
2418	0
2419	0
2420	0
2421	0
2422	0
2423	0
2424	0
2425	0
2426	0
2427	0
2428	0
2429	0
2430	0
2431	0
2432	0
2433	0
2434	0
2435	0
2436	0
2437	0
2438	0
2439	0
2440	0
2441	0
2442	0
2443	0
2444	0
2445	0
2446	0
2447	0
2448	0
2449	0
2450	0
2451	0
2452	0
2453	0
2454	0
2455	0
2456	0
2457	0
2458	0
2459	0
2460	0
2461	0
2462	0
2463	0
2464	0
2465	0
2466	0
2467	0
2468	0
2469	0
2470	0
2471	0
2472	0
2473	0
2474	0
2475	0
2476	0
2477	0
2478	0
2479	0
2480	0
2481	0
2482	0
2483	0
2484	0
2485	0
2486	0
2487	0
2488	0
2489	0
2490	0
2491	0
2492	0
2493	0
2494	0
2495	0
2496	0
2497	0
2498	0
2499	0
2500	0
2501	0
2502	0
2503	0
2504	0
2505	0
2506	0
2507	0
2508	0
2509	0
2510	0
2511	0
2512	0
2513	0
2514	0
2515	0
2516	0
2517	0
2518	0
2519	0
2520	0
2521	0
2522	0
2523	0
2524	0
2525	0
2526	0
2527	0
2528	0
2529	0
2530	0
2531	0
2532	0
2533	0
2534	0
2535	0
2536	0
2537	0
2538	0
2539	0
2540	0
2541	0
2542	0
2543	0
2544	0
2545	0
2546	0
2547	0
2548	0
2549	0
2550	0
2551	0
2552	0
2553	0
2554	0
2555	0
2556	0
2557	0
2558	0
2559	0
2560	0
2561	0
2562	0
2563	0
2564	0
2565	0
2566	0
2567	0
2568	0
2569	0
2570	0
2571	0
2572	0
2573	0
2574	0
2575	0
2576	0
2577	0
2578	0
2579	0
2580	0
2581	0
2582	0
2583	0
2584	0
2585	0
2586	0
2587	0
2588	0
2589	0
2590	0
2591	0
2592	0
2593	0
2594	0
2595	0
2596	0
2597	0
2598	0
2599	0
2600	0
2601	0
2602	0
2603	0
2604	0
2605	0
2606	0
2607	0
2608	0
2609	0
2610	0
2611	0
2612	0
2613	0
2614	0
2615	0
2616	0
2617	0
2618	0
2619	0
2620	0
2621	0
2622	0
2623	0
2624	0
2625	0
2626	0
2627	0
2628	0
2629	0
2630	0
2631	0
2632	0
2633	0
2634	0
2635	0
2636	0
2637	0
2638	0
2639	0
2640	0
2641	0
2642	0
2643	0
2644	0
2645	0
2646	0
2647	0
2648	0
2649	0
2650	0
2651	0
2652	0
2653	0
2654	0
2655	1
2656	1
2657	1
2658	1
2659	1
2660	1
2661	1
2662	1
2663	1
2664	1
2665	1
2666	1
2667	1
2668	1
2669	1
2670	1
2671	1
2672	1
2673	1
2674	1
2675	1
2676	1
2677	1
2678	1
2679	1
2680	1
2681	1
2682	1
2683	1
2684	1
2685	1
2686	1
2687	1
2688	1
2689	1
2690	1
2691	1
2692	1
2693	1
2694	1
2695	1
2696	1
2697	1
2698	1
2699	1
2700	1
2701	1
2702	1
2703	1
2704	1
2705	1
2706	1
2707	1
2708	1
2709	1
2710	1
2711	1
2712	1
2713	1
2714	1
2715	1
2716	1
2717	1
2718	1
2719	1
2720	1
2721	1
2722	1
2723	1
2724	1
2725	1
2726	1
2727	1
2728	1
2729	1
2730	1
2731	1
2732	1
2733	1
2734	1
2735	1
2736	1
2737	1
2738	1
2739	1
2740	1
2741	1
2742	1
2743	1
2744	1
2745	1
2746	1
2747	1
2748	1
2749	1
2750	1
2751	1
2752	1
2753	1
2754	1
2755	1
2756	1
2757	1
2758	1
2759	1
2760	1
2761	1
2762	1
2763	1
2764	1
2765	1
2766	1
2767	1
2768	1
2769	1
2770	1
2771	1
2772	1
2773	1
2774	1
2775	1
2776	1
2777	1
2778	1
2779	1
2780	1
2781	1
2782	1
2783	1
2784	1
2785	1
2786	1
2787	1
2788	1
2789	1
2790	1
2791	1
2792	1
2793	1
2794	1
2795	1
2796	1
2797	1
2798	1
2799	1
2800	1
2801	1
2802	1
2803	1
2804	1
2805	1
2806	1
2807	1
2808	1
2809	1
2810	1
2811	1
2812	1
2813	1
2814	1
2815	1
2816	1
2817	1
2818	1
2819	1
2820	1
2821	1
2822	1
2823	1
2824	1
2825	1
2826	1
2827	1
2828	1
2829	1
2830	1
2831	1
2832	1
2833	1
2834	1
2835	1
2836	1
2837	1
2838	1
2839	1
2840	1
2841	1
2842	1
2843	1
2844	2
2845	2
2846	2
2847	2
2848	2
2849	2
2850	2
2851	2
2852	2
2853	2
2854	2
2855	2
2856	2
2857	2
2858	2
2859	2
2860	2
2861	2
2862	2
2863	2
2864	2
2865	2
2866	2
2867	2
2868	2
2869	2
2870	2
2871	2
2872	2
2873	2
2874	2
2875	2
2876	2
2877	2
2878	2
2879	2
2880	2
2881	2
2882	2
2883	2
2884	2
2885	2
2886	2
2887	2
2888	2
2889	2
2890	2
2891	2
2892	2
2893	2
2894	2
2895	2
2896	2
2897	2
2898	2
2899	2
2900	2
2901	2
2902	2
2903	2
2904	2
2905	2
2906	2
2907	2
2908	2
2909	2
2910	2
2911	2
2912	2
2913	2
2914	2
2915	2
2916	2
2917	2
2918	2
2919	2
2920	2
2921	2
2922	2
2923	2
2924	2
2925	2
2926	2
2927	2
2928	2
2929	2
2930	2
2931	2
2932	2
2933	2
2934	2
2935	2
2936	2
2937	2
2938	2
2939	2
2940	2
2941	2
2942	2
2943	2
2944	2
2945	2
2946	2
2947	2
2948	2
2949	2
2950	2
2951	2
2952	2
2953	2
2954	2
2955	2
2956	2
2957	2
2958	2
2959	2
2960	2
2961	2
2962	2
2963	2
2964	2
2965	2
2966	2
2967	2
2968	2
2969	2
2970	2
2971	2
2972	2
2973	2
2974	2
2975	2
2976	2
2977	2
2978	2
2979	2
2980	2
2981	2
2982	2
2983	2
2984	2
2985	2
2986	2
2987	2
2988	2
2989	2
2990	2
2991	2
2992	2
2993	2
2994	2
2995	2
2996	2
2997	2
2998	2
2999	2
3000	2
3001	2
3002	2
3003	2
3004	2
3005	2
3006	2
3007	2
3008	2
3009	2
3010	2
3011	2
3012	2
3013	2
3014	2
3015	2
3016	2
3017	2
3018	2
3019	2
3020	2
3021	2
3022	2
3023	2
3024	2
3025	2
3026	2
3027	2
3028	2
3029	2
3030	2
3031	2
3032	2
3033	2
3034	2
3035	2
3036	2
3037	2
3038	2
3039	2
3040	2
3041	2
3042	2
3043	2
3044	2
3045	2
3046	2
3047	2
3048	2
3049	2
3050	2
3051	2
3052	2
3053	2
3054	2
3055	2
3056	2
3057	2
3058	2
3059	2
3060	2
3061	2
3062	2
3063	2
3064	2
3065	2
3066	2
3067	2
3068	2
3069	2
3070	2
3071	2
3072	2
3073	2
3074	2
3075	2
3076	2
3077	2
3078	2
3079	2
3080	2
3081	2
3082	2
3083	2
3084	2
3085	2
3086	2
3087	2
3088	2
3089	2
3090	2
3091	2
3092	2
3093	2
3094	2
3095	2
3096	2
3097	2
3098	2
3099	2
3100	2
3101	2
3102	2
3103	2
3104	2
3105	2
3106	2
3107	2
3108	2
3109	2
3110	2
3111	2
3112	2
3113	2
3114	2
3115	2
3116	2
3117	2
3118	2
3119	2
3120	2
3121	2
3122	2
3123	2
3124	2
3125	2
3126	2
3127	2
3128	2
3129	2
3130	2
3131	2
3132	2
3133	2
3134	2
3135	2
3136	2
3137	2
3138	2
3139	2
3140	2
3141	2
3142	2
3143	2
3144	2
3145	2
3146	2
3147	2
3148	2
3149	2
3150	2
3151	2
3152	2
3153	2
3154	2
3155	2
3156	2
3157	2
3158	2
3159	2
3160	2
3161	2
3162	2
3163	2
3164	2
3165	2
3166	2
3167	2
3168	2
3169	2
3170	2
3171	2
3172	2
3173	2
3174	2
3175	2
3176	2
3177	2
3178	2
3179	2
3180	2
3181	2
3182	2
3183	2
3184	2
3185	2
3186	2
3187	2
3188	2
3189	2
3190	2
3191	2
3192	2
3193	2
3194	2
3195	2
3196	2
3197	2
3198	2
3199	2
3200	2
3201	2
3202	2
3203	2
3204	2
3205	2
3206	2
3207	2
3208	2
3209	2
3210	2
3211	2
3212	2
3213	2
3214	2
3215	2
3216	2
3217	2
3218	2
3219	2
3220	2
3221	2
3222	2
3223	2
3224	2
3225	2
3226	2
3227	2
3228	2
3229	2
3230	2
3231	2
3232	2
3233	2
3234	3
3235	3
3236	3
3237	3
3238	3
3239	3
3240	3
3241	3
3242	3
3243	3
3244	3
3245	3
3246	3
3247	3
3248	3
3249	3
3250	3
3251	3
3252	3
3253	3
3254	3
3255	3
3256	3
3257	3
3258	3
3259	3
3260	3
3261	3
3262	3
3263	3
3264	3
3265	3
3266	3
3267	3
3268	3
3269	3
3270	3
3271	3
3272	3
3273	3
3274	3
3275	3
3276	3
3277	3
3278	3
3279	3
3280	3
3281	3
3282	3
3283	3
3284	3
3285	3
3286	3
3287	3
3288	3
3289	3
3290	3
3291	3
3292	3
3293	3
3294	3
3295	3
3296	3
3297	3
3298	3
3299	3
3300	3
3301	3
3302	3
3303	3
3304	3
3305	3
3306	3
3307	3
3308	3
3309	3
3310	3
3311	3
3312	3
3313	3
3314	3
3315	3
3316	3
3317	3
3318	3
3319	3
3320	3
3321	3
3322	3
3323	3
3324	3
3325	3
3326	3
3327	3
3328	3
3329	3
3330	3
3331	3
3332	3
3333	3
3334	3
3335	3
3336	3
3337	3
3338	3
3339	3
3340	3
3341	3
3342	3
3343	3
3344	3
3345	3
3346	3
3347	3
3348	3
3349	3
3350	3
3351	3
3352	3
3353	3
3354	3
3355	3
3356	3
3357	3
3358	3
3359	3
3360	3
3361	3
3362	3
3363	3
3364	3
3365	3
3366	3
3367	3
3368	3
3369	3
3370	3
3371	3
3372	3
3373	3
3374	3
3375	3
3376	3
3377	3
3378	3
3379	3
3380	3
3381	3
3382	3
3383	3
3384	3
3385	3
3386	3
3387	3
3388	3
3389	3
3390	3
3391	3
3392	3
3393	3
3394	3
3395	3
3396	3
3397	3
3398	3
3399	3
3400	3
3401	3
3402	3
3403	3
3404	3
3405	3
3406	3
3407	3
3408	3
3409	3
3410	3
3411	3
3412	3
3413	3
3414	3
3415	3
3416	3
3417	3
3418	3
3419	3
3420	3
3421	3
3422	3
3423	3
3424	3
3425	3
3426	3
3427	3
3428	3
3429	3
3430	3
3431	3
3432	3
3433	3
3434	3
3435	3
3436	3
3437	3
3438	3
3439	3
3440	3
3441	3
3442	3
3443	3
3444	3
3445	3
3446	3
3447	3
3448	3
3449	3
3450	3
3451	3
3452	3
3453	3
3454	3
3455	3
3456	3
3457	3
3458	3
3459	4
3460	4
3461	4
3462	4
3463	4
3464	4
3465	4
3466	4
3467	4
3468	4
3469	4
3470	4
3471	4
3472	4
3473	4
3474	4
3475	4
3476	4
3477	4
3478	4
3479	4
3480	4
3481	4
3482	4
3483	4
3484	4
3485	4
3486	4
3487	4
3488	4
3489	4
3490	4
3491	4
3492	4
3493	4
3494	4
3495	4
3496	4
3497	4
3498	4
3499	4
3500	4
3501	4
3502	4
3503	4
3504	4
3505	4
3506	4
3507	4
3508	4
3509	4
3510	4
3511	4
3512	4
3513	4
3514	4
3515	4
3516	4
3517	4
3518	4
3519	4
3520	4
3521	4
3522	4
3523	4
3524	4
3525	4
3526	4
3527	4
3528	4
3529	4
3530	4
3531	4
3532	4
3533	4
3534	4
3535	4
3536	4
3537	4
3538	4
3539	4
3540	4
3541	4
3542	4
3543	4
3544	4
3545	4
3546	4
3547	4
3548	4
3549	4
3550	4
3551	4
3552	4
3553	4
3554	4
3555	4
3556	4
3557	4
3558	4
3559	4
3560	4
3561	4
3562	4
3563	4
3564	4
3565	4
3566	4
3567	4
3568	4
3569	4
3570	4
3571	4
3572	4
3573	4
3574	4
3575	4
3576	4
3577	4
3578	4
3579	4
3580	4
3581	4
3582	4
3583	4
3584	4
3585	4
3586	4
3587	4
3588	4
3589	4
3590	4
3591	4
3592	4
3593	4
3594	4
3595	4
3596	4
3597	4
3598	4
3599	4
3600	4
3601	4
3602	4
3603	4
3604	4
3605	4
3606	4
3607	4
3608	4
3609	4
3610	4
3611	4
3612	4
3613	4
3614	4
3615	4
3616	4
3617	4
3618	4
3619	4
3620	4
3621	4
3622	4
3623	4
3624	4
3625	4
3626	4
3627	4
3628	4
3629	4
3630	4
3631	4
3632	4
3633	4
3634	4
3635	4
3636	4
3637	4
3638	4
3639	4
3640	4
3641	4
3642	4
3643	4
3644	4
3645	4
3646	4
3647	4
3648	4
3649	4
3650	4
3651	4
3652	4
3653	4
3654	4
3655	4
3656	4
3657	4
3658	4
3659	4
3660	4
3661	4
3662	4
3663	4
3664	4
3665	4
3666	4
3667	4
3668	4
3669	4
3670	4
3671	4
3672	4
3673	4
3674	4
3675	4
3676	4
3677	4
3678	4
3679	4
3680	4
3681	4
3682	4
3683	4
3684	4
3685	4
3686	4
3687	4
3688	4
3689	4
3690	4
3691	4
3692	4
3693	4
3694	4
3695	4
3696	4
3697	4
3698	4
3699	4
3700	4
3701	4
3702	4
3703	4
3704	4
3705	4
3706	4
3707	4
3708	4
3709	4
3710	4
3711	4
3712	4
3713	4
3714	4
3715	4
3716	4
3717	4
3718	4
3719	4
3720	4
3721	4
3722	4
3723	4
3724	4
3725	4
3726	4
3727	4
3728	4
3729	4
3730	4
3731	4
3732	4
3733	4
3734	4
3735	4
3736	4
3737	4
3738	4
3739	4
3740	4
3741	4
3742	4
3743	4
3744	4
3745	4
3746	4
3747	4
3748	4
3749	4
3750	4
3751	4
3752	4
3753	4
3754	4
3755	4
3756	4
3757	4
3758	4
3759	4
3760	4
3761	4
3762	4
3763	4
3764	4
3765	4
3766	4
3767	4
3768	4
3769	4
3770	4
3771	4
3772	4
3773	4
3774	4
3775	4
3776	4
3777	4
3778	4
3779	4
3780	4
3781	4
3782	4
3783	4
3784	4
3785	4
3786	4
3787	4
3788	4
3789	4
3790	4
3791	4
3792	4
3793	4
3794	4
3795	4
3796	4
3797	4
3798	4
3799	4
3800	4
3801	4
3802	4
3803	4
3804	4
3805	4
3806	4
3807	4
3808	4
3809	4
3810	4
3811	4
3812	4
3813	4
3814	4
3815	4
3816	4
3817	4
3818	4
3819	4
3820	4
3821	4
3822	4
3823	4
3824	4
3825	4
3826	4
3827	4
3828	4
3829	4
3830	4
3831	4
3832	4
3833	4
3834	4
3835	4
3836	4
3837	4
3838	4
3839	4
3840	4
3841	4
3842	4
3843	4
3844	4
3845	4
3846	4
3847	4
3848	4
3849	4
3850	4
3851	4
3852	4
3853	4
3854	4
3855	4
3856	4
3857	4
3858	4
3859	4
3860	4
3861	4
3862	4
3863	4
3864	4
3865	4
3866	4
3867	4
3868	4
3869	4
3870	4
3871	4
3872	4
3873	4
3874	4
3875	4
3876	4
3877	4
3878	4
3879	4
3880	4
3881	4
3882	4
3883	4
3884	4
3885	4
3886	4
3887	4
3888	4
3889	4
3890	4
3891	4
3892	4
3893	4
3894	4
3895	5
3896	5
3897	5
3898	5
3899	5
3900	5
3901	5
3902	5
3903	5
3904	5
3905	5
3906	5
3907	5
3908	5
3909	5
3910	5
3911	5
3912	5
3913	5
3914	5
3915	5
3916	5
3917	5
3918	5
3919	5
3920	5
3921	5
3922	5
3923	5
3924	5
3925	5
3926	5
3927	5
3928	5
3929	5
3930	5
3931	5
3932	5
3933	5
3934	5
3935	5
3936	5
3937	5
3938	5
3939	5
3940	5
3941	5
3942	5
3943	5
3944	5
3945	5
3946	5
3947	5
3948	5
3949	5
3950	5
3951	5
3952	5
3953	5
3954	5
3955	5
3956	5
3957	5
3958	5
3959	5
3960	5
3961	5
3962	5
3963	5
3964	5
3965	5
3966	5
3967	5
3968	5
3969	5
3970	5
3971	5
3972	5
3973	5
3974	5
3975	5
3976	5
3977	5
3978	5
3979	5
3980	5
3981	5
3982	5
3983	5
3984	5
3985	5
3986	5
3987	5
3988	5
3989	5
3990	5
3991	5
3992	5
3993	5
3994	5
3995	5
3996	5
3997	5
3998	5
3999	5
4000	5
4001	5
4002	5
4003	5
4004	5
4005	5
4006	5
4007	5
4008	5
4009	5
4010	5
4011	5
4012	5
4013	5
4014	5
4015	5
4016	5
4017	5
4018	5
4019	5
4020	5
4021	5
4022	5
4023	5
4024	5
4025	5
4026	5
4027	5
4028	5
4029	5
4030	5
4031	5
4032	5
4033	5
4034	5
4035	5
4036	5
4037	5
4038	5
4039	5
4040	5
4041	5
4042	5
4043	5
4044	5
4045	5
4046	5
4047	5
4048	5
4049	5
4050	5
4051	5
4052	5
4053	5
4054	5
4055	5
4056	5
4057	5
4058	5
4059	5
4060	5
4061	5
4062	5
4063	5
4064	5
4065	5
4066	5
4067	5
4068	5
4069	5
4070	5
4071	5
4072	5
4073	5
4074	5
4075	5
4076	5
4077	5
4078	5
4079	5
4080	5
4081	5
4082	5
4083	5
4084	5
4085	5
4086	5
4087	5
4088	5
4089	5
4090	5
4091	5
4092	6
4093	6
4094	6
4095	6
4096	7
4097	7
4098	7
4099	7
4100	7
4101	7
4102	7
4103	7
4104	7
4105	7
4106	7
4107	7
4108	7
4109	7
4110	7
4111	7
4112	7
4113	7
4114	7
4115	7
4116	7
4117	7
4118	7
4119	7
4120	7
4121	7
4122	7
4123	7
4124	7
4125	7
4126	7
4127	7
4128	7
4129	7
4130	7
4131	7
4132	7
4133	7
4134	7
4135	7
4136	7
4137	7
4138	7
4139	7
4140	7
4141	7
4142	7
4143	7
4144	7
4145	7
4146	7
4147	7
4148	7
4149	7
4150	7
4151	7
4152	7
4153	7
4154	7
4155	7
4156	7
4157	7
4158	7
4159	7
4160	7
4161	7
4162	7
4163	7
4164	7
4165	7
4166	7
4167	7
4168	7
4169	7
4170	7
4171	7
4172	7
4173	7
4174	7
4175	7
4176	7
4177	7
4178	7
4179	7
4180	7
4181	7
4182	7
4183	7
4184	7
4185	7
4186	7
4187	7
4188	7
4189	7
4190	7
4191	7
4192	7
4193	7
4194	7
4195	7
4196	7
4197	7
4198	7
4199	7
4200	7
4201	7
4202	7
4203	7
4204	7
4205	7
4206	7
4207	7
4208	7
4209	7
4210	7
4211	7
4212	7
4213	7
4214	7
4215	7
4216	7
4217	7
4218	7
4219	7
4220	7
4221	7
4222	7
4223	7
4224	7
4225	7
4226	7
4227	7
4228	7
4229	7
4230	7
4231	7
4232	7
4233	7
4234	7
4235	7
4236	7
4237	7
4238	7
4239	7
4240	7
4241	7
4242	7
4243	7
4244	7
4245	7
4246	7
4247	7
4248	7
4249	7
4250	7
4251	7
4252	7
4253	7
4254	7
4255	7
4256	7
4257	7
4258	7
4259	7
4260	7
4261	7
4262	7
4263	7
4264	7
4265	7
4266	7
4267	7
4268	7
4269	7
4270	7
4271	7
4272	7
4273	7
4274	7
4275	7
4276	7
4277	7
4278	7
4279	7
4280	7
4281	7
4282	7
4283	7
4284	7
4285	7
4286	7
4287	7
4288	7
4289	7
4290	7
4291	7
4292	7
4293	7
4294	7
4295	7
4296	7
4297	7
4298	7
4299	7
4300	7
4301	7
4302	7
4303	7
4304	7
4305	7
4306	7
4307	7
4308	7
4309	7
4310	7
4311	7
4312	7
4313	7
4314	7
4315	7
4316	7
4317	7
4318	7
4319	7
4320	7
4321	7
4322	7
4323	7
4324	7
4325	7
4326	7
4327	7
4328	7
4329	7
4330	7
4331	7
4332	7
4333	7
4334	7
4335	7
4336	7
4337	7
4338	7
4339	7
4340	7
4341	7
4342	7
4343	7
4344	7
4345	7
4346	7
4347	7
4348	7
4349	7
4350	7
4351	7
4352	7
4353	7
4354	7
4355	7
4356	7
4357	7
4358	7
4359	7
4360	7
4361	7
4362	7
4363	7
4364	7
4365	7
4366	7
4367	7
4368	7
4369	7
4370	7
4371	7
4372	7
4373	7
4374	7
4375	7
4376	7
4377	7
4378	7
4379	7
4380	7
4381	7
4382	7
4383	7
4384	7
4385	7
4386	7
4387	7
4388	7
4389	7
4390	7
4391	7
4392	7
4393	7
4394	7
4395	7
4396	7
4397	7
4398	7
4399	7
4400	7
4401	7
4402	7
4403	7
4404	7
4405	7
4406	7
4407	7
4408	7
4409	7
4410	7
4411	7
4412	7
4413	7
4414	7
4415	7
4416	7
4417	7
4418	7
4419	7
4420	7
4421	7
4422	7
4423	7
4424	7
4425	7
4426	7
4427	7
4428	7
4429	7
4430	7
4431	7
4432	7
4433	7
4434	7
4435	7
4436	7
4437	7
4438	7
4439	7
4440	7
4441	7
4442	7
4443	7
4444	7
4445	7
4446	7
4447	7
4448	7
4449	7
4450	7
4451	7
4452	7
4453	7
4454	7
4455	7
4456	7
4457	7
4458	7
4459	7
4460	7
4461	7
4462	7
4463	7
4464	7
4465	7
4466	7
4467	7
4468	7
4469	7
4470	7
4471	7
4472	7
4473	7
4474	7
4475	7
4476	7
4477	7
4478	7
4479	7
4480	7
4481	7
4482	7
4483	7
4484	7
4485	7
4486	7
4487	7
4488	7
4489	7
4490	7
4491	7
4492	7
4493	7
4494	7
4495	7
4496	7
4497	7
4498	7
4499	7
4500	7
4501	7
4502	7
4503	7
4504	7
4505	7
4506	7
4507	7
4508	7
4509	7
4510	7
4511	7
4512	7
4513	7
4514	7
4515	7
4516	7
4517	7
4518	7
4519	7
4520	7
4521	7
4522	7
4523	7
4524	7
4525	7
4526	7
4527	7
4528	7
4529	7
4530	7
4531	7
4532	7
4533	7
4534	7
4535	7
4536	7
4537	7
4538	7
4539	7
4540	7
4541	7
4542	7
4543	7
4544	7
4545	7
4546	7
4547	7
4548	7
4549	7
4550	7
4551	7
4552	7
4553	7
4554	7
4555	7
4556	7
4557	7
4558	7
4559	7
4560	7
4561	7
4562	7
4563	7
4564	7
4565	7
4566	7
4567	7
4568	7
4569	7
4570	7
4571	7
4572	7
4573	7
4574	7
4575	7
4576	7
4577	7
4578	7
4579	7
4580	7
4581	7
4582	7
4583	7
4584	7
4585	7
4586	7
4587	7
4588	7
4589	7
4590	7
4591	7
4592	7
4593	7
4594	7
4595	7
4596	7
4597	7
4598	7
4599	7
4600	7
4601	7
4602	7
4603	7
4604	7
4605	7
4606	7
4607	7
4608	7
4609	7
4610	7
4611	7
4612	7
4613	7
4614	7
4615	7
4616	7
4617	7
4618	7
4619	7
4620	7
4621	7
4622	7
4623	7
4624	7
4625	7
4626	7
4627	7
4628	7
4629	7
4630	7
4631	7
4632	7
4633	7
4634	7
4635	7
4636	7
4637	7
4638	7
4639	7
4640	7
4641	7
4642	7
4643	7
4644	7
4645	7
4646	7
4647	7
4648	7
4649	7
4650	7
4651	7
4652	7
4653	7
4654	7
4655	7
4656	7
4657	7
4658	7
4659	7
4660	7
4661	7
4662	7
4663	7
4664	7
4665	7
4666	7
4667	7
4668	7
4669	7
4670	7
4671	7
4672	7
4673	7
4674	7
4675	7
4676	7
4677	7
4678	7
4679	7
4680	7
4681	7
4682	7
4683	7
4684	7
4685	7
4686	7
4687	7
4688	7
4689	7
4690	7
4691	7
4692	7
4693	7
4694	7
4695	7
4696	7
4697	7
4698	7
4699	7
4700	7
4701	7
4702	7
4703	7
4704	7
4705	7
4706	7
4707	7
4708	7
4709	7
4710	7
4711	7
4712	7
4713	7
4714	7
4715	7
4716	7
4717	7
4718	7
4719	7
4720	7
4721	7
4722	7
4723	7
4724	7
4725	7
4726	7
4727	7
4728	7
4729	7
4730	7
4731	7
4732	7
4733	7
4734	7
4735	7
4736	7
4737	7
4738	7
4739	7
4740	7
4741	7
4742	7
4743	7
4744	7
4745	7
4746	7
4747	7
4748	7
4749	7
4750	7
4751	7
4752	7
4753	7
4754	7
4755	7
4756	7
4757	7
4758	7
4759	7
4760	7
4761	7
4762	7
4763	7
4764	7
4765	7
4766	7
4767	7
4768	7
4769	7
4770	8
4771	8
4772	8
4773	8
4774	8
4775	8
4776	8
4777	8
4778	8
4779	8
4780	8
4781	8
4782	8
4783	8
4784	8
4785	8
4786	8
4787	8
4788	8
4789	8
4790	8
4791	8
4792	8
4793	8
4794	8
4795	8
4796	8
4797	8
4798	8
4799	8
4800	8
4801	8
4802	8
4803	8
4804	8
4805	8
4806	8
4807	8
4808	8
4809	8
4810	8
4811	8
4812	8
4813	8
4814	8
4815	8
4816	8
4817	8
4818	8
4819	8
4820	8
4821	8
4822	8
4823	8
4824	8
4825	8
4826	8
4827	8
4828	8
4829	8
4830	8
4831	8
4832	8
4833	8
4834	8
4835	8
4836	8
4837	8
4838	8
4839	8
4840	8
4841	8
4842	8
4843	8
4844	8
4845	8
4846	8
4847	8
4848	8
4849	8
4850	8
4851	8
4852	8
4853	8
4854	8
4855	8
4856	8
4857	8
4858	8
4859	8
4860	8
4861	8
4862	8
4863	8
4864	8
4865	8
4866	8
4867	8
4868	8
4869	8
4870	8
4871	8
4872	8
4873	8
4874	8
4875	8
4876	8
4877	8
4878	8
4879	8
4880	8
4881	8
4882	8
4883	8
4884	8
4885	8
4886	8
4887	8
4888	8
4889	8
4890	8
4891	8
4892	8
4893	8
4894	8
4895	8
4896	8
4897	8
4898	8
4899	8
4900	8
4901	8
4902	8
4903	8
4904	8
4905	8
4906	8
4907	8
4908	8
4909	8
4910	8
4911	8
4912	8
4913	8
4914	8
4915	8
4916	8
4917	8
4918	8
4919	8
4920	8
4921	8
4922	8
4923	8
4924	8
4925	8
4926	8
4927	8
4928	8
4929	8
4930	8
4931	8
4932	8
4933	8
4934	8
4935	8
4936	8
4937	8
4938	8
4939	8
4940	8
4941	8
4942	8
4943	8
4944	8
4945	8
4946	8
4947	8
4948	8
4949	8
4950	8
4951	8
4952	8
4953	8
4954	8
4955	8
4956	8
4957	8
4958	8
4959	8
4960	8
4961	8
4962	8
4963	8
4964	8
4965	8
4966	8
4967	8
4968	8
4969	8
4970	8
4971	8
4972	8
4973	8
4974	8
4975	8
4976	8
4977	8
4978	8
4979	8
4980	8
4981	8
4982	8
4983	8
4984	8
4985	8
4986	8
4987	8
4988	8
4989	8
4990	8
4991	8
4992	8
4993	8
4994	8
4995	8
4996	8
4997	8
4998	8
4999	8
5000	8
5001	8
5002	8
5003	8
5004	8
5005	8
5006	8
5007	8
5008	8
5009	8
5010	8
5011	8
5012	8
5013	8
5014	8
5015	8
5016	8
5017	8
5018	8
5019	8
5020	8
5021	8
5022	8
5023	8
5024	8
5025	8
5026	8
5027	8
5028	8
5029	8
5030	8
5031	8
5032	8
5033	8
5034	8
5035	8
5036	8
5037	8
5038	8
5039	8
5040	8
5041	8
5042	8
5043	8
5044	8
5045	8
5046	8
5047	8
5048	8
5049	8
5050	8
5051	8
5052	8
5053	8
5054	8
5055	8
5056	8
5057	8
5058	8
5059	8
5060	8
5061	8
5062	8
5063	8
5064	8
5065	8
5066	8
5067	8
5068	8
5069	8
5070	8
5071	8
5072	8
5073	8
5074	8
5075	8
5076	8
5077	8
5078	8
5079	8
5080	8
5081	8
5082	8
5083	8
5084	8
5085	8
5086	8
5087	8
5088	8
5089	8
5090	8
5091	8
5092	8
5093	8
5094	8
5095	8
5096	8
5097	8
5098	8
5099	8
5100	8
5101	8
5102	8
5103	8
5104	8
5105	8
5106	8
5107	8
5108	8
5109	8
5110	8
5111	8
5112	8
5113	8
5114	8
5115	8
5116	8
5117	8
5118	8
5119	8
5120	8
5121	8
5122	8
5123	8
5124	8
5125	8
5126	8
5127	8
5128	8
5129	8
5130	8
5131	8
5132	8
5133	8
5134	8
5135	8
5136	8
5137	8
5138	8
5139	8
5140	8
5141	8
5142	8
5143	8
5144	8
5145	8
5146	8
5147	8
5148	8
5149	8
5150	8
5151	8
5152	8
5153	8
5154	8
5155	8
5156	8
5157	8
5158	8
5159	8
5160	8
5161	8
5162	8
5163	8
5164	8
5165	8
5166	8
5167	8
5168	8
5169	8
5170	8
5171	8
5172	8
5173	8
5174	8
5175	8
5176	8
5177	8
5178	8
5179	8
5180	8
5181	8
5182	8
5183	8
5184	8
5185	8
5186	8
5187	8
5188	8
5189	8
5190	8
5191	8
5192	8
5193	8
5194	8
5195	8
5196	8
5197	8
5198	8
5199	8
5200	8
5201	8
5202	8
5203	8
5204	8
5205	8
5206	8
5207	8
5208	8
5209	8
5210	8
5211	8
5212	8
5213	8
5214	8
5215	8
5216	8
5217	8
5218	8
5219	8
5220	8
5221	8
5222	8
5223	8
5224	8
5225	8
5226	8
5227	8
5228	8
5229	8
5230	8
5231	8
5232	8
5233	8
5234	8
5235	8
5236	8
5237	8
5238	8
5239	8
5240	8
5241	8
5242	8
5243	8
5244	8
5245	8
5246	8
5247	8
5248	8
5249	8
5250	8
5251	8
5252	8
5253	8
5254	8
5255	8
5256	8
5257	8
5258	8
5259	8
5260	8
5261	8
5262	8
5263	8
5264	8
5265	8
5266	8
5267	8
5268	8
5269	8
5270	8
5271	8
5272	8
5273	8
5274	8
5275	8
5276	8
5277	8
5278	8
5279	8
5280	8
5281	8
5282	8
5283	8
5284	8
5285	8
5286	8
5287	8
5288	8
5289	8
5290	8
5291	8
5292	8
5293	8
5294	8
5295	8
5296	8
5297	8
5298	8
5299	8
5300	8
5301	8
5302	8
5303	8
5304	8
5305	8
5306	8
5307	8
5308	8
5309	8
5310	8
5311	8
5312	8
5313	8
5314	8
5315	8
5316	8
5317	8
5318	9
5319	9
5320	9
5321	9
5322	9
5323	9
5324	9
5325	9
5326	9
5327	9
5328	9
5329	9
5330	9
5331	9
5332	9
5333	9
5334	9
5335	9
5336	9
5337	9
5338	9
5339	9
5340	9
5341	9
5342	9
5343	9
5344	9
5345	9
5346	9
5347	9
5348	9
5349	9
5350	9
5351	9
5352	9
5353	9
5354	9
5355	9
5356	9
5357	9
5358	9
5359	9
5360	9
5361	9
5362	9
5363	9
5364	9
5365	9
5366	9
5367	9
5368	9
5369	9
5370	9
5371	9
5372	9
5373	9
5374	9
5375	9
5376	9
5377	9
5378	9
5379	9
5380	9
5381	9
5382	9
5383	9
5384	9
5385	9
5386	9
5387	9
5388	9
5389	9
5390	9
5391	9
5392	9
5393	9
5394	9
5395	9
5396	9
5397	9
5398	9
5399	9
5400	9
5401	9
5402	9
5403	9
5404	9
5405	9
5406	9
5407	9
5408	9
5409	9
5410	9
5411	9
5412	9
5413	9
5414	9
5415	9
5416	9
5417	9
5418	9
5419	9
5420	9
5421	9
5422	9
5423	9
5424	9
5425	9
5426	9
5427	9
5428	9
5429	9
5430	9
5431	9
5432	9
5433	9
5434	9
5435	9
5436	9
5437	9
5438	9
5439	9
5440	9
5441	9
5442	9
5443	9
5444	9
5445	9
5446	9
5447	9
5448	9
5449	9
5450	9
5451	9
5452	9
5453	9
5454	9
5455	9
5456	9
5457	9
5458	9
5459	9
5460	9
5461	9
5462	9
5463	9
5464	9
5465	9
5466	9
5467	9
5468	9
5469	9
5470	9
5471	9
5472	9
5473	9
5474	9
5475	9
5476	9
5477	9
5478	9
5479	9
5480	9
5481	9
5482	9
5483	9
5484	9
5485	9
5486	9
5487	9
5488	9
5489	9
5490	9
5491	9
5492	9
5493	9
5494	9
5495	9
5496	9
5497	9
5498	9
5499	9
5500	9
5501	9
5502	9
5503	9
5504	9
5505	9
5506	9
5507	9
5508	9
5509	9
5510	9
5511	9
5512	9
5513	9
5514	9
5515	9
5516	9
5517	9
5518	9
5519	9
5520	9
5521	9
5522	9
5523	9
5524	9
5525	9
5526	9
5527	9
5528	9
5529	9
5530	9
5531	9
5532	9
5533	9
5534	9
5535	9
5536	9
5537	9
5538	9
5539	9
5540	9
5541	9
5542	9
5543	9
5544	9
5545	9
5546	9
5547	9
5548	9
5549	9
5550	9
5551	9
5552	9
5553	9
5554	9
5555	9
5556	9
5557	9
5558	9
5559	9
5560	9
5561	9
5562	9
5563	9
5564	9
5565	9
5566	9
5567	9
5568	9
5569	9
5570	9
5571	9
5572	9
5573	9
5574	9
5575	9
5576	9
5577	9
5578	9
5579	9
5580	9
5581	9
5582	9
5583	9
5584	9
5585	9
5586	9
5587	9
5588	9
5589	9
5590	9
5591	9
5592	9
5593	9
5594	9
5595	9
5596	9
5597	9
5598	9
5599	9
5600	9
5601	9
5602	9
5603	9
5604	9
5605	9
5606	9
5607	9
5608	9
5609	9
5610	9
5611	9
5612	9
5613	9
5614	9
5615	9
5616	9
5617	9
5618	9
5619	9
5620	9
5621	9
5622	9
5623	9
5624	9
5625	9
5626	9
5627	9
5628	9
5629	9
5630	9
5631	9
5632	9
5633	9
5634	9
5635	9
5636	9
5637	9
5638	9
5639	9
5640	9
5641	9
5642	9
5643	9
5644	9
5645	9
5646	9
5647	9
5648	9
5649	9
5650	9
5651	9
5652	9
5653	9
5654	9
5655	9
5656	9
5657	9
5658	9
5659	9
5660	9
5661	9
5662	9
5663	9
5664	9
5665	9
5666	9
5667	9
5668	9
5669	9
5670	9
5671	9
5672	9
5673	9
5674	9
5675	9
5676	9
5677	9
5678	9
5679	9
5680	9
5681	9
5682	9
5683	9
5684	9
5685	9
5686	9
5687	9
5688	9
5689	9
5690	9
5691	9
5692	9
5693	9
5694	9
5695	9
5696	9
5697	9
5698	9
5699	9
5700	9
5701	9
5702	9
5703	9
5704	9
5705	9
5706	9
5707	9
5708	9
5709	9
5710	9
5711	9
5712	9
5713	9
5714	9
5715	9
5716	9
5717	9
5718	9
5719	9
5720	9
5721	9
5722	9
5723	9
5724	9
5725	9
5726	9
5727	9
5728	9
5729	9
5730	9
5731	9
5732	9
5733	9
5734	9
5735	9
5736	9
5737	9
5738	9
5739	10
5740	10
5741	10
5742	10
5743	10
5744	10
5745	10
5746	10
5747	10
5748	10
5749	10
5750	10
5751	10
5752	10
5753	10
5754	10
5755	10
5756	10
5757	10
5758	10
5759	10
5760	10
5761	10
5762	10
5763	10
5764	10
5765	10
5766	10
5767	10
5768	10
5769	10
5770	10
5771	10
5772	10
5773	10
5774	10
5775	10
5776	10
5777	10
5778	10
5779	10
5780	10
5781	10
5782	10
5783	10
5784	10
5785	10
5786	10
5787	10
5788	10
5789	10
5790	10
5791	10
5792	10
5793	10
5794	10
5795	10
5796	10
5797	10
5798	10
5799	10
5800	10
5801	10
5802	10
5803	10
5804	10
5805	10
5806	10
5807	10
5808	10
5809	10
5810	10
5811	10
5812	10
5813	10
5814	10
5815	10
5816	10
5817	10
5818	10
5819	10
5820	10
5821	10
5822	10
5823	10
5824	10
5825	10
5826	11
5827	11
5828	11
5829	11
5830	11
5831	11
5832	11
5833	11
5834	11
5835	11
5836	11
5837	11
5838	11
5839	11
5840	11
5841	11
5842	11
5843	11
5844	11
5845	11
5846	11
5847	11
5848	11
5849	11
5850	11
5851	11
5852	11
5853	11
5854	11
5855	11
5856	11
5857	11
5858	11
5859	11
5860	11
5861	11
5862	11
5863	11
5864	11
5865	11
5866	11
5867	11
5868	11
5869	11
5870	11
5871	11
5872	11
5873	11
5874	11
5875	11
5876	11
5877	11
5878	11
5879	11
5880	11
5881	11
5882	11
5883	11
5884	11
5885	11
5886	11
5887	11
5888	11
5889	11
5890	11
5891	11
5892	11
5893	11
5894	11
5895	11
5896	11
5897	11
5898	11
5899	11
5900	11
5901	11
5902	11
5903	11
5904	11
5905	11
5906	11
5907	11
5908	11
5909	11
5910	11
5911	11
5912	11
5913	11
5914	11
5915	11
5916	11
5917	11
5918	11
5919	11
5920	11
5921	11
5922	11
5923	11
5924	11
5925	11
5926	11
5927	11
5928	11
5929	11
5930	11
5931	11
5932	11
5933	11
5934	11
5935	11
5936	11
5937	11
5938	11
5939	11
5940	11
5941	11
5942	11
5943	11
5944	11
5945	11
5946	11
5947	11
5948	11
5949	11
5950	11
5951	11
5952	11
5953	11
5954	11
5955	11
5956	11
5957	11
5958	11
5959	11
5960	11
5961	11
5962	11
5963	11
5964	11
5965	11
5966	11
5967	11
5968	11
5969	11
5970	11
5971	11
5972	11
5973	11
5974	11
5975	11
5976	11
5977	11
5978	11
5979	11
5980	11
5981	11
5982	11
5983	11
5984	11
5985	11
5986	11
5987	11
5988	11
5989	11
5990	11
5991	11
5992	11
5993	11
5994	11
5995	11
5996	11
5997	11
5998	11
5999	11
6000	11
6001	11
6002	11
6003	11
6004	11
6005	11
6006	11
6007	11
6008	11
6009	11
6010	11
6011	11
6012	11
6013	11
6014	11
6015	11
6016	11
6017	11
6018	11
6019	11
6020	11
6021	11
6022	11
6023	11
6024	11
6025	11
6026	11
6027	11
6028	11
6029	11
6030	11
6031	11
6032	11
6033	11
6034	11
6035	11
6036	11
6037	11
6038	11
6039	11
6040	11
6041	11
6042	11
6043	11
6044	11
6045	11
6046	11
6047	11
6048	11
6049	11
6050	11
6051	11
6052	11
6053	11
6054	11
6055	11
6056	11
6057	11
6058	11
6059	11
6060	11
6061	11
6062	11
6063	11
6064	11
6065	11
6066	11
6067	11
6068	11
6069	11
6070	11
6071	11
6072	11
6073	11
6074	11
6075	11
6076	11
6077	11
6078	11
6079	11
6080	11
6081	11
6082	11
6083	11
6084	11
6085	11
6086	11
6087	11
6088	11
6089	11
6090	11
6091	11
6092	11
6093	11
6094	11
6095	11
6096	11
6097	11
6098	11
6099	11
6100	11
6101	11
6102	11
6103	11
6104	11
6105	11
6106	11
6107	11
6108	11
6109	11
6110	11
6111	11
6112	11
6113	11
6114	11
6115	11
6116	11
6117	11
6118	11
6119	11
6120	11
6121	11
6122	11
6123	11
6124	11
6125	11
6126	11
6127	11
6128	11
6129	11
6130	11
6131	11
6132	11
6133	11
6134	11
6135	11
6136	11
6137	11
6138	11
6139	11
6140	11
6141	11
6142	11
6143	11
6144	11
6145	11
6146	11
6147	11
6148	11
6149	11
6150	11
6151	11
6152	11
6153	11
6154	11
6155	11
6156	11
6157	11
6158	11
6159	11
6160	11
6161	11
6162	11
6163	11
6164	11
6165	11
6166	11
6167	11
6168	11
6169	11
6170	11
6171	11
6172	11
6173	11
6174	11
6175	11
6176	11
6177	11
6178	11
6179	11
6180	11
6181	11
6182	11
6183	11
6184	11
6185	11
6186	11
6187	11
6188	11
6189	11
6190	11
6191	11
6192	11
6193	11
6194	11
6195	11
6196	11
6197	11
6198	11
6199	11
6200	11
6201	11
6202	11
6203	11
6204	11
6205	11
6206	11
6207	11
6208	11
6209	11
6210	11
6211	11
6212	11
6213	11
6214	11
6215	11
6216	11
6217	11
6218	11
6219	11
6220	11
6221	11
6222	11
6223	11
6224	11
6225	11
6226	11
6227	11
6228	11
6229	11
6230	11
6231	11
6232	11
6233	11
6234	11
6235	11
6236	11
6237	11
6238	11
6239	11
6240	11
6241	11
6242	11
6243	11
6244	11
6245	11
6246	11
6247	11
6248	11
6249	11
6250	11
6251	11
6252	11
6253	11
6254	11
6255	11
6256	11
6257	11
6258	11
6259	11
6260	11
6261	11
6262	11
6263	11
6264	11
6265	11
6266	11
6267	11
6268	11
6269	11
6270	11
6271	11
6272	11
6273	11
6274	11
6275	11
6276	11
6277	11
6278	11
6279	11
6280	11
6281	11
6282	11
6283	11
6284	11
6285	11
6286	11
6287	11
6288	11
6289	11
6290	11
6291	11
6292	11
6293	11
6294	11
6295	11
6296	11
6297	11
6298	11
6299	11
6300	11
6301	11
6302	11
6303	11
6304	11
6305	11
6306	11
6307	11
6308	11
6309	11
6310	11
6311	11
6312	11
6313	11
6314	11
6315	11
6316	11
6317	11
6318	11
6319	11
6320	11
6321	11
6322	11
6323	11
6324	11
6325	11
6326	11
6327	11
6328	11
6329	11
6330	11
6331	11
6332	11
6333	11
6334	11
6335	11
6336	11
6337	11
6338	11
6339	11
6340	11
6341	11
6342	11
6343	11
6344	11
6345	11
6346	11
6347	11
6348	11
6349	11
6350	11
6351	11
6352	11
6353	11
6354	11
6355	11
6356	11
6357	11
6358	11
6359	11
6360	11
6361	11
6362	11
6363	11
6364	11
6365	11
6366	11
6367	11
6368	11
6369	11
6370	11
6371	11
6372	11
6373	11
6374	11
6375	11
6376	11
6377	11
6378	11
6379	11
6380	11
6381	11
6382	11
6383	11
6384	11
6385	11
6386	11
6387	11
6388	11
6389	11
6390	11
6391	11
6392	11
6393	11
6394	11
6395	11
6396	11
6397	11
6398	11
6399	11
6400	11
6401	11
6402	11
6403	11
6404	11
6405	11
6406	11
6407	11
6408	11
6409	11
6410	11
6411	11
6412	11
6413	11
6414	11
6415	11
6416	11
6417	11
6418	11
6419	11
6420	11
6421	11
6422	11
6423	11
6424	11
6425	11
6426	11
6427	11
6428	11
6429	11
6430	11
6431	11
6432	11
6433	11
6434	11
6435	11
6436	11
6437	11
6438	11
6439	11
6440	11
6441	11
6442	11
6443	11
6444	11
6445	11
6446	11
6447	11
6448	11
6449	11
6450	11
6451	11
6452	11
6453	11
6454	11
6455	11
6456	11
6457	11
6458	11
6459	11
6460	11
6461	11
6462	11
6463	11
6464	11
6465	11
6466	11
6467	11
6468	11
6469	11
6470	11
6471	11
6472	11
6473	11
6474	11
6475	11
6476	11
6477	11
6478	11
6479	11
6480	11
6481	11
6482	11
6483	11
6484	11
6485	11
6486	11
6487	11
6488	11
6489	11
6490	11
6491	11
6492	11
6493	11
6494	11
6495	11
6496	11
6497	11
6498	11
6499	11
6500	11
6501	11
6502	11
6503	11
6504	11
6505	11
6506	11
6507	11
6508	11
6509	11
6510	11
6511	11
6512	11
6513	11
6514	11
6515	11
6516	11
6517	11
6518	11
6519	11
6520	11
6521	11
6522	11
6523	11
6524	11
6525	11
6526	11
6527	11
6528	11
6529	11
6530	11
6531	11
6532	11
6533	11
6534	11
6535	11
6536	11
6537	11
6538	11
6539	11
6540	11
6541	11
6542	11
6543	11
6544	11
6545	11
6546	11
6547	11
6548	11
6549	11
6550	11
6551	11
6552	11
6553	11
6554	11
6555	11
6556	11
6557	11
6558	11
6559	11
6560	11
6561	11
6562	11
6563	11
6564	11
6565	11
6566	11
6567	11
6568	11
6569	11
6570	11
6571	11
6572	11
6573	11
6574	11
6575	11
6576	11
6577	11
6578	11
6579	11
6580	11
6581	11
6582	11
6583	11
6584	11
6585	11
6586	11
6587	11
6588	11
6589	11
6590	11
6591	11
6592	11
6593	11
6594	11
6595	11
6596	11
6597	11
6598	11
6599	11
6600	11
6601	11
6602	11
6603	11
6604	11
6605	11
6606	11
6607	11
6608	11
6609	11
6610	11
6611	11
6612	11
6613	11
6614	11
6615	11
6616	11
6617	11
6618	11
6619	11
6620	11
6621	11
6622	11
6623	11
6624	11
6625	11
6626	11
6627	11
6628	11
6629	11
6630	11
6631	11
6632	11
6633	11
6634	11
6635	11
6636	11
6637	11
6638	11
6639	11
6640	11
6641	11
6642	11
6643	11
6644	11
6645	11
6646	11
6647	11
6648	11
6649	11
6650	11
6651	11
6652	11
6653	11
6654	11
6655	11
6656	11
6657	11
6658	11
6659	11
6660	11
6661	11
6662	11
6663	11
6664	11
6665	11
6666	11
6667	11
6668	11
6669	11
6670	11
6671	11
6672	11
6673	11
6674	11
6675	11
6676	11
6677	11
6678	11
6679	11
6680	11
6681	11
6682	11
6683	11
6684	11
6685	11
6686	11
6687	11
6688	11
6689	11
6690	11
6691	11
6692	11
6693	11
6694	11
6695	11
6696	11
6697	11
6698	11
6699	11
6700	11
6701	11
6702	11
6703	11
6704	11
6705	11
6706	11
6707	11
6708	11
6709	11
6710	11
6711	11
6712	11
6713	11
6714	11
6715	11
6716	11
6717	11
6718	11
6719	11
6720	11
6721	11
6722	11
6723	11
6724	11
6725	11
6726	11
6727	11
6728	11
6729	11
6730	11
6731	11
6732	11
6733	11
6734	11
6735	11
6736	11
6737	11
6738	11
6739	11
6740	11
6741	11
6742	11
6743	11
6744	11
6745	11
6746	11
6747	11
6748	11
6749	11
6750	11
6751	11
6752	11
6753	11
6754	11
6755	11
6756	11
6757	11
6758	11
6759	11
6760	11
6761	11
6762	11
6763	11
6764	11
6765	11
6766	11
6767	11
6768	11
6769	11
6770	11
6771	11
6772	11
6773	11
6774	11
6775	11
6776	11
6777	11
6778	11
6779	11
6780	11
6781	11
6782	11
6783	11
6784	11
6785	11
6786	11
6787	11
6788	11
6789	11
6790	11
6791	11
6792	11
6793	11
6794	11
6795	11
6796	11
6797	11
6798	11
6799	11
6800	11
6801	11
6802	11
6803	11
6804	11
6805	11
6806	11
6807	11
6808	11
6809	11
6810	11
6811	11
6812	11
6813	11
6814	11
6815	11
6816	11
6817	11
6818	11
6819	11
6820	11
6821	11
6822	11
6823	11
6824	11
6825	11
6826	11
6827	11
6828	11
6829	11
6830	11
6831	11
6832	11
6833	11
6834	11
6835	11
6836	11
6837	11
6838	11
6839	11
6840	11
6841	11
6842	11
6843	11
6844	11
6845	11
6846	11
6847	11
6848	11
6849	11
6850	11
6851	11
6852	11
6853	11
6854	11
6855	12
6856	12
6857	12
6858	12
6859	12
6860	12
6861	12
6862	12
6863	12
6864	12
6865	12
6866	12
6867	12
6868	12
6869	12
6870	12
6871	12
6872	12
6873	12
6874	12
6875	12
6876	12
6877	12
6878	12
6879	12
6880	12
6881	12
6882	12
6883	12
6884	12
6885	12
6886	12
6887	12
6888	12
6889	12
6890	12
6891	12
6892	12
6893	12
6894	12
6895	12
6896	12
6897	12
6898	12
6899	12
6900	12
6901	12
6902	12
6903	12
6904	12
6905	12
6906	12
6907	12
6908	12
6909	12
6910	12
6911	12
6912	12
6913	12
6914	12
6915	12
6916	12
6917	12
6918	12
6919	12
6920	12
6921	12
6922	12
6923	12
6924	12
6925	12
6926	12
6927	12
6928	12
6929	12
6930	12
6931	12
6932	12
6933	12
6934	12
6935	12
6936	12
6937	12
6938	12
6939	12
6940	12
6941	12
6942	12
6943	12
6944	12
6945	12
6946	12
6947	12
6948	12
6949	12
6950	12
6951	12
6952	12
6953	12
6954	12
6955	12
6956	12
6957	12
6958	12
6959	12
6960	12
6961	12
6962	12
6963	12
6964	12
6965	12
6966	12
6967	12
6968	12
6969	12
6970	12
6971	12
6972	12
6973	12
6974	12
6975	12
6976	12
6977	12
6978	12
6979	12
6980	12
6981	12
6982	12
6983	12
6984	12
6985	12
6986	12
6987	12
6988	12
6989	12
6990	12
6991	12
6992	12
6993	12
6994	12
6995	12
6996	12
6997	12
6998	12
6999	12
7000	12
7001	12
7002	12
7003	12
7004	12
7005	12
7006	12
7007	12
7008	12
7009	12
7010	12
7011	12
7012	12
7013	12
7014	12
7015	12
7016	12
7017	12
7018	12
7019	12
7020	12
7021	12
7022	12
7023	12
7024	12
7025	12
7026	12
7027	12
7028	12
7029	12
7030	12
7031	12
7032	12
7033	12
7034	12
7035	12
7036	12
7037	12
7038	12
7039	12
7040	12
7041	12
7042	12
7043	12
7044	12
7045	12
7046	12
7047	12
7048	12
7049	12
7050	12
7051	12
7052	12
7053	12
7054	12
7055	12
7056	12
7057	12
7058	12
7059	12
7060	12
7061	12
7062	12
7063	12
7064	12
7065	12
7066	12
7067	12
7068	12
7069	12
7070	12
7071	12
7072	12
7073	12
7074	12
7075	12
7076	12
7077	12
7078	12
7079	12
7080	12
7081	12
7082	12
7083	12
7084	12
7085	12
7086	12
7087	12
7088	12
7089	12
7090	12
7091	12
7092	12
7093	12
7094	12
7095	12
7096	12
7097	12
7098	12
7099	12
7100	12
7101	12
7102	12
7103	12
7104	12
7105	12
7106	12
7107	12
7108	12
7109	12
7110	12
7111	12
7112	12
7113	12
7114	12
7115	12
7116	12
7117	12
7118	12
7119	12
7120	12
7121	12
7122	12
7123	12
7124	12
7125	12
7126	12
7127	12
7128	12
7129	12
7130	12
7131	12
7132	12
7133	12
7134	12
7135	12
7136	12
7137	12
7138	12
7139	12
7140	12
7141	12
7142	12
7143	12
7144	12
7145	12
7146	12
7147	12
7148	12
7149	12
7150	12
7151	12
7152	12
7153	12
7154	12
7155	12
7156	12
7157	12
7158	12
7159	12
7160	12
7161	12
7162	12
7163	12
7164	12
7165	12
7166	12
7167	12
7168	12
7169	12
7170	12
7171	12
7172	12
7173	12
7174	12
7175	12
7176	12
7177	12
7178	12
7179	12
7180	12
7181	12
7182	12
7183	12
7184	12
7185	12
7186	12
7187	12
7188	12
7189	12
7190	12
7191	12
7192	12
7193	12
7194	12
7195	12
7196	12
7197	12
7198	12
7199	12
7200	12
7201	13
7202	13
7203	13
7204	13
7205	13
7206	13
7207	13
7208	13
7209	13
7210	13
7211	13
7212	13
7213	13
7214	13
7215	13
7216	13
7217	13
7218	13
7219	13
7220	13
7221	13
7222	13
7223	13
7224	13
7225	13
7226	13
7227	13
7228	13
7229	13
7230	13
7231	13
7232	13
7233	13
7234	13
7235	13
7236	13
7237	13
7238	13
7239	13
7240	13
7241	13
7242	13
7243	13
7244	13
7245	13
7246	13
7247	13
7248	13
7249	13
7250	13
7251	13
7252	13
7253	13
7254	13
7255	13
7256	13
7257	13
7258	13
7259	13
7260	13
7261	13
7262	13
7263	13
7264	13
7265	13
7266	13
7267	13
7268	13
7269	13
7270	13
7271	13
7272	13
7273	13
7274	13
7275	13
7276	13
7277	13
7278	13
7279	13
7280	13
7281	13
7282	13
7283	13
7284	13
7285	13
7286	13
7287	13
7288	13
7289	13
7290	13
7291	13
7292	13
7293	13
7294	13
7295	13
7296	13
7297	13
7298	13
7299	13
7300	13
7301	13
7302	13
7303	13
7304	13
7305	13
7306	13
7307	13
7308	13
7309	13
7310	13
7311	13
7312	13
7313	13
7314	13
7315	13
7316	13
7317	13
7318	13
7319	13
7320	13
7321	14
7322	14
7323	14
7324	14
7325	14
7326	14
7327	14
7328	14
7329	14
7330	14
7331	14
7332	14
7333	14
7334	14
7335	14
7336	14
7337	14
7338	14
7339	14
7340	14
7341	14
7342	14
7343	14
7344	14
7345	14
7346	14
7347	14
7348	14
7349	14
7350	14
7351	14
7352	14
7353	14
7354	14
7355	14
7356	14
7357	14
7358	14
7359	14
7360	14
7361	14
7362	14
7363	14
7364	14
7365	14
7366	14
7367	14
7368	14
7369	14
7370	14
7371	14
7372	14
7373	14
7374	14
7375	14
7376	14
7377	14
7378	14
7379	14
7380	14
7381	14
7382	14
7383	14
7384	14
7385	14
7386	14
7387	14
7388	14
7389	14
7390	14
7391	14
7392	14
7393	14
7394	14
7395	14
7396	14
7397	14
7398	14
7399	14
7400	14
7401	14
7402	14
7403	14
7404	14
7405	14
7406	14
7407	14
7408	14
7409	14
7410	14
7411	14
7412	14
7413	14
7414	14
7415	14
7416	14
7417	14
7418	14
7419	14
7420	14
7421	14
7422	14
7423	14
7424	14
7425	14
7426	14
7427	14
7428	14
7429	14
7430	14
7431	14
7432	14
7433	14
7434	14
7435	14
7436	14
7437	14
7438	14
7439	14
7440	14
7441	14
7442	14
7443	14
7444	14
7445	14
7446	14
7447	14
7448	14
7449	14
7450	14
7451	14
7452	14
7453	14
7454	14
7455	14
7456	14
7457	14
7458	14
7459	14
7460	14
7461	14
7462	14
7463	14
7464	14
7465	14
7466	14
7467	14
7468	14
7469	14
7470	14
7471	14
7472	14
7473	14
7474	14
7475	14
7476	14
7477	14
7478	14
7479	15
7480	15
7481	15
7482	15
7483	15
7484	15
7485	15
7486	15
7487	15
7488	15
7489	15
7490	15
7491	15
7492	15
7493	15
7494	15
7495	15
7496	15
7497	15
7498	15
7499	15
7500	15
7501	15
7502	15
7503	15
7504	15
7505	15
7506	15
7507	15
7508	15
7509	15
7510	15
7511	15
7512	15
7513	15
7514	15
7515	15
7516	15
7517	15
7518	15
7519	15
7520	15
7521	15
7522	15
7523	15
7524	15
7525	15
7526	15
7527	15
7528	15
7529	15
7530	15
7531	15
7532	15
7533	15
7534	15
7535	15
7536	15
7537	15
7538	15
7539	15
7540	15
7541	15
7542	15
7543	15
7544	15
7545	15
7546	15
7547	15
7548	15
7549	15
7550	15
7551	15
7552	15
7553	15
7554	15
7555	15
7556	15
7557	15
7558	15
7559	15
7560	15
7561	15
7562	15
7563	15
7564	15
7565	15
7566	15
7567	15
7568	15
7569	15
7570	15
7571	15
7572	15
7573	15
7574	15
7575	15
7576	15
7577	15
7578	15
7579	15
7580	15
7581	15
7582	15
7583	15
7584	15
7585	15
7586	15
7587	15
7588	15
7589	15
7590	15
7591	15
7592	15
7593	15
7594	15
7595	15
7596	15
7597	15
7598	15
7599	15
7600	15
7601	15
7602	15
7603	15
7604	15
7605	15
7606	15
7607	15
7608	15
7609	15
7610	15
7611	15
7612	15
7613	15
7614	15
7615	15
7616	15
7617	15
7618	15
7619	15
7620	15
7621	15
7622	15
7623	15
7624	15
7625	15
7626	15
7627	15
7628	15
7629	15
7630	15
7631	15
7632	15
7633	15
7634	15
7635	15
7636	15
7637	15
7638	15
7639	15
7640	15
7641	15
7642	15
7643	15
7644	15
7645	15
7646	15
7647	15
7648	15
7649	15
7650	15
7651	15
7652	15
7653	15
7654	15
7655	15
7656	15
7657	15
7658	15
7659	15
7660	15
7661	15
7662	15
7663	15
7664	15
7665	15
7666	15
7667	15
7668	15
7669	15
7670	15
7671	15
7672	15
7673	15
7674	15
7675	15
7676	15
7677	15
7678	15
7679	15
7680	15
7681	15
7682	15
7683	15
7684	15
7685	15
7686	15
7687	15
7688	15
7689	15
7690	15
7691	15
7692	15
7693	15
7694	15
7695	15
7696	15
7697	15
7698	15
7699	15
7700	15
7701	15
7702	15
7703	15
7704	15
7705	15
7706	15
7707	15
7708	15
7709	15
7710	15
7711	15
7712	15
7713	15
7714	15
7715	15
7716	15
7717	15
7718	15
7719	15
7720	15
7721	15
7722	15
7723	15
7724	15
7725	15
7726	15
7727	15
7728	15
7729	15
7730	15
7731	15
7732	15
7733	15
7734	15
7735	15
7736	15
7737	15
7738	15
7739	15
7740	15
7741	15
7742	15
7743	15
7744	15
7745	15
7746	15
7747	15
7748	15
7749	15
7750	15
7751	15
7752	15
7753	15
7754	15
7755	15
7756	15
7757	15
7758	15
7759	15
7760	15
7761	15
7762	15
7763	15
7764	15
7765	15
7766	15
7767	15
7768	15
7769	15
7770	15
7771	15
7772	15
7773	15
7774	15
7775	15
7776	15
7777	15
7778	15
7779	15
7780	15
7781	15
7782	15
7783	15
7784	15
7785	15
7786	15
7787	15
7788	15
7789	15
7790	15
7791	15
7792	15
7793	15
7794	15
7795	15
7796	15
7797	15
7798	15
7799	15
7800	15
7801	15
7802	15
7803	15
7804	15
7805	15
7806	15
7807	15
7808	15
7809	15
7810	15
7811	15
7812	15
7813	15
7814	15
7815	15
7816	15
7817	15
7818	15
7819	15
7820	15
7821	15
7822	15
7823	15
7824	15
7825	15
7826	15
7827	15
7828	15
7829	15
7830	15
7831	15
7832	15
7833	15
7834	15
7835	15
7836	15
7837	15
7838	15
7839	15
7840	15
7841	15
7842	15
7843	15
7844	15
7845	15
7846	15
7847	15
7848	15
7849	15
7850	15
7851	15
7852	15
7853	15
7854	15
7855	15
7856	15
7857	15
7858	15
7859	15
7860	15
7861	15
7862	15
7863	15
7864	15
7865	15
7866	15
7867	15
7868	15
7869	15
7870	15
7871	15
7872	15
7873	15
7874	15
7875	15
7876	15
7877	15
7878	15
7879	15
7880	15
7881	15
7882	15
7883	15
7884	15
7885	15
7886	15
7887	15
7888	15
7889	15
7890	15
7891	15
7892	15
7893	15
7894	15
7895	15
7896	15
7897	15
7898	15
7899	15
7900	15
7901	15
7902	15
7903	15
7904	15
7905	15
7906	15
7907	15
7908	15
7909	15
7910	15
7911	15
7912	15
7913	15
7914	15
7915	15
7916	15
7917	15
7918	15
7919	15
7920	15
7921	15
7922	15
7923	15
7924	15
7925	15
7926	15
7927	15
7928	15
7929	15
7930	15
7931	15
7932	15
7933	15
7934	15
7935	15
7936	15
7937	15
7938	15
7939	15
7940	15
7941	15
7942	15
7943	15
7944	15
7945	15
7946	15
7947	15
7948	15
7949	15
7950	15
7951	15
7952	15
7953	15
7954	15
7955	15
7956	15
7957	15
7958	15
7959	15
7960	15
7961	15
7962	15
7963	15
7964	15
7965	15
7966	15
7967	15
7968	15
7969	15
7970	15
7971	15
7972	15
7973	15
7974	15
7975	15
7976	15
7977	15
7978	15
7979	15
7980	15
7981	15
7982	15
7983	15
7984	15
7985	15
7986	15
7987	15
7988	15
7989	15
7990	15
7991	15
7992	15
7993	15
7994	15
7995	15
7996	15
7997	15
7998	15
7999	15
8000	15
8001	15
8002	15
8003	15
8004	15
8005	15
8006	15
8007	15
8008	15
8009	15
8010	15
8011	15
8012	15
8013	15
8014	15
8015	15
8016	15
8017	15
8018	15
8019	15
8020	15
8021	15
8022	15
8023	15
8024	15
8025	15
8026	15
8027	15
8028	15
8029	15
8030	15
8031	15
8032	15
8033	15
8034	15
8035	15
8036	15
8037	15
8038	15
8039	15
8040	15
8041	15
8042	15
8043	15
8044	15
8045	15
8046	15
8047	15
8048	15
8049	15
8050	15
8051	15
8052	15
8053	15
8054	15
8055	15
8056	15
8057	15
8058	15
8059	15
8060	15
8061	15
8062	15
8063	15
8064	15
8065	15
8066	15
8067	15
8068	15
8069	15
8070	15
8071	15
8072	15
8073	15
8074	15
8075	15
8076	15
8077	15
8078	15
8079	15
8080	15
8081	15
8082	15
8083	15
8084	15
8085	15
8086	15
8087	15
8088	15
8089	15
8090	15
8091	15
8092	15
8093	15
8094	15
8095	15
8096	15
8097	15
8098	15
8099	15
8100	15
8101	15
8102	15
8103	15
8104	15
8105	15
8106	15
8107	15
8108	15
8109	15
8110	15
8111	15
8112	15
8113	15
8114	15
8115	15
8116	15
8117	15
8118	15
8119	15
8120	15
8121	15
8122	15
8123	15
8124	15
8125	15
8126	15
8127	15
8128	15
8129	15
8130	15
8131	15
8132	15
8133	15
8134	15
8135	15
8136	15
8137	15
8138	15
8139	15
8140	15
8141	15
8142	15
8143	15
8144	15
8145	15
8146	15
8147	15
8148	15
8149	15
8150	15
8151	15
8152	15
8153	15
8154	15
8155	15
8156	15
8157	15
8158	15
8159	15
8160	15
8161	15
8162	15
8163	15
8164	15
8165	15
8166	15
8167	15
8168	15
8169	15
8170	15
8171	15
8172	15
8173	15
8174	15
8175	15
8176	15
8177	15
8178	15
8179	15
8180	15
8181	15
8182	15
8183	15
8184	15
8185	15
8186	15
8187	15
8188	15
8189	15
8190	15
8191	15
8192	15
8193	15
8194	15
8195	15
8196	15
8197	15
8198	15
8199	15
8200	15
8201	15
8202	15
8203	15
8204	15
8205	15
8206	15
8207	15
8208	15
8209	15
8210	15
8211	15
8212	15
8213	15
8214	15
8215	15
8216	15
8217	15
8218	15
8219	15
8220	15
8221	15
8222	15
8223	15
8224	15
8225	15
8226	15
8227	15
8228	15
8229	15
8230	15
8231	15
8232	15
8233	15
8234	15
8235	15
8236	15
8237	15
8238	15
8239	15
8240	15
8241	15
8242	15
8243	15
8244	15
8245	15
8246	15
8247	15
8248	15
8249	15
8250	15
8251	15
8252	15
8253	15
8254	15
8255	15
8256	15
8257	15
8258	15
8259	15
8260	15
8261	15
8262	15
8263	15
8264	15
8265	15
8266	15
8267	15
8268	15
8269	15
8270	15
8271	15
8272	15
8273	15
8274	15
8275	15
8276	15
8277	15
8278	15
8279	15
8280	15
8281	15
8282	15
8283	15
8284	15
8285	15
8286	15
8287	15
8288	15
8289	15
8290	15
8291	15
8292	15
8293	15
8294	15
8295	15
8296	15
8297	15
8298	15
8299	15
8300	15
8301	15
8302	15
8303	15
8304	15
8305	15
8306	15
8307	15
8308	15
8309	15
8310	15
8311	15
8312	15
8313	15
8314	15
8315	15
8316	15
8317	15
8318	15
8319	15
8320	15
8321	15
8322	15
8323	15
8324	15
8325	15
8326	15
8327	15
8328	15
8329	15
8330	15
8331	15
8332	15
8333	15
8334	15
8335	15
8336	15
8337	15
8338	15
8339	15
8340	15
8341	15
8342	15
8343	15
8344	15
8345	15
8346	15
8347	15
8348	15
8349	15
8350	15
8351	15
8352	15
8353	15
8354	15
8355	15
8356	15
8357	15
8358	15
8359	15
8360	15
8361	15
8362	15
8363	15
8364	15
8365	15
8366	15
8367	15
8368	15
8369	15
8370	15
8371	15
8372	15
8373	15
8374	15
8375	15
8376	15
8377	15
8378	15
8379	15
8380	15
8381	15
8382	15
8383	15
8384	15
8385	15
8386	15
8387	15
8388	15
8389	15
8390	15
8391	15
8392	15
8393	15
8394	15
8395	15
8396	15
8397	15
8398	15
8399	15
8400	15
8401	15
8402	15
8403	15
8404	15
8405	15
8406	15
8407	15
8408	15
8409	15
8410	15
8411	15
8412	15
8413	15
8414	15
8415	15
8416	15
8417	15
8418	15
8419	15
8420	15
8421	15
8422	15
8423	15
8424	15
8425	15
8426	15
8427	15
8428	15
8429	15
8430	15
8431	15
8432	15
8433	15
8434	15
8435	15
8436	15
8437	15
8438	15
8439	15
8440	15
8441	15
8442	15
8443	15
8444	15
8445	15
8446	15
8447	15
8448	15
8449	15
8450	15
8451	15
8452	15
8453	15
8454	15
8455	15
8456	15
8457	15
8458	15
8459	15
8460	15
8461	15
8462	15
8463	15
8464	15
8465	15
8466	15
8467	15
8468	15
8469	15
8470	15
8471	15
8472	15
8473	15
8474	15
8475	15
8476	15
8477	15
8478	15
8479	15
8480	15
8481	15
8482	15
8483	15
8484	15
8485	15
8486	15
8487	15
8488	15
8489	15
8490	15
8491	15
8492	15
8493	15
8494	15
8495	15
8496	15
8497	15
8498	15
8499	15
8500	15
8501	15
8502	15
8503	15
8504	15
8505	15
8506	15
8507	15
8508	15
8509	15
8510	15
8511	15
8512	15
8513	15
8514	15
8515	15
8516	15
8517	15
8518	15
8519	15
8520	15
8521	15
8522	15
8523	15
8524	15
8525	15
8526	15
8527	15
8528	15
8529	15
8530	15
8531	15
8532	15
8533	15
8534	15
8535	15
8536	15
8537	15
8538	15
8539	16
8540	16
8541	16
8542	16
8543	16
8544	16
8545	16
8546	16
8547	16
8548	16
8549	16
8550	16
8551	16
8552	16
8553	16
8554	16
8555	16
8556	16
8557	16
8558	16
8559	16
8560	16
8561	16
8562	16
8563	16
8564	16
8565	16
8566	16
8567	16
8568	16
8569	16
8570	16
8571	16
8572	16
8573	16
8574	16
8575	16
8576	16
8577	16
8578	16
8579	16
8580	16
8581	16
8582	16
8583	16
8584	16
8585	16
8586	16
8587	16
8588	16
8589	16
8590	16
8591	16
8592	16
8593	16
8594	16
8595	16
8596	16
8597	16
8598	16
8599	16
8600	16
8601	16
8602	16
8603	16
8604	16
8605	16
8606	16
8607	16
8608	16
8609	16
8610	16
8611	16
8612	16
8613	16
8614	16
8615	16
8616	16
8617	16
8618	16
8619	16
8620	16
8621	16
8622	16
8623	16
8624	16
8625	16
8626	16
8627	16
8628	16
8629	16
8630	16
8631	16
8632	16
8633	16
8634	16
8635	16
8636	16
8637	16
8638	16
8639	16
8640	16
8641	16
8642	16
8643	16
8644	16
8645	16
8646	16
8647	16
8648	16
8649	16
8650	16
8651	16
8652	16
8653	16
8654	16
8655	16
8656	16
8657	16
8658	16
8659	16
8660	16
8661	16
8662	16
8663	16
8664	16
8665	16
8666	16
8667	16
8668	16
8669	16
8670	16
8671	16
8672	16
8673	16
8674	16
8675	16
8676	16
8677	16
8678	16
8679	16
8680	16
8681	16
8682	16
8683	16
8684	16
8685	16
8686	16
8687	16
8688	16
8689	16
8690	16
8691	16
8692	16
8693	16
8694	16
8695	16
8696	16
8697	16
8698	16
8699	16
8700	16
8701	16
8702	16
8703	16
8704	16
8705	16
8706	16
8707	16
8708	16
8709	16
8710	16
8711	16
8712	16
8713	16
8714	16
8715	16
8716	16
8717	16
8718	16
8719	16
8720	16
8721	16
8722	16
8723	16
8724	16
8725	16
8726	16
8727	16
8728	16
8729	16
8730	16
8731	16
8732	16
8733	16
8734	16
8735	16
8736	16
8737	16
8738	16
8739	16
8740	16
8741	16
8742	16
8743	16
8744	16
8745	16
8746	16
8747	16
8748	16
8749	16
8750	16
8751	16
8752	16
8753	16
8754	16
8755	16
8756	16
8757	16
8758	16
8759	16
8760	16
8761	16
8762	16
8763	16
8764	16
8765	16
8766	16
8767	16
8768	16
8769	16
8770	16
8771	16
8772	16
8773	16
8774	16
8775	16
8776	16
8777	16
8778	16
8779	16
8780	16
8781	16
8782	16
8783	16
8784	16
8785	16
8786	16
8787	16
8788	16
8789	16
8790	16
8791	16
8792	16
8793	16
8794	16
8795	16
8796	16
8797	16
8798	16
8799	16
8800	16
8801	16
8802	16
8803	16
8804	16
8805	16
8806	16
8807	16
8808	16
8809	16
8810	16
8811	16
8812	16
8813	16
8814	16
8815	16
8816	16
8817	16
8818	16
8819	16
8820	16
8821	16
8822	16
8823	16
8824	16
8825	16
8826	16
8827	16
8828	16
8829	16
8830	16
8831	16
8832	16
8833	16
8834	16
8835	16
8836	16
8837	16
8838	16
8839	16
8840	16
8841	16
8842	16
8843	16
8844	16
8845	16
8846	16
8847	16
8848	16
8849	16
8850	16
8851	16
8852	16
8853	16
8854	16
8855	16
8856	16
8857	16
8858	16
8859	16
8860	16
8861	16
8862	16
8863	16
8864	16
8865	16
8866	16
8867	16
8868	16
8869	16
8870	16
8871	16
8872	16
8873	16
8874	16
8875	16
8876	16
8877	16
8878	16
8879	16
8880	16
8881	16
8882	16
8883	16
8884	16
8885	16
8886	16
8887	16
8888	16
8889	16
8890	16
8891	16
8892	16
8893	16
8894	16
8895	16
8896	16
8897	16
8898	16
8899	16
8900	16
8901	16
8902	16
8903	16
8904	16
8905	16
8906	16
8907	16
8908	16
8909	16
8910	16
8911	16
8912	16
8913	16
8914	16
8915	16
8916	16
8917	16
8918	16
8919	16
8920	16
8921	16
8922	16
8923	16
8924	16
8925	16
8926	16
8927	16
8928	16
8929	16
8930	16
8931	16
8932	16
8933	16
8934	16
8935	16
8936	16
8937	16
8938	16
8939	16
8940	16
8941	16
8942	16
8943	16
8944	16
8945	16
8946	16
8947	16
8948	16
8949	16
8950	16
8951	16
8952	16
8953	16
8954	16
8955	16
8956	16
8957	16
8958	16
8959	16
8960	16
8961	16
8962	16
8963	16
8964	16
8965	16
8966	16
8967	16
8968	16
8969	16
8970	16
8971	16
8972	16
8973	16
8974	16
8975	16
8976	16
8977	16
8978	16
8979	16
8980	16
8981	16
8982	16
8983	16
8984	16
8985	16
8986	16
8987	16
8988	16
8989	16
8990	16
8991	16
8992	16
8993	16
8994	16
8995	16
8996	16
8997	16
8998	16
8999	16
9000	16
9001	16
9002	16
9003	16
9004	16
9005	16
9006	16
9007	16
9008	16
9009	16
9010	16
9011	16
9012	16
9013	16
9014	16
9015	16
9016	16
9017	16
9018	16
9019	16
9020	16
9021	16
9022	16
9023	16
9024	16
9025	16
9026	16
9027	16
9028	16
9029	16
9030	16
9031	16
9032	16
9033	16
9034	16
9035	16
9036	16
9037	16
9038	16
9039	16
9040	16
9041	16
9042	16
9043	16
9044	16
9045	16
9046	16
9047	16
9048	16
9049	16
9050	16
9051	16
9052	16
9053	16
9054	16
9055	16
9056	16
9057	16
9058	16
9059	16
9060	16
9061	16
9062	16
9063	16
9064	16
9065	16
9066	16
9067	16
9068	16
9069	16
9070	16
9071	16
9072	16
9073	16
9074	16
9075	16
9076	16
9077	16
9078	16
9079	16
9080	16
9081	16
9082	16
9083	16
9084	16
9085	16
9086	16
9087	16
9088	16
9089	16
9090	16
9091	16
9092	16
9093	16
9094	16
9095	16
9096	16
9097	16
9098	16
9099	16
9100	16
9101	16
9102	16
9103	16
9104	16
9105	16
9106	16
9107	16
9108	16
9109	16
9110	16
9111	16
9112	16
9113	16
9114	16
9115	16
9116	16
9117	16
9118	16
9119	16
9120	16
9121	16
9122	16
9123	16
9124	16
9125	16
9126	16
9127	16
9128	16
9129	16
9130	16
9131	16
9132	16
9133	16
9134	16
9135	16
9136	16
9137	16
9138	16
9139	16
9140	16
9141	16
9142	16
9143	16
9144	16
9145	16
9146	16
9147	16
9148	16
9149	16
9150	16
9151	16
9152	16
9153	16
9154	16
9155	16
9156	16
9157	16
9158	16
9159	16
9160	16
9161	16
9162	16
9163	16
9164	16
9165	16
9166	16
9167	16
9168	16
9169	16
9170	16
9171	16
9172	16
9173	16
9174	16
9175	16
9176	16
9177	16
9178	16
9179	16
9180	16
9181	16
9182	16
9183	16
9184	16
9185	16
9186	16
9187	16
9188	16
9189	16
9190	16
9191	16
9192	16
9193	16
9194	16
9195	16
9196	16
9197	16
9198	16
9199	16
9200	16
9201	16
9202	16
9203	16
9204	16
9205	16
9206	16
9207	16
9208	16
9209	16
9210	16
9211	16
9212	16
9213	16
9214	16
9215	16
9216	16
9217	16
9218	16
9219	16
9220	16
9221	16
9222	16
9223	16
9224	16
9225	16
9226	16
9227	16
9228	16
9229	16
9230	16
9231	16
9232	16
9233	16
9234	16
9235	16
9236	16
9237	16
9238	16
9239	16
9240	16
9241	16
9242	16
9243	16
9244	16
9245	16
9246	16
9247	16
9248	16
9249	16
9250	16
9251	16
9252	16
9253	16
9254	16
9255	16
9256	16
9257	16
9258	16
9259	16
9260	16
9261	16
9262	16
9263	16
9264	16
9265	16
9266	16
9267	16
9268	16
9269	16
9270	16
9271	16
9272	16
9273	16
9274	16
9275	16
9276	16
9277	16
9278	16
9279	16
9280	16
9281	16
9282	16
9283	16
9284	16
9285	16
9286	16
9287	16
9288	16
9289	16
9290	16
9291	16
9292	16
9293	16
9294	16
9295	16
9296	16
9297	16
9298	16
9299	16
9300	16
9301	16
9302	16
9303	16
9304	16
9305	17
9306	17
9307	17
9308	17
9309	17
9310	17
9311	17
9312	17
9313	17
9314	17
9315	17
9316	17
9317	17
9318	17
9319	17
9320	17
9321	17
9322	17
9323	17
9324	17
9325	17
9326	17
9327	17
9328	17
9329	17
9330	17
9331	17
9332	17
9333	17
9334	17
9335	17
9336	17
9337	17
9338	17
9339	17
9340	17
9341	17
9342	17
9343	17
9344	17
9345	17
9346	17
9347	17
9348	17
9349	17
9350	17
9351	17
9352	17
9353	17
9354	17
9355	17
9356	17
9357	17
9358	17
9359	17
9360	17
9361	18
9362	18
9363	18
9364	18
9365	18
9366	18
9367	18
9368	18
9369	18
9370	18
9371	18
9372	18
9373	18
9374	18
9375	18
9376	18
9377	18
9378	18
9379	18
9380	18
9381	18
9382	18
9383	18
9384	18
9385	18
9386	18
9387	18
9388	18
9389	18
9390	18
9391	18
9392	18
9393	18
9394	18
9395	18
9396	18
9397	18
9398	18
9399	18
9400	18
9401	18
9402	18
9403	18
9404	18
9405	18
9406	18
9407	18
9408	18
9409	18
9410	18
9411	18
9412	18
9413	18
9414	18
9415	18
9416	18
9417	18
9418	18
9419	18
9420	18
9421	18
9422	18
9423	18
9424	18
9425	18
9426	18
9427	18
9428	18
9429	18
9430	18
9431	18
9432	18
9433	18
9434	18
9435	18
9436	18
9437	18
9438	18
9439	18
9440	18
9441	18
9442	18
9443	18
9444	18
9445	18
9446	18
9447	18
9448	18
9449	18
9450	18
9451	18
9452	18
9453	18
9454	18
9455	18
9456	18
9457	18
9458	18
9459	18
9460	18
9461	18
9462	18
9463	18
9464	18
9465	18
9466	18
9467	18
9468	18
9469	18
9470	18
9471	18
9472	18
9473	18
9474	18
9475	18
9476	18
9477	18
9478	18
9479	18
9480	18
9481	18
9482	18
9483	18
9484	18
9485	18
9486	18
9487	18
9488	18
9489	18
9490	18
9491	18
9492	18
9493	18
9494	18
9495	18
9496	18
9497	18
9498	18
9499	18
9500	18
9501	18
9502	18
9503	18
9504	18
9505	18
9506	18
9507	18
9508	18
9509	18
9510	18
9511	18
9512	18
9513	18
9514	18
9515	18
9516	18
9517	18
9518	18
9519	18
9520	18
9521	18
9522	18
9523	18
9524	18
9525	18
9526	18
9527	18
9528	18
9529	18
9530	18
9531	18
9532	18
9533	18
9534	18
9535	18
9536	18
9537	18
9538	18
9539	18
9540	18
9541	18
9542	18
9543	18
9544	18
9545	18
9546	18
9547	18
9548	18
9549	18
9550	18
9551	18
9552	18
9553	18
9554	18
9555	18
9556	18
9557	18
9558	18
9559	18
9560	18
9561	18
9562	18
9563	18
9564	18
9565	18
9566	18
9567	18
9568	18
9569	18
9570	18
9571	18
9572	18
9573	18
9574	18
9575	18
9576	18
9577	18
9578	18
9579	18
9580	18
9581	18
9582	18
9583	18
9584	18
9585	18
9586	18
9587	18
9588	18
9589	18
9590	18
9591	18
9592	18
9593	18
9594	18
9595	18
9596	18
9597	18
9598	18
9599	18
9600	18
9601	18
9602	18
9603	18
9604	18
9605	18
9606	18
9607	18
9608	18
9609	18
9610	18
9611	18
9612	18
9613	18
9614	18
9615	18
9616	18
9617	18
9618	18
9619	18
9620	18
9621	18
9622	18
9623	18
9624	18
9625	18
9626	18
9627	18
9628	18
9629	18
9630	18
9631	18
9632	18
9633	18
9634	18
9635	18
9636	18
9637	18
9638	18
9639	18
9640	18
9641	19
9642	19
9643	19
9644	19
9645	19
9646	19
9647	19
9648	19
9649	19
9650	19
9651	19
9652	19
9653	19
9654	19
9655	19
9656	19
9657	19
9658	19
9659	19
9660	19
9661	19
9662	19
9663	19
9664	19
9665	19
9666	19
9667	19
9668	19
9669	19
9670	19
9671	19
9672	19
9673	19
9674	19
9675	19
9676	19
9677	19
9678	19
9679	19
9680	19
9681	19
9682	19
9683	19
9684	19
9685	19
9686	19
9687	19
9688	19
9689	19
9690	19
9691	19
9692	19
9693	19
9694	19
9695	19
9696	19
9697	19
9698	19
9699	19
9700	19
9701	19
9702	19
9703	19
9704	19
9705	19
9706	19
9707	19
9708	19
9709	19
9710	19
9711	19
9712	19
9713	19
9714	19
9715	19
9716	19
9717	19
9718	19
9719	19
9720	19
9721	19
9722	19
9723	19
9724	19
9725	19
9726	19
9727	19
9728	19
9729	19
9730	19
9731	19
9732	19
9733	19
9734	19
9735	19
9736	20
9737	20
9738	20
9739	20
9740	20
9741	20
9742	20
9743	20
9744	20
9745	20
9746	20
9747	20
9748	20
9749	20
9750	20
9751	20
9752	20
9753	20
9754	20
9755	20
9756	20
9757	20
9758	20
9759	20
9760	20
9761	20
9762	20
9763	20
9764	20
9765	20
9766	20
9767	20
9768	20
9769	20
9770	20
9771	20
9772	20
9773	20
9774	20
9775	20
9776	20
9777	20
9778	20
9779	20
9780	20
9781	20
9782	20
9783	20
9784	20
9785	20
9786	20
9787	20
9788	20
9789	20
9790	20
9791	20
9792	20
9793	20
9794	20
9795	20
9796	20
9797	20
9798	20
9799	20
9800	20
9801	20
9802	20
9803	20
9804	20
9805	20
9806	20
9807	20
9808	20
9809	20
9810	20
9811	20
9812	20
9813	20
9814	20
9815	20
9816	20
9817	20
9818	20
9819	20
9820	20
9821	20
9822	20
9823	20
9824	20
9825	20
9826	20
9827	20
9828	20
9829	20
9830	20
9831	20
9832	20
9833	20
9834	20
9835	20
9836	20
9837	20
9838	20
9839	20
9840	20
9841	20
9842	20
9843	20
9844	20
9845	20
9846	20
9847	20
9848	20
9849	20
9850	20
9851	20
9852	20
9853	20
9854	20
9855	20
9856	20
9857	20
9858	20
9859	20
9860	20
9861	20
9862	20
9863	20
9864	20
9865	20
9866	20
9867	20
9868	20
9869	20
9870	20
9871	20
9872	20
9873	20
9874	20
9875	20
9876	20
9877	20
9878	20
9879	20
9880	20
9881	20
9882	20
9883	20
9884	20
9885	20
9886	20
9887	20
9888	20
9889	20
9890	20
9891	20
9892	20
9893	20
9894	20
9895	20
9896	20
9897	20
9898	20
9899	20
9900	20
9901	20
9902	20
9903	20
9904	20
9905	20
9906	20
9907	20
9908	20
9909	20
9910	20
9911	20
9912	20
9913	20
9914	20
9915	20
9916	20
9917	20
9918	20
9919	21
9920	21
9921	21
9922	21
9923	21
9924	21
9925	21
9926	21
9927	21
9928	21
9929	21
9930	21
9931	21
9932	21
9933	21
9934	21
9935	21
9936	21
9937	21
9938	21
9939	21
9940	21
9941	21
9942	21
9943	21
9944	21
9945	21
9946	21
9947	21
9948	21
9949	21
9950	21
9951	21
9952	21
9953	21
9954	21
9955	21
9956	21
9957	21
9958	21
9959	21
9960	21
9961	21
9962	21
9963	21
9964	21
9965	21
9966	21
9967	22
9968	22
9969	22
9970	22
9971	22
9972	22
9973	22
9974	22
9975	22
9976	22
9977	22
9978	22
9979	22
9980	22
9981	22
9982	22
9983	22
9984	22
9985	22
9986	22
9987	22
9988	22
9989	22
9990	22
9991	22
9992	22
9993	22
9994	22
9995	22
9996	22
9997	22
9998	22
9999	22
10000	22
