#Clock	ItemsCollected
1	0
2	0
3	0
4	0
5	0
6	0
7	0
8	0
9	0
10	0
11	0
12	0
13	0
14	0
15	0
16	0
17	0
18	0
19	0
20	0
21	0
22	0
23	0
24	0
25	0
26	0
27	0
28	0
29	0
30	0
31	0
32	0
33	0
34	0
35	0
36	0
37	0
38	0
39	0
40	0
41	0
42	0
43	0
44	0
45	0
46	0
47	0
48	0
49	0
50	0
51	0
52	0
53	0
54	0
55	0
56	0
57	0
58	0
59	0
60	0
61	0
62	0
63	0
64	0
65	0
66	0
67	0
68	0
69	0
70	0
71	0
72	0
73	0
74	0
75	0
76	0
77	0
78	0
79	0
80	0
81	0
82	0
83	0
84	0
85	0
86	0
87	0
88	0
89	0
90	0
91	0
92	0
93	0
94	0
95	0
96	0
97	0
98	0
99	0
100	0
101	0
102	0
103	0
104	0
105	0
106	0
107	0
108	0
109	0
110	0
111	0
112	0
113	0
114	0
115	0
116	0
117	0
118	0
119	0
120	0
121	0
122	0
123	0
124	0
125	0
126	0
127	0
128	0
129	0
130	0
131	0
132	0
133	0
134	0
135	0
136	0
137	0
138	0
139	0
140	0
141	0
142	0
143	0
144	0
145	0
146	0
147	0
148	0
149	0
150	0
151	0
152	0
153	0
154	0
155	0
156	0
157	0
158	0
159	0
160	0
161	0
162	0
163	0
164	0
165	0
166	0
167	0
168	0
169	0
170	0
171	0
172	0
173	0
174	0
175	0
176	0
177	0
178	0
179	0
180	0
181	0
182	0
183	0
184	0
185	0
186	0
187	0
188	0
189	0
190	0
191	0
192	0
193	0
194	0
195	0
196	0
197	0
198	0
199	0
200	0
201	0
202	0
203	0
204	0
205	0
206	0
207	0
208	0
209	0
210	0
211	0
212	0
213	0
214	0
215	0
216	0
217	0
218	0
219	0
220	0
221	0
222	0
223	0
224	0
225	0
226	0
227	0
228	0
229	0
230	0
231	0
232	0
233	0
234	0
235	0
236	0
237	0
238	0
239	0
240	0
241	0
242	0
243	0
244	0
245	0
246	0
247	0
248	0
249	0
250	0
251	0
252	0
253	0
254	0
255	0
256	0
257	0
258	0
259	0
260	0
261	0
262	0
263	0
264	0
265	0
266	0
267	0
268	0
269	0
270	0
271	0
272	0
273	0
274	0
275	0
276	0
277	0
278	0
279	0
280	0
281	0
282	0
283	0
284	0
285	0
286	0
287	0
288	0
289	0
290	0
291	0
292	0
293	0
294	0
295	0
296	0
297	0
298	0
299	0
300	0
301	0
302	0
303	0
304	0
305	0
306	0
307	0
308	0
309	0
310	0
311	0
312	0
313	0
314	0
315	0
316	0
317	0
318	0
319	0
320	0
321	0
322	0
323	0
324	0
325	0
326	0
327	0
328	0
329	0
330	0
331	0
332	0
333	0
334	0
335	0
336	0
337	0
338	0
339	0
340	0
341	0
342	0
343	0
344	0
345	0
346	0
347	0
348	0
349	0
350	0
351	0
352	0
353	0
354	0
355	0
356	0
357	0
358	0
359	0
360	0
361	0
362	0
363	0
364	0
365	0
366	0
367	0
368	0
369	0
370	0
371	0
372	0
373	0
374	0
375	0
376	0
377	0
378	0
379	0
380	0
381	0
382	0
383	0
384	0
385	0
386	0
387	0
388	0
389	0
390	0
391	0
392	0
393	0
394	0
395	0
396	0
397	0
398	0
399	0
400	0
401	0
402	0
403	0
404	0
405	0
406	0
407	0
408	0
409	0
410	0
411	0
412	0
413	0
414	0
415	0
416	0
417	0
418	0
419	0
420	0
421	0
422	0
423	0
424	0
425	0
426	0
427	0
428	0
429	0
430	0
431	0
432	0
433	0
434	0
435	0
436	0
437	0
438	0
439	0
440	0
441	0
442	0
443	0
444	0
445	0
446	0
447	0
448	0
449	0
450	0
451	0
452	0
453	0
454	0
455	0
456	0
457	0
458	0
459	0
460	0
461	0
462	0
463	0
464	0
465	0
466	0
467	0
468	0
469	0
470	0
471	0
472	0
473	0
474	0
475	0
476	0
477	0
478	0
479	0
480	0
481	0
482	0
483	0
484	0
485	0
486	0
487	0
488	0
489	0
490	0
491	0
492	0
493	0
494	0
495	0
496	0
497	0
498	0
499	0
500	0
501	0
502	0
503	0
504	0
505	0
506	0
507	0
508	0
509	0
510	0
511	0
512	0
513	0
514	0
515	0
516	0
517	0
518	0
519	0
520	0
521	0
522	0
523	0
524	0
525	0
526	0
527	0
528	0
529	0
530	0
531	0
532	0
533	0
534	0
535	0
536	0
537	0
538	0
539	0
540	0
541	0
542	0
543	0
544	0
545	0
546	0
547	0
548	0
549	0
550	0
551	0
552	0
553	0
554	0
555	0
556	0
557	0
558	0
559	0
560	0
561	0
562	0
563	0
564	0
565	0
566	0
567	0
568	0
569	0
570	0
571	0
572	0
573	0
574	0
575	0
576	0
577	0
578	0
579	0
580	0
581	0
582	0
583	0
584	0
585	0
586	0
587	0
588	0
589	0
590	0
591	0
592	0
593	0
594	0
595	0
596	0
597	0
598	0
599	0
600	0
601	0
602	0
603	0
604	0
605	0
606	0
607	0
608	0
609	0
610	0
611	0
612	0
613	0
614	0
615	0
616	0
617	0
618	0
619	0
620	0
621	0
622	0
623	0
624	0
625	0
626	0
627	0
628	0
629	0
630	0
631	0
632	0
633	0
634	0
635	0
636	0
637	0
638	0
639	0
640	0
641	0
642	0
643	0
644	0
645	0
646	0
647	0
648	0
649	0
650	0
651	0
652	0
653	0
654	0
655	0
656	0
657	0
658	0
659	0
660	0
661	0
662	0
663	0
664	0
665	0
666	0
667	0
668	0
669	0
670	0
671	0
672	0
673	0
674	0
675	0
676	0
677	0
678	0
679	0
680	0
681	0
682	0
683	0
684	0
685	0
686	0
687	0
688	0
689	0
690	0
691	0
692	0
693	0
694	0
695	0
696	0
697	0
698	0
699	0
700	0
701	0
702	0
703	0
704	0
705	0
706	0
707	0
708	0
709	0
710	0
711	0
712	0
713	0
714	0
715	0
716	0
717	0
718	0
719	0
720	0
721	0
722	0
723	0
724	0
725	0
726	0
727	0
728	0
729	0
730	0
731	0
732	0
733	0
734	0
735	0
736	0
737	0
738	0
739	0
740	0
741	0
742	0
743	0
744	0
745	0
746	0
747	0
748	0
749	0
750	0
751	0
752	0
753	0
754	0
755	0
756	0
757	0
758	0
759	0
760	0
761	0
762	0
763	0
764	0
765	0
766	0
767	0
768	0
769	0
770	0
771	0
772	0
773	0
774	0
775	0
776	0
777	0
778	0
779	0
780	0
781	0
782	0
783	0
784	0
785	0
786	0
787	0
788	0
789	0
790	0
791	0
792	0
793	0
794	0
795	0
796	0
797	0
798	0
799	0
800	0
801	0
802	0
803	0
804	0
805	0
806	0
807	0
808	0
809	0
810	0
811	0
812	0
813	0
814	0
815	0
816	0
817	0
818	0
819	0
820	0
821	0
822	0
823	0
824	0
825	0
826	0
827	0
828	0
829	0
830	0
831	0
832	0
833	0
834	0
835	0
836	0
837	0
838	0
839	0
840	0
841	0
842	0
843	0
844	0
845	0
846	0
847	0
848	0
849	0
850	0
851	0
852	0
853	0
854	0
855	0
856	0
857	0
858	0
859	0
860	0
861	0
862	0
863	0
864	0
865	0
866	0
867	0
868	0
869	0
870	0
871	0
872	0
873	0
874	0
875	0
876	0
877	0
878	0
879	0
880	0
881	0
882	0
883	0
884	0
885	0
886	0
887	0
888	0
889	0
890	0
891	0
892	0
893	0
894	0
895	0
896	0
897	0
898	0
899	0
900	0
901	0
902	0
903	0
904	0
905	0
906	0
907	0
908	0
909	0
910	0
911	0
912	0
913	0
914	0
915	0
916	0
917	0
918	0
919	0
920	0
921	0
922	0
923	0
924	0
925	0
926	0
927	0
928	0
929	0
930	0
931	0
932	0
933	0
934	0
935	0
936	0
937	0
938	0
939	0
940	0
941	0
942	0
943	0
944	0
945	0
946	0
947	0
948	0
949	0
950	0
951	0
952	0
953	0
954	0
955	0
956	0
957	0
958	0
959	0
960	0
961	0
962	0
963	0
964	0
965	0
966	0
967	0
968	0
969	0
970	0
971	0
972	0
973	0
974	0
975	0
976	0
977	0
978	0
979	0
980	0
981	0
982	0
983	0
984	0
985	0
986	0
987	0
988	0
989	0
990	0
991	0
992	0
993	0
994	0
995	0
996	0
997	0
998	0
999	0
1000	0
1001	0
1002	0
1003	0
1004	0
1005	0
1006	0
1007	0
1008	0
1009	0
1010	0
1011	0
1012	0
1013	0
1014	0
1015	0
1016	0
1017	0
1018	0
1019	0
1020	0
1021	0
1022	0
1023	0
1024	0
1025	0
1026	0
1027	0
1028	0
1029	0
1030	0
1031	0
1032	0
1033	0
1034	0
1035	0
1036	0
1037	0
1038	0
1039	0
1040	0
1041	0
1042	0
1043	0
1044	0
1045	0
1046	0
1047	0
1048	0
1049	0
1050	0
1051	0
1052	0
1053	0
1054	0
1055	0
1056	0
1057	0
1058	0
1059	0
1060	0
1061	0
1062	0
1063	0
1064	0
1065	0
1066	0
1067	0
1068	0
1069	0
1070	0
1071	0
1072	0
1073	0
1074	0
1075	0
1076	0
1077	0
1078	0
1079	0
1080	0
1081	0
1082	0
1083	0
1084	0
1085	0
1086	0
1087	0
1088	0
1089	0
1090	0
1091	0
1092	0
1093	0
1094	0
1095	0
1096	0
1097	0
1098	0
1099	0
1100	0
1101	0
1102	0
1103	0
1104	0
1105	0
1106	0
1107	0
1108	0
1109	0
1110	0
1111	0
1112	0
1113	0
1114	0
1115	0
1116	0
1117	0
1118	0
1119	0
1120	0
1121	0
1122	0
1123	0
1124	0
1125	0
1126	0
1127	0
1128	0
1129	0
1130	0
1131	0
1132	0
1133	0
1134	0
1135	0
1136	0
1137	0
1138	0
1139	0
1140	0
1141	0
1142	0
1143	0
1144	0
1145	0
1146	0
1147	0
1148	0
1149	0
1150	0
1151	0
1152	0
1153	0
1154	0
1155	0
1156	0
1157	0
1158	0
1159	0
1160	0
1161	0
1162	0
1163	0
1164	0
1165	0
1166	0
1167	0
1168	0
1169	0
1170	0
1171	0
1172	0
1173	0
1174	0
1175	0
1176	0
1177	0
1178	0
1179	0
1180	0
1181	0
1182	0
1183	0
1184	0
1185	0
1186	0
1187	0
1188	0
1189	0
1190	0
1191	0
1192	0
1193	0
1194	0
1195	0
1196	0
1197	0
1198	0
1199	0
1200	0
1201	0
1202	0
1203	0
1204	0
1205	0
1206	0
1207	0
1208	0
1209	0
1210	0
1211	0
1212	0
1213	0
1214	0
1215	0
1216	0
1217	0
1218	0
1219	0
1220	0
1221	0
1222	0
1223	0
1224	0
1225	0
1226	0
1227	0
1228	0
1229	0
1230	0
1231	0
1232	0
1233	0
1234	0
1235	0
1236	0
1237	0
1238	0
1239	0
1240	0
1241	0
1242	0
1243	0
1244	0
1245	0
1246	0
1247	0
1248	0
1249	0
1250	0
1251	0
1252	0
1253	0
1254	0
1255	0
1256	0
1257	0
1258	0
1259	0
1260	0
1261	0
1262	0
1263	0
1264	0
1265	0
1266	0
1267	0
1268	0
1269	0
1270	0
1271	0
1272	0
1273	0
1274	0
1275	0
1276	0
1277	0
1278	0
1279	0
1280	0
1281	0
1282	0
1283	0
1284	0
1285	0
1286	0
1287	0
1288	0
1289	0
1290	0
1291	0
1292	0
1293	0
1294	0
1295	0
1296	0
1297	0
1298	0
1299	0
1300	0
1301	0
1302	0
1303	0
1304	0
1305	0
1306	0
1307	0
1308	0
1309	0
1310	0
1311	0
1312	0
1313	0
1314	0
1315	0
1316	0
1317	0
1318	0
1319	0
1320	0
1321	0
1322	0
1323	0
1324	0
1325	0
1326	0
1327	0
1328	0
1329	0
1330	0
1331	0
1332	0
1333	0
1334	0
1335	0
1336	0
1337	0
1338	0
1339	0
1340	0
1341	0
1342	0
1343	0
1344	0
1345	0
1346	0
1347	0
1348	0
1349	0
1350	0
1351	0
1352	0
1353	0
1354	0
1355	0
1356	0
1357	0
1358	0
1359	0
1360	0
1361	0
1362	0
1363	0
1364	0
1365	0
1366	0
1367	0
1368	0
1369	0
1370	0
1371	0
1372	0
1373	0
1374	0
1375	0
1376	0
1377	0
1378	0
1379	0
1380	0
1381	0
1382	0
1383	0
1384	0
1385	0
1386	0
1387	0
1388	0
1389	0
1390	0
1391	0
1392	0
1393	0
1394	0
1395	0
1396	0
1397	0
1398	0
1399	0
1400	0
1401	0
1402	0
1403	0
1404	0
1405	0
1406	0
1407	0
1408	0
1409	0
1410	0
1411	0
1412	0
1413	0
1414	0
1415	0
1416	0
1417	0
1418	0
1419	0
1420	0
1421	0
1422	0
1423	0
1424	0
1425	0
1426	0
1427	0
1428	0
1429	0
1430	0
1431	0
1432	0
1433	0
1434	0
1435	0
1436	0
1437	0
1438	0
1439	0
1440	0
1441	0
1442	0
1443	0
1444	0
1445	0
1446	0
1447	0
1448	0
1449	0
1450	0
1451	0
1452	0
1453	0
1454	0
1455	0
1456	0
1457	0
1458	0
1459	0
1460	0
1461	0
1462	0
1463	0
1464	0
1465	0
1466	0
1467	0
1468	0
1469	0
1470	0
1471	0
1472	0
1473	0
1474	0
1475	0
1476	0
1477	0
1478	0
1479	0
1480	0
1481	0
1482	0
1483	0
1484	0
1485	0
1486	0
1487	0
1488	0
1489	0
1490	0
1491	0
1492	0
1493	0
1494	0
1495	0
1496	0
1497	0
1498	0
1499	0
1500	0
1501	0
1502	0
1503	0
1504	0
1505	0
1506	0
1507	0
1508	0
1509	0
1510	0
1511	0
1512	0
1513	0
1514	0
1515	0
1516	0
1517	0
1518	0
1519	0
1520	0
1521	0
1522	0
1523	0
1524	0
1525	0
1526	0
1527	0
1528	0
1529	0
1530	0
1531	0
1532	0
1533	0
1534	0
1535	0
1536	0
1537	0
1538	0
1539	0
1540	0
1541	0
1542	0
1543	0
1544	0
1545	0
1546	0
1547	0
1548	0
1549	0
1550	0
1551	0
1552	0
1553	0
1554	0
1555	0
1556	0
1557	0
1558	0
1559	0
1560	0
1561	0
1562	0
1563	0
1564	0
1565	0
1566	0
1567	0
1568	0
1569	0
1570	0
1571	0
1572	0
1573	0
1574	0
1575	0
1576	0
1577	0
1578	0
1579	0
1580	0
1581	0
1582	0
1583	0
1584	0
1585	0
1586	0
1587	0
1588	0
1589	0
1590	0
1591	0
1592	0
1593	0
1594	0
1595	0
1596	0
1597	0
1598	0
1599	0
1600	0
1601	0
1602	0
1603	0
1604	0
1605	0
1606	0
1607	0
1608	0
1609	0
1610	0
1611	0
1612	0
1613	0
1614	0
1615	0
1616	0
1617	0
1618	0
1619	0
1620	0
1621	0
1622	0
1623	0
1624	0
1625	0
1626	0
1627	0
1628	0
1629	0
1630	0
1631	0
1632	0
1633	0
1634	0
1635	0
1636	0
1637	0
1638	0
1639	0
1640	0
1641	0
1642	0
1643	0
1644	0
1645	0
1646	0
1647	0
1648	0
1649	0
1650	0
1651	0
1652	0
1653	0
1654	0
1655	0
1656	0
1657	0
1658	0
1659	0
1660	0
1661	0
1662	0
1663	0
1664	0
1665	0
1666	0
1667	0
1668	0
1669	0
1670	0
1671	0
1672	0
1673	0
1674	0
1675	0
1676	0
1677	0
1678	0
1679	0
1680	0
1681	0
1682	0
1683	0
1684	0
1685	0
1686	0
1687	0
1688	0
1689	0
1690	0
1691	0
1692	0
1693	0
1694	0
1695	0
1696	0
1697	0
1698	0
1699	0
1700	0
1701	0
1702	0
1703	0
1704	0
1705	0
1706	0
1707	0
1708	0
1709	0
1710	0
1711	0
1712	0
1713	0
1714	0
1715	0
1716	0
1717	0
1718	0
1719	0
1720	0
1721	0
1722	0
1723	0
1724	0
1725	0
1726	0
1727	0
1728	0
1729	0
1730	0
1731	0
1732	0
1733	0
1734	0
1735	0
1736	0
1737	0
1738	0
1739	0
1740	0
1741	0
1742	0
1743	0
1744	0
1745	0
1746	0
1747	0
1748	0
1749	0
1750	0
1751	0
1752	0
1753	0
1754	0
1755	0
1756	0
1757	0
1758	0
1759	0
1760	0
1761	0
1762	0
1763	0
1764	0
1765	0
1766	0
1767	0
1768	0
1769	0
1770	0
1771	0
1772	0
1773	0
1774	0
1775	0
1776	0
1777	0
1778	0
1779	0
1780	0
1781	0
1782	0
1783	0
1784	0
1785	0
1786	0
1787	0
1788	0
1789	0
1790	0
1791	0
1792	0
1793	0
1794	0
1795	0
1796	0
1797	0
1798	0
1799	0
1800	0
1801	0
1802	0
1803	0
1804	0
1805	0
1806	0
1807	0
1808	0
1809	0
1810	0
1811	0
1812	0
1813	0
1814	0
1815	0
1816	0
1817	0
1818	0
1819	0
1820	0
1821	0
1822	0
1823	0
1824	0
1825	0
1826	0
1827	0
1828	0
1829	0
1830	0
1831	0
1832	0
1833	0
1834	0
1835	0
1836	0
1837	0
1838	0
1839	0
1840	0
1841	0
1842	0
1843	0
1844	0
1845	0
1846	0
1847	0
1848	0
1849	0
1850	0
1851	0
1852	0
1853	0
1854	0
1855	0
1856	0
1857	0
1858	0
1859	0
1860	0
1861	0
1862	0
1863	0
1864	0
1865	0
1866	0
1867	0
1868	0
1869	0
1870	0
1871	0
1872	0
1873	0
1874	0
1875	0
1876	0
1877	0
1878	0
1879	0
1880	0
1881	0
1882	0
1883	0
1884	0
1885	0
1886	0
1887	0
1888	0
1889	0
1890	0
1891	0
1892	0
1893	0
1894	0
1895	0
1896	0
1897	0
1898	0
1899	0
1900	0
1901	0
1902	0
1903	0
1904	0
1905	0
1906	0
1907	0
1908	0
1909	0
1910	0
1911	0
1912	0
1913	0
1914	0
1915	0
1916	0
1917	0
1918	0
1919	0
1920	0
1921	0
1922	0
1923	0
1924	0
1925	0
1926	0
1927	0
1928	0
1929	0
1930	0
1931	0
1932	0
1933	0
1934	0
1935	0
1936	0
1937	0
1938	0
1939	0
1940	0
1941	0
1942	0
1943	0
1944	0
1945	0
1946	0
1947	0
1948	0
1949	0
1950	0
1951	0
1952	0
1953	0
1954	0
1955	0
1956	0
1957	0
1958	0
1959	0
1960	0
1961	0
1962	0
1963	0
1964	0
1965	0
1966	0
1967	0
1968	0
1969	0
1970	0
1971	0
1972	0
1973	0
1974	0
1975	0
1976	0
1977	0
1978	0
1979	0
1980	0
1981	0
1982	0
1983	0
1984	0
1985	0
1986	0
1987	0
1988	0
1989	0
1990	0
1991	0
1992	0
1993	0
1994	0
1995	0
1996	0
1997	0
1998	0
1999	0
2000	0
2001	0
2002	0
2003	0
2004	0
2005	0
2006	0
2007	0
2008	0
2009	0
2010	0
2011	0
2012	0
2013	0
2014	0
2015	0
2016	0
2017	0
2018	0
2019	0
2020	0
2021	0
2022	0
2023	0
2024	0
2025	0
2026	0
2027	0
2028	0
2029	0
2030	0
2031	0
2032	0
2033	0
2034	0
2035	0
2036	0
2037	0
2038	0
2039	0
2040	0
2041	0
2042	0
2043	0
2044	0
2045	0
2046	0
2047	0
2048	0
2049	0
2050	0
2051	0
2052	0
2053	0
2054	0
2055	0
2056	0
2057	0
2058	0
2059	0
2060	0
2061	0
2062	0
2063	0
2064	0
2065	0
2066	0
2067	0
2068	0
2069	0
2070	0
2071	0
2072	0
2073	0
2074	0
2075	0
2076	0
2077	0
2078	0
2079	0
2080	0
2081	0
2082	0
2083	0
2084	0
2085	0
2086	0
2087	0
2088	0
2089	0
2090	0
2091	0
2092	0
2093	0
2094	0
2095	0
2096	0
2097	0
2098	0
2099	0
2100	0
2101	0
2102	0
2103	0
2104	0
2105	0
2106	0
2107	0
2108	0
2109	0
2110	0
2111	0
2112	0
2113	0
2114	0
2115	0
2116	0
2117	0
2118	0
2119	0
2120	0
2121	0
2122	0
2123	0
2124	0
2125	0
2126	0
2127	0
2128	0
2129	0
2130	0
2131	0
2132	0
2133	0
2134	0
2135	0
2136	0
2137	0
2138	0
2139	0
2140	0
2141	0
2142	0
2143	0
2144	0
2145	0
2146	0
2147	0
2148	0
2149	0
2150	0
2151	0
2152	0
2153	0
2154	0
2155	0
2156	0
2157	0
2158	0
2159	0
2160	0
2161	0
2162	0
2163	0
2164	0
2165	0
2166	0
2167	0
2168	0
2169	0
2170	0
2171	0
2172	0
2173	0
2174	0
2175	0
2176	0
2177	0
2178	0
2179	0
2180	0
2181	0
2182	0
2183	0
2184	0
2185	0
2186	0
2187	0
2188	0
2189	0
2190	0
2191	0
2192	0
2193	0
2194	0
2195	0
2196	0
2197	0
2198	0
2199	0
2200	0
2201	0
2202	0
2203	0
2204	0
2205	0
2206	0
2207	0
2208	0
2209	0
2210	0
2211	0
2212	0
2213	0
2214	0
2215	0
2216	0
2217	0
2218	0
2219	0
2220	0
2221	0
2222	0
2223	0
2224	0
2225	0
2226	0
2227	0
2228	0
2229	0
2230	0
2231	0
2232	0
2233	0
2234	0
2235	0
2236	0
2237	0
2238	0
2239	0
2240	0
2241	0
2242	0
2243	0
2244	0
2245	0
2246	0
2247	0
2248	0
2249	0
2250	0
2251	0
2252	0
2253	0
2254	0
2255	0
2256	0
2257	0
2258	0
2259	0
2260	0
2261	0
2262	0
2263	0
2264	0
2265	0
2266	0
2267	0
2268	0
2269	0
2270	0
2271	0
2272	0
2273	0
2274	0
2275	0
2276	0
2277	0
2278	0
2279	0
2280	0
2281	0
2282	0
2283	0
2284	0
2285	0
2286	0
2287	0
2288	0
2289	0
2290	0
2291	0
2292	0
2293	0
2294	0
2295	0
2296	0
2297	0
2298	0
2299	0
2300	0
2301	0
2302	0
2303	0
2304	0
2305	0
2306	0
2307	0
2308	0
2309	0
2310	0
2311	0
2312	0
2313	0
2314	0
2315	0
2316	0
2317	0
2318	0
2319	0
2320	0
2321	0
2322	0
2323	0
2324	0
2325	0
2326	0
2327	0
2328	0
2329	0
2330	0
2331	0
2332	0
2333	0
2334	0
2335	0
2336	0
2337	0
2338	0
2339	0
2340	0
2341	0
2342	0
2343	0
2344	0
2345	0
2346	0
2347	0
2348	0
2349	0
2350	0
2351	0
2352	0
2353	0
2354	0
2355	0
2356	0
2357	0
2358	0
2359	0
2360	0
2361	0
2362	0
2363	0
2364	0
2365	0
2366	0
2367	0
2368	0
2369	0
2370	0
2371	0
2372	0
2373	0
2374	0
2375	0
2376	0
2377	0
2378	0
2379	0
2380	0
2381	0
2382	0
2383	0
2384	0
2385	0
2386	0
2387	0
2388	0
2389	0
2390	0
2391	0
2392	0
2393	0
2394	0
2395	0
2396	0
2397	0
2398	0
2399	0
2400	0
2401	0
2402	0
2403	0
2404	0
2405	0
2406	0
2407	0
2408	0
2409	0
2410	0
2411	0
2412	0
2413	0
2414	0
2415	0
2416	0
2417	0
2418	0
2419	0
2420	0
2421	0
2422	0
2423	0
2424	0
2425	0
2426	0
2427	0
2428	0
2429	0
2430	0
2431	0
2432	0
2433	0
2434	0
2435	0
2436	0
2437	0
2438	0
2439	0
2440	0
2441	0
2442	0
2443	0
2444	0
2445	0
2446	0
2447	0
2448	0
2449	0
2450	0
2451	0
2452	0
2453	0
2454	0
2455	0
2456	0
2457	0
2458	0
2459	0
2460	0
2461	0
2462	0
2463	0
2464	0
2465	0
2466	0
2467	0
2468	0
2469	0
2470	0
2471	0
2472	0
2473	0
2474	0
2475	0
2476	0
2477	0
2478	0
2479	0
2480	0
2481	0
2482	0
2483	0
2484	0
2485	0
2486	0
2487	0
2488	0
2489	0
2490	0
2491	0
2492	0
2493	0
2494	0
2495	0
2496	0
2497	0
2498	0
2499	0
2500	0
2501	0
2502	0
2503	0
2504	0
2505	0
2506	0
2507	0
2508	0
2509	0
2510	0
2511	0
2512	0
2513	0
2514	0
2515	0
2516	0
2517	0
2518	0
2519	0
2520	0
2521	0
2522	0
2523	0
2524	0
2525	0
2526	0
2527	0
2528	0
2529	0
2530	0
2531	0
2532	0
2533	0
2534	0
2535	0
2536	0
2537	0
2538	0
2539	0
2540	0
2541	0
2542	0
2543	0
2544	0
2545	0
2546	0
2547	0
2548	0
2549	0
2550	0
2551	0
2552	0
2553	0
2554	0
2555	0
2556	0
2557	0
2558	0
2559	0
2560	0
2561	0
2562	0
2563	1
2564	1
2565	1
2566	1
2567	1
2568	1
2569	1
2570	1
2571	1
2572	1
2573	1
2574	1
2575	1
2576	1
2577	1
2578	1
2579	1
2580	1
2581	1
2582	1
2583	1
2584	1
2585	1
2586	1
2587	1
2588	1
2589	1
2590	1
2591	1
2592	1
2593	1
2594	1
2595	1
2596	1
2597	1
2598	1
2599	1
2600	1
2601	1
2602	1
2603	1
2604	1
2605	1
2606	1
2607	1
2608	1
2609	1
2610	1
2611	1
2612	1
2613	1
2614	1
2615	1
2616	1
2617	1
2618	1
2619	1
2620	1
2621	1
2622	1
2623	1
2624	1
2625	1
2626	1
2627	1
2628	1
2629	1
2630	1
2631	1
2632	1
2633	1
2634	1
2635	1
2636	1
2637	1
2638	1
2639	1
2640	1
2641	1
2642	1
2643	1
2644	1
2645	1
2646	1
2647	1
2648	1
2649	1
2650	1
2651	1
2652	1
2653	1
2654	1
2655	1
2656	1
2657	1
2658	1
2659	1
2660	1
2661	1
2662	1
2663	1
2664	1
2665	1
2666	1
2667	1
2668	1
2669	1
2670	1
2671	1
2672	1
2673	1
2674	1
2675	1
2676	1
2677	1
2678	1
2679	1
2680	1
2681	1
2682	1
2683	1
2684	1
2685	1
2686	1
2687	1
2688	1
2689	1
2690	1
2691	1
2692	1
2693	1
2694	1
2695	1
2696	1
2697	1
2698	1
2699	1
2700	1
2701	1
2702	1
2703	1
2704	1
2705	1
2706	1
2707	1
2708	1
2709	1
2710	1
2711	1
2712	1
2713	1
2714	1
2715	1
2716	1
2717	1
2718	1
2719	1
2720	1
2721	1
2722	1
2723	1
2724	1
2725	1
2726	1
2727	1
2728	1
2729	1
2730	1
2731	1
2732	1
2733	1
2734	1
2735	1
2736	1
2737	1
2738	1
2739	1
2740	1
2741	1
2742	1
2743	1
2744	1
2745	1
2746	1
2747	1
2748	1
2749	1
2750	1
2751	1
2752	1
2753	1
2754	1
2755	1
2756	1
2757	1
2758	1
2759	1
2760	1
2761	1
2762	1
2763	1
2764	1
2765	1
2766	1
2767	1
2768	1
2769	1
2770	1
2771	1
2772	1
2773	1
2774	1
2775	1
2776	1
2777	1
2778	1
2779	1
2780	1
2781	1
2782	1
2783	1
2784	1
2785	1
2786	1
2787	1
2788	1
2789	1
2790	1
2791	1
2792	1
2793	1
2794	1
2795	1
2796	1
2797	1
2798	1
2799	1
2800	1
2801	1
2802	1
2803	1
2804	1
2805	1
2806	1
2807	1
2808	1
2809	1
2810	2
2811	2
2812	2
2813	2
2814	2
2815	2
2816	2
2817	2
2818	2
2819	2
2820	2
2821	2
2822	2
2823	2
2824	2
2825	2
2826	2
2827	2
2828	2
2829	2
2830	2
2831	2
2832	2
2833	2
2834	2
2835	2
2836	2
2837	2
2838	2
2839	2
2840	2
2841	2
2842	2
2843	2
2844	2
2845	2
2846	2
2847	2
2848	2
2849	2
2850	2
2851	2
2852	2
2853	2
2854	2
2855	2
2856	2
2857	2
2858	2
2859	2
2860	2
2861	2
2862	2
2863	2
2864	2
2865	2
2866	2
2867	2
2868	2
2869	2
2870	2
2871	2
2872	3
2873	3
2874	3
2875	3
2876	3
2877	3
2878	3
2879	3
2880	3
2881	3
2882	3
2883	3
2884	3
2885	3
2886	3
2887	3
2888	3
2889	3
2890	3
2891	3
2892	3
2893	3
2894	3
2895	3
2896	3
2897	3
2898	3
2899	3
2900	3
2901	3
2902	3
2903	3
2904	3
2905	3
2906	3
2907	3
2908	3
2909	3
2910	3
2911	3
2912	3
2913	3
2914	3
2915	3
2916	3
2917	3
2918	3
2919	3
2920	3
2921	3
2922	3
2923	3
2924	3
2925	3
2926	3
2927	3
2928	3
2929	3
2930	3
2931	3
2932	4
2933	4
2934	4
2935	4
2936	4
2937	4
2938	4
2939	4
2940	4
2941	4
2942	4
2943	4
2944	4
2945	4
2946	4
2947	4
2948	4
2949	4
2950	4
2951	4
2952	4
2953	4
2954	4
2955	4
2956	4
2957	4
2958	4
2959	4
2960	4
2961	4
2962	4
2963	4
2964	4
2965	4
2966	4
2967	4
2968	4
2969	4
2970	4
2971	4
2972	4
2973	4
2974	4
2975	4
2976	4
2977	4
2978	4
2979	4
2980	4
2981	4
2982	4
2983	4
2984	4
2985	4
2986	4
2987	4
2988	4
2989	4
2990	4
2991	4
2992	4
2993	4
2994	4
2995	4
2996	4
2997	4
2998	4
2999	4
3000	4
3001	4
3002	4
3003	4
3004	4
3005	4
3006	4
3007	4
3008	4
3009	4
3010	4
3011	4
3012	4
3013	4
3014	4
3015	4
3016	4
3017	4
3018	4
3019	4
3020	4
3021	4
3022	4
3023	4
3024	4
3025	4
3026	4
3027	4
3028	4
3029	4
3030	4
3031	4
3032	4
3033	4
3034	4
3035	4
3036	4
3037	4
3038	4
3039	4
3040	4
3041	4
3042	4
3043	4
3044	4
3045	4
3046	4
3047	4
3048	4
3049	4
3050	4
3051	4
3052	4
3053	4
3054	4
3055	4
3056	4
3057	4
3058	4
3059	4
3060	4
3061	4
3062	4
3063	4
3064	4
3065	4
3066	4
3067	4
3068	4
3069	4
3070	4
3071	4
3072	4
3073	4
3074	4
3075	4
3076	4
3077	4
3078	4
3079	4
3080	4
3081	4
3082	4
3083	4
3084	4
3085	4
3086	4
3087	4
3088	4
3089	4
3090	4
3091	4
3092	4
3093	4
3094	4
3095	4
3096	4
3097	4
3098	4
3099	4
3100	4
3101	4
3102	4
3103	4
3104	4
3105	4
3106	4
3107	4
3108	4
3109	4
3110	4
3111	4
3112	4
3113	4
3114	4
3115	4
3116	4
3117	4
3118	4
3119	4
3120	4
3121	4
3122	4
3123	4
3124	4
3125	4
3126	4
3127	4
3128	4
3129	4
3130	4
3131	4
3132	4
3133	4
3134	4
3135	4
3136	4
3137	4
3138	4
3139	4
3140	4
3141	4
3142	4
3143	4
3144	4
3145	4
3146	4
3147	4
3148	4
3149	4
3150	4
3151	4
3152	4
3153	4
3154	4
3155	4
3156	4
3157	4
3158	4
3159	4
3160	4
3161	4
3162	4
3163	4
3164	4
3165	4
3166	4
3167	4
3168	4
3169	4
3170	4
3171	4
3172	4
3173	4
3174	4
3175	4
3176	4
3177	4
3178	4
3179	4
3180	4
3181	4
3182	4
3183	4
3184	4
3185	4
3186	4
3187	4
3188	4
3189	4
3190	4
3191	4
3192	4
3193	4
3194	4
3195	4
3196	4
3197	4
3198	4
3199	4
3200	4
3201	4
3202	4
3203	4
3204	4
3205	4
3206	4
3207	4
3208	4
3209	4
3210	4
3211	4
3212	4
3213	4
3214	4
3215	4
3216	4
3217	4
3218	4
3219	4
3220	4
3221	4
3222	4
3223	4
3224	4
3225	4
3226	4
3227	4
3228	4
3229	4
3230	4
3231	4
3232	4
3233	4
3234	4
3235	4
3236	4
3237	4
3238	4
3239	4
3240	4
3241	4
3242	4
3243	4
3244	4
3245	4
3246	4
3247	4
3248	4
3249	4
3250	4
3251	4
3252	4
3253	4
3254	4
3255	4
3256	4
3257	4
3258	4
3259	4
3260	4
3261	4
3262	4
3263	4
3264	4
3265	4
3266	4
3267	4
3268	4
3269	4
3270	4
3271	4
3272	4
3273	4
3274	4
3275	4
3276	4
3277	4
3278	4
3279	4
3280	4
3281	4
3282	4
3283	4
3284	4
3285	4
3286	4
3287	4
3288	4
3289	4
3290	4
3291	4
3292	4
3293	4
3294	4
3295	4
3296	4
3297	4
3298	4
3299	4
3300	4
3301	4
3302	4
3303	4
3304	4
3305	4
3306	4
3307	4
3308	4
3309	4
3310	4
3311	4
3312	4
3313	4
3314	4
3315	4
3316	4
3317	4
3318	4
3319	4
3320	4
3321	4
3322	4
3323	4
3324	4
3325	4
3326	4
3327	4
3328	4
3329	4
3330	4
3331	4
3332	4
3333	4
3334	4
3335	4
3336	4
3337	4
3338	4
3339	4
3340	4
3341	4
3342	4
3343	4
3344	4
3345	4
3346	4
3347	4
3348	4
3349	4
3350	4
3351	4
3352	4
3353	4
3354	4
3355	4
3356	4
3357	4
3358	4
3359	4
3360	4
3361	4
3362	4
3363	4
3364	4
3365	4
3366	4
3367	4
3368	4
3369	4
3370	4
3371	4
3372	4
3373	4
3374	4
3375	4
3376	4
3377	4
3378	4
3379	4
3380	4
3381	4
3382	4
3383	4
3384	4
3385	4
3386	4
3387	4
3388	4
3389	4
3390	4
3391	4
3392	4
3393	4
3394	4
3395	4
3396	4
3397	4
3398	4
3399	4
3400	4
3401	4
3402	4
3403	4
3404	4
3405	4
3406	4
3407	4
3408	4
3409	4
3410	4
3411	4
3412	4
3413	4
3414	4
3415	4
3416	4
3417	4
3418	4
3419	4
3420	4
3421	4
3422	4
3423	4
3424	4
3425	4
3426	4
3427	4
3428	4
3429	4
3430	4
3431	4
3432	4
3433	4
3434	4
3435	4
3436	4
3437	4
3438	4
3439	4
3440	4
3441	4
3442	4
3443	4
3444	4
3445	4
3446	4
3447	4
3448	4
3449	4
3450	4
3451	4
3452	4
3453	4
3454	4
3455	4
3456	4
3457	4
3458	4
3459	4
3460	4
3461	4
3462	4
3463	4
3464	4
3465	4
3466	4
3467	4
3468	4
3469	4
3470	4
3471	4
3472	4
3473	4
3474	4
3475	4
3476	4
3477	4
3478	4
3479	4
3480	4
3481	4
3482	4
3483	4
3484	4
3485	4
3486	4
3487	4
3488	4
3489	4
3490	4
3491	4
3492	4
3493	4
3494	4
3495	4
3496	4
3497	4
3498	4
3499	4
3500	4
3501	4
3502	4
3503	4
3504	4
3505	4
3506	4
3507	4
3508	4
3509	4
3510	4
3511	4
3512	4
3513	4
3514	4
3515	4
3516	4
3517	4
3518	4
3519	4
3520	4
3521	4
3522	4
3523	4
3524	4
3525	4
3526	4
3527	4
3528	4
3529	4
3530	4
3531	4
3532	4
3533	4
3534	4
3535	4
3536	4
3537	4
3538	4
3539	4
3540	4
3541	4
3542	4
3543	4
3544	4
3545	4
3546	4
3547	4
3548	4
3549	4
3550	4
3551	4
3552	4
3553	4
3554	4
3555	4
3556	4
3557	4
3558	4
3559	4
3560	4
3561	4
3562	4
3563	4
3564	4
3565	4
3566	4
3567	4
3568	4
3569	4
3570	4
3571	4
3572	4
3573	4
3574	4
3575	4
3576	4
3577	4
3578	4
3579	4
3580	4
3581	4
3582	4
3583	4
3584	4
3585	4
3586	4
3587	4
3588	4
3589	4
3590	4
3591	4
3592	4
3593	4
3594	4
3595	4
3596	4
3597	4
3598	4
3599	4
3600	4
3601	4
3602	4
3603	4
3604	4
3605	4
3606	4
3607	4
3608	4
3609	4
3610	4
3611	4
3612	4
3613	4
3614	4
3615	4
3616	4
3617	4
3618	4
3619	4
3620	4
3621	4
3622	4
3623	4
3624	4
3625	4
3626	4
3627	4
3628	4
3629	4
3630	4
3631	4
3632	4
3633	4
3634	4
3635	4
3636	4
3637	4
3638	4
3639	4
3640	4
3641	4
3642	4
3643	4
3644	4
3645	4
3646	4
3647	4
3648	4
3649	4
3650	4
3651	4
3652	4
3653	4
3654	4
3655	4
3656	4
3657	4
3658	4
3659	4
3660	4
3661	4
3662	4
3663	4
3664	4
3665	4
3666	4
3667	4
3668	4
3669	4
3670	4
3671	4
3672	4
3673	4
3674	4
3675	4
3676	4
3677	4
3678	4
3679	4
3680	4
3681	4
3682	4
3683	4
3684	4
3685	4
3686	4
3687	4
3688	4
3689	4
3690	4
3691	4
3692	4
3693	4
3694	4
3695	4
3696	4
3697	4
3698	4
3699	4
3700	4
3701	4
3702	4
3703	4
3704	4
3705	4
3706	4
3707	4
3708	4
3709	4
3710	4
3711	4
3712	4
3713	4
3714	4
3715	4
3716	4
3717	4
3718	5
3719	5
3720	5
3721	5
3722	5
3723	5
3724	5
3725	5
3726	5
3727	5
3728	5
3729	5
3730	5
3731	5
3732	5
3733	5
3734	5
3735	5
3736	5
3737	5
3738	5
3739	5
3740	5
3741	5
3742	5
3743	5
3744	5
3745	5
3746	5
3747	5
3748	5
3749	5
3750	5
3751	5
3752	5
3753	5
3754	5
3755	5
3756	5
3757	5
3758	5
3759	5
3760	5
3761	5
3762	5
3763	5
3764	5
3765	5
3766	5
3767	5
3768	5
3769	5
3770	5
3771	5
3772	5
3773	5
3774	5
3775	5
3776	5
3777	6
3778	6
3779	6
3780	6
3781	6
3782	6
3783	6
3784	6
3785	6
3786	6
3787	6
3788	6
3789	6
3790	6
3791	6
3792	6
3793	6
3794	6
3795	6
3796	6
3797	6
3798	6
3799	6
3800	6
3801	6
3802	6
3803	6
3804	6
3805	6
3806	6
3807	6
3808	6
3809	6
3810	6
3811	6
3812	6
3813	6
3814	6
3815	6
3816	6
3817	6
3818	6
3819	6
3820	6
3821	6
3822	6
3823	6
3824	6
3825	6
3826	6
3827	6
3828	6
3829	6
3830	6
3831	6
3832	6
3833	6
3834	6
3835	6
3836	6
3837	6
3838	6
3839	6
3840	6
3841	6
3842	6
3843	6
3844	6
3845	6
3846	6
3847	6
3848	6
3849	6
3850	6
3851	6
3852	6
3853	6
3854	6
3855	6
3856	6
3857	6
3858	6
3859	6
3860	6
3861	6
3862	6
3863	6
3864	6
3865	6
3866	6
3867	6
3868	6
3869	6
3870	6
3871	6
3872	6
3873	6
3874	6
3875	6
3876	6
3877	6
3878	6
3879	6
3880	6
3881	6
3882	6
3883	6
3884	6
3885	6
3886	6
3887	6
3888	6
3889	6
3890	6
3891	6
3892	6
3893	6
3894	6
3895	6
3896	6
3897	6
3898	6
3899	6
3900	6
3901	6
3902	6
3903	6
3904	6
3905	6
3906	6
3907	6
3908	6
3909	6
3910	6
3911	6
3912	6
3913	6
3914	6
3915	6
3916	6
3917	6
3918	6
3919	6
3920	6
3921	6
3922	6
3923	6
3924	6
3925	6
3926	6
3927	6
3928	6
3929	6
3930	6
3931	6
3932	6
3933	6
3934	6
3935	6
3936	6
3937	6
3938	6
3939	6
3940	6
3941	6
3942	7
3943	7
3944	7
3945	7
3946	7
3947	7
3948	7
3949	7
3950	7
3951	7
3952	7
3953	7
3954	7
3955	7
3956	7
3957	7
3958	7
3959	7
3960	7
3961	7
3962	7
3963	7
3964	7
3965	7
3966	7
3967	7
3968	7
3969	7
3970	7
3971	7
3972	7
3973	7
3974	7
3975	7
3976	7
3977	7
3978	7
3979	7
3980	7
3981	7
3982	7
3983	7
3984	7
3985	7
3986	7
3987	7
3988	7
3989	7
3990	7
3991	7
3992	7
3993	7
3994	7
3995	7
3996	7
3997	7
3998	7
3999	7
4000	7
4001	7
4002	7
4003	7
4004	7
4005	7
4006	7
4007	7
4008	7
4009	7
4010	7
4011	7
4012	7
4013	7
4014	7
4015	7
4016	7
4017	7
4018	7
4019	7
4020	7
4021	7
4022	7
4023	7
4024	7
4025	7
4026	7
4027	7
4028	7
4029	7
4030	7
4031	7
4032	7
4033	7
4034	7
4035	7
4036	7
4037	7
4038	7
4039	7
4040	7
4041	7
4042	7
4043	7
4044	7
4045	7
4046	7
4047	7
4048	7
4049	7
4050	7
4051	7
4052	7
4053	7
4054	7
4055	7
4056	7
4057	7
4058	7
4059	7
4060	7
4061	7
4062	7
4063	7
4064	7
4065	7
4066	7
4067	7
4068	7
4069	7
4070	7
4071	7
4072	7
4073	7
4074	7
4075	7
4076	7
4077	7
4078	7
4079	7
4080	7
4081	7
4082	7
4083	7
4084	7
4085	7
4086	7
4087	7
4088	7
4089	7
4090	7
4091	7
4092	7
4093	7
4094	7
4095	7
4096	7
4097	7
4098	7
4099	7
4100	7
4101	7
4102	7
4103	7
4104	7
4105	7
4106	7
4107	7
4108	7
4109	7
4110	7
4111	7
4112	7
4113	7
4114	7
4115	7
4116	7
4117	7
4118	7
4119	7
4120	7
4121	7
4122	7
4123	7
4124	7
4125	7
4126	7
4127	7
4128	7
4129	7
4130	7
4131	7
4132	7
4133	7
4134	7
4135	7
4136	7
4137	7
4138	7
4139	7
4140	7
4141	7
4142	7
4143	7
4144	7
4145	7
4146	7
4147	7
4148	7
4149	7
4150	7
4151	7
4152	7
4153	7
4154	7
4155	7
4156	7
4157	7
4158	7
4159	7
4160	7
4161	7
4162	7
4163	7
4164	7
4165	7
4166	7
4167	7
4168	7
4169	7
4170	7
4171	7
4172	7
4173	7
4174	7
4175	7
4176	7
4177	7
4178	7
4179	7
4180	7
4181	7
4182	7
4183	7
4184	7
4185	7
4186	7
4187	7
4188	7
4189	7
4190	7
4191	7
4192	7
4193	7
4194	7
4195	7
4196	7
4197	7
4198	7
4199	7
4200	7
4201	7
4202	7
4203	7
4204	7
4205	7
4206	7
4207	7
4208	7
4209	7
4210	7
4211	7
4212	7
4213	7
4214	7
4215	7
4216	7
4217	7
4218	7
4219	7
4220	7
4221	7
4222	7
4223	7
4224	7
4225	7
4226	7
4227	7
4228	7
4229	7
4230	7
4231	7
4232	7
4233	7
4234	7
4235	7
4236	7
4237	7
4238	8
4239	8
4240	8
4241	8
4242	8
4243	8
4244	8
4245	8
4246	8
4247	8
4248	8
4249	8
4250	8
4251	8
4252	8
4253	8
4254	8
4255	8
4256	8
4257	8
4258	8
4259	8
4260	8
4261	8
4262	8
4263	8
4264	8
4265	8
4266	8
4267	8
4268	8
4269	8
4270	8
4271	8
4272	8
4273	8
4274	8
4275	8
4276	8
4277	8
4278	8
4279	8
4280	8
4281	8
4282	8
4283	8
4284	8
4285	8
4286	8
4287	8
4288	8
4289	8
4290	8
4291	8
4292	8
4293	8
4294	8
4295	8
4296	8
4297	8
4298	8
4299	8
4300	8
4301	8
4302	8
4303	8
4304	8
4305	8
4306	8
4307	8
4308	8
4309	8
4310	8
4311	8
4312	8
4313	8
4314	8
4315	8
4316	8
4317	8
4318	8
4319	8
4320	8
4321	8
4322	8
4323	8
4324	8
4325	8
4326	8
4327	8
4328	8
4329	8
4330	8
4331	8
4332	8
4333	8
4334	8
4335	8
4336	8
4337	8
4338	8
4339	8
4340	8
4341	8
4342	8
4343	8
4344	8
4345	8
4346	8
4347	8
4348	8
4349	8
4350	8
4351	8
4352	8
4353	8
4354	8
4355	8
4356	8
4357	8
4358	8
4359	8
4360	8
4361	8
4362	8
4363	8
4364	8
4365	8
4366	8
4367	8
4368	8
4369	8
4370	8
4371	8
4372	8
4373	8
4374	8
4375	8
4376	8
4377	8
4378	8
4379	8
4380	8
4381	8
4382	8
4383	8
4384	8
4385	8
4386	8
4387	8
4388	8
4389	8
4390	8
4391	8
4392	8
4393	8
4394	8
4395	8
4396	8
4397	8
4398	8
4399	8
4400	8
4401	8
4402	8
4403	8
4404	8
4405	8
4406	8
4407	8
4408	8
4409	8
4410	8
4411	8
4412	8
4413	8
4414	8
4415	8
4416	8
4417	8
4418	8
4419	8
4420	8
4421	8
4422	8
4423	8
4424	8
4425	8
4426	8
4427	8
4428	8
4429	8
4430	8
4431	8
4432	8
4433	8
4434	8
4435	8
4436	8
4437	8
4438	8
4439	8
4440	8
4441	8
4442	8
4443	8
4444	8
4445	8
4446	8
4447	8
4448	8
4449	8
4450	8
4451	8
4452	8
4453	8
4454	8
4455	8
4456	8
4457	8
4458	8
4459	8
4460	8
4461	8
4462	8
4463	8
4464	8
4465	8
4466	8
4467	8
4468	8
4469	8
4470	8
4471	8
4472	8
4473	8
4474	8
4475	8
4476	8
4477	8
4478	8
4479	8
4480	8
4481	8
4482	8
4483	8
4484	8
4485	8
4486	8
4487	8
4488	8
4489	8
4490	8
4491	8
4492	8
4493	8
4494	8
4495	8
4496	8
4497	8
4498	8
4499	8
4500	8
4501	8
4502	8
4503	8
4504	8
4505	8
4506	8
4507	8
4508	8
4509	8
4510	8
4511	8
4512	8
4513	8
4514	8
4515	8
4516	8
4517	8
4518	8
4519	8
4520	8
4521	8
4522	8
4523	8
4524	8
4525	8
4526	8
4527	8
4528	8
4529	8
4530	8
4531	9
4532	9
4533	9
4534	9
4535	9
4536	9
4537	9
4538	9
4539	9
4540	9
4541	9
4542	9
4543	9
4544	9
4545	9
4546	9
4547	9
4548	9
4549	9
4550	9
4551	9
4552	9
4553	9
4554	9
4555	9
4556	9
4557	9
4558	9
4559	9
4560	9
4561	9
4562	9
4563	9
4564	9
4565	9
4566	9
4567	9
4568	9
4569	9
4570	9
4571	9
4572	9
4573	9
4574	9
4575	9
4576	9
4577	9
4578	9
4579	9
4580	9
4581	9
4582	9
4583	9
4584	9
4585	9
4586	9
4587	9
4588	9
4589	9
4590	9
4591	9
4592	9
4593	9
4594	9
4595	9
4596	9
4597	9
4598	9
4599	9
4600	9
4601	9
4602	9
4603	9
4604	9
4605	9
4606	9
4607	9
4608	9
4609	9
4610	9
4611	9
4612	9
4613	9
4614	9
4615	9
4616	9
4617	9
4618	9
4619	9
4620	9
4621	9
4622	9
4623	9
4624	9
4625	9
4626	9
4627	9
4628	9
4629	9
4630	9
4631	9
4632	9
4633	9
4634	9
4635	9
4636	9
4637	10
4638	10
4639	10
4640	10
4641	10
4642	10
4643	10
4644	10
4645	10
4646	10
4647	10
4648	10
4649	10
4650	10
4651	10
4652	10
4653	10
4654	10
4655	10
4656	10
4657	10
4658	10
4659	10
4660	10
4661	10
4662	10
4663	10
4664	10
4665	10
4666	10
4667	10
4668	10
4669	10
4670	10
4671	10
4672	10
4673	10
4674	10
4675	10
4676	10
4677	10
4678	10
4679	10
4680	10
4681	10
4682	10
4683	10
4684	10
4685	10
4686	10
4687	10
4688	10
4689	10
4690	10
4691	10
4692	10
4693	10
4694	10
4695	10
4696	10
4697	10
4698	10
4699	10
4700	10
4701	10
4702	10
4703	10
4704	10
4705	10
4706	10
4707	10
4708	10
4709	10
4710	10
4711	10
4712	10
4713	10
4714	10
4715	10
4716	10
4717	10
4718	10
4719	10
4720	10
4721	10
4722	10
4723	10
4724	10
4725	10
4726	10
4727	10
4728	10
4729	10
4730	10
4731	10
4732	10
4733	10
4734	10
4735	10
4736	10
4737	10
4738	10
4739	10
4740	10
4741	10
4742	10
4743	10
4744	10
4745	10
4746	10
4747	10
4748	10
4749	10
4750	11
4751	11
4752	11
4753	11
4754	11
4755	11
4756	11
4757	11
4758	11
4759	11
4760	11
4761	11
4762	11
4763	11
4764	11
4765	11
4766	11
4767	11
4768	11
4769	11
4770	11
4771	11
4772	11
4773	11
4774	11
4775	11
4776	11
4777	11
4778	11
4779	11
4780	11
4781	11
4782	11
4783	11
4784	11
4785	11
4786	11
4787	11
4788	11
4789	11
4790	11
4791	11
4792	11
4793	11
4794	11
4795	11
4796	11
4797	11
4798	11
4799	11
4800	11
4801	11
4802	11
4803	11
4804	11
4805	11
4806	11
4807	11
4808	11
4809	11
4810	11
4811	11
4812	11
4813	11
4814	11
4815	11
4816	11
4817	11
4818	11
4819	11
4820	11
4821	11
4822	11
4823	11
4824	11
4825	11
4826	11
4827	11
4828	11
4829	11
4830	11
4831	11
4832	11
4833	11
4834	11
4835	11
4836	11
4837	11
4838	11
4839	11
4840	11
4841	11
4842	11
4843	11
4844	11
4845	11
4846	11
4847	11
4848	11
4849	11
4850	11
4851	11
4852	11
4853	11
4854	11
4855	11
4856	11
4857	11
4858	11
4859	11
4860	11
4861	11
4862	11
4863	11
4864	11
4865	11
4866	11
4867	11
4868	11
4869	11
4870	11
4871	11
4872	11
4873	11
4874	11
4875	11
4876	11
4877	11
4878	11
4879	11
4880	11
4881	11
4882	11
4883	11
4884	11
4885	11
4886	11
4887	11
4888	11
4889	11
4890	11
4891	11
4892	11
4893	11
4894	11
4895	11
4896	11
4897	11
4898	11
4899	11
4900	11
4901	11
4902	11
4903	11
4904	11
4905	11
4906	11
4907	11
4908	11
4909	11
4910	11
4911	11
4912	11
4913	11
4914	11
4915	11
4916	11
4917	11
4918	11
4919	11
4920	11
4921	11
4922	11
4923	11
4924	11
4925	11
4926	11
4927	11
4928	11
4929	11
4930	11
4931	11
4932	11
4933	11
4934	11
4935	11
4936	11
4937	11
4938	11
4939	11
4940	11
4941	12
4942	12
4943	12
4944	12
4945	12
4946	12
4947	12
4948	12
4949	12
4950	12
4951	12
4952	12
4953	12
4954	12
4955	12
4956	12
4957	12
4958	12
4959	12
4960	12
4961	12
4962	12
4963	12
4964	12
4965	12
4966	12
4967	12
4968	12
4969	12
4970	12
4971	12
4972	12
4973	12
4974	12
4975	12
4976	12
4977	12
4978	12
4979	12
4980	12
4981	12
4982	12
4983	12
4984	12
4985	12
4986	12
4987	12
4988	12
4989	12
4990	12
4991	12
4992	12
4993	12
4994	12
4995	12
4996	12
4997	12
4998	12
4999	12
5000	12
5001	12
5002	12
5003	12
5004	12
5005	12
5006	12
5007	12
5008	12
5009	12
5010	12
5011	12
5012	12
5013	12
5014	12
5015	12
5016	12
5017	12
5018	12
5019	12
5020	12
5021	12
5022	12
5023	12
5024	12
5025	12
5026	12
5027	12
5028	12
5029	12
5030	12
5031	12
5032	12
5033	12
5034	12
5035	12
5036	12
5037	12
5038	12
5039	12
5040	12
5041	12
5042	12
5043	12
5044	12
5045	12
5046	12
5047	12
5048	12
5049	12
5050	12
5051	12
5052	12
5053	12
5054	12
5055	12
5056	12
5057	12
5058	12
5059	12
5060	12
5061	12
5062	12
5063	12
5064	12
5065	12
5066	12
5067	12
5068	12
5069	12
5070	12
5071	12
5072	12
5073	12
5074	12
5075	12
5076	12
5077	12
5078	12
5079	12
5080	12
5081	12
5082	12
5083	12
5084	12
5085	12
5086	12
5087	12
5088	12
5089	12
5090	13
5091	13
5092	13
5093	13
5094	13
5095	13
5096	13
5097	13
5098	13
5099	13
5100	13
5101	13
5102	13
5103	13
5104	13
5105	13
5106	13
5107	13
5108	13
5109	13
5110	13
5111	13
5112	13
5113	13
5114	13
5115	13
5116	13
5117	13
5118	13
5119	13
5120	13
5121	13
5122	13
5123	13
5124	13
5125	13
5126	13
5127	13
5128	13
5129	13
5130	13
5131	13
5132	13
5133	13
5134	13
5135	13
5136	13
5137	13
5138	13
5139	13
5140	13
5141	13
5142	13
5143	13
5144	13
5145	13
5146	13
5147	13
5148	13
5149	13
5150	13
5151	13
5152	13
5153	13
5154	13
5155	13
5156	13
5157	13
5158	13
5159	13
5160	13
5161	13
5162	13
5163	13
5164	13
5165	13
5166	13
5167	13
5168	13
5169	13
5170	13
5171	13
5172	13
5173	13
5174	13
5175	13
5176	13
5177	13
5178	13
5179	13
5180	13
5181	13
5182	13
5183	13
5184	13
5185	13
5186	13
5187	13
5188	13
5189	13
5190	13
5191	13
5192	13
5193	13
5194	13
5195	13
5196	13
5197	13
5198	13
5199	13
5200	13
5201	13
5202	13
5203	13
5204	13
5205	13
5206	13
5207	13
5208	13
5209	13
5210	13
5211	13
5212	13
5213	13
5214	13
5215	13
5216	13
5217	13
5218	13
5219	13
5220	13
5221	13
5222	13
5223	13
5224	13
5225	13
5226	13
5227	13
5228	13
5229	13
5230	13
5231	13
5232	13
5233	13
5234	13
5235	13
5236	13
5237	13
5238	13
5239	13
5240	13
5241	13
5242	13
5243	13
5244	13
5245	13
5246	13
5247	13
5248	13
5249	13
5250	13
5251	13
5252	13
5253	13
5254	13
5255	13
5256	13
5257	13
5258	13
5259	13
5260	13
5261	13
5262	13
5263	13
5264	13
5265	13
5266	13
5267	13
5268	13
5269	13
5270	13
5271	13
5272	13
5273	13
5274	13
5275	13
5276	13
5277	13
5278	13
5279	13
5280	13
5281	13
5282	13
5283	13
5284	13
5285	13
5286	13
5287	13
5288	13
5289	13
5290	13
5291	13
5292	13
5293	13
5294	13
5295	13
5296	13
5297	13
5298	13
5299	13
5300	13
5301	13
5302	13
5303	13
5304	13
5305	13
5306	13
5307	13
5308	13
5309	13
5310	13
5311	13
5312	13
5313	13
5314	13
5315	13
5316	13
5317	13
5318	13
5319	13
5320	13
5321	13
5322	13
5323	13
5324	13
5325	13
5326	13
5327	13
5328	13
5329	13
5330	13
5331	13
5332	13
5333	13
5334	13
5335	13
5336	13
5337	13
5338	13
5339	13
5340	13
5341	13
5342	13
5343	13
5344	13
5345	13
5346	13
5347	13
5348	13
5349	13
5350	13
5351	13
5352	13
5353	13
5354	13
5355	13
5356	13
5357	13
5358	13
5359	13
5360	13
5361	13
5362	13
5363	13
5364	13
5365	13
5366	13
5367	13
5368	13
5369	13
5370	13
5371	13
5372	13
5373	13
5374	13
5375	13
5376	13
5377	13
5378	13
5379	13
5380	13
5381	13
5382	13
5383	13
5384	13
5385	13
5386	13
5387	13
5388	13
5389	13
5390	13
5391	13
5392	13
5393	13
5394	13
5395	13
5396	13
5397	13
5398	13
5399	13
5400	13
5401	13
5402	13
5403	13
5404	13
5405	13
5406	13
5407	13
5408	13
5409	13
5410	13
5411	13
5412	13
5413	13
5414	13
5415	13
5416	13
5417	13
5418	13
5419	13
5420	13
5421	13
5422	13
5423	13
5424	13
5425	13
5426	13
5427	13
5428	13
5429	13
5430	13
5431	13
5432	13
5433	13
5434	13
5435	13
5436	13
5437	13
5438	13
5439	13
5440	13
5441	13
5442	13
5443	13
5444	13
5445	13
5446	13
5447	13
5448	13
5449	13
5450	13
5451	13
5452	13
5453	13
5454	13
5455	13
5456	13
5457	13
5458	13
5459	13
5460	13
5461	13
5462	13
5463	13
5464	13
5465	13
5466	13
5467	13
5468	13
5469	13
5470	13
5471	13
5472	13
5473	13
5474	13
5475	13
5476	13
5477	13
5478	13
5479	13
5480	13
5481	13
5482	13
5483	13
5484	13
5485	13
5486	13
5487	13
5488	13
5489	13
5490	13
5491	13
5492	13
5493	13
5494	13
5495	13
5496	13
5497	13
5498	13
5499	13
5500	13
5501	13
5502	13
5503	13
5504	13
5505	13
5506	13
5507	13
5508	13
5509	13
5510	13
5511	13
5512	13
5513	13
5514	13
5515	13
5516	13
5517	13
5518	13
5519	13
5520	13
5521	13
5522	13
5523	13
5524	13
5525	13
5526	13
5527	13
5528	13
5529	13
5530	13
5531	13
5532	13
5533	13
5534	13
5535	13
5536	13
5537	13
5538	13
5539	13
5540	13
5541	13
5542	13
5543	13
5544	13
5545	13
5546	13
5547	13
5548	13
5549	13
5550	13
5551	13
5552	13
5553	13
5554	13
5555	13
5556	13
5557	13
5558	13
5559	13
5560	13
5561	13
5562	13
5563	13
5564	13
5565	13
5566	13
5567	13
5568	13
5569	13
5570	13
5571	13
5572	13
5573	13
5574	13
5575	13
5576	13
5577	13
5578	13
5579	13
5580	13
5581	13
5582	13
5583	13
5584	13
5585	13
5586	13
5587	13
5588	13
5589	13
5590	13
5591	13
5592	13
5593	13
5594	13
5595	13
5596	13
5597	13
5598	13
5599	13
5600	13
5601	13
5602	13
5603	13
5604	13
5605	13
5606	13
5607	13
5608	13
5609	13
5610	13
5611	13
5612	13
5613	13
5614	13
5615	13
5616	13
5617	13
5618	13
5619	13
5620	13
5621	13
5622	13
5623	13
5624	13
5625	13
5626	13
5627	13
5628	13
5629	13
5630	13
5631	13
5632	13
5633	13
5634	13
5635	13
5636	13
5637	13
5638	13
5639	13
5640	13
5641	13
5642	13
5643	13
5644	13
5645	13
5646	14
5647	14
5648	14
5649	14
5650	14
5651	14
5652	14
5653	14
5654	14
5655	14
5656	14
5657	14
5658	14
5659	14
5660	14
5661	14
5662	14
5663	14
5664	14
5665	14
5666	14
5667	14
5668	14
5669	14
5670	14
5671	14
5672	14
5673	14
5674	14
5675	14
5676	14
5677	14
5678	14
5679	14
5680	14
5681	14
5682	14
5683	14
5684	14
5685	14
5686	14
5687	14
5688	14
5689	14
5690	14
5691	14
5692	14
5693	14
5694	14
5695	14
5696	14
5697	14
5698	14
5699	14
5700	14
5701	14
5702	14
5703	14
5704	14
5705	14
5706	14
5707	14
5708	14
5709	14
5710	14
5711	14
5712	14
5713	14
5714	14
5715	14
5716	14
5717	14
5718	14
5719	14
5720	14
5721	14
5722	14
5723	14
5724	14
5725	14
5726	14
5727	14
5728	14
5729	14
5730	14
5731	14
5732	14
5733	14
5734	14
5735	14
5736	15
5737	15
5738	15
5739	15
5740	15
5741	15
5742	15
5743	15
5744	15
5745	15
5746	15
5747	15
5748	15
5749	15
5750	15
5751	15
5752	15
5753	15
5754	15
5755	15
5756	15
5757	15
5758	15
5759	15
5760	15
5761	15
5762	15
5763	15
5764	15
5765	15
5766	15
5767	15
5768	15
5769	15
5770	15
5771	15
5772	15
5773	15
5774	15
5775	15
5776	15
5777	15
5778	15
5779	15
5780	15
5781	15
5782	15
5783	15
5784	15
5785	15
5786	15
5787	15
5788	15
5789	15
5790	15
5791	15
5792	15
5793	15
5794	15
5795	15
5796	15
5797	15
5798	15
5799	15
5800	15
5801	15
5802	15
5803	15
5804	15
5805	15
5806	15
5807	15
5808	15
5809	15
5810	15
5811	15
5812	15
5813	15
5814	15
5815	15
5816	15
5817	15
5818	15
5819	15
5820	15
5821	15
5822	15
5823	15
5824	15
5825	15
5826	15
5827	15
5828	15
5829	15
5830	15
5831	15
5832	15
5833	15
5834	15
5835	15
5836	15
5837	15
5838	15
5839	15
5840	15
5841	15
5842	15
5843	15
5844	15
5845	15
5846	15
5847	15
5848	15
5849	15
5850	15
5851	15
5852	15
5853	15
5854	15
5855	15
5856	15
5857	15
5858	15
5859	15
5860	15
5861	15
5862	15
5863	15
5864	15
5865	15
5866	15
5867	15
5868	15
5869	15
5870	15
5871	15
5872	15
5873	15
5874	15
5875	15
5876	15
5877	15
5878	15
5879	15
5880	15
5881	16
5882	16
5883	16
5884	16
5885	16
5886	16
5887	16
5888	16
5889	16
5890	16
5891	16
5892	16
5893	16
5894	16
5895	16
5896	16
5897	16
5898	16
5899	16
5900	16
5901	16
5902	16
5903	16
5904	16
5905	16
5906	16
5907	16
5908	16
5909	16
5910	16
5911	16
5912	16
5913	16
5914	16
5915	16
5916	16
5917	16
5918	16
5919	16
5920	16
5921	16
5922	16
5923	16
5924	16
5925	16
5926	16
5927	16
5928	16
5929	16
5930	16
5931	16
5932	16
5933	16
5934	16
5935	16
5936	16
5937	16
5938	16
5939	16
5940	16
5941	16
5942	16
5943	16
5944	16
5945	16
5946	16
5947	16
5948	16
5949	16
5950	16
5951	16
5952	16
5953	16
5954	16
5955	16
5956	16
5957	16
5958	16
5959	16
5960	16
5961	16
5962	16
5963	16
5964	16
5965	16
5966	16
5967	16
5968	16
5969	16
5970	16
5971	16
5972	16
5973	16
5974	16
5975	16
5976	16
5977	16
5978	16
5979	16
5980	16
5981	16
5982	16
5983	16
5984	16
5985	16
5986	16
5987	16
5988	16
5989	16
5990	16
5991	16
5992	16
5993	16
5994	16
5995	16
5996	16
5997	16
5998	16
5999	16
6000	16
6001	16
6002	16
6003	16
6004	16
6005	16
6006	16
6007	16
6008	16
6009	16
6010	16
6011	16
6012	16
6013	16
6014	16
6015	16
6016	16
6017	16
6018	16
6019	16
6020	16
6021	16
6022	16
6023	16
6024	16
6025	16
6026	16
6027	16
6028	16
6029	16
6030	16
6031	16
6032	16
6033	16
6034	16
6035	16
6036	16
6037	16
6038	16
6039	16
6040	16
6041	16
6042	16
6043	16
6044	16
6045	16
6046	16
6047	16
6048	16
6049	16
6050	16
6051	16
6052	16
6053	16
6054	16
6055	16
6056	16
6057	16
6058	16
6059	16
6060	16
6061	16
6062	16
6063	16
6064	16
6065	16
6066	16
6067	16
6068	16
6069	16
6070	16
6071	16
6072	16
6073	16
6074	16
6075	16
6076	16
6077	16
6078	16
6079	16
6080	16
6081	16
6082	16
6083	16
6084	16
6085	16
6086	16
6087	16
6088	16
6089	16
6090	16
6091	16
6092	16
6093	16
6094	16
6095	16
6096	16
6097	16
6098	16
6099	16
6100	16
6101	16
6102	16
6103	16
6104	16
6105	16
6106	16
6107	16
6108	16
6109	16
6110	16
6111	16
6112	16
6113	16
6114	16
6115	16
6116	16
6117	16
6118	16
6119	16
6120	16
6121	16
6122	16
6123	16
6124	16
6125	16
6126	16
6127	16
6128	16
6129	16
6130	16
6131	16
6132	16
6133	16
6134	16
6135	16
6136	16
6137	16
6138	16
6139	16
6140	16
6141	16
6142	16
6143	16
6144	16
6145	16
6146	16
6147	16
6148	16
6149	16
6150	16
6151	16
6152	16
6153	16
6154	16
6155	16
6156	16
6157	16
6158	16
6159	16
6160	16
6161	16
6162	16
6163	16
6164	16
6165	16
6166	16
6167	16
6168	16
6169	16
6170	16
6171	16
6172	16
6173	16
6174	16
6175	16
6176	16
6177	16
6178	16
6179	16
6180	16
6181	16
6182	16
6183	16
6184	16
6185	16
6186	16
6187	16
6188	16
6189	16
6190	16
6191	16
6192	16
6193	16
6194	16
6195	16
6196	16
6197	16
6198	16
6199	16
6200	16
6201	16
6202	16
6203	16
6204	16
6205	16
6206	16
6207	16
6208	16
6209	16
6210	16
6211	16
6212	16
6213	16
6214	16
6215	16
6216	16
6217	16
6218	16
6219	16
6220	16
6221	16
6222	16
6223	16
6224	16
6225	16
6226	16
6227	16
6228	16
6229	16
6230	16
6231	16
6232	16
6233	16
6234	16
6235	16
6236	16
6237	16
6238	16
6239	16
6240	16
6241	16
6242	16
6243	16
6244	16
6245	16
6246	16
6247	16
6248	16
6249	16
6250	16
6251	16
6252	16
6253	16
6254	16
6255	16
6256	16
6257	16
6258	16
6259	16
6260	16
6261	16
6262	16
6263	16
6264	16
6265	16
6266	16
6267	16
6268	16
6269	16
6270	16
6271	16
6272	16
6273	16
6274	16
6275	16
6276	16
6277	16
6278	16
6279	16
6280	16
6281	16
6282	16
6283	16
6284	16
6285	16
6286	16
6287	16
6288	16
6289	16
6290	16
6291	16
6292	16
6293	16
6294	16
6295	16
6296	16
6297	16
6298	16
6299	16
6300	16
6301	16
6302	16
6303	16
6304	16
6305	16
6306	16
6307	16
6308	16
6309	16
6310	16
6311	16
6312	16
6313	16
6314	16
6315	16
6316	16
6317	16
6318	16
6319	16
6320	16
6321	16
6322	16
6323	16
6324	16
6325	16
6326	16
6327	16
6328	16
6329	16
6330	16
6331	16
6332	16
6333	16
6334	16
6335	16
6336	16
6337	16
6338	16
6339	16
6340	16
6341	16
6342	16
6343	16
6344	16
6345	16
6346	16
6347	16
6348	16
6349	16
6350	16
6351	16
6352	16
6353	16
6354	16
6355	16
6356	16
6357	16
6358	16
6359	16
6360	16
6361	16
6362	16
6363	16
6364	16
6365	16
6366	16
6367	16
6368	16
6369	16
6370	16
6371	16
6372	16
6373	16
6374	16
6375	16
6376	16
6377	16
6378	16
6379	16
6380	16
6381	16
6382	16
6383	16
6384	16
6385	16
6386	16
6387	16
6388	16
6389	16
6390	16
6391	16
6392	16
6393	16
6394	16
6395	16
6396	16
6397	16
6398	16
6399	16
6400	16
6401	16
6402	16
6403	16
6404	16
6405	16
6406	16
6407	16
6408	16
6409	16
6410	16
6411	16
6412	16
6413	16
6414	16
6415	16
6416	16
6417	16
6418	16
6419	16
6420	16
6421	16
6422	16
6423	16
6424	16
6425	16
6426	16
6427	16
6428	16
6429	16
6430	16
6431	16
6432	16
6433	16
6434	16
6435	16
6436	16
6437	16
6438	16
6439	16
6440	16
6441	16
6442	16
6443	16
6444	16
6445	16
6446	16
6447	16
6448	16
6449	16
6450	16
6451	16
6452	16
6453	16
6454	16
6455	16
6456	16
6457	16
6458	16
6459	16
6460	16
6461	16
6462	16
6463	16
6464	16
6465	16
6466	16
6467	16
6468	16
6469	16
6470	16
6471	16
6472	16
6473	16
6474	16
6475	16
6476	16
6477	16
6478	16
6479	16
6480	16
6481	16
6482	16
6483	16
6484	16
6485	16
6486	16
6487	16
6488	16
6489	16
6490	16
6491	16
6492	16
6493	16
6494	16
6495	16
6496	16
6497	16
6498	16
6499	16
6500	16
6501	16
6502	16
6503	16
6504	16
6505	16
6506	16
6507	16
6508	16
6509	16
6510	16
6511	16
6512	16
6513	16
6514	16
6515	16
6516	16
6517	16
6518	16
6519	16
6520	16
6521	16
6522	16
6523	16
6524	16
6525	16
6526	16
6527	16
6528	16
6529	16
6530	16
6531	16
6532	16
6533	16
6534	16
6535	16
6536	16
6537	16
6538	16
6539	16
6540	16
6541	16
6542	16
6543	16
6544	16
6545	16
6546	16
6547	16
6548	16
6549	16
6550	16
6551	16
6552	16
6553	16
6554	16
6555	16
6556	16
6557	16
6558	16
6559	16
6560	16
6561	16
6562	16
6563	16
6564	16
6565	16
6566	16
6567	16
6568	16
6569	16
6570	16
6571	16
6572	16
6573	16
6574	16
6575	16
6576	16
6577	16
6578	16
6579	16
6580	16
6581	16
6582	16
6583	16
6584	16
6585	16
6586	16
6587	16
6588	16
6589	16
6590	16
6591	16
6592	16
6593	16
6594	16
6595	16
6596	16
6597	16
6598	16
6599	16
6600	16
6601	16
6602	16
6603	16
6604	16
6605	16
6606	16
6607	16
6608	16
6609	16
6610	16
6611	16
6612	16
6613	16
6614	16
6615	16
6616	16
6617	16
6618	16
6619	16
6620	16
6621	16
6622	16
6623	16
6624	16
6625	16
6626	16
6627	16
6628	16
6629	16
6630	16
6631	16
6632	16
6633	16
6634	16
6635	16
6636	16
6637	16
6638	16
6639	16
6640	16
6641	16
6642	16
6643	16
6644	16
6645	16
6646	16
6647	16
6648	16
6649	16
6650	16
6651	16
6652	16
6653	16
6654	16
6655	16
6656	16
6657	16
6658	16
6659	16
6660	16
6661	16
6662	16
6663	16
6664	16
6665	16
6666	16
6667	16
6668	16
6669	16
6670	16
6671	16
6672	16
6673	16
6674	16
6675	16
6676	16
6677	16
6678	16
6679	16
6680	16
6681	16
6682	16
6683	16
6684	16
6685	16
6686	16
6687	16
6688	16
6689	16
6690	16
6691	16
6692	17
6693	17
6694	17
6695	17
6696	17
6697	17
6698	17
6699	17
6700	17
6701	17
6702	17
6703	17
6704	17
6705	17
6706	17
6707	17
6708	17
6709	17
6710	17
6711	17
6712	17
6713	17
6714	17
6715	17
6716	17
6717	17
6718	17
6719	17
6720	17
6721	17
6722	17
6723	17
6724	17
6725	17
6726	17
6727	17
6728	17
6729	17
6730	17
6731	17
6732	17
6733	17
6734	17
6735	17
6736	17
6737	17
6738	17
6739	17
6740	17
6741	17
6742	17
6743	17
6744	17
6745	17
6746	17
6747	17
6748	17
6749	17
6750	17
6751	17
6752	17
6753	17
6754	17
6755	17
6756	17
6757	17
6758	17
6759	17
6760	17
6761	17
6762	17
6763	17
6764	17
6765	17
6766	17
6767	17
6768	17
6769	17
6770	17
6771	17
6772	17
6773	17
6774	17
6775	17
6776	17
6777	17
6778	17
6779	17
6780	17
6781	17
6782	17
6783	17
6784	17
6785	17
6786	17
6787	17
6788	17
6789	17
6790	17
6791	17
6792	17
6793	17
6794	17
6795	17
6796	17
6797	17
6798	17
6799	17
6800	17
6801	17
6802	17
6803	17
6804	17
6805	17
6806	17
6807	17
6808	17
6809	17
6810	17
6811	17
6812	17
6813	17
6814	17
6815	17
6816	17
6817	17
6818	17
6819	17
6820	17
6821	17
6822	17
6823	17
6824	17
6825	17
6826	17
6827	17
6828	17
6829	17
6830	17
6831	17
6832	17
6833	17
6834	17
6835	17
6836	17
6837	17
6838	17
6839	17
6840	17
6841	17
6842	17
6843	17
6844	17
6845	17
6846	17
6847	17
6848	17
6849	17
6850	17
6851	17
6852	17
6853	17
6854	17
6855	17
6856	17
6857	17
6858	17
6859	17
6860	17
6861	17
6862	17
6863	17
6864	17
6865	17
6866	17
6867	17
6868	17
6869	17
6870	17
6871	17
6872	17
6873	17
6874	17
6875	17
6876	17
6877	17
6878	17
6879	17
6880	17
6881	17
6882	17
6883	17
6884	17
6885	17
6886	17
6887	17
6888	17
6889	17
6890	17
6891	17
6892	17
6893	17
6894	17
6895	17
6896	17
6897	17
6898	17
6899	17
6900	17
6901	17
6902	17
6903	17
6904	17
6905	17
6906	17
6907	17
6908	17
6909	17
6910	17
6911	17
6912	17
6913	17
6914	17
6915	17
6916	17
6917	17
6918	17
6919	17
6920	17
6921	17
6922	17
6923	17
6924	17
6925	17
6926	17
6927	17
6928	17
6929	17
6930	17
6931	17
6932	17
6933	17
6934	17
6935	17
6936	17
6937	17
6938	17
6939	17
6940	17
6941	17
6942	17
6943	17
6944	17
6945	17
6946	17
6947	17
6948	17
6949	17
6950	17
6951	17
6952	17
6953	17
6954	17
6955	17
6956	17
6957	17
6958	17
6959	17
6960	17
6961	17
6962	17
6963	17
6964	17
6965	17
6966	17
6967	17
6968	17
6969	17
6970	17
6971	17
6972	17
6973	17
6974	17
6975	17
6976	17
6977	17
6978	17
6979	17
6980	17
6981	17
6982	17
6983	17
6984	17
6985	17
6986	17
6987	17
6988	17
6989	17
6990	17
6991	17
6992	17
6993	17
6994	17
6995	17
6996	17
6997	17
6998	17
6999	17
7000	17
7001	17
7002	17
7003	17
7004	17
7005	17
7006	17
7007	17
7008	17
7009	17
7010	17
7011	17
7012	17
7013	17
7014	17
7015	17
7016	17
7017	17
7018	17
7019	17
7020	17
7021	17
7022	17
7023	17
7024	17
7025	17
7026	17
7027	17
7028	17
7029	17
7030	17
7031	17
7032	17
7033	17
7034	17
7035	17
7036	17
7037	17
7038	17
7039	17
7040	17
7041	17
7042	17
7043	17
7044	17
7045	17
7046	17
7047	17
7048	17
7049	17
7050	17
7051	17
7052	17
7053	17
7054	17
7055	17
7056	17
7057	17
7058	17
7059	17
7060	17
7061	17
7062	17
7063	17
7064	17
7065	17
7066	17
7067	17
7068	17
7069	17
7070	17
7071	17
7072	17
7073	17
7074	17
7075	17
7076	17
7077	17
7078	17
7079	17
7080	17
7081	17
7082	17
7083	17
7084	17
7085	17
7086	17
7087	17
7088	17
7089	17
7090	17
7091	17
7092	17
7093	17
7094	17
7095	17
7096	17
7097	17
7098	17
7099	17
7100	17
7101	17
7102	17
7103	17
7104	17
7105	17
7106	17
7107	17
7108	17
7109	17
7110	17
7111	17
7112	17
7113	17
7114	17
7115	17
7116	17
7117	17
7118	17
7119	17
7120	17
7121	17
7122	17
7123	17
7124	17
7125	17
7126	17
7127	17
7128	17
7129	17
7130	17
7131	17
7132	17
7133	17
7134	17
7135	17
7136	17
7137	17
7138	17
7139	17
7140	17
7141	17
7142	17
7143	17
7144	17
7145	17
7146	17
7147	17
7148	17
7149	17
7150	17
7151	17
7152	17
7153	17
7154	17
7155	17
7156	17
7157	17
7158	17
7159	17
7160	17
7161	17
7162	17
7163	17
7164	17
7165	17
7166	17
7167	17
7168	17
7169	17
7170	17
7171	17
7172	17
7173	17
7174	17
7175	17
7176	17
7177	17
7178	17
7179	17
7180	17
7181	17
7182	17
7183	17
7184	17
7185	17
7186	17
7187	17
7188	17
7189	17
7190	17
7191	17
7192	17
7193	17
7194	17
7195	17
7196	17
7197	17
7198	17
7199	17
7200	18
7201	18
7202	18
7203	18
7204	18
7205	18
7206	18
7207	18
7208	18
7209	18
7210	18
7211	18
7212	18
7213	18
7214	18
7215	18
7216	18
7217	18
7218	18
7219	18
7220	18
7221	18
7222	18
7223	18
7224	18
7225	18
7226	18
7227	18
7228	18
7229	18
7230	18
7231	18
7232	18
7233	18
7234	18
7235	18
7236	18
7237	18
7238	18
7239	18
7240	18
7241	18
7242	18
7243	18
7244	18
7245	18
7246	18
7247	18
7248	18
7249	18
7250	18
7251	18
7252	18
7253	18
7254	18
7255	18
7256	18
7257	18
7258	18
7259	18
7260	18
7261	18
7262	18
7263	18
7264	18
7265	18
7266	18
7267	18
7268	18
7269	18
7270	18
7271	18
7272	18
7273	18
7274	18
7275	18
7276	18
7277	18
7278	18
7279	18
7280	18
7281	18
7282	18
7283	18
7284	18
7285	18
7286	18
7287	18
7288	18
7289	18
7290	18
7291	18
7292	18
7293	18
7294	18
7295	18
7296	18
7297	18
7298	18
7299	18
7300	18
7301	18
7302	18
7303	18
7304	18
7305	18
7306	18
7307	18
7308	18
7309	18
7310	18
7311	18
7312	18
7313	18
7314	18
7315	18
7316	18
7317	18
7318	18
7319	18
7320	18
7321	18
7322	18
7323	18
7324	18
7325	18
7326	18
7327	18
7328	18
7329	18
7330	18
7331	18
7332	18
7333	18
7334	18
7335	18
7336	18
7337	18
7338	18
7339	18
7340	18
7341	18
7342	18
7343	18
7344	18
7345	18
7346	18
7347	18
7348	18
7349	18
7350	18
7351	18
7352	18
7353	18
7354	18
7355	18
7356	18
7357	18
7358	18
7359	18
7360	18
7361	18
7362	18
7363	18
7364	18
7365	18
7366	18
7367	18
7368	18
7369	18
7370	18
7371	18
7372	18
7373	18
7374	18
7375	18
7376	18
7377	18
7378	18
7379	18
7380	18
7381	18
7382	18
7383	18
7384	18
7385	18
7386	18
7387	18
7388	18
7389	18
7390	18
7391	18
7392	18
7393	18
7394	18
7395	18
7396	18
7397	18
7398	18
7399	18
7400	18
7401	18
7402	18
7403	18
7404	18
7405	18
7406	18
7407	18
7408	18
7409	18
7410	18
7411	18
7412	18
7413	18
7414	18
7415	18
7416	18
7417	18
7418	18
7419	18
7420	18
7421	18
7422	18
7423	18
7424	18
7425	18
7426	18
7427	18
7428	18
7429	18
7430	18
7431	18
7432	18
7433	18
7434	18
7435	18
7436	18
7437	18
7438	18
7439	18
7440	18
7441	18
7442	18
7443	18
7444	18
7445	18
7446	18
7447	18
7448	18
7449	18
7450	18
7451	18
7452	18
7453	18
7454	18
7455	18
7456	18
7457	18
7458	18
7459	18
7460	18
7461	18
7462	18
7463	18
7464	18
7465	18
7466	18
7467	18
7468	18
7469	18
7470	18
7471	18
7472	18
7473	18
7474	18
7475	18
7476	18
7477	18
7478	18
7479	18
7480	18
7481	18
7482	18
7483	18
7484	18
7485	18
7486	18
7487	18
7488	18
7489	18
7490	18
7491	18
7492	18
7493	18
7494	18
7495	18
7496	18
7497	18
7498	18
7499	18
7500	18
7501	18
7502	18
7503	18
7504	18
7505	18
7506	18
7507	18
7508	18
7509	18
7510	18
7511	18
7512	18
7513	18
7514	18
7515	18
7516	18
7517	18
7518	18
7519	18
7520	18
7521	18
7522	18
7523	18
7524	18
7525	18
7526	18
7527	18
7528	18
7529	18
7530	18
7531	18
7532	18
7533	18
7534	18
7535	18
7536	18
7537	18
7538	18
7539	18
7540	18
7541	18
7542	18
7543	18
7544	18
7545	18
7546	18
7547	18
7548	18
7549	18
7550	18
7551	18
7552	18
7553	18
7554	18
7555	18
7556	18
7557	18
7558	18
7559	18
7560	18
7561	18
7562	18
7563	18
7564	18
7565	18
7566	18
7567	18
7568	18
7569	18
7570	18
7571	18
7572	18
7573	18
7574	18
7575	18
7576	18
7577	18
7578	18
7579	18
7580	18
7581	18
7582	18
7583	18
7584	18
7585	18
7586	18
7587	18
7588	18
7589	18
7590	18
7591	18
7592	18
7593	18
7594	18
7595	18
7596	18
7597	18
7598	18
7599	18
7600	18
7601	18
7602	18
7603	18
7604	18
7605	18
7606	18
7607	18
7608	18
7609	18
7610	18
7611	18
7612	18
7613	18
7614	18
7615	18
7616	19
7617	19
7618	19
7619	19
7620	19
7621	19
7622	19
7623	19
7624	19
7625	19
7626	19
7627	19
7628	19
7629	19
7630	19
7631	19
7632	19
7633	19
7634	19
7635	19
7636	19
7637	19
7638	19
7639	19
7640	19
7641	19
7642	19
7643	19
7644	19
7645	19
7646	19
7647	19
7648	19
7649	19
7650	19
7651	19
7652	19
7653	19
7654	19
7655	19
7656	19
7657	19
7658	19
7659	19
7660	19
7661	19
7662	19
7663	19
7664	19
7665	19
7666	19
7667	19
7668	19
7669	19
7670	19
7671	19
7672	19
7673	19
7674	19
7675	19
7676	19
7677	19
7678	19
7679	19
7680	19
7681	19
7682	19
7683	19
7684	19
7685	19
7686	19
7687	19
7688	19
7689	19
7690	19
7691	19
7692	19
7693	19
7694	19
7695	19
7696	19
7697	19
7698	19
7699	19
7700	19
7701	19
7702	19
7703	19
7704	19
7705	19
7706	19
7707	19
7708	19
7709	19
7710	19
7711	19
7712	19
7713	19
7714	19
7715	19
7716	19
7717	19
7718	19
7719	19
7720	19
7721	19
7722	19
7723	19
7724	19
7725	19
7726	19
7727	19
7728	19
7729	19
7730	19
7731	19
7732	19
7733	19
7734	19
7735	19
7736	19
7737	19
7738	19
7739	19
7740	19
7741	19
7742	19
7743	19
7744	19
7745	19
7746	19
7747	19
7748	19
7749	19
7750	19
7751	19
7752	19
7753	19
7754	19
7755	19
7756	19
7757	19
7758	19
7759	19
7760	19
7761	19
7762	19
7763	19
7764	19
7765	19
7766	19
7767	19
7768	19
7769	19
7770	19
7771	19
7772	19
7773	19
7774	19
7775	19
7776	19
7777	19
7778	19
7779	19
7780	20
7781	20
7782	20
7783	20
7784	20
7785	20
7786	20
7787	20
7788	20
7789	20
7790	20
7791	20
7792	20
7793	20
7794	20
7795	20
7796	20
7797	20
7798	20
7799	20
7800	20
7801	20
7802	20
7803	20
7804	20
7805	20
7806	20
7807	20
7808	20
7809	20
7810	20
7811	20
7812	20
7813	20
7814	20
7815	20
7816	20
7817	20
7818	20
7819	20
7820	20
7821	20
7822	20
7823	20
7824	20
7825	20
7826	20
7827	20
7828	20
7829	20
7830	20
7831	20
7832	20
7833	20
7834	20
7835	20
7836	20
7837	20
7838	20
7839	20
7840	20
7841	20
7842	20
7843	20
7844	20
7845	20
7846	20
7847	20
7848	20
7849	20
7850	20
7851	20
7852	20
7853	20
7854	20
7855	20
7856	20
7857	20
7858	20
7859	20
7860	20
7861	20
7862	20
7863	20
7864	20
7865	20
7866	20
7867	20
7868	20
7869	20
7870	20
7871	20
7872	20
7873	20
7874	20
7875	20
7876	20
7877	20
7878	20
7879	20
7880	20
7881	20
7882	20
7883	20
7884	20
7885	20
7886	20
7887	20
7888	20
7889	20
7890	20
7891	20
7892	20
7893	20
7894	20
7895	20
7896	20
7897	20
7898	20
7899	20
7900	20
7901	20
7902	20
7903	20
7904	20
7905	20
7906	20
7907	20
7908	20
7909	20
7910	20
7911	20
7912	20
7913	20
7914	21
7915	21
7916	21
7917	21
7918	21
7919	21
7920	21
7921	21
7922	21
7923	21
7924	21
7925	21
7926	21
7927	21
7928	21
7929	21
7930	21
7931	21
7932	21
7933	21
7934	21
7935	21
7936	21
7937	21
7938	21
7939	21
7940	21
7941	21
7942	21
7943	21
7944	21
7945	21
7946	21
7947	21
7948	21
7949	21
7950	21
7951	21
7952	21
7953	21
7954	21
7955	21
7956	21
7957	21
7958	21
7959	21
7960	21
7961	21
7962	21
7963	21
7964	21
7965	21
7966	21
7967	21
7968	21
7969	21
7970	21
7971	21
7972	21
7973	21
7974	21
7975	21
7976	21
7977	21
7978	21
7979	21
7980	21
7981	21
7982	21
7983	21
7984	21
7985	21
7986	21
7987	21
7988	21
7989	21
7990	21
7991	21
7992	21
7993	21
7994	21
7995	21
7996	21
7997	21
7998	21
7999	21
8000	21
8001	21
8002	21
8003	21
8004	21
8005	21
8006	21
8007	21
8008	21
8009	21
8010	21
8011	21
8012	21
8013	21
8014	21
8015	21
8016	21
8017	21
8018	21
8019	21
8020	21
8021	21
8022	21
8023	21
8024	21
8025	21
8026	21
8027	21
8028	21
8029	21
8030	21
8031	21
8032	21
8033	21
8034	21
8035	21
8036	21
8037	21
8038	21
8039	21
8040	21
8041	21
8042	21
8043	21
8044	21
8045	21
8046	21
8047	21
8048	21
8049	21
8050	21
8051	21
8052	21
8053	21
8054	21
8055	21
8056	21
8057	21
8058	21
8059	21
8060	21
8061	21
8062	21
8063	21
8064	21
8065	21
8066	21
8067	21
8068	21
8069	21
8070	21
8071	21
8072	21
8073	21
8074	21
8075	21
8076	21
8077	21
8078	21
8079	21
8080	21
8081	21
8082	21
8083	21
8084	21
8085	21
8086	21
8087	21
8088	21
8089	21
8090	21
8091	21
8092	21
8093	21
8094	21
8095	21
8096	21
8097	21
8098	21
8099	21
8100	21
8101	21
8102	21
8103	21
8104	21
8105	21
8106	21
8107	21
8108	21
8109	21
8110	21
8111	21
8112	21
8113	21
8114	21
8115	21
8116	21
8117	21
8118	21
8119	21
8120	21
8121	21
8122	21
8123	21
8124	21
8125	21
8126	21
8127	21
8128	21
8129	21
8130	21
8131	21
8132	21
8133	21
8134	21
8135	21
8136	21
8137	21
8138	21
8139	21
8140	21
8141	21
8142	21
8143	21
8144	21
8145	21
8146	21
8147	21
8148	21
8149	21
8150	21
8151	21
8152	21
8153	21
8154	21
8155	21
8156	21
8157	21
8158	21
8159	21
8160	21
8161	21
8162	21
8163	21
8164	21
8165	21
8166	21
8167	21
8168	21
8169	21
8170	21
8171	21
8172	21
8173	21
8174	21
8175	21
8176	21
8177	21
8178	21
8179	21
8180	21
8181	21
8182	21
8183	21
8184	21
8185	21
8186	21
8187	21
8188	21
8189	21
8190	21
8191	21
8192	21
8193	21
8194	21
8195	21
8196	21
8197	21
8198	21
8199	21
8200	22
8201	22
8202	22
8203	22
8204	22
8205	22
8206	22
8207	22
8208	22
8209	22
8210	22
8211	22
8212	22
8213	22
8214	22
8215	22
8216	22
8217	22
8218	22
8219	22
8220	22
8221	22
8222	22
8223	22
8224	22
8225	22
8226	22
8227	22
8228	22
8229	22
8230	22
8231	22
8232	22
8233	22
8234	22
8235	22
8236	22
8237	22
8238	22
8239	22
8240	22
8241	22
8242	22
8243	22
8244	22
8245	22
8246	22
8247	22
8248	22
8249	22
8250	22
8251	22
8252	22
8253	22
8254	22
8255	22
8256	22
8257	22
8258	22
8259	22
8260	22
8261	22
8262	22
8263	22
8264	22
8265	22
8266	22
8267	22
8268	22
8269	22
8270	22
8271	22
8272	22
8273	22
8274	22
8275	22
8276	22
8277	22
8278	22
8279	22
8280	22
8281	22
8282	22
8283	22
8284	22
8285	22
8286	22
8287	22
8288	22
8289	22
8290	22
8291	22
8292	22
8293	22
8294	22
8295	22
8296	22
8297	22
8298	22
8299	22
8300	22
8301	22
8302	22
8303	22
8304	22
8305	22
8306	22
8307	22
8308	22
8309	22
8310	22
8311	22
8312	22
8313	22
8314	22
8315	22
8316	22
8317	22
8318	22
8319	22
8320	22
8321	22
8322	22
8323	22
8324	22
8325	22
8326	22
8327	23
8328	23
8329	23
8330	23
8331	23
8332	23
8333	23
8334	23
8335	23
8336	23
8337	23
8338	23
8339	23
8340	23
8341	23
8342	23
8343	23
8344	23
8345	23
8346	23
8347	23
8348	23
8349	23
8350	23
8351	23
8352	23
8353	23
8354	23
8355	23
8356	23
8357	23
8358	23
8359	23
8360	23
8361	23
8362	23
8363	23
8364	23
8365	23
8366	23
8367	23
8368	23
8369	23
8370	23
8371	23
8372	23
8373	23
8374	23
8375	23
8376	23
8377	23
8378	23
8379	23
8380	23
8381	23
8382	23
8383	23
8384	23
8385	23
8386	23
8387	23
8388	23
8389	23
8390	23
8391	23
8392	23
8393	23
8394	23
8395	23
8396	23
8397	23
8398	23
8399	23
8400	23
8401	23
8402	23
8403	23
8404	23
8405	23
8406	23
8407	23
8408	23
8409	23
8410	23
8411	23
8412	23
8413	23
8414	23
8415	23
8416	23
8417	23
8418	23
8419	23
8420	23
8421	23
8422	23
8423	23
8424	23
8425	23
8426	23
8427	23
8428	23
8429	23
8430	23
8431	23
8432	23
8433	23
8434	23
8435	23
8436	23
8437	23
8438	23
8439	23
8440	23
8441	23
8442	23
8443	23
8444	23
8445	23
8446	23
8447	23
8448	23
8449	23
8450	23
8451	23
8452	23
8453	23
8454	23
8455	23
8456	23
8457	23
8458	23
8459	23
8460	23
8461	23
8462	23
8463	23
8464	23
8465	23
8466	23
8467	23
8468	23
8469	23
8470	23
8471	23
8472	23
8473	23
8474	23
8475	23
8476	23
8477	23
8478	23
8479	23
8480	23
8481	23
8482	23
8483	23
8484	23
8485	23
8486	23
8487	23
8488	23
8489	23
8490	23
8491	23
8492	23
8493	23
8494	23
8495	23
8496	23
8497	23
8498	23
8499	23
8500	23
8501	23
8502	23
8503	23
8504	23
8505	23
8506	23
8507	23
8508	23
8509	23
8510	23
8511	23
8512	23
8513	23
8514	23
8515	23
8516	23
8517	23
8518	23
8519	23
8520	23
8521	23
8522	23
8523	23
8524	23
8525	23
8526	23
8527	23
8528	23
8529	23
8530	23
8531	23
8532	23
8533	23
8534	23
8535	23
8536	23
8537	23
8538	23
8539	23
8540	23
8541	23
8542	23
8543	23
8544	23
8545	23
8546	23
8547	23
8548	23
8549	23
8550	23
8551	23
8552	23
8553	23
8554	23
8555	23
8556	23
8557	23
8558	23
8559	23
8560	23
8561	23
8562	23
8563	23
8564	23
8565	23
8566	23
8567	23
8568	23
8569	23
8570	23
8571	23
8572	23
8573	23
8574	23
8575	23
8576	23
8577	23
8578	23
8579	23
8580	23
8581	23
8582	23
8583	23
8584	23
8585	23
8586	23
8587	23
8588	23
8589	23
8590	23
8591	23
8592	23
8593	23
8594	23
8595	23
8596	23
8597	23
8598	23
8599	23
8600	23
8601	23
8602	23
8603	23
8604	23
8605	23
8606	23
8607	23
8608	23
8609	23
8610	23
8611	23
8612	23
8613	23
8614	23
8615	23
8616	23
8617	23
8618	23
8619	23
8620	23
8621	23
8622	23
8623	23
8624	23
8625	23
8626	23
8627	23
8628	23
8629	23
8630	23
8631	23
8632	23
8633	23
8634	23
8635	23
8636	23
8637	23
8638	23
8639	23
8640	23
8641	23
8642	23
8643	23
8644	23
8645	23
8646	23
8647	23
8648	23
8649	23
8650	23
8651	23
8652	23
8653	23
8654	23
8655	23
8656	23
8657	23
8658	23
8659	23
8660	23
8661	23
8662	23
8663	23
8664	23
8665	23
8666	23
8667	23
8668	23
8669	23
8670	23
8671	23
8672	23
8673	23
8674	23
8675	23
8676	23
8677	23
8678	23
8679	23
8680	23
8681	23
8682	23
8683	23
8684	23
8685	23
8686	23
8687	23
8688	23
8689	23
8690	23
8691	23
8692	23
8693	23
8694	23
8695	23
8696	23
8697	23
8698	23
8699	23
8700	23
8701	23
8702	23
8703	23
8704	23
8705	23
8706	23
8707	23
8708	23
8709	23
8710	23
8711	23
8712	23
8713	23
8714	23
8715	23
8716	23
8717	23
8718	23
8719	23
8720	23
8721	23
8722	23
8723	23
8724	23
8725	23
8726	23
8727	23
8728	23
8729	23
8730	23
8731	23
8732	23
8733	23
8734	23
8735	23
8736	23
8737	23
8738	23
8739	23
8740	23
8741	23
8742	23
8743	23
8744	23
8745	23
8746	23
8747	23
8748	23
8749	23
8750	23
8751	23
8752	23
8753	23
8754	23
8755	23
8756	23
8757	23
8758	23
8759	23
8760	23
8761	23
8762	23
8763	23
8764	23
8765	23
8766	23
8767	23
8768	23
8769	23
8770	23
8771	23
8772	23
8773	23
8774	23
8775	23
8776	23
8777	23
8778	23
8779	23
8780	23
8781	23
8782	23
8783	23
8784	23
8785	23
8786	23
8787	23
8788	23
8789	23
8790	23
8791	23
8792	23
8793	23
8794	23
8795	23
8796	23
8797	23
8798	23
8799	23
8800	23
8801	23
8802	23
8803	23
8804	23
8805	23
8806	23
8807	23
8808	23
8809	23
8810	23
8811	23
8812	23
8813	23
8814	23
8815	23
8816	23
8817	23
8818	23
8819	23
8820	23
8821	23
8822	23
8823	23
8824	23
8825	23
8826	23
8827	23
8828	23
8829	23
8830	23
8831	23
8832	23
8833	23
8834	23
8835	23
8836	23
8837	23
8838	23
8839	23
8840	23
8841	23
8842	23
8843	23
8844	23
8845	23
8846	23
8847	23
8848	23
8849	23
8850	23
8851	23
8852	23
8853	23
8854	23
8855	23
8856	23
8857	23
8858	23
8859	23
8860	23
8861	23
8862	23
8863	23
8864	23
8865	23
8866	23
8867	23
8868	23
8869	23
8870	23
8871	23
8872	23
8873	23
8874	23
8875	23
8876	23
8877	23
8878	23
8879	23
8880	23
8881	23
8882	23
8883	23
8884	23
8885	23
8886	23
8887	23
8888	23
8889	23
8890	23
8891	23
8892	23
8893	23
8894	23
8895	23
8896	23
8897	23
8898	23
8899	23
8900	23
8901	23
8902	23
8903	23
8904	23
8905	23
8906	23
8907	23
8908	23
8909	23
8910	23
8911	23
8912	23
8913	23
8914	23
8915	23
8916	23
8917	23
8918	23
8919	23
8920	23
8921	23
8922	23
8923	23
8924	23
8925	23
8926	23
8927	23
8928	23
8929	23
8930	23
8931	23
8932	23
8933	23
8934	23
8935	23
8936	23
8937	23
8938	23
8939	23
8940	23
8941	23
8942	23
8943	23
8944	23
8945	23
8946	23
8947	23
8948	23
8949	23
8950	23
8951	23
8952	23
8953	23
8954	23
8955	23
8956	23
8957	23
8958	23
8959	23
8960	23
8961	23
8962	23
8963	23
8964	23
8965	23
8966	23
8967	23
8968	23
8969	23
8970	23
8971	23
8972	23
8973	23
8974	23
8975	23
8976	23
8977	23
8978	23
8979	23
8980	23
8981	23
8982	23
8983	23
8984	23
8985	23
8986	23
8987	23
8988	23
8989	23
8990	23
8991	23
8992	23
8993	23
8994	23
8995	23
8996	23
8997	23
8998	23
8999	23
9000	23
9001	23
9002	23
9003	23
9004	23
9005	23
9006	23
9007	23
9008	23
9009	23
9010	23
9011	23
9012	23
9013	23
9014	23
9015	23
9016	23
9017	23
9018	23
9019	23
9020	23
9021	23
9022	23
9023	23
9024	23
9025	23
9026	23
9027	23
9028	23
9029	23
9030	23
9031	23
9032	23
9033	23
9034	23
9035	23
9036	23
9037	23
9038	23
9039	23
9040	23
9041	23
9042	23
9043	23
9044	23
9045	23
9046	23
9047	23
9048	23
9049	23
9050	23
9051	23
9052	23
9053	23
9054	23
9055	23
9056	23
9057	23
9058	23
9059	23
9060	23
9061	23
9062	23
9063	23
9064	23
9065	23
9066	23
9067	23
9068	23
9069	23
9070	23
9071	23
9072	23
9073	23
9074	23
9075	23
9076	23
9077	23
9078	23
9079	23
9080	23
9081	23
9082	23
9083	23
9084	23
9085	23
9086	23
9087	23
9088	23
9089	23
9090	23
9091	23
9092	23
9093	23
9094	23
9095	23
9096	23
9097	23
9098	23
9099	23
9100	23
9101	23
9102	23
9103	23
9104	23
9105	23
9106	23
9107	23
9108	23
9109	23
9110	23
9111	23
9112	23
9113	23
9114	23
9115	23
9116	23
9117	23
9118	23
9119	23
9120	23
9121	23
9122	23
9123	23
9124	23
9125	23
9126	23
9127	23
9128	23
9129	23
9130	23
9131	23
9132	23
9133	23
9134	23
9135	23
9136	23
9137	23
9138	23
9139	23
9140	23
9141	23
9142	23
9143	23
9144	23
9145	23
9146	23
9147	23
9148	23
9149	23
9150	23
9151	23
9152	23
9153	23
9154	23
9155	23
9156	23
9157	23
9158	23
9159	23
9160	23
9161	23
9162	23
9163	23
9164	23
9165	23
9166	23
9167	23
9168	23
9169	23
9170	23
9171	23
9172	23
9173	23
9174	23
9175	23
9176	23
9177	23
9178	23
9179	23
9180	23
9181	23
9182	23
9183	23
9184	23
9185	23
9186	23
9187	23
9188	23
9189	23
9190	23
9191	23
9192	23
9193	23
9194	23
9195	23
9196	23
9197	23
9198	23
9199	23
9200	23
9201	23
9202	23
9203	23
9204	23
9205	23
9206	23
9207	23
9208	23
9209	23
9210	23
9211	23
9212	23
9213	23
9214	23
9215	23
9216	23
9217	23
9218	23
9219	23
9220	23
9221	23
9222	23
9223	23
9224	23
9225	23
9226	23
9227	23
9228	23
9229	23
9230	23
9231	23
9232	23
9233	23
9234	23
9235	23
9236	23
9237	23
9238	23
9239	23
9240	23
9241	23
9242	23
9243	23
9244	23
9245	23
9246	23
9247	23
9248	23
9249	23
9250	23
9251	23
9252	23
9253	23
9254	23
9255	23
9256	23
9257	23
9258	23
9259	23
9260	23
9261	23
9262	23
9263	23
9264	23
9265	23
9266	23
9267	23
9268	23
9269	23
9270	23
9271	23
9272	23
9273	23
9274	23
9275	23
9276	23
9277	23
9278	23
9279	23
9280	24
9281	24
9282	24
9283	24
9284	24
9285	24
9286	24
9287	24
9288	24
9289	24
9290	24
9291	24
9292	24
9293	24
9294	24
9295	24
9296	24
9297	24
9298	24
9299	24
9300	24
9301	24
9302	24
9303	24
9304	24
9305	24
9306	24
9307	24
9308	24
9309	24
9310	24
9311	24
9312	24
9313	24
9314	24
9315	24
9316	24
9317	24
9318	24
9319	24
9320	24
9321	24
9322	24
9323	24
9324	24
9325	24
9326	24
9327	24
9328	24
9329	24
9330	24
9331	24
9332	24
9333	24
9334	24
9335	24
9336	24
9337	24
9338	24
9339	24
9340	24
9341	24
9342	24
9343	24
9344	24
9345	24
9346	24
9347	24
9348	24
9349	24
9350	24
9351	24
9352	24
9353	24
9354	24
9355	24
9356	24
9357	24
9358	24
9359	24
9360	24
9361	24
9362	24
9363	24
9364	24
9365	24
9366	24
9367	24
9368	24
9369	24
9370	24
9371	24
9372	24
9373	24
9374	24
9375	24
9376	24
9377	24
9378	24
9379	24
9380	24
9381	24
9382	24
9383	24
9384	24
9385	24
9386	24
9387	24
9388	24
9389	24
9390	24
9391	24
9392	24
9393	24
9394	24
9395	24
9396	24
9397	24
9398	24
9399	24
9400	24
9401	24
9402	24
9403	24
9404	24
9405	24
9406	24
9407	24
9408	24
9409	24
9410	24
9411	24
9412	24
9413	24
9414	24
9415	24
9416	24
9417	24
9418	24
9419	24
9420	24
9421	24
9422	24
9423	24
9424	24
9425	24
9426	24
9427	24
9428	24
9429	24
9430	24
9431	24
9432	24
9433	24
9434	24
9435	24
9436	24
9437	24
9438	24
9439	24
9440	24
9441	24
9442	24
9443	24
9444	24
9445	24
9446	24
9447	24
9448	24
9449	24
9450	24
9451	24
9452	24
9453	24
9454	24
9455	24
9456	24
9457	24
9458	24
9459	24
9460	24
9461	24
9462	24
9463	24
9464	24
9465	24
9466	24
9467	24
9468	24
9469	24
9470	24
9471	24
9472	24
9473	24
9474	24
9475	24
9476	24
9477	24
9478	24
9479	24
9480	24
9481	24
9482	24
9483	24
9484	24
9485	24
9486	24
9487	24
9488	24
9489	24
9490	24
9491	24
9492	24
9493	24
9494	24
9495	24
9496	24
9497	24
9498	24
9499	24
9500	24
9501	24
9502	24
9503	24
9504	24
9505	24
9506	24
9507	24
9508	24
9509	24
9510	24
9511	24
9512	24
9513	24
9514	24
9515	24
9516	24
9517	24
9518	24
9519	24
9520	24
9521	24
9522	24
9523	24
9524	24
9525	24
9526	24
9527	24
9528	24
9529	24
9530	24
9531	24
9532	24
9533	24
9534	24
9535	24
9536	24
9537	24
9538	24
9539	24
9540	24
9541	24
9542	24
9543	24
9544	24
9545	24
9546	24
9547	24
9548	24
9549	24
9550	24
9551	24
9552	24
9553	24
9554	24
9555	24
9556	24
9557	24
9558	24
9559	24
9560	24
9561	24
9562	24
9563	24
9564	24
9565	24
9566	24
9567	24
9568	24
9569	24
9570	24
9571	24
9572	24
9573	24
9574	24
9575	24
9576	24
9577	24
9578	24
9579	24
9580	24
9581	24
9582	24
9583	24
9584	24
9585	24
9586	24
9587	24
9588	24
9589	24
9590	24
9591	24
9592	24
9593	24
9594	24
9595	24
9596	24
9597	24
9598	24
9599	24
9600	24
9601	24
9602	24
9603	24
9604	24
9605	24
9606	24
9607	24
9608	24
9609	24
9610	24
9611	24
9612	24
9613	24
9614	24
9615	24
9616	24
9617	24
9618	24
9619	24
9620	24
9621	24
9622	24
9623	24
9624	24
9625	24
9626	24
9627	24
9628	24
9629	24
9630	24
9631	24
9632	24
9633	24
9634	24
9635	24
9636	24
9637	24
9638	24
9639	24
9640	24
9641	24
9642	24
9643	24
9644	24
9645	24
9646	24
9647	24
9648	24
9649	24
9650	24
9651	24
9652	24
9653	24
9654	24
9655	24
9656	24
9657	24
9658	24
9659	24
9660	24
9661	24
9662	24
9663	24
9664	24
9665	24
9666	24
9667	24
9668	24
9669	24
9670	24
9671	24
9672	24
9673	24
9674	24
9675	24
9676	24
9677	24
9678	24
9679	24
9680	24
9681	24
9682	24
9683	24
9684	24
9685	24
9686	24
9687	24
9688	24
9689	24
9690	24
9691	24
9692	24
9693	24
9694	24
9695	24
9696	24
9697	24
9698	24
9699	24
9700	24
9701	24
9702	24
9703	24
9704	24
9705	24
9706	24
9707	24
9708	24
9709	24
9710	24
9711	24
9712	24
9713	24
9714	24
9715	24
9716	24
9717	24
9718	24
9719	24
9720	24
9721	24
9722	24
9723	24
9724	24
9725	24
9726	24
9727	24
9728	24
9729	24
9730	24
9731	24
9732	24
9733	24
9734	24
9735	24
9736	24
9737	24
9738	24
9739	24
9740	24
9741	24
9742	24
9743	24
9744	24
9745	24
9746	24
9747	24
9748	24
9749	24
9750	24
9751	24
9752	24
9753	24
9754	24
9755	24
9756	24
9757	24
9758	24
9759	24
9760	24
9761	24
9762	24
9763	24
9764	24
9765	24
9766	24
9767	24
9768	24
9769	24
9770	24
9771	24
9772	24
9773	24
9774	24
9775	24
9776	24
9777	24
9778	24
9779	24
9780	24
9781	24
9782	24
9783	24
9784	24
9785	24
9786	24
9787	24
9788	24
9789	24
9790	24
9791	24
9792	24
9793	24
9794	24
9795	24
9796	24
9797	24
9798	24
9799	24
9800	24
9801	24
9802	24
9803	24
9804	24
9805	24
9806	24
9807	24
9808	24
9809	24
9810	24
9811	24
9812	24
9813	24
9814	24
9815	24
9816	24
9817	24
9818	24
9819	24
9820	24
9821	24
9822	24
9823	24
9824	24
9825	24
9826	24
9827	24
9828	24
9829	24
9830	24
9831	24
9832	24
9833	24
9834	24
9835	24
9836	24
9837	24
9838	24
9839	24
9840	24
9841	24
9842	24
9843	24
9844	24
9845	24
9846	24
9847	24
9848	24
9849	24
9850	24
9851	24
9852	24
9853	24
9854	24
9855	24
9856	24
9857	24
9858	24
9859	24
9860	24
9861	24
9862	24
9863	24
9864	24
9865	24
9866	24
9867	24
9868	24
9869	24
9870	24
9871	24
9872	24
9873	24
9874	24
9875	24
9876	24
9877	24
9878	24
9879	24
9880	24
9881	24
9882	24
9883	24
9884	24
9885	24
9886	24
9887	24
9888	24
9889	24
9890	24
9891	24
9892	24
9893	24
9894	24
9895	24
9896	24
9897	24
9898	24
9899	24
9900	24
9901	24
9902	24
9903	24
9904	24
9905	24
9906	24
9907	24
9908	24
9909	24
9910	24
9911	24
9912	24
9913	24
9914	24
9915	24
9916	24
9917	24
9918	24
9919	24
9920	24
9921	24
9922	24
9923	24
9924	24
9925	24
9926	24
9927	24
9928	24
9929	24
9930	24
9931	24
9932	24
9933	24
9934	24
9935	24
9936	24
9937	24
9938	24
9939	24
9940	24
9941	24
9942	24
9943	24
9944	24
9945	24
9946	24
9947	24
9948	24
9949	24
9950	24
9951	24
9952	24
9953	24
9954	24
9955	24
9956	24
9957	24
9958	24
9959	24
9960	24
9961	24
9962	24
9963	24
9964	24
9965	24
9966	24
9967	24
9968	24
9969	24
9970	24
9971	24
9972	24
9973	24
9974	24
9975	24
9976	24
9977	24
9978	24
9979	24
9980	24
9981	24
9982	24
9983	24
9984	24
9985	24
9986	24
9987	24
9988	24
9989	24
9990	24
9991	24
9992	24
9993	24
9994	24
9995	24
9996	24
9997	24
9998	24
9999	24
10000	24
