#Clock	ItemsCollected
1	0
2	0
3	0
4	0
5	0
6	0
7	0
8	0
9	0
10	0
11	0
12	0
13	0
14	0
15	0
16	0
17	0
18	0
19	0
20	0
21	0
22	0
23	0
24	0
25	0
26	0
27	0
28	0
29	0
30	0
31	0
32	0
33	0
34	0
35	0
36	0
37	0
38	0
39	0
40	0
41	0
42	0
43	0
44	0
45	0
46	0
47	0
48	0
49	0
50	0
51	0
52	0
53	0
54	0
55	0
56	0
57	0
58	0
59	0
60	0
61	0
62	0
63	0
64	0
65	0
66	0
67	0
68	0
69	0
70	0
71	0
72	0
73	0
74	0
75	0
76	0
77	0
78	0
79	0
80	0
81	0
82	0
83	0
84	0
85	0
86	0
87	0
88	0
89	0
90	0
91	0
92	0
93	0
94	0
95	0
96	0
97	0
98	0
99	0
100	0
101	0
102	0
103	0
104	0
105	0
106	0
107	0
108	0
109	0
110	0
111	0
112	0
113	0
114	0
115	0
116	0
117	0
118	0
119	0
120	0
121	0
122	0
123	0
124	0
125	0
126	0
127	0
128	0
129	0
130	0
131	0
132	0
133	0
134	0
135	0
136	0
137	0
138	0
139	0
140	0
141	0
142	0
143	0
144	0
145	0
146	0
147	0
148	0
149	0
150	0
151	0
152	0
153	0
154	0
155	0
156	0
157	0
158	0
159	0
160	0
161	0
162	0
163	0
164	0
165	0
166	0
167	0
168	0
169	0
170	0
171	0
172	0
173	0
174	0
175	0
176	0
177	0
178	0
179	0
180	0
181	0
182	0
183	0
184	0
185	0
186	0
187	0
188	0
189	0
190	0
191	0
192	0
193	0
194	0
195	0
196	0
197	0
198	0
199	0
200	0
201	0
202	0
203	0
204	0
205	0
206	0
207	0
208	0
209	0
210	0
211	0
212	0
213	0
214	0
215	0
216	0
217	0
218	0
219	0
220	0
221	0
222	0
223	0
224	0
225	0
226	0
227	0
228	0
229	0
230	0
231	0
232	0
233	0
234	0
235	0
236	0
237	0
238	0
239	0
240	0
241	0
242	0
243	0
244	0
245	0
246	0
247	0
248	0
249	0
250	0
251	0
252	0
253	0
254	0
255	0
256	0
257	0
258	0
259	0
260	0
261	0
262	0
263	0
264	0
265	0
266	0
267	0
268	0
269	0
270	0
271	0
272	0
273	0
274	0
275	0
276	0
277	0
278	0
279	0
280	0
281	0
282	0
283	0
284	0
285	0
286	0
287	0
288	0
289	0
290	0
291	0
292	0
293	0
294	0
295	0
296	0
297	0
298	0
299	0
300	0
301	0
302	0
303	0
304	0
305	0
306	0
307	0
308	0
309	0
310	0
311	0
312	0
313	0
314	0
315	0
316	0
317	0
318	0
319	0
320	0
321	0
322	0
323	0
324	0
325	0
326	0
327	0
328	0
329	0
330	0
331	0
332	0
333	0
334	0
335	0
336	0
337	0
338	0
339	0
340	0
341	0
342	0
343	0
344	0
345	0
346	0
347	0
348	0
349	0
350	0
351	0
352	0
353	0
354	0
355	0
356	0
357	0
358	0
359	0
360	0
361	0
362	0
363	0
364	0
365	0
366	0
367	0
368	0
369	0
370	0
371	0
372	0
373	0
374	0
375	0
376	0
377	0
378	0
379	0
380	0
381	0
382	0
383	0
384	0
385	0
386	0
387	0
388	0
389	0
390	0
391	0
392	0
393	0
394	0
395	0
396	0
397	0
398	0
399	0
400	0
401	0
402	0
403	0
404	0
405	0
406	0
407	0
408	0
409	0
410	0
411	0
412	0
413	0
414	0
415	0
416	0
417	0
418	0
419	0
420	0
421	0
422	0
423	0
424	0
425	0
426	0
427	0
428	0
429	0
430	0
431	0
432	0
433	0
434	0
435	0
436	0
437	0
438	0
439	0
440	0
441	0
442	0
443	0
444	0
445	0
446	0
447	0
448	0
449	0
450	0
451	0
452	0
453	0
454	0
455	0
456	0
457	0
458	0
459	0
460	0
461	0
462	0
463	0
464	0
465	0
466	0
467	0
468	0
469	0
470	0
471	0
472	0
473	0
474	0
475	0
476	0
477	0
478	0
479	0
480	0
481	0
482	0
483	0
484	0
485	0
486	0
487	0
488	0
489	0
490	0
491	0
492	0
493	0
494	0
495	0
496	0
497	0
498	0
499	0
500	0
501	0
502	0
503	0
504	0
505	0
506	0
507	0
508	0
509	0
510	0
511	0
512	0
513	0
514	0
515	0
516	0
517	0
518	0
519	0
520	0
521	0
522	0
523	0
524	0
525	0
526	0
527	0
528	0
529	0
530	0
531	0
532	0
533	0
534	0
535	0
536	0
537	0
538	0
539	0
540	0
541	0
542	0
543	0
544	0
545	0
546	0
547	0
548	0
549	0
550	0
551	0
552	0
553	0
554	0
555	0
556	0
557	0
558	0
559	0
560	0
561	0
562	0
563	0
564	0
565	0
566	0
567	0
568	0
569	0
570	0
571	0
572	0
573	0
574	0
575	0
576	0
577	0
578	0
579	0
580	0
581	0
582	0
583	0
584	0
585	0
586	0
587	0
588	0
589	0
590	0
591	0
592	0
593	0
594	0
595	0
596	0
597	0
598	0
599	0
600	0
601	0
602	0
603	0
604	0
605	0
606	0
607	0
608	0
609	0
610	0
611	0
612	0
613	0
614	0
615	0
616	0
617	0
618	0
619	0
620	0
621	0
622	0
623	0
624	0
625	0
626	0
627	0
628	0
629	0
630	0
631	0
632	0
633	0
634	0
635	0
636	0
637	0
638	0
639	0
640	0
641	0
642	0
643	0
644	0
645	0
646	0
647	0
648	0
649	0
650	0
651	0
652	0
653	0
654	0
655	0
656	0
657	0
658	0
659	0
660	0
661	0
662	0
663	0
664	0
665	0
666	0
667	0
668	0
669	0
670	0
671	0
672	0
673	0
674	0
675	0
676	0
677	0
678	0
679	0
680	0
681	0
682	0
683	0
684	0
685	0
686	0
687	0
688	0
689	0
690	0
691	0
692	0
693	0
694	0
695	0
696	0
697	0
698	0
699	0
700	0
701	0
702	0
703	0
704	0
705	0
706	0
707	0
708	0
709	0
710	0
711	0
712	0
713	0
714	0
715	0
716	0
717	0
718	0
719	0
720	0
721	0
722	0
723	0
724	0
725	0
726	0
727	0
728	0
729	0
730	0
731	0
732	0
733	0
734	0
735	0
736	0
737	0
738	0
739	0
740	0
741	0
742	0
743	0
744	0
745	0
746	0
747	0
748	0
749	0
750	0
751	0
752	0
753	0
754	0
755	0
756	0
757	0
758	0
759	0
760	0
761	0
762	0
763	0
764	0
765	0
766	0
767	0
768	0
769	0
770	0
771	0
772	0
773	0
774	0
775	0
776	0
777	0
778	0
779	0
780	0
781	0
782	0
783	0
784	0
785	0
786	0
787	0
788	0
789	0
790	0
791	0
792	0
793	0
794	0
795	0
796	0
797	0
798	0
799	0
800	0
801	0
802	0
803	0
804	0
805	0
806	0
807	0
808	0
809	0
810	0
811	0
812	0
813	0
814	0
815	0
816	0
817	0
818	0
819	0
820	0
821	0
822	0
823	0
824	0
825	0
826	0
827	0
828	0
829	0
830	0
831	0
832	0
833	0
834	0
835	0
836	0
837	0
838	0
839	0
840	0
841	0
842	0
843	0
844	0
845	0
846	0
847	0
848	0
849	0
850	0
851	0
852	0
853	0
854	0
855	0
856	0
857	0
858	0
859	0
860	0
861	0
862	0
863	0
864	0
865	0
866	0
867	0
868	0
869	0
870	0
871	0
872	0
873	0
874	0
875	0
876	0
877	0
878	0
879	0
880	0
881	0
882	0
883	0
884	0
885	0
886	0
887	0
888	0
889	0
890	0
891	0
892	0
893	0
894	0
895	0
896	0
897	0
898	0
899	0
900	0
901	0
902	0
903	0
904	0
905	0
906	0
907	0
908	0
909	0
910	0
911	0
912	0
913	0
914	0
915	0
916	0
917	0
918	0
919	0
920	0
921	0
922	0
923	0
924	0
925	0
926	0
927	0
928	0
929	0
930	0
931	0
932	0
933	0
934	0
935	0
936	0
937	0
938	0
939	0
940	0
941	0
942	0
943	0
944	0
945	0
946	0
947	0
948	0
949	0
950	0
951	0
952	0
953	0
954	0
955	0
956	0
957	0
958	0
959	0
960	0
961	0
962	0
963	0
964	0
965	0
966	0
967	0
968	0
969	0
970	0
971	0
972	0
973	0
974	0
975	0
976	0
977	0
978	0
979	0
980	0
981	0
982	0
983	0
984	0
985	0
986	0
987	0
988	0
989	0
990	0
991	0
992	0
993	0
994	0
995	0
996	0
997	0
998	0
999	0
1000	0
1001	0
1002	0
1003	0
1004	0
1005	0
1006	0
1007	0
1008	0
1009	0
1010	0
1011	0
1012	0
1013	0
1014	0
1015	0
1016	0
1017	0
1018	0
1019	0
1020	0
1021	0
1022	0
1023	0
1024	0
1025	0
1026	0
1027	0
1028	0
1029	0
1030	0
1031	0
1032	0
1033	0
1034	0
1035	0
1036	0
1037	0
1038	0
1039	0
1040	0
1041	0
1042	0
1043	0
1044	0
1045	0
1046	0
1047	0
1048	0
1049	0
1050	0
1051	0
1052	0
1053	0
1054	0
1055	0
1056	0
1057	0
1058	0
1059	0
1060	0
1061	0
1062	0
1063	0
1064	0
1065	0
1066	0
1067	0
1068	0
1069	0
1070	0
1071	0
1072	0
1073	0
1074	0
1075	0
1076	0
1077	0
1078	0
1079	0
1080	0
1081	0
1082	0
1083	0
1084	0
1085	0
1086	0
1087	0
1088	0
1089	0
1090	0
1091	0
1092	0
1093	0
1094	0
1095	0
1096	0
1097	0
1098	0
1099	0
1100	0
1101	0
1102	0
1103	0
1104	0
1105	0
1106	0
1107	0
1108	0
1109	0
1110	0
1111	0
1112	0
1113	0
1114	0
1115	0
1116	0
1117	0
1118	0
1119	0
1120	0
1121	0
1122	0
1123	0
1124	0
1125	0
1126	0
1127	0
1128	0
1129	0
1130	0
1131	0
1132	0
1133	0
1134	0
1135	0
1136	0
1137	0
1138	0
1139	0
1140	0
1141	0
1142	0
1143	0
1144	0
1145	0
1146	0
1147	0
1148	0
1149	0
1150	0
1151	0
1152	0
1153	0
1154	0
1155	0
1156	0
1157	0
1158	0
1159	0
1160	0
1161	0
1162	0
1163	0
1164	0
1165	0
1166	0
1167	0
1168	0
1169	0
1170	0
1171	0
1172	0
1173	0
1174	0
1175	0
1176	0
1177	0
1178	0
1179	0
1180	0
1181	0
1182	0
1183	0
1184	0
1185	0
1186	0
1187	0
1188	0
1189	0
1190	0
1191	0
1192	0
1193	0
1194	0
1195	0
1196	0
1197	0
1198	0
1199	0
1200	0
1201	0
1202	0
1203	0
1204	0
1205	0
1206	0
1207	0
1208	0
1209	0
1210	0
1211	0
1212	0
1213	0
1214	0
1215	0
1216	0
1217	0
1218	0
1219	0
1220	0
1221	0
1222	0
1223	0
1224	0
1225	0
1226	0
1227	0
1228	0
1229	0
1230	0
1231	0
1232	0
1233	0
1234	0
1235	0
1236	0
1237	0
1238	0
1239	0
1240	0
1241	0
1242	0
1243	0
1244	0
1245	0
1246	0
1247	0
1248	0
1249	0
1250	0
1251	0
1252	0
1253	0
1254	0
1255	0
1256	0
1257	0
1258	0
1259	0
1260	0
1261	0
1262	0
1263	0
1264	0
1265	0
1266	0
1267	0
1268	0
1269	0
1270	0
1271	0
1272	0
1273	0
1274	0
1275	0
1276	0
1277	0
1278	0
1279	0
1280	0
1281	0
1282	0
1283	0
1284	0
1285	0
1286	0
1287	0
1288	0
1289	0
1290	0
1291	0
1292	0
1293	0
1294	0
1295	0
1296	0
1297	0
1298	0
1299	0
1300	0
1301	0
1302	0
1303	0
1304	0
1305	0
1306	0
1307	0
1308	0
1309	0
1310	0
1311	0
1312	0
1313	0
1314	0
1315	0
1316	0
1317	0
1318	0
1319	0
1320	0
1321	0
1322	0
1323	0
1324	0
1325	0
1326	0
1327	0
1328	0
1329	0
1330	0
1331	0
1332	0
1333	0
1334	0
1335	0
1336	0
1337	0
1338	0
1339	0
1340	0
1341	0
1342	0
1343	0
1344	0
1345	0
1346	0
1347	0
1348	0
1349	0
1350	0
1351	0
1352	0
1353	0
1354	0
1355	0
1356	0
1357	0
1358	0
1359	0
1360	0
1361	0
1362	0
1363	0
1364	0
1365	0
1366	0
1367	0
1368	0
1369	0
1370	0
1371	0
1372	0
1373	0
1374	0
1375	0
1376	0
1377	0
1378	0
1379	0
1380	0
1381	0
1382	0
1383	0
1384	0
1385	0
1386	0
1387	0
1388	0
1389	0
1390	0
1391	0
1392	0
1393	0
1394	0
1395	0
1396	0
1397	0
1398	0
1399	0
1400	0
1401	0
1402	0
1403	0
1404	0
1405	0
1406	0
1407	0
1408	0
1409	0
1410	0
1411	0
1412	0
1413	0
1414	0
1415	0
1416	0
1417	0
1418	0
1419	0
1420	0
1421	0
1422	0
1423	0
1424	0
1425	0
1426	0
1427	0
1428	0
1429	0
1430	0
1431	0
1432	0
1433	0
1434	0
1435	0
1436	0
1437	0
1438	0
1439	0
1440	0
1441	0
1442	0
1443	0
1444	0
1445	0
1446	0
1447	0
1448	0
1449	0
1450	0
1451	0
1452	0
1453	0
1454	0
1455	0
1456	0
1457	0
1458	0
1459	0
1460	0
1461	0
1462	0
1463	0
1464	0
1465	0
1466	0
1467	0
1468	0
1469	0
1470	0
1471	0
1472	0
1473	0
1474	0
1475	0
1476	0
1477	0
1478	0
1479	0
1480	0
1481	0
1482	0
1483	0
1484	0
1485	0
1486	0
1487	0
1488	0
1489	0
1490	0
1491	0
1492	0
1493	0
1494	0
1495	0
1496	0
1497	0
1498	0
1499	0
1500	0
1501	0
1502	0
1503	0
1504	0
1505	0
1506	0
1507	0
1508	0
1509	0
1510	0
1511	0
1512	0
1513	0
1514	0
1515	0
1516	0
1517	0
1518	0
1519	0
1520	0
1521	0
1522	0
1523	0
1524	0
1525	0
1526	0
1527	0
1528	0
1529	0
1530	0
1531	0
1532	0
1533	0
1534	0
1535	0
1536	0
1537	0
1538	0
1539	0
1540	0
1541	0
1542	0
1543	0
1544	0
1545	0
1546	0
1547	0
1548	0
1549	0
1550	0
1551	0
1552	0
1553	0
1554	0
1555	0
1556	0
1557	0
1558	0
1559	0
1560	0
1561	0
1562	0
1563	0
1564	0
1565	0
1566	0
1567	0
1568	0
1569	0
1570	0
1571	0
1572	0
1573	0
1574	0
1575	0
1576	0
1577	0
1578	0
1579	0
1580	0
1581	0
1582	0
1583	0
1584	0
1585	0
1586	0
1587	0
1588	0
1589	0
1590	0
1591	0
1592	0
1593	0
1594	0
1595	0
1596	0
1597	0
1598	0
1599	0
1600	0
1601	0
1602	0
1603	0
1604	0
1605	0
1606	0
1607	0
1608	0
1609	0
1610	0
1611	0
1612	0
1613	0
1614	0
1615	0
1616	0
1617	0
1618	0
1619	0
1620	0
1621	0
1622	0
1623	0
1624	0
1625	0
1626	0
1627	0
1628	0
1629	0
1630	0
1631	0
1632	0
1633	0
1634	0
1635	0
1636	0
1637	0
1638	0
1639	0
1640	0
1641	0
1642	0
1643	0
1644	0
1645	0
1646	0
1647	0
1648	0
1649	0
1650	0
1651	0
1652	0
1653	0
1654	0
1655	0
1656	0
1657	0
1658	0
1659	0
1660	0
1661	0
1662	0
1663	0
1664	0
1665	0
1666	0
1667	0
1668	0
1669	0
1670	0
1671	0
1672	0
1673	0
1674	0
1675	0
1676	0
1677	0
1678	0
1679	0
1680	0
1681	0
1682	0
1683	0
1684	0
1685	0
1686	0
1687	0
1688	0
1689	0
1690	0
1691	0
1692	0
1693	0
1694	0
1695	0
1696	0
1697	0
1698	0
1699	0
1700	0
1701	0
1702	0
1703	0
1704	0
1705	0
1706	0
1707	0
1708	0
1709	0
1710	0
1711	0
1712	0
1713	0
1714	0
1715	0
1716	0
1717	0
1718	0
1719	0
1720	0
1721	0
1722	0
1723	0
1724	0
1725	0
1726	0
1727	0
1728	0
1729	0
1730	0
1731	0
1732	0
1733	0
1734	0
1735	0
1736	0
1737	0
1738	0
1739	0
1740	0
1741	0
1742	0
1743	0
1744	0
1745	0
1746	0
1747	0
1748	0
1749	0
1750	0
1751	0
1752	0
1753	0
1754	0
1755	0
1756	0
1757	0
1758	0
1759	0
1760	0
1761	0
1762	0
1763	0
1764	0
1765	0
1766	0
1767	0
1768	0
1769	0
1770	0
1771	0
1772	0
1773	0
1774	0
1775	0
1776	0
1777	0
1778	0
1779	0
1780	0
1781	0
1782	0
1783	0
1784	0
1785	0
1786	0
1787	0
1788	0
1789	0
1790	0
1791	0
1792	0
1793	0
1794	0
1795	0
1796	0
1797	0
1798	0
1799	0
1800	0
1801	0
1802	0
1803	0
1804	0
1805	0
1806	0
1807	0
1808	0
1809	0
1810	0
1811	0
1812	0
1813	0
1814	0
1815	0
1816	0
1817	0
1818	0
1819	0
1820	0
1821	0
1822	0
1823	0
1824	0
1825	0
1826	0
1827	0
1828	0
1829	0
1830	0
1831	0
1832	0
1833	0
1834	0
1835	0
1836	0
1837	0
1838	0
1839	0
1840	0
1841	0
1842	0
1843	0
1844	0
1845	0
1846	0
1847	0
1848	0
1849	0
1850	0
1851	0
1852	0
1853	0
1854	0
1855	0
1856	0
1857	0
1858	0
1859	0
1860	0
1861	0
1862	0
1863	0
1864	0
1865	0
1866	0
1867	0
1868	0
1869	0
1870	0
1871	0
1872	0
1873	0
1874	0
1875	0
1876	0
1877	0
1878	0
1879	0
1880	0
1881	0
1882	0
1883	0
1884	0
1885	0
1886	0
1887	0
1888	0
1889	0
1890	0
1891	0
1892	0
1893	0
1894	0
1895	0
1896	0
1897	0
1898	0
1899	0
1900	0
1901	0
1902	0
1903	0
1904	0
1905	0
1906	0
1907	0
1908	0
1909	0
1910	0
1911	0
1912	0
1913	0
1914	0
1915	0
1916	0
1917	0
1918	0
1919	0
1920	0
1921	0
1922	0
1923	0
1924	0
1925	0
1926	0
1927	0
1928	0
1929	0
1930	0
1931	0
1932	0
1933	0
1934	0
1935	0
1936	0
1937	0
1938	0
1939	0
1940	0
1941	0
1942	0
1943	0
1944	0
1945	0
1946	0
1947	0
1948	0
1949	0
1950	0
1951	0
1952	0
1953	0
1954	0
1955	0
1956	0
1957	0
1958	0
1959	0
1960	0
1961	0
1962	0
1963	0
1964	0
1965	0
1966	0
1967	0
1968	0
1969	0
1970	0
1971	0
1972	0
1973	0
1974	0
1975	0
1976	0
1977	0
1978	0
1979	0
1980	0
1981	0
1982	0
1983	0
1984	0
1985	0
1986	0
1987	0
1988	0
1989	0
1990	0
1991	0
1992	0
1993	0
1994	0
1995	0
1996	0
1997	0
1998	0
1999	0
2000	0
2001	0
2002	0
2003	0
2004	0
2005	0
2006	0
2007	0
2008	0
2009	0
2010	0
2011	0
2012	0
2013	0
2014	0
2015	0
2016	0
2017	0
2018	0
2019	0
2020	0
2021	0
2022	0
2023	0
2024	0
2025	0
2026	0
2027	0
2028	0
2029	0
2030	0
2031	0
2032	0
2033	0
2034	0
2035	0
2036	0
2037	0
2038	0
2039	0
2040	0
2041	0
2042	0
2043	0
2044	0
2045	0
2046	0
2047	0
2048	0
2049	0
2050	0
2051	0
2052	0
2053	0
2054	0
2055	0
2056	0
2057	0
2058	0
2059	0
2060	0
2061	0
2062	0
2063	0
2064	0
2065	0
2066	0
2067	0
2068	0
2069	0
2070	0
2071	0
2072	0
2073	0
2074	0
2075	0
2076	0
2077	0
2078	0
2079	0
2080	0
2081	0
2082	0
2083	0
2084	0
2085	0
2086	1
2087	1
2088	1
2089	1
2090	1
2091	1
2092	1
2093	1
2094	1
2095	1
2096	1
2097	1
2098	1
2099	1
2100	1
2101	1
2102	1
2103	1
2104	1
2105	1
2106	1
2107	1
2108	1
2109	1
2110	1
2111	1
2112	1
2113	1
2114	1
2115	1
2116	1
2117	1
2118	1
2119	1
2120	1
2121	1
2122	1
2123	1
2124	1
2125	1
2126	1
2127	1
2128	1
2129	1
2130	1
2131	1
2132	1
2133	1
2134	1
2135	1
2136	1
2137	1
2138	1
2139	1
2140	1
2141	1
2142	1
2143	1
2144	1
2145	1
2146	1
2147	1
2148	1
2149	1
2150	1
2151	1
2152	1
2153	1
2154	1
2155	1
2156	1
2157	1
2158	1
2159	2
2160	2
2161	2
2162	2
2163	2
2164	2
2165	2
2166	2
2167	2
2168	2
2169	2
2170	2
2171	2
2172	2
2173	2
2174	2
2175	2
2176	2
2177	2
2178	2
2179	2
2180	2
2181	2
2182	2
2183	2
2184	2
2185	2
2186	2
2187	2
2188	2
2189	2
2190	2
2191	2
2192	2
2193	2
2194	2
2195	2
2196	2
2197	2
2198	2
2199	2
2200	2
2201	2
2202	2
2203	2
2204	2
2205	2
2206	2
2207	2
2208	2
2209	2
2210	2
2211	2
2212	2
2213	2
2214	2
2215	2
2216	2
2217	2
2218	2
2219	2
2220	2
2221	2
2222	2
2223	2
2224	2
2225	2
2226	2
2227	2
2228	2
2229	2
2230	2
2231	2
2232	2
2233	2
2234	2
2235	2
2236	2
2237	2
2238	2
2239	2
2240	2
2241	2
2242	2
2243	2
2244	2
2245	2
2246	2
2247	2
2248	2
2249	2
2250	2
2251	2
2252	2
2253	2
2254	2
2255	2
2256	2
2257	2
2258	2
2259	2
2260	2
2261	2
2262	2
2263	2
2264	2
2265	2
2266	2
2267	2
2268	2
2269	2
2270	2
2271	2
2272	2
2273	2
2274	2
2275	2
2276	2
2277	2
2278	2
2279	2
2280	2
2281	2
2282	2
2283	2
2284	2
2285	2
2286	2
2287	2
2288	2
2289	2
2290	2
2291	2
2292	2
2293	2
2294	2
2295	2
2296	2
2297	2
2298	2
2299	2
2300	2
2301	2
2302	2
2303	2
2304	2
2305	2
2306	2
2307	2
2308	2
2309	2
2310	2
2311	2
2312	2
2313	2
2314	2
2315	2
2316	2
2317	2
2318	2
2319	2
2320	2
2321	2
2322	2
2323	2
2324	2
2325	2
2326	2
2327	2
2328	2
2329	2
2330	2
2331	2
2332	2
2333	2
2334	2
2335	2
2336	2
2337	2
2338	2
2339	2
2340	2
2341	2
2342	2
2343	2
2344	2
2345	2
2346	2
2347	2
2348	2
2349	2
2350	2
2351	2
2352	2
2353	2
2354	2
2355	2
2356	2
2357	2
2358	2
2359	2
2360	2
2361	2
2362	2
2363	2
2364	2
2365	2
2366	2
2367	2
2368	2
2369	2
2370	2
2371	2
2372	2
2373	2
2374	2
2375	2
2376	2
2377	2
2378	2
2379	2
2380	2
2381	2
2382	2
2383	2
2384	2
2385	2
2386	2
2387	2
2388	2
2389	2
2390	2
2391	2
2392	2
2393	2
2394	2
2395	2
2396	2
2397	2
2398	2
2399	2
2400	2
2401	2
2402	2
2403	2
2404	2
2405	2
2406	2
2407	2
2408	2
2409	2
2410	2
2411	2
2412	2
2413	2
2414	2
2415	2
2416	2
2417	2
2418	2
2419	2
2420	2
2421	2
2422	2
2423	2
2424	2
2425	2
2426	2
2427	2
2428	2
2429	2
2430	2
2431	2
2432	2
2433	2
2434	2
2435	2
2436	2
2437	2
2438	2
2439	2
2440	2
2441	2
2442	2
2443	2
2444	2
2445	2
2446	2
2447	2
2448	2
2449	2
2450	2
2451	2
2452	2
2453	2
2454	2
2455	2
2456	2
2457	2
2458	2
2459	2
2460	2
2461	2
2462	2
2463	2
2464	2
2465	2
2466	2
2467	2
2468	2
2469	2
2470	2
2471	2
2472	2
2473	2
2474	2
2475	2
2476	2
2477	2
2478	2
2479	2
2480	2
2481	2
2482	2
2483	2
2484	2
2485	2
2486	2
2487	2
2488	2
2489	2
2490	2
2491	2
2492	2
2493	2
2494	2
2495	2
2496	2
2497	2
2498	2
2499	2
2500	2
2501	2
2502	2
2503	2
2504	2
2505	2
2506	2
2507	2
2508	2
2509	2
2510	2
2511	2
2512	2
2513	2
2514	2
2515	2
2516	2
2517	2
2518	2
2519	2
2520	2
2521	2
2522	2
2523	2
2524	2
2525	2
2526	2
2527	2
2528	2
2529	2
2530	2
2531	2
2532	2
2533	2
2534	2
2535	2
2536	2
2537	2
2538	2
2539	2
2540	2
2541	2
2542	2
2543	2
2544	2
2545	2
2546	2
2547	2
2548	2
2549	2
2550	2
2551	2
2552	2
2553	2
2554	2
2555	2
2556	2
2557	2
2558	2
2559	2
2560	2
2561	2
2562	2
2563	2
2564	2
2565	2
2566	2
2567	2
2568	2
2569	2
2570	2
2571	2
2572	2
2573	2
2574	2
2575	2
2576	2
2577	2
2578	2
2579	2
2580	2
2581	2
2582	2
2583	2
2584	2
2585	2
2586	2
2587	2
2588	2
2589	2
2590	2
2591	2
2592	2
2593	2
2594	2
2595	2
2596	2
2597	2
2598	2
2599	2
2600	2
2601	2
2602	2
2603	2
2604	2
2605	2
2606	2
2607	2
2608	2
2609	2
2610	2
2611	2
2612	2
2613	2
2614	2
2615	2
2616	2
2617	2
2618	2
2619	2
2620	2
2621	2
2622	2
2623	2
2624	2
2625	2
2626	2
2627	2
2628	2
2629	2
2630	2
2631	2
2632	2
2633	2
2634	2
2635	2
2636	2
2637	2
2638	2
2639	2
2640	2
2641	2
2642	2
2643	2
2644	2
2645	2
2646	2
2647	2
2648	2
2649	2
2650	2
2651	2
2652	2
2653	2
2654	2
2655	2
2656	2
2657	2
2658	2
2659	2
2660	2
2661	2
2662	2
2663	2
2664	2
2665	2
2666	2
2667	2
2668	2
2669	2
2670	2
2671	2
2672	2
2673	2
2674	2
2675	2
2676	2
2677	2
2678	2
2679	2
2680	2
2681	2
2682	2
2683	2
2684	2
2685	2
2686	2
2687	2
2688	2
2689	2
2690	2
2691	2
2692	2
2693	2
2694	2
2695	2
2696	2
2697	2
2698	2
2699	2
2700	2
2701	2
2702	2
2703	2
2704	2
2705	2
2706	2
2707	2
2708	2
2709	2
2710	2
2711	2
2712	2
2713	2
2714	2
2715	2
2716	2
2717	2
2718	2
2719	2
2720	2
2721	2
2722	2
2723	2
2724	2
2725	2
2726	2
2727	2
2728	2
2729	2
2730	2
2731	2
2732	2
2733	2
2734	2
2735	2
2736	2
2737	2
2738	2
2739	2
2740	2
2741	2
2742	2
2743	2
2744	2
2745	2
2746	2
2747	2
2748	2
2749	2
2750	2
2751	2
2752	2
2753	2
2754	2
2755	2
2756	2
2757	2
2758	2
2759	2
2760	2
2761	2
2762	2
2763	2
2764	2
2765	2
2766	2
2767	2
2768	2
2769	2
2770	2
2771	2
2772	2
2773	2
2774	2
2775	2
2776	2
2777	2
2778	2
2779	2
2780	2
2781	2
2782	2
2783	2
2784	2
2785	2
2786	2
2787	2
2788	2
2789	2
2790	2
2791	2
2792	2
2793	2
2794	2
2795	2
2796	2
2797	2
2798	2
2799	2
2800	2
2801	2
2802	2
2803	2
2804	2
2805	2
2806	2
2807	2
2808	2
2809	2
2810	2
2811	2
2812	2
2813	2
2814	2
2815	2
2816	2
2817	2
2818	2
2819	2
2820	2
2821	2
2822	2
2823	2
2824	2
2825	2
2826	2
2827	2
2828	2
2829	2
2830	2
2831	2
2832	2
2833	2
2834	2
2835	2
2836	2
2837	2
2838	2
2839	2
2840	2
2841	2
2842	2
2843	2
2844	2
2845	2
2846	2
2847	2
2848	2
2849	2
2850	2
2851	2
2852	2
2853	2
2854	2
2855	2
2856	2
2857	2
2858	2
2859	2
2860	2
2861	2
2862	2
2863	2
2864	2
2865	2
2866	2
2867	3
2868	3
2869	3
2870	3
2871	3
2872	3
2873	3
2874	3
2875	3
2876	3
2877	3
2878	3
2879	3
2880	3
2881	3
2882	3
2883	3
2884	3
2885	3
2886	3
2887	3
2888	3
2889	3
2890	3
2891	3
2892	3
2893	3
2894	3
2895	3
2896	3
2897	3
2898	3
2899	3
2900	3
2901	3
2902	3
2903	3
2904	3
2905	3
2906	3
2907	3
2908	3
2909	3
2910	3
2911	3
2912	3
2913	3
2914	3
2915	3
2916	3
2917	3
2918	3
2919	3
2920	3
2921	3
2922	3
2923	3
2924	3
2925	3
2926	3
2927	3
2928	3
2929	3
2930	3
2931	3
2932	3
2933	3
2934	3
2935	3
2936	3
2937	3
2938	3
2939	3
2940	3
2941	3
2942	3
2943	3
2944	3
2945	3
2946	3
2947	3
2948	3
2949	3
2950	3
2951	3
2952	3
2953	3
2954	3
2955	3
2956	3
2957	3
2958	3
2959	3
2960	3
2961	3
2962	3
2963	3
2964	3
2965	3
2966	3
2967	3
2968	3
2969	3
2970	3
2971	3
2972	3
2973	3
2974	3
2975	3
2976	3
2977	3
2978	3
2979	3
2980	3
2981	3
2982	3
2983	3
2984	3
2985	3
2986	3
2987	3
2988	3
2989	3
2990	3
2991	3
2992	3
2993	3
2994	3
2995	3
2996	3
2997	3
2998	3
2999	3
3000	3
3001	3
3002	3
3003	3
3004	3
3005	3
3006	3
3007	3
3008	3
3009	3
3010	3
3011	3
3012	3
3013	3
3014	3
3015	3
3016	3
3017	3
3018	3
3019	3
3020	3
3021	3
3022	3
3023	3
3024	3
3025	3
3026	3
3027	3
3028	3
3029	3
3030	3
3031	3
3032	3
3033	3
3034	3
3035	3
3036	3
3037	3
3038	3
3039	3
3040	3
3041	3
3042	3
3043	3
3044	3
3045	3
3046	3
3047	3
3048	3
3049	3
3050	3
3051	3
3052	3
3053	3
3054	3
3055	3
3056	3
3057	3
3058	3
3059	3
3060	3
3061	3
3062	3
3063	3
3064	3
3065	3
3066	3
3067	3
3068	3
3069	3
3070	3
3071	3
3072	3
3073	3
3074	3
3075	3
3076	3
3077	3
3078	3
3079	3
3080	3
3081	3
3082	3
3083	3
3084	3
3085	3
3086	3
3087	3
3088	3
3089	3
3090	3
3091	3
3092	3
3093	3
3094	3
3095	3
3096	3
3097	3
3098	3
3099	3
3100	3
3101	3
3102	3
3103	3
3104	3
3105	3
3106	3
3107	3
3108	3
3109	3
3110	3
3111	3
3112	3
3113	3
3114	3
3115	3
3116	3
3117	3
3118	3
3119	3
3120	3
3121	3
3122	3
3123	3
3124	3
3125	3
3126	3
3127	3
3128	3
3129	3
3130	3
3131	3
3132	3
3133	3
3134	3
3135	3
3136	3
3137	3
3138	3
3139	3
3140	3
3141	3
3142	3
3143	3
3144	3
3145	3
3146	3
3147	3
3148	3
3149	3
3150	3
3151	3
3152	3
3153	3
3154	3
3155	3
3156	3
3157	3
3158	3
3159	3
3160	3
3161	3
3162	3
3163	3
3164	3
3165	3
3166	3
3167	3
3168	3
3169	3
3170	3
3171	3
3172	3
3173	3
3174	3
3175	3
3176	3
3177	3
3178	3
3179	3
3180	3
3181	3
3182	3
3183	3
3184	3
3185	3
3186	3
3187	3
3188	3
3189	3
3190	3
3191	3
3192	3
3193	3
3194	3
3195	3
3196	3
3197	3
3198	3
3199	3
3200	3
3201	3
3202	3
3203	3
3204	3
3205	3
3206	3
3207	3
3208	3
3209	3
3210	3
3211	3
3212	3
3213	3
3214	3
3215	3
3216	3
3217	3
3218	3
3219	3
3220	3
3221	3
3222	3
3223	3
3224	3
3225	3
3226	3
3227	3
3228	3
3229	3
3230	3
3231	3
3232	3
3233	3
3234	3
3235	3
3236	3
3237	3
3238	3
3239	3
3240	3
3241	3
3242	3
3243	3
3244	3
3245	3
3246	3
3247	3
3248	3
3249	3
3250	3
3251	3
3252	3
3253	3
3254	3
3255	3
3256	3
3257	3
3258	3
3259	3
3260	3
3261	3
3262	3
3263	3
3264	3
3265	3
3266	3
3267	3
3268	3
3269	3
3270	3
3271	3
3272	3
3273	3
3274	3
3275	3
3276	3
3277	3
3278	3
3279	3
3280	3
3281	3
3282	3
3283	3
3284	3
3285	3
3286	3
3287	3
3288	3
3289	4
3290	4
3291	4
3292	4
3293	4
3294	4
3295	4
3296	4
3297	4
3298	4
3299	4
3300	4
3301	4
3302	4
3303	4
3304	4
3305	4
3306	4
3307	5
3308	5
3309	5
3310	5
3311	5
3312	5
3313	5
3314	5
3315	5
3316	5
3317	5
3318	5
3319	5
3320	5
3321	5
3322	5
3323	5
3324	5
3325	5
3326	5
3327	5
3328	5
3329	5
3330	5
3331	5
3332	5
3333	5
3334	5
3335	5
3336	5
3337	5
3338	5
3339	5
3340	5
3341	5
3342	5
3343	5
3344	5
3345	5
3346	5
3347	5
3348	5
3349	5
3350	5
3351	5
3352	5
3353	5
3354	5
3355	5
3356	5
3357	5
3358	5
3359	5
3360	5
3361	5
3362	5
3363	5
3364	5
3365	5
3366	5
3367	5
3368	5
3369	5
3370	6
3371	6
3372	6
3373	6
3374	6
3375	6
3376	6
3377	6
3378	6
3379	6
3380	6
3381	6
3382	6
3383	6
3384	6
3385	6
3386	6
3387	6
3388	6
3389	6
3390	6
3391	6
3392	6
3393	6
3394	6
3395	6
3396	6
3397	6
3398	6
3399	6
3400	6
3401	6
3402	6
3403	6
3404	6
3405	6
3406	6
3407	6
3408	6
3409	6
3410	6
3411	6
3412	6
3413	6
3414	6
3415	6
3416	6
3417	6
3418	6
3419	6
3420	6
3421	6
3422	6
3423	6
3424	6
3425	6
3426	6
3427	6
3428	6
3429	6
3430	6
3431	6
3432	6
3433	6
3434	6
3435	6
3436	6
3437	6
3438	6
3439	6
3440	6
3441	6
3442	6
3443	6
3444	6
3445	6
3446	6
3447	6
3448	6
3449	6
3450	6
3451	6
3452	6
3453	6
3454	6
3455	6
3456	6
3457	6
3458	6
3459	6
3460	6
3461	6
3462	6
3463	6
3464	6
3465	6
3466	6
3467	6
3468	6
3469	6
3470	6
3471	6
3472	6
3473	6
3474	6
3475	6
3476	6
3477	6
3478	6
3479	6
3480	6
3481	6
3482	6
3483	6
3484	6
3485	6
3486	6
3487	6
3488	6
3489	6
3490	6
3491	6
3492	6
3493	6
3494	6
3495	6
3496	6
3497	6
3498	6
3499	6
3500	6
3501	6
3502	6
3503	6
3504	6
3505	6
3506	6
3507	6
3508	6
3509	6
3510	6
3511	6
3512	6
3513	6
3514	6
3515	6
3516	6
3517	6
3518	6
3519	6
3520	6
3521	6
3522	6
3523	6
3524	6
3525	6
3526	6
3527	6
3528	6
3529	6
3530	6
3531	6
3532	6
3533	6
3534	6
3535	6
3536	6
3537	6
3538	6
3539	6
3540	6
3541	6
3542	6
3543	6
3544	6
3545	6
3546	6
3547	6
3548	6
3549	6
3550	6
3551	6
3552	6
3553	6
3554	6
3555	6
3556	6
3557	6
3558	6
3559	6
3560	6
3561	6
3562	6
3563	6
3564	6
3565	6
3566	6
3567	6
3568	6
3569	6
3570	6
3571	6
3572	6
3573	6
3574	6
3575	6
3576	6
3577	6
3578	6
3579	6
3580	6
3581	6
3582	6
3583	6
3584	6
3585	6
3586	6
3587	6
3588	6
3589	6
3590	6
3591	6
3592	6
3593	6
3594	6
3595	6
3596	6
3597	6
3598	6
3599	6
3600	6
3601	6
3602	6
3603	6
3604	6
3605	6
3606	6
3607	6
3608	6
3609	6
3610	6
3611	6
3612	6
3613	6
3614	6
3615	6
3616	6
3617	6
3618	6
3619	6
3620	6
3621	6
3622	6
3623	6
3624	6
3625	6
3626	6
3627	6
3628	6
3629	6
3630	6
3631	6
3632	6
3633	6
3634	6
3635	6
3636	6
3637	6
3638	6
3639	6
3640	6
3641	6
3642	6
3643	6
3644	6
3645	6
3646	6
3647	6
3648	6
3649	6
3650	6
3651	6
3652	6
3653	6
3654	6
3655	6
3656	6
3657	6
3658	6
3659	6
3660	6
3661	6
3662	6
3663	6
3664	6
3665	6
3666	6
3667	6
3668	6
3669	6
3670	6
3671	6
3672	6
3673	6
3674	6
3675	6
3676	6
3677	6
3678	6
3679	6
3680	6
3681	6
3682	6
3683	6
3684	6
3685	6
3686	6
3687	6
3688	6
3689	6
3690	6
3691	6
3692	6
3693	6
3694	6
3695	6
3696	6
3697	6
3698	6
3699	6
3700	6
3701	6
3702	6
3703	6
3704	6
3705	6
3706	6
3707	6
3708	6
3709	6
3710	6
3711	6
3712	6
3713	6
3714	6
3715	6
3716	6
3717	6
3718	6
3719	6
3720	6
3721	6
3722	6
3723	6
3724	6
3725	6
3726	6
3727	6
3728	6
3729	6
3730	6
3731	6
3732	6
3733	6
3734	6
3735	6
3736	6
3737	6
3738	6
3739	6
3740	6
3741	6
3742	6
3743	6
3744	6
3745	6
3746	6
3747	6
3748	6
3749	6
3750	6
3751	6
3752	6
3753	6
3754	6
3755	6
3756	6
3757	6
3758	6
3759	6
3760	6
3761	6
3762	7
3763	7
3764	7
3765	7
3766	7
3767	7
3768	7
3769	7
3770	7
3771	7
3772	7
3773	7
3774	7
3775	7
3776	7
3777	7
3778	7
3779	7
3780	7
3781	7
3782	7
3783	7
3784	7
3785	7
3786	7
3787	7
3788	7
3789	7
3790	7
3791	7
3792	7
3793	7
3794	7
3795	7
3796	7
3797	7
3798	7
3799	7
3800	7
3801	7
3802	7
3803	7
3804	7
3805	7
3806	7
3807	7
3808	7
3809	7
3810	7
3811	7
3812	7
3813	7
3814	7
3815	7
3816	7
3817	7
3818	7
3819	7
3820	7
3821	7
3822	7
3823	7
3824	7
3825	7
3826	7
3827	7
3828	7
3829	7
3830	7
3831	7
3832	7
3833	7
3834	7
3835	7
3836	7
3837	7
3838	7
3839	7
3840	7
3841	7
3842	7
3843	7
3844	7
3845	7
3846	7
3847	7
3848	7
3849	7
3850	7
3851	7
3852	7
3853	7
3854	7
3855	7
3856	7
3857	7
3858	7
3859	7
3860	7
3861	7
3862	7
3863	7
3864	7
3865	7
3866	7
3867	7
3868	7
3869	7
3870	7
3871	7
3872	7
3873	7
3874	7
3875	7
3876	7
3877	7
3878	7
3879	7
3880	7
3881	7
3882	7
3883	7
3884	7
3885	7
3886	7
3887	7
3888	7
3889	7
3890	7
3891	7
3892	7
3893	7
3894	7
3895	7
3896	7
3897	7
3898	7
3899	7
3900	7
3901	7
3902	7
3903	7
3904	7
3905	7
3906	7
3907	7
3908	7
3909	7
3910	7
3911	7
3912	7
3913	7
3914	7
3915	7
3916	7
3917	7
3918	7
3919	7
3920	7
3921	7
3922	7
3923	7
3924	7
3925	7
3926	7
3927	7
3928	7
3929	7
3930	7
3931	7
3932	7
3933	7
3934	7
3935	7
3936	7
3937	7
3938	7
3939	7
3940	7
3941	7
3942	7
3943	7
3944	7
3945	7
3946	7
3947	7
3948	7
3949	7
3950	7
3951	7
3952	7
3953	7
3954	7
3955	7
3956	7
3957	7
3958	7
3959	7
3960	7
3961	7
3962	7
3963	7
3964	7
3965	7
3966	7
3967	7
3968	7
3969	7
3970	7
3971	7
3972	7
3973	7
3974	7
3975	7
3976	7
3977	7
3978	7
3979	7
3980	7
3981	7
3982	7
3983	7
3984	7
3985	7
3986	7
3987	7
3988	7
3989	7
3990	7
3991	7
3992	7
3993	7
3994	7
3995	7
3996	7
3997	7
3998	7
3999	7
4000	7
4001	7
4002	7
4003	7
4004	7
4005	7
4006	7
4007	7
4008	7
4009	7
4010	7
4011	7
4012	7
4013	7
4014	7
4015	7
4016	7
4017	7
4018	7
4019	7
4020	7
4021	7
4022	7
4023	7
4024	7
4025	7
4026	7
4027	7
4028	7
4029	7
4030	7
4031	7
4032	7
4033	7
4034	7
4035	7
4036	7
4037	7
4038	7
4039	7
4040	7
4041	7
4042	7
4043	7
4044	7
4045	7
4046	7
4047	7
4048	7
4049	7
4050	7
4051	7
4052	7
4053	7
4054	7
4055	7
4056	7
4057	7
4058	7
4059	7
4060	7
4061	7
4062	7
4063	7
4064	7
4065	7
4066	7
4067	7
4068	7
4069	7
4070	7
4071	7
4072	7
4073	7
4074	7
4075	7
4076	7
4077	7
4078	7
4079	7
4080	7
4081	7
4082	7
4083	7
4084	7
4085	7
4086	7
4087	7
4088	7
4089	7
4090	7
4091	7
4092	7
4093	7
4094	7
4095	7
4096	7
4097	7
4098	7
4099	7
4100	7
4101	7
4102	7
4103	7
4104	7
4105	7
4106	7
4107	7
4108	7
4109	7
4110	7
4111	7
4112	7
4113	7
4114	7
4115	7
4116	7
4117	7
4118	7
4119	7
4120	7
4121	7
4122	7
4123	7
4124	7
4125	7
4126	7
4127	7
4128	7
4129	7
4130	7
4131	7
4132	7
4133	7
4134	7
4135	7
4136	7
4137	7
4138	7
4139	7
4140	7
4141	7
4142	7
4143	7
4144	7
4145	7
4146	7
4147	7
4148	7
4149	7
4150	7
4151	7
4152	7
4153	7
4154	7
4155	7
4156	7
4157	7
4158	7
4159	7
4160	7
4161	7
4162	7
4163	7
4164	7
4165	7
4166	7
4167	7
4168	7
4169	7
4170	7
4171	7
4172	7
4173	7
4174	7
4175	7
4176	7
4177	7
4178	7
4179	7
4180	7
4181	7
4182	7
4183	7
4184	7
4185	7
4186	7
4187	7
4188	7
4189	7
4190	7
4191	7
4192	7
4193	7
4194	7
4195	7
4196	7
4197	7
4198	7
4199	7
4200	7
4201	7
4202	7
4203	7
4204	7
4205	7
4206	7
4207	7
4208	7
4209	7
4210	7
4211	7
4212	7
4213	7
4214	7
4215	7
4216	7
4217	7
4218	7
4219	7
4220	7
4221	7
4222	7
4223	7
4224	7
4225	7
4226	7
4227	7
4228	7
4229	7
4230	7
4231	7
4232	7
4233	7
4234	7
4235	7
4236	7
4237	7
4238	7
4239	7
4240	7
4241	7
4242	7
4243	7
4244	7
4245	7
4246	7
4247	7
4248	7
4249	7
4250	7
4251	7
4252	7
4253	7
4254	7
4255	7
4256	7
4257	7
4258	7
4259	7
4260	7
4261	7
4262	7
4263	7
4264	7
4265	7
4266	7
4267	7
4268	7
4269	7
4270	7
4271	7
4272	7
4273	7
4274	7
4275	7
4276	7
4277	7
4278	7
4279	7
4280	7
4281	7
4282	7
4283	7
4284	7
4285	7
4286	7
4287	7
4288	7
4289	7
4290	7
4291	7
4292	7
4293	7
4294	7
4295	7
4296	7
4297	7
4298	7
4299	7
4300	7
4301	7
4302	7
4303	7
4304	7
4305	7
4306	7
4307	7
4308	8
4309	8
4310	8
4311	8
4312	8
4313	8
4314	8
4315	8
4316	8
4317	8
4318	8
4319	8
4320	8
4321	8
4322	8
4323	8
4324	8
4325	8
4326	8
4327	8
4328	8
4329	8
4330	8
4331	8
4332	8
4333	8
4334	8
4335	8
4336	8
4337	8
4338	8
4339	8
4340	8
4341	8
4342	8
4343	8
4344	8
4345	8
4346	8
4347	8
4348	8
4349	8
4350	8
4351	8
4352	8
4353	8
4354	8
4355	8
4356	8
4357	8
4358	8
4359	8
4360	8
4361	8
4362	8
4363	8
4364	8
4365	8
4366	8
4367	8
4368	8
4369	8
4370	8
4371	8
4372	8
4373	8
4374	8
4375	8
4376	8
4377	8
4378	8
4379	8
4380	8
4381	8
4382	8
4383	8
4384	8
4385	8
4386	8
4387	8
4388	8
4389	8
4390	8
4391	8
4392	8
4393	8
4394	8
4395	8
4396	8
4397	8
4398	8
4399	8
4400	8
4401	8
4402	8
4403	8
4404	8
4405	8
4406	8
4407	8
4408	8
4409	8
4410	8
4411	8
4412	8
4413	8
4414	8
4415	8
4416	8
4417	8
4418	8
4419	8
4420	8
4421	8
4422	8
4423	8
4424	8
4425	8
4426	8
4427	8
4428	8
4429	8
4430	8
4431	8
4432	8
4433	8
4434	8
4435	8
4436	8
4437	8
4438	8
4439	8
4440	8
4441	8
4442	8
4443	8
4444	8
4445	8
4446	8
4447	8
4448	8
4449	8
4450	8
4451	8
4452	8
4453	8
4454	8
4455	8
4456	8
4457	8
4458	8
4459	8
4460	8
4461	8
4462	8
4463	8
4464	8
4465	8
4466	8
4467	8
4468	8
4469	8
4470	8
4471	8
4472	8
4473	8
4474	8
4475	8
4476	8
4477	8
4478	8
4479	8
4480	8
4481	8
4482	8
4483	8
4484	8
4485	8
4486	8
4487	8
4488	8
4489	8
4490	8
4491	8
4492	8
4493	8
4494	8
4495	8
4496	8
4497	8
4498	8
4499	8
4500	8
4501	8
4502	8
4503	9
4504	9
4505	9
4506	9
4507	9
4508	9
4509	9
4510	9
4511	9
4512	9
4513	9
4514	9
4515	9
4516	10
4517	10
4518	10
4519	10
4520	10
4521	10
4522	10
4523	10
4524	10
4525	10
4526	10
4527	10
4528	10
4529	10
4530	10
4531	10
4532	10
4533	10
4534	10
4535	10
4536	10
4537	10
4538	10
4539	10
4540	10
4541	10
4542	10
4543	10
4544	10
4545	10
4546	10
4547	10
4548	10
4549	10
4550	10
4551	10
4552	10
4553	10
4554	10
4555	10
4556	10
4557	10
4558	10
4559	10
4560	10
4561	10
4562	10
4563	10
4564	10
4565	10
4566	10
4567	10
4568	10
4569	10
4570	10
4571	10
4572	10
4573	10
4574	10
4575	10
4576	10
4577	10
4578	10
4579	10
4580	10
4581	10
4582	10
4583	10
4584	10
4585	10
4586	10
4587	10
4588	10
4589	10
4590	10
4591	10
4592	10
4593	10
4594	11
4595	11
4596	11
4597	11
4598	11
4599	11
4600	11
4601	11
4602	11
4603	11
4604	11
4605	11
4606	11
4607	11
4608	11
4609	11
4610	11
4611	11
4612	11
4613	11
4614	11
4615	11
4616	11
4617	11
4618	11
4619	11
4620	11
4621	11
4622	11
4623	11
4624	11
4625	11
4626	11
4627	11
4628	11
4629	11
4630	11
4631	11
4632	11
4633	11
4634	11
4635	11
4636	11
4637	11
4638	11
4639	11
4640	11
4641	11
4642	11
4643	11
4644	11
4645	11
4646	11
4647	11
4648	11
4649	11
4650	11
4651	11
4652	11
4653	11
4654	11
4655	11
4656	11
4657	11
4658	11
4659	11
4660	11
4661	11
4662	11
4663	11
4664	11
4665	11
4666	11
4667	11
4668	11
4669	11
4670	11
4671	11
4672	11
4673	11
4674	11
4675	11
4676	11
4677	11
4678	11
4679	11
4680	11
4681	11
4682	11
4683	11
4684	11
4685	11
4686	11
4687	11
4688	11
4689	11
4690	11
4691	11
4692	11
4693	11
4694	11
4695	11
4696	11
4697	11
4698	11
4699	11
4700	11
4701	11
4702	11
4703	11
4704	11
4705	11
4706	11
4707	11
4708	11
4709	11
4710	11
4711	11
4712	11
4713	11
4714	11
4715	11
4716	11
4717	11
4718	11
4719	11
4720	11
4721	11
4722	11
4723	11
4724	11
4725	11
4726	11
4727	11
4728	11
4729	11
4730	11
4731	11
4732	11
4733	11
4734	11
4735	11
4736	11
4737	11
4738	11
4739	11
4740	11
4741	11
4742	11
4743	11
4744	11
4745	11
4746	11
4747	11
4748	11
4749	11
4750	12
4751	12
4752	12
4753	12
4754	12
4755	12
4756	12
4757	12
4758	12
4759	12
4760	12
4761	12
4762	12
4763	12
4764	12
4765	12
4766	12
4767	12
4768	12
4769	12
4770	12
4771	12
4772	12
4773	12
4774	12
4775	12
4776	12
4777	12
4778	12
4779	12
4780	12
4781	12
4782	12
4783	12
4784	12
4785	12
4786	12
4787	12
4788	12
4789	12
4790	12
4791	12
4792	12
4793	12
4794	12
4795	12
4796	12
4797	12
4798	12
4799	12
4800	12
4801	12
4802	12
4803	13
4804	13
4805	13
4806	13
4807	13
4808	13
4809	13
4810	13
4811	13
4812	13
4813	13
4814	13
4815	13
4816	13
4817	13
4818	13
4819	13
4820	13
4821	13
4822	13
4823	13
4824	13
4825	13
4826	13
4827	13
4828	13
4829	13
4830	13
4831	13
4832	13
4833	13
4834	13
4835	13
4836	13
4837	13
4838	13
4839	13
4840	13
4841	13
4842	13
4843	13
4844	13
4845	13
4846	13
4847	13
4848	13
4849	13
4850	13
4851	13
4852	13
4853	13
4854	13
4855	13
4856	13
4857	13
4858	13
4859	13
4860	13
4861	13
4862	13
4863	13
4864	13
4865	13
4866	13
4867	13
4868	13
4869	13
4870	13
4871	13
4872	13
4873	13
4874	13
4875	13
4876	13
4877	13
4878	14
4879	14
4880	14
4881	14
4882	14
4883	14
4884	14
4885	14
4886	14
4887	14
4888	14
4889	14
4890	14
4891	14
4892	14
4893	14
4894	14
4895	14
4896	14
4897	14
4898	14
4899	14
4900	14
4901	14
4902	14
4903	14
4904	14
4905	14
4906	14
4907	14
4908	14
4909	14
4910	14
4911	14
4912	14
4913	14
4914	14
4915	14
4916	14
4917	14
4918	14
4919	14
4920	14
4921	14
4922	14
4923	14
4924	14
4925	14
4926	14
4927	14
4928	14
4929	14
4930	14
4931	14
4932	14
4933	14
4934	14
4935	14
4936	14
4937	14
4938	14
4939	14
4940	14
4941	14
4942	14
4943	14
4944	14
4945	14
4946	14
4947	14
4948	14
4949	14
4950	14
4951	14
4952	14
4953	14
4954	14
4955	14
4956	14
4957	14
4958	14
4959	14
4960	14
4961	14
4962	14
4963	14
4964	14
4965	14
4966	14
4967	14
4968	14
4969	14
4970	14
4971	14
4972	14
4973	14
4974	14
4975	14
4976	14
4977	14
4978	14
4979	14
4980	14
4981	14
4982	14
4983	14
4984	14
4985	14
4986	14
4987	14
4988	14
4989	14
4990	14
4991	14
4992	14
4993	14
4994	14
4995	14
4996	14
4997	14
4998	14
4999	14
5000	14
5001	14
5002	14
5003	14
5004	15
5005	15
5006	15
5007	15
5008	15
5009	15
5010	15
5011	15
5012	15
5013	15
5014	15
5015	15
5016	15
5017	15
5018	15
5019	15
5020	15
5021	15
5022	15
5023	15
5024	15
5025	15
5026	15
5027	15
5028	15
5029	15
5030	15
5031	15
5032	15
5033	15
5034	15
5035	15
5036	15
5037	15
5038	15
5039	15
5040	15
5041	15
5042	15
5043	15
5044	15
5045	15
5046	15
5047	15
5048	15
5049	15
5050	15
5051	15
5052	15
5053	15
5054	15
5055	15
5056	15
5057	15
5058	15
5059	15
5060	15
5061	15
5062	15
5063	15
5064	15
5065	15
5066	15
5067	15
5068	15
5069	15
5070	15
5071	15
5072	15
5073	15
5074	15
5075	15
5076	15
5077	15
5078	15
5079	15
5080	15
5081	15
5082	15
5083	15
5084	15
5085	15
5086	15
5087	15
5088	15
5089	15
5090	15
5091	15
5092	15
5093	15
5094	15
5095	15
5096	15
5097	15
5098	15
5099	15
5100	15
5101	15
5102	15
5103	15
5104	15
5105	15
5106	15
5107	15
5108	15
5109	15
5110	15
5111	15
5112	15
5113	15
5114	15
5115	15
5116	15
5117	15
5118	15
5119	15
5120	15
5121	15
5122	15
5123	15
5124	15
5125	15
5126	15
5127	15
5128	15
5129	15
5130	15
5131	15
5132	15
5133	15
5134	15
5135	15
5136	15
5137	15
5138	15
5139	15
5140	15
5141	15
5142	15
5143	15
5144	15
5145	15
5146	15
5147	15
5148	15
5149	15
5150	15
5151	15
5152	15
5153	15
5154	15
5155	15
5156	15
5157	15
5158	15
5159	15
5160	15
5161	15
5162	15
5163	15
5164	15
5165	15
5166	15
5167	15
5168	15
5169	15
5170	15
5171	15
5172	15
5173	15
5174	15
5175	15
5176	15
5177	15
5178	15
5179	15
5180	15
5181	15
5182	15
5183	15
5184	15
5185	15
5186	15
5187	15
5188	15
5189	15
5190	15
5191	15
5192	15
5193	15
5194	15
5195	15
5196	15
5197	15
5198	15
5199	15
5200	15
5201	15
5202	15
5203	15
5204	15
5205	15
5206	15
5207	15
5208	15
5209	15
5210	15
5211	15
5212	15
5213	15
5214	15
5215	15
5216	15
5217	15
5218	15
5219	15
5220	15
5221	15
5222	15
5223	15
5224	15
5225	15
5226	15
5227	15
5228	15
5229	15
5230	15
5231	15
5232	15
5233	15
5234	15
5235	15
5236	15
5237	15
5238	15
5239	15
5240	15
5241	15
5242	15
5243	15
5244	15
5245	15
5246	15
5247	15
5248	15
5249	15
5250	15
5251	15
5252	15
5253	15
5254	15
5255	15
5256	15
5257	15
5258	15
5259	15
5260	15
5261	15
5262	15
5263	15
5264	15
5265	15
5266	15
5267	15
5268	15
5269	15
5270	15
5271	15
5272	15
5273	15
5274	15
5275	15
5276	15
5277	15
5278	15
5279	15
5280	15
5281	15
5282	15
5283	15
5284	15
5285	15
5286	15
5287	15
5288	15
5289	15
5290	15
5291	15
5292	15
5293	15
5294	15
5295	15
5296	15
5297	15
5298	15
5299	15
5300	15
5301	15
5302	15
5303	15
5304	15
5305	15
5306	15
5307	15
5308	15
5309	15
5310	15
5311	15
5312	15
5313	15
5314	15
5315	15
5316	15
5317	15
5318	15
5319	15
5320	15
5321	15
5322	15
5323	15
5324	15
5325	15
5326	15
5327	15
5328	15
5329	15
5330	15
5331	15
5332	15
5333	15
5334	15
5335	15
5336	15
5337	15
5338	15
5339	15
5340	15
5341	15
5342	15
5343	15
5344	15
5345	15
5346	15
5347	15
5348	15
5349	15
5350	15
5351	15
5352	15
5353	15
5354	15
5355	15
5356	15
5357	15
5358	15
5359	15
5360	15
5361	15
5362	15
5363	15
5364	15
5365	15
5366	15
5367	15
5368	15
5369	15
5370	15
5371	15
5372	15
5373	15
5374	15
5375	15
5376	15
5377	15
5378	15
5379	15
5380	15
5381	15
5382	15
5383	15
5384	15
5385	15
5386	15
5387	15
5388	15
5389	15
5390	15
5391	15
5392	15
5393	15
5394	15
5395	15
5396	15
5397	15
5398	15
5399	15
5400	15
5401	15
5402	15
5403	15
5404	15
5405	15
5406	15
5407	15
5408	15
5409	15
5410	15
5411	15
5412	15
5413	15
5414	15
5415	15
5416	15
5417	15
5418	15
5419	15
5420	15
5421	15
5422	15
5423	15
5424	15
5425	15
5426	15
5427	15
5428	15
5429	15
5430	15
5431	15
5432	15
5433	15
5434	15
5435	15
5436	15
5437	15
5438	15
5439	15
5440	15
5441	15
5442	15
5443	15
5444	15
5445	15
5446	15
5447	15
5448	15
5449	15
5450	15
5451	15
5452	15
5453	15
5454	15
5455	15
5456	15
5457	15
5458	15
5459	15
5460	15
5461	15
5462	15
5463	15
5464	15
5465	15
5466	15
5467	15
5468	15
5469	15
5470	15
5471	15
5472	15
5473	15
5474	15
5475	15
5476	15
5477	15
5478	15
5479	15
5480	15
5481	15
5482	15
5483	15
5484	15
5485	15
5486	15
5487	15
5488	15
5489	15
5490	15
5491	15
5492	15
5493	15
5494	15
5495	15
5496	15
5497	15
5498	15
5499	15
5500	15
5501	15
5502	15
5503	15
5504	15
5505	15
5506	15
5507	15
5508	15
5509	15
5510	15
5511	15
5512	15
5513	15
5514	15
5515	15
5516	15
5517	15
5518	15
5519	15
5520	15
5521	15
5522	15
5523	15
5524	15
5525	15
5526	15
5527	15
5528	15
5529	15
5530	15
5531	15
5532	15
5533	15
5534	15
5535	15
5536	15
5537	15
5538	15
5539	15
5540	15
5541	15
5542	15
5543	15
5544	15
5545	15
5546	15
5547	15
5548	15
5549	15
5550	15
5551	15
5552	15
5553	15
5554	15
5555	15
5556	15
5557	15
5558	15
5559	15
5560	15
5561	15
5562	15
5563	15
5564	15
5565	15
5566	15
5567	15
5568	15
5569	15
5570	15
5571	15
5572	15
5573	15
5574	15
5575	15
5576	15
5577	15
5578	15
5579	15
5580	15
5581	15
5582	15
5583	15
5584	15
5585	15
5586	15
5587	15
5588	15
5589	15
5590	15
5591	15
5592	15
5593	15
5594	15
5595	15
5596	15
5597	15
5598	15
5599	15
5600	15
5601	15
5602	15
5603	15
5604	15
5605	15
5606	15
5607	15
5608	15
5609	15
5610	15
5611	15
5612	15
5613	15
5614	15
5615	15
5616	15
5617	15
5618	15
5619	15
5620	15
5621	15
5622	15
5623	15
5624	15
5625	15
5626	15
5627	15
5628	15
5629	15
5630	15
5631	15
5632	15
5633	15
5634	15
5635	15
5636	15
5637	15
5638	15
5639	15
5640	15
5641	15
5642	15
5643	15
5644	15
5645	15
5646	15
5647	15
5648	15
5649	15
5650	15
5651	15
5652	15
5653	15
5654	15
5655	15
5656	15
5657	15
5658	15
5659	15
5660	15
5661	15
5662	15
5663	15
5664	15
5665	15
5666	15
5667	15
5668	15
5669	15
5670	15
5671	15
5672	15
5673	15
5674	15
5675	15
5676	15
5677	15
5678	15
5679	15
5680	15
5681	15
5682	15
5683	15
5684	15
5685	15
5686	15
5687	15
5688	15
5689	15
5690	15
5691	15
5692	15
5693	15
5694	15
5695	15
5696	15
5697	15
5698	15
5699	15
5700	15
5701	15
5702	15
5703	15
5704	15
5705	15
5706	15
5707	15
5708	15
5709	15
5710	15
5711	15
5712	15
5713	15
5714	15
5715	15
5716	15
5717	15
5718	15
5719	15
5720	15
5721	15
5722	15
5723	15
5724	15
5725	15
5726	15
5727	15
5728	15
5729	15
5730	15
5731	15
5732	15
5733	15
5734	15
5735	15
5736	15
5737	15
5738	15
5739	15
5740	15
5741	15
5742	15
5743	15
5744	15
5745	15
5746	15
5747	15
5748	15
5749	15
5750	15
5751	15
5752	15
5753	15
5754	15
5755	15
5756	15
5757	15
5758	15
5759	15
5760	15
5761	15
5762	15
5763	15
5764	15
5765	15
5766	15
5767	15
5768	15
5769	15
5770	15
5771	15
5772	15
5773	15
5774	15
5775	15
5776	15
5777	15
5778	15
5779	15
5780	15
5781	15
5782	15
5783	15
5784	15
5785	15
5786	15
5787	15
5788	15
5789	15
5790	15
5791	15
5792	15
5793	15
5794	15
5795	15
5796	15
5797	15
5798	15
5799	15
5800	15
5801	15
5802	15
5803	15
5804	15
5805	15
5806	15
5807	15
5808	15
5809	15
5810	15
5811	15
5812	15
5813	15
5814	15
5815	15
5816	15
5817	15
5818	15
5819	15
5820	15
5821	15
5822	15
5823	15
5824	15
5825	15
5826	15
5827	15
5828	15
5829	15
5830	15
5831	15
5832	15
5833	15
5834	15
5835	15
5836	15
5837	15
5838	15
5839	15
5840	15
5841	15
5842	15
5843	15
5844	15
5845	15
5846	15
5847	15
5848	15
5849	15
5850	15
5851	15
5852	15
5853	15
5854	15
5855	15
5856	15
5857	15
5858	15
5859	15
5860	15
5861	15
5862	15
5863	15
5864	15
5865	15
5866	15
5867	15
5868	15
5869	15
5870	15
5871	15
5872	15
5873	15
5874	15
5875	15
5876	15
5877	15
5878	15
5879	15
5880	15
5881	15
5882	15
5883	15
5884	15
5885	15
5886	15
5887	15
5888	15
5889	15
5890	15
5891	15
5892	15
5893	15
5894	15
5895	15
5896	15
5897	15
5898	15
5899	15
5900	15
5901	15
5902	15
5903	15
5904	15
5905	15
5906	15
5907	15
5908	15
5909	15
5910	15
5911	15
5912	15
5913	15
5914	15
5915	15
5916	15
5917	15
5918	15
5919	15
5920	15
5921	15
5922	15
5923	15
5924	15
5925	15
5926	15
5927	15
5928	15
5929	15
5930	15
5931	15
5932	15
5933	15
5934	15
5935	15
5936	15
5937	15
5938	15
5939	15
5940	15
5941	15
5942	15
5943	15
5944	15
5945	15
5946	15
5947	15
5948	15
5949	15
5950	15
5951	15
5952	15
5953	15
5954	15
5955	15
5956	15
5957	15
5958	15
5959	15
5960	15
5961	15
5962	15
5963	15
5964	15
5965	15
5966	15
5967	15
5968	15
5969	15
5970	15
5971	15
5972	15
5973	15
5974	15
5975	15
5976	15
5977	15
5978	15
5979	15
5980	15
5981	15
5982	15
5983	15
5984	15
5985	15
5986	15
5987	15
5988	15
5989	15
5990	15
5991	15
5992	15
5993	15
5994	15
5995	15
5996	15
5997	15
5998	15
5999	15
6000	15
6001	15
6002	15
6003	15
6004	15
6005	15
6006	15
6007	15
6008	15
6009	15
6010	15
6011	15
6012	15
6013	15
6014	15
6015	15
6016	15
6017	15
6018	15
6019	15
6020	15
6021	15
6022	15
6023	15
6024	15
6025	15
6026	15
6027	15
6028	15
6029	15
6030	15
6031	15
6032	15
6033	15
6034	15
6035	15
6036	15
6037	15
6038	15
6039	15
6040	15
6041	15
6042	15
6043	15
6044	15
6045	15
6046	15
6047	15
6048	15
6049	15
6050	15
6051	15
6052	15
6053	15
6054	15
6055	15
6056	15
6057	15
6058	15
6059	15
6060	15
6061	15
6062	15
6063	15
6064	15
6065	15
6066	15
6067	15
6068	15
6069	15
6070	15
6071	15
6072	15
6073	15
6074	15
6075	15
6076	15
6077	15
6078	15
6079	15
6080	15
6081	15
6082	15
6083	15
6084	15
6085	15
6086	15
6087	15
6088	15
6089	15
6090	15
6091	15
6092	15
6093	15
6094	15
6095	15
6096	15
6097	15
6098	15
6099	15
6100	15
6101	15
6102	15
6103	15
6104	15
6105	15
6106	15
6107	15
6108	15
6109	15
6110	15
6111	15
6112	15
6113	15
6114	15
6115	15
6116	15
6117	15
6118	15
6119	15
6120	15
6121	15
6122	15
6123	15
6124	15
6125	15
6126	15
6127	15
6128	15
6129	15
6130	15
6131	15
6132	15
6133	15
6134	15
6135	15
6136	15
6137	15
6138	15
6139	15
6140	15
6141	15
6142	15
6143	15
6144	15
6145	15
6146	15
6147	15
6148	15
6149	15
6150	15
6151	15
6152	15
6153	15
6154	15
6155	15
6156	15
6157	15
6158	15
6159	15
6160	15
6161	15
6162	15
6163	15
6164	15
6165	15
6166	15
6167	15
6168	15
6169	15
6170	15
6171	15
6172	15
6173	15
6174	15
6175	15
6176	15
6177	15
6178	15
6179	15
6180	15
6181	15
6182	15
6183	15
6184	15
6185	15
6186	15
6187	15
6188	15
6189	15
6190	15
6191	15
6192	15
6193	15
6194	15
6195	15
6196	15
6197	15
6198	15
6199	15
6200	15
6201	15
6202	15
6203	15
6204	15
6205	15
6206	15
6207	15
6208	15
6209	15
6210	15
6211	15
6212	15
6213	15
6214	15
6215	15
6216	15
6217	15
6218	15
6219	15
6220	15
6221	15
6222	15
6223	15
6224	15
6225	15
6226	15
6227	15
6228	15
6229	15
6230	15
6231	15
6232	15
6233	15
6234	15
6235	15
6236	15
6237	15
6238	15
6239	15
6240	15
6241	15
6242	15
6243	15
6244	15
6245	15
6246	15
6247	15
6248	15
6249	15
6250	15
6251	15
6252	15
6253	15
6254	15
6255	15
6256	15
6257	15
6258	15
6259	15
6260	15
6261	15
6262	15
6263	15
6264	15
6265	15
6266	15
6267	15
6268	15
6269	16
6270	16
6271	16
6272	16
6273	16
6274	16
6275	16
6276	16
6277	16
6278	16
6279	16
6280	16
6281	16
6282	16
6283	16
6284	16
6285	16
6286	16
6287	16
6288	16
6289	16
6290	16
6291	16
6292	16
6293	16
6294	16
6295	16
6296	16
6297	16
6298	16
6299	16
6300	16
6301	16
6302	16
6303	16
6304	16
6305	16
6306	16
6307	16
6308	16
6309	16
6310	16
6311	16
6312	16
6313	16
6314	16
6315	16
6316	16
6317	16
6318	16
6319	16
6320	16
6321	16
6322	16
6323	16
6324	16
6325	16
6326	16
6327	16
6328	16
6329	16
6330	16
6331	16
6332	16
6333	16
6334	16
6335	16
6336	16
6337	16
6338	16
6339	16
6340	16
6341	16
6342	16
6343	16
6344	16
6345	16
6346	16
6347	16
6348	16
6349	16
6350	16
6351	16
6352	16
6353	16
6354	16
6355	16
6356	16
6357	16
6358	16
6359	16
6360	16
6361	16
6362	16
6363	16
6364	16
6365	16
6366	16
6367	16
6368	16
6369	16
6370	16
6371	16
6372	16
6373	16
6374	16
6375	16
6376	16
6377	16
6378	16
6379	16
6380	16
6381	16
6382	16
6383	16
6384	16
6385	16
6386	16
6387	16
6388	16
6389	16
6390	16
6391	16
6392	16
6393	16
6394	16
6395	16
6396	16
6397	16
6398	16
6399	16
6400	16
6401	16
6402	16
6403	16
6404	16
6405	16
6406	16
6407	16
6408	16
6409	16
6410	16
6411	16
6412	16
6413	16
6414	16
6415	16
6416	16
6417	16
6418	16
6419	16
6420	16
6421	16
6422	16
6423	16
6424	16
6425	16
6426	16
6427	16
6428	16
6429	16
6430	16
6431	16
6432	16
6433	16
6434	16
6435	16
6436	16
6437	16
6438	16
6439	16
6440	16
6441	16
6442	16
6443	16
6444	16
6445	16
6446	16
6447	16
6448	16
6449	16
6450	16
6451	16
6452	16
6453	16
6454	16
6455	16
6456	16
6457	16
6458	16
6459	16
6460	16
6461	16
6462	16
6463	16
6464	16
6465	16
6466	16
6467	16
6468	16
6469	16
6470	16
6471	16
6472	16
6473	16
6474	16
6475	16
6476	16
6477	16
6478	16
6479	16
6480	16
6481	16
6482	16
6483	16
6484	16
6485	16
6486	16
6487	16
6488	16
6489	16
6490	16
6491	16
6492	16
6493	16
6494	16
6495	16
6496	16
6497	16
6498	16
6499	16
6500	16
6501	16
6502	16
6503	16
6504	16
6505	16
6506	16
6507	16
6508	16
6509	16
6510	16
6511	16
6512	16
6513	17
6514	17
6515	17
6516	17
6517	17
6518	17
6519	17
6520	17
6521	17
6522	17
6523	17
6524	17
6525	17
6526	17
6527	17
6528	17
6529	17
6530	17
6531	17
6532	17
6533	17
6534	17
6535	17
6536	17
6537	17
6538	17
6539	17
6540	17
6541	17
6542	17
6543	17
6544	17
6545	17
6546	17
6547	17
6548	17
6549	17
6550	17
6551	17
6552	17
6553	17
6554	17
6555	17
6556	17
6557	17
6558	17
6559	17
6560	17
6561	17
6562	17
6563	17
6564	17
6565	17
6566	17
6567	17
6568	17
6569	17
6570	17
6571	17
6572	17
6573	17
6574	17
6575	17
6576	17
6577	17
6578	17
6579	17
6580	17
6581	17
6582	17
6583	17
6584	17
6585	17
6586	17
6587	17
6588	17
6589	17
6590	17
6591	17
6592	17
6593	17
6594	17
6595	17
6596	17
6597	17
6598	17
6599	17
6600	17
6601	17
6602	17
6603	17
6604	17
6605	17
6606	17
6607	17
6608	17
6609	17
6610	17
6611	17
6612	17
6613	17
6614	17
6615	17
6616	17
6617	17
6618	17
6619	17
6620	17
6621	17
6622	17
6623	17
6624	17
6625	17
6626	17
6627	17
6628	17
6629	17
6630	17
6631	17
6632	17
6633	17
6634	17
6635	17
6636	17
6637	17
6638	17
6639	17
6640	17
6641	17
6642	17
6643	17
6644	17
6645	17
6646	17
6647	17
6648	17
6649	17
6650	17
6651	17
6652	17
6653	17
6654	17
6655	17
6656	17
6657	17
6658	17
6659	17
6660	17
6661	17
6662	17
6663	17
6664	17
6665	17
6666	17
6667	17
6668	17
6669	17
6670	17
6671	17
6672	17
6673	17
6674	17
6675	17
6676	17
6677	17
6678	17
6679	17
6680	17
6681	17
6682	17
6683	17
6684	17
6685	17
6686	17
6687	17
6688	17
6689	17
6690	17
6691	17
6692	17
6693	17
6694	17
6695	17
6696	17
6697	17
6698	17
6699	17
6700	17
6701	17
6702	17
6703	17
6704	17
6705	17
6706	17
6707	17
6708	17
6709	17
6710	17
6711	17
6712	17
6713	17
6714	17
6715	17
6716	17
6717	17
6718	17
6719	17
6720	17
6721	17
6722	17
6723	17
6724	17
6725	17
6726	17
6727	17
6728	17
6729	17
6730	17
6731	17
6732	17
6733	17
6734	17
6735	17
6736	17
6737	17
6738	17
6739	17
6740	17
6741	17
6742	17
6743	17
6744	17
6745	17
6746	17
6747	17
6748	17
6749	17
6750	17
6751	17
6752	17
6753	17
6754	17
6755	17
6756	17
6757	17
6758	17
6759	17
6760	17
6761	17
6762	17
6763	17
6764	17
6765	17
6766	17
6767	17
6768	17
6769	17
6770	17
6771	17
6772	17
6773	17
6774	17
6775	17
6776	17
6777	17
6778	17
6779	17
6780	17
6781	17
6782	17
6783	17
6784	17
6785	17
6786	17
6787	17
6788	17
6789	17
6790	17
6791	17
6792	17
6793	17
6794	17
6795	17
6796	17
6797	17
6798	17
6799	17
6800	17
6801	17
6802	17
6803	17
6804	17
6805	17
6806	17
6807	17
6808	17
6809	17
6810	17
6811	17
6812	17
6813	17
6814	17
6815	17
6816	17
6817	17
6818	17
6819	17
6820	17
6821	17
6822	17
6823	17
6824	17
6825	17
6826	17
6827	17
6828	17
6829	17
6830	17
6831	17
6832	17
6833	17
6834	17
6835	17
6836	17
6837	17
6838	17
6839	17
6840	17
6841	17
6842	17
6843	17
6844	17
6845	17
6846	17
6847	17
6848	17
6849	17
6850	17
6851	17
6852	17
6853	17
6854	17
6855	17
6856	17
6857	17
6858	17
6859	17
6860	17
6861	17
6862	17
6863	17
6864	17
6865	17
6866	17
6867	17
6868	17
6869	17
6870	17
6871	17
6872	17
6873	17
6874	17
6875	17
6876	17
6877	17
6878	17
6879	17
6880	17
6881	17
6882	17
6883	17
6884	17
6885	17
6886	17
6887	17
6888	17
6889	17
6890	17
6891	17
6892	17
6893	17
6894	17
6895	17
6896	17
6897	17
6898	17
6899	17
6900	17
6901	17
6902	17
6903	17
6904	17
6905	17
6906	17
6907	17
6908	17
6909	17
6910	17
6911	17
6912	17
6913	17
6914	17
6915	17
6916	17
6917	17
6918	17
6919	17
6920	17
6921	17
6922	17
6923	17
6924	17
6925	17
6926	17
6927	17
6928	17
6929	17
6930	17
6931	17
6932	17
6933	17
6934	17
6935	17
6936	17
6937	17
6938	17
6939	17
6940	17
6941	17
6942	17
6943	17
6944	17
6945	17
6946	17
6947	17
6948	17
6949	17
6950	17
6951	17
6952	17
6953	17
6954	17
6955	17
6956	17
6957	17
6958	17
6959	17
6960	17
6961	17
6962	17
6963	17
6964	17
6965	17
6966	17
6967	17
6968	17
6969	17
6970	17
6971	17
6972	17
6973	17
6974	17
6975	17
6976	17
6977	17
6978	17
6979	17
6980	17
6981	17
6982	17
6983	17
6984	17
6985	17
6986	17
6987	17
6988	17
6989	17
6990	17
6991	17
6992	17
6993	17
6994	17
6995	17
6996	17
6997	17
6998	17
6999	17
7000	17
7001	17
7002	17
7003	17
7004	17
7005	17
7006	17
7007	17
7008	17
7009	17
7010	17
7011	17
7012	17
7013	17
7014	17
7015	17
7016	17
7017	17
7018	17
7019	17
7020	17
7021	17
7022	17
7023	17
7024	17
7025	17
7026	17
7027	17
7028	17
7029	17
7030	17
7031	17
7032	17
7033	17
7034	17
7035	17
7036	17
7037	17
7038	17
7039	17
7040	17
7041	17
7042	17
7043	17
7044	17
7045	17
7046	17
7047	17
7048	17
7049	17
7050	17
7051	17
7052	17
7053	17
7054	17
7055	17
7056	17
7057	17
7058	17
7059	17
7060	17
7061	17
7062	17
7063	17
7064	17
7065	17
7066	17
7067	17
7068	17
7069	17
7070	17
7071	17
7072	17
7073	17
7074	17
7075	17
7076	17
7077	17
7078	17
7079	17
7080	17
7081	17
7082	17
7083	17
7084	17
7085	17
7086	17
7087	17
7088	17
7089	17
7090	17
7091	17
7092	17
7093	17
7094	17
7095	17
7096	17
7097	17
7098	17
7099	17
7100	17
7101	17
7102	17
7103	17
7104	17
7105	17
7106	17
7107	17
7108	17
7109	17
7110	17
7111	17
7112	17
7113	17
7114	17
7115	17
7116	17
7117	17
7118	17
7119	17
7120	17
7121	17
7122	17
7123	17
7124	17
7125	17
7126	17
7127	17
7128	17
7129	17
7130	17
7131	17
7132	17
7133	17
7134	17
7135	17
7136	17
7137	17
7138	17
7139	17
7140	17
7141	17
7142	17
7143	17
7144	17
7145	17
7146	17
7147	17
7148	17
7149	17
7150	17
7151	17
7152	17
7153	17
7154	17
7155	17
7156	17
7157	17
7158	17
7159	17
7160	17
7161	17
7162	17
7163	17
7164	17
7165	17
7166	17
7167	17
7168	17
7169	17
7170	17
7171	17
7172	17
7173	17
7174	17
7175	17
7176	17
7177	17
7178	17
7179	17
7180	17
7181	17
7182	17
7183	17
7184	17
7185	17
7186	17
7187	17
7188	17
7189	17
7190	17
7191	17
7192	17
7193	17
7194	17
7195	17
7196	17
7197	17
7198	17
7199	17
7200	17
7201	17
7202	17
7203	17
7204	17
7205	17
7206	17
7207	17
7208	17
7209	17
7210	17
7211	17
7212	17
7213	17
7214	17
7215	17
7216	17
7217	17
7218	17
7219	17
7220	17
7221	17
7222	17
7223	17
7224	17
7225	17
7226	17
7227	17
7228	17
7229	17
7230	17
7231	17
7232	17
7233	17
7234	17
7235	17
7236	17
7237	17
7238	17
7239	17
7240	17
7241	17
7242	17
7243	17
7244	17
7245	17
7246	17
7247	17
7248	17
7249	17
7250	17
7251	17
7252	17
7253	17
7254	17
7255	17
7256	17
7257	17
7258	17
7259	17
7260	17
7261	17
7262	17
7263	17
7264	17
7265	17
7266	17
7267	17
7268	17
7269	17
7270	17
7271	17
7272	17
7273	17
7274	17
7275	17
7276	17
7277	17
7278	17
7279	17
7280	17
7281	17
7282	17
7283	17
7284	17
7285	17
7286	17
7287	17
7288	17
7289	17
7290	17
7291	17
7292	17
7293	17
7294	17
7295	17
7296	17
7297	17
7298	17
7299	17
7300	17
7301	17
7302	17
7303	17
7304	17
7305	17
7306	17
7307	17
7308	17
7309	17
7310	17
7311	17
7312	17
7313	17
7314	17
7315	17
7316	17
7317	17
7318	17
7319	17
7320	17
7321	17
7322	17
7323	17
7324	17
7325	17
7326	17
7327	17
7328	17
7329	17
7330	17
7331	17
7332	17
7333	17
7334	17
7335	17
7336	17
7337	17
7338	17
7339	17
7340	17
7341	17
7342	17
7343	17
7344	17
7345	17
7346	17
7347	17
7348	17
7349	17
7350	17
7351	17
7352	17
7353	17
7354	17
7355	17
7356	17
7357	17
7358	17
7359	17
7360	17
7361	17
7362	17
7363	17
7364	17
7365	17
7366	17
7367	17
7368	17
7369	17
7370	17
7371	17
7372	17
7373	17
7374	17
7375	17
7376	17
7377	17
7378	17
7379	17
7380	17
7381	17
7382	17
7383	17
7384	17
7385	17
7386	17
7387	17
7388	17
7389	17
7390	17
7391	17
7392	17
7393	17
7394	17
7395	17
7396	17
7397	17
7398	17
7399	17
7400	17
7401	17
7402	17
7403	17
7404	17
7405	17
7406	17
7407	17
7408	17
7409	17
7410	17
7411	17
7412	17
7413	17
7414	17
7415	17
7416	17
7417	17
7418	17
7419	17
7420	17
7421	17
7422	17
7423	17
7424	17
7425	17
7426	17
7427	17
7428	17
7429	17
7430	17
7431	17
7432	17
7433	17
7434	17
7435	17
7436	17
7437	17
7438	17
7439	17
7440	17
7441	17
7442	17
7443	17
7444	17
7445	17
7446	17
7447	17
7448	17
7449	17
7450	17
7451	17
7452	17
7453	17
7454	17
7455	17
7456	17
7457	17
7458	17
7459	17
7460	17
7461	17
7462	17
7463	17
7464	17
7465	17
7466	17
7467	17
7468	17
7469	17
7470	17
7471	17
7472	17
7473	17
7474	17
7475	17
7476	17
7477	17
7478	17
7479	17
7480	17
7481	17
7482	17
7483	17
7484	17
7485	17
7486	17
7487	17
7488	17
7489	17
7490	17
7491	17
7492	17
7493	17
7494	17
7495	17
7496	17
7497	17
7498	17
7499	17
7500	17
7501	17
7502	17
7503	17
7504	17
7505	17
7506	17
7507	17
7508	17
7509	17
7510	17
7511	17
7512	17
7513	17
7514	17
7515	17
7516	17
7517	17
7518	17
7519	17
7520	17
7521	17
7522	17
7523	17
7524	17
7525	17
7526	17
7527	17
7528	17
7529	17
7530	17
7531	17
7532	17
7533	17
7534	17
7535	17
7536	17
7537	17
7538	17
7539	17
7540	17
7541	17
7542	17
7543	17
7544	17
7545	17
7546	17
7547	17
7548	17
7549	17
7550	17
7551	17
7552	17
7553	17
7554	17
7555	17
7556	17
7557	17
7558	17
7559	17
7560	17
7561	17
7562	17
7563	17
7564	17
7565	17
7566	17
7567	17
7568	17
7569	17
7570	17
7571	17
7572	17
7573	17
7574	17
7575	17
7576	17
7577	17
7578	17
7579	17
7580	17
7581	17
7582	17
7583	17
7584	17
7585	17
7586	17
7587	17
7588	17
7589	17
7590	17
7591	17
7592	17
7593	17
7594	17
7595	17
7596	17
7597	17
7598	17
7599	17
7600	17
7601	17
7602	17
7603	17
7604	17
7605	17
7606	17
7607	17
7608	17
7609	17
7610	17
7611	17
7612	17
7613	17
7614	17
7615	17
7616	17
7617	17
7618	17
7619	17
7620	17
7621	17
7622	17
7623	17
7624	17
7625	17
7626	17
7627	17
7628	17
7629	17
7630	17
7631	17
7632	17
7633	17
7634	17
7635	17
7636	17
7637	17
7638	17
7639	17
7640	17
7641	17
7642	17
7643	17
7644	17
7645	17
7646	17
7647	18
7648	18
7649	18
7650	18
7651	18
7652	18
7653	18
7654	18
7655	18
7656	18
7657	18
7658	18
7659	18
7660	18
7661	18
7662	18
7663	18
7664	18
7665	18
7666	18
7667	18
7668	18
7669	18
7670	18
7671	18
7672	18
7673	18
7674	18
7675	18
7676	18
7677	18
7678	18
7679	18
7680	18
7681	18
7682	18
7683	18
7684	18
7685	18
7686	18
7687	18
7688	18
7689	18
7690	18
7691	18
7692	18
7693	18
7694	18
7695	18
7696	18
7697	18
7698	18
7699	18
7700	18
7701	18
7702	18
7703	18
7704	18
7705	18
7706	18
7707	18
7708	18
7709	18
7710	18
7711	18
7712	18
7713	18
7714	18
7715	18
7716	18
7717	18
7718	18
7719	18
7720	18
7721	18
7722	18
7723	18
7724	18
7725	18
7726	18
7727	18
7728	18
7729	18
7730	18
7731	18
7732	18
7733	18
7734	18
7735	18
7736	18
7737	18
7738	18
7739	18
7740	18
7741	18
7742	18
7743	18
7744	18
7745	18
7746	18
7747	18
7748	18
7749	18
7750	18
7751	18
7752	18
7753	18
7754	18
7755	18
7756	18
7757	18
7758	18
7759	18
7760	18
7761	18
7762	18
7763	18
7764	18
7765	18
7766	18
7767	18
7768	18
7769	18
7770	18
7771	18
7772	18
7773	18
7774	18
7775	18
7776	18
7777	18
7778	18
7779	18
7780	18
7781	18
7782	18
7783	18
7784	18
7785	18
7786	18
7787	18
7788	18
7789	18
7790	18
7791	18
7792	18
7793	18
7794	18
7795	18
7796	18
7797	18
7798	18
7799	18
7800	18
7801	18
7802	18
7803	18
7804	18
7805	18
7806	18
7807	18
7808	18
7809	18
7810	18
7811	18
7812	18
7813	18
7814	18
7815	18
7816	18
7817	18
7818	18
7819	18
7820	18
7821	18
7822	18
7823	18
7824	18
7825	18
7826	18
7827	18
7828	18
7829	18
7830	18
7831	18
7832	18
7833	18
7834	18
7835	18
7836	18
7837	18
7838	18
7839	18
7840	18
7841	18
7842	18
7843	18
7844	18
7845	18
7846	18
7847	18
7848	18
7849	18
7850	18
7851	18
7852	18
7853	18
7854	18
7855	18
7856	18
7857	18
7858	18
7859	18
7860	18
7861	18
7862	18
7863	18
7864	18
7865	18
7866	18
7867	18
7868	18
7869	18
7870	18
7871	18
7872	18
7873	18
7874	18
7875	18
7876	18
7877	18
7878	18
7879	18
7880	18
7881	18
7882	18
7883	18
7884	18
7885	18
7886	18
7887	18
7888	18
7889	18
7890	18
7891	18
7892	18
7893	18
7894	18
7895	18
7896	18
7897	18
7898	18
7899	18
7900	18
7901	18
7902	18
7903	18
7904	18
7905	18
7906	18
7907	18
7908	18
7909	18
7910	18
7911	18
7912	18
7913	19
7914	19
7915	19
7916	19
7917	19
7918	19
7919	19
7920	19
7921	19
7922	19
7923	19
7924	19
7925	19
7926	19
7927	19
7928	19
7929	19
7930	19
7931	19
7932	19
7933	19
7934	19
7935	19
7936	19
7937	19
7938	19
7939	19
7940	19
7941	19
7942	19
7943	19
7944	19
7945	19
7946	19
7947	19
7948	19
7949	19
7950	19
7951	19
7952	19
7953	19
7954	19
7955	19
7956	19
7957	19
7958	19
7959	19
7960	19
7961	19
7962	19
7963	19
7964	19
7965	19
7966	19
7967	19
7968	19
7969	19
7970	19
7971	19
7972	19
7973	19
7974	19
7975	19
7976	19
7977	19
7978	19
7979	20
7980	20
7981	20
7982	20
7983	20
7984	20
7985	20
7986	20
7987	20
7988	20
7989	20
7990	20
7991	20
7992	20
7993	20
7994	20
7995	20
7996	20
7997	20
7998	20
7999	20
8000	20
8001	20
8002	20
8003	20
8004	20
8005	20
8006	20
8007	20
8008	20
8009	20
8010	20
8011	20
8012	20
8013	20
8014	20
8015	20
8016	20
8017	20
8018	20
8019	20
8020	20
8021	20
8022	20
8023	20
8024	20
8025	20
8026	20
8027	20
8028	20
8029	20
8030	20
8031	20
8032	20
8033	20
8034	21
8035	21
8036	21
8037	21
8038	21
8039	21
8040	21
8041	21
8042	21
8043	21
8044	21
8045	21
8046	21
8047	21
8048	21
8049	21
8050	21
8051	21
8052	21
8053	21
8054	21
8055	21
8056	21
8057	21
8058	21
8059	21
8060	21
8061	21
8062	21
8063	21
8064	21
8065	21
8066	21
8067	21
8068	21
8069	21
8070	21
8071	21
8072	21
8073	21
8074	21
8075	21
8076	21
8077	21
8078	21
8079	21
8080	21
8081	21
8082	21
8083	21
8084	21
8085	21
8086	21
8087	21
8088	21
8089	21
8090	21
8091	21
8092	21
8093	21
8094	21
8095	21
8096	21
8097	21
8098	21
8099	21
8100	21
8101	21
8102	21
8103	21
8104	21
8105	21
8106	21
8107	21
8108	21
8109	21
8110	21
8111	21
8112	21
8113	21
8114	21
8115	21
8116	21
8117	21
8118	21
8119	21
8120	21
8121	21
8122	21
8123	21
8124	21
8125	21
8126	21
8127	21
8128	21
8129	21
8130	21
8131	21
8132	21
8133	21
8134	21
8135	21
8136	21
8137	21
8138	21
8139	21
8140	21
8141	21
8142	21
8143	21
8144	21
8145	21
8146	21
8147	21
8148	21
8149	21
8150	21
8151	21
8152	21
8153	21
8154	21
8155	21
8156	21
8157	21
8158	21
8159	21
8160	21
8161	21
8162	21
8163	21
8164	21
8165	21
8166	21
8167	21
8168	21
8169	21
8170	21
8171	21
8172	21
8173	21
8174	21
8175	21
8176	21
8177	21
8178	21
8179	21
8180	21
8181	21
8182	21
8183	21
8184	21
8185	21
8186	21
8187	21
8188	21
8189	21
8190	21
8191	21
8192	21
8193	21
8194	21
8195	21
8196	21
8197	21
8198	21
8199	21
8200	21
8201	21
8202	21
8203	21
8204	21
8205	21
8206	21
8207	21
8208	21
8209	21
8210	21
8211	21
8212	21
8213	21
8214	21
8215	21
8216	21
8217	21
8218	21
8219	21
8220	21
8221	21
8222	21
8223	21
8224	21
8225	21
8226	21
8227	21
8228	21
8229	21
8230	21
8231	21
8232	21
8233	21
8234	21
8235	21
8236	21
8237	21
8238	21
8239	21
8240	21
8241	21
8242	21
8243	21
8244	21
8245	21
8246	21
8247	21
8248	21
8249	21
8250	21
8251	21
8252	21
8253	21
8254	21
8255	21
8256	21
8257	21
8258	21
8259	21
8260	21
8261	21
8262	21
8263	21
8264	21
8265	21
8266	21
8267	21
8268	21
8269	21
8270	21
8271	21
8272	21
8273	21
8274	21
8275	21
8276	21
8277	21
8278	21
8279	21
8280	21
8281	21
8282	21
8283	21
8284	21
8285	21
8286	21
8287	21
8288	21
8289	21
8290	21
8291	21
8292	21
8293	21
8294	21
8295	21
8296	21
8297	21
8298	21
8299	21
8300	21
8301	21
8302	21
8303	21
8304	21
8305	21
8306	21
8307	21
8308	21
8309	21
8310	21
8311	21
8312	21
8313	21
8314	21
8315	21
8316	21
8317	21
8318	21
8319	21
8320	21
8321	21
8322	21
8323	21
8324	21
8325	21
8326	21
8327	21
8328	21
8329	21
8330	21
8331	21
8332	21
8333	21
8334	21
8335	21
8336	21
8337	21
8338	21
8339	21
8340	21
8341	21
8342	21
8343	21
8344	21
8345	21
8346	21
8347	21
8348	21
8349	21
8350	21
8351	21
8352	21
8353	21
8354	21
8355	21
8356	21
8357	21
8358	21
8359	21
8360	21
8361	21
8362	21
8363	21
8364	21
8365	21
8366	21
8367	21
8368	21
8369	21
8370	21
8371	21
8372	21
8373	21
8374	21
8375	21
8376	21
8377	21
8378	21
8379	21
8380	21
8381	21
8382	21
8383	21
8384	21
8385	21
8386	21
8387	21
8388	21
8389	21
8390	21
8391	21
8392	21
8393	21
8394	21
8395	21
8396	21
8397	21
8398	21
8399	21
8400	21
8401	21
8402	21
8403	21
8404	21
8405	21
8406	21
8407	21
8408	21
8409	21
8410	21
8411	21
8412	21
8413	21
8414	21
8415	21
8416	21
8417	21
8418	21
8419	21
8420	21
8421	21
8422	21
8423	21
8424	21
8425	21
8426	21
8427	21
8428	21
8429	21
8430	21
8431	21
8432	21
8433	21
8434	21
8435	21
8436	21
8437	21
8438	21
8439	21
8440	21
8441	21
8442	21
8443	21
8444	21
8445	21
8446	21
8447	21
8448	21
8449	21
8450	21
8451	21
8452	21
8453	21
8454	21
8455	21
8456	21
8457	21
8458	21
8459	21
8460	21
8461	21
8462	21
8463	21
8464	21
8465	21
8466	21
8467	21
8468	21
8469	21
8470	21
8471	21
8472	21
8473	21
8474	21
8475	21
8476	21
8477	21
8478	21
8479	21
8480	21
8481	21
8482	21
8483	21
8484	21
8485	21
8486	21
8487	21
8488	21
8489	21
8490	21
8491	21
8492	21
8493	21
8494	21
8495	21
8496	21
8497	21
8498	21
8499	21
8500	21
8501	21
8502	21
8503	21
8504	21
8505	21
8506	21
8507	21
8508	21
8509	21
8510	21
8511	21
8512	21
8513	21
8514	21
8515	21
8516	21
8517	21
8518	21
8519	21
8520	21
8521	21
8522	21
8523	21
8524	21
8525	21
8526	21
8527	21
8528	21
8529	21
8530	21
8531	21
8532	21
8533	21
8534	21
8535	21
8536	21
8537	21
8538	21
8539	21
8540	21
8541	21
8542	21
8543	21
8544	21
8545	21
8546	21
8547	21
8548	21
8549	21
8550	21
8551	21
8552	21
8553	21
8554	21
8555	21
8556	21
8557	21
8558	21
8559	21
8560	21
8561	21
8562	21
8563	21
8564	21
8565	21
8566	21
8567	21
8568	21
8569	21
8570	21
8571	21
8572	21
8573	21
8574	21
8575	21
8576	21
8577	21
8578	21
8579	21
8580	21
8581	21
8582	21
8583	21
8584	21
8585	21
8586	21
8587	21
8588	21
8589	21
8590	21
8591	21
8592	21
8593	21
8594	21
8595	21
8596	21
8597	21
8598	21
8599	21
8600	21
8601	21
8602	21
8603	21
8604	21
8605	21
8606	21
8607	21
8608	21
8609	21
8610	21
8611	21
8612	21
8613	21
8614	21
8615	21
8616	21
8617	21
8618	21
8619	21
8620	21
8621	21
8622	21
8623	21
8624	21
8625	21
8626	21
8627	21
8628	21
8629	21
8630	21
8631	21
8632	21
8633	21
8634	21
8635	21
8636	21
8637	21
8638	21
8639	21
8640	21
8641	21
8642	21
8643	21
8644	21
8645	21
8646	21
8647	21
8648	21
8649	21
8650	21
8651	21
8652	21
8653	21
8654	21
8655	21
8656	21
8657	21
8658	21
8659	21
8660	21
8661	21
8662	21
8663	21
8664	21
8665	21
8666	21
8667	21
8668	21
8669	21
8670	21
8671	21
8672	21
8673	21
8674	21
8675	21
8676	21
8677	21
8678	21
8679	21
8680	21
8681	21
8682	21
8683	21
8684	21
8685	21
8686	21
8687	21
8688	21
8689	21
8690	21
8691	21
8692	21
8693	21
8694	21
8695	21
8696	21
8697	21
8698	21
8699	21
8700	21
8701	21
8702	21
8703	21
8704	21
8705	21
8706	21
8707	21
8708	21
8709	21
8710	21
8711	21
8712	21
8713	21
8714	21
8715	21
8716	21
8717	21
8718	21
8719	21
8720	21
8721	21
8722	21
8723	21
8724	21
8725	21
8726	21
8727	21
8728	21
8729	21
8730	21
8731	21
8732	21
8733	21
8734	21
8735	21
8736	21
8737	21
8738	21
8739	21
8740	21
8741	21
8742	21
8743	21
8744	21
8745	21
8746	21
8747	21
8748	21
8749	21
8750	21
8751	21
8752	21
8753	21
8754	21
8755	21
8756	21
8757	21
8758	21
8759	21
8760	21
8761	21
8762	21
8763	21
8764	21
8765	21
8766	21
8767	21
8768	21
8769	21
8770	21
8771	21
8772	21
8773	21
8774	21
8775	21
8776	21
8777	21
8778	21
8779	21
8780	21
8781	21
8782	21
8783	21
8784	21
8785	21
8786	21
8787	21
8788	21
8789	21
8790	21
8791	21
8792	21
8793	21
8794	21
8795	21
8796	21
8797	21
8798	21
8799	21
8800	21
8801	21
8802	21
8803	21
8804	21
8805	21
8806	21
8807	21
8808	21
8809	21
8810	21
8811	21
8812	21
8813	21
8814	21
8815	21
8816	21
8817	21
8818	21
8819	21
8820	21
8821	21
8822	21
8823	21
8824	21
8825	21
8826	21
8827	21
8828	21
8829	21
8830	21
8831	21
8832	21
8833	21
8834	21
8835	21
8836	21
8837	21
8838	21
8839	21
8840	21
8841	21
8842	21
8843	21
8844	21
8845	21
8846	21
8847	21
8848	21
8849	21
8850	21
8851	21
8852	21
8853	21
8854	21
8855	21
8856	21
8857	21
8858	21
8859	21
8860	21
8861	21
8862	21
8863	21
8864	21
8865	21
8866	21
8867	21
8868	21
8869	21
8870	21
8871	21
8872	21
8873	21
8874	21
8875	21
8876	21
8877	21
8878	21
8879	21
8880	21
8881	21
8882	21
8883	21
8884	21
8885	21
8886	21
8887	21
8888	21
8889	21
8890	21
8891	21
8892	21
8893	21
8894	21
8895	21
8896	21
8897	21
8898	21
8899	21
8900	21
8901	21
8902	21
8903	21
8904	21
8905	21
8906	21
8907	21
8908	21
8909	21
8910	21
8911	21
8912	21
8913	21
8914	21
8915	21
8916	21
8917	21
8918	21
8919	21
8920	21
8921	21
8922	21
8923	21
8924	21
8925	21
8926	21
8927	21
8928	21
8929	21
8930	21
8931	21
8932	21
8933	21
8934	21
8935	21
8936	21
8937	21
8938	21
8939	21
8940	21
8941	21
8942	21
8943	21
8944	21
8945	21
8946	21
8947	21
8948	21
8949	21
8950	21
8951	21
8952	21
8953	21
8954	21
8955	21
8956	21
8957	21
8958	21
8959	21
8960	21
8961	21
8962	21
8963	21
8964	21
8965	21
8966	21
8967	21
8968	21
8969	21
8970	21
8971	21
8972	21
8973	21
8974	21
8975	21
8976	21
8977	21
8978	21
8979	21
8980	21
8981	21
8982	21
8983	21
8984	21
8985	21
8986	21
8987	21
8988	21
8989	21
8990	21
8991	21
8992	21
8993	21
8994	21
8995	21
8996	21
8997	21
8998	21
8999	21
9000	21
9001	21
9002	21
9003	21
9004	21
9005	21
9006	21
9007	21
9008	21
9009	21
9010	21
9011	21
9012	21
9013	21
9014	21
9015	21
9016	21
9017	21
9018	21
9019	21
9020	21
9021	21
9022	21
9023	21
9024	21
9025	21
9026	21
9027	21
9028	21
9029	21
9030	21
9031	21
9032	21
9033	21
9034	21
9035	21
9036	21
9037	21
9038	21
9039	21
9040	21
9041	21
9042	21
9043	21
9044	21
9045	21
9046	21
9047	21
9048	21
9049	21
9050	21
9051	21
9052	21
9053	21
9054	21
9055	21
9056	21
9057	21
9058	21
9059	21
9060	21
9061	21
9062	21
9063	21
9064	21
9065	21
9066	21
9067	21
9068	21
9069	21
9070	21
9071	21
9072	21
9073	21
9074	21
9075	21
9076	21
9077	21
9078	21
9079	21
9080	21
9081	21
9082	21
9083	21
9084	21
9085	21
9086	21
9087	21
9088	21
9089	21
9090	21
9091	21
9092	21
9093	21
9094	21
9095	21
9096	21
9097	21
9098	21
9099	21
9100	21
9101	21
9102	21
9103	21
9104	21
9105	21
9106	21
9107	21
9108	21
9109	21
9110	21
9111	21
9112	21
9113	21
9114	21
9115	21
9116	21
9117	21
9118	21
9119	21
9120	21
9121	21
9122	21
9123	21
9124	21
9125	21
9126	21
9127	21
9128	21
9129	21
9130	21
9131	21
9132	21
9133	21
9134	21
9135	21
9136	21
9137	21
9138	21
9139	21
9140	21
9141	21
9142	21
9143	21
9144	21
9145	21
9146	21
9147	21
9148	21
9149	21
9150	21
9151	21
9152	21
9153	21
9154	21
9155	21
9156	21
9157	21
9158	21
9159	21
9160	21
9161	21
9162	21
9163	21
9164	21
9165	21
9166	21
9167	21
9168	21
9169	21
9170	21
9171	21
9172	21
9173	21
9174	21
9175	21
9176	21
9177	21
9178	21
9179	21
9180	21
9181	21
9182	21
9183	21
9184	21
9185	21
9186	21
9187	21
9188	21
9189	21
9190	21
9191	21
9192	21
9193	21
9194	21
9195	21
9196	21
9197	21
9198	21
9199	21
9200	21
9201	21
9202	21
9203	21
9204	21
9205	21
9206	21
9207	21
9208	21
9209	21
9210	21
9211	21
9212	21
9213	21
9214	21
9215	21
9216	21
9217	21
9218	21
9219	21
9220	21
9221	21
9222	21
9223	21
9224	21
9225	21
9226	21
9227	21
9228	21
9229	21
9230	21
9231	21
9232	21
9233	21
9234	21
9235	21
9236	21
9237	21
9238	21
9239	21
9240	21
9241	21
9242	21
9243	21
9244	21
9245	21
9246	21
9247	21
9248	21
9249	21
9250	21
9251	21
9252	21
9253	21
9254	21
9255	21
9256	21
9257	21
9258	21
9259	21
9260	21
9261	21
9262	21
9263	21
9264	21
9265	21
9266	21
9267	21
9268	21
9269	21
9270	21
9271	21
9272	21
9273	21
9274	21
9275	21
9276	21
9277	21
9278	21
9279	21
9280	21
9281	21
9282	21
9283	21
9284	21
9285	21
9286	21
9287	21
9288	21
9289	21
9290	21
9291	21
9292	21
9293	21
9294	21
9295	21
9296	21
9297	21
9298	21
9299	21
9300	21
9301	21
9302	21
9303	21
9304	21
9305	21
9306	21
9307	21
9308	21
9309	21
9310	21
9311	21
9312	21
9313	21
9314	21
9315	21
9316	21
9317	21
9318	21
9319	21
9320	21
9321	21
9322	21
9323	21
9324	21
9325	21
9326	21
9327	21
9328	21
9329	21
9330	21
9331	21
9332	21
9333	21
9334	21
9335	21
9336	21
9337	21
9338	21
9339	21
9340	21
9341	21
9342	21
9343	21
9344	21
9345	21
9346	21
9347	21
9348	21
9349	21
9350	21
9351	21
9352	21
9353	21
9354	21
9355	21
9356	21
9357	21
9358	21
9359	21
9360	21
9361	21
9362	21
9363	21
9364	21
9365	21
9366	21
9367	21
9368	21
9369	21
9370	21
9371	21
9372	21
9373	21
9374	21
9375	21
9376	21
9377	21
9378	21
9379	21
9380	21
9381	21
9382	21
9383	21
9384	21
9385	21
9386	21
9387	21
9388	21
9389	21
9390	21
9391	21
9392	21
9393	21
9394	21
9395	21
9396	21
9397	21
9398	21
9399	21
9400	21
9401	21
9402	21
9403	21
9404	21
9405	21
9406	21
9407	21
9408	21
9409	21
9410	21
9411	21
9412	21
9413	21
9414	21
9415	21
9416	21
9417	21
9418	21
9419	21
9420	21
9421	21
9422	21
9423	21
9424	21
9425	21
9426	21
9427	21
9428	21
9429	21
9430	21
9431	21
9432	21
9433	21
9434	21
9435	21
9436	21
9437	21
9438	21
9439	21
9440	21
9441	21
9442	21
9443	21
9444	21
9445	21
9446	21
9447	21
9448	21
9449	21
9450	21
9451	21
9452	21
9453	21
9454	21
9455	21
9456	21
9457	21
9458	21
9459	21
9460	21
9461	21
9462	21
9463	21
9464	21
9465	21
9466	21
9467	21
9468	21
9469	21
9470	21
9471	21
9472	21
9473	21
9474	21
9475	21
9476	21
9477	21
9478	21
9479	21
9480	21
9481	21
9482	21
9483	21
9484	21
9485	21
9486	21
9487	21
9488	21
9489	21
9490	21
9491	21
9492	21
9493	21
9494	21
9495	21
9496	21
9497	21
9498	21
9499	21
9500	21
9501	21
9502	21
9503	21
9504	21
9505	21
9506	21
9507	21
9508	21
9509	21
9510	21
9511	21
9512	21
9513	21
9514	21
9515	21
9516	21
9517	21
9518	21
9519	21
9520	21
9521	21
9522	21
9523	21
9524	21
9525	21
9526	21
9527	21
9528	21
9529	21
9530	21
9531	21
9532	21
9533	21
9534	21
9535	21
9536	21
9537	21
9538	21
9539	21
9540	21
9541	21
9542	21
9543	21
9544	21
9545	21
9546	21
9547	21
9548	21
9549	21
9550	21
9551	21
9552	21
9553	21
9554	21
9555	21
9556	21
9557	21
9558	21
9559	21
9560	21
9561	21
9562	21
9563	21
9564	21
9565	21
9566	21
9567	21
9568	21
9569	21
9570	21
9571	21
9572	21
9573	21
9574	21
9575	21
9576	21
9577	21
9578	21
9579	21
9580	21
9581	21
9582	21
9583	21
9584	21
9585	21
9586	21
9587	21
9588	21
9589	21
9590	21
9591	21
9592	21
9593	21
9594	21
9595	21
9596	21
9597	21
9598	21
9599	21
9600	21
9601	21
9602	21
9603	21
9604	21
9605	21
9606	21
9607	21
9608	21
9609	21
9610	21
9611	21
9612	21
9613	21
9614	21
9615	21
9616	21
9617	21
9618	21
9619	21
9620	21
9621	21
9622	21
9623	21
9624	21
9625	21
9626	21
9627	21
9628	21
9629	21
9630	21
9631	21
9632	21
9633	21
9634	21
9635	21
9636	21
9637	21
9638	21
9639	21
9640	21
9641	21
9642	21
9643	21
9644	21
9645	21
9646	21
9647	21
9648	21
9649	21
9650	21
9651	21
9652	21
9653	21
9654	21
9655	21
9656	21
9657	21
9658	21
9659	21
9660	21
9661	21
9662	21
9663	21
9664	21
9665	21
9666	21
9667	21
9668	21
9669	21
9670	21
9671	21
9672	21
9673	21
9674	21
9675	21
9676	21
9677	21
9678	21
9679	21
9680	21
9681	21
9682	21
9683	21
9684	21
9685	21
9686	21
9687	21
9688	21
9689	21
9690	21
9691	21
9692	21
9693	21
9694	22
9695	22
9696	22
9697	22
9698	22
9699	22
9700	22
9701	22
9702	22
9703	22
9704	22
9705	22
9706	22
9707	22
9708	22
9709	22
9710	22
9711	22
9712	22
9713	22
9714	22
9715	22
9716	22
9717	22
9718	22
9719	22
9720	22
9721	22
9722	22
9723	22
9724	22
9725	22
9726	22
9727	22
9728	22
9729	22
9730	22
9731	22
9732	22
9733	22
9734	22
9735	22
9736	22
9737	22
9738	22
9739	22
9740	22
9741	22
9742	22
9743	22
9744	22
9745	22
9746	22
9747	22
9748	22
9749	22
9750	22
9751	22
9752	22
9753	22
9754	22
9755	22
9756	22
9757	22
9758	22
9759	22
9760	22
9761	22
9762	22
9763	22
9764	22
9765	22
9766	22
9767	22
9768	22
9769	22
9770	22
9771	22
9772	22
9773	22
9774	22
9775	22
9776	22
9777	22
9778	22
9779	22
9780	22
9781	22
9782	22
9783	22
9784	22
9785	22
9786	22
9787	22
9788	22
9789	22
9790	22
9791	22
9792	22
9793	22
9794	22
9795	22
9796	22
9797	22
9798	22
9799	22
9800	22
9801	22
9802	22
9803	22
9804	22
9805	22
9806	22
9807	22
9808	22
9809	22
9810	22
9811	22
9812	22
9813	22
9814	22
9815	22
9816	22
9817	22
9818	22
9819	22
9820	22
9821	22
9822	22
9823	22
9824	22
9825	22
9826	22
9827	22
9828	22
9829	22
9830	22
9831	22
9832	22
9833	22
9834	22
9835	22
9836	22
9837	22
9838	22
9839	22
9840	22
9841	22
9842	22
9843	22
9844	22
9845	22
9846	22
9847	22
9848	22
9849	22
9850	22
9851	22
9852	22
9853	22
9854	22
9855	22
9856	22
9857	22
9858	22
9859	22
9860	22
9861	22
9862	22
9863	22
9864	22
9865	22
9866	22
9867	22
9868	22
9869	22
9870	22
9871	22
9872	23
9873	23
9874	23
9875	23
9876	23
9877	23
9878	23
9879	23
9880	23
9881	23
9882	23
9883	23
9884	23
9885	23
9886	23
9887	23
9888	23
9889	23
9890	23
9891	23
9892	23
9893	23
9894	23
9895	23
9896	23
9897	23
9898	23
9899	23
9900	23
9901	23
9902	23
9903	23
9904	23
9905	23
9906	23
9907	23
9908	23
9909	23
9910	23
9911	23
9912	23
9913	23
9914	23
9915	23
9916	23
9917	23
9918	23
9919	23
9920	23
9921	23
9922	23
9923	23
9924	23
9925	23
9926	23
9927	23
9928	23
9929	23
9930	23
9931	23
9932	23
9933	23
9934	23
9935	23
9936	23
9937	23
9938	23
9939	23
9940	23
9941	23
9942	23
9943	23
9944	23
9945	23
9946	23
9947	23
9948	23
9949	23
9950	23
9951	23
9952	23
9953	23
9954	23
9955	23
9956	23
9957	23
9958	23
9959	23
9960	23
9961	23
9962	23
9963	23
9964	23
9965	23
9966	23
9967	23
9968	23
9969	23
9970	23
9971	23
9972	23
9973	23
9974	23
9975	23
9976	23
9977	23
9978	23
9979	23
9980	23
9981	23
9982	23
9983	23
9984	23
9985	23
9986	23
9987	23
9988	23
9989	23
9990	23
9991	23
9992	23
9993	23
9994	23
9995	23
9996	23
9997	23
9998	23
9999	23
10000	23
