#Clock	ItemsCollected
1	0
2	0
3	0
4	0
5	0
6	0
7	0
8	0
9	0
10	0
11	0
12	0
13	0
14	0
15	0
16	0
17	0
18	0
19	0
20	0
21	0
22	0
23	0
24	0
25	0
26	0
27	0
28	0
29	0
30	0
31	0
32	0
33	0
34	0
35	0
36	0
37	0
38	0
39	0
40	0
41	0
42	0
43	0
44	0
45	0
46	0
47	0
48	0
49	0
50	0
51	0
52	0
53	0
54	0
55	0
56	0
57	0
58	0
59	0
60	0
61	0
62	0
63	0
64	0
65	0
66	0
67	0
68	0
69	0
70	0
71	0
72	0
73	0
74	0
75	0
76	0
77	0
78	0
79	0
80	0
81	0
82	0
83	0
84	0
85	0
86	0
87	0
88	0
89	0
90	0
91	0
92	0
93	0
94	0
95	0
96	0
97	0
98	0
99	0
100	0
101	0
102	0
103	0
104	0
105	0
106	0
107	0
108	0
109	0
110	0
111	0
112	0
113	0
114	0
115	0
116	0
117	0
118	0
119	0
120	0
121	0
122	0
123	0
124	0
125	0
126	0
127	0
128	0
129	0
130	0
131	0
132	0
133	0
134	0
135	0
136	0
137	0
138	0
139	0
140	0
141	0
142	0
143	0
144	0
145	0
146	0
147	0
148	0
149	0
150	0
151	0
152	0
153	0
154	0
155	0
156	0
157	0
158	0
159	0
160	0
161	0
162	0
163	0
164	0
165	0
166	0
167	0
168	0
169	0
170	0
171	0
172	0
173	0
174	0
175	0
176	0
177	0
178	0
179	0
180	0
181	0
182	0
183	0
184	0
185	0
186	0
187	0
188	0
189	0
190	0
191	0
192	0
193	0
194	0
195	0
196	0
197	0
198	0
199	0
200	0
201	0
202	0
203	0
204	0
205	0
206	0
207	0
208	0
209	0
210	0
211	0
212	0
213	0
214	0
215	0
216	0
217	0
218	0
219	0
220	0
221	0
222	0
223	0
224	0
225	0
226	0
227	0
228	0
229	0
230	0
231	0
232	0
233	0
234	0
235	0
236	0
237	0
238	0
239	0
240	0
241	0
242	0
243	0
244	0
245	0
246	0
247	0
248	0
249	0
250	0
251	0
252	0
253	0
254	0
255	0
256	0
257	0
258	0
259	0
260	0
261	0
262	0
263	0
264	0
265	0
266	0
267	0
268	0
269	0
270	0
271	0
272	0
273	0
274	0
275	0
276	0
277	0
278	0
279	0
280	0
281	0
282	0
283	0
284	0
285	0
286	0
287	0
288	0
289	0
290	0
291	0
292	0
293	0
294	0
295	0
296	0
297	0
298	0
299	0
300	0
301	0
302	0
303	0
304	0
305	0
306	0
307	0
308	0
309	0
310	0
311	0
312	0
313	0
314	0
315	0
316	0
317	0
318	0
319	0
320	0
321	0
322	0
323	0
324	0
325	0
326	0
327	0
328	0
329	0
330	0
331	0
332	0
333	0
334	0
335	0
336	0
337	0
338	0
339	0
340	0
341	0
342	0
343	0
344	0
345	0
346	0
347	0
348	0
349	0
350	0
351	0
352	0
353	0
354	0
355	0
356	0
357	0
358	0
359	0
360	0
361	0
362	0
363	0
364	0
365	0
366	0
367	0
368	0
369	0
370	0
371	0
372	0
373	0
374	0
375	0
376	0
377	0
378	0
379	0
380	0
381	0
382	0
383	0
384	0
385	0
386	0
387	0
388	0
389	0
390	0
391	0
392	0
393	0
394	0
395	0
396	0
397	0
398	0
399	0
400	0
401	0
402	0
403	0
404	0
405	0
406	0
407	0
408	0
409	0
410	0
411	0
412	0
413	0
414	0
415	0
416	0
417	0
418	0
419	0
420	0
421	0
422	0
423	0
424	0
425	0
426	0
427	0
428	0
429	0
430	0
431	0
432	0
433	0
434	0
435	0
436	0
437	0
438	0
439	0
440	0
441	0
442	0
443	0
444	0
445	0
446	0
447	0
448	0
449	0
450	0
451	0
452	0
453	0
454	0
455	0
456	0
457	0
458	0
459	0
460	0
461	0
462	0
463	0
464	0
465	0
466	0
467	0
468	0
469	0
470	0
471	0
472	0
473	0
474	0
475	0
476	0
477	0
478	0
479	0
480	0
481	0
482	0
483	0
484	0
485	0
486	0
487	0
488	0
489	0
490	0
491	0
492	0
493	0
494	0
495	0
496	0
497	0
498	0
499	0
500	0
501	0
502	0
503	0
504	0
505	0
506	0
507	0
508	0
509	0
510	0
511	0
512	0
513	0
514	0
515	0
516	0
517	0
518	0
519	0
520	0
521	0
522	0
523	0
524	0
525	0
526	0
527	0
528	0
529	0
530	0
531	0
532	0
533	0
534	0
535	0
536	0
537	0
538	0
539	0
540	0
541	0
542	0
543	0
544	0
545	0
546	0
547	0
548	0
549	0
550	0
551	0
552	0
553	0
554	0
555	0
556	0
557	0
558	0
559	0
560	0
561	0
562	0
563	0
564	0
565	0
566	0
567	0
568	0
569	0
570	0
571	0
572	0
573	0
574	0
575	0
576	0
577	0
578	0
579	0
580	0
581	0
582	0
583	0
584	0
585	0
586	0
587	0
588	0
589	0
590	0
591	0
592	0
593	0
594	0
595	0
596	0
597	0
598	0
599	0
600	0
601	0
602	0
603	0
604	0
605	0
606	0
607	0
608	0
609	0
610	0
611	0
612	0
613	0
614	0
615	0
616	0
617	0
618	0
619	0
620	0
621	0
622	0
623	0
624	0
625	0
626	0
627	0
628	0
629	0
630	0
631	0
632	0
633	0
634	0
635	0
636	0
637	0
638	0
639	0
640	0
641	0
642	0
643	0
644	0
645	0
646	0
647	0
648	0
649	0
650	0
651	0
652	0
653	0
654	0
655	0
656	0
657	0
658	0
659	0
660	0
661	0
662	0
663	0
664	0
665	0
666	0
667	0
668	0
669	0
670	0
671	0
672	0
673	0
674	0
675	0
676	0
677	0
678	0
679	0
680	0
681	0
682	0
683	0
684	0
685	0
686	0
687	0
688	0
689	0
690	0
691	0
692	0
693	0
694	0
695	0
696	0
697	0
698	0
699	0
700	0
701	0
702	0
703	0
704	0
705	0
706	0
707	0
708	0
709	0
710	0
711	0
712	0
713	0
714	0
715	0
716	0
717	0
718	0
719	0
720	0
721	0
722	0
723	0
724	0
725	0
726	0
727	0
728	0
729	0
730	0
731	0
732	0
733	0
734	0
735	0
736	0
737	0
738	0
739	0
740	0
741	0
742	0
743	0
744	0
745	0
746	0
747	0
748	0
749	0
750	0
751	0
752	0
753	0
754	0
755	0
756	0
757	0
758	0
759	0
760	0
761	0
762	0
763	0
764	0
765	0
766	0
767	0
768	0
769	0
770	0
771	0
772	0
773	0
774	0
775	0
776	0
777	0
778	0
779	0
780	0
781	0
782	0
783	0
784	0
785	0
786	0
787	0
788	0
789	0
790	0
791	0
792	0
793	0
794	0
795	0
796	0
797	0
798	0
799	0
800	0
801	0
802	0
803	0
804	0
805	0
806	0
807	0
808	0
809	0
810	0
811	0
812	0
813	0
814	0
815	0
816	0
817	0
818	0
819	0
820	0
821	0
822	0
823	0
824	0
825	0
826	0
827	0
828	0
829	0
830	0
831	0
832	0
833	0
834	0
835	0
836	0
837	0
838	0
839	0
840	0
841	0
842	0
843	0
844	0
845	0
846	0
847	0
848	0
849	0
850	0
851	0
852	0
853	0
854	0
855	0
856	0
857	0
858	0
859	0
860	0
861	0
862	0
863	0
864	0
865	0
866	0
867	0
868	0
869	0
870	0
871	0
872	0
873	0
874	0
875	0
876	0
877	0
878	0
879	0
880	0
881	0
882	0
883	0
884	0
885	0
886	0
887	0
888	0
889	0
890	0
891	0
892	0
893	0
894	0
895	0
896	0
897	0
898	0
899	0
900	0
901	0
902	0
903	0
904	0
905	0
906	0
907	0
908	0
909	0
910	0
911	0
912	0
913	0
914	0
915	0
916	0
917	0
918	0
919	0
920	0
921	0
922	0
923	0
924	0
925	0
926	0
927	0
928	0
929	0
930	0
931	0
932	0
933	0
934	0
935	0
936	0
937	0
938	0
939	0
940	0
941	0
942	0
943	0
944	0
945	0
946	0
947	0
948	0
949	0
950	0
951	0
952	0
953	0
954	0
955	0
956	0
957	0
958	0
959	0
960	0
961	0
962	0
963	0
964	0
965	0
966	0
967	0
968	0
969	0
970	0
971	0
972	0
973	0
974	0
975	0
976	0
977	0
978	0
979	0
980	0
981	0
982	0
983	0
984	0
985	0
986	0
987	0
988	0
989	0
990	0
991	0
992	0
993	0
994	0
995	0
996	0
997	0
998	0
999	0
1000	0
1001	0
1002	0
1003	0
1004	0
1005	0
1006	0
1007	0
1008	0
1009	0
1010	0
1011	0
1012	0
1013	0
1014	0
1015	0
1016	0
1017	0
1018	0
1019	0
1020	0
1021	0
1022	0
1023	0
1024	0
1025	0
1026	0
1027	0
1028	0
1029	0
1030	0
1031	0
1032	0
1033	0
1034	0
1035	0
1036	0
1037	0
1038	0
1039	0
1040	0
1041	0
1042	0
1043	0
1044	0
1045	0
1046	0
1047	0
1048	0
1049	0
1050	0
1051	0
1052	0
1053	0
1054	0
1055	0
1056	0
1057	0
1058	0
1059	0
1060	0
1061	0
1062	0
1063	0
1064	0
1065	0
1066	0
1067	0
1068	0
1069	0
1070	0
1071	0
1072	0
1073	0
1074	0
1075	0
1076	0
1077	0
1078	0
1079	0
1080	0
1081	0
1082	0
1083	0
1084	0
1085	0
1086	0
1087	0
1088	0
1089	0
1090	0
1091	0
1092	0
1093	0
1094	0
1095	0
1096	0
1097	0
1098	0
1099	0
1100	0
1101	0
1102	0
1103	0
1104	0
1105	0
1106	0
1107	0
1108	0
1109	0
1110	0
1111	0
1112	0
1113	0
1114	0
1115	0
1116	0
1117	0
1118	0
1119	0
1120	0
1121	0
1122	0
1123	0
1124	0
1125	0
1126	0
1127	0
1128	0
1129	0
1130	0
1131	0
1132	0
1133	0
1134	0
1135	0
1136	0
1137	0
1138	0
1139	0
1140	0
1141	0
1142	0
1143	0
1144	0
1145	0
1146	0
1147	0
1148	0
1149	0
1150	0
1151	0
1152	0
1153	0
1154	0
1155	0
1156	0
1157	0
1158	0
1159	0
1160	0
1161	0
1162	0
1163	0
1164	0
1165	0
1166	0
1167	0
1168	0
1169	0
1170	0
1171	0
1172	0
1173	0
1174	0
1175	0
1176	0
1177	0
1178	0
1179	0
1180	0
1181	0
1182	0
1183	0
1184	0
1185	0
1186	0
1187	0
1188	0
1189	0
1190	0
1191	0
1192	0
1193	0
1194	0
1195	0
1196	0
1197	0
1198	0
1199	0
1200	0
1201	0
1202	0
1203	0
1204	0
1205	0
1206	0
1207	0
1208	0
1209	0
1210	0
1211	0
1212	0
1213	0
1214	0
1215	0
1216	0
1217	0
1218	0
1219	0
1220	0
1221	0
1222	0
1223	0
1224	0
1225	0
1226	0
1227	0
1228	0
1229	0
1230	0
1231	0
1232	0
1233	0
1234	0
1235	0
1236	0
1237	0
1238	0
1239	0
1240	0
1241	0
1242	0
1243	0
1244	0
1245	0
1246	0
1247	0
1248	0
1249	0
1250	0
1251	0
1252	0
1253	0
1254	0
1255	0
1256	0
1257	0
1258	0
1259	0
1260	0
1261	0
1262	0
1263	0
1264	0
1265	0
1266	0
1267	0
1268	0
1269	0
1270	0
1271	0
1272	0
1273	0
1274	0
1275	0
1276	0
1277	0
1278	0
1279	0
1280	0
1281	0
1282	0
1283	0
1284	0
1285	0
1286	0
1287	0
1288	0
1289	0
1290	0
1291	0
1292	0
1293	0
1294	0
1295	0
1296	0
1297	0
1298	0
1299	0
1300	0
1301	0
1302	0
1303	0
1304	0
1305	0
1306	0
1307	0
1308	0
1309	0
1310	0
1311	0
1312	0
1313	0
1314	0
1315	0
1316	0
1317	0
1318	0
1319	0
1320	0
1321	0
1322	0
1323	0
1324	0
1325	0
1326	0
1327	0
1328	0
1329	0
1330	0
1331	0
1332	0
1333	0
1334	0
1335	0
1336	0
1337	0
1338	0
1339	0
1340	0
1341	0
1342	0
1343	0
1344	0
1345	0
1346	0
1347	0
1348	0
1349	0
1350	0
1351	0
1352	0
1353	0
1354	0
1355	0
1356	0
1357	0
1358	0
1359	0
1360	0
1361	0
1362	0
1363	0
1364	0
1365	0
1366	0
1367	0
1368	0
1369	0
1370	0
1371	0
1372	0
1373	0
1374	0
1375	0
1376	0
1377	0
1378	0
1379	0
1380	0
1381	0
1382	0
1383	0
1384	0
1385	0
1386	0
1387	0
1388	0
1389	0
1390	0
1391	0
1392	0
1393	0
1394	0
1395	0
1396	0
1397	0
1398	0
1399	0
1400	0
1401	0
1402	0
1403	0
1404	0
1405	0
1406	0
1407	0
1408	0
1409	0
1410	0
1411	0
1412	0
1413	0
1414	0
1415	0
1416	0
1417	0
1418	0
1419	0
1420	0
1421	0
1422	0
1423	0
1424	0
1425	0
1426	0
1427	0
1428	0
1429	0
1430	0
1431	0
1432	0
1433	0
1434	0
1435	0
1436	0
1437	0
1438	0
1439	0
1440	0
1441	0
1442	0
1443	0
1444	0
1445	0
1446	0
1447	0
1448	0
1449	0
1450	0
1451	0
1452	0
1453	0
1454	0
1455	0
1456	0
1457	0
1458	0
1459	0
1460	0
1461	0
1462	0
1463	0
1464	0
1465	0
1466	0
1467	0
1468	0
1469	0
1470	0
1471	0
1472	0
1473	0
1474	0
1475	0
1476	0
1477	0
1478	0
1479	0
1480	0
1481	0
1482	0
1483	0
1484	0
1485	0
1486	0
1487	0
1488	0
1489	0
1490	0
1491	0
1492	0
1493	0
1494	0
1495	0
1496	0
1497	0
1498	0
1499	0
1500	0
1501	0
1502	0
1503	0
1504	0
1505	0
1506	0
1507	0
1508	0
1509	0
1510	0
1511	0
1512	0
1513	0
1514	0
1515	0
1516	0
1517	0
1518	0
1519	0
1520	0
1521	0
1522	0
1523	0
1524	0
1525	0
1526	0
1527	0
1528	0
1529	0
1530	0
1531	0
1532	0
1533	0
1534	0
1535	0
1536	0
1537	0
1538	0
1539	0
1540	0
1541	0
1542	0
1543	0
1544	0
1545	0
1546	0
1547	0
1548	0
1549	0
1550	0
1551	0
1552	0
1553	0
1554	0
1555	0
1556	0
1557	0
1558	0
1559	0
1560	0
1561	0
1562	0
1563	0
1564	0
1565	0
1566	0
1567	0
1568	0
1569	0
1570	0
1571	0
1572	0
1573	0
1574	0
1575	0
1576	0
1577	0
1578	0
1579	0
1580	0
1581	0
1582	0
1583	0
1584	0
1585	0
1586	0
1587	0
1588	0
1589	0
1590	0
1591	0
1592	0
1593	0
1594	0
1595	0
1596	0
1597	0
1598	0
1599	0
1600	0
1601	0
1602	0
1603	0
1604	0
1605	0
1606	0
1607	0
1608	0
1609	0
1610	0
1611	0
1612	0
1613	0
1614	0
1615	0
1616	0
1617	0
1618	0
1619	0
1620	0
1621	0
1622	0
1623	0
1624	0
1625	0
1626	0
1627	0
1628	0
1629	0
1630	0
1631	0
1632	0
1633	0
1634	0
1635	0
1636	0
1637	0
1638	0
1639	0
1640	0
1641	0
1642	0
1643	0
1644	0
1645	0
1646	0
1647	0
1648	0
1649	0
1650	0
1651	0
1652	0
1653	0
1654	0
1655	0
1656	0
1657	0
1658	0
1659	0
1660	0
1661	0
1662	0
1663	0
1664	0
1665	0
1666	0
1667	0
1668	0
1669	0
1670	0
1671	0
1672	0
1673	0
1674	0
1675	0
1676	0
1677	0
1678	0
1679	0
1680	0
1681	0
1682	0
1683	0
1684	0
1685	0
1686	0
1687	0
1688	0
1689	0
1690	0
1691	0
1692	0
1693	0
1694	0
1695	0
1696	0
1697	0
1698	0
1699	0
1700	0
1701	0
1702	0
1703	0
1704	0
1705	0
1706	0
1707	0
1708	0
1709	0
1710	0
1711	0
1712	0
1713	0
1714	0
1715	0
1716	0
1717	0
1718	0
1719	0
1720	0
1721	0
1722	0
1723	0
1724	0
1725	0
1726	0
1727	0
1728	0
1729	0
1730	0
1731	0
1732	0
1733	0
1734	0
1735	0
1736	0
1737	0
1738	0
1739	0
1740	0
1741	0
1742	0
1743	0
1744	0
1745	0
1746	0
1747	0
1748	0
1749	0
1750	0
1751	0
1752	0
1753	0
1754	0
1755	0
1756	0
1757	0
1758	0
1759	0
1760	0
1761	0
1762	0
1763	0
1764	0
1765	0
1766	0
1767	0
1768	0
1769	0
1770	0
1771	0
1772	0
1773	0
1774	0
1775	0
1776	0
1777	0
1778	0
1779	0
1780	0
1781	0
1782	0
1783	0
1784	0
1785	0
1786	0
1787	0
1788	0
1789	0
1790	0
1791	0
1792	0
1793	0
1794	0
1795	0
1796	0
1797	0
1798	0
1799	0
1800	0
1801	0
1802	0
1803	0
1804	0
1805	0
1806	0
1807	0
1808	0
1809	0
1810	0
1811	0
1812	0
1813	0
1814	0
1815	0
1816	0
1817	0
1818	0
1819	0
1820	0
1821	0
1822	0
1823	0
1824	0
1825	0
1826	0
1827	0
1828	0
1829	0
1830	0
1831	0
1832	0
1833	0
1834	0
1835	0
1836	0
1837	0
1838	0
1839	0
1840	0
1841	0
1842	0
1843	0
1844	0
1845	0
1846	0
1847	0
1848	0
1849	0
1850	0
1851	0
1852	0
1853	0
1854	0
1855	0
1856	0
1857	0
1858	0
1859	0
1860	0
1861	0
1862	0
1863	0
1864	0
1865	0
1866	0
1867	0
1868	0
1869	0
1870	0
1871	0
1872	0
1873	0
1874	0
1875	0
1876	0
1877	0
1878	0
1879	0
1880	0
1881	0
1882	0
1883	0
1884	0
1885	0
1886	0
1887	0
1888	0
1889	0
1890	0
1891	0
1892	0
1893	0
1894	0
1895	0
1896	0
1897	0
1898	0
1899	0
1900	0
1901	0
1902	0
1903	0
1904	0
1905	0
1906	0
1907	0
1908	0
1909	0
1910	0
1911	0
1912	0
1913	0
1914	0
1915	0
1916	0
1917	0
1918	0
1919	0
1920	0
1921	0
1922	0
1923	0
1924	0
1925	0
1926	0
1927	0
1928	0
1929	0
1930	0
1931	0
1932	0
1933	0
1934	0
1935	0
1936	0
1937	0
1938	0
1939	0
1940	0
1941	0
1942	0
1943	0
1944	0
1945	0
1946	0
1947	0
1948	0
1949	0
1950	0
1951	0
1952	0
1953	0
1954	0
1955	0
1956	0
1957	0
1958	0
1959	0
1960	0
1961	0
1962	0
1963	0
1964	0
1965	0
1966	0
1967	0
1968	0
1969	0
1970	0
1971	0
1972	0
1973	0
1974	0
1975	0
1976	0
1977	0
1978	0
1979	0
1980	0
1981	0
1982	0
1983	0
1984	0
1985	0
1986	0
1987	0
1988	0
1989	0
1990	0
1991	0
1992	0
1993	0
1994	0
1995	0
1996	0
1997	0
1998	0
1999	0
2000	0
2001	0
2002	0
2003	0
2004	0
2005	0
2006	0
2007	0
2008	0
2009	0
2010	0
2011	0
2012	0
2013	0
2014	0
2015	0
2016	0
2017	0
2018	0
2019	0
2020	0
2021	0
2022	0
2023	0
2024	0
2025	0
2026	0
2027	0
2028	0
2029	0
2030	0
2031	0
2032	0
2033	0
2034	0
2035	0
2036	0
2037	0
2038	0
2039	0
2040	0
2041	0
2042	0
2043	0
2044	0
2045	0
2046	0
2047	0
2048	0
2049	0
2050	0
2051	0
2052	0
2053	0
2054	0
2055	0
2056	0
2057	0
2058	0
2059	0
2060	0
2061	0
2062	0
2063	0
2064	0
2065	0
2066	0
2067	0
2068	0
2069	0
2070	0
2071	0
2072	0
2073	0
2074	0
2075	0
2076	0
2077	0
2078	0
2079	0
2080	0
2081	0
2082	0
2083	0
2084	0
2085	0
2086	0
2087	0
2088	0
2089	0
2090	0
2091	0
2092	0
2093	0
2094	0
2095	0
2096	0
2097	0
2098	0
2099	0
2100	0
2101	0
2102	0
2103	0
2104	0
2105	0
2106	0
2107	0
2108	0
2109	0
2110	0
2111	0
2112	0
2113	0
2114	0
2115	0
2116	0
2117	0
2118	0
2119	0
2120	0
2121	0
2122	0
2123	0
2124	0
2125	0
2126	0
2127	0
2128	0
2129	0
2130	1
2131	1
2132	1
2133	1
2134	1
2135	1
2136	1
2137	1
2138	1
2139	1
2140	1
2141	1
2142	1
2143	1
2144	1
2145	1
2146	1
2147	1
2148	1
2149	1
2150	1
2151	1
2152	1
2153	1
2154	1
2155	1
2156	1
2157	1
2158	1
2159	1
2160	1
2161	1
2162	1
2163	1
2164	1
2165	1
2166	1
2167	1
2168	1
2169	1
2170	1
2171	1
2172	1
2173	1
2174	1
2175	1
2176	1
2177	1
2178	1
2179	1
2180	1
2181	1
2182	1
2183	1
2184	1
2185	1
2186	1
2187	1
2188	1
2189	1
2190	1
2191	1
2192	1
2193	1
2194	1
2195	1
2196	1
2197	1
2198	1
2199	1
2200	1
2201	1
2202	1
2203	1
2204	1
2205	1
2206	1
2207	1
2208	1
2209	1
2210	1
2211	1
2212	1
2213	1
2214	1
2215	1
2216	1
2217	1
2218	1
2219	1
2220	1
2221	1
2222	1
2223	1
2224	1
2225	1
2226	1
2227	1
2228	1
2229	1
2230	1
2231	1
2232	1
2233	1
2234	1
2235	1
2236	1
2237	1
2238	1
2239	1
2240	1
2241	1
2242	1
2243	1
2244	1
2245	1
2246	1
2247	1
2248	1
2249	1
2250	1
2251	1
2252	1
2253	1
2254	1
2255	1
2256	1
2257	1
2258	1
2259	1
2260	1
2261	1
2262	1
2263	1
2264	1
2265	1
2266	1
2267	1
2268	1
2269	1
2270	1
2271	1
2272	1
2273	1
2274	1
2275	1
2276	1
2277	1
2278	1
2279	1
2280	1
2281	1
2282	1
2283	1
2284	1
2285	1
2286	1
2287	1
2288	1
2289	1
2290	1
2291	1
2292	1
2293	1
2294	1
2295	1
2296	1
2297	1
2298	1
2299	1
2300	1
2301	1
2302	1
2303	1
2304	1
2305	1
2306	1
2307	1
2308	1
2309	1
2310	1
2311	1
2312	1
2313	1
2314	1
2315	1
2316	1
2317	1
2318	1
2319	1
2320	1
2321	1
2322	1
2323	1
2324	1
2325	1
2326	1
2327	1
2328	1
2329	1
2330	1
2331	1
2332	1
2333	1
2334	1
2335	1
2336	1
2337	1
2338	1
2339	1
2340	1
2341	1
2342	1
2343	1
2344	1
2345	1
2346	1
2347	1
2348	1
2349	1
2350	1
2351	1
2352	1
2353	1
2354	1
2355	1
2356	1
2357	1
2358	1
2359	1
2360	1
2361	1
2362	1
2363	1
2364	1
2365	1
2366	1
2367	1
2368	1
2369	1
2370	1
2371	1
2372	1
2373	1
2374	1
2375	1
2376	1
2377	1
2378	1
2379	1
2380	1
2381	1
2382	1
2383	1
2384	1
2385	1
2386	1
2387	1
2388	1
2389	1
2390	1
2391	1
2392	1
2393	1
2394	1
2395	1
2396	1
2397	1
2398	1
2399	1
2400	1
2401	1
2402	1
2403	1
2404	1
2405	1
2406	1
2407	1
2408	1
2409	1
2410	1
2411	1
2412	1
2413	1
2414	1
2415	1
2416	1
2417	1
2418	1
2419	1
2420	1
2421	1
2422	1
2423	1
2424	1
2425	1
2426	1
2427	1
2428	1
2429	1
2430	1
2431	1
2432	1
2433	1
2434	1
2435	1
2436	1
2437	1
2438	1
2439	1
2440	1
2441	1
2442	1
2443	1
2444	1
2445	1
2446	1
2447	1
2448	1
2449	1
2450	1
2451	1
2452	1
2453	1
2454	1
2455	1
2456	1
2457	1
2458	1
2459	1
2460	1
2461	1
2462	1
2463	1
2464	1
2465	1
2466	1
2467	1
2468	1
2469	1
2470	1
2471	1
2472	1
2473	1
2474	1
2475	1
2476	1
2477	1
2478	1
2479	1
2480	1
2481	1
2482	1
2483	1
2484	1
2485	1
2486	1
2487	1
2488	1
2489	1
2490	1
2491	1
2492	1
2493	1
2494	1
2495	1
2496	1
2497	1
2498	1
2499	1
2500	1
2501	1
2502	1
2503	1
2504	1
2505	1
2506	1
2507	1
2508	1
2509	1
2510	1
2511	1
2512	1
2513	1
2514	1
2515	1
2516	1
2517	1
2518	1
2519	1
2520	1
2521	1
2522	1
2523	1
2524	1
2525	1
2526	1
2527	1
2528	1
2529	1
2530	1
2531	1
2532	1
2533	1
2534	1
2535	1
2536	1
2537	1
2538	1
2539	1
2540	1
2541	1
2542	1
2543	1
2544	1
2545	1
2546	1
2547	1
2548	1
2549	1
2550	1
2551	1
2552	1
2553	1
2554	1
2555	1
2556	1
2557	1
2558	1
2559	1
2560	1
2561	1
2562	1
2563	1
2564	1
2565	1
2566	1
2567	1
2568	1
2569	1
2570	1
2571	1
2572	1
2573	1
2574	1
2575	1
2576	1
2577	1
2578	1
2579	1
2580	1
2581	1
2582	1
2583	1
2584	1
2585	1
2586	1
2587	1
2588	1
2589	1
2590	1
2591	1
2592	1
2593	1
2594	1
2595	1
2596	1
2597	1
2598	1
2599	1
2600	1
2601	1
2602	1
2603	1
2604	1
2605	1
2606	1
2607	1
2608	1
2609	1
2610	1
2611	1
2612	1
2613	1
2614	1
2615	1
2616	1
2617	1
2618	1
2619	1
2620	1
2621	1
2622	1
2623	1
2624	1
2625	1
2626	1
2627	1
2628	1
2629	1
2630	1
2631	1
2632	1
2633	1
2634	1
2635	1
2636	1
2637	1
2638	1
2639	1
2640	1
2641	1
2642	1
2643	1
2644	1
2645	1
2646	1
2647	1
2648	1
2649	1
2650	1
2651	1
2652	1
2653	1
2654	1
2655	1
2656	1
2657	1
2658	1
2659	1
2660	1
2661	1
2662	1
2663	1
2664	1
2665	1
2666	1
2667	1
2668	1
2669	1
2670	1
2671	1
2672	1
2673	1
2674	1
2675	1
2676	1
2677	1
2678	1
2679	1
2680	1
2681	1
2682	1
2683	1
2684	1
2685	1
2686	1
2687	1
2688	1
2689	1
2690	1
2691	1
2692	1
2693	1
2694	1
2695	1
2696	1
2697	1
2698	1
2699	1
2700	1
2701	1
2702	1
2703	1
2704	1
2705	1
2706	1
2707	1
2708	1
2709	1
2710	1
2711	1
2712	1
2713	1
2714	1
2715	1
2716	1
2717	1
2718	1
2719	1
2720	1
2721	1
2722	1
2723	1
2724	1
2725	1
2726	1
2727	1
2728	1
2729	1
2730	1
2731	1
2732	1
2733	1
2734	1
2735	1
2736	1
2737	1
2738	1
2739	1
2740	1
2741	1
2742	1
2743	1
2744	1
2745	1
2746	1
2747	1
2748	1
2749	1
2750	1
2751	1
2752	1
2753	1
2754	1
2755	1
2756	1
2757	1
2758	1
2759	1
2760	1
2761	1
2762	1
2763	1
2764	1
2765	1
2766	1
2767	1
2768	1
2769	1
2770	1
2771	1
2772	1
2773	1
2774	1
2775	1
2776	1
2777	1
2778	1
2779	1
2780	1
2781	1
2782	1
2783	1
2784	1
2785	1
2786	1
2787	1
2788	1
2789	1
2790	1
2791	1
2792	1
2793	1
2794	1
2795	1
2796	1
2797	1
2798	1
2799	1
2800	1
2801	1
2802	1
2803	1
2804	1
2805	1
2806	1
2807	1
2808	1
2809	1
2810	1
2811	1
2812	1
2813	1
2814	1
2815	1
2816	1
2817	1
2818	1
2819	1
2820	1
2821	1
2822	1
2823	1
2824	1
2825	1
2826	1
2827	1
2828	1
2829	1
2830	1
2831	1
2832	1
2833	1
2834	1
2835	1
2836	1
2837	1
2838	1
2839	1
2840	1
2841	1
2842	1
2843	1
2844	1
2845	1
2846	1
2847	1
2848	1
2849	1
2850	1
2851	1
2852	1
2853	1
2854	1
2855	1
2856	1
2857	1
2858	1
2859	1
2860	1
2861	1
2862	1
2863	1
2864	1
2865	1
2866	1
2867	1
2868	1
2869	1
2870	1
2871	1
2872	1
2873	1
2874	1
2875	1
2876	1
2877	1
2878	1
2879	1
2880	1
2881	1
2882	1
2883	1
2884	1
2885	1
2886	1
2887	1
2888	1
2889	1
2890	1
2891	1
2892	1
2893	1
2894	1
2895	1
2896	1
2897	1
2898	1
2899	1
2900	1
2901	1
2902	1
2903	1
2904	1
2905	1
2906	1
2907	1
2908	1
2909	1
2910	1
2911	1
2912	1
2913	1
2914	1
2915	1
2916	1
2917	1
2918	1
2919	1
2920	1
2921	1
2922	1
2923	1
2924	1
2925	1
2926	1
2927	1
2928	1
2929	1
2930	1
2931	1
2932	1
2933	1
2934	1
2935	1
2936	1
2937	1
2938	1
2939	1
2940	1
2941	1
2942	1
2943	1
2944	1
2945	1
2946	1
2947	1
2948	1
2949	1
2950	1
2951	1
2952	1
2953	1
2954	1
2955	1
2956	1
2957	1
2958	1
2959	1
2960	1
2961	1
2962	1
2963	1
2964	1
2965	1
2966	1
2967	1
2968	1
2969	1
2970	1
2971	1
2972	1
2973	1
2974	1
2975	1
2976	1
2977	1
2978	1
2979	1
2980	1
2981	1
2982	1
2983	1
2984	1
2985	1
2986	2
2987	2
2988	2
2989	2
2990	2
2991	2
2992	2
2993	2
2994	2
2995	2
2996	2
2997	2
2998	2
2999	2
3000	2
3001	2
3002	2
3003	2
3004	2
3005	2
3006	2
3007	2
3008	2
3009	2
3010	2
3011	2
3012	2
3013	2
3014	2
3015	2
3016	2
3017	2
3018	2
3019	2
3020	2
3021	2
3022	2
3023	2
3024	2
3025	2
3026	2
3027	2
3028	2
3029	2
3030	2
3031	2
3032	2
3033	2
3034	2
3035	2
3036	2
3037	2
3038	2
3039	2
3040	2
3041	2
3042	2
3043	2
3044	2
3045	2
3046	2
3047	2
3048	2
3049	2
3050	2
3051	2
3052	2
3053	2
3054	2
3055	2
3056	2
3057	2
3058	2
3059	2
3060	2
3061	2
3062	2
3063	2
3064	2
3065	2
3066	2
3067	2
3068	2
3069	2
3070	2
3071	2
3072	2
3073	2
3074	2
3075	2
3076	2
3077	2
3078	2
3079	2
3080	2
3081	2
3082	2
3083	2
3084	2
3085	2
3086	2
3087	2
3088	2
3089	2
3090	2
3091	2
3092	2
3093	2
3094	2
3095	2
3096	2
3097	2
3098	2
3099	2
3100	2
3101	2
3102	2
3103	2
3104	2
3105	2
3106	2
3107	2
3108	2
3109	2
3110	2
3111	2
3112	2
3113	2
3114	2
3115	2
3116	2
3117	2
3118	2
3119	2
3120	2
3121	2
3122	2
3123	2
3124	2
3125	2
3126	2
3127	2
3128	2
3129	2
3130	2
3131	2
3132	2
3133	2
3134	2
3135	2
3136	2
3137	2
3138	2
3139	2
3140	2
3141	2
3142	2
3143	2
3144	2
3145	2
3146	2
3147	2
3148	2
3149	2
3150	2
3151	2
3152	2
3153	2
3154	2
3155	2
3156	2
3157	2
3158	2
3159	2
3160	2
3161	2
3162	2
3163	2
3164	2
3165	2
3166	2
3167	2
3168	2
3169	2
3170	2
3171	2
3172	2
3173	2
3174	2
3175	2
3176	2
3177	2
3178	2
3179	2
3180	2
3181	2
3182	2
3183	2
3184	2
3185	2
3186	2
3187	2
3188	2
3189	2
3190	2
3191	2
3192	2
3193	2
3194	2
3195	2
3196	2
3197	2
3198	2
3199	2
3200	2
3201	2
3202	2
3203	2
3204	2
3205	2
3206	2
3207	2
3208	2
3209	2
3210	2
3211	2
3212	2
3213	2
3214	2
3215	2
3216	2
3217	2
3218	2
3219	2
3220	2
3221	2
3222	2
3223	2
3224	2
3225	2
3226	2
3227	2
3228	2
3229	2
3230	2
3231	2
3232	2
3233	2
3234	2
3235	2
3236	2
3237	2
3238	2
3239	2
3240	2
3241	2
3242	2
3243	2
3244	2
3245	2
3246	2
3247	2
3248	2
3249	2
3250	2
3251	2
3252	2
3253	2
3254	2
3255	2
3256	2
3257	2
3258	2
3259	2
3260	2
3261	2
3262	2
3263	2
3264	2
3265	2
3266	2
3267	2
3268	2
3269	2
3270	2
3271	2
3272	2
3273	2
3274	2
3275	2
3276	2
3277	2
3278	2
3279	2
3280	2
3281	2
3282	2
3283	2
3284	2
3285	2
3286	2
3287	2
3288	2
3289	2
3290	2
3291	2
3292	2
3293	2
3294	2
3295	2
3296	2
3297	2
3298	2
3299	2
3300	2
3301	2
3302	2
3303	2
3304	2
3305	2
3306	2
3307	2
3308	2
3309	2
3310	2
3311	2
3312	2
3313	2
3314	2
3315	2
3316	2
3317	2
3318	2
3319	2
3320	2
3321	2
3322	2
3323	2
3324	2
3325	2
3326	2
3327	2
3328	2
3329	2
3330	2
3331	2
3332	2
3333	2
3334	2
3335	2
3336	2
3337	2
3338	2
3339	2
3340	2
3341	2
3342	2
3343	2
3344	2
3345	2
3346	2
3347	2
3348	2
3349	2
3350	2
3351	2
3352	2
3353	2
3354	2
3355	2
3356	2
3357	2
3358	2
3359	2
3360	2
3361	2
3362	2
3363	2
3364	2
3365	2
3366	2
3367	2
3368	2
3369	2
3370	2
3371	2
3372	2
3373	2
3374	2
3375	2
3376	2
3377	2
3378	2
3379	2
3380	2
3381	2
3382	2
3383	2
3384	2
3385	2
3386	2
3387	2
3388	2
3389	2
3390	2
3391	2
3392	2
3393	2
3394	2
3395	2
3396	2
3397	2
3398	2
3399	2
3400	2
3401	2
3402	2
3403	2
3404	2
3405	2
3406	2
3407	2
3408	2
3409	2
3410	2
3411	2
3412	2
3413	2
3414	2
3415	2
3416	2
3417	2
3418	2
3419	2
3420	2
3421	2
3422	2
3423	2
3424	2
3425	2
3426	2
3427	2
3428	2
3429	2
3430	2
3431	2
3432	2
3433	2
3434	2
3435	2
3436	2
3437	2
3438	2
3439	2
3440	2
3441	2
3442	2
3443	2
3444	2
3445	2
3446	2
3447	2
3448	2
3449	2
3450	2
3451	2
3452	2
3453	2
3454	2
3455	2
3456	2
3457	2
3458	2
3459	2
3460	2
3461	2
3462	2
3463	2
3464	2
3465	2
3466	2
3467	2
3468	2
3469	2
3470	2
3471	2
3472	2
3473	2
3474	2
3475	2
3476	2
3477	2
3478	2
3479	2
3480	2
3481	2
3482	2
3483	2
3484	2
3485	2
3486	2
3487	2
3488	2
3489	2
3490	2
3491	2
3492	2
3493	2
3494	2
3495	2
3496	2
3497	2
3498	2
3499	2
3500	2
3501	2
3502	2
3503	2
3504	2
3505	2
3506	2
3507	2
3508	2
3509	2
3510	2
3511	2
3512	2
3513	2
3514	2
3515	2
3516	2
3517	2
3518	2
3519	2
3520	2
3521	2
3522	2
3523	2
3524	2
3525	2
3526	2
3527	2
3528	2
3529	2
3530	2
3531	2
3532	2
3533	2
3534	2
3535	2
3536	2
3537	2
3538	2
3539	2
3540	2
3541	2
3542	2
3543	2
3544	2
3545	2
3546	2
3547	2
3548	2
3549	2
3550	2
3551	2
3552	2
3553	2
3554	2
3555	2
3556	2
3557	2
3558	2
3559	2
3560	2
3561	2
3562	2
3563	2
3564	2
3565	2
3566	2
3567	2
3568	2
3569	2
3570	2
3571	2
3572	2
3573	2
3574	2
3575	2
3576	2
3577	2
3578	2
3579	2
3580	2
3581	2
3582	2
3583	2
3584	2
3585	2
3586	2
3587	2
3588	2
3589	2
3590	2
3591	2
3592	2
3593	2
3594	2
3595	2
3596	2
3597	2
3598	2
3599	2
3600	2
3601	2
3602	2
3603	2
3604	2
3605	2
3606	2
3607	2
3608	2
3609	2
3610	2
3611	2
3612	2
3613	2
3614	2
3615	2
3616	2
3617	2
3618	2
3619	2
3620	2
3621	2
3622	2
3623	2
3624	2
3625	2
3626	2
3627	2
3628	2
3629	2
3630	2
3631	2
3632	2
3633	2
3634	2
3635	2
3636	2
3637	2
3638	2
3639	2
3640	2
3641	2
3642	2
3643	2
3644	2
3645	2
3646	2
3647	2
3648	2
3649	2
3650	2
3651	2
3652	2
3653	2
3654	2
3655	2
3656	2
3657	2
3658	2
3659	2
3660	2
3661	2
3662	2
3663	2
3664	2
3665	2
3666	2
3667	2
3668	2
3669	2
3670	2
3671	2
3672	2
3673	2
3674	2
3675	2
3676	2
3677	2
3678	2
3679	2
3680	2
3681	2
3682	2
3683	2
3684	2
3685	2
3686	2
3687	2
3688	2
3689	2
3690	2
3691	2
3692	2
3693	2
3694	2
3695	2
3696	2
3697	2
3698	2
3699	2
3700	2
3701	2
3702	2
3703	2
3704	2
3705	2
3706	2
3707	2
3708	2
3709	2
3710	2
3711	2
3712	2
3713	2
3714	2
3715	2
3716	2
3717	2
3718	2
3719	2
3720	2
3721	2
3722	2
3723	2
3724	2
3725	2
3726	2
3727	2
3728	2
3729	2
3730	2
3731	2
3732	2
3733	2
3734	2
3735	2
3736	2
3737	2
3738	2
3739	2
3740	2
3741	2
3742	2
3743	2
3744	2
3745	2
3746	2
3747	2
3748	2
3749	2
3750	2
3751	2
3752	2
3753	2
3754	2
3755	2
3756	2
3757	2
3758	2
3759	2
3760	2
3761	2
3762	2
3763	2
3764	2
3765	2
3766	2
3767	2
3768	2
3769	2
3770	2
3771	2
3772	2
3773	2
3774	2
3775	2
3776	2
3777	2
3778	2
3779	2
3780	2
3781	2
3782	2
3783	2
3784	2
3785	2
3786	2
3787	2
3788	2
3789	2
3790	2
3791	2
3792	2
3793	2
3794	2
3795	2
3796	2
3797	2
3798	2
3799	2
3800	2
3801	2
3802	2
3803	2
3804	2
3805	2
3806	2
3807	2
3808	2
3809	2
3810	2
3811	2
3812	2
3813	2
3814	2
3815	2
3816	2
3817	2
3818	2
3819	2
3820	2
3821	2
3822	2
3823	2
3824	2
3825	2
3826	2
3827	2
3828	2
3829	2
3830	2
3831	2
3832	2
3833	2
3834	2
3835	2
3836	2
3837	2
3838	2
3839	2
3840	2
3841	2
3842	2
3843	2
3844	2
3845	2
3846	2
3847	2
3848	2
3849	2
3850	2
3851	2
3852	2
3853	2
3854	2
3855	2
3856	2
3857	2
3858	2
3859	2
3860	2
3861	2
3862	2
3863	2
3864	2
3865	2
3866	2
3867	2
3868	2
3869	2
3870	2
3871	2
3872	2
3873	2
3874	2
3875	2
3876	2
3877	2
3878	2
3879	2
3880	2
3881	2
3882	2
3883	2
3884	2
3885	2
3886	2
3887	2
3888	2
3889	2
3890	2
3891	2
3892	2
3893	2
3894	2
3895	2
3896	2
3897	2
3898	2
3899	2
3900	2
3901	2
3902	2
3903	2
3904	2
3905	2
3906	2
3907	2
3908	2
3909	2
3910	2
3911	2
3912	2
3913	2
3914	2
3915	2
3916	2
3917	2
3918	3
3919	3
3920	3
3921	3
3922	3
3923	3
3924	3
3925	3
3926	3
3927	3
3928	3
3929	3
3930	3
3931	3
3932	3
3933	3
3934	3
3935	3
3936	3
3937	3
3938	3
3939	3
3940	3
3941	3
3942	3
3943	3
3944	3
3945	3
3946	3
3947	3
3948	3
3949	3
3950	3
3951	3
3952	3
3953	3
3954	3
3955	3
3956	3
3957	3
3958	3
3959	3
3960	3
3961	3
3962	3
3963	3
3964	3
3965	3
3966	3
3967	3
3968	3
3969	3
3970	3
3971	3
3972	3
3973	3
3974	3
3975	3
3976	3
3977	3
3978	3
3979	3
3980	3
3981	3
3982	3
3983	3
3984	3
3985	3
3986	3
3987	3
3988	3
3989	3
3990	3
3991	3
3992	3
3993	3
3994	3
3995	3
3996	3
3997	3
3998	3
3999	3
4000	3
4001	3
4002	3
4003	3
4004	3
4005	3
4006	3
4007	3
4008	3
4009	3
4010	3
4011	3
4012	3
4013	3
4014	3
4015	3
4016	3
4017	3
4018	3
4019	3
4020	3
4021	3
4022	3
4023	3
4024	3
4025	3
4026	3
4027	3
4028	3
4029	3
4030	3
4031	3
4032	3
4033	3
4034	3
4035	3
4036	3
4037	3
4038	3
4039	3
4040	3
4041	3
4042	3
4043	3
4044	3
4045	3
4046	3
4047	3
4048	3
4049	3
4050	3
4051	3
4052	3
4053	3
4054	3
4055	3
4056	3
4057	3
4058	3
4059	3
4060	3
4061	3
4062	3
4063	3
4064	3
4065	3
4066	3
4067	3
4068	3
4069	3
4070	3
4071	3
4072	3
4073	3
4074	3
4075	3
4076	3
4077	3
4078	3
4079	3
4080	3
4081	3
4082	3
4083	3
4084	3
4085	3
4086	3
4087	3
4088	3
4089	3
4090	3
4091	3
4092	3
4093	3
4094	3
4095	3
4096	3
4097	3
4098	3
4099	3
4100	3
4101	3
4102	3
4103	3
4104	3
4105	3
4106	3
4107	3
4108	3
4109	3
4110	3
4111	3
4112	3
4113	3
4114	3
4115	3
4116	3
4117	3
4118	3
4119	3
4120	3
4121	3
4122	3
4123	3
4124	3
4125	3
4126	3
4127	3
4128	3
4129	3
4130	3
4131	3
4132	3
4133	3
4134	3
4135	3
4136	3
4137	3
4138	3
4139	3
4140	3
4141	3
4142	3
4143	3
4144	3
4145	3
4146	3
4147	3
4148	3
4149	3
4150	3
4151	3
4152	3
4153	3
4154	3
4155	3
4156	3
4157	3
4158	3
4159	3
4160	3
4161	3
4162	3
4163	3
4164	3
4165	3
4166	3
4167	3
4168	3
4169	3
4170	3
4171	3
4172	3
4173	3
4174	3
4175	3
4176	3
4177	3
4178	3
4179	3
4180	3
4181	3
4182	3
4183	3
4184	3
4185	3
4186	3
4187	3
4188	3
4189	3
4190	3
4191	3
4192	3
4193	3
4194	3
4195	3
4196	3
4197	3
4198	3
4199	3
4200	3
4201	3
4202	3
4203	3
4204	3
4205	3
4206	3
4207	3
4208	3
4209	3
4210	3
4211	3
4212	3
4213	3
4214	3
4215	3
4216	3
4217	3
4218	3
4219	3
4220	3
4221	3
4222	3
4223	3
4224	3
4225	3
4226	3
4227	3
4228	3
4229	3
4230	3
4231	3
4232	3
4233	3
4234	3
4235	3
4236	3
4237	3
4238	3
4239	3
4240	3
4241	3
4242	3
4243	3
4244	3
4245	3
4246	3
4247	3
4248	3
4249	3
4250	3
4251	3
4252	3
4253	3
4254	3
4255	3
4256	3
4257	3
4258	3
4259	3
4260	3
4261	3
4262	3
4263	3
4264	3
4265	3
4266	3
4267	3
4268	3
4269	3
4270	4
4271	4
4272	4
4273	4
4274	4
4275	4
4276	4
4277	4
4278	4
4279	4
4280	4
4281	4
4282	4
4283	4
4284	4
4285	4
4286	4
4287	4
4288	4
4289	4
4290	4
4291	4
4292	4
4293	4
4294	4
4295	4
4296	4
4297	4
4298	4
4299	4
4300	4
4301	4
4302	4
4303	4
4304	4
4305	4
4306	4
4307	4
4308	4
4309	4
4310	4
4311	4
4312	4
4313	4
4314	4
4315	4
4316	4
4317	4
4318	4
4319	4
4320	4
4321	4
4322	4
4323	4
4324	4
4325	4
4326	4
4327	4
4328	4
4329	4
4330	4
4331	4
4332	4
4333	4
4334	4
4335	4
4336	4
4337	4
4338	4
4339	4
4340	4
4341	4
4342	4
4343	4
4344	4
4345	4
4346	4
4347	4
4348	4
4349	4
4350	4
4351	4
4352	4
4353	4
4354	4
4355	4
4356	4
4357	4
4358	4
4359	4
4360	4
4361	4
4362	4
4363	4
4364	4
4365	4
4366	4
4367	4
4368	4
4369	4
4370	4
4371	4
4372	4
4373	4
4374	4
4375	4
4376	4
4377	4
4378	4
4379	4
4380	4
4381	4
4382	4
4383	4
4384	4
4385	4
4386	4
4387	4
4388	4
4389	4
4390	4
4391	4
4392	4
4393	4
4394	4
4395	4
4396	4
4397	4
4398	4
4399	4
4400	4
4401	4
4402	4
4403	4
4404	4
4405	4
4406	4
4407	4
4408	4
4409	4
4410	4
4411	4
4412	4
4413	4
4414	4
4415	4
4416	4
4417	4
4418	4
4419	4
4420	4
4421	4
4422	4
4423	4
4424	4
4425	4
4426	4
4427	4
4428	4
4429	4
4430	4
4431	4
4432	4
4433	4
4434	4
4435	4
4436	4
4437	4
4438	4
4439	4
4440	4
4441	4
4442	4
4443	4
4444	4
4445	4
4446	4
4447	4
4448	4
4449	4
4450	4
4451	4
4452	4
4453	4
4454	4
4455	4
4456	4
4457	4
4458	4
4459	4
4460	4
4461	4
4462	4
4463	4
4464	4
4465	4
4466	4
4467	4
4468	4
4469	4
4470	4
4471	4
4472	4
4473	4
4474	4
4475	4
4476	4
4477	4
4478	4
4479	4
4480	4
4481	4
4482	4
4483	4
4484	4
4485	4
4486	4
4487	4
4488	4
4489	4
4490	4
4491	4
4492	4
4493	4
4494	4
4495	4
4496	4
4497	4
4498	4
4499	4
4500	4
4501	4
4502	4
4503	4
4504	4
4505	4
4506	4
4507	4
4508	4
4509	4
4510	4
4511	4
4512	4
4513	4
4514	4
4515	4
4516	4
4517	4
4518	4
4519	4
4520	4
4521	4
4522	4
4523	4
4524	4
4525	4
4526	4
4527	4
4528	4
4529	4
4530	4
4531	4
4532	4
4533	4
4534	4
4535	4
4536	4
4537	4
4538	4
4539	4
4540	4
4541	4
4542	4
4543	4
4544	4
4545	4
4546	4
4547	4
4548	4
4549	4
4550	4
4551	4
4552	4
4553	4
4554	4
4555	4
4556	4
4557	4
4558	4
4559	4
4560	4
4561	4
4562	4
4563	4
4564	4
4565	4
4566	4
4567	4
4568	4
4569	4
4570	4
4571	4
4572	4
4573	4
4574	4
4575	4
4576	4
4577	4
4578	4
4579	4
4580	4
4581	4
4582	4
4583	4
4584	4
4585	4
4586	4
4587	4
4588	4
4589	4
4590	4
4591	4
4592	4
4593	4
4594	4
4595	4
4596	4
4597	4
4598	4
4599	4
4600	4
4601	4
4602	4
4603	4
4604	4
4605	4
4606	4
4607	4
4608	4
4609	4
4610	4
4611	4
4612	4
4613	4
4614	4
4615	4
4616	4
4617	4
4618	4
4619	4
4620	4
4621	4
4622	4
4623	4
4624	4
4625	4
4626	4
4627	4
4628	4
4629	4
4630	4
4631	4
4632	4
4633	4
4634	4
4635	4
4636	4
4637	4
4638	4
4639	4
4640	4
4641	4
4642	4
4643	4
4644	4
4645	4
4646	4
4647	4
4648	4
4649	4
4650	4
4651	4
4652	4
4653	4
4654	4
4655	4
4656	4
4657	4
4658	4
4659	4
4660	4
4661	4
4662	4
4663	4
4664	4
4665	4
4666	4
4667	4
4668	4
4669	4
4670	4
4671	4
4672	4
4673	4
4674	4
4675	4
4676	4
4677	4
4678	4
4679	4
4680	4
4681	4
4682	4
4683	4
4684	4
4685	4
4686	4
4687	4
4688	4
4689	4
4690	4
4691	4
4692	4
4693	4
4694	4
4695	4
4696	4
4697	4
4698	4
4699	4
4700	4
4701	4
4702	4
4703	4
4704	5
4705	5
4706	5
4707	5
4708	5
4709	5
4710	5
4711	5
4712	5
4713	5
4714	5
4715	5
4716	5
4717	5
4718	5
4719	5
4720	5
4721	5
4722	5
4723	5
4724	5
4725	5
4726	5
4727	5
4728	5
4729	5
4730	5
4731	5
4732	5
4733	5
4734	5
4735	5
4736	5
4737	5
4738	5
4739	5
4740	5
4741	5
4742	5
4743	5
4744	5
4745	5
4746	5
4747	5
4748	5
4749	5
4750	5
4751	5
4752	5
4753	5
4754	5
4755	5
4756	5
4757	5
4758	5
4759	5
4760	5
4761	5
4762	5
4763	5
4764	5
4765	5
4766	5
4767	5
4768	5
4769	5
4770	5
4771	5
4772	5
4773	5
4774	5
4775	5
4776	5
4777	5
4778	5
4779	5
4780	5
4781	5
4782	5
4783	5
4784	5
4785	5
4786	5
4787	5
4788	5
4789	5
4790	5
4791	5
4792	5
4793	5
4794	5
4795	5
4796	5
4797	5
4798	5
4799	5
4800	5
4801	5
4802	5
4803	5
4804	5
4805	5
4806	5
4807	5
4808	5
4809	5
4810	5
4811	5
4812	5
4813	5
4814	5
4815	5
4816	5
4817	5
4818	5
4819	5
4820	5
4821	5
4822	5
4823	5
4824	5
4825	5
4826	5
4827	5
4828	5
4829	5
4830	5
4831	5
4832	5
4833	5
4834	5
4835	5
4836	5
4837	5
4838	5
4839	5
4840	5
4841	5
4842	5
4843	5
4844	5
4845	5
4846	5
4847	5
4848	5
4849	5
4850	5
4851	5
4852	5
4853	5
4854	5
4855	5
4856	5
4857	5
4858	5
4859	5
4860	5
4861	5
4862	5
4863	5
4864	5
4865	5
4866	5
4867	5
4868	5
4869	5
4870	5
4871	5
4872	5
4873	5
4874	5
4875	5
4876	5
4877	5
4878	5
4879	5
4880	5
4881	5
4882	5
4883	5
4884	5
4885	5
4886	5
4887	5
4888	5
4889	5
4890	5
4891	5
4892	5
4893	5
4894	5
4895	5
4896	5
4897	5
4898	5
4899	5
4900	5
4901	5
4902	5
4903	5
4904	5
4905	5
4906	5
4907	5
4908	5
4909	5
4910	5
4911	5
4912	5
4913	5
4914	5
4915	5
4916	5
4917	5
4918	5
4919	5
4920	5
4921	5
4922	5
4923	5
4924	5
4925	5
4926	5
4927	5
4928	5
4929	5
4930	5
4931	5
4932	5
4933	5
4934	5
4935	5
4936	5
4937	5
4938	5
4939	5
4940	5
4941	5
4942	5
4943	5
4944	5
4945	5
4946	5
4947	5
4948	5
4949	5
4950	5
4951	5
4952	5
4953	5
4954	5
4955	5
4956	5
4957	5
4958	5
4959	5
4960	5
4961	5
4962	5
4963	5
4964	5
4965	5
4966	5
4967	5
4968	5
4969	5
4970	5
4971	5
4972	5
4973	5
4974	5
4975	5
4976	5
4977	5
4978	5
4979	5
4980	5
4981	5
4982	5
4983	5
4984	5
4985	5
4986	5
4987	5
4988	5
4989	5
4990	5
4991	5
4992	5
4993	5
4994	5
4995	5
4996	5
4997	5
4998	5
4999	5
5000	5
5001	5
5002	5
5003	5
5004	5
5005	5
5006	5
5007	5
5008	5
5009	5
5010	5
5011	5
5012	5
5013	5
5014	5
5015	5
5016	5
5017	5
5018	5
5019	5
5020	5
5021	5
5022	5
5023	5
5024	5
5025	5
5026	5
5027	5
5028	5
5029	5
5030	5
5031	5
5032	5
5033	5
5034	5
5035	5
5036	5
5037	5
5038	5
5039	5
5040	5
5041	5
5042	5
5043	5
5044	5
5045	5
5046	5
5047	5
5048	5
5049	5
5050	5
5051	5
5052	5
5053	5
5054	5
5055	5
5056	5
5057	5
5058	5
5059	5
5060	5
5061	5
5062	5
5063	5
5064	5
5065	5
5066	5
5067	5
5068	5
5069	5
5070	5
5071	5
5072	5
5073	5
5074	5
5075	5
5076	5
5077	5
5078	5
5079	5
5080	5
5081	5
5082	5
5083	5
5084	5
5085	5
5086	5
5087	5
5088	5
5089	5
5090	5
5091	5
5092	5
5093	5
5094	5
5095	5
5096	5
5097	5
5098	5
5099	5
5100	5
5101	5
5102	5
5103	5
5104	5
5105	5
5106	5
5107	5
5108	5
5109	5
5110	5
5111	5
5112	5
5113	5
5114	5
5115	5
5116	5
5117	5
5118	5
5119	5
5120	5
5121	5
5122	5
5123	5
5124	5
5125	5
5126	5
5127	5
5128	5
5129	5
5130	5
5131	5
5132	5
5133	5
5134	5
5135	5
5136	5
5137	5
5138	5
5139	5
5140	5
5141	5
5142	5
5143	5
5144	5
5145	5
5146	5
5147	5
5148	5
5149	5
5150	5
5151	5
5152	5
5153	5
5154	5
5155	5
5156	5
5157	5
5158	5
5159	5
5160	5
5161	5
5162	5
5163	5
5164	5
5165	5
5166	5
5167	5
5168	5
5169	5
5170	5
5171	5
5172	5
5173	5
5174	5
5175	5
5176	5
5177	5
5178	5
5179	5
5180	5
5181	5
5182	5
5183	5
5184	5
5185	5
5186	5
5187	5
5188	5
5189	5
5190	5
5191	5
5192	5
5193	5
5194	5
5195	5
5196	5
5197	5
5198	5
5199	5
5200	5
5201	5
5202	5
5203	5
5204	5
5205	5
5206	5
5207	5
5208	5
5209	5
5210	5
5211	5
5212	5
5213	5
5214	5
5215	5
5216	5
5217	5
5218	5
5219	5
5220	5
5221	5
5222	5
5223	5
5224	5
5225	5
5226	5
5227	5
5228	5
5229	5
5230	5
5231	5
5232	5
5233	5
5234	5
5235	5
5236	5
5237	5
5238	5
5239	5
5240	5
5241	5
5242	5
5243	5
5244	5
5245	5
5246	5
5247	5
5248	5
5249	5
5250	5
5251	5
5252	5
5253	5
5254	5
5255	5
5256	5
5257	5
5258	5
5259	5
5260	5
5261	5
5262	5
5263	5
5264	5
5265	5
5266	5
5267	5
5268	5
5269	5
5270	5
5271	5
5272	5
5273	5
5274	5
5275	5
5276	5
5277	5
5278	5
5279	5
5280	5
5281	5
5282	5
5283	5
5284	5
5285	5
5286	5
5287	5
5288	5
5289	5
5290	5
5291	5
5292	5
5293	5
5294	5
5295	5
5296	5
5297	5
5298	5
5299	5
5300	5
5301	5
5302	5
5303	5
5304	5
5305	5
5306	5
5307	5
5308	5
5309	5
5310	5
5311	5
5312	5
5313	5
5314	5
5315	5
5316	5
5317	5
5318	5
5319	5
5320	5
5321	5
5322	5
5323	5
5324	5
5325	5
5326	5
5327	5
5328	5
5329	5
5330	5
5331	5
5332	5
5333	5
5334	5
5335	5
5336	5
5337	5
5338	5
5339	5
5340	5
5341	5
5342	5
5343	5
5344	5
5345	5
5346	5
5347	6
5348	6
5349	6
5350	6
5351	6
5352	6
5353	6
5354	6
5355	6
5356	6
5357	6
5358	7
5359	7
5360	7
5361	7
5362	7
5363	7
5364	7
5365	7
5366	7
5367	7
5368	7
5369	7
5370	7
5371	7
5372	7
5373	7
5374	7
5375	7
5376	7
5377	7
5378	7
5379	7
5380	7
5381	7
5382	7
5383	7
5384	7
5385	7
5386	7
5387	7
5388	7
5389	7
5390	7
5391	7
5392	7
5393	7
5394	7
5395	7
5396	7
5397	7
5398	7
5399	7
5400	7
5401	7
5402	7
5403	7
5404	7
5405	7
5406	7
5407	7
5408	7
5409	7
5410	7
5411	7
5412	7
5413	7
5414	7
5415	7
5416	7
5417	7
5418	7
5419	7
5420	7
5421	7
5422	7
5423	7
5424	7
5425	7
5426	7
5427	7
5428	7
5429	7
5430	7
5431	7
5432	7
5433	7
5434	7
5435	7
5436	7
5437	7
5438	7
5439	7
5440	7
5441	7
5442	7
5443	7
5444	7
5445	7
5446	7
5447	7
5448	7
5449	7
5450	7
5451	7
5452	7
5453	7
5454	7
5455	7
5456	7
5457	7
5458	7
5459	7
5460	8
5461	8
5462	8
5463	8
5464	8
5465	8
5466	8
5467	8
5468	8
5469	8
5470	8
5471	8
5472	8
5473	8
5474	8
5475	8
5476	8
5477	8
5478	8
5479	8
5480	8
5481	8
5482	8
5483	8
5484	8
5485	8
5486	8
5487	8
5488	8
5489	8
5490	8
5491	8
5492	8
5493	8
5494	8
5495	8
5496	8
5497	8
5498	8
5499	8
5500	8
5501	8
5502	8
5503	8
5504	8
5505	8
5506	8
5507	8
5508	8
5509	8
5510	8
5511	8
5512	8
5513	8
5514	8
5515	8
5516	8
5517	8
5518	8
5519	8
5520	8
5521	8
5522	8
5523	8
5524	8
5525	8
5526	8
5527	8
5528	8
5529	8
5530	8
5531	8
5532	8
5533	8
5534	8
5535	8
5536	8
5537	8
5538	8
5539	8
5540	8
5541	8
5542	8
5543	8
5544	8
5545	8
5546	8
5547	8
5548	8
5549	8
5550	8
5551	8
5552	8
5553	8
5554	8
5555	8
5556	8
5557	8
5558	8
5559	8
5560	8
5561	8
5562	8
5563	8
5564	8
5565	8
5566	8
5567	8
5568	8
5569	8
5570	8
5571	8
5572	8
5573	8
5574	8
5575	8
5576	8
5577	8
5578	8
5579	8
5580	8
5581	8
5582	8
5583	8
5584	8
5585	8
5586	8
5587	8
5588	8
5589	8
5590	8
5591	8
5592	8
5593	8
5594	8
5595	8
5596	8
5597	8
5598	8
5599	8
5600	8
5601	8
5602	8
5603	8
5604	8
5605	8
5606	8
5607	8
5608	8
5609	8
5610	8
5611	8
5612	8
5613	8
5614	8
5615	8
5616	8
5617	8
5618	8
5619	8
5620	8
5621	8
5622	8
5623	8
5624	8
5625	8
5626	8
5627	8
5628	8
5629	8
5630	8
5631	8
5632	8
5633	8
5634	8
5635	8
5636	8
5637	8
5638	8
5639	8
5640	8
5641	8
5642	8
5643	8
5644	8
5645	8
5646	8
5647	8
5648	8
5649	8
5650	8
5651	8
5652	8
5653	8
5654	8
5655	8
5656	8
5657	8
5658	8
5659	8
5660	8
5661	8
5662	8
5663	8
5664	8
5665	8
5666	8
5667	8
5668	8
5669	8
5670	8
5671	8
5672	8
5673	8
5674	8
5675	8
5676	8
5677	8
5678	8
5679	8
5680	8
5681	8
5682	8
5683	8
5684	8
5685	8
5686	8
5687	8
5688	8
5689	8
5690	8
5691	8
5692	8
5693	8
5694	8
5695	8
5696	8
5697	8
5698	8
5699	8
5700	8
5701	8
5702	8
5703	8
5704	8
5705	8
5706	8
5707	8
5708	8
5709	8
5710	8
5711	8
5712	8
5713	8
5714	8
5715	8
5716	8
5717	8
5718	8
5719	8
5720	8
5721	8
5722	8
5723	8
5724	8
5725	8
5726	8
5727	8
5728	8
5729	8
5730	8
5731	8
5732	8
5733	8
5734	8
5735	8
5736	8
5737	8
5738	8
5739	8
5740	8
5741	8
5742	8
5743	8
5744	8
5745	8
5746	8
5747	8
5748	8
5749	8
5750	8
5751	8
5752	8
5753	8
5754	8
5755	8
5756	8
5757	8
5758	8
5759	8
5760	8
5761	8
5762	8
5763	8
5764	8
5765	8
5766	8
5767	8
5768	8
5769	8
5770	8
5771	8
5772	8
5773	8
5774	8
5775	8
5776	8
5777	8
5778	8
5779	8
5780	8
5781	8
5782	8
5783	8
5784	8
5785	8
5786	8
5787	8
5788	8
5789	8
5790	8
5791	8
5792	8
5793	8
5794	8
5795	8
5796	8
5797	8
5798	8
5799	8
5800	8
5801	8
5802	8
5803	8
5804	8
5805	8
5806	8
5807	8
5808	8
5809	8
5810	8
5811	8
5812	8
5813	8
5814	8
5815	8
5816	8
5817	8
5818	8
5819	8
5820	8
5821	8
5822	8
5823	8
5824	8
5825	8
5826	8
5827	8
5828	8
5829	8
5830	8
5831	8
5832	8
5833	8
5834	8
5835	8
5836	8
5837	8
5838	8
5839	8
5840	8
5841	8
5842	8
5843	8
5844	8
5845	8
5846	8
5847	8
5848	8
5849	8
5850	8
5851	8
5852	8
5853	8
5854	8
5855	8
5856	8
5857	8
5858	8
5859	8
5860	8
5861	8
5862	8
5863	8
5864	8
5865	8
5866	8
5867	8
5868	8
5869	8
5870	8
5871	8
5872	8
5873	8
5874	8
5875	8
5876	8
5877	8
5878	8
5879	8
5880	8
5881	8
5882	8
5883	8
5884	8
5885	8
5886	8
5887	8
5888	8
5889	8
5890	8
5891	8
5892	8
5893	8
5894	8
5895	8
5896	8
5897	8
5898	8
5899	8
5900	8
5901	8
5902	8
5903	8
5904	8
5905	8
5906	8
5907	8
5908	8
5909	8
5910	8
5911	8
5912	8
5913	8
5914	8
5915	8
5916	8
5917	8
5918	8
5919	8
5920	8
5921	8
5922	8
5923	8
5924	8
5925	8
5926	8
5927	8
5928	8
5929	8
5930	8
5931	8
5932	8
5933	8
5934	8
5935	8
5936	8
5937	8
5938	8
5939	8
5940	8
5941	8
5942	8
5943	8
5944	8
5945	8
5946	8
5947	8
5948	8
5949	8
5950	8
5951	8
5952	8
5953	8
5954	8
5955	8
5956	8
5957	8
5958	8
5959	8
5960	8
5961	8
5962	8
5963	8
5964	8
5965	8
5966	8
5967	8
5968	8
5969	8
5970	8
5971	8
5972	8
5973	8
5974	8
5975	8
5976	8
5977	8
5978	8
5979	8
5980	8
5981	8
5982	8
5983	8
5984	8
5985	8
5986	8
5987	8
5988	8
5989	8
5990	8
5991	8
5992	8
5993	8
5994	8
5995	8
5996	8
5997	8
5998	8
5999	8
6000	8
6001	8
6002	8
6003	8
6004	8
6005	8
6006	8
6007	8
6008	8
6009	8
6010	8
6011	8
6012	8
6013	8
6014	8
6015	8
6016	8
6017	8
6018	8
6019	8
6020	8
6021	8
6022	8
6023	8
6024	8
6025	8
6026	8
6027	8
6028	8
6029	8
6030	8
6031	8
6032	8
6033	8
6034	8
6035	8
6036	8
6037	8
6038	8
6039	8
6040	8
6041	8
6042	8
6043	8
6044	8
6045	8
6046	8
6047	8
6048	8
6049	8
6050	8
6051	8
6052	8
6053	8
6054	8
6055	8
6056	8
6057	8
6058	8
6059	8
6060	8
6061	8
6062	8
6063	8
6064	8
6065	8
6066	8
6067	8
6068	8
6069	8
6070	8
6071	8
6072	8
6073	8
6074	8
6075	8
6076	8
6077	8
6078	8
6079	8
6080	8
6081	8
6082	8
6083	8
6084	8
6085	8
6086	8
6087	8
6088	8
6089	8
6090	8
6091	8
6092	8
6093	8
6094	8
6095	8
6096	8
6097	8
6098	8
6099	8
6100	8
6101	8
6102	8
6103	8
6104	8
6105	8
6106	8
6107	8
6108	8
6109	8
6110	8
6111	8
6112	8
6113	8
6114	8
6115	8
6116	8
6117	8
6118	8
6119	8
6120	8
6121	8
6122	8
6123	8
6124	8
6125	8
6126	8
6127	8
6128	8
6129	8
6130	8
6131	8
6132	8
6133	8
6134	8
6135	8
6136	8
6137	8
6138	8
6139	8
6140	8
6141	8
6142	8
6143	8
6144	8
6145	8
6146	8
6147	8
6148	8
6149	8
6150	8
6151	8
6152	8
6153	8
6154	8
6155	8
6156	8
6157	8
6158	8
6159	8
6160	8
6161	8
6162	8
6163	8
6164	8
6165	8
6166	8
6167	8
6168	8
6169	8
6170	8
6171	8
6172	8
6173	8
6174	8
6175	8
6176	8
6177	8
6178	8
6179	8
6180	8
6181	8
6182	8
6183	8
6184	8
6185	8
6186	8
6187	8
6188	8
6189	8
6190	8
6191	8
6192	8
6193	8
6194	8
6195	8
6196	8
6197	8
6198	8
6199	8
6200	8
6201	8
6202	8
6203	8
6204	8
6205	8
6206	8
6207	8
6208	8
6209	8
6210	8
6211	8
6212	8
6213	8
6214	8
6215	8
6216	8
6217	8
6218	8
6219	8
6220	8
6221	8
6222	8
6223	8
6224	8
6225	8
6226	8
6227	8
6228	8
6229	8
6230	8
6231	8
6232	8
6233	8
6234	8
6235	8
6236	8
6237	8
6238	8
6239	8
6240	8
6241	8
6242	8
6243	8
6244	8
6245	8
6246	8
6247	8
6248	8
6249	8
6250	8
6251	8
6252	8
6253	8
6254	8
6255	8
6256	8
6257	8
6258	8
6259	8
6260	8
6261	8
6262	8
6263	8
6264	8
6265	8
6266	8
6267	8
6268	8
6269	8
6270	8
6271	8
6272	8
6273	8
6274	8
6275	8
6276	8
6277	8
6278	8
6279	8
6280	8
6281	8
6282	8
6283	8
6284	8
6285	8
6286	8
6287	8
6288	8
6289	8
6290	8
6291	8
6292	8
6293	8
6294	8
6295	8
6296	8
6297	8
6298	8
6299	8
6300	8
6301	8
6302	8
6303	8
6304	8
6305	8
6306	8
6307	8
6308	8
6309	8
6310	8
6311	8
6312	8
6313	8
6314	8
6315	8
6316	8
6317	8
6318	8
6319	8
6320	8
6321	8
6322	8
6323	8
6324	8
6325	8
6326	8
6327	8
6328	8
6329	8
6330	8
6331	8
6332	8
6333	8
6334	8
6335	8
6336	8
6337	8
6338	8
6339	8
6340	8
6341	8
6342	8
6343	8
6344	8
6345	8
6346	8
6347	8
6348	8
6349	8
6350	8
6351	8
6352	8
6353	8
6354	8
6355	8
6356	8
6357	8
6358	8
6359	8
6360	8
6361	8
6362	8
6363	8
6364	8
6365	8
6366	8
6367	8
6368	8
6369	8
6370	8
6371	8
6372	8
6373	8
6374	8
6375	8
6376	8
6377	8
6378	8
6379	8
6380	8
6381	8
6382	8
6383	8
6384	8
6385	8
6386	8
6387	8
6388	8
6389	8
6390	8
6391	8
6392	8
6393	8
6394	8
6395	8
6396	8
6397	8
6398	8
6399	8
6400	8
6401	8
6402	8
6403	8
6404	8
6405	8
6406	8
6407	8
6408	8
6409	8
6410	8
6411	8
6412	8
6413	8
6414	8
6415	8
6416	8
6417	8
6418	8
6419	8
6420	8
6421	8
6422	8
6423	8
6424	8
6425	8
6426	8
6427	8
6428	8
6429	8
6430	8
6431	8
6432	8
6433	8
6434	8
6435	8
6436	8
6437	8
6438	8
6439	8
6440	8
6441	8
6442	8
6443	8
6444	8
6445	8
6446	8
6447	8
6448	8
6449	8
6450	8
6451	8
6452	8
6453	8
6454	8
6455	8
6456	8
6457	8
6458	8
6459	8
6460	8
6461	8
6462	8
6463	8
6464	8
6465	8
6466	8
6467	8
6468	8
6469	8
6470	8
6471	8
6472	8
6473	8
6474	8
6475	8
6476	8
6477	8
6478	8
6479	8
6480	8
6481	8
6482	8
6483	8
6484	8
6485	8
6486	8
6487	8
6488	8
6489	8
6490	8
6491	8
6492	8
6493	8
6494	8
6495	8
6496	8
6497	8
6498	8
6499	8
6500	8
6501	8
6502	8
6503	8
6504	8
6505	8
6506	8
6507	8
6508	8
6509	8
6510	8
6511	8
6512	8
6513	8
6514	8
6515	8
6516	8
6517	8
6518	8
6519	8
6520	8
6521	8
6522	8
6523	8
6524	8
6525	8
6526	8
6527	8
6528	8
6529	8
6530	8
6531	8
6532	8
6533	8
6534	8
6535	8
6536	8
6537	8
6538	8
6539	8
6540	8
6541	8
6542	8
6543	8
6544	8
6545	8
6546	8
6547	8
6548	8
6549	8
6550	8
6551	8
6552	8
6553	8
6554	8
6555	8
6556	8
6557	8
6558	8
6559	8
6560	8
6561	8
6562	8
6563	8
6564	8
6565	8
6566	8
6567	8
6568	8
6569	8
6570	8
6571	8
6572	8
6573	8
6574	8
6575	8
6576	8
6577	8
6578	8
6579	8
6580	8
6581	8
6582	8
6583	8
6584	8
6585	8
6586	8
6587	8
6588	8
6589	8
6590	8
6591	8
6592	8
6593	8
6594	8
6595	8
6596	8
6597	9
6598	9
6599	9
6600	9
6601	9
6602	9
6603	9
6604	9
6605	9
6606	9
6607	9
6608	9
6609	9
6610	9
6611	9
6612	9
6613	9
6614	9
6615	9
6616	9
6617	9
6618	9
6619	9
6620	9
6621	9
6622	9
6623	9
6624	9
6625	9
6626	9
6627	9
6628	9
6629	9
6630	9
6631	9
6632	9
6633	9
6634	9
6635	9
6636	9
6637	9
6638	9
6639	9
6640	9
6641	9
6642	9
6643	9
6644	9
6645	9
6646	9
6647	9
6648	9
6649	9
6650	9
6651	9
6652	9
6653	9
6654	9
6655	9
6656	9
6657	9
6658	9
6659	9
6660	9
6661	9
6662	9
6663	9
6664	9
6665	9
6666	9
6667	9
6668	9
6669	9
6670	9
6671	9
6672	9
6673	9
6674	9
6675	9
6676	9
6677	9
6678	9
6679	9
6680	9
6681	9
6682	9
6683	9
6684	9
6685	9
6686	9
6687	9
6688	9
6689	9
6690	9
6691	9
6692	9
6693	9
6694	9
6695	9
6696	9
6697	9
6698	9
6699	9
6700	9
6701	9
6702	9
6703	9
6704	9
6705	9
6706	9
6707	9
6708	9
6709	9
6710	9
6711	9
6712	9
6713	9
6714	9
6715	9
6716	9
6717	9
6718	9
6719	9
6720	9
6721	9
6722	9
6723	9
6724	9
6725	9
6726	9
6727	9
6728	9
6729	9
6730	9
6731	9
6732	9
6733	9
6734	9
6735	9
6736	9
6737	9
6738	9
6739	9
6740	9
6741	9
6742	9
6743	9
6744	9
6745	9
6746	9
6747	9
6748	9
6749	9
6750	9
6751	9
6752	9
6753	9
6754	9
6755	9
6756	9
6757	9
6758	9
6759	9
6760	9
6761	9
6762	9
6763	9
6764	9
6765	9
6766	9
6767	9
6768	9
6769	9
6770	9
6771	9
6772	9
6773	9
6774	9
6775	9
6776	9
6777	9
6778	9
6779	10
6780	10
6781	10
6782	10
6783	10
6784	10
6785	10
6786	10
6787	10
6788	10
6789	10
6790	10
6791	10
6792	10
6793	10
6794	10
6795	10
6796	10
6797	10
6798	10
6799	10
6800	10
6801	10
6802	10
6803	10
6804	10
6805	10
6806	10
6807	10
6808	10
6809	10
6810	10
6811	10
6812	10
6813	10
6814	10
6815	10
6816	10
6817	10
6818	10
6819	10
6820	10
6821	10
6822	10
6823	10
6824	10
6825	10
6826	10
6827	10
6828	10
6829	10
6830	10
6831	10
6832	10
6833	10
6834	10
6835	10
6836	10
6837	10
6838	10
6839	10
6840	10
6841	10
6842	10
6843	10
6844	10
6845	10
6846	10
6847	10
6848	10
6849	10
6850	10
6851	10
6852	10
6853	10
6854	10
6855	10
6856	10
6857	10
6858	10
6859	10
6860	10
6861	10
6862	10
6863	10
6864	10
6865	10
6866	10
6867	10
6868	10
6869	10
6870	10
6871	10
6872	10
6873	10
6874	10
6875	10
6876	10
6877	10
6878	10
6879	10
6880	10
6881	10
6882	10
6883	10
6884	10
6885	10
6886	10
6887	10
6888	10
6889	10
6890	10
6891	10
6892	10
6893	10
6894	10
6895	10
6896	10
6897	10
6898	10
6899	10
6900	10
6901	10
6902	10
6903	10
6904	10
6905	10
6906	10
6907	10
6908	10
6909	10
6910	10
6911	10
6912	10
6913	10
6914	10
6915	10
6916	10
6917	10
6918	10
6919	10
6920	10
6921	10
6922	10
6923	10
6924	10
6925	10
6926	10
6927	10
6928	10
6929	10
6930	10
6931	10
6932	10
6933	10
6934	10
6935	10
6936	10
6937	11
6938	11
6939	11
6940	11
6941	11
6942	11
6943	11
6944	11
6945	11
6946	11
6947	11
6948	11
6949	11
6950	11
6951	11
6952	11
6953	11
6954	11
6955	11
6956	11
6957	11
6958	11
6959	11
6960	11
6961	11
6962	11
6963	11
6964	11
6965	11
6966	11
6967	11
6968	11
6969	11
6970	11
6971	11
6972	11
6973	11
6974	11
6975	11
6976	11
6977	11
6978	11
6979	11
6980	11
6981	11
6982	11
6983	11
6984	11
6985	11
6986	11
6987	11
6988	11
6989	11
6990	11
6991	11
6992	11
6993	11
6994	11
6995	11
6996	11
6997	11
6998	11
6999	11
7000	11
7001	11
7002	11
7003	11
7004	11
7005	11
7006	11
7007	11
7008	11
7009	11
7010	11
7011	11
7012	11
7013	11
7014	11
7015	11
7016	11
7017	11
7018	11
7019	11
7020	11
7021	11
7022	11
7023	11
7024	11
7025	11
7026	11
7027	11
7028	11
7029	11
7030	11
7031	11
7032	11
7033	11
7034	11
7035	11
7036	11
7037	11
7038	11
7039	11
7040	11
7041	11
7042	11
7043	11
7044	11
7045	11
7046	11
7047	11
7048	11
7049	11
7050	11
7051	11
7052	11
7053	11
7054	11
7055	11
7056	11
7057	11
7058	11
7059	11
7060	11
7061	11
7062	11
7063	11
7064	11
7065	11
7066	11
7067	11
7068	11
7069	11
7070	11
7071	11
7072	11
7073	11
7074	11
7075	11
7076	11
7077	11
7078	11
7079	11
7080	11
7081	11
7082	11
7083	11
7084	11
7085	11
7086	11
7087	11
7088	11
7089	11
7090	11
7091	11
7092	11
7093	11
7094	11
7095	11
7096	11
7097	11
7098	11
7099	11
7100	11
7101	11
7102	11
7103	11
7104	11
7105	11
7106	11
7107	11
7108	11
7109	11
7110	11
7111	11
7112	11
7113	11
7114	11
7115	12
7116	12
7117	12
7118	12
7119	12
7120	12
7121	12
7122	12
7123	12
7124	12
7125	12
7126	12
7127	12
7128	12
7129	12
7130	12
7131	12
7132	12
7133	12
7134	12
7135	12
7136	12
7137	12
7138	12
7139	12
7140	12
7141	12
7142	12
7143	12
7144	12
7145	12
7146	12
7147	12
7148	12
7149	12
7150	12
7151	12
7152	12
7153	12
7154	12
7155	12
7156	12
7157	12
7158	12
7159	12
7160	12
7161	12
7162	12
7163	12
7164	12
7165	12
7166	12
7167	12
7168	12
7169	12
7170	12
7171	12
7172	12
7173	12
7174	12
7175	12
7176	12
7177	12
7178	12
7179	12
7180	12
7181	12
7182	12
7183	12
7184	12
7185	12
7186	12
7187	12
7188	13
7189	13
7190	13
7191	13
7192	13
7193	13
7194	13
7195	13
7196	13
7197	13
7198	13
7199	13
7200	13
7201	13
7202	13
7203	13
7204	13
7205	13
7206	13
7207	13
7208	13
7209	13
7210	13
7211	13
7212	13
7213	13
7214	13
7215	13
7216	13
7217	13
7218	13
7219	13
7220	13
7221	13
7222	13
7223	13
7224	13
7225	13
7226	13
7227	13
7228	13
7229	13
7230	13
7231	13
7232	13
7233	13
7234	13
7235	13
7236	13
7237	13
7238	13
7239	13
7240	13
7241	13
7242	13
7243	13
7244	13
7245	13
7246	13
7247	13
7248	13
7249	13
7250	13
7251	13
7252	13
7253	13
7254	13
7255	13
7256	13
7257	13
7258	13
7259	13
7260	13
7261	13
7262	13
7263	13
7264	13
7265	13
7266	13
7267	13
7268	13
7269	14
7270	14
7271	14
7272	14
7273	14
7274	14
7275	14
7276	14
7277	14
7278	14
7279	14
7280	14
7281	14
7282	14
7283	14
7284	14
7285	14
7286	14
7287	14
7288	14
7289	14
7290	14
7291	14
7292	14
7293	14
7294	14
7295	14
7296	14
7297	14
7298	14
7299	14
7300	14
7301	14
7302	14
7303	14
7304	14
7305	14
7306	14
7307	14
7308	14
7309	14
7310	14
7311	14
7312	14
7313	14
7314	14
7315	14
7316	14
7317	14
7318	14
7319	14
7320	14
7321	14
7322	14
7323	14
7324	14
7325	14
7326	14
7327	14
7328	14
7329	14
7330	14
7331	14
7332	14
7333	14
7334	14
7335	14
7336	14
7337	14
7338	14
7339	14
7340	14
7341	14
7342	14
7343	14
7344	14
7345	14
7346	14
7347	14
7348	14
7349	14
7350	14
7351	14
7352	14
7353	14
7354	14
7355	14
7356	14
7357	14
7358	14
7359	14
7360	14
7361	14
7362	14
7363	14
7364	14
7365	14
7366	14
7367	14
7368	14
7369	14
7370	14
7371	14
7372	14
7373	14
7374	14
7375	14
7376	14
7377	14
7378	14
7379	14
7380	14
7381	14
7382	14
7383	14
7384	14
7385	14
7386	14
7387	14
7388	14
7389	14
7390	14
7391	14
7392	14
7393	14
7394	14
7395	14
7396	14
7397	14
7398	14
7399	14
7400	14
7401	14
7402	14
7403	14
7404	14
7405	14
7406	14
7407	14
7408	14
7409	14
7410	14
7411	14
7412	14
7413	14
7414	14
7415	14
7416	14
7417	14
7418	14
7419	14
7420	14
7421	14
7422	14
7423	14
7424	14
7425	14
7426	14
7427	14
7428	14
7429	14
7430	14
7431	14
7432	14
7433	14
7434	14
7435	14
7436	14
7437	14
7438	14
7439	14
7440	14
7441	14
7442	14
7443	14
7444	14
7445	14
7446	14
7447	14
7448	14
7449	14
7450	14
7451	14
7452	14
7453	14
7454	14
7455	14
7456	14
7457	14
7458	14
7459	14
7460	14
7461	14
7462	14
7463	14
7464	14
7465	14
7466	14
7467	14
7468	14
7469	14
7470	14
7471	14
7472	14
7473	14
7474	14
7475	14
7476	14
7477	14
7478	14
7479	14
7480	14
7481	14
7482	14
7483	14
7484	14
7485	14
7486	14
7487	14
7488	14
7489	14
7490	14
7491	14
7492	14
7493	14
7494	14
7495	14
7496	14
7497	14
7498	14
7499	14
7500	14
7501	14
7502	14
7503	14
7504	14
7505	14
7506	14
7507	14
7508	14
7509	14
7510	14
7511	14
7512	14
7513	14
7514	14
7515	14
7516	14
7517	14
7518	14
7519	14
7520	14
7521	14
7522	14
7523	14
7524	14
7525	14
7526	14
7527	14
7528	14
7529	14
7530	14
7531	14
7532	14
7533	14
7534	14
7535	14
7536	14
7537	14
7538	15
7539	15
7540	15
7541	15
7542	15
7543	15
7544	15
7545	15
7546	15
7547	15
7548	15
7549	15
7550	15
7551	15
7552	15
7553	15
7554	15
7555	15
7556	15
7557	15
7558	15
7559	15
7560	15
7561	15
7562	15
7563	15
7564	15
7565	15
7566	15
7567	15
7568	15
7569	15
7570	15
7571	15
7572	15
7573	15
7574	15
7575	15
7576	15
7577	15
7578	15
7579	15
7580	15
7581	15
7582	15
7583	15
7584	15
7585	15
7586	15
7587	15
7588	15
7589	15
7590	15
7591	15
7592	15
7593	15
7594	15
7595	15
7596	15
7597	15
7598	15
7599	15
7600	15
7601	15
7602	15
7603	15
7604	15
7605	15
7606	15
7607	15
7608	15
7609	15
7610	15
7611	15
7612	15
7613	15
7614	15
7615	15
7616	15
7617	15
7618	15
7619	15
7620	15
7621	15
7622	15
7623	15
7624	15
7625	15
7626	15
7627	15
7628	15
7629	15
7630	15
7631	15
7632	15
7633	15
7634	15
7635	15
7636	15
7637	15
7638	15
7639	15
7640	15
7641	15
7642	15
7643	15
7644	15
7645	15
7646	15
7647	15
7648	15
7649	15
7650	15
7651	15
7652	15
7653	15
7654	15
7655	15
7656	15
7657	15
7658	15
7659	15
7660	15
7661	15
7662	15
7663	15
7664	15
7665	15
7666	15
7667	15
7668	15
7669	15
7670	15
7671	15
7672	15
7673	15
7674	15
7675	15
7676	15
7677	15
7678	15
7679	15
7680	15
7681	15
7682	15
7683	15
7684	15
7685	15
7686	15
7687	15
7688	15
7689	15
7690	15
7691	15
7692	15
7693	15
7694	15
7695	15
7696	15
7697	15
7698	15
7699	15
7700	15
7701	15
7702	15
7703	15
7704	15
7705	15
7706	15
7707	15
7708	15
7709	15
7710	15
7711	15
7712	15
7713	15
7714	15
7715	15
7716	15
7717	15
7718	15
7719	15
7720	15
7721	15
7722	15
7723	15
7724	15
7725	15
7726	15
7727	15
7728	15
7729	15
7730	15
7731	15
7732	15
7733	15
7734	15
7735	15
7736	15
7737	15
7738	15
7739	15
7740	15
7741	15
7742	15
7743	15
7744	15
7745	15
7746	15
7747	15
7748	15
7749	15
7750	15
7751	15
7752	15
7753	15
7754	15
7755	15
7756	15
7757	15
7758	15
7759	15
7760	15
7761	15
7762	15
7763	15
7764	15
7765	15
7766	15
7767	15
7768	15
7769	15
7770	15
7771	15
7772	15
7773	15
7774	15
7775	15
7776	15
7777	15
7778	15
7779	15
7780	15
7781	15
7782	15
7783	15
7784	15
7785	15
7786	15
7787	15
7788	15
7789	15
7790	15
7791	15
7792	15
7793	15
7794	15
7795	15
7796	15
7797	15
7798	15
7799	15
7800	15
7801	15
7802	15
7803	15
7804	15
7805	15
7806	15
7807	15
7808	15
7809	15
7810	15
7811	15
7812	15
7813	15
7814	15
7815	15
7816	15
7817	15
7818	15
7819	15
7820	15
7821	15
7822	15
7823	15
7824	15
7825	15
7826	15
7827	15
7828	15
7829	15
7830	15
7831	15
7832	15
7833	15
7834	15
7835	15
7836	15
7837	15
7838	15
7839	15
7840	15
7841	15
7842	15
7843	15
7844	15
7845	15
7846	15
7847	15
7848	15
7849	15
7850	15
7851	15
7852	15
7853	15
7854	15
7855	15
7856	15
7857	15
7858	15
7859	15
7860	15
7861	15
7862	15
7863	15
7864	15
7865	15
7866	15
7867	15
7868	15
7869	15
7870	15
7871	15
7872	15
7873	15
7874	15
7875	15
7876	15
7877	15
7878	15
7879	15
7880	15
7881	15
7882	15
7883	15
7884	15
7885	15
7886	15
7887	15
7888	15
7889	15
7890	15
7891	15
7892	15
7893	15
7894	15
7895	15
7896	15
7897	16
7898	16
7899	16
7900	16
7901	16
7902	16
7903	16
7904	16
7905	16
7906	16
7907	16
7908	16
7909	16
7910	16
7911	16
7912	16
7913	16
7914	16
7915	16
7916	16
7917	16
7918	16
7919	16
7920	16
7921	16
7922	16
7923	16
7924	16
7925	16
7926	16
7927	16
7928	16
7929	16
7930	16
7931	16
7932	16
7933	16
7934	16
7935	16
7936	16
7937	16
7938	16
7939	16
7940	16
7941	16
7942	16
7943	16
7944	16
7945	16
7946	16
7947	16
7948	17
7949	17
7950	17
7951	17
7952	17
7953	17
7954	17
7955	17
7956	17
7957	17
7958	17
7959	17
7960	17
7961	17
7962	17
7963	17
7964	17
7965	17
7966	17
7967	17
7968	17
7969	17
7970	17
7971	17
7972	17
7973	17
7974	17
7975	17
7976	17
7977	17
7978	17
7979	17
7980	17
7981	17
7982	17
7983	17
7984	17
7985	17
7986	17
7987	17
7988	17
7989	17
7990	17
7991	17
7992	17
7993	17
7994	17
7995	17
7996	17
7997	17
7998	17
7999	17
8000	17
8001	17
8002	17
8003	17
8004	17
8005	17
8006	17
8007	17
8008	17
8009	17
8010	17
8011	17
8012	17
8013	17
8014	17
8015	17
8016	17
8017	17
8018	17
8019	17
8020	17
8021	17
8022	17
8023	17
8024	17
8025	17
8026	17
8027	17
8028	17
8029	17
8030	17
8031	17
8032	17
8033	17
8034	17
8035	17
8036	17
8037	17
8038	17
8039	17
8040	17
8041	17
8042	17
8043	17
8044	17
8045	17
8046	17
8047	17
8048	17
8049	17
8050	17
8051	17
8052	17
8053	17
8054	17
8055	17
8056	17
8057	17
8058	17
8059	17
8060	17
8061	17
8062	17
8063	17
8064	17
8065	17
8066	17
8067	17
8068	17
8069	17
8070	17
8071	17
8072	17
8073	17
8074	17
8075	17
8076	17
8077	17
8078	17
8079	17
8080	17
8081	17
8082	17
8083	17
8084	17
8085	17
8086	17
8087	17
8088	17
8089	17
8090	17
8091	17
8092	17
8093	17
8094	17
8095	17
8096	17
8097	17
8098	17
8099	17
8100	17
8101	17
8102	17
8103	17
8104	17
8105	17
8106	17
8107	17
8108	17
8109	17
8110	17
8111	17
8112	17
8113	17
8114	17
8115	17
8116	17
8117	17
8118	17
8119	17
8120	17
8121	17
8122	17
8123	17
8124	17
8125	17
8126	17
8127	17
8128	17
8129	17
8130	17
8131	17
8132	17
8133	17
8134	17
8135	17
8136	17
8137	17
8138	17
8139	17
8140	17
8141	17
8142	17
8143	17
8144	17
8145	17
8146	17
8147	17
8148	17
8149	17
8150	17
8151	17
8152	17
8153	17
8154	17
8155	17
8156	17
8157	17
8158	17
8159	17
8160	17
8161	17
8162	17
8163	17
8164	17
8165	17
8166	17
8167	17
8168	17
8169	17
8170	17
8171	17
8172	17
8173	17
8174	17
8175	17
8176	17
8177	17
8178	17
8179	17
8180	17
8181	17
8182	17
8183	17
8184	17
8185	17
8186	17
8187	17
8188	17
8189	17
8190	17
8191	17
8192	17
8193	17
8194	17
8195	17
8196	17
8197	17
8198	17
8199	17
8200	17
8201	17
8202	17
8203	17
8204	17
8205	17
8206	17
8207	17
8208	17
8209	17
8210	17
8211	17
8212	17
8213	17
8214	17
8215	17
8216	17
8217	17
8218	17
8219	17
8220	17
8221	17
8222	17
8223	17
8224	17
8225	17
8226	17
8227	17
8228	17
8229	17
8230	17
8231	17
8232	17
8233	17
8234	17
8235	17
8236	17
8237	17
8238	17
8239	17
8240	17
8241	17
8242	17
8243	17
8244	17
8245	17
8246	17
8247	17
8248	17
8249	17
8250	17
8251	17
8252	17
8253	17
8254	17
8255	17
8256	17
8257	17
8258	17
8259	17
8260	17
8261	17
8262	17
8263	17
8264	17
8265	17
8266	17
8267	17
8268	17
8269	17
8270	17
8271	17
8272	17
8273	17
8274	17
8275	17
8276	17
8277	17
8278	17
8279	17
8280	17
8281	17
8282	17
8283	17
8284	17
8285	17
8286	17
8287	17
8288	17
8289	17
8290	17
8291	17
8292	17
8293	17
8294	17
8295	17
8296	17
8297	17
8298	17
8299	17
8300	17
8301	17
8302	17
8303	17
8304	17
8305	17
8306	17
8307	17
8308	17
8309	17
8310	17
8311	17
8312	17
8313	17
8314	17
8315	17
8316	17
8317	17
8318	17
8319	17
8320	17
8321	17
8322	17
8323	17
8324	17
8325	17
8326	17
8327	17
8328	17
8329	17
8330	17
8331	17
8332	17
8333	17
8334	17
8335	17
8336	17
8337	17
8338	17
8339	17
8340	17
8341	17
8342	17
8343	17
8344	17
8345	17
8346	17
8347	17
8348	17
8349	17
8350	17
8351	17
8352	17
8353	17
8354	17
8355	17
8356	17
8357	17
8358	17
8359	17
8360	17
8361	17
8362	17
8363	17
8364	17
8365	17
8366	17
8367	17
8368	17
8369	17
8370	17
8371	17
8372	17
8373	17
8374	17
8375	17
8376	17
8377	17
8378	17
8379	17
8380	17
8381	17
8382	17
8383	17
8384	17
8385	17
8386	17
8387	17
8388	17
8389	17
8390	17
8391	17
8392	17
8393	17
8394	17
8395	17
8396	17
8397	17
8398	17
8399	17
8400	17
8401	17
8402	17
8403	17
8404	17
8405	17
8406	17
8407	17
8408	17
8409	17
8410	17
8411	17
8412	17
8413	17
8414	17
8415	17
8416	17
8417	17
8418	17
8419	17
8420	17
8421	17
8422	17
8423	18
8424	18
8425	18
8426	18
8427	18
8428	18
8429	18
8430	18
8431	18
8432	18
8433	18
8434	18
8435	18
8436	18
8437	18
8438	18
8439	18
8440	18
8441	18
8442	18
8443	18
8444	18
8445	18
8446	18
8447	18
8448	18
8449	18
8450	18
8451	18
8452	18
8453	18
8454	18
8455	18
8456	18
8457	18
8458	18
8459	18
8460	18
8461	18
8462	18
8463	18
8464	18
8465	18
8466	18
8467	18
8468	18
8469	18
8470	18
8471	18
8472	18
8473	18
8474	18
8475	18
8476	18
8477	18
8478	18
8479	18
8480	18
8481	18
8482	18
8483	18
8484	18
8485	18
8486	18
8487	18
8488	18
8489	18
8490	18
8491	18
8492	18
8493	18
8494	18
8495	18
8496	18
8497	18
8498	18
8499	18
8500	18
8501	18
8502	18
8503	18
8504	18
8505	18
8506	18
8507	18
8508	18
8509	18
8510	18
8511	18
8512	18
8513	18
8514	18
8515	18
8516	18
8517	18
8518	18
8519	18
8520	18
8521	18
8522	18
8523	18
8524	18
8525	18
8526	18
8527	18
8528	18
8529	18
8530	18
8531	18
8532	18
8533	18
8534	18
8535	18
8536	18
8537	18
8538	18
8539	18
8540	18
8541	18
8542	18
8543	18
8544	18
8545	18
8546	18
8547	18
8548	18
8549	18
8550	18
8551	18
8552	18
8553	18
8554	18
8555	18
8556	18
8557	18
8558	18
8559	18
8560	18
8561	18
8562	18
8563	18
8564	18
8565	18
8566	18
8567	18
8568	18
8569	18
8570	18
8571	18
8572	18
8573	18
8574	18
8575	18
8576	18
8577	18
8578	18
8579	18
8580	18
8581	18
8582	18
8583	18
8584	18
8585	18
8586	18
8587	18
8588	18
8589	18
8590	18
8591	18
8592	18
8593	18
8594	18
8595	18
8596	18
8597	18
8598	18
8599	18
8600	18
8601	18
8602	18
8603	18
8604	18
8605	18
8606	18
8607	18
8608	18
8609	18
8610	18
8611	18
8612	18
8613	18
8614	18
8615	18
8616	18
8617	18
8618	18
8619	18
8620	18
8621	18
8622	18
8623	18
8624	18
8625	18
8626	18
8627	18
8628	18
8629	18
8630	18
8631	18
8632	18
8633	18
8634	18
8635	18
8636	18
8637	18
8638	18
8639	18
8640	18
8641	18
8642	18
8643	18
8644	18
8645	18
8646	18
8647	18
8648	18
8649	18
8650	18
8651	18
8652	18
8653	18
8654	18
8655	18
8656	18
8657	18
8658	18
8659	18
8660	18
8661	18
8662	18
8663	18
8664	18
8665	18
8666	18
8667	18
8668	18
8669	18
8670	18
8671	18
8672	18
8673	18
8674	18
8675	18
8676	18
8677	18
8678	18
8679	18
8680	18
8681	18
8682	18
8683	18
8684	18
8685	18
8686	18
8687	18
8688	18
8689	18
8690	18
8691	18
8692	18
8693	18
8694	18
8695	18
8696	18
8697	18
8698	18
8699	18
8700	18
8701	18
8702	18
8703	18
8704	18
8705	18
8706	18
8707	18
8708	18
8709	18
8710	18
8711	18
8712	18
8713	18
8714	18
8715	18
8716	18
8717	18
8718	18
8719	18
8720	18
8721	18
8722	18
8723	18
8724	18
8725	18
8726	18
8727	18
8728	18
8729	18
8730	18
8731	18
8732	18
8733	18
8734	18
8735	18
8736	18
8737	18
8738	18
8739	18
8740	18
8741	18
8742	18
8743	18
8744	18
8745	18
8746	18
8747	18
8748	18
8749	18
8750	18
8751	18
8752	18
8753	18
8754	18
8755	18
8756	18
8757	18
8758	18
8759	18
8760	18
8761	18
8762	18
8763	18
8764	18
8765	18
8766	18
8767	18
8768	18
8769	18
8770	18
8771	18
8772	18
8773	18
8774	18
8775	18
8776	18
8777	18
8778	18
8779	18
8780	18
8781	18
8782	18
8783	18
8784	18
8785	18
8786	18
8787	18
8788	18
8789	18
8790	18
8791	18
8792	18
8793	18
8794	18
8795	18
8796	18
8797	18
8798	18
8799	18
8800	18
8801	18
8802	18
8803	18
8804	18
8805	18
8806	18
8807	18
8808	18
8809	18
8810	18
8811	18
8812	18
8813	18
8814	18
8815	18
8816	18
8817	18
8818	18
8819	18
8820	18
8821	18
8822	18
8823	18
8824	18
8825	18
8826	18
8827	18
8828	18
8829	18
8830	18
8831	18
8832	18
8833	18
8834	18
8835	18
8836	18
8837	18
8838	18
8839	18
8840	18
8841	18
8842	18
8843	18
8844	18
8845	18
8846	18
8847	18
8848	18
8849	18
8850	18
8851	18
8852	18
8853	18
8854	18
8855	18
8856	18
8857	18
8858	18
8859	18
8860	18
8861	18
8862	18
8863	18
8864	18
8865	18
8866	18
8867	18
8868	18
8869	18
8870	18
8871	18
8872	18
8873	18
8874	18
8875	18
8876	18
8877	18
8878	18
8879	18
8880	18
8881	18
8882	18
8883	18
8884	18
8885	18
8886	18
8887	18
8888	18
8889	18
8890	18
8891	18
8892	18
8893	18
8894	18
8895	18
8896	18
8897	18
8898	18
8899	18
8900	18
8901	18
8902	18
8903	18
8904	18
8905	18
8906	18
8907	18
8908	18
8909	18
8910	18
8911	18
8912	18
8913	18
8914	18
8915	18
8916	18
8917	18
8918	18
8919	18
8920	18
8921	18
8922	18
8923	18
8924	18
8925	18
8926	18
8927	18
8928	18
8929	18
8930	18
8931	18
8932	18
8933	18
8934	18
8935	18
8936	18
8937	18
8938	18
8939	18
8940	18
8941	18
8942	18
8943	18
8944	18
8945	18
8946	18
8947	18
8948	18
8949	18
8950	18
8951	18
8952	18
8953	18
8954	18
8955	18
8956	18
8957	18
8958	18
8959	18
8960	18
8961	18
8962	18
8963	18
8964	18
8965	18
8966	18
8967	18
8968	18
8969	18
8970	18
8971	18
8972	18
8973	18
8974	18
8975	18
8976	18
8977	18
8978	18
8979	18
8980	18
8981	18
8982	18
8983	18
8984	18
8985	18
8986	18
8987	18
8988	18
8989	18
8990	18
8991	18
8992	18
8993	18
8994	18
8995	18
8996	18
8997	18
8998	18
8999	18
9000	18
9001	18
9002	18
9003	18
9004	18
9005	18
9006	18
9007	18
9008	18
9009	18
9010	18
9011	19
9012	19
9013	19
9014	19
9015	19
9016	19
9017	19
9018	19
9019	19
9020	19
9021	19
9022	19
9023	19
9024	19
9025	19
9026	19
9027	19
9028	19
9029	19
9030	19
9031	19
9032	19
9033	19
9034	19
9035	19
9036	19
9037	19
9038	19
9039	19
9040	19
9041	19
9042	19
9043	19
9044	19
9045	19
9046	19
9047	19
9048	19
9049	19
9050	19
9051	19
9052	19
9053	19
9054	19
9055	19
9056	19
9057	19
9058	19
9059	19
9060	19
9061	19
9062	19
9063	19
9064	19
9065	19
9066	19
9067	19
9068	19
9069	19
9070	19
9071	19
9072	19
9073	19
9074	19
9075	19
9076	19
9077	19
9078	19
9079	19
9080	19
9081	19
9082	19
9083	19
9084	19
9085	19
9086	19
9087	19
9088	19
9089	19
9090	19
9091	19
9092	19
9093	19
9094	19
9095	19
9096	19
9097	19
9098	19
9099	19
9100	19
9101	19
9102	19
9103	19
9104	19
9105	19
9106	19
9107	19
9108	19
9109	19
9110	19
9111	19
9112	19
9113	19
9114	19
9115	19
9116	19
9117	19
9118	19
9119	19
9120	19
9121	19
9122	19
9123	19
9124	19
9125	19
9126	19
9127	19
9128	19
9129	19
9130	19
9131	19
9132	19
9133	19
9134	19
9135	19
9136	19
9137	19
9138	19
9139	19
9140	19
9141	19
9142	19
9143	19
9144	19
9145	19
9146	19
9147	19
9148	19
9149	19
9150	19
9151	19
9152	19
9153	19
9154	19
9155	19
9156	19
9157	19
9158	19
9159	19
9160	19
9161	19
9162	19
9163	19
9164	19
9165	19
9166	19
9167	19
9168	19
9169	19
9170	19
9171	19
9172	19
9173	19
9174	19
9175	19
9176	19
9177	19
9178	19
9179	19
9180	19
9181	19
9182	19
9183	19
9184	19
9185	19
9186	19
9187	19
9188	19
9189	19
9190	19
9191	19
9192	19
9193	19
9194	19
9195	19
9196	19
9197	19
9198	19
9199	19
9200	19
9201	19
9202	19
9203	19
9204	19
9205	19
9206	19
9207	19
9208	19
9209	19
9210	19
9211	19
9212	19
9213	19
9214	19
9215	19
9216	19
9217	19
9218	19
9219	19
9220	19
9221	19
9222	19
9223	19
9224	19
9225	19
9226	19
9227	19
9228	19
9229	19
9230	19
9231	19
9232	19
9233	19
9234	19
9235	19
9236	19
9237	19
9238	19
9239	19
9240	19
9241	19
9242	19
9243	19
9244	19
9245	19
9246	19
9247	19
9248	19
9249	19
9250	19
9251	19
9252	19
9253	19
9254	19
9255	19
9256	19
9257	19
9258	19
9259	19
9260	19
9261	19
9262	19
9263	19
9264	19
9265	19
9266	19
9267	19
9268	19
9269	19
9270	19
9271	19
9272	19
9273	19
9274	19
9275	19
9276	19
9277	19
9278	19
9279	19
9280	19
9281	19
9282	19
9283	19
9284	19
9285	19
9286	19
9287	19
9288	19
9289	19
9290	19
9291	19
9292	19
9293	19
9294	19
9295	19
9296	19
9297	19
9298	19
9299	19
9300	19
9301	19
9302	19
9303	19
9304	19
9305	19
9306	19
9307	19
9308	19
9309	19
9310	19
9311	19
9312	19
9313	19
9314	19
9315	19
9316	19
9317	19
9318	19
9319	19
9320	19
9321	19
9322	19
9323	19
9324	19
9325	19
9326	19
9327	19
9328	19
9329	19
9330	19
9331	19
9332	19
9333	19
9334	19
9335	19
9336	19
9337	19
9338	19
9339	19
9340	19
9341	19
9342	19
9343	19
9344	19
9345	19
9346	19
9347	19
9348	19
9349	19
9350	19
9351	19
9352	19
9353	19
9354	19
9355	19
9356	19
9357	19
9358	19
9359	19
9360	19
9361	19
9362	19
9363	19
9364	19
9365	19
9366	20
9367	20
9368	20
9369	20
9370	20
9371	20
9372	20
9373	20
9374	20
9375	20
9376	20
9377	20
9378	20
9379	20
9380	20
9381	20
9382	20
9383	20
9384	20
9385	20
9386	20
9387	20
9388	20
9389	20
9390	20
9391	20
9392	20
9393	20
9394	20
9395	20
9396	20
9397	20
9398	20
9399	20
9400	20
9401	20
9402	20
9403	20
9404	20
9405	20
9406	20
9407	20
9408	20
9409	20
9410	20
9411	20
9412	20
9413	20
9414	20
9415	20
9416	20
9417	20
9418	20
9419	20
9420	20
9421	20
9422	20
9423	20
9424	20
9425	20
9426	20
9427	20
9428	20
9429	20
9430	20
9431	20
9432	20
9433	20
9434	20
9435	20
9436	20
9437	20
9438	20
9439	20
9440	20
9441	20
9442	20
9443	20
9444	20
9445	20
9446	20
9447	20
9448	20
9449	20
9450	20
9451	20
9452	20
9453	20
9454	20
9455	20
9456	20
9457	20
9458	20
9459	20
9460	20
9461	20
9462	20
9463	20
9464	20
9465	20
9466	20
9467	20
9468	20
9469	20
9470	20
9471	20
9472	20
9473	20
9474	20
9475	20
9476	20
9477	20
9478	20
9479	20
9480	20
9481	20
9482	20
9483	20
9484	20
9485	20
9486	20
9487	20
9488	20
9489	20
9490	20
9491	20
9492	20
9493	20
9494	20
9495	20
9496	20
9497	20
9498	20
9499	20
9500	20
9501	20
9502	20
9503	20
9504	20
9505	20
9506	20
9507	20
9508	20
9509	20
9510	20
9511	20
9512	20
9513	20
9514	20
9515	20
9516	20
9517	20
9518	20
9519	20
9520	20
9521	20
9522	20
9523	20
9524	20
9525	20
9526	20
9527	20
9528	20
9529	20
9530	20
9531	20
9532	20
9533	20
9534	20
9535	20
9536	20
9537	20
9538	20
9539	20
9540	20
9541	20
9542	20
9543	20
9544	20
9545	20
9546	20
9547	20
9548	20
9549	20
9550	20
9551	20
9552	20
9553	20
9554	20
9555	20
9556	20
9557	20
9558	20
9559	20
9560	20
9561	20
9562	20
9563	20
9564	20
9565	20
9566	20
9567	20
9568	20
9569	20
9570	20
9571	20
9572	20
9573	20
9574	20
9575	20
9576	20
9577	20
9578	20
9579	20
9580	20
9581	20
9582	20
9583	20
9584	20
9585	20
9586	20
9587	20
9588	20
9589	20
9590	20
9591	20
9592	20
9593	20
9594	20
9595	20
9596	20
9597	20
9598	20
9599	20
9600	20
9601	20
9602	20
9603	20
9604	20
9605	20
9606	20
9607	20
9608	20
9609	20
9610	20
9611	20
9612	20
9613	20
9614	20
9615	20
9616	20
9617	20
9618	20
9619	20
9620	20
9621	20
9622	20
9623	20
9624	20
9625	20
9626	20
9627	20
9628	20
9629	20
9630	20
9631	20
9632	20
9633	20
9634	20
9635	20
9636	20
9637	20
9638	20
9639	20
9640	20
9641	20
9642	20
9643	20
9644	20
9645	20
9646	20
9647	20
9648	20
9649	20
9650	20
9651	20
9652	20
9653	20
9654	20
9655	20
9656	20
9657	20
9658	20
9659	20
9660	20
9661	20
9662	20
9663	20
9664	20
9665	20
9666	20
9667	20
9668	20
9669	20
9670	20
9671	20
9672	20
9673	20
9674	20
9675	20
9676	20
9677	20
9678	20
9679	20
9680	20
9681	20
9682	20
9683	20
9684	20
9685	20
9686	20
9687	20
9688	20
9689	20
9690	20
9691	20
9692	20
9693	20
9694	20
9695	20
9696	20
9697	20
9698	20
9699	20
9700	20
9701	20
9702	20
9703	20
9704	20
9705	20
9706	20
9707	20
9708	20
9709	20
9710	20
9711	20
9712	20
9713	20
9714	20
9715	20
9716	20
9717	20
9718	20
9719	20
9720	20
9721	20
9722	20
9723	20
9724	20
9725	20
9726	20
9727	20
9728	20
9729	20
9730	20
9731	20
9732	20
9733	20
9734	20
9735	20
9736	20
9737	20
9738	20
9739	20
9740	20
9741	20
9742	20
9743	20
9744	20
9745	20
9746	20
9747	20
9748	20
9749	20
9750	20
9751	20
9752	20
9753	20
9754	20
9755	20
9756	20
9757	20
9758	20
9759	20
9760	20
9761	20
9762	20
9763	20
9764	20
9765	20
9766	20
9767	20
9768	20
9769	20
9770	20
9771	20
9772	20
9773	20
9774	20
9775	20
9776	20
9777	21
9778	21
9779	21
9780	21
9781	21
9782	21
9783	21
9784	21
9785	21
9786	21
9787	21
9788	21
9789	21
9790	21
9791	21
9792	21
9793	21
9794	21
9795	21
9796	21
9797	21
9798	21
9799	21
9800	21
9801	21
9802	21
9803	21
9804	21
9805	21
9806	21
9807	21
9808	21
9809	21
9810	21
9811	21
9812	21
9813	21
9814	21
9815	21
9816	21
9817	21
9818	21
9819	21
9820	21
9821	21
9822	21
9823	21
9824	21
9825	21
9826	21
9827	21
9828	21
9829	21
9830	21
9831	21
9832	21
9833	21
9834	21
9835	21
9836	21
9837	21
9838	21
9839	21
9840	21
9841	21
9842	21
9843	21
9844	21
9845	21
9846	21
9847	21
9848	21
9849	21
9850	21
9851	21
9852	21
9853	21
9854	21
9855	22
9856	22
9857	22
9858	22
9859	22
9860	22
9861	22
9862	22
9863	22
9864	22
9865	22
9866	22
9867	22
9868	22
9869	22
9870	22
9871	22
9872	22
9873	22
9874	22
9875	22
9876	22
9877	22
9878	22
9879	22
9880	22
9881	22
9882	22
9883	22
9884	22
9885	22
9886	22
9887	22
9888	22
9889	22
9890	22
9891	22
9892	22
9893	22
9894	22
9895	22
9896	22
9897	22
9898	22
9899	22
9900	22
9901	22
9902	22
9903	22
9904	22
9905	22
9906	22
9907	22
9908	22
9909	22
9910	22
9911	22
9912	22
9913	22
9914	22
9915	22
9916	22
9917	22
9918	22
9919	22
9920	22
9921	22
9922	22
9923	22
9924	22
9925	22
9926	22
9927	22
9928	22
9929	22
9930	22
9931	22
9932	22
9933	22
9934	22
9935	22
9936	22
9937	22
9938	22
9939	22
9940	22
9941	22
9942	22
9943	22
9944	22
9945	22
9946	22
9947	22
9948	22
9949	22
9950	22
9951	22
9952	22
9953	22
9954	22
9955	22
9956	22
9957	22
9958	22
9959	22
9960	22
9961	22
9962	22
9963	22
9964	22
9965	22
9966	22
9967	22
9968	22
9969	22
9970	22
9971	22
9972	22
9973	22
9974	22
9975	22
9976	22
9977	22
9978	22
9979	22
9980	22
9981	22
9982	22
9983	22
9984	22
9985	22
9986	22
9987	22
9988	22
9989	22
9990	22
9991	22
9992	22
9993	22
9994	22
9995	22
9996	22
9997	22
9998	22
9999	22
10000	22
