#Clock	ItemsCollected
1	0
2	0
3	0
4	0
5	0
6	0
7	0
8	0
9	0
10	0
11	0
12	0
13	0
14	0
15	0
16	0
17	0
18	0
19	0
20	0
21	0
22	0
23	0
24	0
25	0
26	0
27	0
28	0
29	0
30	0
31	0
32	0
33	0
34	0
35	0
36	0
37	0
38	0
39	0
40	0
41	0
42	0
43	0
44	0
45	0
46	0
47	0
48	0
49	0
50	0
51	0
52	0
53	0
54	0
55	0
56	0
57	0
58	0
59	0
60	0
61	0
62	0
63	0
64	0
65	0
66	0
67	0
68	0
69	0
70	0
71	0
72	0
73	0
74	0
75	0
76	0
77	0
78	0
79	0
80	0
81	0
82	0
83	0
84	0
85	0
86	0
87	0
88	0
89	0
90	0
91	0
92	0
93	0
94	0
95	0
96	0
97	0
98	0
99	0
100	0
101	0
102	0
103	0
104	0
105	0
106	0
107	0
108	0
109	0
110	0
111	0
112	0
113	0
114	0
115	0
116	0
117	0
118	0
119	0
120	0
121	0
122	0
123	0
124	0
125	0
126	0
127	0
128	0
129	0
130	0
131	0
132	0
133	0
134	0
135	0
136	0
137	0
138	0
139	0
140	0
141	0
142	0
143	0
144	0
145	0
146	0
147	0
148	0
149	0
150	0
151	0
152	0
153	0
154	0
155	0
156	0
157	0
158	0
159	0
160	0
161	0
162	0
163	0
164	0
165	0
166	0
167	0
168	0
169	0
170	0
171	0
172	0
173	0
174	0
175	0
176	0
177	0
178	0
179	0
180	0
181	0
182	0
183	0
184	0
185	0
186	0
187	0
188	0
189	0
190	0
191	0
192	0
193	0
194	0
195	0
196	0
197	0
198	0
199	0
200	0
201	0
202	0
203	0
204	0
205	0
206	0
207	0
208	0
209	0
210	0
211	0
212	0
213	0
214	0
215	0
216	0
217	0
218	0
219	0
220	0
221	0
222	0
223	0
224	0
225	0
226	0
227	0
228	0
229	0
230	0
231	0
232	0
233	0
234	0
235	0
236	0
237	0
238	0
239	0
240	0
241	0
242	0
243	0
244	0
245	0
246	0
247	0
248	0
249	0
250	0
251	0
252	0
253	0
254	0
255	0
256	0
257	0
258	0
259	0
260	0
261	0
262	0
263	0
264	0
265	0
266	0
267	0
268	0
269	0
270	0
271	0
272	0
273	0
274	0
275	0
276	0
277	0
278	0
279	0
280	0
281	0
282	0
283	0
284	0
285	0
286	0
287	0
288	0
289	0
290	0
291	0
292	0
293	0
294	0
295	0
296	0
297	0
298	0
299	0
300	0
301	0
302	0
303	0
304	0
305	0
306	0
307	0
308	0
309	0
310	0
311	0
312	0
313	0
314	0
315	0
316	0
317	0
318	0
319	0
320	0
321	0
322	0
323	0
324	0
325	0
326	0
327	0
328	0
329	0
330	0
331	0
332	0
333	0
334	0
335	0
336	0
337	0
338	0
339	0
340	0
341	0
342	0
343	0
344	0
345	0
346	0
347	0
348	0
349	0
350	0
351	0
352	0
353	0
354	0
355	0
356	0
357	0
358	0
359	0
360	0
361	0
362	0
363	0
364	0
365	0
366	0
367	0
368	0
369	0
370	0
371	0
372	0
373	0
374	0
375	0
376	0
377	0
378	0
379	0
380	0
381	0
382	0
383	0
384	0
385	0
386	0
387	0
388	0
389	0
390	0
391	0
392	0
393	0
394	0
395	0
396	0
397	0
398	0
399	0
400	0
401	0
402	0
403	0
404	0
405	0
406	0
407	0
408	0
409	0
410	0
411	0
412	0
413	0
414	0
415	0
416	0
417	0
418	0
419	0
420	0
421	0
422	0
423	0
424	0
425	0
426	0
427	0
428	0
429	0
430	0
431	0
432	0
433	0
434	0
435	0
436	0
437	0
438	0
439	0
440	0
441	0
442	0
443	0
444	0
445	0
446	0
447	0
448	0
449	0
450	0
451	0
452	0
453	0
454	0
455	0
456	0
457	0
458	0
459	0
460	0
461	0
462	0
463	0
464	0
465	0
466	0
467	0
468	0
469	0
470	0
471	0
472	0
473	0
474	0
475	0
476	0
477	0
478	0
479	0
480	0
481	0
482	0
483	0
484	0
485	0
486	0
487	0
488	0
489	0
490	0
491	0
492	0
493	0
494	0
495	0
496	0
497	0
498	0
499	0
500	0
501	0
502	0
503	0
504	0
505	0
506	0
507	0
508	0
509	0
510	0
511	0
512	0
513	0
514	0
515	0
516	0
517	0
518	0
519	0
520	0
521	0
522	0
523	0
524	0
525	0
526	0
527	0
528	0
529	0
530	0
531	0
532	0
533	0
534	0
535	0
536	0
537	0
538	0
539	0
540	0
541	0
542	0
543	0
544	0
545	0
546	0
547	0
548	0
549	0
550	0
551	0
552	0
553	0
554	0
555	0
556	0
557	0
558	0
559	0
560	0
561	0
562	0
563	0
564	0
565	0
566	0
567	0
568	0
569	0
570	0
571	0
572	0
573	0
574	0
575	0
576	0
577	0
578	0
579	0
580	0
581	0
582	0
583	0
584	0
585	0
586	0
587	0
588	0
589	0
590	0
591	0
592	0
593	0
594	0
595	0
596	0
597	0
598	0
599	0
600	0
601	0
602	0
603	0
604	0
605	0
606	0
607	0
608	0
609	0
610	0
611	0
612	0
613	0
614	0
615	0
616	0
617	0
618	0
619	0
620	0
621	0
622	0
623	0
624	0
625	0
626	0
627	0
628	0
629	0
630	0
631	0
632	0
633	0
634	0
635	0
636	0
637	0
638	0
639	0
640	0
641	0
642	0
643	0
644	0
645	0
646	0
647	0
648	0
649	0
650	0
651	0
652	0
653	0
654	0
655	0
656	0
657	0
658	0
659	0
660	0
661	0
662	0
663	0
664	0
665	0
666	0
667	0
668	0
669	0
670	0
671	0
672	0
673	0
674	0
675	0
676	0
677	0
678	0
679	0
680	0
681	0
682	0
683	0
684	0
685	0
686	0
687	0
688	0
689	0
690	0
691	0
692	0
693	0
694	0
695	0
696	0
697	0
698	0
699	0
700	0
701	0
702	0
703	0
704	0
705	0
706	0
707	0
708	0
709	0
710	0
711	0
712	0
713	0
714	0
715	0
716	0
717	0
718	0
719	0
720	0
721	0
722	0
723	0
724	0
725	0
726	0
727	0
728	0
729	0
730	0
731	0
732	0
733	0
734	0
735	0
736	0
737	0
738	0
739	0
740	0
741	0
742	0
743	0
744	0
745	0
746	0
747	0
748	0
749	0
750	0
751	0
752	0
753	0
754	0
755	0
756	0
757	0
758	0
759	0
760	0
761	0
762	0
763	0
764	0
765	0
766	0
767	0
768	0
769	0
770	0
771	0
772	0
773	0
774	0
775	0
776	0
777	0
778	0
779	0
780	0
781	0
782	0
783	0
784	0
785	0
786	0
787	0
788	0
789	0
790	0
791	0
792	0
793	0
794	0
795	0
796	0
797	0
798	0
799	0
800	0
801	0
802	0
803	0
804	0
805	0
806	0
807	0
808	0
809	0
810	0
811	0
812	0
813	0
814	0
815	0
816	0
817	0
818	0
819	0
820	0
821	0
822	0
823	0
824	0
825	0
826	0
827	0
828	0
829	0
830	0
831	0
832	0
833	0
834	0
835	0
836	0
837	0
838	0
839	0
840	0
841	0
842	0
843	0
844	0
845	0
846	0
847	0
848	0
849	0
850	0
851	0
852	0
853	0
854	0
855	0
856	0
857	0
858	0
859	0
860	0
861	0
862	0
863	0
864	0
865	0
866	0
867	0
868	0
869	0
870	0
871	0
872	0
873	0
874	0
875	0
876	0
877	0
878	0
879	0
880	0
881	0
882	0
883	0
884	0
885	0
886	0
887	0
888	0
889	0
890	0
891	0
892	0
893	0
894	0
895	0
896	0
897	0
898	0
899	0
900	0
901	0
902	0
903	0
904	0
905	0
906	0
907	0
908	0
909	0
910	0
911	0
912	0
913	0
914	0
915	0
916	0
917	0
918	0
919	0
920	0
921	0
922	0
923	0
924	0
925	0
926	0
927	0
928	0
929	0
930	0
931	0
932	0
933	0
934	0
935	0
936	0
937	0
938	0
939	0
940	0
941	0
942	0
943	0
944	0
945	0
946	0
947	0
948	0
949	0
950	0
951	0
952	0
953	0
954	0
955	0
956	0
957	0
958	0
959	0
960	0
961	0
962	0
963	0
964	0
965	0
966	0
967	0
968	0
969	0
970	0
971	0
972	0
973	0
974	0
975	0
976	0
977	0
978	0
979	0
980	0
981	0
982	0
983	0
984	0
985	0
986	0
987	0
988	0
989	0
990	0
991	0
992	0
993	0
994	0
995	0
996	0
997	0
998	0
999	0
1000	0
1001	0
1002	0
1003	0
1004	0
1005	0
1006	0
1007	0
1008	0
1009	0
1010	0
1011	0
1012	0
1013	0
1014	0
1015	0
1016	0
1017	0
1018	0
1019	0
1020	0
1021	0
1022	0
1023	0
1024	0
1025	0
1026	0
1027	0
1028	0
1029	0
1030	0
1031	0
1032	0
1033	0
1034	0
1035	0
1036	0
1037	0
1038	0
1039	0
1040	0
1041	0
1042	0
1043	0
1044	0
1045	0
1046	0
1047	0
1048	0
1049	0
1050	0
1051	0
1052	0
1053	0
1054	0
1055	0
1056	0
1057	0
1058	0
1059	0
1060	0
1061	0
1062	0
1063	0
1064	0
1065	0
1066	0
1067	0
1068	0
1069	0
1070	0
1071	0
1072	0
1073	0
1074	0
1075	0
1076	0
1077	0
1078	0
1079	0
1080	0
1081	0
1082	0
1083	0
1084	0
1085	0
1086	0
1087	0
1088	0
1089	0
1090	0
1091	0
1092	0
1093	0
1094	0
1095	0
1096	0
1097	0
1098	0
1099	0
1100	0
1101	0
1102	0
1103	0
1104	0
1105	0
1106	0
1107	0
1108	0
1109	0
1110	0
1111	0
1112	0
1113	0
1114	0
1115	0
1116	0
1117	0
1118	0
1119	0
1120	0
1121	0
1122	0
1123	0
1124	0
1125	0
1126	0
1127	0
1128	0
1129	0
1130	0
1131	0
1132	0
1133	0
1134	0
1135	0
1136	0
1137	0
1138	0
1139	0
1140	0
1141	0
1142	0
1143	0
1144	0
1145	0
1146	0
1147	0
1148	0
1149	0
1150	0
1151	0
1152	0
1153	0
1154	0
1155	0
1156	0
1157	0
1158	0
1159	0
1160	0
1161	0
1162	0
1163	0
1164	0
1165	0
1166	0
1167	0
1168	0
1169	0
1170	0
1171	0
1172	0
1173	0
1174	0
1175	0
1176	0
1177	0
1178	0
1179	0
1180	0
1181	0
1182	0
1183	0
1184	0
1185	0
1186	0
1187	0
1188	0
1189	0
1190	0
1191	0
1192	0
1193	0
1194	0
1195	0
1196	0
1197	0
1198	0
1199	0
1200	0
1201	0
1202	0
1203	0
1204	0
1205	0
1206	0
1207	0
1208	0
1209	0
1210	0
1211	0
1212	0
1213	0
1214	0
1215	0
1216	0
1217	0
1218	0
1219	0
1220	0
1221	0
1222	0
1223	0
1224	0
1225	0
1226	0
1227	0
1228	0
1229	0
1230	0
1231	0
1232	0
1233	0
1234	0
1235	0
1236	0
1237	0
1238	0
1239	0
1240	0
1241	0
1242	0
1243	0
1244	0
1245	0
1246	0
1247	0
1248	0
1249	0
1250	0
1251	0
1252	0
1253	0
1254	0
1255	0
1256	0
1257	0
1258	0
1259	0
1260	0
1261	0
1262	0
1263	0
1264	0
1265	0
1266	0
1267	0
1268	0
1269	0
1270	0
1271	0
1272	0
1273	0
1274	0
1275	0
1276	0
1277	0
1278	0
1279	0
1280	0
1281	0
1282	0
1283	0
1284	0
1285	0
1286	0
1287	0
1288	0
1289	0
1290	0
1291	0
1292	0
1293	0
1294	0
1295	0
1296	0
1297	0
1298	0
1299	0
1300	0
1301	0
1302	0
1303	0
1304	0
1305	0
1306	0
1307	0
1308	0
1309	0
1310	0
1311	0
1312	0
1313	0
1314	0
1315	0
1316	0
1317	0
1318	0
1319	0
1320	0
1321	0
1322	0
1323	0
1324	0
1325	0
1326	0
1327	0
1328	0
1329	0
1330	0
1331	0
1332	0
1333	0
1334	0
1335	0
1336	0
1337	0
1338	0
1339	0
1340	0
1341	0
1342	0
1343	0
1344	0
1345	0
1346	0
1347	0
1348	0
1349	0
1350	0
1351	0
1352	0
1353	0
1354	0
1355	0
1356	0
1357	0
1358	0
1359	0
1360	0
1361	0
1362	0
1363	0
1364	0
1365	0
1366	0
1367	0
1368	0
1369	0
1370	0
1371	0
1372	0
1373	0
1374	0
1375	0
1376	0
1377	0
1378	0
1379	0
1380	0
1381	0
1382	0
1383	0
1384	0
1385	0
1386	0
1387	0
1388	0
1389	0
1390	0
1391	0
1392	0
1393	0
1394	0
1395	0
1396	0
1397	0
1398	0
1399	0
1400	0
1401	0
1402	0
1403	0
1404	0
1405	0
1406	0
1407	0
1408	0
1409	0
1410	0
1411	0
1412	0
1413	0
1414	0
1415	0
1416	0
1417	0
1418	0
1419	0
1420	0
1421	0
1422	0
1423	0
1424	0
1425	0
1426	0
1427	0
1428	0
1429	0
1430	0
1431	0
1432	0
1433	0
1434	0
1435	0
1436	0
1437	0
1438	0
1439	0
1440	0
1441	0
1442	0
1443	0
1444	0
1445	0
1446	0
1447	0
1448	0
1449	0
1450	0
1451	0
1452	0
1453	0
1454	0
1455	0
1456	0
1457	0
1458	0
1459	0
1460	0
1461	0
1462	0
1463	0
1464	0
1465	0
1466	0
1467	0
1468	0
1469	0
1470	0
1471	0
1472	0
1473	0
1474	0
1475	0
1476	0
1477	0
1478	0
1479	0
1480	0
1481	0
1482	0
1483	0
1484	0
1485	0
1486	0
1487	0
1488	0
1489	0
1490	0
1491	0
1492	0
1493	0
1494	0
1495	0
1496	0
1497	0
1498	0
1499	0
1500	0
1501	0
1502	0
1503	0
1504	0
1505	0
1506	0
1507	0
1508	0
1509	0
1510	0
1511	0
1512	0
1513	0
1514	0
1515	0
1516	0
1517	0
1518	0
1519	0
1520	0
1521	0
1522	0
1523	0
1524	0
1525	0
1526	0
1527	0
1528	0
1529	0
1530	0
1531	0
1532	0
1533	0
1534	0
1535	0
1536	0
1537	0
1538	0
1539	0
1540	0
1541	0
1542	0
1543	0
1544	0
1545	0
1546	0
1547	0
1548	0
1549	0
1550	0
1551	0
1552	0
1553	0
1554	0
1555	0
1556	0
1557	0
1558	0
1559	0
1560	0
1561	0
1562	0
1563	0
1564	0
1565	0
1566	0
1567	0
1568	0
1569	0
1570	0
1571	0
1572	0
1573	0
1574	0
1575	0
1576	0
1577	0
1578	0
1579	0
1580	0
1581	0
1582	0
1583	0
1584	0
1585	0
1586	0
1587	0
1588	0
1589	0
1590	0
1591	0
1592	0
1593	0
1594	0
1595	0
1596	0
1597	0
1598	0
1599	0
1600	0
1601	0
1602	0
1603	0
1604	0
1605	0
1606	0
1607	0
1608	0
1609	0
1610	0
1611	0
1612	0
1613	0
1614	0
1615	0
1616	0
1617	0
1618	0
1619	0
1620	0
1621	0
1622	0
1623	0
1624	0
1625	0
1626	0
1627	0
1628	0
1629	0
1630	0
1631	0
1632	0
1633	0
1634	0
1635	0
1636	0
1637	0
1638	0
1639	0
1640	0
1641	0
1642	0
1643	0
1644	0
1645	0
1646	0
1647	0
1648	0
1649	0
1650	0
1651	0
1652	0
1653	0
1654	0
1655	0
1656	0
1657	0
1658	0
1659	0
1660	0
1661	0
1662	0
1663	0
1664	0
1665	0
1666	0
1667	0
1668	0
1669	0
1670	0
1671	0
1672	0
1673	0
1674	0
1675	0
1676	0
1677	0
1678	0
1679	0
1680	0
1681	0
1682	0
1683	0
1684	0
1685	0
1686	0
1687	0
1688	0
1689	0
1690	0
1691	0
1692	0
1693	0
1694	0
1695	0
1696	0
1697	0
1698	0
1699	0
1700	0
1701	0
1702	0
1703	0
1704	0
1705	0
1706	0
1707	0
1708	0
1709	0
1710	0
1711	0
1712	0
1713	0
1714	0
1715	0
1716	0
1717	0
1718	0
1719	0
1720	0
1721	0
1722	0
1723	0
1724	0
1725	0
1726	0
1727	0
1728	0
1729	0
1730	0
1731	0
1732	0
1733	0
1734	0
1735	0
1736	0
1737	0
1738	0
1739	0
1740	0
1741	0
1742	0
1743	0
1744	0
1745	0
1746	0
1747	0
1748	0
1749	0
1750	0
1751	0
1752	0
1753	0
1754	0
1755	0
1756	0
1757	0
1758	0
1759	0
1760	0
1761	0
1762	0
1763	0
1764	0
1765	0
1766	0
1767	0
1768	0
1769	0
1770	0
1771	0
1772	0
1773	0
1774	0
1775	0
1776	0
1777	0
1778	0
1779	0
1780	0
1781	0
1782	0
1783	0
1784	0
1785	0
1786	0
1787	0
1788	0
1789	0
1790	0
1791	0
1792	0
1793	0
1794	0
1795	0
1796	0
1797	0
1798	0
1799	0
1800	0
1801	0
1802	0
1803	0
1804	0
1805	0
1806	0
1807	0
1808	0
1809	0
1810	0
1811	0
1812	0
1813	0
1814	0
1815	0
1816	0
1817	0
1818	0
1819	0
1820	0
1821	0
1822	0
1823	0
1824	0
1825	0
1826	0
1827	0
1828	0
1829	0
1830	0
1831	0
1832	0
1833	0
1834	0
1835	0
1836	0
1837	0
1838	0
1839	0
1840	0
1841	0
1842	0
1843	0
1844	0
1845	0
1846	0
1847	0
1848	0
1849	0
1850	0
1851	0
1852	0
1853	0
1854	0
1855	0
1856	0
1857	0
1858	0
1859	0
1860	0
1861	0
1862	0
1863	0
1864	0
1865	0
1866	0
1867	0
1868	0
1869	0
1870	0
1871	0
1872	0
1873	0
1874	0
1875	0
1876	0
1877	0
1878	0
1879	0
1880	0
1881	0
1882	0
1883	0
1884	0
1885	0
1886	0
1887	0
1888	0
1889	0
1890	0
1891	0
1892	0
1893	0
1894	0
1895	0
1896	0
1897	0
1898	0
1899	0
1900	0
1901	0
1902	0
1903	0
1904	0
1905	0
1906	0
1907	0
1908	0
1909	0
1910	0
1911	0
1912	0
1913	0
1914	0
1915	0
1916	0
1917	0
1918	0
1919	0
1920	0
1921	0
1922	0
1923	0
1924	0
1925	0
1926	0
1927	0
1928	0
1929	0
1930	0
1931	0
1932	0
1933	0
1934	0
1935	0
1936	0
1937	0
1938	0
1939	0
1940	0
1941	0
1942	0
1943	0
1944	0
1945	0
1946	0
1947	0
1948	0
1949	0
1950	0
1951	0
1952	0
1953	0
1954	0
1955	0
1956	0
1957	0
1958	0
1959	0
1960	0
1961	0
1962	0
1963	0
1964	0
1965	0
1966	0
1967	0
1968	0
1969	0
1970	0
1971	0
1972	0
1973	0
1974	0
1975	0
1976	0
1977	0
1978	0
1979	0
1980	0
1981	0
1982	0
1983	0
1984	0
1985	0
1986	0
1987	0
1988	0
1989	0
1990	0
1991	0
1992	0
1993	0
1994	0
1995	0
1996	0
1997	0
1998	0
1999	0
2000	0
2001	0
2002	0
2003	0
2004	0
2005	0
2006	0
2007	0
2008	0
2009	0
2010	0
2011	0
2012	0
2013	0
2014	0
2015	0
2016	0
2017	0
2018	0
2019	0
2020	0
2021	0
2022	0
2023	0
2024	0
2025	0
2026	0
2027	0
2028	0
2029	0
2030	0
2031	0
2032	0
2033	0
2034	0
2035	0
2036	0
2037	0
2038	0
2039	0
2040	0
2041	0
2042	0
2043	0
2044	0
2045	0
2046	0
2047	0
2048	0
2049	0
2050	0
2051	0
2052	0
2053	0
2054	0
2055	0
2056	0
2057	0
2058	0
2059	0
2060	0
2061	0
2062	0
2063	0
2064	0
2065	0
2066	0
2067	0
2068	0
2069	0
2070	0
2071	0
2072	0
2073	0
2074	0
2075	0
2076	0
2077	0
2078	0
2079	0
2080	0
2081	0
2082	0
2083	0
2084	0
2085	0
2086	0
2087	0
2088	0
2089	0
2090	0
2091	0
2092	0
2093	0
2094	0
2095	0
2096	0
2097	0
2098	0
2099	0
2100	0
2101	0
2102	0
2103	0
2104	0
2105	0
2106	0
2107	0
2108	0
2109	0
2110	0
2111	0
2112	0
2113	0
2114	0
2115	0
2116	0
2117	0
2118	0
2119	0
2120	0
2121	0
2122	0
2123	0
2124	0
2125	0
2126	0
2127	0
2128	0
2129	0
2130	0
2131	0
2132	0
2133	0
2134	0
2135	0
2136	0
2137	0
2138	0
2139	0
2140	0
2141	0
2142	0
2143	0
2144	0
2145	0
2146	0
2147	0
2148	0
2149	0
2150	0
2151	0
2152	0
2153	0
2154	0
2155	0
2156	0
2157	0
2158	0
2159	0
2160	0
2161	0
2162	0
2163	0
2164	0
2165	0
2166	0
2167	0
2168	0
2169	0
2170	0
2171	0
2172	0
2173	0
2174	0
2175	0
2176	0
2177	0
2178	0
2179	0
2180	0
2181	0
2182	0
2183	0
2184	0
2185	0
2186	0
2187	0
2188	0
2189	0
2190	0
2191	0
2192	0
2193	0
2194	0
2195	0
2196	0
2197	0
2198	0
2199	0
2200	0
2201	0
2202	0
2203	0
2204	0
2205	0
2206	0
2207	0
2208	0
2209	0
2210	0
2211	0
2212	0
2213	0
2214	0
2215	0
2216	0
2217	0
2218	0
2219	0
2220	0
2221	0
2222	0
2223	0
2224	0
2225	0
2226	0
2227	0
2228	0
2229	0
2230	0
2231	0
2232	0
2233	0
2234	0
2235	0
2236	0
2237	0
2238	0
2239	0
2240	0
2241	0
2242	0
2243	0
2244	0
2245	0
2246	0
2247	0
2248	0
2249	0
2250	0
2251	0
2252	0
2253	0
2254	0
2255	0
2256	0
2257	0
2258	0
2259	0
2260	0
2261	0
2262	0
2263	0
2264	0
2265	0
2266	0
2267	0
2268	0
2269	0
2270	0
2271	0
2272	0
2273	0
2274	0
2275	0
2276	0
2277	0
2278	0
2279	0
2280	0
2281	0
2282	0
2283	0
2284	0
2285	0
2286	0
2287	0
2288	0
2289	0
2290	0
2291	0
2292	0
2293	0
2294	0
2295	0
2296	0
2297	0
2298	0
2299	0
2300	0
2301	0
2302	0
2303	0
2304	0
2305	0
2306	0
2307	0
2308	0
2309	0
2310	0
2311	0
2312	0
2313	0
2314	0
2315	0
2316	0
2317	0
2318	0
2319	0
2320	0
2321	0
2322	0
2323	0
2324	0
2325	0
2326	0
2327	0
2328	0
2329	0
2330	0
2331	0
2332	0
2333	0
2334	0
2335	0
2336	0
2337	0
2338	0
2339	0
2340	0
2341	0
2342	0
2343	0
2344	0
2345	0
2346	0
2347	0
2348	0
2349	0
2350	0
2351	0
2352	0
2353	0
2354	0
2355	0
2356	0
2357	0
2358	0
2359	0
2360	0
2361	0
2362	0
2363	0
2364	0
2365	0
2366	0
2367	0
2368	0
2369	0
2370	0
2371	0
2372	0
2373	0
2374	0
2375	0
2376	0
2377	0
2378	0
2379	0
2380	0
2381	0
2382	0
2383	0
2384	0
2385	0
2386	0
2387	0
2388	0
2389	0
2390	0
2391	0
2392	0
2393	0
2394	0
2395	0
2396	0
2397	0
2398	0
2399	0
2400	0
2401	0
2402	0
2403	0
2404	0
2405	0
2406	0
2407	0
2408	0
2409	0
2410	0
2411	0
2412	0
2413	0
2414	0
2415	0
2416	0
2417	0
2418	0
2419	0
2420	0
2421	0
2422	0
2423	0
2424	0
2425	0
2426	0
2427	0
2428	0
2429	0
2430	0
2431	0
2432	0
2433	0
2434	0
2435	0
2436	0
2437	0
2438	0
2439	0
2440	0
2441	0
2442	0
2443	0
2444	0
2445	0
2446	0
2447	0
2448	0
2449	0
2450	0
2451	0
2452	0
2453	0
2454	0
2455	0
2456	0
2457	0
2458	0
2459	0
2460	0
2461	0
2462	0
2463	0
2464	0
2465	0
2466	0
2467	0
2468	0
2469	0
2470	0
2471	0
2472	0
2473	0
2474	0
2475	0
2476	0
2477	0
2478	0
2479	0
2480	0
2481	0
2482	0
2483	0
2484	0
2485	0
2486	0
2487	0
2488	0
2489	0
2490	0
2491	0
2492	0
2493	0
2494	0
2495	0
2496	0
2497	0
2498	0
2499	0
2500	0
2501	0
2502	0
2503	0
2504	0
2505	0
2506	0
2507	0
2508	0
2509	0
2510	0
2511	0
2512	0
2513	0
2514	0
2515	0
2516	0
2517	0
2518	0
2519	0
2520	0
2521	0
2522	0
2523	0
2524	0
2525	0
2526	0
2527	0
2528	0
2529	0
2530	0
2531	0
2532	0
2533	0
2534	0
2535	0
2536	0
2537	0
2538	0
2539	0
2540	0
2541	0
2542	0
2543	0
2544	0
2545	0
2546	0
2547	0
2548	0
2549	0
2550	0
2551	0
2552	0
2553	0
2554	0
2555	0
2556	0
2557	0
2558	0
2559	0
2560	0
2561	0
2562	0
2563	0
2564	0
2565	0
2566	0
2567	0
2568	0
2569	0
2570	0
2571	0
2572	0
2573	0
2574	0
2575	0
2576	0
2577	0
2578	0
2579	0
2580	0
2581	0
2582	0
2583	0
2584	0
2585	0
2586	0
2587	0
2588	0
2589	0
2590	0
2591	0
2592	0
2593	0
2594	0
2595	0
2596	0
2597	0
2598	0
2599	0
2600	0
2601	0
2602	0
2603	0
2604	0
2605	0
2606	0
2607	0
2608	0
2609	0
2610	0
2611	0
2612	0
2613	0
2614	0
2615	0
2616	0
2617	0
2618	0
2619	0
2620	0
2621	0
2622	0
2623	0
2624	0
2625	0
2626	0
2627	0
2628	0
2629	0
2630	0
2631	0
2632	0
2633	0
2634	0
2635	0
2636	0
2637	0
2638	0
2639	0
2640	0
2641	0
2642	0
2643	0
2644	0
2645	0
2646	0
2647	0
2648	0
2649	0
2650	0
2651	0
2652	0
2653	0
2654	0
2655	0
2656	0
2657	0
2658	0
2659	0
2660	0
2661	0
2662	0
2663	0
2664	0
2665	0
2666	0
2667	0
2668	0
2669	0
2670	0
2671	0
2672	0
2673	0
2674	0
2675	0
2676	0
2677	0
2678	0
2679	0
2680	0
2681	0
2682	0
2683	0
2684	0
2685	0
2686	0
2687	0
2688	0
2689	0
2690	0
2691	0
2692	0
2693	0
2694	0
2695	0
2696	0
2697	0
2698	0
2699	0
2700	0
2701	0
2702	0
2703	0
2704	0
2705	0
2706	0
2707	0
2708	0
2709	0
2710	0
2711	0
2712	0
2713	0
2714	0
2715	0
2716	0
2717	0
2718	0
2719	0
2720	0
2721	0
2722	0
2723	0
2724	0
2725	0
2726	0
2727	0
2728	0
2729	0
2730	0
2731	0
2732	0
2733	0
2734	0
2735	0
2736	0
2737	0
2738	0
2739	0
2740	0
2741	0
2742	0
2743	0
2744	0
2745	0
2746	0
2747	0
2748	0
2749	0
2750	0
2751	0
2752	0
2753	0
2754	0
2755	0
2756	0
2757	0
2758	0
2759	0
2760	0
2761	0
2762	0
2763	0
2764	0
2765	0
2766	0
2767	0
2768	0
2769	0
2770	0
2771	0
2772	0
2773	0
2774	0
2775	0
2776	0
2777	0
2778	0
2779	0
2780	0
2781	0
2782	0
2783	0
2784	0
2785	0
2786	0
2787	0
2788	0
2789	0
2790	0
2791	0
2792	0
2793	0
2794	0
2795	0
2796	0
2797	0
2798	0
2799	0
2800	0
2801	0
2802	0
2803	0
2804	0
2805	0
2806	0
2807	0
2808	0
2809	0
2810	0
2811	0
2812	0
2813	0
2814	0
2815	0
2816	0
2817	0
2818	0
2819	0
2820	0
2821	0
2822	0
2823	0
2824	0
2825	0
2826	0
2827	0
2828	0
2829	0
2830	0
2831	0
2832	0
2833	0
2834	0
2835	0
2836	0
2837	0
2838	0
2839	0
2840	0
2841	0
2842	0
2843	0
2844	0
2845	0
2846	0
2847	0
2848	0
2849	0
2850	0
2851	0
2852	0
2853	0
2854	0
2855	0
2856	0
2857	0
2858	0
2859	0
2860	0
2861	0
2862	0
2863	0
2864	0
2865	0
2866	0
2867	1
2868	1
2869	1
2870	1
2871	1
2872	1
2873	1
2874	1
2875	1
2876	1
2877	1
2878	1
2879	1
2880	1
2881	1
2882	1
2883	1
2884	1
2885	1
2886	1
2887	1
2888	1
2889	1
2890	1
2891	1
2892	1
2893	1
2894	1
2895	1
2896	1
2897	1
2898	1
2899	1
2900	1
2901	1
2902	1
2903	1
2904	1
2905	1
2906	1
2907	1
2908	1
2909	1
2910	1
2911	1
2912	1
2913	1
2914	1
2915	1
2916	1
2917	1
2918	1
2919	1
2920	1
2921	1
2922	1
2923	1
2924	1
2925	1
2926	1
2927	1
2928	1
2929	1
2930	1
2931	1
2932	1
2933	1
2934	1
2935	1
2936	1
2937	1
2938	1
2939	1
2940	1
2941	1
2942	1
2943	1
2944	1
2945	1
2946	1
2947	1
2948	1
2949	1
2950	1
2951	1
2952	1
2953	1
2954	1
2955	1
2956	1
2957	1
2958	1
2959	1
2960	1
2961	1
2962	1
2963	1
2964	1
2965	1
2966	1
2967	1
2968	1
2969	1
2970	1
2971	1
2972	1
2973	1
2974	1
2975	1
2976	1
2977	1
2978	1
2979	1
2980	1
2981	1
2982	1
2983	1
2984	1
2985	1
2986	1
2987	1
2988	1
2989	1
2990	1
2991	1
2992	1
2993	1
2994	1
2995	1
2996	1
2997	1
2998	1
2999	1
3000	1
3001	1
3002	1
3003	1
3004	1
3005	1
3006	1
3007	1
3008	1
3009	1
3010	1
3011	1
3012	1
3013	1
3014	1
3015	1
3016	1
3017	1
3018	1
3019	1
3020	1
3021	1
3022	1
3023	1
3024	1
3025	1
3026	1
3027	1
3028	1
3029	1
3030	1
3031	1
3032	1
3033	1
3034	1
3035	1
3036	1
3037	1
3038	1
3039	1
3040	1
3041	1
3042	1
3043	1
3044	1
3045	1
3046	1
3047	1
3048	1
3049	1
3050	1
3051	1
3052	1
3053	1
3054	1
3055	1
3056	1
3057	1
3058	1
3059	1
3060	1
3061	1
3062	1
3063	1
3064	1
3065	1
3066	1
3067	1
3068	1
3069	1
3070	1
3071	1
3072	1
3073	1
3074	1
3075	1
3076	1
3077	1
3078	1
3079	1
3080	1
3081	1
3082	1
3083	1
3084	1
3085	1
3086	1
3087	1
3088	1
3089	1
3090	1
3091	1
3092	1
3093	1
3094	1
3095	1
3096	1
3097	1
3098	1
3099	1
3100	1
3101	1
3102	1
3103	1
3104	1
3105	1
3106	1
3107	1
3108	1
3109	1
3110	1
3111	1
3112	1
3113	1
3114	1
3115	1
3116	1
3117	1
3118	1
3119	1
3120	1
3121	1
3122	1
3123	1
3124	1
3125	1
3126	1
3127	1
3128	1
3129	1
3130	1
3131	1
3132	1
3133	1
3134	1
3135	1
3136	1
3137	1
3138	1
3139	1
3140	1
3141	1
3142	1
3143	1
3144	1
3145	1
3146	1
3147	1
3148	1
3149	1
3150	1
3151	1
3152	1
3153	1
3154	1
3155	1
3156	1
3157	1
3158	1
3159	1
3160	1
3161	1
3162	1
3163	1
3164	1
3165	1
3166	1
3167	1
3168	1
3169	1
3170	1
3171	1
3172	1
3173	1
3174	1
3175	1
3176	1
3177	1
3178	1
3179	1
3180	1
3181	1
3182	1
3183	1
3184	1
3185	1
3186	1
3187	1
3188	1
3189	1
3190	1
3191	1
3192	1
3193	1
3194	1
3195	1
3196	1
3197	1
3198	1
3199	1
3200	1
3201	1
3202	1
3203	1
3204	1
3205	1
3206	1
3207	1
3208	1
3209	1
3210	1
3211	1
3212	1
3213	1
3214	1
3215	1
3216	1
3217	1
3218	1
3219	1
3220	1
3221	1
3222	1
3223	1
3224	1
3225	1
3226	1
3227	1
3228	1
3229	1
3230	1
3231	1
3232	1
3233	1
3234	1
3235	1
3236	1
3237	1
3238	1
3239	1
3240	1
3241	1
3242	1
3243	1
3244	1
3245	1
3246	1
3247	1
3248	1
3249	1
3250	1
3251	1
3252	1
3253	1
3254	1
3255	1
3256	1
3257	1
3258	1
3259	1
3260	1
3261	1
3262	1
3263	1
3264	1
3265	1
3266	1
3267	1
3268	1
3269	1
3270	1
3271	1
3272	1
3273	1
3274	1
3275	1
3276	1
3277	1
3278	1
3279	1
3280	1
3281	1
3282	1
3283	1
3284	1
3285	1
3286	1
3287	1
3288	1
3289	1
3290	1
3291	1
3292	1
3293	1
3294	1
3295	1
3296	1
3297	1
3298	1
3299	1
3300	1
3301	1
3302	1
3303	1
3304	1
3305	1
3306	1
3307	1
3308	1
3309	1
3310	1
3311	1
3312	1
3313	1
3314	1
3315	1
3316	1
3317	1
3318	1
3319	1
3320	1
3321	1
3322	1
3323	1
3324	1
3325	1
3326	1
3327	1
3328	1
3329	1
3330	1
3331	1
3332	1
3333	1
3334	1
3335	1
3336	1
3337	1
3338	1
3339	1
3340	1
3341	1
3342	1
3343	1
3344	1
3345	1
3346	1
3347	1
3348	1
3349	1
3350	1
3351	1
3352	1
3353	1
3354	1
3355	1
3356	1
3357	1
3358	1
3359	1
3360	1
3361	1
3362	1
3363	1
3364	1
3365	1
3366	1
3367	1
3368	1
3369	1
3370	1
3371	1
3372	1
3373	1
3374	1
3375	1
3376	1
3377	1
3378	1
3379	1
3380	1
3381	1
3382	1
3383	1
3384	1
3385	1
3386	1
3387	1
3388	1
3389	1
3390	1
3391	1
3392	1
3393	1
3394	1
3395	1
3396	1
3397	1
3398	1
3399	1
3400	1
3401	1
3402	1
3403	1
3404	1
3405	1
3406	1
3407	1
3408	1
3409	1
3410	1
3411	1
3412	1
3413	1
3414	1
3415	1
3416	1
3417	1
3418	1
3419	1
3420	1
3421	1
3422	1
3423	1
3424	1
3425	1
3426	1
3427	1
3428	1
3429	1
3430	1
3431	1
3432	1
3433	1
3434	1
3435	1
3436	1
3437	1
3438	1
3439	1
3440	1
3441	1
3442	1
3443	1
3444	1
3445	1
3446	1
3447	1
3448	1
3449	1
3450	1
3451	1
3452	1
3453	1
3454	1
3455	1
3456	1
3457	1
3458	1
3459	1
3460	1
3461	1
3462	1
3463	1
3464	1
3465	1
3466	1
3467	1
3468	1
3469	1
3470	1
3471	1
3472	1
3473	1
3474	1
3475	1
3476	1
3477	1
3478	2
3479	2
3480	2
3481	2
3482	2
3483	2
3484	2
3485	2
3486	2
3487	2
3488	2
3489	2
3490	2
3491	2
3492	2
3493	2
3494	2
3495	2
3496	2
3497	2
3498	2
3499	2
3500	2
3501	2
3502	2
3503	2
3504	2
3505	2
3506	2
3507	2
3508	2
3509	2
3510	2
3511	2
3512	2
3513	2
3514	2
3515	2
3516	2
3517	2
3518	2
3519	2
3520	2
3521	2
3522	2
3523	2
3524	2
3525	2
3526	2
3527	2
3528	2
3529	2
3530	2
3531	2
3532	2
3533	2
3534	2
3535	2
3536	2
3537	2
3538	2
3539	2
3540	2
3541	2
3542	2
3543	2
3544	2
3545	2
3546	2
3547	2
3548	2
3549	2
3550	2
3551	2
3552	2
3553	2
3554	2
3555	2
3556	2
3557	2
3558	2
3559	2
3560	2
3561	2
3562	2
3563	2
3564	2
3565	2
3566	2
3567	2
3568	2
3569	2
3570	2
3571	2
3572	2
3573	2
3574	2
3575	2
3576	2
3577	2
3578	2
3579	2
3580	2
3581	2
3582	2
3583	2
3584	2
3585	2
3586	2
3587	2
3588	2
3589	2
3590	2
3591	2
3592	2
3593	2
3594	2
3595	2
3596	2
3597	2
3598	2
3599	2
3600	2
3601	2
3602	2
3603	2
3604	2
3605	2
3606	2
3607	2
3608	2
3609	2
3610	2
3611	2
3612	2
3613	2
3614	2
3615	2
3616	2
3617	2
3618	2
3619	2
3620	2
3621	2
3622	2
3623	2
3624	2
3625	2
3626	2
3627	2
3628	2
3629	2
3630	2
3631	2
3632	2
3633	2
3634	2
3635	2
3636	2
3637	2
3638	2
3639	2
3640	2
3641	2
3642	2
3643	2
3644	2
3645	2
3646	2
3647	2
3648	2
3649	2
3650	2
3651	2
3652	2
3653	2
3654	2
3655	2
3656	2
3657	2
3658	2
3659	2
3660	2
3661	2
3662	2
3663	2
3664	2
3665	2
3666	2
3667	2
3668	2
3669	2
3670	2
3671	2
3672	2
3673	2
3674	2
3675	2
3676	2
3677	2
3678	2
3679	2
3680	2
3681	2
3682	2
3683	2
3684	2
3685	2
3686	2
3687	2
3688	2
3689	2
3690	2
3691	2
3692	2
3693	2
3694	2
3695	2
3696	2
3697	2
3698	2
3699	2
3700	2
3701	2
3702	2
3703	2
3704	2
3705	2
3706	2
3707	2
3708	2
3709	2
3710	2
3711	2
3712	2
3713	2
3714	2
3715	2
3716	2
3717	2
3718	2
3719	2
3720	2
3721	2
3722	2
3723	2
3724	2
3725	2
3726	2
3727	2
3728	2
3729	2
3730	2
3731	2
3732	2
3733	2
3734	2
3735	2
3736	2
3737	2
3738	2
3739	2
3740	2
3741	2
3742	2
3743	2
3744	2
3745	2
3746	2
3747	2
3748	2
3749	2
3750	2
3751	2
3752	2
3753	2
3754	2
3755	2
3756	2
3757	2
3758	2
3759	2
3760	2
3761	2
3762	2
3763	2
3764	2
3765	2
3766	2
3767	2
3768	2
3769	2
3770	2
3771	2
3772	2
3773	2
3774	2
3775	2
3776	2
3777	2
3778	2
3779	2
3780	2
3781	2
3782	2
3783	2
3784	2
3785	2
3786	2
3787	2
3788	2
3789	2
3790	2
3791	2
3792	2
3793	2
3794	2
3795	2
3796	2
3797	2
3798	2
3799	2
3800	2
3801	2
3802	2
3803	2
3804	2
3805	2
3806	2
3807	2
3808	2
3809	2
3810	2
3811	2
3812	2
3813	2
3814	2
3815	2
3816	2
3817	2
3818	2
3819	2
3820	2
3821	2
3822	2
3823	2
3824	2
3825	2
3826	2
3827	2
3828	2
3829	2
3830	2
3831	2
3832	2
3833	2
3834	2
3835	2
3836	2
3837	2
3838	2
3839	2
3840	2
3841	2
3842	2
3843	2
3844	2
3845	2
3846	2
3847	2
3848	2
3849	2
3850	2
3851	2
3852	2
3853	2
3854	2
3855	2
3856	2
3857	2
3858	2
3859	2
3860	2
3861	2
3862	2
3863	2
3864	2
3865	2
3866	2
3867	2
3868	2
3869	2
3870	2
3871	2
3872	2
3873	2
3874	2
3875	2
3876	2
3877	2
3878	2
3879	2
3880	2
3881	2
3882	2
3883	2
3884	2
3885	2
3886	2
3887	2
3888	2
3889	2
3890	2
3891	2
3892	2
3893	2
3894	2
3895	2
3896	2
3897	2
3898	2
3899	2
3900	2
3901	2
3902	2
3903	2
3904	2
3905	2
3906	2
3907	2
3908	2
3909	2
3910	2
3911	2
3912	2
3913	2
3914	2
3915	2
3916	2
3917	2
3918	2
3919	2
3920	2
3921	2
3922	2
3923	2
3924	2
3925	2
3926	2
3927	2
3928	2
3929	2
3930	2
3931	2
3932	2
3933	2
3934	2
3935	2
3936	2
3937	2
3938	2
3939	2
3940	2
3941	2
3942	2
3943	2
3944	2
3945	2
3946	2
3947	2
3948	2
3949	2
3950	2
3951	2
3952	2
3953	2
3954	2
3955	2
3956	2
3957	2
3958	2
3959	2
3960	2
3961	2
3962	2
3963	2
3964	2
3965	2
3966	2
3967	2
3968	2
3969	2
3970	2
3971	2
3972	2
3973	2
3974	2
3975	2
3976	2
3977	2
3978	2
3979	2
3980	2
3981	2
3982	2
3983	2
3984	2
3985	2
3986	2
3987	2
3988	2
3989	2
3990	2
3991	2
3992	2
3993	2
3994	2
3995	2
3996	2
3997	2
3998	2
3999	2
4000	2
4001	2
4002	2
4003	2
4004	2
4005	2
4006	2
4007	2
4008	2
4009	2
4010	2
4011	2
4012	2
4013	2
4014	2
4015	2
4016	2
4017	2
4018	2
4019	2
4020	2
4021	2
4022	2
4023	2
4024	2
4025	2
4026	2
4027	2
4028	2
4029	2
4030	2
4031	2
4032	2
4033	2
4034	2
4035	3
4036	3
4037	3
4038	3
4039	3
4040	3
4041	3
4042	3
4043	3
4044	3
4045	3
4046	3
4047	3
4048	3
4049	3
4050	3
4051	3
4052	3
4053	3
4054	3
4055	3
4056	3
4057	3
4058	3
4059	3
4060	3
4061	3
4062	3
4063	3
4064	3
4065	3
4066	3
4067	3
4068	3
4069	3
4070	3
4071	3
4072	3
4073	3
4074	3
4075	3
4076	3
4077	3
4078	3
4079	3
4080	3
4081	3
4082	3
4083	3
4084	3
4085	3
4086	3
4087	3
4088	3
4089	3
4090	3
4091	3
4092	3
4093	3
4094	3
4095	3
4096	3
4097	3
4098	3
4099	3
4100	3
4101	3
4102	3
4103	3
4104	3
4105	3
4106	3
4107	3
4108	3
4109	3
4110	3
4111	3
4112	3
4113	3
4114	3
4115	3
4116	3
4117	3
4118	3
4119	3
4120	3
4121	3
4122	3
4123	3
4124	3
4125	3
4126	3
4127	3
4128	3
4129	3
4130	3
4131	3
4132	3
4133	3
4134	3
4135	3
4136	3
4137	3
4138	3
4139	3
4140	3
4141	3
4142	3
4143	3
4144	3
4145	3
4146	3
4147	3
4148	3
4149	3
4150	3
4151	3
4152	3
4153	3
4154	3
4155	3
4156	3
4157	3
4158	3
4159	3
4160	3
4161	3
4162	3
4163	3
4164	3
4165	3
4166	3
4167	3
4168	3
4169	3
4170	3
4171	3
4172	3
4173	3
4174	3
4175	3
4176	3
4177	3
4178	3
4179	3
4180	3
4181	3
4182	3
4183	3
4184	3
4185	3
4186	3
4187	3
4188	3
4189	3
4190	3
4191	3
4192	4
4193	4
4194	4
4195	4
4196	4
4197	4
4198	4
4199	4
4200	4
4201	4
4202	4
4203	4
4204	4
4205	4
4206	4
4207	4
4208	4
4209	4
4210	4
4211	4
4212	4
4213	4
4214	4
4215	4
4216	4
4217	4
4218	4
4219	4
4220	4
4221	4
4222	4
4223	4
4224	4
4225	4
4226	4
4227	4
4228	4
4229	4
4230	4
4231	4
4232	4
4233	4
4234	4
4235	4
4236	4
4237	4
4238	4
4239	4
4240	4
4241	4
4242	4
4243	4
4244	4
4245	4
4246	4
4247	4
4248	4
4249	4
4250	4
4251	4
4252	4
4253	4
4254	4
4255	4
4256	4
4257	4
4258	4
4259	4
4260	4
4261	4
4262	4
4263	4
4264	4
4265	4
4266	4
4267	4
4268	4
4269	4
4270	4
4271	4
4272	4
4273	4
4274	4
4275	4
4276	4
4277	4
4278	4
4279	4
4280	4
4281	4
4282	4
4283	4
4284	4
4285	4
4286	4
4287	4
4288	4
4289	4
4290	4
4291	4
4292	4
4293	4
4294	4
4295	4
4296	4
4297	4
4298	4
4299	4
4300	4
4301	4
4302	4
4303	4
4304	4
4305	4
4306	4
4307	4
4308	4
4309	4
4310	4
4311	4
4312	4
4313	4
4314	4
4315	4
4316	4
4317	4
4318	4
4319	4
4320	4
4321	4
4322	4
4323	4
4324	4
4325	4
4326	4
4327	4
4328	4
4329	4
4330	4
4331	4
4332	4
4333	4
4334	4
4335	4
4336	4
4337	4
4338	4
4339	4
4340	4
4341	4
4342	4
4343	4
4344	4
4345	4
4346	4
4347	4
4348	4
4349	4
4350	4
4351	4
4352	4
4353	4
4354	4
4355	4
4356	4
4357	4
4358	4
4359	4
4360	4
4361	4
4362	4
4363	4
4364	4
4365	4
4366	4
4367	4
4368	4
4369	4
4370	4
4371	4
4372	4
4373	4
4374	4
4375	4
4376	4
4377	4
4378	4
4379	4
4380	4
4381	4
4382	4
4383	4
4384	4
4385	4
4386	4
4387	4
4388	4
4389	4
4390	4
4391	4
4392	4
4393	4
4394	4
4395	4
4396	4
4397	4
4398	4
4399	4
4400	4
4401	4
4402	4
4403	4
4404	4
4405	4
4406	4
4407	4
4408	4
4409	4
4410	4
4411	4
4412	4
4413	4
4414	4
4415	4
4416	4
4417	4
4418	4
4419	4
4420	4
4421	4
4422	4
4423	4
4424	4
4425	4
4426	4
4427	4
4428	4
4429	4
4430	4
4431	4
4432	4
4433	4
4434	4
4435	4
4436	4
4437	4
4438	4
4439	4
4440	4
4441	4
4442	4
4443	4
4444	4
4445	4
4446	4
4447	4
4448	4
4449	4
4450	4
4451	4
4452	4
4453	5
4454	5
4455	5
4456	5
4457	5
4458	5
4459	5
4460	5
4461	5
4462	5
4463	5
4464	5
4465	5
4466	5
4467	5
4468	5
4469	5
4470	5
4471	5
4472	5
4473	5
4474	5
4475	5
4476	5
4477	5
4478	5
4479	5
4480	5
4481	5
4482	5
4483	5
4484	5
4485	5
4486	5
4487	5
4488	5
4489	5
4490	5
4491	5
4492	5
4493	5
4494	5
4495	5
4496	5
4497	5
4498	5
4499	5
4500	5
4501	5
4502	5
4503	5
4504	5
4505	5
4506	5
4507	5
4508	5
4509	5
4510	5
4511	5
4512	5
4513	6
4514	6
4515	6
4516	6
4517	6
4518	6
4519	6
4520	6
4521	6
4522	6
4523	6
4524	6
4525	6
4526	6
4527	6
4528	6
4529	6
4530	6
4531	6
4532	6
4533	6
4534	6
4535	6
4536	6
4537	6
4538	6
4539	6
4540	6
4541	6
4542	6
4543	6
4544	6
4545	6
4546	6
4547	6
4548	6
4549	6
4550	6
4551	6
4552	6
4553	6
4554	6
4555	6
4556	6
4557	6
4558	6
4559	6
4560	6
4561	6
4562	6
4563	6
4564	6
4565	6
4566	6
4567	6
4568	6
4569	6
4570	6
4571	6
4572	6
4573	6
4574	6
4575	6
4576	6
4577	6
4578	6
4579	6
4580	6
4581	6
4582	6
4583	6
4584	6
4585	6
4586	6
4587	6
4588	6
4589	6
4590	6
4591	6
4592	6
4593	6
4594	6
4595	6
4596	6
4597	6
4598	6
4599	6
4600	6
4601	6
4602	6
4603	6
4604	6
4605	6
4606	6
4607	6
4608	6
4609	6
4610	6
4611	6
4612	6
4613	6
4614	6
4615	6
4616	6
4617	6
4618	6
4619	6
4620	6
4621	6
4622	6
4623	6
4624	6
4625	6
4626	6
4627	6
4628	6
4629	6
4630	6
4631	6
4632	6
4633	6
4634	6
4635	6
4636	6
4637	6
4638	6
4639	6
4640	6
4641	6
4642	6
4643	6
4644	6
4645	6
4646	6
4647	6
4648	6
4649	6
4650	6
4651	6
4652	6
4653	6
4654	6
4655	6
4656	6
4657	6
4658	6
4659	6
4660	6
4661	6
4662	6
4663	6
4664	6
4665	6
4666	6
4667	6
4668	6
4669	6
4670	6
4671	6
4672	6
4673	6
4674	6
4675	6
4676	6
4677	6
4678	6
4679	6
4680	6
4681	6
4682	6
4683	6
4684	6
4685	6
4686	6
4687	6
4688	6
4689	6
4690	6
4691	6
4692	6
4693	6
4694	6
4695	6
4696	6
4697	6
4698	6
4699	6
4700	6
4701	6
4702	6
4703	6
4704	6
4705	6
4706	6
4707	6
4708	6
4709	6
4710	6
4711	6
4712	6
4713	6
4714	6
4715	6
4716	6
4717	6
4718	6
4719	6
4720	6
4721	6
4722	6
4723	6
4724	6
4725	6
4726	6
4727	6
4728	6
4729	6
4730	6
4731	6
4732	6
4733	6
4734	6
4735	6
4736	6
4737	7
4738	7
4739	7
4740	7
4741	7
4742	7
4743	7
4744	7
4745	7
4746	7
4747	7
4748	7
4749	7
4750	7
4751	7
4752	7
4753	7
4754	7
4755	7
4756	7
4757	7
4758	7
4759	7
4760	7
4761	7
4762	7
4763	7
4764	7
4765	7
4766	7
4767	7
4768	7
4769	7
4770	7
4771	7
4772	7
4773	7
4774	7
4775	7
4776	7
4777	7
4778	7
4779	7
4780	7
4781	7
4782	7
4783	7
4784	7
4785	7
4786	7
4787	7
4788	7
4789	7
4790	7
4791	7
4792	7
4793	7
4794	7
4795	7
4796	7
4797	7
4798	7
4799	7
4800	7
4801	7
4802	7
4803	7
4804	7
4805	7
4806	7
4807	7
4808	7
4809	7
4810	7
4811	7
4812	7
4813	7
4814	7
4815	7
4816	7
4817	7
4818	7
4819	7
4820	7
4821	7
4822	7
4823	7
4824	7
4825	7
4826	7
4827	7
4828	7
4829	7
4830	7
4831	7
4832	7
4833	7
4834	7
4835	7
4836	7
4837	7
4838	7
4839	7
4840	7
4841	7
4842	7
4843	7
4844	7
4845	7
4846	7
4847	7
4848	7
4849	7
4850	7
4851	7
4852	7
4853	7
4854	7
4855	7
4856	7
4857	7
4858	7
4859	7
4860	7
4861	7
4862	7
4863	7
4864	7
4865	7
4866	7
4867	7
4868	7
4869	7
4870	7
4871	7
4872	7
4873	7
4874	7
4875	7
4876	7
4877	7
4878	7
4879	7
4880	7
4881	7
4882	7
4883	7
4884	7
4885	7
4886	7
4887	7
4888	7
4889	7
4890	7
4891	7
4892	7
4893	7
4894	7
4895	7
4896	7
4897	7
4898	7
4899	7
4900	7
4901	7
4902	7
4903	7
4904	7
4905	7
4906	7
4907	7
4908	7
4909	7
4910	7
4911	7
4912	7
4913	7
4914	7
4915	7
4916	7
4917	7
4918	7
4919	7
4920	7
4921	7
4922	7
4923	7
4924	7
4925	7
4926	7
4927	7
4928	7
4929	7
4930	7
4931	7
4932	7
4933	7
4934	7
4935	7
4936	7
4937	7
4938	7
4939	7
4940	7
4941	7
4942	7
4943	7
4944	7
4945	7
4946	7
4947	7
4948	7
4949	7
4950	7
4951	7
4952	7
4953	7
4954	7
4955	7
4956	7
4957	7
4958	7
4959	7
4960	7
4961	7
4962	7
4963	7
4964	7
4965	7
4966	7
4967	7
4968	7
4969	7
4970	7
4971	7
4972	7
4973	7
4974	7
4975	7
4976	7
4977	7
4978	7
4979	7
4980	7
4981	7
4982	7
4983	7
4984	7
4985	7
4986	7
4987	7
4988	7
4989	7
4990	7
4991	7
4992	7
4993	7
4994	7
4995	7
4996	7
4997	7
4998	7
4999	7
5000	7
5001	7
5002	7
5003	7
5004	7
5005	7
5006	7
5007	7
5008	7
5009	7
5010	7
5011	7
5012	7
5013	7
5014	7
5015	7
5016	7
5017	7
5018	7
5019	7
5020	7
5021	7
5022	7
5023	7
5024	7
5025	7
5026	7
5027	7
5028	7
5029	7
5030	7
5031	7
5032	7
5033	7
5034	7
5035	7
5036	7
5037	8
5038	8
5039	8
5040	8
5041	8
5042	8
5043	8
5044	8
5045	8
5046	8
5047	8
5048	8
5049	8
5050	8
5051	8
5052	8
5053	8
5054	8
5055	8
5056	8
5057	8
5058	8
5059	8
5060	8
5061	8
5062	8
5063	8
5064	8
5065	8
5066	8
5067	8
5068	8
5069	8
5070	8
5071	8
5072	8
5073	8
5074	8
5075	8
5076	8
5077	8
5078	8
5079	8
5080	8
5081	8
5082	8
5083	8
5084	8
5085	8
5086	8
5087	8
5088	8
5089	8
5090	8
5091	8
5092	8
5093	8
5094	8
5095	8
5096	8
5097	8
5098	8
5099	8
5100	8
5101	8
5102	8
5103	8
5104	8
5105	8
5106	8
5107	8
5108	8
5109	8
5110	8
5111	8
5112	8
5113	8
5114	8
5115	8
5116	8
5117	8
5118	8
5119	8
5120	9
5121	9
5122	9
5123	9
5124	9
5125	9
5126	9
5127	9
5128	9
5129	9
5130	9
5131	9
5132	9
5133	9
5134	9
5135	9
5136	9
5137	9
5138	9
5139	9
5140	9
5141	9
5142	9
5143	9
5144	9
5145	9
5146	9
5147	9
5148	9
5149	9
5150	9
5151	9
5152	9
5153	9
5154	9
5155	9
5156	9
5157	9
5158	9
5159	9
5160	9
5161	9
5162	9
5163	9
5164	9
5165	9
5166	9
5167	9
5168	9
5169	9
5170	9
5171	9
5172	9
5173	9
5174	9
5175	9
5176	9
5177	9
5178	9
5179	9
5180	9
5181	9
5182	9
5183	9
5184	9
5185	9
5186	9
5187	9
5188	9
5189	9
5190	9
5191	9
5192	9
5193	9
5194	9
5195	9
5196	9
5197	9
5198	9
5199	9
5200	9
5201	9
5202	9
5203	9
5204	9
5205	9
5206	9
5207	9
5208	9
5209	9
5210	9
5211	9
5212	9
5213	9
5214	9
5215	9
5216	9
5217	9
5218	9
5219	9
5220	9
5221	9
5222	9
5223	9
5224	9
5225	9
5226	9
5227	9
5228	9
5229	9
5230	9
5231	9
5232	9
5233	9
5234	9
5235	9
5236	9
5237	9
5238	9
5239	9
5240	9
5241	9
5242	9
5243	9
5244	9
5245	9
5246	9
5247	9
5248	9
5249	9
5250	9
5251	9
5252	9
5253	9
5254	9
5255	9
5256	9
5257	9
5258	9
5259	9
5260	9
5261	9
5262	9
5263	9
5264	9
5265	9
5266	9
5267	9
5268	9
5269	9
5270	10
5271	10
5272	10
5273	10
5274	10
5275	10
5276	10
5277	10
5278	10
5279	10
5280	10
5281	10
5282	10
5283	10
5284	10
5285	10
5286	10
5287	10
5288	10
5289	10
5290	10
5291	10
5292	10
5293	10
5294	10
5295	10
5296	10
5297	10
5298	10
5299	10
5300	10
5301	10
5302	10
5303	10
5304	10
5305	10
5306	10
5307	10
5308	10
5309	10
5310	10
5311	10
5312	10
5313	10
5314	10
5315	10
5316	10
5317	10
5318	10
5319	10
5320	10
5321	10
5322	10
5323	10
5324	10
5325	10
5326	10
5327	10
5328	10
5329	10
5330	10
5331	10
5332	10
5333	10
5334	10
5335	10
5336	10
5337	10
5338	10
5339	10
5340	10
5341	10
5342	10
5343	10
5344	10
5345	10
5346	10
5347	10
5348	10
5349	10
5350	10
5351	10
5352	10
5353	10
5354	10
5355	10
5356	10
5357	10
5358	10
5359	10
5360	10
5361	10
5362	10
5363	10
5364	10
5365	10
5366	10
5367	10
5368	10
5369	10
5370	10
5371	10
5372	10
5373	10
5374	10
5375	10
5376	10
5377	10
5378	10
5379	10
5380	10
5381	10
5382	10
5383	10
5384	10
5385	10
5386	10
5387	10
5388	10
5389	10
5390	10
5391	10
5392	10
5393	10
5394	10
5395	10
5396	10
5397	10
5398	10
5399	10
5400	10
5401	10
5402	10
5403	10
5404	10
5405	10
5406	10
5407	10
5408	10
5409	10
5410	10
5411	10
5412	10
5413	10
5414	10
5415	10
5416	10
5417	10
5418	10
5419	10
5420	10
5421	10
5422	10
5423	10
5424	10
5425	10
5426	10
5427	10
5428	10
5429	10
5430	10
5431	10
5432	10
5433	10
5434	10
5435	11
5436	11
5437	11
5438	11
5439	11
5440	11
5441	11
5442	11
5443	11
5444	11
5445	11
5446	11
5447	11
5448	11
5449	11
5450	11
5451	11
5452	11
5453	11
5454	11
5455	11
5456	11
5457	11
5458	11
5459	11
5460	11
5461	11
5462	11
5463	11
5464	11
5465	11
5466	11
5467	11
5468	11
5469	11
5470	11
5471	11
5472	11
5473	11
5474	11
5475	11
5476	11
5477	11
5478	11
5479	11
5480	11
5481	11
5482	11
5483	11
5484	11
5485	11
5486	11
5487	11
5488	11
5489	11
5490	11
5491	11
5492	11
5493	11
5494	11
5495	11
5496	11
5497	11
5498	11
5499	11
5500	11
5501	11
5502	11
5503	11
5504	11
5505	11
5506	11
5507	11
5508	11
5509	11
5510	11
5511	11
5512	11
5513	11
5514	11
5515	11
5516	11
5517	11
5518	11
5519	11
5520	11
5521	11
5522	11
5523	11
5524	11
5525	11
5526	11
5527	11
5528	11
5529	11
5530	11
5531	11
5532	11
5533	11
5534	11
5535	11
5536	11
5537	11
5538	11
5539	11
5540	11
5541	11
5542	11
5543	11
5544	11
5545	11
5546	11
5547	11
5548	11
5549	11
5550	11
5551	11
5552	11
5553	11
5554	11
5555	11
5556	11
5557	11
5558	11
5559	11
5560	11
5561	11
5562	11
5563	11
5564	11
5565	11
5566	11
5567	11
5568	11
5569	11
5570	11
5571	11
5572	11
5573	11
5574	11
5575	11
5576	11
5577	11
5578	11
5579	11
5580	11
5581	11
5582	11
5583	11
5584	11
5585	11
5586	11
5587	11
5588	11
5589	11
5590	11
5591	11
5592	11
5593	11
5594	11
5595	11
5596	11
5597	11
5598	11
5599	11
5600	11
5601	11
5602	11
5603	11
5604	11
5605	11
5606	11
5607	11
5608	11
5609	11
5610	11
5611	11
5612	11
5613	11
5614	11
5615	11
5616	11
5617	11
5618	11
5619	11
5620	11
5621	11
5622	11
5623	11
5624	11
5625	11
5626	11
5627	11
5628	11
5629	11
5630	11
5631	11
5632	11
5633	11
5634	11
5635	11
5636	11
5637	11
5638	11
5639	11
5640	11
5641	11
5642	11
5643	11
5644	11
5645	11
5646	11
5647	11
5648	11
5649	11
5650	11
5651	11
5652	11
5653	11
5654	11
5655	11
5656	11
5657	11
5658	11
5659	11
5660	11
5661	11
5662	11
5663	11
5664	11
5665	11
5666	11
5667	11
5668	11
5669	11
5670	11
5671	11
5672	11
5673	11
5674	11
5675	11
5676	11
5677	11
5678	11
5679	11
5680	11
5681	11
5682	11
5683	11
5684	11
5685	11
5686	11
5687	11
5688	11
5689	11
5690	11
5691	11
5692	11
5693	11
5694	11
5695	11
5696	11
5697	11
5698	11
5699	11
5700	11
5701	11
5702	11
5703	11
5704	11
5705	11
5706	11
5707	11
5708	11
5709	11
5710	11
5711	11
5712	11
5713	11
5714	11
5715	11
5716	11
5717	11
5718	11
5719	11
5720	11
5721	11
5722	11
5723	11
5724	11
5725	11
5726	11
5727	11
5728	11
5729	11
5730	11
5731	11
5732	11
5733	11
5734	11
5735	11
5736	11
5737	11
5738	11
5739	11
5740	11
5741	11
5742	11
5743	11
5744	11
5745	11
5746	11
5747	11
5748	11
5749	11
5750	11
5751	11
5752	11
5753	11
5754	11
5755	11
5756	11
5757	11
5758	11
5759	11
5760	11
5761	11
5762	11
5763	11
5764	11
5765	11
5766	11
5767	11
5768	11
5769	11
5770	11
5771	11
5772	11
5773	11
5774	11
5775	11
5776	11
5777	11
5778	11
5779	11
5780	11
5781	11
5782	11
5783	11
5784	11
5785	11
5786	11
5787	11
5788	11
5789	11
5790	11
5791	11
5792	11
5793	11
5794	11
5795	11
5796	11
5797	11
5798	12
5799	12
5800	12
5801	12
5802	12
5803	12
5804	12
5805	12
5806	12
5807	12
5808	12
5809	12
5810	12
5811	12
5812	12
5813	12
5814	12
5815	12
5816	12
5817	12
5818	12
5819	12
5820	12
5821	12
5822	12
5823	12
5824	12
5825	12
5826	12
5827	12
5828	12
5829	12
5830	12
5831	12
5832	12
5833	12
5834	12
5835	12
5836	12
5837	12
5838	12
5839	12
5840	12
5841	12
5842	12
5843	12
5844	12
5845	12
5846	12
5847	12
5848	12
5849	12
5850	12
5851	12
5852	12
5853	12
5854	12
5855	12
5856	12
5857	12
5858	12
5859	12
5860	12
5861	12
5862	12
5863	12
5864	12
5865	12
5866	12
5867	12
5868	12
5869	12
5870	12
5871	12
5872	12
5873	12
5874	12
5875	12
5876	12
5877	12
5878	12
5879	12
5880	12
5881	12
5882	12
5883	12
5884	12
5885	12
5886	12
5887	12
5888	12
5889	12
5890	12
5891	12
5892	12
5893	12
5894	12
5895	12
5896	12
5897	12
5898	12
5899	12
5900	12
5901	12
5902	12
5903	12
5904	12
5905	12
5906	12
5907	12
5908	12
5909	12
5910	12
5911	12
5912	12
5913	12
5914	12
5915	12
5916	12
5917	12
5918	12
5919	12
5920	12
5921	12
5922	12
5923	12
5924	12
5925	12
5926	12
5927	12
5928	12
5929	12
5930	12
5931	12
5932	12
5933	12
5934	12
5935	12
5936	12
5937	12
5938	12
5939	12
5940	12
5941	12
5942	12
5943	12
5944	12
5945	12
5946	12
5947	13
5948	13
5949	13
5950	13
5951	13
5952	13
5953	13
5954	13
5955	13
5956	13
5957	13
5958	13
5959	13
5960	13
5961	13
5962	13
5963	13
5964	13
5965	13
5966	13
5967	13
5968	13
5969	13
5970	13
5971	13
5972	13
5973	13
5974	13
5975	13
5976	13
5977	13
5978	13
5979	13
5980	13
5981	13
5982	13
5983	13
5984	13
5985	13
5986	13
5987	13
5988	13
5989	13
5990	13
5991	13
5992	13
5993	13
5994	13
5995	13
5996	13
5997	13
5998	13
5999	13
6000	13
6001	13
6002	13
6003	13
6004	13
6005	13
6006	13
6007	13
6008	13
6009	13
6010	13
6011	13
6012	13
6013	13
6014	13
6015	13
6016	13
6017	13
6018	13
6019	13
6020	13
6021	13
6022	13
6023	13
6024	13
6025	13
6026	13
6027	13
6028	13
6029	13
6030	13
6031	13
6032	13
6033	13
6034	13
6035	13
6036	13
6037	13
6038	13
6039	13
6040	13
6041	13
6042	13
6043	13
6044	13
6045	13
6046	13
6047	13
6048	13
6049	13
6050	13
6051	13
6052	13
6053	13
6054	13
6055	13
6056	13
6057	13
6058	13
6059	13
6060	13
6061	13
6062	13
6063	13
6064	13
6065	13
6066	13
6067	13
6068	13
6069	13
6070	13
6071	13
6072	13
6073	13
6074	13
6075	13
6076	13
6077	13
6078	13
6079	13
6080	13
6081	13
6082	13
6083	13
6084	13
6085	13
6086	13
6087	13
6088	13
6089	13
6090	13
6091	13
6092	13
6093	13
6094	13
6095	13
6096	13
6097	13
6098	13
6099	13
6100	13
6101	13
6102	13
6103	13
6104	13
6105	13
6106	13
6107	13
6108	13
6109	13
6110	13
6111	13
6112	13
6113	13
6114	13
6115	13
6116	13
6117	13
6118	13
6119	13
6120	13
6121	13
6122	13
6123	13
6124	13
6125	13
6126	13
6127	13
6128	13
6129	13
6130	13
6131	13
6132	13
6133	14
6134	14
6135	14
6136	14
6137	14
6138	14
6139	14
6140	14
6141	14
6142	14
6143	14
6144	14
6145	14
6146	14
6147	14
6148	14
6149	14
6150	14
6151	14
6152	14
6153	14
6154	14
6155	14
6156	14
6157	14
6158	14
6159	14
6160	14
6161	14
6162	14
6163	14
6164	14
6165	14
6166	14
6167	14
6168	14
6169	14
6170	14
6171	14
6172	14
6173	14
6174	14
6175	14
6176	14
6177	14
6178	14
6179	14
6180	14
6181	14
6182	14
6183	14
6184	14
6185	14
6186	14
6187	14
6188	14
6189	14
6190	14
6191	14
6192	14
6193	14
6194	14
6195	14
6196	14
6197	14
6198	14
6199	14
6200	14
6201	14
6202	14
6203	14
6204	14
6205	14
6206	14
6207	14
6208	14
6209	14
6210	14
6211	14
6212	14
6213	14
6214	14
6215	14
6216	14
6217	14
6218	14
6219	14
6220	14
6221	14
6222	14
6223	14
6224	14
6225	14
6226	14
6227	14
6228	14
6229	14
6230	14
6231	14
6232	14
6233	14
6234	14
6235	14
6236	14
6237	14
6238	14
6239	14
6240	14
6241	14
6242	14
6243	14
6244	14
6245	14
6246	14
6247	14
6248	14
6249	14
6250	14
6251	14
6252	14
6253	14
6254	14
6255	14
6256	14
6257	14
6258	14
6259	14
6260	14
6261	14
6262	14
6263	14
6264	14
6265	14
6266	14
6267	14
6268	14
6269	14
6270	14
6271	14
6272	14
6273	14
6274	14
6275	14
6276	14
6277	14
6278	14
6279	14
6280	14
6281	14
6282	14
6283	14
6284	14
6285	14
6286	14
6287	14
6288	14
6289	14
6290	14
6291	14
6292	14
6293	14
6294	14
6295	14
6296	14
6297	14
6298	14
6299	14
6300	14
6301	14
6302	14
6303	14
6304	14
6305	14
6306	14
6307	14
6308	14
6309	14
6310	14
6311	14
6312	14
6313	14
6314	14
6315	14
6316	14
6317	14
6318	14
6319	14
6320	14
6321	14
6322	14
6323	14
6324	14
6325	14
6326	14
6327	14
6328	14
6329	14
6330	14
6331	14
6332	14
6333	14
6334	14
6335	14
6336	14
6337	14
6338	14
6339	14
6340	14
6341	14
6342	14
6343	14
6344	14
6345	14
6346	14
6347	14
6348	14
6349	14
6350	14
6351	14
6352	14
6353	14
6354	14
6355	14
6356	14
6357	14
6358	14
6359	14
6360	14
6361	14
6362	14
6363	14
6364	14
6365	14
6366	14
6367	14
6368	14
6369	14
6370	14
6371	14
6372	14
6373	14
6374	14
6375	14
6376	14
6377	14
6378	14
6379	14
6380	14
6381	14
6382	14
6383	14
6384	14
6385	14
6386	14
6387	14
6388	14
6389	14
6390	14
6391	14
6392	14
6393	14
6394	14
6395	14
6396	14
6397	14
6398	14
6399	14
6400	14
6401	14
6402	14
6403	14
6404	14
6405	14
6406	14
6407	14
6408	14
6409	14
6410	14
6411	14
6412	14
6413	14
6414	14
6415	14
6416	14
6417	14
6418	14
6419	14
6420	14
6421	14
6422	14
6423	14
6424	14
6425	14
6426	14
6427	14
6428	14
6429	14
6430	14
6431	14
6432	14
6433	14
6434	14
6435	14
6436	14
6437	14
6438	14
6439	14
6440	14
6441	14
6442	14
6443	14
6444	14
6445	14
6446	14
6447	14
6448	14
6449	14
6450	14
6451	14
6452	14
6453	14
6454	14
6455	14
6456	14
6457	14
6458	14
6459	14
6460	14
6461	14
6462	14
6463	14
6464	14
6465	14
6466	14
6467	14
6468	14
6469	14
6470	14
6471	14
6472	14
6473	14
6474	14
6475	14
6476	14
6477	14
6478	14
6479	14
6480	14
6481	14
6482	14
6483	14
6484	14
6485	14
6486	14
6487	14
6488	14
6489	14
6490	14
6491	14
6492	14
6493	14
6494	14
6495	14
6496	14
6497	14
6498	14
6499	14
6500	14
6501	14
6502	14
6503	14
6504	14
6505	14
6506	14
6507	14
6508	14
6509	14
6510	14
6511	14
6512	14
6513	14
6514	14
6515	14
6516	14
6517	14
6518	14
6519	14
6520	14
6521	14
6522	14
6523	14
6524	14
6525	14
6526	14
6527	14
6528	14
6529	14
6530	14
6531	14
6532	14
6533	14
6534	14
6535	14
6536	14
6537	14
6538	14
6539	14
6540	14
6541	14
6542	14
6543	14
6544	14
6545	14
6546	14
6547	14
6548	14
6549	14
6550	14
6551	14
6552	14
6553	14
6554	14
6555	14
6556	14
6557	14
6558	14
6559	14
6560	14
6561	14
6562	14
6563	14
6564	14
6565	14
6566	14
6567	14
6568	14
6569	14
6570	14
6571	14
6572	14
6573	14
6574	14
6575	14
6576	14
6577	14
6578	14
6579	14
6580	14
6581	14
6582	14
6583	14
6584	14
6585	14
6586	14
6587	14
6588	14
6589	14
6590	14
6591	14
6592	14
6593	14
6594	14
6595	14
6596	14
6597	14
6598	14
6599	14
6600	14
6601	14
6602	14
6603	14
6604	14
6605	14
6606	14
6607	14
6608	14
6609	14
6610	14
6611	14
6612	14
6613	14
6614	14
6615	14
6616	14
6617	14
6618	14
6619	14
6620	14
6621	14
6622	14
6623	14
6624	14
6625	14
6626	14
6627	14
6628	14
6629	14
6630	14
6631	14
6632	14
6633	14
6634	14
6635	14
6636	14
6637	14
6638	14
6639	14
6640	14
6641	14
6642	14
6643	14
6644	14
6645	14
6646	14
6647	14
6648	14
6649	14
6650	14
6651	14
6652	14
6653	14
6654	14
6655	14
6656	14
6657	14
6658	14
6659	14
6660	14
6661	14
6662	14
6663	14
6664	14
6665	14
6666	14
6667	14
6668	14
6669	14
6670	14
6671	14
6672	14
6673	14
6674	14
6675	14
6676	14
6677	14
6678	14
6679	14
6680	14
6681	14
6682	14
6683	14
6684	14
6685	14
6686	14
6687	14
6688	14
6689	14
6690	14
6691	14
6692	14
6693	14
6694	14
6695	14
6696	14
6697	14
6698	14
6699	14
6700	14
6701	14
6702	14
6703	14
6704	14
6705	14
6706	14
6707	14
6708	14
6709	14
6710	14
6711	14
6712	14
6713	14
6714	14
6715	14
6716	14
6717	14
6718	14
6719	14
6720	14
6721	14
6722	14
6723	14
6724	14
6725	14
6726	14
6727	14
6728	14
6729	14
6730	14
6731	14
6732	14
6733	14
6734	14
6735	14
6736	14
6737	14
6738	14
6739	14
6740	14
6741	14
6742	14
6743	14
6744	14
6745	14
6746	14
6747	14
6748	14
6749	14
6750	14
6751	14
6752	14
6753	14
6754	14
6755	14
6756	14
6757	14
6758	14
6759	14
6760	14
6761	14
6762	14
6763	14
6764	14
6765	14
6766	14
6767	14
6768	14
6769	14
6770	14
6771	14
6772	14
6773	14
6774	14
6775	14
6776	14
6777	14
6778	14
6779	14
6780	14
6781	14
6782	14
6783	14
6784	14
6785	14
6786	14
6787	14
6788	14
6789	14
6790	14
6791	14
6792	14
6793	14
6794	14
6795	14
6796	14
6797	14
6798	14
6799	14
6800	14
6801	14
6802	14
6803	14
6804	14
6805	14
6806	14
6807	14
6808	14
6809	14
6810	14
6811	14
6812	14
6813	14
6814	14
6815	14
6816	14
6817	14
6818	14
6819	14
6820	14
6821	14
6822	14
6823	14
6824	14
6825	14
6826	14
6827	14
6828	14
6829	14
6830	14
6831	14
6832	14
6833	14
6834	14
6835	14
6836	14
6837	14
6838	14
6839	14
6840	14
6841	14
6842	14
6843	14
6844	14
6845	14
6846	14
6847	14
6848	14
6849	14
6850	14
6851	14
6852	14
6853	14
6854	14
6855	14
6856	14
6857	14
6858	14
6859	14
6860	14
6861	14
6862	14
6863	14
6864	14
6865	14
6866	14
6867	14
6868	14
6869	14
6870	14
6871	14
6872	14
6873	14
6874	14
6875	14
6876	14
6877	14
6878	14
6879	14
6880	14
6881	14
6882	14
6883	14
6884	14
6885	14
6886	14
6887	14
6888	14
6889	14
6890	14
6891	14
6892	14
6893	14
6894	14
6895	14
6896	14
6897	14
6898	14
6899	14
6900	14
6901	14
6902	14
6903	14
6904	14
6905	14
6906	14
6907	14
6908	14
6909	14
6910	14
6911	14
6912	14
6913	14
6914	14
6915	14
6916	14
6917	14
6918	14
6919	14
6920	14
6921	14
6922	14
6923	14
6924	14
6925	14
6926	14
6927	14
6928	14
6929	14
6930	14
6931	14
6932	14
6933	14
6934	14
6935	14
6936	14
6937	14
6938	14
6939	14
6940	14
6941	14
6942	14
6943	14
6944	14
6945	14
6946	14
6947	14
6948	14
6949	14
6950	14
6951	14
6952	15
6953	15
6954	15
6955	15
6956	15
6957	15
6958	15
6959	15
6960	15
6961	15
6962	15
6963	15
6964	15
6965	15
6966	15
6967	15
6968	15
6969	15
6970	15
6971	15
6972	15
6973	15
6974	15
6975	15
6976	15
6977	15
6978	15
6979	15
6980	15
6981	15
6982	15
6983	15
6984	15
6985	15
6986	15
6987	15
6988	15
6989	15
6990	15
6991	15
6992	15
6993	15
6994	15
6995	15
6996	15
6997	15
6998	15
6999	15
7000	15
7001	15
7002	15
7003	15
7004	15
7005	15
7006	15
7007	15
7008	15
7009	15
7010	15
7011	15
7012	15
7013	15
7014	15
7015	15
7016	15
7017	15
7018	15
7019	15
7020	15
7021	15
7022	15
7023	15
7024	15
7025	15
7026	15
7027	15
7028	15
7029	15
7030	15
7031	15
7032	15
7033	15
7034	15
7035	15
7036	15
7037	15
7038	15
7039	15
7040	15
7041	15
7042	15
7043	15
7044	15
7045	15
7046	15
7047	15
7048	15
7049	15
7050	15
7051	15
7052	15
7053	15
7054	15
7055	15
7056	15
7057	15
7058	15
7059	15
7060	15
7061	15
7062	15
7063	15
7064	15
7065	15
7066	15
7067	15
7068	15
7069	15
7070	15
7071	15
7072	15
7073	15
7074	15
7075	15
7076	15
7077	15
7078	15
7079	15
7080	15
7081	15
7082	15
7083	15
7084	15
7085	15
7086	15
7087	15
7088	15
7089	15
7090	15
7091	15
7092	15
7093	15
7094	15
7095	15
7096	15
7097	15
7098	15
7099	15
7100	15
7101	15
7102	15
7103	15
7104	15
7105	15
7106	15
7107	15
7108	15
7109	15
7110	15
7111	15
7112	15
7113	15
7114	15
7115	15
7116	15
7117	15
7118	15
7119	15
7120	15
7121	15
7122	15
7123	15
7124	15
7125	15
7126	15
7127	15
7128	15
7129	15
7130	15
7131	15
7132	15
7133	15
7134	15
7135	15
7136	15
7137	15
7138	15
7139	15
7140	15
7141	15
7142	15
7143	15
7144	15
7145	15
7146	15
7147	15
7148	15
7149	15
7150	15
7151	15
7152	15
7153	15
7154	15
7155	15
7156	15
7157	15
7158	15
7159	15
7160	15
7161	15
7162	15
7163	15
7164	15
7165	15
7166	15
7167	15
7168	15
7169	15
7170	15
7171	15
7172	15
7173	15
7174	15
7175	15
7176	15
7177	15
7178	15
7179	15
7180	15
7181	15
7182	15
7183	15
7184	15
7185	15
7186	15
7187	15
7188	15
7189	15
7190	15
7191	15
7192	15
7193	15
7194	15
7195	15
7196	15
7197	15
7198	15
7199	15
7200	15
7201	15
7202	15
7203	15
7204	15
7205	15
7206	15
7207	15
7208	15
7209	15
7210	15
7211	15
7212	15
7213	15
7214	15
7215	15
7216	15
7217	15
7218	15
7219	15
7220	15
7221	15
7222	15
7223	15
7224	15
7225	15
7226	15
7227	15
7228	15
7229	15
7230	15
7231	15
7232	15
7233	15
7234	15
7235	15
7236	15
7237	15
7238	15
7239	15
7240	15
7241	15
7242	15
7243	15
7244	15
7245	15
7246	15
7247	15
7248	15
7249	15
7250	15
7251	15
7252	15
7253	15
7254	15
7255	15
7256	15
7257	15
7258	15
7259	15
7260	15
7261	15
7262	15
7263	15
7264	15
7265	15
7266	15
7267	15
7268	15
7269	15
7270	15
7271	15
7272	15
7273	15
7274	15
7275	15
7276	15
7277	15
7278	15
7279	15
7280	15
7281	15
7282	15
7283	15
7284	15
7285	15
7286	15
7287	15
7288	15
7289	15
7290	15
7291	15
7292	15
7293	15
7294	15
7295	15
7296	15
7297	15
7298	15
7299	15
7300	15
7301	15
7302	15
7303	15
7304	15
7305	15
7306	15
7307	15
7308	15
7309	15
7310	15
7311	15
7312	15
7313	15
7314	15
7315	15
7316	15
7317	15
7318	15
7319	15
7320	15
7321	15
7322	15
7323	15
7324	15
7325	15
7326	15
7327	15
7328	15
7329	15
7330	15
7331	15
7332	15
7333	15
7334	15
7335	15
7336	15
7337	15
7338	15
7339	15
7340	15
7341	15
7342	15
7343	15
7344	15
7345	15
7346	15
7347	15
7348	15
7349	15
7350	15
7351	15
7352	15
7353	15
7354	15
7355	15
7356	15
7357	15
7358	15
7359	15
7360	15
7361	15
7362	15
7363	15
7364	15
7365	15
7366	15
7367	15
7368	15
7369	15
7370	15
7371	15
7372	15
7373	15
7374	15
7375	15
7376	15
7377	15
7378	15
7379	15
7380	15
7381	15
7382	15
7383	15
7384	15
7385	15
7386	15
7387	15
7388	15
7389	15
7390	15
7391	15
7392	15
7393	15
7394	15
7395	15
7396	15
7397	15
7398	15
7399	15
7400	15
7401	15
7402	15
7403	15
7404	15
7405	15
7406	15
7407	15
7408	15
7409	15
7410	15
7411	15
7412	15
7413	15
7414	15
7415	15
7416	15
7417	15
7418	15
7419	15
7420	15
7421	15
7422	15
7423	15
7424	15
7425	15
7426	15
7427	15
7428	15
7429	15
7430	15
7431	15
7432	15
7433	15
7434	15
7435	15
7436	15
7437	15
7438	15
7439	15
7440	15
7441	15
7442	15
7443	15
7444	15
7445	15
7446	15
7447	15
7448	15
7449	15
7450	15
7451	15
7452	15
7453	15
7454	15
7455	15
7456	15
7457	15
7458	15
7459	15
7460	15
7461	15
7462	15
7463	15
7464	15
7465	16
7466	16
7467	16
7468	16
7469	16
7470	16
7471	16
7472	16
7473	16
7474	16
7475	16
7476	16
7477	16
7478	16
7479	16
7480	16
7481	16
7482	16
7483	16
7484	16
7485	16
7486	16
7487	16
7488	16
7489	16
7490	16
7491	16
7492	16
7493	16
7494	16
7495	16
7496	16
7497	16
7498	16
7499	16
7500	16
7501	16
7502	16
7503	16
7504	16
7505	16
7506	16
7507	16
7508	16
7509	16
7510	16
7511	16
7512	16
7513	16
7514	16
7515	16
7516	16
7517	16
7518	16
7519	16
7520	16
7521	16
7522	16
7523	16
7524	16
7525	16
7526	16
7527	16
7528	16
7529	16
7530	16
7531	16
7532	16
7533	16
7534	16
7535	16
7536	16
7537	16
7538	16
7539	16
7540	16
7541	16
7542	16
7543	16
7544	16
7545	16
7546	16
7547	16
7548	16
7549	17
7550	17
7551	17
7552	17
7553	17
7554	17
7555	17
7556	17
7557	17
7558	17
7559	17
7560	17
7561	17
7562	17
7563	17
7564	17
7565	17
7566	17
7567	17
7568	17
7569	17
7570	17
7571	17
7572	17
7573	17
7574	17
7575	17
7576	17
7577	17
7578	17
7579	17
7580	17
7581	17
7582	17
7583	17
7584	17
7585	17
7586	17
7587	17
7588	17
7589	17
7590	17
7591	17
7592	17
7593	17
7594	17
7595	17
7596	17
7597	17
7598	17
7599	17
7600	17
7601	17
7602	17
7603	17
7604	17
7605	17
7606	17
7607	17
7608	17
7609	17
7610	17
7611	17
7612	17
7613	17
7614	17
7615	17
7616	17
7617	17
7618	18
7619	18
7620	18
7621	18
7622	18
7623	18
7624	18
7625	18
7626	18
7627	18
7628	18
7629	18
7630	18
7631	18
7632	18
7633	18
7634	18
7635	18
7636	18
7637	18
7638	18
7639	18
7640	18
7641	18
7642	18
7643	18
7644	18
7645	18
7646	18
7647	18
7648	18
7649	18
7650	18
7651	18
7652	18
7653	18
7654	18
7655	18
7656	18
7657	18
7658	18
7659	18
7660	18
7661	18
7662	18
7663	18
7664	18
7665	18
7666	18
7667	18
7668	18
7669	18
7670	18
7671	18
7672	18
7673	18
7674	18
7675	18
7676	18
7677	18
7678	18
7679	18
7680	18
7681	18
7682	18
7683	18
7684	18
7685	18
7686	18
7687	18
7688	18
7689	18
7690	18
7691	18
7692	18
7693	18
7694	18
7695	18
7696	18
7697	18
7698	18
7699	18
7700	18
7701	18
7702	18
7703	18
7704	18
7705	18
7706	18
7707	18
7708	18
7709	18
7710	18
7711	18
7712	18
7713	18
7714	18
7715	18
7716	18
7717	18
7718	18
7719	18
7720	18
7721	18
7722	18
7723	18
7724	18
7725	18
7726	18
7727	18
7728	18
7729	18
7730	18
7731	18
7732	18
7733	18
7734	18
7735	18
7736	18
7737	18
7738	18
7739	18
7740	18
7741	18
7742	18
7743	18
7744	18
7745	18
7746	18
7747	18
7748	18
7749	18
7750	18
7751	18
7752	18
7753	18
7754	18
7755	18
7756	18
7757	18
7758	18
7759	18
7760	18
7761	18
7762	18
7763	18
7764	18
7765	18
7766	18
7767	18
7768	18
7769	18
7770	18
7771	18
7772	18
7773	18
7774	18
7775	18
7776	18
7777	18
7778	18
7779	18
7780	18
7781	18
7782	18
7783	18
7784	18
7785	18
7786	18
7787	18
7788	18
7789	18
7790	18
7791	18
7792	18
7793	18
7794	18
7795	18
7796	18
7797	18
7798	18
7799	18
7800	18
7801	18
7802	18
7803	18
7804	18
7805	18
7806	18
7807	18
7808	18
7809	18
7810	18
7811	18
7812	18
7813	18
7814	18
7815	18
7816	18
7817	18
7818	18
7819	18
7820	18
7821	18
7822	18
7823	18
7824	18
7825	18
7826	18
7827	18
7828	18
7829	18
7830	18
7831	18
7832	18
7833	18
7834	18
7835	18
7836	18
7837	18
7838	18
7839	18
7840	18
7841	18
7842	18
7843	18
7844	18
7845	18
7846	18
7847	18
7848	18
7849	18
7850	18
7851	18
7852	18
7853	18
7854	18
7855	18
7856	18
7857	18
7858	18
7859	18
7860	18
7861	18
7862	18
7863	18
7864	18
7865	18
7866	18
7867	18
7868	18
7869	18
7870	18
7871	18
7872	18
7873	18
7874	18
7875	18
7876	18
7877	18
7878	18
7879	18
7880	18
7881	18
7882	18
7883	18
7884	18
7885	18
7886	18
7887	18
7888	18
7889	18
7890	18
7891	18
7892	18
7893	18
7894	18
7895	18
7896	18
7897	18
7898	18
7899	18
7900	18
7901	18
7902	18
7903	18
7904	18
7905	18
7906	18
7907	18
7908	18
7909	18
7910	18
7911	18
7912	18
7913	18
7914	18
7915	18
7916	18
7917	18
7918	18
7919	18
7920	18
7921	18
7922	18
7923	18
7924	18
7925	18
7926	18
7927	18
7928	18
7929	18
7930	18
7931	18
7932	18
7933	18
7934	18
7935	18
7936	18
7937	18
7938	18
7939	18
7940	18
7941	18
7942	18
7943	18
7944	18
7945	18
7946	18
7947	18
7948	18
7949	18
7950	18
7951	18
7952	18
7953	18
7954	18
7955	18
7956	18
7957	18
7958	18
7959	18
7960	18
7961	18
7962	18
7963	18
7964	18
7965	18
7966	18
7967	18
7968	18
7969	18
7970	18
7971	18
7972	18
7973	18
7974	18
7975	18
7976	18
7977	18
7978	18
7979	18
7980	18
7981	18
7982	18
7983	18
7984	18
7985	18
7986	18
7987	18
7988	18
7989	18
7990	18
7991	18
7992	18
7993	18
7994	18
7995	18
7996	18
7997	18
7998	18
7999	18
8000	18
8001	18
8002	18
8003	18
8004	18
8005	18
8006	18
8007	18
8008	18
8009	18
8010	18
8011	18
8012	18
8013	18
8014	18
8015	18
8016	18
8017	18
8018	18
8019	18
8020	18
8021	18
8022	18
8023	18
8024	18
8025	18
8026	18
8027	18
8028	19
8029	19
8030	19
8031	19
8032	19
8033	19
8034	19
8035	19
8036	19
8037	19
8038	19
8039	19
8040	19
8041	19
8042	19
8043	19
8044	19
8045	19
8046	19
8047	19
8048	19
8049	19
8050	19
8051	19
8052	19
8053	19
8054	19
8055	19
8056	19
8057	19
8058	19
8059	19
8060	19
8061	19
8062	19
8063	19
8064	19
8065	19
8066	19
8067	19
8068	19
8069	19
8070	19
8071	19
8072	19
8073	19
8074	19
8075	19
8076	19
8077	19
8078	19
8079	19
8080	19
8081	19
8082	19
8083	19
8084	19
8085	19
8086	19
8087	19
8088	19
8089	19
8090	19
8091	19
8092	19
8093	19
8094	19
8095	19
8096	19
8097	19
8098	19
8099	19
8100	19
8101	19
8102	19
8103	19
8104	19
8105	19
8106	19
8107	19
8108	19
8109	19
8110	19
8111	19
8112	19
8113	19
8114	19
8115	19
8116	19
8117	19
8118	19
8119	19
8120	19
8121	19
8122	19
8123	19
8124	19
8125	19
8126	19
8127	19
8128	19
8129	19
8130	19
8131	19
8132	19
8133	19
8134	19
8135	19
8136	19
8137	19
8138	19
8139	19
8140	19
8141	19
8142	19
8143	19
8144	19
8145	19
8146	19
8147	19
8148	19
8149	19
8150	19
8151	19
8152	19
8153	19
8154	19
8155	19
8156	19
8157	20
8158	20
8159	20
8160	20
8161	20
8162	20
8163	20
8164	20
8165	20
8166	20
8167	20
8168	20
8169	20
8170	20
8171	20
8172	20
8173	20
8174	20
8175	20
8176	20
8177	20
8178	20
8179	20
8180	20
8181	20
8182	20
8183	20
8184	20
8185	20
8186	20
8187	20
8188	20
8189	20
8190	20
8191	20
8192	20
8193	20
8194	20
8195	20
8196	20
8197	20
8198	20
8199	20
8200	20
8201	20
8202	20
8203	20
8204	20
8205	20
8206	21
8207	21
8208	21
8209	21
8210	21
8211	21
8212	21
8213	21
8214	21
8215	21
8216	21
8217	21
8218	21
8219	21
8220	21
8221	21
8222	21
8223	21
8224	21
8225	21
8226	21
8227	21
8228	21
8229	21
8230	21
8231	21
8232	21
8233	21
8234	21
8235	21
8236	21
8237	21
8238	21
8239	21
8240	21
8241	21
8242	21
8243	21
8244	21
8245	21
8246	21
8247	21
8248	21
8249	21
8250	21
8251	21
8252	21
8253	21
8254	21
8255	21
8256	21
8257	21
8258	21
8259	21
8260	21
8261	21
8262	21
8263	21
8264	21
8265	21
8266	21
8267	21
8268	21
8269	21
8270	21
8271	21
8272	21
8273	21
8274	21
8275	21
8276	21
8277	21
8278	21
8279	21
8280	21
8281	21
8282	21
8283	21
8284	21
8285	21
8286	21
8287	21
8288	21
8289	21
8290	21
8291	21
8292	21
8293	21
8294	21
8295	21
8296	21
8297	21
8298	21
8299	21
8300	21
8301	21
8302	21
8303	21
8304	21
8305	21
8306	21
8307	21
8308	21
8309	21
8310	21
8311	21
8312	21
8313	21
8314	21
8315	21
8316	21
8317	21
8318	21
8319	21
8320	21
8321	21
8322	21
8323	21
8324	21
8325	21
8326	21
8327	21
8328	21
8329	21
8330	21
8331	21
8332	21
8333	21
8334	21
8335	21
8336	21
8337	21
8338	21
8339	21
8340	21
8341	21
8342	21
8343	21
8344	21
8345	21
8346	21
8347	21
8348	21
8349	21
8350	21
8351	21
8352	21
8353	21
8354	21
8355	21
8356	21
8357	21
8358	21
8359	21
8360	21
8361	21
8362	21
8363	21
8364	21
8365	21
8366	21
8367	21
8368	21
8369	21
8370	21
8371	21
8372	21
8373	21
8374	21
8375	21
8376	21
8377	21
8378	21
8379	21
8380	21
8381	21
8382	21
8383	21
8384	21
8385	21
8386	21
8387	21
8388	21
8389	21
8390	21
8391	21
8392	21
8393	21
8394	21
8395	21
8396	21
8397	21
8398	21
8399	21
8400	21
8401	21
8402	21
8403	21
8404	21
8405	21
8406	21
8407	21
8408	21
8409	21
8410	21
8411	21
8412	21
8413	21
8414	21
8415	21
8416	21
8417	21
8418	21
8419	21
8420	21
8421	21
8422	21
8423	21
8424	21
8425	21
8426	21
8427	21
8428	21
8429	21
8430	21
8431	21
8432	21
8433	21
8434	21
8435	21
8436	21
8437	21
8438	21
8439	21
8440	21
8441	21
8442	21
8443	21
8444	21
8445	21
8446	21
8447	21
8448	21
8449	21
8450	21
8451	21
8452	21
8453	21
8454	21
8455	21
8456	21
8457	21
8458	21
8459	21
8460	21
8461	21
8462	21
8463	21
8464	21
8465	21
8466	21
8467	21
8468	21
8469	21
8470	21
8471	21
8472	21
8473	21
8474	21
8475	21
8476	21
8477	21
8478	21
8479	21
8480	21
8481	21
8482	21
8483	21
8484	21
8485	21
8486	21
8487	21
8488	21
8489	21
8490	21
8491	21
8492	21
8493	21
8494	21
8495	21
8496	21
8497	21
8498	21
8499	21
8500	21
8501	21
8502	21
8503	21
8504	21
8505	21
8506	21
8507	21
8508	21
8509	21
8510	21
8511	21
8512	21
8513	21
8514	21
8515	21
8516	21
8517	21
8518	21
8519	21
8520	21
8521	21
8522	21
8523	21
8524	21
8525	21
8526	21
8527	21
8528	21
8529	21
8530	21
8531	21
8532	21
8533	21
8534	21
8535	21
8536	21
8537	21
8538	21
8539	21
8540	21
8541	21
8542	21
8543	21
8544	21
8545	21
8546	21
8547	21
8548	21
8549	21
8550	21
8551	21
8552	21
8553	21
8554	21
8555	21
8556	21
8557	21
8558	21
8559	21
8560	21
8561	21
8562	21
8563	21
8564	21
8565	21
8566	21
8567	21
8568	21
8569	21
8570	21
8571	21
8572	22
8573	22
8574	22
8575	22
8576	22
8577	22
8578	22
8579	22
8580	22
8581	22
8582	22
8583	22
8584	22
8585	22
8586	22
8587	22
8588	22
8589	22
8590	22
8591	22
8592	22
8593	22
8594	22
8595	22
8596	22
8597	22
8598	22
8599	22
8600	22
8601	22
8602	22
8603	22
8604	22
8605	22
8606	22
8607	22
8608	22
8609	22
8610	22
8611	22
8612	22
8613	22
8614	22
8615	22
8616	22
8617	22
8618	22
8619	22
8620	22
8621	22
8622	22
8623	22
8624	22
8625	22
8626	22
8627	22
8628	22
8629	22
8630	22
8631	22
8632	22
8633	22
8634	22
8635	22
8636	22
8637	22
8638	22
8639	22
8640	22
8641	22
8642	22
8643	22
8644	22
8645	22
8646	22
8647	22
8648	22
8649	22
8650	22
8651	22
8652	22
8653	22
8654	22
8655	22
8656	22
8657	22
8658	22
8659	22
8660	22
8661	22
8662	22
8663	22
8664	22
8665	22
8666	22
8667	22
8668	22
8669	22
8670	22
8671	22
8672	22
8673	22
8674	22
8675	22
8676	22
8677	22
8678	22
8679	22
8680	22
8681	22
8682	22
8683	22
8684	22
8685	22
8686	22
8687	22
8688	22
8689	22
8690	22
8691	22
8692	22
8693	22
8694	22
8695	22
8696	22
8697	22
8698	22
8699	22
8700	22
8701	22
8702	22
8703	22
8704	22
8705	22
8706	22
8707	22
8708	22
8709	22
8710	22
8711	22
8712	22
8713	22
8714	22
8715	22
8716	22
8717	22
8718	22
8719	22
8720	22
8721	22
8722	22
8723	22
8724	22
8725	22
8726	22
8727	22
8728	22
8729	22
8730	22
8731	22
8732	22
8733	22
8734	22
8735	22
8736	22
8737	22
8738	22
8739	22
8740	22
8741	22
8742	22
8743	23
8744	23
8745	23
8746	23
8747	23
8748	23
8749	23
8750	23
8751	23
8752	23
8753	23
8754	23
8755	23
8756	23
8757	23
8758	23
8759	23
8760	23
8761	23
8762	23
8763	23
8764	23
8765	23
8766	23
8767	23
8768	23
8769	23
8770	23
8771	23
8772	23
8773	23
8774	23
8775	23
8776	23
8777	23
8778	23
8779	23
8780	23
8781	23
8782	23
8783	23
8784	23
8785	23
8786	23
8787	23
8788	23
8789	23
8790	23
8791	23
8792	23
8793	23
8794	23
8795	23
8796	23
8797	23
8798	23
8799	23
8800	23
8801	23
8802	23
8803	23
8804	23
8805	23
8806	23
8807	23
8808	23
8809	23
8810	23
8811	23
8812	23
8813	23
8814	23
8815	23
8816	23
8817	23
8818	23
8819	23
8820	23
8821	23
8822	23
8823	23
8824	23
8825	23
8826	23
8827	23
8828	23
8829	23
8830	23
8831	23
8832	23
8833	23
8834	23
8835	23
8836	23
8837	23
8838	23
8839	23
8840	23
8841	23
8842	23
8843	23
8844	23
8845	23
8846	23
8847	23
8848	23
8849	23
8850	23
8851	23
8852	23
8853	23
8854	23
8855	23
8856	23
8857	23
8858	23
8859	23
8860	23
8861	23
8862	23
8863	23
8864	23
8865	23
8866	23
8867	23
8868	23
8869	23
8870	23
8871	23
8872	23
8873	23
8874	23
8875	23
8876	23
8877	23
8878	23
8879	23
8880	23
8881	23
8882	23
8883	23
8884	23
8885	23
8886	23
8887	23
8888	23
8889	23
8890	23
8891	23
8892	23
8893	23
8894	23
8895	23
8896	23
8897	23
8898	23
8899	23
8900	23
8901	23
8902	23
8903	23
8904	23
8905	23
8906	23
8907	23
8908	23
8909	23
8910	23
8911	23
8912	23
8913	23
8914	23
8915	23
8916	23
8917	23
8918	23
8919	23
8920	23
8921	23
8922	23
8923	23
8924	23
8925	23
8926	23
8927	23
8928	23
8929	23
8930	23
8931	23
8932	23
8933	23
8934	23
8935	23
8936	23
8937	23
8938	23
8939	23
8940	23
8941	23
8942	23
8943	23
8944	23
8945	23
8946	23
8947	23
8948	23
8949	23
8950	23
8951	23
8952	23
8953	23
8954	23
8955	23
8956	23
8957	23
8958	23
8959	23
8960	23
8961	23
8962	23
8963	23
8964	23
8965	23
8966	23
8967	23
8968	23
8969	23
8970	23
8971	23
8972	23
8973	23
8974	23
8975	23
8976	23
8977	23
8978	23
8979	23
8980	23
8981	23
8982	23
8983	23
8984	23
8985	23
8986	23
8987	23
8988	23
8989	23
8990	23
8991	23
8992	23
8993	23
8994	23
8995	23
8996	23
8997	23
8998	23
8999	23
9000	23
9001	23
9002	23
9003	23
9004	23
9005	23
9006	23
9007	23
9008	23
9009	23
9010	23
9011	23
9012	23
9013	23
9014	23
9015	23
9016	23
9017	23
9018	23
9019	23
9020	23
9021	23
9022	23
9023	23
9024	23
9025	23
9026	23
9027	23
9028	23
9029	23
9030	23
9031	23
9032	23
9033	23
9034	23
9035	23
9036	23
9037	23
9038	23
9039	23
9040	23
9041	23
9042	23
9043	23
9044	23
9045	23
9046	23
9047	23
9048	23
9049	23
9050	24
9051	24
9052	24
9053	24
9054	24
9055	24
9056	24
9057	24
9058	24
9059	24
9060	24
9061	24
9062	24
9063	24
9064	24
9065	24
9066	24
9067	24
9068	24
9069	24
9070	24
9071	24
9072	24
9073	24
9074	24
9075	24
9076	24
9077	24
9078	24
9079	24
9080	24
9081	24
9082	24
9083	24
9084	24
9085	24
9086	24
9087	24
9088	24
9089	24
9090	24
9091	24
9092	24
9093	24
9094	24
9095	24
9096	24
9097	24
9098	24
9099	24
9100	24
9101	24
9102	24
9103	24
9104	24
9105	24
9106	24
9107	24
9108	24
9109	24
9110	24
9111	24
9112	24
9113	24
9114	24
9115	24
9116	24
9117	24
9118	24
9119	24
9120	24
9121	24
9122	24
9123	24
9124	24
9125	24
9126	24
9127	24
9128	24
9129	24
9130	24
9131	24
9132	24
9133	24
9134	24
9135	24
9136	24
9137	24
9138	24
9139	24
9140	24
9141	24
9142	24
9143	24
9144	24
9145	24
9146	24
9147	24
9148	24
9149	24
9150	24
9151	24
9152	24
9153	24
9154	24
9155	24
9156	24
9157	24
9158	24
9159	24
9160	24
9161	24
9162	24
9163	24
9164	24
9165	24
9166	24
9167	24
9168	24
9169	24
9170	24
9171	24
9172	24
9173	24
9174	24
9175	24
9176	24
9177	24
9178	24
9179	24
9180	24
9181	24
9182	24
9183	24
9184	24
9185	24
9186	24
9187	24
9188	24
9189	24
9190	24
9191	24
9192	24
9193	24
9194	24
9195	24
9196	24
9197	24
9198	24
9199	24
9200	24
9201	24
9202	24
9203	24
9204	24
9205	24
9206	24
9207	24
9208	24
9209	24
9210	24
9211	24
9212	24
9213	24
9214	24
9215	24
9216	24
9217	24
9218	24
9219	24
9220	24
9221	24
9222	24
9223	24
9224	24
9225	24
9226	24
9227	24
9228	24
9229	24
9230	24
9231	24
9232	24
9233	24
9234	24
9235	24
9236	24
9237	24
9238	24
9239	24
9240	24
9241	24
9242	24
9243	24
9244	24
9245	24
9246	24
9247	24
9248	24
9249	24
9250	24
9251	24
9252	24
9253	24
9254	24
9255	24
9256	24
9257	24
9258	24
9259	24
9260	24
9261	24
9262	24
9263	24
9264	24
9265	24
9266	24
9267	24
9268	24
9269	24
9270	24
9271	24
9272	24
9273	24
9274	24
9275	24
9276	24
9277	24
9278	24
9279	24
9280	24
9281	24
9282	24
9283	24
9284	24
9285	24
9286	24
9287	24
9288	24
9289	24
9290	24
9291	24
9292	24
9293	24
9294	24
9295	24
9296	24
9297	24
9298	24
9299	24
9300	24
9301	24
9302	24
9303	24
9304	24
9305	24
9306	24
9307	24
9308	24
9309	24
9310	24
9311	24
9312	24
9313	24
9314	24
9315	24
9316	24
9317	24
9318	24
9319	24
9320	24
9321	24
9322	24
9323	24
9324	24
9325	24
9326	24
9327	24
9328	24
9329	24
9330	24
9331	24
9332	24
9333	24
9334	24
9335	24
9336	24
9337	24
9338	24
9339	24
9340	24
9341	24
9342	24
9343	24
9344	24
9345	24
9346	24
9347	24
9348	24
9349	24
9350	24
9351	24
9352	24
9353	24
9354	24
9355	24
9356	24
9357	24
9358	24
9359	24
9360	24
9361	24
9362	24
9363	24
9364	24
9365	24
9366	24
9367	24
9368	24
9369	24
9370	24
9371	24
9372	24
9373	24
9374	24
9375	24
9376	24
9377	24
9378	24
9379	24
9380	24
9381	24
9382	24
9383	24
9384	24
9385	24
9386	24
9387	24
9388	24
9389	24
9390	24
9391	24
9392	24
9393	24
9394	24
9395	24
9396	24
9397	24
9398	24
9399	24
9400	24
9401	24
9402	24
9403	24
9404	24
9405	24
9406	24
9407	24
9408	24
9409	24
9410	24
9411	24
9412	25
9413	25
9414	25
9415	25
9416	25
9417	25
9418	25
9419	25
9420	25
9421	25
9422	25
9423	25
9424	25
9425	25
9426	25
9427	25
9428	25
9429	25
9430	25
9431	25
9432	25
9433	25
9434	25
9435	25
9436	25
9437	25
9438	25
9439	25
9440	25
9441	25
9442	25
9443	25
9444	25
9445	25
9446	25
9447	25
9448	25
9449	25
9450	25
9451	25
9452	25
9453	25
9454	25
9455	25
9456	25
9457	25
9458	25
9459	25
9460	25
9461	25
9462	25
9463	25
9464	25
9465	25
9466	25
9467	25
9468	25
9469	25
9470	25
9471	25
9472	25
9473	25
9474	25
9475	25
9476	25
9477	25
9478	25
9479	25
9480	25
9481	25
9482	25
9483	25
9484	25
9485	25
9486	25
9487	25
9488	25
9489	25
9490	25
9491	25
9492	25
9493	25
9494	25
9495	25
9496	25
9497	25
9498	25
9499	25
9500	25
9501	25
9502	25
9503	25
9504	25
9505	25
9506	25
9507	25
9508	25
9509	25
9510	25
9511	25
9512	25
9513	25
9514	25
9515	25
9516	25
9517	25
9518	25
9519	25
9520	25
9521	25
9522	25
9523	25
9524	25
9525	25
9526	25
9527	25
9528	25
9529	25
9530	25
9531	25
9532	25
9533	25
9534	25
9535	25
9536	25
9537	25
9538	25
9539	25
9540	25
9541	25
9542	25
9543	25
9544	25
9545	25
9546	25
9547	25
9548	25
9549	25
9550	25
9551	25
9552	25
9553	25
9554	25
9555	25
9556	25
9557	25
9558	25
9559	25
9560	25
9561	25
9562	25
9563	25
9564	25
9565	25
9566	25
9567	25
9568	25
9569	25
9570	25
9571	25
9572	25
9573	25
9574	25
9575	25
9576	25
9577	25
9578	25
9579	25
9580	25
9581	25
9582	25
9583	25
9584	25
9585	25
9586	25
9587	25
9588	25
9589	25
9590	25
9591	25
9592	25
9593	25
9594	25
9595	25
9596	25
9597	25
9598	25
9599	25
9600	25
9601	25
9602	25
9603	25
9604	25
9605	25
9606	25
9607	25
9608	25
9609	25
9610	25
9611	25
9612	25
9613	25
9614	25
9615	25
9616	25
9617	25
9618	25
9619	25
9620	25
9621	25
9622	25
9623	25
9624	25
9625	25
9626	25
9627	25
9628	25
9629	25
9630	25
9631	25
9632	25
9633	25
9634	25
9635	25
9636	25
9637	25
9638	25
9639	25
9640	25
9641	25
9642	25
9643	25
9644	25
9645	25
9646	25
9647	25
9648	25
9649	25
9650	25
9651	25
9652	25
9653	25
9654	25
9655	25
9656	25
9657	25
9658	25
9659	25
9660	25
9661	25
9662	25
9663	25
9664	25
9665	25
9666	26
9667	26
9668	26
9669	26
9670	26
9671	26
9672	26
9673	26
9674	26
9675	26
9676	26
9677	26
9678	26
9679	26
9680	26
9681	26
9682	26
9683	26
9684	26
9685	26
9686	26
9687	26
9688	26
9689	26
9690	26
9691	26
9692	26
9693	26
9694	26
9695	26
9696	26
9697	26
9698	26
9699	26
9700	26
9701	26
9702	26
9703	26
9704	26
9705	26
9706	26
9707	26
9708	26
9709	26
9710	26
9711	26
9712	26
9713	26
9714	26
9715	26
9716	26
9717	26
9718	26
9719	26
9720	26
9721	26
9722	26
9723	26
9724	26
9725	26
9726	26
9727	26
9728	26
9729	26
9730	26
9731	26
9732	26
9733	26
9734	26
9735	26
9736	26
9737	26
9738	26
9739	26
9740	26
9741	26
9742	26
9743	26
9744	26
9745	26
9746	26
9747	26
9748	26
9749	26
9750	26
9751	26
9752	26
9753	26
9754	26
9755	26
9756	26
9757	26
9758	26
9759	26
9760	26
9761	26
9762	26
9763	26
9764	26
9765	26
9766	26
9767	26
9768	26
9769	26
9770	26
9771	26
9772	26
9773	26
9774	26
9775	26
9776	26
9777	26
9778	26
9779	26
9780	26
9781	26
9782	26
9783	26
9784	26
9785	26
9786	26
9787	26
9788	26
9789	26
9790	26
9791	26
9792	26
9793	26
9794	26
9795	26
9796	26
9797	26
9798	26
9799	26
9800	26
9801	26
9802	26
9803	26
9804	26
9805	26
9806	26
9807	26
9808	26
9809	26
9810	26
9811	26
9812	26
9813	26
9814	26
9815	26
9816	26
9817	26
9818	26
9819	26
9820	26
9821	26
9822	26
9823	26
9824	26
9825	26
9826	26
9827	26
9828	26
9829	26
9830	26
9831	26
9832	26
9833	26
9834	26
9835	26
9836	26
9837	26
9838	26
9839	26
9840	26
9841	26
9842	26
9843	26
9844	26
9845	26
9846	26
9847	26
9848	26
9849	26
9850	26
9851	26
9852	26
9853	26
9854	26
9855	26
9856	26
9857	26
9858	26
9859	26
9860	26
9861	26
9862	26
9863	26
9864	26
9865	26
9866	26
9867	26
9868	26
9869	26
9870	26
9871	26
9872	26
9873	26
9874	26
9875	26
9876	26
9877	26
9878	26
9879	26
9880	26
9881	26
9882	26
9883	26
9884	26
9885	26
9886	26
9887	26
9888	26
9889	26
9890	26
9891	26
9892	26
9893	26
9894	26
9895	26
9896	26
9897	26
9898	26
9899	26
9900	26
9901	26
9902	26
9903	26
9904	26
9905	26
9906	26
9907	26
9908	26
9909	26
9910	26
9911	26
9912	26
9913	26
9914	26
9915	26
9916	26
9917	26
9918	26
9919	26
9920	26
9921	26
9922	26
9923	26
9924	26
9925	26
9926	26
9927	26
9928	26
9929	26
9930	26
9931	26
9932	26
9933	26
9934	26
9935	26
9936	26
9937	26
9938	26
9939	26
9940	26
9941	26
9942	26
9943	26
9944	26
9945	26
9946	26
9947	26
9948	26
9949	26
9950	26
9951	26
9952	26
9953	26
9954	26
9955	26
9956	26
9957	26
9958	26
9959	26
9960	26
9961	26
9962	26
9963	26
9964	26
9965	26
9966	26
9967	26
9968	26
9969	26
9970	26
9971	26
9972	26
9973	26
9974	26
9975	26
9976	26
9977	26
9978	26
9979	26
9980	26
9981	26
9982	26
9983	26
9984	26
9985	26
9986	26
9987	26
9988	26
9989	26
9990	26
9991	26
9992	26
9993	26
9994	26
9995	26
9996	26
9997	26
9998	26
9999	26
10000	26
