#Clock	ItemsCollected
1	0
2	0
3	0
4	0
5	0
6	0
7	0
8	0
9	0
10	0
11	0
12	0
13	0
14	0
15	0
16	0
17	0
18	0
19	0
20	0
21	0
22	0
23	0
24	0
25	0
26	0
27	0
28	0
29	0
30	0
31	0
32	0
33	0
34	0
35	0
36	0
37	0
38	0
39	0
40	0
41	0
42	0
43	0
44	0
45	0
46	0
47	0
48	0
49	0
50	0
51	0
52	0
53	0
54	0
55	0
56	0
57	0
58	0
59	0
60	0
61	0
62	0
63	0
64	0
65	0
66	0
67	0
68	0
69	0
70	0
71	0
72	0
73	0
74	0
75	0
76	0
77	0
78	0
79	0
80	0
81	0
82	0
83	0
84	0
85	0
86	0
87	0
88	0
89	0
90	0
91	0
92	0
93	0
94	0
95	0
96	0
97	0
98	0
99	0
100	0
101	0
102	0
103	0
104	0
105	0
106	0
107	0
108	0
109	0
110	0
111	0
112	0
113	0
114	0
115	0
116	0
117	0
118	0
119	0
120	0
121	0
122	0
123	0
124	0
125	0
126	0
127	0
128	0
129	0
130	0
131	0
132	0
133	0
134	0
135	0
136	0
137	0
138	0
139	0
140	0
141	0
142	0
143	0
144	0
145	0
146	0
147	0
148	0
149	0
150	0
151	0
152	0
153	0
154	0
155	0
156	0
157	0
158	0
159	0
160	0
161	0
162	0
163	0
164	0
165	0
166	0
167	0
168	0
169	0
170	0
171	0
172	0
173	0
174	0
175	0
176	0
177	0
178	0
179	0
180	0
181	0
182	0
183	0
184	0
185	0
186	0
187	0
188	0
189	0
190	0
191	0
192	0
193	0
194	0
195	0
196	0
197	0
198	0
199	0
200	0
201	0
202	0
203	0
204	0
205	0
206	0
207	0
208	0
209	0
210	0
211	0
212	0
213	0
214	0
215	0
216	0
217	0
218	0
219	0
220	0
221	0
222	0
223	0
224	0
225	0
226	0
227	0
228	0
229	0
230	0
231	0
232	0
233	0
234	0
235	0
236	0
237	0
238	0
239	0
240	0
241	0
242	0
243	0
244	0
245	0
246	0
247	0
248	0
249	0
250	0
251	0
252	0
253	0
254	0
255	0
256	0
257	0
258	0
259	0
260	0
261	0
262	0
263	0
264	0
265	0
266	0
267	0
268	0
269	0
270	0
271	0
272	0
273	0
274	0
275	0
276	0
277	0
278	0
279	0
280	0
281	0
282	0
283	0
284	0
285	0
286	0
287	0
288	0
289	0
290	0
291	0
292	0
293	0
294	0
295	0
296	0
297	0
298	0
299	0
300	0
301	0
302	0
303	0
304	0
305	0
306	0
307	0
308	0
309	0
310	0
311	0
312	0
313	0
314	0
315	0
316	0
317	0
318	0
319	0
320	0
321	0
322	0
323	0
324	0
325	0
326	0
327	0
328	0
329	0
330	0
331	0
332	0
333	0
334	0
335	0
336	0
337	0
338	0
339	0
340	0
341	0
342	0
343	0
344	0
345	0
346	0
347	0
348	0
349	0
350	0
351	0
352	0
353	0
354	0
355	0
356	0
357	0
358	0
359	0
360	0
361	0
362	0
363	0
364	0
365	0
366	0
367	0
368	0
369	0
370	0
371	0
372	0
373	0
374	0
375	0
376	0
377	0
378	0
379	0
380	0
381	0
382	0
383	0
384	0
385	0
386	0
387	0
388	0
389	0
390	0
391	0
392	0
393	0
394	0
395	0
396	0
397	0
398	0
399	0
400	0
401	0
402	0
403	0
404	0
405	0
406	0
407	0
408	0
409	0
410	0
411	0
412	0
413	0
414	0
415	0
416	0
417	0
418	0
419	0
420	0
421	0
422	0
423	0
424	0
425	0
426	0
427	0
428	0
429	0
430	0
431	0
432	0
433	0
434	0
435	0
436	0
437	0
438	0
439	0
440	0
441	0
442	0
443	0
444	0
445	0
446	0
447	0
448	0
449	0
450	0
451	0
452	0
453	0
454	0
455	0
456	0
457	0
458	0
459	0
460	0
461	0
462	0
463	0
464	0
465	0
466	0
467	0
468	0
469	0
470	0
471	0
472	0
473	0
474	0
475	0
476	0
477	0
478	0
479	0
480	0
481	0
482	0
483	0
484	0
485	0
486	0
487	0
488	0
489	0
490	0
491	0
492	0
493	0
494	0
495	0
496	0
497	0
498	0
499	0
500	0
501	0
502	0
503	0
504	0
505	0
506	0
507	0
508	0
509	0
510	0
511	0
512	0
513	0
514	0
515	0
516	0
517	0
518	0
519	0
520	0
521	0
522	0
523	0
524	0
525	0
526	0
527	0
528	0
529	0
530	0
531	0
532	0
533	0
534	0
535	0
536	0
537	0
538	0
539	0
540	0
541	0
542	0
543	0
544	0
545	0
546	0
547	0
548	0
549	0
550	0
551	0
552	0
553	0
554	0
555	0
556	0
557	0
558	0
559	0
560	0
561	0
562	0
563	0
564	0
565	0
566	0
567	0
568	0
569	0
570	0
571	0
572	0
573	0
574	0
575	0
576	0
577	0
578	0
579	0
580	0
581	0
582	0
583	0
584	0
585	0
586	0
587	0
588	0
589	0
590	0
591	0
592	0
593	0
594	0
595	0
596	0
597	0
598	0
599	0
600	0
601	0
602	0
603	0
604	0
605	0
606	0
607	0
608	0
609	0
610	0
611	0
612	0
613	0
614	0
615	0
616	0
617	0
618	0
619	0
620	0
621	0
622	0
623	0
624	0
625	0
626	0
627	0
628	0
629	0
630	0
631	0
632	0
633	0
634	0
635	0
636	0
637	0
638	0
639	0
640	0
641	0
642	0
643	0
644	0
645	0
646	0
647	0
648	0
649	0
650	0
651	0
652	0
653	0
654	0
655	0
656	0
657	0
658	0
659	0
660	0
661	0
662	0
663	0
664	0
665	0
666	0
667	0
668	0
669	0
670	0
671	0
672	0
673	0
674	0
675	0
676	0
677	0
678	0
679	0
680	0
681	0
682	0
683	0
684	0
685	0
686	0
687	0
688	0
689	0
690	0
691	0
692	0
693	0
694	0
695	0
696	0
697	0
698	0
699	0
700	0
701	0
702	0
703	0
704	0
705	0
706	0
707	0
708	0
709	0
710	0
711	0
712	0
713	0
714	0
715	0
716	0
717	0
718	0
719	0
720	0
721	0
722	0
723	0
724	0
725	0
726	0
727	0
728	0
729	0
730	0
731	0
732	0
733	0
734	0
735	0
736	0
737	0
738	0
739	0
740	0
741	0
742	0
743	0
744	0
745	0
746	0
747	0
748	0
749	0
750	0
751	0
752	0
753	0
754	0
755	0
756	0
757	0
758	0
759	0
760	0
761	0
762	0
763	0
764	0
765	0
766	0
767	0
768	0
769	0
770	0
771	0
772	0
773	0
774	0
775	0
776	0
777	0
778	0
779	0
780	0
781	0
782	0
783	0
784	0
785	0
786	0
787	0
788	0
789	0
790	0
791	0
792	0
793	0
794	0
795	0
796	0
797	0
798	0
799	0
800	0
801	0
802	0
803	0
804	0
805	0
806	0
807	0
808	0
809	0
810	0
811	0
812	0
813	0
814	0
815	0
816	0
817	0
818	0
819	0
820	0
821	0
822	0
823	0
824	0
825	0
826	0
827	0
828	0
829	0
830	0
831	0
832	0
833	0
834	0
835	0
836	0
837	0
838	0
839	0
840	0
841	0
842	0
843	0
844	0
845	0
846	0
847	0
848	0
849	0
850	0
851	0
852	0
853	0
854	0
855	0
856	0
857	0
858	0
859	0
860	0
861	0
862	0
863	0
864	0
865	0
866	0
867	0
868	0
869	0
870	0
871	0
872	0
873	0
874	0
875	0
876	0
877	0
878	0
879	0
880	0
881	0
882	0
883	0
884	0
885	0
886	0
887	0
888	0
889	0
890	0
891	0
892	0
893	0
894	0
895	0
896	0
897	0
898	0
899	0
900	0
901	0
902	0
903	0
904	0
905	0
906	0
907	0
908	0
909	0
910	0
911	0
912	0
913	0
914	0
915	0
916	0
917	0
918	0
919	0
920	0
921	0
922	0
923	0
924	0
925	0
926	0
927	0
928	0
929	0
930	0
931	0
932	0
933	0
934	0
935	0
936	0
937	0
938	0
939	0
940	0
941	0
942	0
943	0
944	0
945	0
946	0
947	0
948	0
949	0
950	0
951	0
952	0
953	0
954	0
955	0
956	0
957	0
958	0
959	0
960	0
961	0
962	0
963	0
964	0
965	0
966	0
967	0
968	0
969	0
970	0
971	0
972	0
973	0
974	0
975	0
976	0
977	0
978	0
979	0
980	0
981	0
982	0
983	0
984	0
985	0
986	0
987	0
988	0
989	0
990	0
991	0
992	0
993	0
994	0
995	0
996	0
997	0
998	0
999	0
1000	0
1001	0
1002	0
1003	0
1004	0
1005	0
1006	0
1007	0
1008	0
1009	0
1010	0
1011	0
1012	0
1013	0
1014	0
1015	0
1016	0
1017	0
1018	0
1019	0
1020	0
1021	0
1022	0
1023	0
1024	0
1025	0
1026	0
1027	0
1028	0
1029	0
1030	0
1031	0
1032	0
1033	0
1034	0
1035	0
1036	0
1037	0
1038	0
1039	0
1040	0
1041	0
1042	0
1043	0
1044	0
1045	0
1046	0
1047	0
1048	0
1049	0
1050	0
1051	0
1052	0
1053	0
1054	0
1055	0
1056	0
1057	0
1058	0
1059	0
1060	0
1061	0
1062	0
1063	0
1064	0
1065	0
1066	0
1067	0
1068	0
1069	0
1070	0
1071	0
1072	0
1073	0
1074	0
1075	0
1076	0
1077	0
1078	0
1079	0
1080	0
1081	0
1082	0
1083	0
1084	0
1085	0
1086	0
1087	0
1088	0
1089	0
1090	0
1091	0
1092	0
1093	0
1094	0
1095	0
1096	0
1097	0
1098	0
1099	0
1100	0
1101	0
1102	0
1103	0
1104	0
1105	0
1106	0
1107	0
1108	0
1109	0
1110	0
1111	0
1112	0
1113	0
1114	0
1115	0
1116	0
1117	0
1118	0
1119	0
1120	0
1121	0
1122	0
1123	0
1124	0
1125	0
1126	0
1127	0
1128	0
1129	0
1130	0
1131	0
1132	0
1133	0
1134	0
1135	0
1136	0
1137	0
1138	0
1139	0
1140	0
1141	0
1142	0
1143	0
1144	0
1145	0
1146	0
1147	0
1148	0
1149	0
1150	0
1151	0
1152	0
1153	0
1154	0
1155	0
1156	0
1157	0
1158	0
1159	0
1160	0
1161	0
1162	0
1163	0
1164	0
1165	0
1166	0
1167	0
1168	0
1169	0
1170	0
1171	0
1172	0
1173	0
1174	0
1175	0
1176	0
1177	0
1178	0
1179	0
1180	0
1181	0
1182	0
1183	0
1184	0
1185	0
1186	0
1187	0
1188	0
1189	0
1190	0
1191	0
1192	0
1193	0
1194	0
1195	0
1196	0
1197	0
1198	0
1199	0
1200	0
1201	0
1202	0
1203	0
1204	0
1205	0
1206	0
1207	0
1208	0
1209	0
1210	0
1211	0
1212	0
1213	0
1214	0
1215	0
1216	0
1217	0
1218	0
1219	0
1220	0
1221	0
1222	0
1223	0
1224	0
1225	0
1226	0
1227	0
1228	0
1229	0
1230	0
1231	0
1232	0
1233	0
1234	0
1235	0
1236	0
1237	0
1238	0
1239	0
1240	0
1241	0
1242	0
1243	0
1244	0
1245	0
1246	0
1247	0
1248	0
1249	0
1250	0
1251	0
1252	0
1253	0
1254	0
1255	0
1256	0
1257	0
1258	0
1259	0
1260	0
1261	0
1262	0
1263	0
1264	0
1265	0
1266	0
1267	0
1268	0
1269	0
1270	0
1271	0
1272	0
1273	0
1274	0
1275	0
1276	0
1277	0
1278	0
1279	0
1280	0
1281	0
1282	0
1283	0
1284	0
1285	0
1286	0
1287	0
1288	0
1289	0
1290	0
1291	0
1292	0
1293	0
1294	0
1295	0
1296	0
1297	0
1298	0
1299	0
1300	0
1301	0
1302	0
1303	0
1304	0
1305	0
1306	0
1307	0
1308	0
1309	0
1310	0
1311	0
1312	0
1313	0
1314	0
1315	0
1316	0
1317	0
1318	0
1319	0
1320	0
1321	0
1322	0
1323	0
1324	0
1325	0
1326	0
1327	0
1328	0
1329	0
1330	1
1331	1
1332	1
1333	1
1334	1
1335	1
1336	1
1337	1
1338	1
1339	1
1340	1
1341	1
1342	1
1343	1
1344	1
1345	1
1346	1
1347	1
1348	1
1349	1
1350	1
1351	1
1352	1
1353	1
1354	1
1355	1
1356	1
1357	1
1358	1
1359	1
1360	1
1361	1
1362	1
1363	1
1364	1
1365	1
1366	1
1367	1
1368	1
1369	1
1370	1
1371	1
1372	1
1373	1
1374	1
1375	1
1376	1
1377	1
1378	1
1379	1
1380	1
1381	1
1382	1
1383	1
1384	1
1385	1
1386	1
1387	1
1388	1
1389	1
1390	1
1391	1
1392	1
1393	1
1394	1
1395	1
1396	1
1397	1
1398	1
1399	1
1400	1
1401	1
1402	1
1403	1
1404	1
1405	1
1406	1
1407	1
1408	1
1409	1
1410	1
1411	1
1412	1
1413	1
1414	1
1415	1
1416	1
1417	1
1418	1
1419	1
1420	1
1421	1
1422	1
1423	1
1424	1
1425	1
1426	1
1427	1
1428	1
1429	1
1430	1
1431	1
1432	1
1433	1
1434	1
1435	1
1436	1
1437	1
1438	1
1439	1
1440	1
1441	1
1442	1
1443	1
1444	1
1445	1
1446	1
1447	1
1448	1
1449	1
1450	1
1451	1
1452	1
1453	1
1454	1
1455	1
1456	1
1457	1
1458	1
1459	1
1460	1
1461	1
1462	1
1463	1
1464	1
1465	1
1466	1
1467	1
1468	1
1469	1
1470	1
1471	1
1472	1
1473	1
1474	1
1475	1
1476	1
1477	1
1478	1
1479	1
1480	1
1481	1
1482	1
1483	1
1484	1
1485	1
1486	1
1487	1
1488	1
1489	1
1490	1
1491	1
1492	1
1493	1
1494	1
1495	1
1496	1
1497	1
1498	1
1499	1
1500	1
1501	1
1502	1
1503	1
1504	1
1505	1
1506	1
1507	1
1508	1
1509	1
1510	1
1511	1
1512	1
1513	1
1514	1
1515	1
1516	1
1517	1
1518	1
1519	1
1520	1
1521	1
1522	1
1523	1
1524	1
1525	1
1526	1
1527	1
1528	1
1529	1
1530	1
1531	1
1532	1
1533	1
1534	1
1535	1
1536	1
1537	1
1538	1
1539	1
1540	1
1541	1
1542	1
1543	1
1544	1
1545	1
1546	1
1547	1
1548	1
1549	1
1550	1
1551	1
1552	1
1553	1
1554	1
1555	1
1556	1
1557	1
1558	1
1559	1
1560	1
1561	1
1562	1
1563	1
1564	1
1565	1
1566	1
1567	1
1568	1
1569	1
1570	1
1571	1
1572	1
1573	1
1574	1
1575	1
1576	1
1577	1
1578	1
1579	1
1580	1
1581	1
1582	1
1583	1
1584	1
1585	1
1586	1
1587	1
1588	1
1589	1
1590	1
1591	1
1592	1
1593	1
1594	1
1595	1
1596	1
1597	1
1598	1
1599	1
1600	1
1601	1
1602	1
1603	1
1604	1
1605	1
1606	1
1607	1
1608	1
1609	1
1610	1
1611	1
1612	1
1613	1
1614	1
1615	1
1616	1
1617	1
1618	1
1619	1
1620	1
1621	1
1622	1
1623	1
1624	1
1625	1
1626	1
1627	1
1628	1
1629	1
1630	1
1631	1
1632	1
1633	1
1634	1
1635	1
1636	1
1637	1
1638	1
1639	1
1640	1
1641	1
1642	1
1643	1
1644	1
1645	1
1646	1
1647	1
1648	1
1649	1
1650	1
1651	1
1652	1
1653	1
1654	1
1655	1
1656	1
1657	1
1658	1
1659	1
1660	1
1661	1
1662	1
1663	1
1664	1
1665	1
1666	1
1667	1
1668	1
1669	1
1670	1
1671	2
1672	2
1673	2
1674	2
1675	2
1676	2
1677	2
1678	2
1679	2
1680	2
1681	2
1682	2
1683	2
1684	2
1685	2
1686	2
1687	2
1688	2
1689	2
1690	2
1691	2
1692	2
1693	2
1694	2
1695	2
1696	2
1697	2
1698	2
1699	2
1700	2
1701	2
1702	2
1703	2
1704	2
1705	2
1706	2
1707	2
1708	2
1709	2
1710	2
1711	2
1712	2
1713	2
1714	2
1715	2
1716	2
1717	2
1718	2
1719	2
1720	2
1721	2
1722	2
1723	2
1724	2
1725	2
1726	2
1727	2
1728	2
1729	2
1730	2
1731	2
1732	2
1733	2
1734	2
1735	2
1736	2
1737	2
1738	2
1739	2
1740	2
1741	2
1742	2
1743	2
1744	2
1745	2
1746	2
1747	2
1748	2
1749	2
1750	2
1751	2
1752	2
1753	2
1754	2
1755	2
1756	2
1757	2
1758	2
1759	2
1760	2
1761	2
1762	2
1763	2
1764	2
1765	2
1766	2
1767	2
1768	2
1769	2
1770	2
1771	2
1772	2
1773	2
1774	2
1775	2
1776	2
1777	2
1778	2
1779	2
1780	2
1781	2
1782	2
1783	2
1784	2
1785	2
1786	2
1787	2
1788	2
1789	2
1790	2
1791	2
1792	2
1793	2
1794	2
1795	2
1796	2
1797	2
1798	2
1799	2
1800	2
1801	2
1802	2
1803	2
1804	2
1805	2
1806	2
1807	2
1808	2
1809	2
1810	2
1811	2
1812	2
1813	2
1814	2
1815	2
1816	2
1817	2
1818	2
1819	2
1820	2
1821	2
1822	2
1823	2
1824	2
1825	2
1826	2
1827	2
1828	2
1829	2
1830	2
1831	2
1832	2
1833	2
1834	2
1835	2
1836	2
1837	2
1838	2
1839	2
1840	2
1841	2
1842	2
1843	2
1844	2
1845	2
1846	2
1847	2
1848	2
1849	2
1850	2
1851	2
1852	2
1853	2
1854	2
1855	2
1856	2
1857	2
1858	2
1859	2
1860	2
1861	2
1862	2
1863	2
1864	2
1865	2
1866	2
1867	2
1868	2
1869	2
1870	2
1871	2
1872	2
1873	2
1874	2
1875	2
1876	2
1877	2
1878	2
1879	2
1880	2
1881	2
1882	2
1883	2
1884	2
1885	2
1886	2
1887	2
1888	2
1889	2
1890	2
1891	2
1892	2
1893	2
1894	2
1895	2
1896	2
1897	2
1898	2
1899	2
1900	2
1901	2
1902	2
1903	2
1904	2
1905	2
1906	2
1907	2
1908	2
1909	2
1910	2
1911	2
1912	2
1913	2
1914	2
1915	2
1916	2
1917	2
1918	2
1919	2
1920	2
1921	2
1922	2
1923	2
1924	2
1925	2
1926	2
1927	2
1928	2
1929	2
1930	2
1931	2
1932	2
1933	2
1934	2
1935	2
1936	2
1937	2
1938	2
1939	2
1940	2
1941	2
1942	2
1943	2
1944	2
1945	2
1946	2
1947	2
1948	2
1949	2
1950	2
1951	2
1952	2
1953	2
1954	2
1955	2
1956	2
1957	2
1958	2
1959	2
1960	2
1961	2
1962	2
1963	2
1964	2
1965	2
1966	2
1967	2
1968	2
1969	2
1970	2
1971	2
1972	2
1973	2
1974	2
1975	2
1976	2
1977	2
1978	2
1979	2
1980	2
1981	2
1982	2
1983	2
1984	2
1985	2
1986	2
1987	2
1988	2
1989	2
1990	2
1991	2
1992	2
1993	2
1994	2
1995	2
1996	2
1997	2
1998	2
1999	2
2000	2
2001	2
2002	2
2003	2
2004	2
2005	2
2006	2
2007	2
2008	2
2009	2
2010	2
2011	2
2012	2
2013	2
2014	2
2015	2
2016	2
2017	2
2018	2
2019	2
2020	2
2021	2
2022	2
2023	2
2024	2
2025	2
2026	2
2027	2
2028	2
2029	2
2030	2
2031	2
2032	2
2033	2
2034	2
2035	2
2036	2
2037	2
2038	2
2039	2
2040	2
2041	2
2042	2
2043	2
2044	2
2045	2
2046	2
2047	2
2048	2
2049	2
2050	2
2051	2
2052	2
2053	2
2054	2
2055	2
2056	2
2057	2
2058	2
2059	2
2060	2
2061	2
2062	2
2063	2
2064	2
2065	2
2066	2
2067	2
2068	2
2069	2
2070	2
2071	2
2072	2
2073	2
2074	2
2075	2
2076	2
2077	2
2078	2
2079	2
2080	2
2081	2
2082	2
2083	2
2084	2
2085	2
2086	2
2087	2
2088	2
2089	2
2090	2
2091	2
2092	2
2093	2
2094	2
2095	2
2096	2
2097	2
2098	2
2099	2
2100	2
2101	2
2102	2
2103	2
2104	2
2105	2
2106	2
2107	2
2108	2
2109	2
2110	2
2111	2
2112	2
2113	2
2114	2
2115	2
2116	2
2117	2
2118	2
2119	2
2120	2
2121	2
2122	2
2123	2
2124	2
2125	2
2126	2
2127	2
2128	2
2129	2
2130	2
2131	2
2132	2
2133	2
2134	2
2135	2
2136	2
2137	2
2138	2
2139	2
2140	2
2141	2
2142	2
2143	2
2144	2
2145	2
2146	2
2147	2
2148	2
2149	2
2150	2
2151	2
2152	2
2153	2
2154	2
2155	2
2156	2
2157	2
2158	2
2159	2
2160	2
2161	2
2162	2
2163	2
2164	2
2165	2
2166	2
2167	2
2168	2
2169	2
2170	2
2171	2
2172	2
2173	2
2174	2
2175	2
2176	2
2177	2
2178	2
2179	2
2180	2
2181	2
2182	2
2183	2
2184	2
2185	2
2186	2
2187	2
2188	2
2189	2
2190	2
2191	2
2192	2
2193	2
2194	2
2195	2
2196	2
2197	2
2198	2
2199	2
2200	2
2201	2
2202	2
2203	2
2204	2
2205	2
2206	2
2207	2
2208	2
2209	2
2210	2
2211	2
2212	2
2213	2
2214	2
2215	2
2216	2
2217	2
2218	2
2219	2
2220	2
2221	2
2222	2
2223	2
2224	2
2225	2
2226	2
2227	2
2228	2
2229	2
2230	2
2231	2
2232	2
2233	2
2234	2
2235	2
2236	2
2237	2
2238	2
2239	2
2240	2
2241	2
2242	2
2243	2
2244	2
2245	2
2246	2
2247	2
2248	2
2249	2
2250	2
2251	2
2252	2
2253	2
2254	2
2255	2
2256	2
2257	2
2258	2
2259	2
2260	2
2261	2
2262	2
2263	2
2264	2
2265	2
2266	2
2267	2
2268	2
2269	2
2270	2
2271	2
2272	2
2273	2
2274	2
2275	2
2276	2
2277	2
2278	2
2279	2
2280	2
2281	2
2282	2
2283	2
2284	2
2285	2
2286	2
2287	2
2288	2
2289	2
2290	2
2291	2
2292	2
2293	2
2294	2
2295	2
2296	2
2297	2
2298	2
2299	2
2300	2
2301	2
2302	2
2303	2
2304	2
2305	2
2306	2
2307	2
2308	2
2309	2
2310	2
2311	2
2312	2
2313	2
2314	2
2315	2
2316	2
2317	2
2318	2
2319	2
2320	2
2321	2
2322	2
2323	2
2324	2
2325	2
2326	2
2327	2
2328	2
2329	2
2330	2
2331	2
2332	2
2333	2
2334	2
2335	2
2336	2
2337	2
2338	2
2339	2
2340	2
2341	2
2342	2
2343	2
2344	3
2345	3
2346	3
2347	3
2348	3
2349	3
2350	3
2351	3
2352	3
2353	3
2354	3
2355	3
2356	3
2357	3
2358	3
2359	3
2360	3
2361	3
2362	3
2363	3
2364	3
2365	3
2366	3
2367	3
2368	3
2369	3
2370	3
2371	3
2372	3
2373	3
2374	3
2375	3
2376	3
2377	3
2378	3
2379	3
2380	3
2381	3
2382	3
2383	3
2384	3
2385	3
2386	3
2387	3
2388	3
2389	3
2390	3
2391	3
2392	3
2393	3
2394	3
2395	3
2396	3
2397	3
2398	3
2399	3
2400	3
2401	3
2402	3
2403	3
2404	3
2405	3
2406	3
2407	3
2408	3
2409	3
2410	3
2411	3
2412	3
2413	3
2414	3
2415	3
2416	3
2417	3
2418	3
2419	3
2420	3
2421	3
2422	3
2423	3
2424	3
2425	3
2426	3
2427	3
2428	3
2429	3
2430	3
2431	3
2432	3
2433	3
2434	3
2435	3
2436	3
2437	3
2438	3
2439	3
2440	3
2441	3
2442	3
2443	3
2444	3
2445	3
2446	3
2447	3
2448	3
2449	3
2450	3
2451	3
2452	3
2453	3
2454	3
2455	3
2456	3
2457	3
2458	3
2459	3
2460	3
2461	3
2462	3
2463	3
2464	3
2465	3
2466	3
2467	3
2468	3
2469	3
2470	3
2471	3
2472	3
2473	3
2474	3
2475	3
2476	3
2477	3
2478	3
2479	3
2480	3
2481	3
2482	3
2483	3
2484	3
2485	3
2486	3
2487	3
2488	3
2489	3
2490	3
2491	3
2492	3
2493	3
2494	3
2495	3
2496	3
2497	3
2498	3
2499	3
2500	3
2501	3
2502	3
2503	3
2504	3
2505	3
2506	3
2507	3
2508	3
2509	3
2510	3
2511	3
2512	3
2513	3
2514	3
2515	3
2516	3
2517	3
2518	3
2519	3
2520	3
2521	3
2522	3
2523	3
2524	3
2525	3
2526	3
2527	3
2528	3
2529	3
2530	3
2531	3
2532	3
2533	3
2534	3
2535	3
2536	3
2537	3
2538	3
2539	3
2540	3
2541	3
2542	3
2543	3
2544	3
2545	3
2546	3
2547	3
2548	3
2549	3
2550	3
2551	3
2552	3
2553	3
2554	3
2555	4
2556	4
2557	4
2558	4
2559	4
2560	4
2561	4
2562	4
2563	4
2564	4
2565	4
2566	4
2567	4
2568	4
2569	4
2570	4
2571	4
2572	4
2573	4
2574	4
2575	4
2576	4
2577	4
2578	4
2579	4
2580	4
2581	4
2582	4
2583	4
2584	4
2585	4
2586	4
2587	4
2588	4
2589	4
2590	4
2591	4
2592	4
2593	4
2594	4
2595	4
2596	4
2597	4
2598	4
2599	4
2600	4
2601	4
2602	4
2603	4
2604	4
2605	4
2606	4
2607	4
2608	4
2609	4
2610	4
2611	4
2612	4
2613	4
2614	4
2615	4
2616	4
2617	4
2618	4
2619	4
2620	4
2621	4
2622	4
2623	4
2624	4
2625	4
2626	4
2627	4
2628	4
2629	4
2630	4
2631	4
2632	4
2633	4
2634	4
2635	4
2636	4
2637	4
2638	4
2639	4
2640	4
2641	5
2642	5
2643	5
2644	5
2645	5
2646	5
2647	5
2648	5
2649	5
2650	5
2651	5
2652	5
2653	5
2654	5
2655	5
2656	5
2657	5
2658	5
2659	5
2660	5
2661	5
2662	5
2663	5
2664	5
2665	5
2666	5
2667	5
2668	5
2669	5
2670	5
2671	5
2672	5
2673	5
2674	5
2675	5
2676	5
2677	5
2678	5
2679	5
2680	5
2681	5
2682	5
2683	5
2684	5
2685	5
2686	5
2687	5
2688	5
2689	5
2690	5
2691	5
2692	5
2693	5
2694	5
2695	5
2696	5
2697	5
2698	5
2699	5
2700	5
2701	5
2702	5
2703	5
2704	5
2705	5
2706	5
2707	5
2708	5
2709	5
2710	5
2711	5
2712	5
2713	5
2714	5
2715	5
2716	5
2717	5
2718	5
2719	5
2720	5
2721	5
2722	5
2723	5
2724	5
2725	5
2726	5
2727	5
2728	5
2729	5
2730	5
2731	5
2732	5
2733	5
2734	5
2735	5
2736	5
2737	5
2738	5
2739	5
2740	5
2741	5
2742	5
2743	5
2744	5
2745	5
2746	5
2747	5
2748	5
2749	5
2750	5
2751	5
2752	5
2753	5
2754	5
2755	5
2756	5
2757	5
2758	5
2759	5
2760	5
2761	5
2762	5
2763	5
2764	5
2765	5
2766	5
2767	5
2768	5
2769	5
2770	5
2771	5
2772	5
2773	5
2774	5
2775	5
2776	5
2777	5
2778	5
2779	5
2780	5
2781	5
2782	5
2783	5
2784	5
2785	5
2786	5
2787	5
2788	5
2789	5
2790	5
2791	5
2792	5
2793	5
2794	5
2795	5
2796	5
2797	5
2798	5
2799	5
2800	5
2801	5
2802	5
2803	5
2804	5
2805	5
2806	5
2807	5
2808	5
2809	5
2810	5
2811	5
2812	5
2813	5
2814	5
2815	5
2816	5
2817	5
2818	5
2819	5
2820	5
2821	5
2822	5
2823	5
2824	5
2825	5
2826	5
2827	5
2828	5
2829	5
2830	5
2831	5
2832	5
2833	5
2834	5
2835	5
2836	5
2837	5
2838	5
2839	5
2840	5
2841	5
2842	5
2843	5
2844	5
2845	5
2846	5
2847	5
2848	5
2849	5
2850	5
2851	5
2852	5
2853	5
2854	5
2855	5
2856	5
2857	5
2858	5
2859	5
2860	5
2861	5
2862	5
2863	5
2864	5
2865	5
2866	5
2867	5
2868	5
2869	5
2870	5
2871	5
2872	5
2873	5
2874	5
2875	5
2876	5
2877	5
2878	5
2879	5
2880	5
2881	5
2882	5
2883	5
2884	5
2885	5
2886	5
2887	5
2888	5
2889	5
2890	5
2891	5
2892	5
2893	5
2894	5
2895	5
2896	5
2897	5
2898	5
2899	5
2900	5
2901	5
2902	5
2903	5
2904	5
2905	5
2906	5
2907	5
2908	5
2909	5
2910	5
2911	5
2912	5
2913	5
2914	5
2915	5
2916	5
2917	5
2918	5
2919	5
2920	5
2921	5
2922	5
2923	5
2924	5
2925	5
2926	5
2927	5
2928	5
2929	5
2930	5
2931	5
2932	5
2933	5
2934	5
2935	5
2936	5
2937	5
2938	5
2939	5
2940	5
2941	5
2942	5
2943	5
2944	5
2945	5
2946	5
2947	5
2948	5
2949	5
2950	5
2951	5
2952	5
2953	5
2954	5
2955	5
2956	5
2957	5
2958	5
2959	5
2960	5
2961	5
2962	5
2963	5
2964	5
2965	5
2966	5
2967	5
2968	5
2969	5
2970	5
2971	5
2972	5
2973	5
2974	5
2975	5
2976	5
2977	5
2978	5
2979	5
2980	5
2981	5
2982	5
2983	5
2984	5
2985	5
2986	5
2987	5
2988	5
2989	5
2990	5
2991	5
2992	5
2993	5
2994	5
2995	5
2996	5
2997	5
2998	5
2999	5
3000	5
3001	5
3002	5
3003	5
3004	5
3005	5
3006	5
3007	5
3008	5
3009	5
3010	5
3011	5
3012	5
3013	5
3014	5
3015	5
3016	5
3017	5
3018	5
3019	5
3020	5
3021	5
3022	5
3023	5
3024	5
3025	5
3026	5
3027	5
3028	5
3029	5
3030	5
3031	5
3032	5
3033	5
3034	5
3035	5
3036	5
3037	5
3038	5
3039	5
3040	5
3041	5
3042	5
3043	5
3044	5
3045	5
3046	5
3047	5
3048	5
3049	5
3050	5
3051	5
3052	5
3053	5
3054	5
3055	5
3056	5
3057	5
3058	5
3059	5
3060	5
3061	5
3062	5
3063	5
3064	5
3065	5
3066	5
3067	5
3068	5
3069	5
3070	5
3071	5
3072	5
3073	5
3074	5
3075	5
3076	5
3077	5
3078	5
3079	5
3080	5
3081	5
3082	5
3083	5
3084	5
3085	5
3086	5
3087	5
3088	5
3089	5
3090	5
3091	5
3092	5
3093	5
3094	5
3095	5
3096	5
3097	5
3098	5
3099	5
3100	5
3101	5
3102	5
3103	5
3104	5
3105	5
3106	5
3107	5
3108	5
3109	5
3110	5
3111	5
3112	5
3113	5
3114	5
3115	5
3116	5
3117	5
3118	5
3119	5
3120	5
3121	5
3122	5
3123	5
3124	5
3125	5
3126	5
3127	5
3128	5
3129	5
3130	5
3131	5
3132	5
3133	5
3134	5
3135	5
3136	5
3137	5
3138	5
3139	5
3140	5
3141	5
3142	5
3143	5
3144	5
3145	5
3146	5
3147	5
3148	5
3149	5
3150	5
3151	5
3152	5
3153	5
3154	5
3155	5
3156	5
3157	5
3158	5
3159	5
3160	5
3161	6
3162	6
3163	6
3164	6
3165	6
3166	6
3167	6
3168	6
3169	6
3170	6
3171	6
3172	6
3173	6
3174	6
3175	6
3176	6
3177	6
3178	6
3179	6
3180	6
3181	6
3182	6
3183	6
3184	6
3185	6
3186	6
3187	6
3188	6
3189	6
3190	6
3191	6
3192	6
3193	6
3194	6
3195	6
3196	6
3197	6
3198	6
3199	6
3200	6
3201	6
3202	6
3203	6
3204	6
3205	6
3206	6
3207	6
3208	6
3209	6
3210	6
3211	6
3212	6
3213	6
3214	6
3215	6
3216	6
3217	6
3218	6
3219	6
3220	6
3221	6
3222	6
3223	6
3224	6
3225	6
3226	6
3227	6
3228	6
3229	6
3230	6
3231	6
3232	6
3233	6
3234	6
3235	6
3236	6
3237	6
3238	6
3239	6
3240	6
3241	6
3242	6
3243	6
3244	6
3245	6
3246	6
3247	6
3248	6
3249	6
3250	6
3251	6
3252	6
3253	6
3254	6
3255	6
3256	6
3257	6
3258	6
3259	6
3260	6
3261	6
3262	6
3263	6
3264	6
3265	6
3266	6
3267	6
3268	6
3269	6
3270	6
3271	6
3272	6
3273	6
3274	6
3275	6
3276	6
3277	6
3278	6
3279	6
3280	6
3281	6
3282	6
3283	6
3284	6
3285	6
3286	6
3287	6
3288	6
3289	6
3290	6
3291	6
3292	6
3293	6
3294	6
3295	6
3296	6
3297	6
3298	6
3299	6
3300	6
3301	6
3302	6
3303	6
3304	6
3305	6
3306	6
3307	6
3308	6
3309	6
3310	6
3311	6
3312	6
3313	6
3314	6
3315	6
3316	6
3317	6
3318	6
3319	6
3320	6
3321	6
3322	6
3323	6
3324	6
3325	6
3326	6
3327	6
3328	6
3329	6
3330	6
3331	6
3332	6
3333	6
3334	6
3335	6
3336	6
3337	6
3338	6
3339	6
3340	6
3341	6
3342	6
3343	6
3344	6
3345	6
3346	6
3347	6
3348	6
3349	6
3350	6
3351	6
3352	6
3353	6
3354	6
3355	6
3356	6
3357	6
3358	6
3359	6
3360	6
3361	6
3362	6
3363	6
3364	6
3365	6
3366	6
3367	6
3368	6
3369	6
3370	6
3371	6
3372	6
3373	6
3374	6
3375	6
3376	6
3377	6
3378	6
3379	6
3380	6
3381	6
3382	6
3383	6
3384	6
3385	6
3386	6
3387	6
3388	6
3389	6
3390	6
3391	6
3392	6
3393	6
3394	6
3395	6
3396	6
3397	6
3398	6
3399	6
3400	6
3401	6
3402	6
3403	6
3404	6
3405	6
3406	6
3407	6
3408	6
3409	6
3410	6
3411	6
3412	6
3413	6
3414	6
3415	6
3416	6
3417	6
3418	6
3419	6
3420	6
3421	6
3422	6
3423	6
3424	6
3425	6
3426	6
3427	6
3428	6
3429	6
3430	6
3431	6
3432	6
3433	6
3434	6
3435	6
3436	6
3437	6
3438	6
3439	6
3440	6
3441	6
3442	6
3443	6
3444	6
3445	6
3446	6
3447	6
3448	6
3449	6
3450	6
3451	6
3452	6
3453	6
3454	6
3455	6
3456	6
3457	6
3458	6
3459	6
3460	6
3461	6
3462	6
3463	6
3464	6
3465	6
3466	6
3467	6
3468	6
3469	6
3470	6
3471	6
3472	6
3473	6
3474	6
3475	6
3476	6
3477	6
3478	6
3479	6
3480	6
3481	6
3482	6
3483	6
3484	6
3485	6
3486	6
3487	6
3488	6
3489	6
3490	6
3491	6
3492	6
3493	6
3494	6
3495	6
3496	6
3497	6
3498	6
3499	6
3500	6
3501	6
3502	6
3503	6
3504	6
3505	6
3506	6
3507	6
3508	6
3509	6
3510	6
3511	6
3512	6
3513	6
3514	6
3515	6
3516	6
3517	6
3518	6
3519	6
3520	6
3521	6
3522	6
3523	6
3524	6
3525	6
3526	6
3527	6
3528	6
3529	6
3530	6
3531	6
3532	6
3533	6
3534	6
3535	6
3536	6
3537	6
3538	6
3539	6
3540	6
3541	6
3542	6
3543	6
3544	6
3545	6
3546	6
3547	6
3548	6
3549	6
3550	6
3551	6
3552	6
3553	6
3554	6
3555	6
3556	6
3557	6
3558	6
3559	6
3560	6
3561	6
3562	6
3563	6
3564	6
3565	6
3566	6
3567	6
3568	6
3569	6
3570	6
3571	6
3572	6
3573	6
3574	6
3575	6
3576	6
3577	6
3578	6
3579	6
3580	6
3581	6
3582	6
3583	6
3584	6
3585	6
3586	6
3587	6
3588	6
3589	6
3590	6
3591	6
3592	6
3593	6
3594	6
3595	6
3596	6
3597	6
3598	6
3599	6
3600	6
3601	6
3602	6
3603	6
3604	6
3605	6
3606	6
3607	6
3608	6
3609	6
3610	6
3611	6
3612	6
3613	6
3614	6
3615	6
3616	6
3617	6
3618	6
3619	6
3620	6
3621	6
3622	6
3623	6
3624	6
3625	6
3626	6
3627	6
3628	6
3629	6
3630	6
3631	6
3632	6
3633	6
3634	6
3635	6
3636	6
3637	6
3638	6
3639	6
3640	6
3641	6
3642	6
3643	6
3644	6
3645	6
3646	6
3647	6
3648	6
3649	6
3650	6
3651	6
3652	6
3653	6
3654	6
3655	6
3656	6
3657	6
3658	6
3659	6
3660	6
3661	6
3662	6
3663	6
3664	6
3665	6
3666	6
3667	6
3668	6
3669	6
3670	6
3671	6
3672	6
3673	6
3674	6
3675	6
3676	6
3677	6
3678	6
3679	6
3680	6
3681	6
3682	6
3683	6
3684	6
3685	6
3686	6
3687	6
3688	6
3689	6
3690	6
3691	6
3692	6
3693	6
3694	6
3695	6
3696	6
3697	6
3698	6
3699	6
3700	6
3701	6
3702	6
3703	6
3704	6
3705	6
3706	6
3707	6
3708	6
3709	6
3710	6
3711	6
3712	6
3713	6
3714	6
3715	6
3716	6
3717	6
3718	6
3719	6
3720	6
3721	6
3722	6
3723	6
3724	6
3725	6
3726	6
3727	6
3728	6
3729	6
3730	6
3731	6
3732	6
3733	6
3734	6
3735	6
3736	6
3737	6
3738	6
3739	6
3740	6
3741	6
3742	6
3743	6
3744	6
3745	6
3746	6
3747	6
3748	6
3749	6
3750	6
3751	6
3752	6
3753	6
3754	6
3755	6
3756	6
3757	6
3758	6
3759	6
3760	6
3761	6
3762	6
3763	6
3764	6
3765	6
3766	6
3767	6
3768	6
3769	6
3770	6
3771	6
3772	6
3773	6
3774	6
3775	6
3776	6
3777	6
3778	6
3779	6
3780	6
3781	6
3782	6
3783	6
3784	6
3785	6
3786	6
3787	6
3788	6
3789	6
3790	6
3791	6
3792	6
3793	7
3794	7
3795	7
3796	7
3797	7
3798	7
3799	7
3800	7
3801	7
3802	7
3803	7
3804	7
3805	7
3806	7
3807	7
3808	7
3809	7
3810	7
3811	7
3812	7
3813	7
3814	7
3815	7
3816	7
3817	7
3818	7
3819	7
3820	7
3821	7
3822	7
3823	7
3824	7
3825	7
3826	7
3827	7
3828	7
3829	7
3830	7
3831	7
3832	7
3833	7
3834	7
3835	8
3836	8
3837	8
3838	8
3839	8
3840	8
3841	8
3842	8
3843	8
3844	8
3845	8
3846	8
3847	8
3848	8
3849	8
3850	8
3851	8
3852	8
3853	8
3854	8
3855	8
3856	8
3857	8
3858	8
3859	8
3860	8
3861	8
3862	8
3863	8
3864	8
3865	8
3866	8
3867	8
3868	8
3869	8
3870	8
3871	8
3872	8
3873	8
3874	8
3875	8
3876	8
3877	8
3878	8
3879	8
3880	8
3881	8
3882	8
3883	8
3884	8
3885	8
3886	8
3887	8
3888	8
3889	8
3890	8
3891	8
3892	8
3893	8
3894	8
3895	8
3896	8
3897	8
3898	8
3899	8
3900	8
3901	8
3902	8
3903	8
3904	8
3905	8
3906	8
3907	8
3908	8
3909	8
3910	8
3911	8
3912	8
3913	8
3914	8
3915	8
3916	8
3917	8
3918	8
3919	8
3920	8
3921	8
3922	8
3923	8
3924	8
3925	8
3926	8
3927	8
3928	8
3929	8
3930	8
3931	8
3932	8
3933	8
3934	8
3935	8
3936	8
3937	8
3938	8
3939	8
3940	8
3941	8
3942	8
3943	8
3944	8
3945	8
3946	8
3947	8
3948	8
3949	8
3950	8
3951	8
3952	8
3953	8
3954	8
3955	8
3956	8
3957	8
3958	8
3959	8
3960	8
3961	8
3962	8
3963	8
3964	8
3965	8
3966	8
3967	8
3968	8
3969	8
3970	8
3971	8
3972	8
3973	8
3974	8
3975	8
3976	8
3977	8
3978	8
3979	8
3980	8
3981	8
3982	8
3983	8
3984	8
3985	8
3986	8
3987	8
3988	8
3989	8
3990	8
3991	8
3992	8
3993	8
3994	8
3995	8
3996	8
3997	8
3998	8
3999	8
4000	8
4001	8
4002	8
4003	8
4004	8
4005	8
4006	8
4007	8
4008	8
4009	8
4010	8
4011	8
4012	8
4013	8
4014	8
4015	8
4016	8
4017	8
4018	8
4019	8
4020	8
4021	8
4022	8
4023	8
4024	8
4025	8
4026	8
4027	8
4028	8
4029	8
4030	8
4031	8
4032	8
4033	8
4034	8
4035	8
4036	8
4037	8
4038	8
4039	8
4040	8
4041	8
4042	8
4043	8
4044	8
4045	8
4046	8
4047	8
4048	8
4049	8
4050	8
4051	8
4052	8
4053	8
4054	8
4055	8
4056	8
4057	8
4058	8
4059	8
4060	8
4061	8
4062	8
4063	8
4064	8
4065	8
4066	8
4067	8
4068	8
4069	8
4070	8
4071	8
4072	8
4073	8
4074	8
4075	8
4076	8
4077	8
4078	8
4079	8
4080	8
4081	8
4082	8
4083	8
4084	8
4085	8
4086	8
4087	8
4088	8
4089	8
4090	8
4091	8
4092	8
4093	8
4094	8
4095	8
4096	8
4097	8
4098	8
4099	8
4100	8
4101	8
4102	8
4103	8
4104	8
4105	8
4106	8
4107	8
4108	8
4109	8
4110	8
4111	8
4112	8
4113	8
4114	8
4115	8
4116	8
4117	8
4118	8
4119	8
4120	8
4121	8
4122	8
4123	8
4124	8
4125	8
4126	8
4127	8
4128	8
4129	8
4130	8
4131	8
4132	8
4133	8
4134	8
4135	8
4136	8
4137	8
4138	8
4139	8
4140	8
4141	8
4142	8
4143	8
4144	8
4145	8
4146	8
4147	8
4148	8
4149	8
4150	8
4151	8
4152	8
4153	8
4154	8
4155	8
4156	8
4157	8
4158	8
4159	8
4160	8
4161	8
4162	8
4163	8
4164	8
4165	8
4166	8
4167	8
4168	8
4169	8
4170	8
4171	8
4172	8
4173	8
4174	8
4175	8
4176	8
4177	8
4178	8
4179	8
4180	8
4181	8
4182	8
4183	8
4184	8
4185	8
4186	8
4187	8
4188	8
4189	8
4190	8
4191	8
4192	8
4193	8
4194	8
4195	8
4196	8
4197	8
4198	8
4199	8
4200	8
4201	8
4202	8
4203	8
4204	8
4205	8
4206	8
4207	8
4208	8
4209	8
4210	8
4211	8
4212	8
4213	8
4214	8
4215	8
4216	8
4217	8
4218	8
4219	8
4220	8
4221	8
4222	8
4223	8
4224	8
4225	8
4226	8
4227	8
4228	8
4229	8
4230	8
4231	8
4232	8
4233	8
4234	8
4235	8
4236	8
4237	8
4238	8
4239	8
4240	8
4241	8
4242	8
4243	8
4244	8
4245	8
4246	8
4247	8
4248	8
4249	8
4250	8
4251	8
4252	8
4253	8
4254	8
4255	8
4256	8
4257	8
4258	8
4259	8
4260	8
4261	8
4262	8
4263	8
4264	8
4265	8
4266	8
4267	8
4268	8
4269	8
4270	8
4271	8
4272	8
4273	8
4274	8
4275	8
4276	8
4277	8
4278	8
4279	8
4280	8
4281	8
4282	8
4283	8
4284	8
4285	8
4286	8
4287	8
4288	8
4289	8
4290	8
4291	8
4292	8
4293	8
4294	8
4295	8
4296	8
4297	8
4298	8
4299	8
4300	8
4301	8
4302	8
4303	8
4304	8
4305	8
4306	8
4307	8
4308	8
4309	8
4310	8
4311	8
4312	8
4313	8
4314	8
4315	8
4316	8
4317	8
4318	8
4319	8
4320	8
4321	8
4322	8
4323	8
4324	8
4325	8
4326	8
4327	8
4328	8
4329	8
4330	8
4331	8
4332	8
4333	8
4334	8
4335	8
4336	8
4337	8
4338	8
4339	8
4340	8
4341	8
4342	8
4343	8
4344	8
4345	8
4346	8
4347	8
4348	8
4349	8
4350	8
4351	8
4352	8
4353	8
4354	8
4355	8
4356	8
4357	8
4358	8
4359	8
4360	8
4361	8
4362	8
4363	8
4364	8
4365	8
4366	8
4367	8
4368	8
4369	8
4370	8
4371	8
4372	8
4373	8
4374	8
4375	8
4376	8
4377	8
4378	8
4379	8
4380	8
4381	8
4382	8
4383	8
4384	8
4385	8
4386	8
4387	8
4388	8
4389	8
4390	8
4391	8
4392	8
4393	8
4394	8
4395	8
4396	8
4397	8
4398	8
4399	8
4400	8
4401	8
4402	8
4403	8
4404	8
4405	8
4406	8
4407	8
4408	8
4409	8
4410	8
4411	8
4412	8
4413	8
4414	8
4415	8
4416	8
4417	8
4418	8
4419	8
4420	8
4421	8
4422	8
4423	8
4424	8
4425	8
4426	8
4427	8
4428	8
4429	8
4430	8
4431	8
4432	8
4433	8
4434	8
4435	8
4436	8
4437	8
4438	8
4439	8
4440	8
4441	8
4442	8
4443	8
4444	8
4445	8
4446	8
4447	8
4448	8
4449	8
4450	8
4451	8
4452	8
4453	8
4454	8
4455	8
4456	8
4457	8
4458	8
4459	8
4460	8
4461	8
4462	8
4463	8
4464	8
4465	8
4466	8
4467	8
4468	8
4469	8
4470	8
4471	8
4472	8
4473	8
4474	8
4475	8
4476	8
4477	8
4478	8
4479	8
4480	8
4481	8
4482	8
4483	8
4484	8
4485	8
4486	8
4487	8
4488	8
4489	8
4490	8
4491	8
4492	8
4493	8
4494	8
4495	8
4496	8
4497	8
4498	8
4499	8
4500	8
4501	8
4502	8
4503	8
4504	8
4505	8
4506	8
4507	8
4508	8
4509	8
4510	8
4511	8
4512	8
4513	8
4514	8
4515	8
4516	8
4517	8
4518	8
4519	8
4520	8
4521	8
4522	8
4523	8
4524	8
4525	8
4526	8
4527	8
4528	8
4529	8
4530	8
4531	8
4532	8
4533	8
4534	8
4535	8
4536	8
4537	8
4538	8
4539	8
4540	8
4541	8
4542	8
4543	8
4544	8
4545	8
4546	8
4547	8
4548	8
4549	8
4550	8
4551	8
4552	8
4553	8
4554	8
4555	8
4556	8
4557	8
4558	8
4559	8
4560	8
4561	8
4562	8
4563	8
4564	8
4565	8
4566	8
4567	8
4568	8
4569	8
4570	8
4571	8
4572	8
4573	8
4574	8
4575	8
4576	8
4577	8
4578	8
4579	8
4580	8
4581	8
4582	8
4583	8
4584	8
4585	8
4586	8
4587	8
4588	8
4589	8
4590	8
4591	8
4592	8
4593	8
4594	8
4595	8
4596	8
4597	8
4598	8
4599	8
4600	8
4601	8
4602	8
4603	8
4604	8
4605	8
4606	8
4607	8
4608	8
4609	8
4610	8
4611	8
4612	8
4613	8
4614	8
4615	8
4616	8
4617	8
4618	8
4619	8
4620	8
4621	8
4622	8
4623	8
4624	8
4625	8
4626	8
4627	8
4628	8
4629	8
4630	8
4631	8
4632	8
4633	8
4634	8
4635	8
4636	8
4637	8
4638	8
4639	8
4640	8
4641	8
4642	8
4643	8
4644	8
4645	8
4646	8
4647	8
4648	8
4649	8
4650	8
4651	8
4652	8
4653	8
4654	8
4655	8
4656	8
4657	8
4658	8
4659	8
4660	8
4661	8
4662	8
4663	8
4664	8
4665	8
4666	8
4667	8
4668	8
4669	8
4670	8
4671	8
4672	8
4673	8
4674	8
4675	8
4676	8
4677	8
4678	8
4679	8
4680	8
4681	8
4682	8
4683	8
4684	8
4685	8
4686	8
4687	8
4688	8
4689	8
4690	8
4691	8
4692	8
4693	8
4694	8
4695	8
4696	8
4697	8
4698	8
4699	8
4700	8
4701	8
4702	8
4703	8
4704	8
4705	8
4706	8
4707	8
4708	8
4709	8
4710	8
4711	8
4712	8
4713	8
4714	8
4715	8
4716	8
4717	8
4718	8
4719	8
4720	8
4721	8
4722	8
4723	8
4724	8
4725	8
4726	8
4727	8
4728	8
4729	8
4730	8
4731	8
4732	8
4733	8
4734	8
4735	8
4736	8
4737	8
4738	8
4739	8
4740	8
4741	8
4742	8
4743	8
4744	8
4745	8
4746	8
4747	8
4748	8
4749	8
4750	8
4751	8
4752	8
4753	8
4754	8
4755	8
4756	8
4757	8
4758	8
4759	8
4760	8
4761	8
4762	8
4763	8
4764	8
4765	8
4766	8
4767	8
4768	8
4769	8
4770	8
4771	8
4772	8
4773	8
4774	8
4775	8
4776	8
4777	8
4778	8
4779	8
4780	8
4781	8
4782	8
4783	8
4784	8
4785	8
4786	8
4787	8
4788	8
4789	8
4790	8
4791	8
4792	8
4793	8
4794	8
4795	8
4796	8
4797	8
4798	8
4799	8
4800	8
4801	8
4802	8
4803	8
4804	8
4805	8
4806	8
4807	8
4808	8
4809	8
4810	8
4811	8
4812	8
4813	8
4814	8
4815	8
4816	8
4817	8
4818	8
4819	8
4820	8
4821	8
4822	8
4823	8
4824	8
4825	8
4826	8
4827	8
4828	8
4829	8
4830	8
4831	8
4832	8
4833	8
4834	8
4835	8
4836	8
4837	8
4838	8
4839	8
4840	8
4841	8
4842	8
4843	8
4844	8
4845	8
4846	8
4847	8
4848	8
4849	8
4850	8
4851	8
4852	8
4853	8
4854	8
4855	8
4856	8
4857	8
4858	8
4859	8
4860	8
4861	8
4862	8
4863	8
4864	8
4865	8
4866	8
4867	8
4868	8
4869	8
4870	8
4871	8
4872	8
4873	8
4874	8
4875	8
4876	8
4877	8
4878	8
4879	8
4880	8
4881	8
4882	8
4883	8
4884	8
4885	8
4886	8
4887	8
4888	8
4889	8
4890	8
4891	8
4892	8
4893	8
4894	8
4895	8
4896	8
4897	8
4898	8
4899	8
4900	8
4901	8
4902	8
4903	8
4904	8
4905	8
4906	8
4907	8
4908	8
4909	8
4910	8
4911	8
4912	8
4913	8
4914	8
4915	8
4916	8
4917	8
4918	8
4919	8
4920	8
4921	8
4922	8
4923	8
4924	8
4925	8
4926	8
4927	8
4928	8
4929	8
4930	8
4931	8
4932	8
4933	8
4934	8
4935	8
4936	8
4937	8
4938	8
4939	8
4940	8
4941	8
4942	8
4943	8
4944	8
4945	8
4946	8
4947	8
4948	8
4949	8
4950	8
4951	8
4952	8
4953	8
4954	8
4955	8
4956	8
4957	8
4958	8
4959	8
4960	8
4961	8
4962	8
4963	8
4964	8
4965	8
4966	8
4967	8
4968	8
4969	8
4970	8
4971	8
4972	8
4973	8
4974	8
4975	8
4976	8
4977	8
4978	8
4979	8
4980	8
4981	8
4982	8
4983	8
4984	8
4985	8
4986	8
4987	8
4988	8
4989	8
4990	8
4991	8
4992	8
4993	8
4994	8
4995	8
4996	8
4997	8
4998	8
4999	8
5000	8
5001	8
5002	8
5003	8
5004	8
5005	8
5006	8
5007	8
5008	8
5009	8
5010	8
5011	8
5012	8
5013	8
5014	8
5015	8
5016	8
5017	8
5018	8
5019	8
5020	8
5021	8
5022	8
5023	8
5024	8
5025	8
5026	8
5027	8
5028	8
5029	8
5030	8
5031	8
5032	8
5033	8
5034	8
5035	8
5036	8
5037	8
5038	8
5039	8
5040	8
5041	8
5042	8
5043	8
5044	8
5045	8
5046	8
5047	8
5048	8
5049	8
5050	8
5051	8
5052	8
5053	8
5054	8
5055	8
5056	8
5057	8
5058	8
5059	8
5060	8
5061	8
5062	8
5063	8
5064	8
5065	8
5066	8
5067	9
5068	9
5069	9
5070	9
5071	9
5072	9
5073	9
5074	9
5075	9
5076	9
5077	9
5078	9
5079	9
5080	9
5081	9
5082	9
5083	9
5084	9
5085	9
5086	9
5087	9
5088	9
5089	9
5090	9
5091	9
5092	9
5093	9
5094	9
5095	9
5096	9
5097	9
5098	9
5099	9
5100	9
5101	9
5102	9
5103	9
5104	9
5105	9
5106	9
5107	9
5108	9
5109	9
5110	9
5111	9
5112	9
5113	9
5114	9
5115	9
5116	9
5117	9
5118	9
5119	9
5120	9
5121	9
5122	9
5123	9
5124	9
5125	9
5126	9
5127	9
5128	9
5129	9
5130	9
5131	9
5132	9
5133	9
5134	9
5135	9
5136	9
5137	9
5138	9
5139	9
5140	9
5141	9
5142	9
5143	9
5144	9
5145	9
5146	9
5147	9
5148	9
5149	9
5150	9
5151	9
5152	9
5153	9
5154	9
5155	9
5156	9
5157	9
5158	9
5159	9
5160	9
5161	9
5162	9
5163	9
5164	9
5165	9
5166	9
5167	9
5168	9
5169	9
5170	9
5171	9
5172	9
5173	9
5174	9
5175	9
5176	9
5177	9
5178	9
5179	9
5180	9
5181	9
5182	9
5183	9
5184	9
5185	9
5186	9
5187	9
5188	9
5189	9
5190	9
5191	9
5192	9
5193	9
5194	9
5195	9
5196	9
5197	9
5198	9
5199	9
5200	9
5201	9
5202	9
5203	9
5204	9
5205	9
5206	9
5207	9
5208	9
5209	9
5210	9
5211	9
5212	9
5213	9
5214	9
5215	9
5216	9
5217	9
5218	9
5219	9
5220	9
5221	9
5222	9
5223	9
5224	9
5225	9
5226	9
5227	9
5228	9
5229	9
5230	9
5231	9
5232	9
5233	9
5234	9
5235	9
5236	9
5237	9
5238	9
5239	9
5240	9
5241	9
5242	9
5243	9
5244	9
5245	9
5246	9
5247	9
5248	9
5249	9
5250	9
5251	9
5252	9
5253	9
5254	9
5255	9
5256	9
5257	9
5258	9
5259	9
5260	9
5261	9
5262	9
5263	9
5264	9
5265	9
5266	9
5267	9
5268	9
5269	9
5270	9
5271	9
5272	9
5273	9
5274	9
5275	9
5276	9
5277	9
5278	9
5279	9
5280	9
5281	9
5282	9
5283	9
5284	9
5285	9
5286	9
5287	9
5288	9
5289	9
5290	9
5291	9
5292	9
5293	9
5294	9
5295	9
5296	9
5297	9
5298	9
5299	9
5300	9
5301	9
5302	9
5303	9
5304	9
5305	9
5306	9
5307	9
5308	9
5309	9
5310	9
5311	9
5312	9
5313	9
5314	9
5315	9
5316	9
5317	9
5318	9
5319	9
5320	9
5321	9
5322	9
5323	9
5324	9
5325	9
5326	9
5327	9
5328	9
5329	9
5330	9
5331	9
5332	9
5333	9
5334	9
5335	9
5336	9
5337	9
5338	9
5339	9
5340	9
5341	9
5342	9
5343	9
5344	9
5345	9
5346	9
5347	9
5348	9
5349	9
5350	9
5351	9
5352	9
5353	9
5354	9
5355	9
5356	9
5357	9
5358	9
5359	10
5360	10
5361	10
5362	10
5363	10
5364	10
5365	10
5366	10
5367	10
5368	10
5369	10
5370	10
5371	10
5372	10
5373	10
5374	10
5375	10
5376	10
5377	10
5378	10
5379	10
5380	10
5381	10
5382	10
5383	10
5384	10
5385	10
5386	10
5387	10
5388	10
5389	10
5390	10
5391	10
5392	10
5393	10
5394	10
5395	10
5396	10
5397	10
5398	10
5399	10
5400	10
5401	10
5402	10
5403	10
5404	10
5405	10
5406	10
5407	10
5408	10
5409	10
5410	10
5411	10
5412	10
5413	10
5414	10
5415	10
5416	10
5417	10
5418	10
5419	10
5420	10
5421	10
5422	10
5423	10
5424	10
5425	10
5426	10
5427	10
5428	10
5429	10
5430	10
5431	10
5432	10
5433	10
5434	10
5435	10
5436	10
5437	10
5438	10
5439	10
5440	10
5441	10
5442	10
5443	10
5444	10
5445	10
5446	10
5447	10
5448	10
5449	10
5450	10
5451	10
5452	10
5453	10
5454	10
5455	10
5456	10
5457	10
5458	10
5459	10
5460	10
5461	10
5462	10
5463	10
5464	10
5465	10
5466	10
5467	10
5468	10
5469	10
5470	10
5471	10
5472	10
5473	10
5474	10
5475	10
5476	10
5477	10
5478	10
5479	10
5480	10
5481	10
5482	10
5483	10
5484	10
5485	10
5486	10
5487	10
5488	10
5489	10
5490	10
5491	10
5492	10
5493	10
5494	10
5495	10
5496	10
5497	10
5498	10
5499	10
5500	10
5501	10
5502	10
5503	10
5504	10
5505	10
5506	10
5507	10
5508	10
5509	10
5510	10
5511	10
5512	10
5513	10
5514	10
5515	10
5516	10
5517	10
5518	10
5519	10
5520	10
5521	10
5522	10
5523	10
5524	10
5525	10
5526	10
5527	10
5528	10
5529	10
5530	10
5531	10
5532	10
5533	10
5534	10
5535	10
5536	10
5537	10
5538	10
5539	10
5540	10
5541	10
5542	10
5543	10
5544	10
5545	10
5546	10
5547	10
5548	10
5549	10
5550	10
5551	10
5552	10
5553	10
5554	10
5555	10
5556	10
5557	10
5558	10
5559	10
5560	10
5561	10
5562	10
5563	10
5564	10
5565	10
5566	10
5567	10
5568	10
5569	10
5570	10
5571	10
5572	10
5573	10
5574	10
5575	10
5576	10
5577	10
5578	10
5579	10
5580	10
5581	10
5582	10
5583	10
5584	10
5585	10
5586	10
5587	10
5588	10
5589	10
5590	10
5591	10
5592	10
5593	10
5594	10
5595	10
5596	10
5597	10
5598	10
5599	10
5600	10
5601	10
5602	10
5603	10
5604	10
5605	10
5606	10
5607	10
5608	10
5609	10
5610	10
5611	10
5612	10
5613	10
5614	10
5615	10
5616	10
5617	10
5618	10
5619	10
5620	10
5621	10
5622	10
5623	10
5624	10
5625	10
5626	10
5627	10
5628	10
5629	10
5630	10
5631	10
5632	10
5633	10
5634	10
5635	10
5636	10
5637	10
5638	10
5639	10
5640	10
5641	10
5642	10
5643	10
5644	10
5645	10
5646	10
5647	10
5648	10
5649	10
5650	10
5651	10
5652	11
5653	11
5654	11
5655	11
5656	11
5657	11
5658	11
5659	11
5660	11
5661	11
5662	11
5663	11
5664	11
5665	11
5666	11
5667	11
5668	11
5669	11
5670	11
5671	11
5672	11
5673	11
5674	11
5675	11
5676	11
5677	11
5678	11
5679	11
5680	11
5681	11
5682	11
5683	11
5684	11
5685	11
5686	11
5687	11
5688	11
5689	11
5690	11
5691	11
5692	11
5693	11
5694	11
5695	11
5696	11
5697	11
5698	11
5699	11
5700	11
5701	11
5702	11
5703	11
5704	11
5705	11
5706	11
5707	11
5708	12
5709	12
5710	12
5711	12
5712	12
5713	12
5714	13
5715	13
5716	13
5717	13
5718	13
5719	13
5720	13
5721	13
5722	13
5723	13
5724	13
5725	13
5726	13
5727	13
5728	13
5729	13
5730	13
5731	13
5732	13
5733	13
5734	13
5735	13
5736	13
5737	13
5738	13
5739	13
5740	13
5741	13
5742	13
5743	13
5744	13
5745	13
5746	13
5747	13
5748	13
5749	13
5750	13
5751	13
5752	13
5753	13
5754	13
5755	13
5756	13
5757	13
5758	13
5759	13
5760	13
5761	13
5762	13
5763	13
5764	13
5765	13
5766	13
5767	13
5768	13
5769	13
5770	13
5771	13
5772	13
5773	13
5774	13
5775	13
5776	13
5777	13
5778	13
5779	13
5780	13
5781	13
5782	13
5783	13
5784	13
5785	13
5786	13
5787	13
5788	13
5789	13
5790	13
5791	13
5792	13
5793	13
5794	13
5795	13
5796	13
5797	13
5798	13
5799	13
5800	13
5801	13
5802	13
5803	13
5804	13
5805	13
5806	13
5807	13
5808	13
5809	13
5810	13
5811	13
5812	13
5813	13
5814	13
5815	13
5816	13
5817	13
5818	13
5819	13
5820	13
5821	13
5822	13
5823	13
5824	13
5825	13
5826	14
5827	14
5828	14
5829	14
5830	14
5831	14
5832	14
5833	14
5834	14
5835	14
5836	14
5837	14
5838	14
5839	14
5840	14
5841	14
5842	14
5843	14
5844	14
5845	14
5846	14
5847	14
5848	14
5849	14
5850	14
5851	14
5852	14
5853	14
5854	14
5855	14
5856	14
5857	14
5858	14
5859	14
5860	14
5861	14
5862	14
5863	14
5864	14
5865	14
5866	14
5867	14
5868	14
5869	14
5870	14
5871	14
5872	14
5873	14
5874	14
5875	14
5876	14
5877	14
5878	14
5879	14
5880	14
5881	14
5882	14
5883	14
5884	14
5885	14
5886	14
5887	14
5888	14
5889	14
5890	14
5891	14
5892	14
5893	14
5894	14
5895	14
5896	14
5897	14
5898	14
5899	14
5900	14
5901	14
5902	14
5903	14
5904	14
5905	14
5906	14
5907	14
5908	14
5909	14
5910	14
5911	14
5912	14
5913	14
5914	14
5915	14
5916	14
5917	14
5918	14
5919	14
5920	14
5921	14
5922	14
5923	14
5924	14
5925	14
5926	14
5927	14
5928	14
5929	14
5930	14
5931	14
5932	14
5933	14
5934	14
5935	14
5936	14
5937	14
5938	14
5939	14
5940	14
5941	14
5942	14
5943	14
5944	14
5945	14
5946	14
5947	14
5948	14
5949	14
5950	14
5951	14
5952	14
5953	14
5954	14
5955	14
5956	14
5957	14
5958	14
5959	14
5960	14
5961	14
5962	14
5963	14
5964	14
5965	14
5966	14
5967	14
5968	14
5969	14
5970	15
5971	15
5972	15
5973	15
5974	15
5975	15
5976	15
5977	15
5978	15
5979	15
5980	15
5981	15
5982	15
5983	15
5984	15
5985	15
5986	15
5987	15
5988	15
5989	15
5990	15
5991	15
5992	15
5993	15
5994	15
5995	15
5996	15
5997	15
5998	15
5999	15
6000	15
6001	15
6002	15
6003	15
6004	15
6005	15
6006	15
6007	15
6008	15
6009	15
6010	15
6011	15
6012	15
6013	15
6014	15
6015	15
6016	15
6017	15
6018	16
6019	16
6020	16
6021	16
6022	16
6023	16
6024	16
6025	16
6026	16
6027	16
6028	16
6029	16
6030	16
6031	16
6032	16
6033	16
6034	16
6035	16
6036	16
6037	16
6038	16
6039	16
6040	16
6041	16
6042	16
6043	16
6044	16
6045	16
6046	16
6047	16
6048	16
6049	16
6050	16
6051	16
6052	16
6053	16
6054	16
6055	16
6056	16
6057	16
6058	16
6059	16
6060	16
6061	16
6062	16
6063	16
6064	16
6065	16
6066	16
6067	16
6068	16
6069	16
6070	16
6071	16
6072	16
6073	16
6074	16
6075	16
6076	16
6077	16
6078	16
6079	16
6080	16
6081	16
6082	16
6083	16
6084	16
6085	16
6086	16
6087	16
6088	16
6089	16
6090	16
6091	16
6092	16
6093	16
6094	16
6095	16
6096	16
6097	16
6098	16
6099	16
6100	16
6101	16
6102	16
6103	16
6104	16
6105	16
6106	16
6107	16
6108	16
6109	16
6110	16
6111	16
6112	16
6113	16
6114	16
6115	16
6116	16
6117	16
6118	16
6119	16
6120	16
6121	16
6122	16
6123	16
6124	16
6125	16
6126	16
6127	16
6128	16
6129	16
6130	16
6131	16
6132	16
6133	16
6134	16
6135	16
6136	16
6137	16
6138	16
6139	16
6140	16
6141	16
6142	16
6143	16
6144	16
6145	16
6146	16
6147	16
6148	16
6149	16
6150	16
6151	16
6152	16
6153	16
6154	16
6155	16
6156	16
6157	16
6158	16
6159	16
6160	16
6161	16
6162	16
6163	16
6164	16
6165	16
6166	16
6167	16
6168	16
6169	16
6170	16
6171	16
6172	16
6173	16
6174	16
6175	16
6176	16
6177	16
6178	16
6179	16
6180	16
6181	16
6182	16
6183	16
6184	16
6185	16
6186	16
6187	16
6188	16
6189	16
6190	16
6191	16
6192	16
6193	16
6194	16
6195	16
6196	16
6197	16
6198	16
6199	16
6200	16
6201	16
6202	16
6203	16
6204	16
6205	16
6206	16
6207	16
6208	16
6209	16
6210	16
6211	16
6212	16
6213	16
6214	16
6215	16
6216	16
6217	16
6218	16
6219	16
6220	16
6221	16
6222	16
6223	16
6224	16
6225	16
6226	16
6227	16
6228	16
6229	16
6230	16
6231	16
6232	16
6233	16
6234	16
6235	16
6236	16
6237	16
6238	16
6239	16
6240	16
6241	16
6242	16
6243	16
6244	16
6245	16
6246	16
6247	16
6248	16
6249	16
6250	16
6251	16
6252	16
6253	16
6254	16
6255	16
6256	16
6257	16
6258	16
6259	16
6260	16
6261	16
6262	16
6263	16
6264	16
6265	16
6266	16
6267	16
6268	16
6269	16
6270	16
6271	16
6272	16
6273	16
6274	16
6275	16
6276	16
6277	16
6278	16
6279	16
6280	16
6281	16
6282	16
6283	16
6284	16
6285	16
6286	16
6287	16
6288	16
6289	16
6290	16
6291	16
6292	16
6293	16
6294	16
6295	16
6296	16
6297	16
6298	16
6299	16
6300	16
6301	16
6302	16
6303	16
6304	16
6305	16
6306	16
6307	16
6308	16
6309	16
6310	16
6311	16
6312	16
6313	16
6314	16
6315	16
6316	16
6317	16
6318	16
6319	16
6320	16
6321	16
6322	16
6323	16
6324	16
6325	16
6326	16
6327	16
6328	16
6329	16
6330	16
6331	16
6332	16
6333	16
6334	16
6335	16
6336	16
6337	16
6338	16
6339	16
6340	16
6341	16
6342	16
6343	16
6344	16
6345	16
6346	16
6347	16
6348	16
6349	16
6350	16
6351	16
6352	16
6353	16
6354	16
6355	16
6356	16
6357	16
6358	16
6359	16
6360	16
6361	16
6362	16
6363	16
6364	16
6365	16
6366	16
6367	16
6368	16
6369	17
6370	17
6371	17
6372	17
6373	17
6374	17
6375	17
6376	17
6377	17
6378	17
6379	17
6380	17
6381	17
6382	17
6383	17
6384	17
6385	17
6386	17
6387	17
6388	17
6389	17
6390	17
6391	17
6392	17
6393	17
6394	17
6395	17
6396	17
6397	17
6398	17
6399	17
6400	17
6401	17
6402	17
6403	17
6404	17
6405	17
6406	17
6407	17
6408	17
6409	17
6410	17
6411	17
6412	17
6413	17
6414	17
6415	17
6416	17
6417	17
6418	17
6419	17
6420	17
6421	17
6422	17
6423	17
6424	17
6425	17
6426	17
6427	17
6428	17
6429	17
6430	17
6431	17
6432	17
6433	17
6434	17
6435	17
6436	17
6437	17
6438	17
6439	17
6440	17
6441	17
6442	17
6443	17
6444	17
6445	17
6446	17
6447	17
6448	17
6449	17
6450	17
6451	17
6452	17
6453	17
6454	17
6455	17
6456	17
6457	17
6458	17
6459	17
6460	17
6461	17
6462	17
6463	17
6464	17
6465	17
6466	17
6467	17
6468	17
6469	17
6470	17
6471	17
6472	17
6473	17
6474	17
6475	17
6476	17
6477	17
6478	17
6479	17
6480	17
6481	17
6482	17
6483	17
6484	17
6485	17
6486	17
6487	17
6488	17
6489	17
6490	17
6491	17
6492	17
6493	17
6494	17
6495	17
6496	17
6497	17
6498	17
6499	17
6500	17
6501	17
6502	17
6503	17
6504	17
6505	17
6506	17
6507	17
6508	17
6509	17
6510	17
6511	17
6512	17
6513	17
6514	17
6515	17
6516	17
6517	17
6518	17
6519	17
6520	17
6521	17
6522	17
6523	17
6524	17
6525	17
6526	17
6527	17
6528	17
6529	17
6530	17
6531	17
6532	17
6533	17
6534	17
6535	17
6536	17
6537	17
6538	17
6539	17
6540	17
6541	17
6542	17
6543	17
6544	17
6545	17
6546	17
6547	17
6548	17
6549	17
6550	17
6551	17
6552	17
6553	17
6554	17
6555	17
6556	17
6557	17
6558	17
6559	17
6560	17
6561	17
6562	17
6563	17
6564	17
6565	17
6566	17
6567	17
6568	17
6569	17
6570	17
6571	17
6572	17
6573	17
6574	17
6575	17
6576	17
6577	17
6578	17
6579	17
6580	17
6581	17
6582	17
6583	17
6584	17
6585	17
6586	17
6587	17
6588	17
6589	17
6590	17
6591	17
6592	17
6593	17
6594	17
6595	17
6596	17
6597	17
6598	17
6599	17
6600	17
6601	17
6602	17
6603	17
6604	17
6605	17
6606	17
6607	17
6608	17
6609	17
6610	17
6611	17
6612	17
6613	17
6614	17
6615	17
6616	17
6617	17
6618	17
6619	17
6620	17
6621	17
6622	17
6623	17
6624	17
6625	17
6626	17
6627	17
6628	17
6629	17
6630	17
6631	17
6632	17
6633	17
6634	17
6635	17
6636	17
6637	17
6638	17
6639	17
6640	17
6641	17
6642	17
6643	17
6644	17
6645	17
6646	17
6647	17
6648	17
6649	17
6650	17
6651	17
6652	17
6653	17
6654	17
6655	17
6656	17
6657	17
6658	17
6659	17
6660	17
6661	17
6662	17
6663	17
6664	17
6665	17
6666	17
6667	17
6668	17
6669	17
6670	17
6671	17
6672	17
6673	17
6674	17
6675	17
6676	17
6677	17
6678	17
6679	17
6680	17
6681	17
6682	17
6683	17
6684	17
6685	18
6686	18
6687	18
6688	18
6689	18
6690	18
6691	18
6692	18
6693	18
6694	18
6695	18
6696	18
6697	18
6698	18
6699	18
6700	18
6701	18
6702	18
6703	18
6704	18
6705	18
6706	18
6707	18
6708	18
6709	18
6710	18
6711	18
6712	18
6713	18
6714	18
6715	18
6716	18
6717	18
6718	18
6719	18
6720	18
6721	18
6722	18
6723	18
6724	18
6725	18
6726	18
6727	18
6728	18
6729	18
6730	18
6731	18
6732	18
6733	18
6734	18
6735	18
6736	18
6737	18
6738	18
6739	18
6740	18
6741	18
6742	18
6743	18
6744	18
6745	18
6746	18
6747	18
6748	18
6749	18
6750	18
6751	18
6752	18
6753	18
6754	18
6755	18
6756	18
6757	18
6758	18
6759	18
6760	18
6761	18
6762	18
6763	18
6764	18
6765	18
6766	18
6767	18
6768	18
6769	18
6770	18
6771	18
6772	18
6773	18
6774	18
6775	18
6776	18
6777	18
6778	18
6779	18
6780	18
6781	18
6782	18
6783	18
6784	18
6785	18
6786	18
6787	18
6788	18
6789	18
6790	18
6791	18
6792	18
6793	18
6794	18
6795	18
6796	18
6797	18
6798	18
6799	18
6800	18
6801	18
6802	18
6803	18
6804	18
6805	18
6806	18
6807	18
6808	18
6809	18
6810	18
6811	18
6812	18
6813	18
6814	18
6815	18
6816	18
6817	18
6818	18
6819	18
6820	18
6821	18
6822	18
6823	18
6824	18
6825	18
6826	18
6827	18
6828	18
6829	18
6830	18
6831	18
6832	18
6833	18
6834	18
6835	18
6836	18
6837	18
6838	18
6839	18
6840	18
6841	18
6842	18
6843	18
6844	18
6845	18
6846	18
6847	18
6848	18
6849	18
6850	18
6851	18
6852	18
6853	18
6854	18
6855	18
6856	18
6857	18
6858	18
6859	18
6860	18
6861	18
6862	18
6863	18
6864	18
6865	18
6866	18
6867	18
6868	18
6869	18
6870	18
6871	18
6872	18
6873	18
6874	18
6875	18
6876	18
6877	18
6878	18
6879	18
6880	18
6881	18
6882	18
6883	18
6884	18
6885	18
6886	18
6887	18
6888	18
6889	18
6890	18
6891	18
6892	18
6893	18
6894	18
6895	18
6896	18
6897	18
6898	18
6899	18
6900	18
6901	18
6902	18
6903	18
6904	18
6905	18
6906	18
6907	18
6908	18
6909	18
6910	18
6911	18
6912	18
6913	18
6914	18
6915	18
6916	18
6917	18
6918	18
6919	18
6920	18
6921	18
6922	18
6923	18
6924	18
6925	18
6926	18
6927	18
6928	18
6929	18
6930	18
6931	18
6932	18
6933	18
6934	18
6935	18
6936	18
6937	18
6938	19
6939	19
6940	19
6941	19
6942	19
6943	19
6944	19
6945	19
6946	19
6947	19
6948	19
6949	19
6950	19
6951	19
6952	19
6953	19
6954	19
6955	19
6956	19
6957	19
6958	19
6959	19
6960	19
6961	19
6962	19
6963	19
6964	19
6965	19
6966	19
6967	19
6968	19
6969	19
6970	19
6971	19
6972	19
6973	19
6974	19
6975	19
6976	19
6977	19
6978	19
6979	19
6980	19
6981	19
6982	19
6983	19
6984	19
6985	19
6986	19
6987	19
6988	19
6989	19
6990	19
6991	19
6992	19
6993	19
6994	19
6995	19
6996	19
6997	19
6998	19
6999	19
7000	19
7001	19
7002	19
7003	19
7004	19
7005	19
7006	19
7007	19
7008	19
7009	19
7010	19
7011	19
7012	19
7013	19
7014	19
7015	19
7016	19
7017	19
7018	19
7019	19
7020	19
7021	19
7022	19
7023	19
7024	19
7025	19
7026	19
7027	19
7028	19
7029	19
7030	19
7031	19
7032	19
7033	19
7034	19
7035	19
7036	19
7037	19
7038	19
7039	19
7040	19
7041	19
7042	19
7043	19
7044	19
7045	19
7046	19
7047	19
7048	19
7049	19
7050	19
7051	19
7052	19
7053	19
7054	19
7055	19
7056	19
7057	19
7058	19
7059	19
7060	19
7061	19
7062	19
7063	19
7064	19
7065	19
7066	19
7067	19
7068	19
7069	19
7070	19
7071	19
7072	19
7073	19
7074	19
7075	19
7076	19
7077	19
7078	19
7079	20
7080	20
7081	20
7082	20
7083	20
7084	20
7085	20
7086	20
7087	20
7088	20
7089	20
7090	20
7091	20
7092	20
7093	20
7094	20
7095	20
7096	20
7097	20
7098	20
7099	20
7100	20
7101	20
7102	20
7103	20
7104	20
7105	20
7106	20
7107	20
7108	20
7109	20
7110	20
7111	20
7112	20
7113	20
7114	20
7115	20
7116	20
7117	20
7118	20
7119	20
7120	20
7121	20
7122	20
7123	20
7124	20
7125	20
7126	20
7127	20
7128	20
7129	20
7130	20
7131	20
7132	20
7133	20
7134	20
7135	20
7136	20
7137	20
7138	20
7139	20
7140	20
7141	20
7142	20
7143	20
7144	20
7145	20
7146	20
7147	20
7148	20
7149	20
7150	20
7151	20
7152	20
7153	20
7154	20
7155	20
7156	20
7157	20
7158	20
7159	20
7160	20
7161	20
7162	20
7163	20
7164	20
7165	20
7166	20
7167	20
7168	20
7169	20
7170	20
7171	20
7172	20
7173	20
7174	20
7175	20
7176	20
7177	20
7178	20
7179	20
7180	20
7181	20
7182	20
7183	20
7184	20
7185	20
7186	20
7187	20
7188	20
7189	20
7190	20
7191	20
7192	20
7193	20
7194	20
7195	20
7196	20
7197	20
7198	20
7199	20
7200	20
7201	20
7202	20
7203	20
7204	20
7205	20
7206	20
7207	20
7208	20
7209	20
7210	20
7211	20
7212	20
7213	20
7214	20
7215	20
7216	20
7217	20
7218	20
7219	20
7220	20
7221	20
7222	20
7223	20
7224	20
7225	20
7226	20
7227	20
7228	20
7229	20
7230	20
7231	20
7232	20
7233	20
7234	20
7235	20
7236	20
7237	20
7238	20
7239	20
7240	20
7241	20
7242	20
7243	20
7244	20
7245	20
7246	20
7247	20
7248	20
7249	20
7250	20
7251	20
7252	20
7253	20
7254	20
7255	20
7256	20
7257	20
7258	20
7259	20
7260	20
7261	20
7262	20
7263	20
7264	20
7265	20
7266	20
7267	20
7268	20
7269	20
7270	20
7271	20
7272	20
7273	20
7274	20
7275	20
7276	20
7277	20
7278	20
7279	20
7280	20
7281	20
7282	20
7283	20
7284	20
7285	20
7286	20
7287	20
7288	20
7289	20
7290	20
7291	20
7292	20
7293	20
7294	20
7295	20
7296	20
7297	20
7298	20
7299	20
7300	20
7301	20
7302	20
7303	20
7304	20
7305	20
7306	20
7307	20
7308	20
7309	20
7310	20
7311	20
7312	20
7313	21
7314	21
7315	21
7316	21
7317	21
7318	21
7319	21
7320	21
7321	21
7322	21
7323	21
7324	21
7325	21
7326	21
7327	21
7328	21
7329	21
7330	21
7331	21
7332	21
7333	21
7334	21
7335	21
7336	21
7337	21
7338	21
7339	21
7340	21
7341	21
7342	21
7343	21
7344	21
7345	21
7346	21
7347	21
7348	21
7349	21
7350	21
7351	21
7352	21
7353	21
7354	21
7355	21
7356	21
7357	21
7358	21
7359	21
7360	21
7361	21
7362	21
7363	21
7364	21
7365	21
7366	21
7367	21
7368	21
7369	21
7370	21
7371	21
7372	21
7373	21
7374	21
7375	21
7376	21
7377	21
7378	21
7379	21
7380	21
7381	21
7382	21
7383	21
7384	21
7385	21
7386	21
7387	21
7388	21
7389	21
7390	21
7391	21
7392	21
7393	21
7394	21
7395	21
7396	21
7397	21
7398	21
7399	21
7400	21
7401	21
7402	21
7403	21
7404	21
7405	21
7406	21
7407	21
7408	21
7409	21
7410	21
7411	21
7412	21
7413	21
7414	21
7415	21
7416	21
7417	21
7418	21
7419	21
7420	21
7421	21
7422	21
7423	21
7424	21
7425	21
7426	21
7427	21
7428	21
7429	21
7430	21
7431	21
7432	21
7433	21
7434	21
7435	21
7436	21
7437	21
7438	21
7439	21
7440	21
7441	21
7442	21
7443	21
7444	21
7445	21
7446	21
7447	21
7448	21
7449	21
7450	21
7451	21
7452	21
7453	21
7454	21
7455	21
7456	21
7457	21
7458	21
7459	21
7460	21
7461	21
7462	21
7463	21
7464	21
7465	21
7466	21
7467	21
7468	21
7469	21
7470	21
7471	21
7472	21
7473	21
7474	21
7475	21
7476	21
7477	21
7478	21
7479	21
7480	21
7481	21
7482	21
7483	21
7484	22
7485	22
7486	22
7487	22
7488	22
7489	22
7490	22
7491	22
7492	22
7493	22
7494	22
7495	22
7496	23
7497	23
7498	23
7499	23
7500	23
7501	23
7502	23
7503	23
7504	23
7505	23
7506	23
7507	23
7508	23
7509	23
7510	23
7511	23
7512	23
7513	23
7514	23
7515	23
7516	23
7517	23
7518	23
7519	23
7520	23
7521	23
7522	23
7523	23
7524	23
7525	23
7526	23
7527	23
7528	23
7529	23
7530	23
7531	23
7532	23
7533	23
7534	23
7535	23
7536	23
7537	23
7538	23
7539	23
7540	23
7541	23
7542	23
7543	23
7544	23
7545	23
7546	23
7547	23
7548	23
7549	23
7550	23
7551	23
7552	23
7553	23
7554	23
7555	23
7556	23
7557	23
7558	23
7559	23
7560	23
7561	23
7562	23
7563	23
7564	23
7565	23
7566	23
7567	23
7568	23
7569	23
7570	24
7571	24
7572	24
7573	24
7574	24
7575	24
7576	24
7577	24
7578	24
7579	24
7580	24
7581	24
7582	24
7583	24
7584	24
7585	24
7586	24
7587	24
7588	24
7589	24
7590	24
7591	24
7592	24
7593	24
7594	24
7595	24
7596	24
7597	24
7598	24
7599	24
7600	24
7601	24
7602	24
7603	24
7604	24
7605	24
7606	24
7607	24
7608	24
7609	24
7610	24
7611	24
7612	24
7613	24
7614	24
7615	24
7616	24
7617	24
7618	24
7619	24
7620	24
7621	24
7622	24
7623	24
7624	24
7625	24
7626	24
7627	24
7628	24
7629	24
7630	24
7631	24
7632	24
7633	24
7634	24
7635	24
7636	24
7637	24
7638	24
7639	24
7640	24
7641	24
7642	24
7643	24
7644	24
7645	24
7646	24
7647	24
7648	24
7649	24
7650	24
7651	24
7652	24
7653	24
7654	24
7655	24
7656	24
7657	24
7658	24
7659	24
7660	24
7661	24
7662	24
7663	24
7664	24
7665	24
7666	24
7667	24
7668	24
7669	24
7670	24
7671	24
7672	24
7673	24
7674	24
7675	24
7676	24
7677	24
7678	24
7679	24
7680	24
7681	24
7682	24
7683	24
7684	24
7685	24
7686	24
7687	24
7688	24
7689	24
7690	24
7691	24
7692	24
7693	24
7694	24
7695	24
7696	24
7697	24
7698	24
7699	24
7700	24
7701	24
7702	24
7703	24
7704	24
7705	24
7706	24
7707	24
7708	24
7709	24
7710	24
7711	24
7712	24
7713	24
7714	24
7715	24
7716	24
7717	24
7718	24
7719	24
7720	24
7721	24
7722	24
7723	24
7724	24
7725	24
7726	24
7727	24
7728	24
7729	24
7730	24
7731	24
7732	24
7733	24
7734	24
7735	24
7736	24
7737	24
7738	24
7739	24
7740	24
7741	24
7742	24
7743	24
7744	24
7745	24
7746	24
7747	24
7748	24
7749	24
7750	24
7751	24
7752	24
7753	24
7754	24
7755	24
7756	24
7757	24
7758	24
7759	24
7760	24
7761	24
7762	24
7763	24
7764	24
7765	24
7766	24
7767	24
7768	24
7769	24
7770	24
7771	24
7772	24
7773	24
7774	24
7775	24
7776	24
7777	24
7778	24
7779	25
7780	25
7781	25
7782	25
7783	25
7784	25
7785	25
7786	25
7787	25
7788	25
7789	25
7790	25
7791	25
7792	25
7793	25
7794	25
7795	25
7796	25
7797	25
7798	25
7799	25
7800	25
7801	25
7802	25
7803	25
7804	25
7805	25
7806	25
7807	25
7808	25
7809	25
7810	25
7811	25
7812	25
7813	25
7814	25
7815	25
7816	25
7817	25
7818	25
7819	25
7820	25
7821	25
7822	25
7823	25
7824	25
7825	25
7826	25
7827	25
7828	25
7829	25
7830	25
7831	25
7832	25
7833	25
7834	25
7835	25
7836	25
7837	25
7838	25
7839	25
7840	25
7841	25
7842	25
7843	25
7844	25
7845	25
7846	25
7847	25
7848	25
7849	25
7850	25
7851	25
7852	25
7853	25
7854	25
7855	25
7856	25
7857	25
7858	25
7859	25
7860	25
7861	25
7862	25
7863	25
7864	25
7865	25
7866	25
7867	25
7868	25
7869	25
7870	25
7871	25
7872	25
7873	25
7874	25
7875	25
7876	25
7877	25
7878	25
7879	25
7880	25
7881	25
7882	25
7883	25
7884	25
7885	25
7886	25
7887	25
7888	25
7889	25
7890	25
7891	25
7892	25
7893	25
7894	25
7895	25
7896	25
7897	25
7898	25
7899	25
7900	25
7901	25
7902	25
7903	25
7904	25
7905	25
7906	25
7907	25
7908	25
7909	25
7910	25
7911	25
7912	25
7913	25
7914	25
7915	25
7916	25
7917	25
7918	25
7919	25
7920	25
7921	25
7922	25
7923	25
7924	25
7925	25
7926	25
7927	25
7928	25
7929	25
7930	25
7931	25
7932	25
7933	25
7934	25
7935	25
7936	25
7937	25
7938	25
7939	25
7940	25
7941	25
7942	25
7943	25
7944	25
7945	25
7946	25
7947	25
7948	26
7949	26
7950	26
7951	26
7952	26
7953	26
7954	26
7955	26
7956	26
7957	26
7958	26
7959	26
7960	26
7961	26
7962	26
7963	26
7964	26
7965	26
7966	26
7967	26
7968	26
7969	26
7970	26
7971	26
7972	26
7973	26
7974	26
7975	26
7976	26
7977	26
7978	26
7979	26
7980	26
7981	26
7982	26
7983	26
7984	26
7985	26
7986	26
7987	26
7988	26
7989	26
7990	26
7991	26
7992	26
7993	26
7994	26
7995	26
7996	26
7997	26
7998	26
7999	26
8000	26
8001	26
8002	26
8003	26
8004	26
8005	26
8006	26
8007	26
8008	26
8009	26
8010	26
8011	26
8012	26
8013	26
8014	26
8015	26
8016	26
8017	26
8018	26
8019	26
8020	26
8021	26
8022	26
8023	26
8024	26
8025	26
8026	26
8027	26
8028	26
8029	26
8030	26
8031	26
8032	26
8033	26
8034	26
8035	26
8036	26
8037	26
8038	26
8039	26
8040	26
8041	26
8042	26
8043	26
8044	26
8045	26
8046	26
8047	26
8048	26
8049	26
8050	26
8051	26
8052	26
8053	26
8054	26
8055	26
8056	26
8057	26
8058	26
8059	26
8060	26
8061	26
8062	26
8063	26
8064	26
8065	26
8066	26
8067	26
8068	26
8069	26
8070	26
8071	26
8072	26
8073	26
8074	26
8075	26
8076	26
8077	26
8078	26
8079	26
8080	26
8081	26
8082	26
8083	26
8084	26
8085	26
8086	26
8087	26
8088	26
8089	26
8090	26
8091	26
8092	26
8093	26
8094	26
8095	26
8096	26
8097	26
8098	26
8099	26
8100	26
8101	26
8102	26
8103	26
8104	26
8105	26
8106	26
8107	26
8108	26
8109	26
8110	26
8111	26
8112	26
8113	26
8114	26
8115	26
8116	26
8117	26
8118	26
8119	26
8120	26
8121	26
8122	26
8123	26
8124	26
8125	26
8126	26
8127	26
8128	26
8129	26
8130	26
8131	26
8132	26
8133	26
8134	26
8135	26
8136	26
8137	26
8138	26
8139	26
8140	26
8141	26
8142	26
8143	26
8144	26
8145	26
8146	26
8147	26
8148	26
8149	26
8150	26
8151	26
8152	26
8153	26
8154	26
8155	26
8156	26
8157	26
8158	26
8159	26
8160	26
8161	26
8162	26
8163	26
8164	26
8165	26
8166	26
8167	26
8168	26
8169	26
8170	26
8171	26
8172	26
8173	26
8174	26
8175	26
8176	26
8177	26
8178	26
8179	26
8180	26
8181	26
8182	26
8183	26
8184	26
8185	26
8186	27
8187	27
8188	27
8189	27
8190	27
8191	27
8192	27
8193	27
8194	27
8195	27
8196	27
8197	27
8198	27
8199	27
8200	27
8201	27
8202	27
8203	27
8204	27
8205	27
8206	27
8207	27
8208	27
8209	27
8210	27
8211	27
8212	27
8213	27
8214	27
8215	27
8216	27
8217	27
8218	27
8219	27
8220	27
8221	27
8222	27
8223	27
8224	27
8225	27
8226	27
8227	27
8228	27
8229	27
8230	27
8231	27
8232	27
8233	27
8234	27
8235	27
8236	27
8237	27
8238	27
8239	27
8240	27
8241	27
8242	27
8243	27
8244	27
8245	27
8246	27
8247	27
8248	27
8249	27
8250	27
8251	27
8252	27
8253	27
8254	27
8255	27
8256	27
8257	27
8258	27
8259	27
8260	27
8261	27
8262	27
8263	28
8264	28
8265	28
8266	28
8267	28
8268	28
8269	28
8270	28
8271	28
8272	28
8273	28
8274	28
8275	28
8276	28
8277	28
8278	28
8279	28
8280	28
8281	28
8282	28
8283	28
8284	28
8285	28
8286	28
8287	28
8288	28
8289	28
8290	28
8291	28
8292	28
8293	28
8294	28
8295	28
8296	28
8297	28
8298	28
8299	28
8300	28
8301	28
8302	28
8303	28
8304	28
8305	28
8306	28
8307	28
8308	28
8309	28
8310	28
8311	28
8312	28
8313	28
8314	28
8315	28
8316	28
8317	28
8318	28
8319	28
8320	28
8321	28
8322	28
8323	28
8324	28
8325	28
8326	28
8327	28
8328	28
8329	28
8330	28
8331	28
8332	28
8333	28
8334	28
8335	28
8336	28
8337	28
8338	28
8339	28
8340	28
8341	28
8342	28
8343	28
8344	28
8345	28
8346	28
8347	28
8348	28
8349	28
8350	28
8351	28
8352	28
8353	28
8354	28
8355	28
8356	28
8357	28
8358	28
8359	28
8360	28
8361	28
8362	28
8363	28
8364	28
8365	28
8366	28
8367	28
8368	28
8369	28
8370	28
8371	28
8372	28
8373	28
8374	28
8375	28
8376	28
8377	28
8378	28
8379	28
8380	28
8381	28
8382	28
8383	28
8384	28
8385	28
8386	28
8387	28
8388	28
8389	28
8390	28
8391	28
8392	28
8393	28
8394	28
8395	28
8396	28
8397	28
8398	28
8399	28
8400	28
8401	28
8402	28
8403	28
8404	28
8405	28
8406	28
8407	28
8408	28
8409	28
8410	28
8411	28
8412	28
8413	28
8414	28
8415	28
8416	28
8417	28
8418	28
8419	28
8420	28
8421	28
8422	28
8423	28
8424	28
8425	28
8426	28
8427	28
8428	28
8429	28
8430	28
8431	28
8432	28
8433	28
8434	28
8435	28
8436	28
8437	28
8438	28
8439	28
8440	28
8441	28
8442	28
8443	28
8444	28
8445	28
8446	28
8447	28
8448	28
8449	28
8450	28
8451	28
8452	28
8453	28
8454	28
8455	28
8456	28
8457	28
8458	28
8459	28
8460	28
8461	28
8462	28
8463	28
8464	28
8465	28
8466	28
8467	28
8468	28
8469	28
8470	28
8471	28
8472	28
8473	28
8474	28
8475	28
8476	28
8477	28
8478	28
8479	28
8480	28
8481	28
8482	28
8483	28
8484	28
8485	28
8486	28
8487	28
8488	28
8489	28
8490	28
8491	28
8492	28
8493	28
8494	28
8495	28
8496	28
8497	28
8498	28
8499	28
8500	28
8501	28
8502	28
8503	28
8504	28
8505	28
8506	28
8507	28
8508	28
8509	28
8510	28
8511	28
8512	28
8513	28
8514	28
8515	28
8516	28
8517	28
8518	28
8519	28
8520	28
8521	28
8522	28
8523	28
8524	28
8525	28
8526	28
8527	28
8528	28
8529	28
8530	28
8531	28
8532	28
8533	28
8534	28
8535	28
8536	28
8537	28
8538	28
8539	28
8540	28
8541	28
8542	28
8543	28
8544	28
8545	28
8546	28
8547	28
8548	28
8549	28
8550	28
8551	28
8552	28
8553	28
8554	28
8555	28
8556	28
8557	28
8558	28
8559	28
8560	28
8561	28
8562	28
8563	28
8564	28
8565	28
8566	28
8567	28
8568	28
8569	28
8570	28
8571	28
8572	28
8573	28
8574	28
8575	28
8576	28
8577	28
8578	28
8579	28
8580	28
8581	28
8582	28
8583	28
8584	28
8585	28
8586	28
8587	28
8588	28
8589	28
8590	28
8591	28
8592	28
8593	28
8594	28
8595	28
8596	28
8597	28
8598	28
8599	28
8600	28
8601	28
8602	28
8603	28
8604	28
8605	28
8606	28
8607	28
8608	28
8609	28
8610	28
8611	28
8612	28
8613	28
8614	28
8615	28
8616	28
8617	28
8618	28
8619	28
8620	28
8621	28
8622	28
8623	28
8624	28
8625	28
8626	28
8627	28
8628	28
8629	28
8630	28
8631	28
8632	28
8633	28
8634	28
8635	28
8636	28
8637	28
8638	28
8639	28
8640	28
8641	28
8642	28
8643	28
8644	28
8645	28
8646	28
8647	28
8648	28
8649	28
8650	28
8651	28
8652	28
8653	28
8654	28
8655	28
8656	28
8657	28
8658	28
8659	28
8660	28
8661	28
8662	28
8663	28
8664	28
8665	28
8666	28
8667	28
8668	28
8669	28
8670	28
8671	28
8672	28
8673	28
8674	28
8675	28
8676	28
8677	28
8678	28
8679	28
8680	28
8681	28
8682	28
8683	28
8684	28
8685	28
8686	28
8687	28
8688	28
8689	28
8690	28
8691	28
8692	28
8693	28
8694	28
8695	28
8696	28
8697	28
8698	28
8699	28
8700	28
8701	28
8702	28
8703	28
8704	28
8705	28
8706	28
8707	28
8708	28
8709	28
8710	28
8711	28
8712	28
8713	28
8714	28
8715	28
8716	28
8717	28
8718	28
8719	28
8720	28
8721	28
8722	28
8723	28
8724	28
8725	28
8726	28
8727	28
8728	28
8729	28
8730	28
8731	28
8732	28
8733	28
8734	28
8735	28
8736	28
8737	28
8738	28
8739	28
8740	28
8741	28
8742	28
8743	28
8744	28
8745	28
8746	28
8747	28
8748	28
8749	28
8750	28
8751	28
8752	28
8753	28
8754	28
8755	28
8756	28
8757	28
8758	28
8759	28
8760	28
8761	28
8762	28
8763	28
8764	28
8765	28
8766	28
8767	28
8768	28
8769	28
8770	28
8771	28
8772	28
8773	28
8774	28
8775	28
8776	28
8777	28
8778	28
8779	28
8780	28
8781	28
8782	28
8783	28
8784	28
8785	28
8786	28
8787	28
8788	28
8789	28
8790	28
8791	28
8792	28
8793	28
8794	28
8795	28
8796	28
8797	28
8798	28
8799	28
8800	28
8801	28
8802	28
8803	28
8804	28
8805	28
8806	28
8807	28
8808	28
8809	28
8810	28
8811	28
8812	28
8813	28
8814	28
8815	28
8816	28
8817	28
8818	28
8819	28
8820	28
8821	28
8822	28
8823	28
8824	28
8825	28
8826	28
8827	28
8828	28
8829	28
8830	28
8831	28
8832	28
8833	28
8834	28
8835	28
8836	28
8837	28
8838	28
8839	28
8840	28
8841	28
8842	28
8843	28
8844	28
8845	28
8846	28
8847	28
8848	28
8849	28
8850	28
8851	28
8852	28
8853	28
8854	28
8855	28
8856	28
8857	28
8858	28
8859	28
8860	28
8861	28
8862	28
8863	28
8864	28
8865	28
8866	28
8867	28
8868	28
8869	28
8870	28
8871	28
8872	28
8873	28
8874	28
8875	28
8876	28
8877	28
8878	28
8879	28
8880	28
8881	28
8882	28
8883	28
8884	28
8885	28
8886	28
8887	28
8888	28
8889	28
8890	28
8891	28
8892	28
8893	28
8894	28
8895	28
8896	28
8897	28
8898	28
8899	28
8900	28
8901	28
8902	28
8903	28
8904	28
8905	28
8906	28
8907	28
8908	28
8909	28
8910	28
8911	28
8912	28
8913	28
8914	28
8915	28
8916	28
8917	28
8918	28
8919	28
8920	28
8921	28
8922	28
8923	28
8924	28
8925	28
8926	28
8927	28
8928	28
8929	28
8930	28
8931	28
8932	28
8933	28
8934	28
8935	28
8936	28
8937	28
8938	28
8939	28
8940	28
8941	28
8942	28
8943	28
8944	28
8945	28
8946	28
8947	28
8948	28
8949	28
8950	28
8951	28
8952	28
8953	28
8954	28
8955	28
8956	28
8957	28
8958	28
8959	28
8960	28
8961	28
8962	28
8963	28
8964	28
8965	28
8966	28
8967	28
8968	28
8969	28
8970	28
8971	28
8972	28
8973	28
8974	28
8975	28
8976	28
8977	28
8978	28
8979	28
8980	28
8981	28
8982	28
8983	28
8984	28
8985	28
8986	28
8987	28
8988	28
8989	28
8990	28
8991	28
8992	28
8993	28
8994	28
8995	28
8996	28
8997	28
8998	28
8999	28
9000	28
9001	28
9002	28
9003	28
9004	28
9005	28
9006	28
9007	28
9008	28
9009	28
9010	28
9011	28
9012	28
9013	28
9014	28
9015	28
9016	28
9017	28
9018	28
9019	28
9020	28
9021	28
9022	28
9023	28
9024	28
9025	28
9026	28
9027	28
9028	28
9029	28
9030	28
9031	28
9032	28
9033	28
9034	28
9035	28
9036	28
9037	28
9038	28
9039	28
9040	28
9041	28
9042	28
9043	28
9044	28
9045	28
9046	28
9047	28
9048	28
9049	28
9050	28
9051	28
9052	28
9053	28
9054	28
9055	28
9056	28
9057	28
9058	28
9059	28
9060	28
9061	28
9062	28
9063	28
9064	28
9065	28
9066	28
9067	28
9068	28
9069	28
9070	28
9071	28
9072	28
9073	28
9074	28
9075	28
9076	28
9077	28
9078	28
9079	28
9080	28
9081	28
9082	28
9083	28
9084	28
9085	28
9086	28
9087	28
9088	28
9089	28
9090	28
9091	28
9092	28
9093	28
9094	28
9095	28
9096	28
9097	28
9098	28
9099	28
9100	28
9101	28
9102	28
9103	28
9104	28
9105	28
9106	28
9107	28
9108	28
9109	28
9110	28
9111	28
9112	28
9113	28
9114	28
9115	28
9116	28
9117	28
9118	28
9119	28
9120	28
9121	28
9122	28
9123	28
9124	28
9125	28
9126	28
9127	28
9128	28
9129	28
9130	28
9131	28
9132	28
9133	28
9134	28
9135	28
9136	28
9137	28
9138	28
9139	28
9140	28
9141	28
9142	28
9143	28
9144	28
9145	28
9146	28
9147	28
9148	28
9149	28
9150	28
9151	28
9152	28
9153	28
9154	28
9155	28
9156	28
9157	28
9158	28
9159	28
9160	28
9161	28
9162	28
9163	28
9164	28
9165	28
9166	28
9167	28
9168	28
9169	28
9170	28
9171	28
9172	28
9173	28
9174	28
9175	28
9176	28
9177	28
9178	28
9179	28
9180	28
9181	28
9182	28
9183	28
9184	28
9185	28
9186	28
9187	28
9188	28
9189	28
9190	28
9191	28
9192	28
9193	28
9194	28
9195	28
9196	28
9197	28
9198	28
9199	28
9200	28
9201	28
9202	28
9203	28
9204	28
9205	28
9206	28
9207	28
9208	28
9209	28
9210	28
9211	28
9212	29
9213	29
9214	29
9215	29
9216	29
9217	29
9218	29
9219	29
9220	29
9221	29
9222	29
9223	29
9224	29
9225	29
9226	29
9227	29
9228	29
9229	29
9230	29
9231	29
9232	29
9233	29
9234	29
9235	29
9236	29
9237	29
9238	29
9239	29
9240	29
9241	29
9242	29
9243	29
9244	29
9245	29
9246	29
9247	29
9248	29
9249	29
9250	29
9251	29
9252	29
9253	29
9254	29
9255	29
9256	29
9257	29
9258	29
9259	29
9260	29
9261	29
9262	29
9263	29
9264	29
9265	29
9266	29
9267	29
9268	29
9269	29
9270	29
9271	29
9272	29
9273	29
9274	29
9275	29
9276	29
9277	29
9278	29
9279	29
9280	29
9281	29
9282	29
9283	29
9284	29
9285	29
9286	29
9287	29
9288	29
9289	29
9290	29
9291	29
9292	29
9293	29
9294	29
9295	29
9296	29
9297	29
9298	29
9299	29
9300	29
9301	29
9302	29
9303	29
9304	29
9305	29
9306	29
9307	29
9308	29
9309	29
9310	29
9311	29
9312	29
9313	29
9314	29
9315	29
9316	29
9317	29
9318	29
9319	29
9320	29
9321	29
9322	29
9323	29
9324	29
9325	29
9326	29
9327	29
9328	29
9329	29
9330	29
9331	29
9332	29
9333	29
9334	29
9335	29
9336	29
9337	29
9338	29
9339	29
9340	29
9341	29
9342	29
9343	29
9344	29
9345	29
9346	29
9347	29
9348	29
9349	29
9350	29
9351	30
9352	30
9353	30
9354	30
9355	30
9356	30
9357	30
9358	30
9359	30
9360	30
9361	30
9362	30
9363	30
9364	30
9365	30
9366	30
9367	30
9368	30
9369	30
9370	30
9371	30
9372	30
9373	30
9374	30
9375	30
9376	30
9377	30
9378	30
9379	30
9380	30
9381	30
9382	30
9383	30
9384	30
9385	30
9386	30
9387	30
9388	30
9389	30
9390	30
9391	30
9392	30
9393	30
9394	30
9395	30
9396	30
9397	30
9398	30
9399	30
9400	30
9401	30
9402	30
9403	30
9404	30
9405	30
9406	30
9407	30
9408	30
9409	30
9410	30
9411	30
9412	30
9413	30
9414	30
9415	30
9416	30
9417	30
9418	30
9419	30
9420	30
9421	30
9422	30
9423	30
9424	30
9425	30
9426	30
9427	30
9428	31
9429	31
9430	31
9431	31
9432	31
9433	31
9434	31
9435	31
9436	31
9437	31
9438	31
9439	31
9440	31
9441	31
9442	31
9443	31
9444	31
9445	31
9446	31
9447	31
9448	31
9449	31
9450	31
9451	31
9452	31
9453	31
9454	31
9455	31
9456	31
9457	31
9458	31
9459	31
9460	31
9461	31
9462	31
9463	31
9464	31
9465	31
9466	31
9467	31
9468	31
9469	31
9470	31
9471	31
9472	31
9473	31
9474	31
9475	31
9476	31
9477	31
9478	31
9479	31
9480	31
9481	31
9482	31
9483	31
9484	31
9485	31
9486	31
9487	31
9488	31
9489	31
9490	31
9491	31
9492	31
9493	31
9494	31
9495	31
9496	31
9497	31
9498	31
9499	31
9500	31
9501	31
9502	31
9503	31
9504	31
9505	31
9506	31
9507	31
9508	31
9509	31
9510	31
9511	31
9512	31
9513	31
9514	31
9515	31
9516	31
9517	31
9518	31
9519	31
9520	31
9521	31
9522	31
9523	31
9524	31
9525	31
9526	31
9527	31
9528	31
9529	31
9530	31
9531	31
9532	31
9533	31
9534	31
9535	31
9536	31
9537	31
9538	31
9539	31
9540	31
9541	32
9542	32
9543	32
9544	32
9545	32
9546	32
9547	32
9548	32
9549	32
9550	32
9551	32
9552	32
9553	32
9554	32
9555	32
9556	32
9557	32
9558	32
9559	32
9560	32
9561	32
9562	32
9563	32
9564	32
9565	32
9566	32
9567	32
9568	32
9569	33
9570	33
9571	33
9572	33
9573	33
9574	33
9575	33
9576	33
9577	33
9578	33
9579	33
9580	33
9581	33
9582	33
9583	33
9584	33
9585	33
9586	33
9587	33
9588	33
9589	33
9590	33
9591	33
9592	33
9593	33
9594	33
9595	33
9596	33
9597	33
9598	33
9599	33
9600	33
9601	33
9602	33
9603	33
9604	33
9605	33
9606	33
9607	33
9608	33
9609	33
9610	33
9611	33
9612	33
9613	33
9614	33
9615	33
9616	33
9617	33
9618	33
9619	33
9620	33
9621	33
9622	33
9623	33
9624	33
9625	33
9626	33
9627	33
9628	33
9629	33
9630	33
9631	33
9632	33
9633	33
9634	33
9635	33
9636	33
9637	33
9638	33
9639	33
9640	33
9641	33
9642	33
9643	33
9644	33
9645	33
9646	33
9647	33
9648	33
9649	33
9650	33
9651	33
9652	33
9653	33
9654	33
9655	33
9656	33
9657	33
9658	33
9659	33
9660	33
9661	33
9662	33
9663	33
9664	33
9665	33
9666	33
9667	33
9668	33
9669	33
9670	33
9671	33
9672	33
9673	33
9674	33
9675	33
9676	33
9677	33
9678	33
9679	33
9680	33
9681	33
9682	33
9683	33
9684	33
9685	33
9686	33
9687	33
9688	33
9689	33
9690	33
9691	33
9692	33
9693	33
9694	33
9695	33
9696	33
9697	33
9698	33
9699	33
9700	33
9701	33
9702	33
9703	33
9704	33
9705	33
9706	33
9707	33
9708	33
9709	33
9710	33
9711	33
9712	33
9713	33
9714	33
9715	33
9716	33
9717	33
9718	33
9719	33
9720	33
9721	33
9722	33
9723	33
9724	33
9725	33
9726	33
9727	33
9728	33
9729	33
9730	33
9731	33
9732	33
9733	33
9734	33
9735	33
9736	33
9737	33
9738	33
9739	33
9740	33
9741	33
9742	33
9743	33
9744	33
9745	33
9746	33
9747	33
9748	33
9749	33
9750	33
9751	33
9752	33
9753	33
9754	33
9755	33
9756	33
9757	33
9758	33
9759	33
9760	33
9761	33
9762	33
9763	33
9764	33
9765	33
9766	33
9767	33
9768	33
9769	33
9770	33
9771	33
9772	33
9773	33
9774	33
9775	33
9776	33
9777	33
9778	33
9779	33
9780	33
9781	33
9782	33
9783	33
9784	33
9785	33
9786	33
9787	33
9788	33
9789	33
9790	33
9791	33
9792	33
9793	33
9794	33
9795	33
9796	33
9797	33
9798	33
9799	33
9800	33
9801	33
9802	33
9803	33
9804	33
9805	33
9806	33
9807	33
9808	33
9809	33
9810	33
9811	33
9812	33
9813	33
9814	33
9815	33
9816	33
9817	33
9818	33
9819	33
9820	33
9821	33
9822	33
9823	33
9824	33
9825	33
9826	33
9827	33
9828	33
9829	33
9830	33
9831	33
9832	33
9833	33
9834	33
9835	33
9836	33
9837	33
9838	33
9839	33
9840	33
9841	33
9842	33
9843	33
9844	33
9845	33
9846	33
9847	33
9848	33
9849	33
9850	33
9851	33
9852	33
9853	33
9854	33
9855	33
9856	33
9857	33
9858	33
9859	33
9860	33
9861	33
9862	33
9863	33
9864	33
9865	33
9866	33
9867	33
9868	33
9869	33
9870	33
9871	33
9872	33
9873	33
9874	33
9875	33
9876	33
9877	33
9878	33
9879	33
9880	33
9881	33
9882	33
9883	33
9884	33
9885	33
9886	33
9887	33
9888	33
9889	33
9890	33
9891	33
9892	33
9893	33
9894	33
9895	33
9896	33
9897	33
9898	33
9899	33
9900	33
9901	33
9902	33
9903	33
9904	33
9905	33
9906	33
9907	33
9908	33
9909	33
9910	33
9911	33
9912	33
9913	33
9914	33
9915	33
9916	33
9917	33
9918	33
9919	33
9920	33
9921	33
9922	33
9923	33
9924	33
9925	33
9926	33
9927	33
9928	33
9929	33
9930	33
9931	33
9932	33
9933	33
9934	33
9935	33
9936	33
9937	33
9938	33
9939	33
9940	33
9941	33
9942	33
9943	33
9944	33
9945	33
9946	33
9947	33
9948	33
9949	33
9950	33
9951	33
9952	33
9953	33
9954	33
9955	33
9956	33
9957	33
9958	33
9959	33
9960	33
9961	33
9962	33
9963	33
9964	33
9965	33
9966	33
9967	33
9968	33
9969	33
9970	33
9971	33
9972	33
9973	33
9974	33
9975	33
9976	33
9977	33
9978	33
9979	33
9980	33
9981	33
9982	33
9983	33
9984	33
9985	33
9986	33
9987	33
9988	33
9989	33
9990	33
9991	33
9992	33
9993	33
9994	33
9995	33
9996	33
9997	33
9998	33
9999	33
10000	33
