#Clock	ItemsCollected
1	0
2	0
3	0
4	0
5	0
6	0
7	0
8	0
9	0
10	0
11	0
12	0
13	0
14	0
15	0
16	0
17	0
18	0
19	0
20	0
21	0
22	0
23	0
24	0
25	0
26	0
27	0
28	0
29	0
30	0
31	0
32	0
33	0
34	0
35	0
36	0
37	0
38	0
39	0
40	0
41	0
42	0
43	0
44	0
45	0
46	0
47	0
48	0
49	0
50	0
51	0
52	0
53	0
54	0
55	0
56	0
57	0
58	0
59	0
60	0
61	0
62	0
63	0
64	0
65	0
66	0
67	0
68	0
69	0
70	0
71	0
72	0
73	0
74	0
75	0
76	0
77	0
78	0
79	0
80	0
81	0
82	0
83	0
84	0
85	0
86	0
87	0
88	0
89	0
90	0
91	0
92	0
93	0
94	0
95	0
96	0
97	0
98	0
99	0
100	0
101	0
102	0
103	0
104	0
105	0
106	0
107	0
108	0
109	0
110	0
111	0
112	0
113	0
114	0
115	0
116	0
117	0
118	0
119	0
120	0
121	0
122	0
123	0
124	0
125	0
126	0
127	0
128	0
129	0
130	0
131	0
132	0
133	0
134	0
135	0
136	0
137	0
138	0
139	0
140	0
141	0
142	0
143	0
144	0
145	0
146	0
147	0
148	0
149	0
150	0
151	0
152	0
153	0
154	0
155	0
156	0
157	0
158	0
159	0
160	0
161	0
162	0
163	0
164	0
165	0
166	0
167	0
168	0
169	0
170	0
171	0
172	0
173	0
174	0
175	0
176	0
177	0
178	0
179	0
180	0
181	0
182	0
183	0
184	0
185	0
186	0
187	0
188	0
189	0
190	0
191	0
192	0
193	0
194	0
195	0
196	0
197	0
198	0
199	0
200	0
201	0
202	0
203	0
204	0
205	0
206	0
207	0
208	0
209	0
210	0
211	0
212	0
213	0
214	0
215	0
216	0
217	0
218	0
219	0
220	0
221	0
222	0
223	0
224	0
225	0
226	0
227	0
228	0
229	0
230	0
231	0
232	0
233	0
234	0
235	0
236	0
237	0
238	0
239	0
240	0
241	0
242	0
243	0
244	0
245	0
246	0
247	0
248	0
249	0
250	0
251	0
252	0
253	0
254	0
255	0
256	0
257	0
258	0
259	0
260	0
261	0
262	0
263	0
264	0
265	0
266	0
267	0
268	0
269	0
270	0
271	0
272	0
273	0
274	0
275	0
276	0
277	0
278	0
279	0
280	0
281	0
282	0
283	0
284	0
285	0
286	0
287	0
288	0
289	0
290	0
291	0
292	0
293	0
294	0
295	0
296	0
297	0
298	0
299	0
300	0
301	0
302	0
303	0
304	0
305	0
306	0
307	0
308	0
309	0
310	0
311	0
312	0
313	0
314	0
315	0
316	0
317	0
318	0
319	0
320	0
321	0
322	0
323	0
324	0
325	0
326	0
327	0
328	0
329	0
330	0
331	0
332	0
333	0
334	0
335	0
336	0
337	0
338	0
339	0
340	0
341	0
342	0
343	0
344	0
345	0
346	0
347	0
348	0
349	0
350	0
351	0
352	0
353	0
354	0
355	0
356	0
357	0
358	0
359	0
360	0
361	0
362	0
363	0
364	0
365	0
366	0
367	0
368	0
369	0
370	0
371	0
372	0
373	0
374	0
375	0
376	0
377	0
378	0
379	0
380	0
381	0
382	0
383	0
384	0
385	0
386	0
387	0
388	0
389	0
390	0
391	0
392	0
393	0
394	0
395	0
396	0
397	0
398	0
399	0
400	0
401	0
402	0
403	0
404	0
405	0
406	0
407	0
408	0
409	0
410	0
411	0
412	0
413	0
414	0
415	0
416	0
417	0
418	0
419	0
420	0
421	0
422	0
423	0
424	0
425	0
426	0
427	0
428	0
429	0
430	0
431	0
432	0
433	0
434	0
435	0
436	0
437	0
438	0
439	0
440	0
441	0
442	0
443	0
444	0
445	0
446	0
447	0
448	0
449	0
450	0
451	0
452	0
453	0
454	0
455	0
456	0
457	0
458	0
459	0
460	0
461	0
462	0
463	0
464	0
465	0
466	0
467	0
468	0
469	0
470	0
471	0
472	0
473	0
474	0
475	0
476	0
477	0
478	0
479	0
480	0
481	0
482	0
483	0
484	0
485	0
486	0
487	0
488	0
489	0
490	0
491	0
492	0
493	0
494	0
495	0
496	0
497	0
498	0
499	0
500	0
501	0
502	0
503	0
504	0
505	0
506	0
507	0
508	0
509	0
510	0
511	0
512	0
513	0
514	0
515	0
516	0
517	0
518	0
519	0
520	0
521	0
522	0
523	0
524	0
525	0
526	0
527	0
528	0
529	0
530	0
531	0
532	0
533	0
534	0
535	0
536	0
537	0
538	0
539	0
540	0
541	0
542	0
543	0
544	0
545	0
546	0
547	0
548	0
549	0
550	0
551	0
552	0
553	0
554	0
555	0
556	0
557	0
558	0
559	0
560	0
561	0
562	0
563	0
564	0
565	0
566	0
567	0
568	0
569	0
570	0
571	0
572	0
573	0
574	0
575	0
576	0
577	0
578	0
579	0
580	0
581	0
582	0
583	0
584	0
585	0
586	0
587	0
588	0
589	0
590	0
591	0
592	0
593	0
594	0
595	0
596	0
597	0
598	0
599	0
600	0
601	0
602	0
603	0
604	0
605	0
606	0
607	0
608	0
609	0
610	0
611	0
612	0
613	0
614	0
615	0
616	0
617	0
618	0
619	0
620	0
621	0
622	0
623	0
624	0
625	0
626	0
627	0
628	0
629	0
630	0
631	0
632	0
633	0
634	0
635	0
636	0
637	0
638	0
639	0
640	0
641	0
642	0
643	0
644	0
645	0
646	0
647	0
648	0
649	0
650	0
651	0
652	0
653	0
654	0
655	0
656	0
657	0
658	0
659	0
660	0
661	0
662	0
663	0
664	0
665	0
666	0
667	0
668	0
669	0
670	0
671	0
672	0
673	0
674	0
675	0
676	0
677	0
678	0
679	0
680	0
681	0
682	0
683	0
684	0
685	0
686	0
687	0
688	0
689	0
690	0
691	0
692	0
693	0
694	0
695	0
696	0
697	0
698	0
699	0
700	0
701	0
702	0
703	0
704	0
705	0
706	0
707	0
708	0
709	0
710	0
711	0
712	0
713	0
714	0
715	0
716	0
717	0
718	0
719	0
720	0
721	0
722	0
723	0
724	0
725	0
726	0
727	0
728	0
729	0
730	0
731	0
732	0
733	0
734	0
735	0
736	0
737	0
738	0
739	0
740	0
741	0
742	0
743	0
744	0
745	0
746	0
747	0
748	0
749	0
750	0
751	0
752	0
753	0
754	0
755	0
756	0
757	0
758	0
759	0
760	0
761	0
762	0
763	0
764	0
765	0
766	0
767	0
768	0
769	0
770	0
771	0
772	0
773	0
774	0
775	0
776	0
777	0
778	0
779	0
780	0
781	0
782	0
783	0
784	0
785	0
786	0
787	0
788	0
789	0
790	0
791	0
792	0
793	0
794	0
795	0
796	0
797	0
798	0
799	0
800	0
801	0
802	0
803	0
804	0
805	0
806	0
807	0
808	0
809	0
810	0
811	0
812	0
813	0
814	0
815	0
816	0
817	0
818	0
819	0
820	0
821	0
822	0
823	0
824	0
825	0
826	0
827	0
828	0
829	0
830	0
831	0
832	0
833	0
834	0
835	0
836	0
837	0
838	0
839	0
840	0
841	0
842	0
843	0
844	0
845	0
846	0
847	0
848	0
849	0
850	0
851	0
852	0
853	0
854	0
855	0
856	0
857	0
858	0
859	0
860	0
861	0
862	0
863	0
864	0
865	0
866	0
867	0
868	0
869	0
870	0
871	0
872	0
873	0
874	0
875	0
876	0
877	0
878	0
879	0
880	0
881	0
882	0
883	0
884	0
885	0
886	0
887	0
888	0
889	0
890	0
891	0
892	0
893	0
894	0
895	0
896	0
897	0
898	0
899	0
900	0
901	0
902	0
903	0
904	0
905	0
906	0
907	0
908	0
909	0
910	0
911	0
912	0
913	0
914	0
915	0
916	0
917	0
918	0
919	0
920	0
921	0
922	0
923	0
924	0
925	0
926	0
927	0
928	0
929	0
930	0
931	0
932	0
933	0
934	0
935	0
936	0
937	0
938	0
939	0
940	0
941	0
942	0
943	0
944	0
945	0
946	0
947	0
948	0
949	0
950	0
951	0
952	0
953	0
954	0
955	0
956	0
957	0
958	0
959	0
960	0
961	0
962	0
963	0
964	0
965	0
966	0
967	0
968	0
969	0
970	0
971	0
972	0
973	0
974	0
975	0
976	0
977	0
978	0
979	0
980	0
981	0
982	0
983	0
984	0
985	0
986	0
987	0
988	0
989	0
990	0
991	0
992	0
993	0
994	0
995	0
996	0
997	0
998	0
999	0
1000	0
1001	0
1002	0
1003	0
1004	0
1005	0
1006	0
1007	0
1008	0
1009	0
1010	0
1011	0
1012	0
1013	0
1014	0
1015	0
1016	0
1017	0
1018	0
1019	0
1020	0
1021	0
1022	0
1023	0
1024	0
1025	0
1026	0
1027	0
1028	0
1029	0
1030	0
1031	0
1032	0
1033	0
1034	0
1035	0
1036	0
1037	0
1038	0
1039	0
1040	0
1041	0
1042	0
1043	0
1044	0
1045	0
1046	0
1047	0
1048	0
1049	0
1050	0
1051	0
1052	0
1053	0
1054	0
1055	0
1056	0
1057	0
1058	0
1059	0
1060	0
1061	0
1062	0
1063	0
1064	0
1065	0
1066	0
1067	0
1068	0
1069	0
1070	0
1071	0
1072	0
1073	0
1074	0
1075	0
1076	0
1077	0
1078	0
1079	0
1080	0
1081	0
1082	0
1083	0
1084	0
1085	0
1086	0
1087	0
1088	0
1089	0
1090	0
1091	0
1092	0
1093	0
1094	0
1095	0
1096	0
1097	0
1098	0
1099	0
1100	0
1101	0
1102	0
1103	0
1104	0
1105	0
1106	0
1107	0
1108	0
1109	0
1110	0
1111	0
1112	0
1113	0
1114	0
1115	0
1116	0
1117	0
1118	0
1119	0
1120	0
1121	0
1122	0
1123	0
1124	0
1125	0
1126	0
1127	0
1128	0
1129	0
1130	0
1131	0
1132	0
1133	0
1134	0
1135	0
1136	0
1137	0
1138	0
1139	0
1140	0
1141	0
1142	0
1143	0
1144	0
1145	0
1146	0
1147	0
1148	0
1149	0
1150	0
1151	0
1152	0
1153	0
1154	0
1155	0
1156	0
1157	0
1158	0
1159	0
1160	0
1161	0
1162	0
1163	0
1164	0
1165	0
1166	0
1167	0
1168	0
1169	0
1170	0
1171	0
1172	0
1173	0
1174	0
1175	0
1176	0
1177	0
1178	0
1179	0
1180	0
1181	0
1182	0
1183	0
1184	0
1185	0
1186	0
1187	0
1188	0
1189	0
1190	0
1191	0
1192	0
1193	0
1194	0
1195	0
1196	0
1197	0
1198	0
1199	0
1200	0
1201	0
1202	0
1203	0
1204	0
1205	0
1206	0
1207	0
1208	0
1209	0
1210	0
1211	0
1212	0
1213	0
1214	0
1215	0
1216	0
1217	0
1218	0
1219	0
1220	0
1221	0
1222	0
1223	0
1224	0
1225	0
1226	0
1227	0
1228	0
1229	0
1230	0
1231	0
1232	0
1233	0
1234	0
1235	0
1236	0
1237	0
1238	0
1239	0
1240	0
1241	0
1242	0
1243	0
1244	0
1245	0
1246	0
1247	0
1248	0
1249	0
1250	0
1251	0
1252	0
1253	0
1254	0
1255	0
1256	0
1257	0
1258	0
1259	0
1260	0
1261	0
1262	0
1263	0
1264	0
1265	0
1266	0
1267	0
1268	0
1269	0
1270	0
1271	0
1272	0
1273	0
1274	0
1275	0
1276	0
1277	0
1278	0
1279	0
1280	0
1281	0
1282	0
1283	0
1284	0
1285	0
1286	0
1287	0
1288	0
1289	0
1290	0
1291	0
1292	0
1293	0
1294	0
1295	0
1296	0
1297	0
1298	0
1299	0
1300	0
1301	0
1302	0
1303	0
1304	0
1305	0
1306	0
1307	0
1308	0
1309	0
1310	0
1311	0
1312	0
1313	0
1314	0
1315	0
1316	0
1317	0
1318	0
1319	0
1320	0
1321	0
1322	0
1323	0
1324	0
1325	0
1326	0
1327	0
1328	0
1329	0
1330	0
1331	0
1332	0
1333	0
1334	0
1335	0
1336	0
1337	0
1338	0
1339	0
1340	0
1341	0
1342	0
1343	0
1344	0
1345	0
1346	0
1347	0
1348	0
1349	0
1350	0
1351	0
1352	0
1353	0
1354	0
1355	0
1356	0
1357	0
1358	0
1359	0
1360	0
1361	0
1362	0
1363	0
1364	0
1365	0
1366	0
1367	0
1368	0
1369	0
1370	0
1371	0
1372	0
1373	0
1374	0
1375	0
1376	0
1377	0
1378	0
1379	0
1380	0
1381	0
1382	0
1383	0
1384	0
1385	0
1386	0
1387	0
1388	0
1389	0
1390	0
1391	0
1392	0
1393	0
1394	0
1395	0
1396	0
1397	0
1398	0
1399	0
1400	0
1401	0
1402	0
1403	0
1404	0
1405	0
1406	0
1407	0
1408	0
1409	0
1410	0
1411	0
1412	0
1413	0
1414	0
1415	0
1416	0
1417	0
1418	0
1419	0
1420	0
1421	0
1422	0
1423	0
1424	0
1425	0
1426	0
1427	0
1428	0
1429	0
1430	0
1431	0
1432	0
1433	0
1434	0
1435	0
1436	0
1437	0
1438	0
1439	0
1440	0
1441	0
1442	0
1443	0
1444	0
1445	0
1446	0
1447	0
1448	0
1449	0
1450	0
1451	0
1452	0
1453	0
1454	0
1455	0
1456	0
1457	0
1458	0
1459	0
1460	0
1461	0
1462	0
1463	0
1464	0
1465	0
1466	0
1467	0
1468	0
1469	0
1470	0
1471	0
1472	0
1473	0
1474	0
1475	0
1476	0
1477	0
1478	0
1479	0
1480	0
1481	0
1482	0
1483	0
1484	0
1485	0
1486	0
1487	0
1488	0
1489	0
1490	0
1491	0
1492	0
1493	0
1494	0
1495	0
1496	0
1497	0
1498	0
1499	0
1500	0
1501	0
1502	0
1503	0
1504	0
1505	0
1506	0
1507	0
1508	0
1509	0
1510	0
1511	0
1512	0
1513	0
1514	0
1515	0
1516	0
1517	0
1518	0
1519	0
1520	0
1521	0
1522	0
1523	0
1524	0
1525	0
1526	0
1527	0
1528	0
1529	0
1530	0
1531	0
1532	0
1533	0
1534	0
1535	0
1536	0
1537	0
1538	0
1539	0
1540	0
1541	0
1542	0
1543	0
1544	0
1545	0
1546	0
1547	0
1548	0
1549	0
1550	0
1551	0
1552	0
1553	0
1554	0
1555	0
1556	0
1557	0
1558	0
1559	0
1560	0
1561	0
1562	0
1563	0
1564	0
1565	0
1566	0
1567	0
1568	0
1569	0
1570	0
1571	0
1572	0
1573	0
1574	0
1575	0
1576	0
1577	0
1578	0
1579	0
1580	0
1581	0
1582	0
1583	0
1584	0
1585	0
1586	0
1587	0
1588	0
1589	0
1590	0
1591	0
1592	0
1593	0
1594	0
1595	0
1596	0
1597	0
1598	0
1599	0
1600	0
1601	0
1602	0
1603	0
1604	0
1605	0
1606	0
1607	0
1608	0
1609	0
1610	0
1611	0
1612	0
1613	0
1614	0
1615	0
1616	0
1617	0
1618	0
1619	0
1620	0
1621	0
1622	0
1623	0
1624	0
1625	0
1626	0
1627	0
1628	0
1629	0
1630	0
1631	0
1632	0
1633	0
1634	0
1635	0
1636	0
1637	0
1638	0
1639	0
1640	0
1641	0
1642	0
1643	0
1644	0
1645	0
1646	0
1647	0
1648	0
1649	0
1650	0
1651	0
1652	0
1653	0
1654	0
1655	0
1656	0
1657	0
1658	0
1659	0
1660	0
1661	0
1662	0
1663	0
1664	0
1665	0
1666	0
1667	0
1668	0
1669	0
1670	0
1671	0
1672	0
1673	0
1674	0
1675	0
1676	0
1677	0
1678	0
1679	0
1680	0
1681	0
1682	0
1683	0
1684	0
1685	0
1686	0
1687	0
1688	0
1689	0
1690	0
1691	0
1692	0
1693	0
1694	0
1695	0
1696	0
1697	0
1698	0
1699	0
1700	0
1701	0
1702	0
1703	0
1704	0
1705	0
1706	0
1707	0
1708	0
1709	0
1710	0
1711	0
1712	0
1713	0
1714	0
1715	0
1716	0
1717	0
1718	0
1719	0
1720	0
1721	0
1722	0
1723	0
1724	0
1725	0
1726	0
1727	0
1728	0
1729	0
1730	0
1731	0
1732	0
1733	0
1734	0
1735	0
1736	0
1737	0
1738	0
1739	0
1740	0
1741	0
1742	0
1743	0
1744	0
1745	0
1746	0
1747	0
1748	0
1749	0
1750	0
1751	0
1752	0
1753	0
1754	0
1755	0
1756	0
1757	0
1758	0
1759	0
1760	0
1761	0
1762	0
1763	0
1764	0
1765	0
1766	0
1767	0
1768	0
1769	0
1770	0
1771	0
1772	0
1773	0
1774	0
1775	0
1776	0
1777	0
1778	0
1779	0
1780	0
1781	0
1782	0
1783	0
1784	0
1785	0
1786	0
1787	0
1788	0
1789	0
1790	0
1791	0
1792	0
1793	0
1794	0
1795	0
1796	0
1797	0
1798	0
1799	0
1800	0
1801	0
1802	0
1803	0
1804	0
1805	0
1806	0
1807	0
1808	0
1809	0
1810	0
1811	0
1812	0
1813	0
1814	0
1815	0
1816	0
1817	0
1818	0
1819	0
1820	0
1821	0
1822	0
1823	0
1824	0
1825	0
1826	0
1827	0
1828	0
1829	0
1830	0
1831	0
1832	0
1833	0
1834	0
1835	0
1836	0
1837	0
1838	0
1839	0
1840	0
1841	0
1842	0
1843	0
1844	0
1845	0
1846	0
1847	0
1848	0
1849	0
1850	0
1851	0
1852	0
1853	0
1854	0
1855	0
1856	0
1857	0
1858	0
1859	0
1860	0
1861	0
1862	0
1863	0
1864	0
1865	0
1866	0
1867	0
1868	0
1869	0
1870	0
1871	0
1872	0
1873	0
1874	0
1875	0
1876	0
1877	0
1878	0
1879	0
1880	0
1881	0
1882	0
1883	0
1884	0
1885	0
1886	0
1887	0
1888	0
1889	0
1890	0
1891	0
1892	0
1893	0
1894	0
1895	0
1896	0
1897	0
1898	0
1899	0
1900	0
1901	0
1902	0
1903	0
1904	0
1905	0
1906	0
1907	0
1908	0
1909	0
1910	0
1911	0
1912	0
1913	0
1914	0
1915	0
1916	0
1917	0
1918	0
1919	0
1920	0
1921	0
1922	0
1923	0
1924	0
1925	0
1926	0
1927	0
1928	0
1929	0
1930	0
1931	0
1932	0
1933	0
1934	0
1935	0
1936	0
1937	0
1938	0
1939	0
1940	0
1941	0
1942	0
1943	0
1944	0
1945	0
1946	0
1947	0
1948	0
1949	0
1950	0
1951	0
1952	0
1953	0
1954	0
1955	0
1956	0
1957	0
1958	0
1959	0
1960	0
1961	0
1962	0
1963	0
1964	0
1965	0
1966	0
1967	0
1968	0
1969	0
1970	0
1971	0
1972	0
1973	0
1974	0
1975	0
1976	0
1977	0
1978	0
1979	0
1980	0
1981	0
1982	0
1983	0
1984	0
1985	0
1986	0
1987	0
1988	0
1989	0
1990	0
1991	0
1992	0
1993	0
1994	0
1995	0
1996	0
1997	0
1998	0
1999	0
2000	0
2001	0
2002	0
2003	0
2004	0
2005	0
2006	0
2007	0
2008	0
2009	0
2010	0
2011	0
2012	0
2013	0
2014	0
2015	0
2016	0
2017	0
2018	0
2019	0
2020	0
2021	0
2022	0
2023	0
2024	0
2025	0
2026	0
2027	0
2028	0
2029	0
2030	0
2031	0
2032	0
2033	0
2034	0
2035	0
2036	0
2037	0
2038	0
2039	0
2040	0
2041	0
2042	0
2043	0
2044	0
2045	0
2046	0
2047	0
2048	0
2049	0
2050	0
2051	0
2052	0
2053	0
2054	0
2055	0
2056	0
2057	0
2058	0
2059	0
2060	0
2061	0
2062	0
2063	0
2064	0
2065	0
2066	0
2067	0
2068	0
2069	0
2070	0
2071	0
2072	0
2073	0
2074	0
2075	0
2076	0
2077	0
2078	0
2079	0
2080	0
2081	0
2082	0
2083	0
2084	0
2085	0
2086	0
2087	0
2088	0
2089	0
2090	0
2091	0
2092	0
2093	0
2094	0
2095	0
2096	0
2097	0
2098	0
2099	0
2100	0
2101	0
2102	0
2103	0
2104	0
2105	0
2106	0
2107	0
2108	0
2109	0
2110	0
2111	0
2112	0
2113	0
2114	0
2115	0
2116	0
2117	0
2118	0
2119	0
2120	0
2121	0
2122	0
2123	0
2124	0
2125	0
2126	0
2127	0
2128	0
2129	0
2130	0
2131	0
2132	0
2133	0
2134	0
2135	0
2136	0
2137	0
2138	0
2139	0
2140	0
2141	0
2142	0
2143	0
2144	0
2145	0
2146	0
2147	0
2148	0
2149	0
2150	0
2151	0
2152	0
2153	0
2154	0
2155	0
2156	0
2157	0
2158	0
2159	0
2160	0
2161	0
2162	0
2163	0
2164	0
2165	0
2166	0
2167	0
2168	0
2169	0
2170	0
2171	0
2172	0
2173	0
2174	0
2175	0
2176	0
2177	0
2178	0
2179	0
2180	0
2181	0
2182	0
2183	0
2184	0
2185	0
2186	0
2187	0
2188	0
2189	0
2190	0
2191	0
2192	0
2193	0
2194	0
2195	0
2196	0
2197	0
2198	0
2199	0
2200	0
2201	0
2202	0
2203	0
2204	0
2205	0
2206	0
2207	0
2208	0
2209	0
2210	0
2211	0
2212	0
2213	0
2214	0
2215	0
2216	0
2217	0
2218	0
2219	0
2220	0
2221	0
2222	0
2223	0
2224	0
2225	0
2226	0
2227	0
2228	0
2229	0
2230	0
2231	0
2232	0
2233	0
2234	0
2235	0
2236	0
2237	0
2238	0
2239	0
2240	0
2241	0
2242	0
2243	0
2244	0
2245	0
2246	0
2247	0
2248	0
2249	0
2250	0
2251	0
2252	0
2253	0
2254	0
2255	0
2256	0
2257	0
2258	0
2259	0
2260	0
2261	0
2262	0
2263	0
2264	0
2265	0
2266	0
2267	0
2268	0
2269	0
2270	0
2271	0
2272	0
2273	0
2274	0
2275	0
2276	0
2277	0
2278	0
2279	0
2280	0
2281	0
2282	0
2283	0
2284	0
2285	0
2286	0
2287	0
2288	0
2289	0
2290	0
2291	0
2292	0
2293	0
2294	0
2295	0
2296	0
2297	0
2298	0
2299	0
2300	0
2301	0
2302	0
2303	0
2304	0
2305	0
2306	0
2307	0
2308	0
2309	0
2310	0
2311	0
2312	0
2313	0
2314	0
2315	0
2316	0
2317	0
2318	0
2319	0
2320	0
2321	0
2322	0
2323	0
2324	0
2325	0
2326	0
2327	0
2328	0
2329	0
2330	0
2331	0
2332	0
2333	0
2334	0
2335	1
2336	1
2337	1
2338	1
2339	1
2340	1
2341	1
2342	1
2343	1
2344	1
2345	1
2346	1
2347	1
2348	1
2349	1
2350	1
2351	1
2352	1
2353	1
2354	1
2355	1
2356	1
2357	1
2358	1
2359	1
2360	1
2361	1
2362	1
2363	1
2364	1
2365	1
2366	1
2367	1
2368	1
2369	1
2370	1
2371	1
2372	1
2373	1
2374	1
2375	1
2376	1
2377	1
2378	1
2379	1
2380	1
2381	1
2382	1
2383	1
2384	1
2385	1
2386	1
2387	1
2388	1
2389	1
2390	1
2391	1
2392	1
2393	1
2394	1
2395	1
2396	1
2397	1
2398	1
2399	1
2400	1
2401	1
2402	1
2403	1
2404	1
2405	1
2406	1
2407	1
2408	1
2409	1
2410	1
2411	1
2412	1
2413	1
2414	1
2415	1
2416	1
2417	1
2418	1
2419	1
2420	1
2421	1
2422	1
2423	1
2424	1
2425	1
2426	1
2427	1
2428	1
2429	1
2430	1
2431	1
2432	1
2433	1
2434	1
2435	1
2436	1
2437	1
2438	1
2439	1
2440	1
2441	1
2442	1
2443	1
2444	1
2445	1
2446	1
2447	1
2448	1
2449	1
2450	1
2451	1
2452	1
2453	1
2454	1
2455	1
2456	1
2457	1
2458	1
2459	1
2460	1
2461	1
2462	1
2463	1
2464	1
2465	1
2466	1
2467	1
2468	1
2469	1
2470	1
2471	1
2472	1
2473	1
2474	1
2475	1
2476	1
2477	1
2478	1
2479	1
2480	1
2481	1
2482	1
2483	1
2484	1
2485	1
2486	1
2487	1
2488	1
2489	1
2490	1
2491	1
2492	1
2493	1
2494	1
2495	1
2496	1
2497	1
2498	1
2499	1
2500	1
2501	1
2502	1
2503	1
2504	1
2505	1
2506	1
2507	1
2508	1
2509	1
2510	1
2511	1
2512	1
2513	1
2514	1
2515	1
2516	1
2517	1
2518	1
2519	1
2520	1
2521	1
2522	1
2523	1
2524	1
2525	1
2526	1
2527	1
2528	1
2529	1
2530	1
2531	1
2532	1
2533	1
2534	1
2535	1
2536	1
2537	2
2538	2
2539	2
2540	2
2541	2
2542	2
2543	2
2544	2
2545	2
2546	2
2547	2
2548	2
2549	2
2550	2
2551	2
2552	2
2553	2
2554	2
2555	2
2556	2
2557	2
2558	2
2559	2
2560	2
2561	2
2562	2
2563	2
2564	2
2565	2
2566	2
2567	2
2568	2
2569	2
2570	2
2571	2
2572	2
2573	2
2574	2
2575	2
2576	2
2577	2
2578	2
2579	2
2580	2
2581	2
2582	2
2583	2
2584	2
2585	2
2586	2
2587	2
2588	2
2589	2
2590	2
2591	2
2592	2
2593	2
2594	2
2595	2
2596	2
2597	2
2598	2
2599	2
2600	2
2601	2
2602	2
2603	2
2604	2
2605	2
2606	2
2607	2
2608	2
2609	2
2610	2
2611	2
2612	2
2613	2
2614	2
2615	2
2616	2
2617	2
2618	2
2619	2
2620	2
2621	2
2622	3
2623	3
2624	3
2625	3
2626	3
2627	3
2628	3
2629	3
2630	3
2631	3
2632	3
2633	3
2634	3
2635	3
2636	3
2637	3
2638	3
2639	3
2640	3
2641	3
2642	3
2643	3
2644	3
2645	3
2646	3
2647	3
2648	3
2649	3
2650	3
2651	3
2652	3
2653	3
2654	3
2655	3
2656	3
2657	3
2658	3
2659	3
2660	3
2661	3
2662	3
2663	3
2664	3
2665	3
2666	3
2667	3
2668	3
2669	3
2670	3
2671	3
2672	3
2673	3
2674	3
2675	3
2676	3
2677	3
2678	3
2679	3
2680	3
2681	3
2682	3
2683	3
2684	3
2685	3
2686	3
2687	3
2688	3
2689	3
2690	3
2691	3
2692	3
2693	3
2694	3
2695	3
2696	3
2697	3
2698	3
2699	3
2700	3
2701	3
2702	3
2703	3
2704	3
2705	3
2706	3
2707	3
2708	3
2709	3
2710	3
2711	3
2712	3
2713	3
2714	3
2715	3
2716	3
2717	3
2718	3
2719	3
2720	3
2721	3
2722	3
2723	3
2724	3
2725	3
2726	3
2727	3
2728	3
2729	3
2730	3
2731	3
2732	3
2733	3
2734	3
2735	3
2736	3
2737	3
2738	3
2739	4
2740	4
2741	4
2742	4
2743	4
2744	4
2745	4
2746	4
2747	4
2748	4
2749	4
2750	4
2751	4
2752	4
2753	4
2754	4
2755	4
2756	4
2757	4
2758	4
2759	4
2760	4
2761	4
2762	4
2763	4
2764	4
2765	4
2766	4
2767	4
2768	4
2769	4
2770	4
2771	4
2772	4
2773	4
2774	4
2775	4
2776	4
2777	4
2778	4
2779	4
2780	4
2781	4
2782	4
2783	4
2784	4
2785	4
2786	4
2787	4
2788	4
2789	4
2790	4
2791	4
2792	4
2793	4
2794	4
2795	4
2796	4
2797	4
2798	4
2799	4
2800	4
2801	4
2802	4
2803	4
2804	4
2805	4
2806	4
2807	4
2808	4
2809	4
2810	4
2811	4
2812	4
2813	4
2814	4
2815	4
2816	4
2817	4
2818	4
2819	4
2820	4
2821	4
2822	4
2823	4
2824	4
2825	4
2826	4
2827	4
2828	4
2829	4
2830	4
2831	4
2832	4
2833	4
2834	4
2835	4
2836	4
2837	4
2838	4
2839	4
2840	4
2841	4
2842	4
2843	4
2844	4
2845	4
2846	4
2847	4
2848	4
2849	4
2850	4
2851	4
2852	4
2853	4
2854	4
2855	4
2856	4
2857	4
2858	4
2859	4
2860	4
2861	4
2862	4
2863	4
2864	4
2865	4
2866	4
2867	4
2868	4
2869	4
2870	4
2871	4
2872	4
2873	4
2874	4
2875	4
2876	4
2877	4
2878	4
2879	4
2880	4
2881	4
2882	4
2883	4
2884	4
2885	4
2886	4
2887	4
2888	4
2889	4
2890	4
2891	4
2892	4
2893	4
2894	4
2895	4
2896	4
2897	4
2898	4
2899	4
2900	4
2901	4
2902	4
2903	4
2904	4
2905	4
2906	4
2907	4
2908	4
2909	4
2910	4
2911	4
2912	4
2913	4
2914	4
2915	4
2916	4
2917	4
2918	4
2919	4
2920	4
2921	4
2922	4
2923	4
2924	4
2925	4
2926	4
2927	4
2928	4
2929	4
2930	4
2931	4
2932	4
2933	4
2934	4
2935	4
2936	4
2937	4
2938	4
2939	4
2940	4
2941	4
2942	4
2943	4
2944	4
2945	4
2946	4
2947	4
2948	4
2949	4
2950	4
2951	4
2952	4
2953	4
2954	4
2955	4
2956	4
2957	4
2958	4
2959	4
2960	4
2961	4
2962	4
2963	4
2964	4
2965	4
2966	4
2967	4
2968	4
2969	4
2970	4
2971	4
2972	4
2973	4
2974	4
2975	4
2976	4
2977	4
2978	4
2979	4
2980	4
2981	4
2982	4
2983	4
2984	4
2985	4
2986	4
2987	4
2988	4
2989	4
2990	4
2991	4
2992	4
2993	4
2994	4
2995	4
2996	4
2997	4
2998	4
2999	4
3000	4
3001	4
3002	4
3003	4
3004	4
3005	4
3006	4
3007	4
3008	4
3009	4
3010	4
3011	4
3012	4
3013	4
3014	4
3015	4
3016	4
3017	4
3018	4
3019	4
3020	4
3021	4
3022	4
3023	4
3024	4
3025	4
3026	4
3027	4
3028	4
3029	4
3030	4
3031	4
3032	4
3033	4
3034	4
3035	4
3036	4
3037	4
3038	4
3039	4
3040	4
3041	4
3042	4
3043	4
3044	4
3045	4
3046	4
3047	4
3048	4
3049	4
3050	4
3051	4
3052	4
3053	4
3054	4
3055	4
3056	4
3057	4
3058	4
3059	4
3060	4
3061	4
3062	4
3063	4
3064	4
3065	4
3066	4
3067	4
3068	4
3069	4
3070	4
3071	4
3072	4
3073	4
3074	4
3075	4
3076	4
3077	4
3078	4
3079	4
3080	4
3081	4
3082	4
3083	4
3084	4
3085	4
3086	4
3087	4
3088	4
3089	4
3090	4
3091	4
3092	4
3093	4
3094	4
3095	4
3096	4
3097	4
3098	4
3099	4
3100	4
3101	4
3102	4
3103	4
3104	4
3105	4
3106	4
3107	4
3108	4
3109	4
3110	4
3111	4
3112	4
3113	4
3114	4
3115	4
3116	4
3117	4
3118	4
3119	4
3120	4
3121	4
3122	4
3123	4
3124	4
3125	4
3126	4
3127	4
3128	4
3129	4
3130	4
3131	4
3132	4
3133	4
3134	4
3135	4
3136	4
3137	4
3138	4
3139	4
3140	4
3141	4
3142	4
3143	4
3144	4
3145	4
3146	4
3147	4
3148	4
3149	4
3150	4
3151	4
3152	4
3153	4
3154	4
3155	4
3156	4
3157	4
3158	4
3159	4
3160	4
3161	4
3162	4
3163	4
3164	4
3165	4
3166	4
3167	4
3168	4
3169	4
3170	4
3171	4
3172	4
3173	4
3174	4
3175	4
3176	4
3177	4
3178	4
3179	4
3180	4
3181	4
3182	4
3183	4
3184	4
3185	4
3186	4
3187	4
3188	4
3189	4
3190	4
3191	4
3192	4
3193	4
3194	4
3195	4
3196	4
3197	4
3198	4
3199	4
3200	4
3201	4
3202	4
3203	4
3204	4
3205	4
3206	4
3207	4
3208	4
3209	4
3210	4
3211	4
3212	4
3213	4
3214	4
3215	4
3216	4
3217	4
3218	4
3219	4
3220	4
3221	4
3222	4
3223	4
3224	4
3225	4
3226	4
3227	4
3228	4
3229	4
3230	4
3231	4
3232	4
3233	4
3234	4
3235	4
3236	4
3237	4
3238	4
3239	4
3240	4
3241	4
3242	4
3243	4
3244	4
3245	4
3246	4
3247	4
3248	4
3249	4
3250	4
3251	4
3252	4
3253	4
3254	4
3255	4
3256	4
3257	4
3258	4
3259	4
3260	4
3261	4
3262	4
3263	4
3264	4
3265	4
3266	4
3267	4
3268	4
3269	4
3270	4
3271	4
3272	4
3273	4
3274	4
3275	4
3276	4
3277	4
3278	4
3279	4
3280	4
3281	4
3282	4
3283	4
3284	4
3285	4
3286	4
3287	4
3288	4
3289	4
3290	4
3291	4
3292	4
3293	4
3294	4
3295	4
3296	4
3297	4
3298	4
3299	4
3300	4
3301	4
3302	4
3303	4
3304	4
3305	4
3306	4
3307	4
3308	4
3309	4
3310	4
3311	4
3312	4
3313	4
3314	4
3315	4
3316	4
3317	4
3318	4
3319	4
3320	4
3321	4
3322	4
3323	4
3324	4
3325	4
3326	4
3327	5
3328	5
3329	5
3330	5
3331	5
3332	5
3333	5
3334	5
3335	5
3336	5
3337	5
3338	5
3339	5
3340	5
3341	5
3342	5
3343	5
3344	5
3345	5
3346	5
3347	5
3348	5
3349	5
3350	5
3351	5
3352	5
3353	5
3354	5
3355	5
3356	5
3357	5
3358	5
3359	5
3360	5
3361	5
3362	5
3363	5
3364	5
3365	5
3366	5
3367	5
3368	5
3369	5
3370	5
3371	5
3372	5
3373	5
3374	5
3375	5
3376	5
3377	5
3378	5
3379	5
3380	5
3381	5
3382	5
3383	5
3384	5
3385	5
3386	5
3387	5
3388	5
3389	5
3390	5
3391	5
3392	5
3393	5
3394	5
3395	5
3396	5
3397	5
3398	5
3399	5
3400	5
3401	5
3402	5
3403	5
3404	5
3405	5
3406	5
3407	5
3408	5
3409	5
3410	5
3411	5
3412	5
3413	5
3414	5
3415	5
3416	5
3417	5
3418	5
3419	5
3420	5
3421	5
3422	5
3423	5
3424	5
3425	5
3426	5
3427	5
3428	5
3429	5
3430	5
3431	5
3432	5
3433	5
3434	5
3435	5
3436	5
3437	5
3438	5
3439	5
3440	5
3441	5
3442	5
3443	5
3444	5
3445	5
3446	5
3447	5
3448	5
3449	5
3450	5
3451	5
3452	5
3453	5
3454	5
3455	6
3456	6
3457	6
3458	6
3459	6
3460	6
3461	6
3462	6
3463	6
3464	6
3465	6
3466	6
3467	6
3468	6
3469	6
3470	6
3471	6
3472	6
3473	6
3474	6
3475	6
3476	6
3477	6
3478	6
3479	6
3480	6
3481	6
3482	6
3483	6
3484	6
3485	6
3486	6
3487	6
3488	6
3489	6
3490	6
3491	6
3492	6
3493	6
3494	6
3495	6
3496	6
3497	6
3498	6
3499	6
3500	6
3501	6
3502	6
3503	6
3504	6
3505	6
3506	6
3507	6
3508	6
3509	6
3510	6
3511	6
3512	6
3513	6
3514	6
3515	6
3516	6
3517	6
3518	6
3519	6
3520	6
3521	6
3522	6
3523	6
3524	6
3525	6
3526	6
3527	6
3528	6
3529	6
3530	6
3531	6
3532	6
3533	6
3534	6
3535	6
3536	6
3537	6
3538	6
3539	6
3540	6
3541	6
3542	6
3543	6
3544	6
3545	6
3546	6
3547	6
3548	6
3549	6
3550	6
3551	6
3552	6
3553	6
3554	6
3555	6
3556	6
3557	6
3558	6
3559	6
3560	6
3561	6
3562	6
3563	6
3564	6
3565	6
3566	6
3567	6
3568	6
3569	6
3570	6
3571	6
3572	6
3573	6
3574	6
3575	6
3576	6
3577	6
3578	6
3579	6
3580	6
3581	6
3582	6
3583	6
3584	6
3585	6
3586	6
3587	6
3588	6
3589	6
3590	6
3591	6
3592	6
3593	6
3594	6
3595	6
3596	6
3597	6
3598	6
3599	6
3600	6
3601	6
3602	6
3603	6
3604	6
3605	6
3606	6
3607	6
3608	6
3609	7
3610	7
3611	7
3612	7
3613	7
3614	7
3615	7
3616	7
3617	7
3618	7
3619	7
3620	7
3621	7
3622	7
3623	7
3624	7
3625	7
3626	7
3627	7
3628	7
3629	7
3630	7
3631	7
3632	7
3633	7
3634	7
3635	7
3636	7
3637	7
3638	7
3639	7
3640	7
3641	7
3642	7
3643	7
3644	7
3645	7
3646	7
3647	7
3648	7
3649	7
3650	7
3651	7
3652	7
3653	7
3654	7
3655	7
3656	7
3657	7
3658	7
3659	7
3660	7
3661	7
3662	7
3663	7
3664	7
3665	7
3666	7
3667	7
3668	7
3669	7
3670	7
3671	7
3672	7
3673	7
3674	7
3675	7
3676	7
3677	7
3678	7
3679	7
3680	7
3681	7
3682	7
3683	7
3684	7
3685	7
3686	7
3687	7
3688	7
3689	7
3690	7
3691	7
3692	7
3693	7
3694	7
3695	7
3696	7
3697	7
3698	7
3699	7
3700	7
3701	7
3702	7
3703	7
3704	7
3705	7
3706	7
3707	7
3708	7
3709	7
3710	7
3711	7
3712	7
3713	7
3714	7
3715	7
3716	7
3717	7
3718	7
3719	7
3720	7
3721	7
3722	7
3723	7
3724	7
3725	7
3726	7
3727	7
3728	7
3729	7
3730	7
3731	7
3732	7
3733	7
3734	7
3735	7
3736	7
3737	7
3738	7
3739	7
3740	7
3741	7
3742	7
3743	7
3744	7
3745	7
3746	7
3747	7
3748	7
3749	7
3750	7
3751	7
3752	7
3753	7
3754	7
3755	7
3756	7
3757	7
3758	7
3759	7
3760	7
3761	7
3762	7
3763	7
3764	7
3765	7
3766	7
3767	7
3768	7
3769	7
3770	7
3771	7
3772	7
3773	8
3774	8
3775	8
3776	8
3777	8
3778	8
3779	8
3780	8
3781	8
3782	8
3783	8
3784	8
3785	8
3786	8
3787	8
3788	8
3789	8
3790	8
3791	8
3792	8
3793	8
3794	8
3795	8
3796	8
3797	8
3798	8
3799	8
3800	8
3801	9
3802	9
3803	9
3804	9
3805	9
3806	9
3807	9
3808	9
3809	9
3810	9
3811	9
3812	9
3813	9
3814	9
3815	9
3816	9
3817	9
3818	9
3819	9
3820	9
3821	9
3822	9
3823	9
3824	9
3825	9
3826	9
3827	9
3828	9
3829	9
3830	9
3831	9
3832	9
3833	9
3834	9
3835	9
3836	10
3837	10
3838	10
3839	10
3840	10
3841	10
3842	10
3843	10
3844	10
3845	10
3846	10
3847	10
3848	10
3849	10
3850	10
3851	10
3852	10
3853	10
3854	10
3855	10
3856	10
3857	10
3858	10
3859	10
3860	10
3861	10
3862	10
3863	10
3864	10
3865	10
3866	10
3867	10
3868	10
3869	10
3870	10
3871	10
3872	10
3873	10
3874	10
3875	10
3876	10
3877	10
3878	10
3879	10
3880	10
3881	10
3882	10
3883	10
3884	10
3885	10
3886	10
3887	10
3888	10
3889	10
3890	10
3891	10
3892	10
3893	10
3894	10
3895	10
3896	10
3897	10
3898	10
3899	10
3900	10
3901	10
3902	10
3903	10
3904	10
3905	10
3906	10
3907	10
3908	10
3909	10
3910	10
3911	10
3912	10
3913	10
3914	10
3915	10
3916	10
3917	10
3918	10
3919	10
3920	10
3921	10
3922	10
3923	10
3924	10
3925	10
3926	10
3927	10
3928	10
3929	10
3930	10
3931	10
3932	10
3933	10
3934	10
3935	10
3936	10
3937	10
3938	10
3939	10
3940	10
3941	10
3942	10
3943	10
3944	10
3945	10
3946	10
3947	10
3948	10
3949	10
3950	10
3951	10
3952	10
3953	10
3954	10
3955	10
3956	10
3957	10
3958	10
3959	10
3960	10
3961	10
3962	10
3963	10
3964	10
3965	10
3966	10
3967	10
3968	10
3969	10
3970	10
3971	10
3972	10
3973	10
3974	10
3975	10
3976	10
3977	10
3978	10
3979	10
3980	10
3981	10
3982	10
3983	10
3984	10
3985	10
3986	10
3987	10
3988	10
3989	10
3990	10
3991	10
3992	10
3993	10
3994	10
3995	11
3996	11
3997	11
3998	11
3999	11
4000	11
4001	11
4002	11
4003	11
4004	11
4005	11
4006	11
4007	11
4008	11
4009	11
4010	11
4011	11
4012	11
4013	11
4014	11
4015	11
4016	11
4017	11
4018	11
4019	11
4020	11
4021	11
4022	11
4023	11
4024	11
4025	11
4026	11
4027	11
4028	11
4029	11
4030	11
4031	11
4032	11
4033	11
4034	11
4035	11
4036	11
4037	11
4038	11
4039	11
4040	11
4041	11
4042	11
4043	11
4044	11
4045	11
4046	11
4047	11
4048	11
4049	11
4050	11
4051	11
4052	11
4053	11
4054	11
4055	11
4056	11
4057	11
4058	11
4059	11
4060	11
4061	11
4062	11
4063	11
4064	11
4065	11
4066	11
4067	11
4068	11
4069	11
4070	11
4071	11
4072	11
4073	11
4074	11
4075	11
4076	11
4077	11
4078	11
4079	11
4080	11
4081	11
4082	11
4083	11
4084	11
4085	11
4086	11
4087	11
4088	11
4089	11
4090	11
4091	11
4092	12
4093	12
4094	12
4095	12
4096	12
4097	12
4098	12
4099	12
4100	12
4101	12
4102	12
4103	12
4104	12
4105	12
4106	12
4107	12
4108	12
4109	12
4110	12
4111	12
4112	12
4113	12
4114	12
4115	12
4116	12
4117	12
4118	12
4119	12
4120	12
4121	12
4122	12
4123	12
4124	12
4125	12
4126	12
4127	12
4128	12
4129	12
4130	12
4131	12
4132	12
4133	12
4134	12
4135	12
4136	12
4137	12
4138	12
4139	12
4140	12
4141	12
4142	12
4143	12
4144	12
4145	12
4146	12
4147	12
4148	12
4149	12
4150	12
4151	12
4152	12
4153	12
4154	12
4155	12
4156	12
4157	12
4158	12
4159	12
4160	12
4161	12
4162	12
4163	12
4164	12
4165	12
4166	12
4167	12
4168	12
4169	12
4170	12
4171	12
4172	12
4173	12
4174	12
4175	12
4176	12
4177	12
4178	12
4179	12
4180	12
4181	12
4182	12
4183	12
4184	12
4185	12
4186	12
4187	12
4188	12
4189	12
4190	12
4191	12
4192	12
4193	12
4194	12
4195	12
4196	12
4197	12
4198	12
4199	12
4200	12
4201	12
4202	12
4203	12
4204	12
4205	12
4206	12
4207	12
4208	12
4209	12
4210	12
4211	12
4212	12
4213	12
4214	12
4215	12
4216	12
4217	12
4218	12
4219	12
4220	12
4221	12
4222	12
4223	12
4224	12
4225	12
4226	12
4227	12
4228	12
4229	12
4230	12
4231	12
4232	12
4233	12
4234	12
4235	12
4236	12
4237	12
4238	12
4239	12
4240	12
4241	12
4242	12
4243	12
4244	12
4245	12
4246	12
4247	12
4248	12
4249	12
4250	12
4251	12
4252	12
4253	12
4254	12
4255	12
4256	12
4257	12
4258	12
4259	12
4260	12
4261	12
4262	12
4263	12
4264	12
4265	12
4266	12
4267	12
4268	12
4269	12
4270	12
4271	12
4272	12
4273	12
4274	12
4275	12
4276	12
4277	12
4278	12
4279	12
4280	12
4281	12
4282	12
4283	12
4284	12
4285	12
4286	12
4287	12
4288	12
4289	12
4290	12
4291	12
4292	12
4293	12
4294	12
4295	12
4296	12
4297	12
4298	12
4299	12
4300	12
4301	12
4302	12
4303	12
4304	12
4305	12
4306	12
4307	12
4308	12
4309	12
4310	12
4311	12
4312	12
4313	12
4314	12
4315	12
4316	12
4317	12
4318	12
4319	12
4320	12
4321	12
4322	12
4323	12
4324	12
4325	12
4326	12
4327	12
4328	12
4329	12
4330	12
4331	12
4332	12
4333	12
4334	12
4335	12
4336	12
4337	12
4338	12
4339	12
4340	12
4341	12
4342	12
4343	12
4344	12
4345	12
4346	12
4347	12
4348	12
4349	12
4350	12
4351	12
4352	12
4353	12
4354	12
4355	12
4356	12
4357	12
4358	12
4359	12
4360	12
4361	12
4362	12
4363	12
4364	12
4365	12
4366	12
4367	12
4368	12
4369	12
4370	12
4371	12
4372	12
4373	12
4374	12
4375	12
4376	12
4377	12
4378	12
4379	12
4380	12
4381	12
4382	12
4383	12
4384	12
4385	12
4386	12
4387	12
4388	12
4389	12
4390	12
4391	12
4392	12
4393	12
4394	12
4395	12
4396	12
4397	12
4398	12
4399	12
4400	12
4401	12
4402	12
4403	12
4404	12
4405	12
4406	12
4407	12
4408	12
4409	12
4410	12
4411	12
4412	12
4413	12
4414	12
4415	12
4416	12
4417	12
4418	12
4419	12
4420	12
4421	12
4422	12
4423	12
4424	12
4425	12
4426	12
4427	12
4428	12
4429	12
4430	12
4431	12
4432	12
4433	12
4434	12
4435	12
4436	12
4437	12
4438	12
4439	12
4440	12
4441	12
4442	12
4443	12
4444	12
4445	12
4446	12
4447	12
4448	12
4449	12
4450	12
4451	12
4452	12
4453	12
4454	12
4455	12
4456	12
4457	12
4458	12
4459	12
4460	12
4461	12
4462	12
4463	12
4464	12
4465	12
4466	12
4467	12
4468	12
4469	12
4470	12
4471	12
4472	12
4473	12
4474	12
4475	12
4476	12
4477	12
4478	12
4479	12
4480	12
4481	12
4482	12
4483	12
4484	12
4485	12
4486	12
4487	12
4488	12
4489	12
4490	12
4491	12
4492	12
4493	12
4494	12
4495	12
4496	12
4497	12
4498	12
4499	12
4500	12
4501	12
4502	12
4503	12
4504	12
4505	12
4506	12
4507	12
4508	12
4509	12
4510	12
4511	12
4512	12
4513	12
4514	12
4515	12
4516	12
4517	12
4518	12
4519	12
4520	12
4521	12
4522	12
4523	12
4524	12
4525	12
4526	12
4527	12
4528	12
4529	12
4530	12
4531	12
4532	12
4533	12
4534	12
4535	12
4536	12
4537	12
4538	12
4539	12
4540	12
4541	12
4542	12
4543	12
4544	12
4545	12
4546	12
4547	12
4548	12
4549	12
4550	12
4551	12
4552	12
4553	12
4554	12
4555	12
4556	12
4557	12
4558	12
4559	12
4560	12
4561	12
4562	12
4563	12
4564	12
4565	12
4566	12
4567	12
4568	12
4569	12
4570	12
4571	12
4572	12
4573	12
4574	12
4575	12
4576	12
4577	12
4578	12
4579	12
4580	12
4581	12
4582	12
4583	12
4584	12
4585	12
4586	12
4587	12
4588	12
4589	12
4590	12
4591	12
4592	12
4593	12
4594	12
4595	12
4596	12
4597	12
4598	12
4599	12
4600	12
4601	12
4602	12
4603	12
4604	12
4605	12
4606	12
4607	12
4608	12
4609	12
4610	12
4611	12
4612	12
4613	12
4614	12
4615	12
4616	12
4617	12
4618	12
4619	12
4620	12
4621	12
4622	12
4623	12
4624	12
4625	12
4626	12
4627	12
4628	12
4629	12
4630	12
4631	12
4632	12
4633	12
4634	12
4635	12
4636	12
4637	12
4638	12
4639	12
4640	12
4641	12
4642	12
4643	12
4644	12
4645	12
4646	12
4647	12
4648	12
4649	12
4650	12
4651	12
4652	12
4653	12
4654	12
4655	12
4656	12
4657	12
4658	12
4659	12
4660	12
4661	12
4662	12
4663	12
4664	12
4665	12
4666	12
4667	12
4668	12
4669	12
4670	12
4671	12
4672	12
4673	12
4674	12
4675	12
4676	12
4677	12
4678	12
4679	12
4680	12
4681	12
4682	12
4683	12
4684	12
4685	12
4686	12
4687	12
4688	12
4689	12
4690	12
4691	12
4692	12
4693	12
4694	12
4695	12
4696	12
4697	12
4698	12
4699	12
4700	12
4701	12
4702	12
4703	12
4704	12
4705	12
4706	12
4707	12
4708	12
4709	12
4710	12
4711	12
4712	12
4713	12
4714	12
4715	12
4716	12
4717	12
4718	12
4719	12
4720	12
4721	12
4722	12
4723	12
4724	12
4725	12
4726	12
4727	12
4728	12
4729	12
4730	12
4731	12
4732	12
4733	12
4734	12
4735	12
4736	12
4737	12
4738	12
4739	12
4740	12
4741	12
4742	12
4743	12
4744	12
4745	12
4746	12
4747	12
4748	12
4749	12
4750	12
4751	12
4752	12
4753	12
4754	12
4755	12
4756	12
4757	12
4758	12
4759	12
4760	12
4761	12
4762	12
4763	12
4764	12
4765	12
4766	12
4767	12
4768	12
4769	12
4770	12
4771	12
4772	12
4773	12
4774	12
4775	12
4776	12
4777	12
4778	12
4779	12
4780	12
4781	12
4782	12
4783	12
4784	12
4785	12
4786	12
4787	12
4788	12
4789	12
4790	12
4791	12
4792	12
4793	12
4794	12
4795	12
4796	12
4797	12
4798	12
4799	12
4800	12
4801	12
4802	12
4803	12
4804	12
4805	12
4806	12
4807	12
4808	12
4809	12
4810	12
4811	12
4812	12
4813	12
4814	12
4815	12
4816	12
4817	12
4818	12
4819	12
4820	12
4821	12
4822	12
4823	12
4824	12
4825	12
4826	12
4827	12
4828	12
4829	12
4830	12
4831	12
4832	12
4833	12
4834	12
4835	12
4836	12
4837	12
4838	12
4839	12
4840	12
4841	12
4842	12
4843	12
4844	12
4845	12
4846	12
4847	12
4848	12
4849	12
4850	12
4851	12
4852	12
4853	12
4854	12
4855	12
4856	12
4857	12
4858	12
4859	12
4860	12
4861	12
4862	12
4863	12
4864	12
4865	12
4866	12
4867	12
4868	12
4869	12
4870	12
4871	12
4872	12
4873	12
4874	12
4875	12
4876	12
4877	12
4878	12
4879	12
4880	12
4881	12
4882	12
4883	12
4884	12
4885	12
4886	12
4887	12
4888	12
4889	12
4890	12
4891	12
4892	12
4893	12
4894	12
4895	12
4896	12
4897	12
4898	12
4899	12
4900	12
4901	12
4902	12
4903	12
4904	12
4905	12
4906	12
4907	12
4908	12
4909	12
4910	12
4911	12
4912	12
4913	12
4914	12
4915	12
4916	12
4917	12
4918	12
4919	12
4920	12
4921	12
4922	12
4923	12
4924	12
4925	12
4926	12
4927	12
4928	12
4929	12
4930	12
4931	12
4932	12
4933	12
4934	12
4935	12
4936	12
4937	12
4938	12
4939	12
4940	12
4941	12
4942	12
4943	12
4944	12
4945	12
4946	12
4947	12
4948	12
4949	12
4950	12
4951	12
4952	12
4953	12
4954	12
4955	12
4956	12
4957	12
4958	12
4959	12
4960	12
4961	12
4962	12
4963	12
4964	12
4965	12
4966	12
4967	12
4968	12
4969	12
4970	12
4971	12
4972	12
4973	12
4974	12
4975	12
4976	12
4977	12
4978	12
4979	12
4980	12
4981	12
4982	12
4983	12
4984	12
4985	12
4986	12
4987	12
4988	12
4989	12
4990	12
4991	12
4992	12
4993	12
4994	12
4995	12
4996	12
4997	12
4998	12
4999	12
5000	12
5001	12
5002	12
5003	12
5004	12
5005	12
5006	12
5007	12
5008	12
5009	12
5010	12
5011	12
5012	12
5013	12
5014	12
5015	12
5016	12
5017	12
5018	12
5019	12
5020	12
5021	12
5022	12
5023	12
5024	12
5025	12
5026	12
5027	12
5028	12
5029	12
5030	12
5031	12
5032	12
5033	12
5034	12
5035	12
5036	12
5037	12
5038	12
5039	12
5040	12
5041	12
5042	12
5043	12
5044	12
5045	12
5046	12
5047	12
5048	12
5049	12
5050	12
5051	12
5052	12
5053	12
5054	12
5055	12
5056	12
5057	12
5058	12
5059	12
5060	12
5061	12
5062	12
5063	12
5064	12
5065	12
5066	12
5067	12
5068	12
5069	12
5070	12
5071	12
5072	12
5073	12
5074	12
5075	12
5076	12
5077	12
5078	12
5079	12
5080	12
5081	12
5082	12
5083	12
5084	12
5085	12
5086	12
5087	12
5088	12
5089	12
5090	12
5091	12
5092	12
5093	12
5094	12
5095	12
5096	12
5097	12
5098	12
5099	12
5100	12
5101	12
5102	12
5103	12
5104	12
5105	12
5106	12
5107	12
5108	12
5109	12
5110	12
5111	12
5112	12
5113	12
5114	12
5115	12
5116	12
5117	12
5118	12
5119	12
5120	12
5121	12
5122	12
5123	12
5124	12
5125	12
5126	12
5127	12
5128	12
5129	12
5130	12
5131	12
5132	12
5133	12
5134	12
5135	12
5136	12
5137	12
5138	12
5139	12
5140	12
5141	12
5142	12
5143	12
5144	12
5145	12
5146	12
5147	12
5148	12
5149	12
5150	12
5151	12
5152	12
5153	12
5154	12
5155	12
5156	12
5157	12
5158	12
5159	12
5160	12
5161	12
5162	12
5163	12
5164	12
5165	12
5166	12
5167	12
5168	12
5169	12
5170	12
5171	12
5172	12
5173	12
5174	12
5175	12
5176	12
5177	12
5178	12
5179	12
5180	12
5181	12
5182	12
5183	12
5184	12
5185	12
5186	12
5187	12
5188	12
5189	12
5190	12
5191	12
5192	12
5193	12
5194	12
5195	12
5196	12
5197	12
5198	12
5199	12
5200	12
5201	12
5202	12
5203	12
5204	12
5205	12
5206	12
5207	12
5208	12
5209	12
5210	12
5211	12
5212	12
5213	12
5214	12
5215	12
5216	12
5217	12
5218	12
5219	12
5220	12
5221	12
5222	12
5223	12
5224	12
5225	12
5226	12
5227	12
5228	12
5229	12
5230	12
5231	12
5232	12
5233	12
5234	12
5235	12
5236	12
5237	12
5238	12
5239	12
5240	12
5241	12
5242	12
5243	12
5244	12
5245	12
5246	12
5247	12
5248	12
5249	12
5250	12
5251	12
5252	12
5253	12
5254	12
5255	12
5256	12
5257	12
5258	12
5259	12
5260	12
5261	12
5262	12
5263	12
5264	12
5265	12
5266	12
5267	12
5268	12
5269	12
5270	12
5271	12
5272	12
5273	12
5274	12
5275	12
5276	12
5277	12
5278	12
5279	12
5280	12
5281	12
5282	12
5283	12
5284	12
5285	12
5286	13
5287	13
5288	13
5289	13
5290	13
5291	13
5292	13
5293	13
5294	13
5295	13
5296	13
5297	13
5298	13
5299	13
5300	13
5301	13
5302	13
5303	13
5304	13
5305	13
5306	13
5307	13
5308	13
5309	13
5310	13
5311	13
5312	13
5313	13
5314	13
5315	13
5316	13
5317	13
5318	13
5319	13
5320	13
5321	13
5322	13
5323	13
5324	13
5325	13
5326	13
5327	13
5328	13
5329	13
5330	13
5331	13
5332	13
5333	13
5334	13
5335	13
5336	13
5337	13
5338	13
5339	13
5340	13
5341	13
5342	13
5343	13
5344	13
5345	13
5346	13
5347	13
5348	13
5349	13
5350	13
5351	13
5352	13
5353	13
5354	13
5355	13
5356	13
5357	13
5358	13
5359	13
5360	13
5361	13
5362	13
5363	13
5364	13
5365	13
5366	13
5367	13
5368	13
5369	13
5370	13
5371	13
5372	13
5373	13
5374	13
5375	13
5376	13
5377	13
5378	13
5379	13
5380	13
5381	13
5382	13
5383	13
5384	13
5385	13
5386	13
5387	13
5388	13
5389	13
5390	13
5391	13
5392	13
5393	13
5394	13
5395	13
5396	13
5397	13
5398	13
5399	13
5400	13
5401	13
5402	13
5403	13
5404	13
5405	13
5406	13
5407	13
5408	13
5409	13
5410	13
5411	13
5412	13
5413	13
5414	13
5415	13
5416	13
5417	13
5418	13
5419	13
5420	13
5421	13
5422	13
5423	13
5424	13
5425	13
5426	13
5427	13
5428	13
5429	13
5430	13
5431	13
5432	13
5433	13
5434	13
5435	13
5436	13
5437	13
5438	13
5439	13
5440	13
5441	13
5442	13
5443	13
5444	13
5445	13
5446	13
5447	13
5448	13
5449	13
5450	13
5451	13
5452	13
5453	13
5454	13
5455	13
5456	13
5457	13
5458	13
5459	13
5460	13
5461	13
5462	13
5463	13
5464	13
5465	13
5466	13
5467	13
5468	13
5469	13
5470	13
5471	13
5472	13
5473	13
5474	13
5475	13
5476	13
5477	13
5478	13
5479	13
5480	13
5481	13
5482	13
5483	13
5484	13
5485	13
5486	13
5487	13
5488	13
5489	13
5490	13
5491	13
5492	13
5493	13
5494	13
5495	13
5496	13
5497	13
5498	13
5499	13
5500	13
5501	13
5502	13
5503	13
5504	13
5505	13
5506	13
5507	13
5508	13
5509	13
5510	13
5511	13
5512	13
5513	13
5514	13
5515	13
5516	13
5517	13
5518	13
5519	13
5520	13
5521	13
5522	13
5523	13
5524	13
5525	13
5526	13
5527	13
5528	13
5529	13
5530	13
5531	13
5532	13
5533	13
5534	13
5535	13
5536	13
5537	13
5538	13
5539	13
5540	13
5541	13
5542	13
5543	13
5544	13
5545	13
5546	13
5547	13
5548	13
5549	13
5550	13
5551	13
5552	13
5553	13
5554	13
5555	13
5556	13
5557	13
5558	13
5559	13
5560	13
5561	13
5562	13
5563	13
5564	13
5565	13
5566	13
5567	13
5568	13
5569	13
5570	13
5571	13
5572	13
5573	13
5574	13
5575	13
5576	13
5577	13
5578	13
5579	13
5580	13
5581	13
5582	13
5583	13
5584	13
5585	13
5586	13
5587	13
5588	13
5589	13
5590	13
5591	13
5592	13
5593	13
5594	13
5595	13
5596	13
5597	13
5598	13
5599	13
5600	13
5601	13
5602	13
5603	13
5604	13
5605	13
5606	13
5607	13
5608	13
5609	13
5610	13
5611	13
5612	13
5613	13
5614	13
5615	13
5616	13
5617	13
5618	13
5619	13
5620	13
5621	13
5622	13
5623	13
5624	13
5625	13
5626	13
5627	13
5628	13
5629	13
5630	13
5631	13
5632	13
5633	13
5634	13
5635	13
5636	13
5637	13
5638	13
5639	13
5640	13
5641	13
5642	13
5643	13
5644	13
5645	13
5646	13
5647	13
5648	13
5649	13
5650	13
5651	13
5652	13
5653	13
5654	13
5655	13
5656	13
5657	13
5658	13
5659	13
5660	13
5661	13
5662	13
5663	13
5664	13
5665	13
5666	13
5667	13
5668	13
5669	13
5670	13
5671	13
5672	13
5673	13
5674	13
5675	13
5676	13
5677	13
5678	13
5679	13
5680	13
5681	13
5682	13
5683	13
5684	13
5685	13
5686	13
5687	13
5688	13
5689	13
5690	13
5691	13
5692	13
5693	13
5694	13
5695	13
5696	13
5697	13
5698	13
5699	13
5700	13
5701	13
5702	13
5703	13
5704	13
5705	13
5706	13
5707	13
5708	13
5709	13
5710	13
5711	13
5712	13
5713	13
5714	13
5715	13
5716	13
5717	13
5718	13
5719	13
5720	13
5721	13
5722	13
5723	13
5724	13
5725	13
5726	13
5727	13
5728	13
5729	13
5730	13
5731	13
5732	13
5733	13
5734	13
5735	13
5736	13
5737	13
5738	13
5739	13
5740	13
5741	13
5742	13
5743	13
5744	13
5745	13
5746	13
5747	13
5748	13
5749	13
5750	13
5751	13
5752	13
5753	13
5754	13
5755	13
5756	13
5757	13
5758	13
5759	13
5760	13
5761	13
5762	13
5763	13
5764	13
5765	13
5766	13
5767	13
5768	13
5769	13
5770	13
5771	13
5772	13
5773	13
5774	13
5775	13
5776	13
5777	13
5778	13
5779	13
5780	13
5781	13
5782	13
5783	13
5784	13
5785	13
5786	13
5787	13
5788	13
5789	13
5790	13
5791	13
5792	13
5793	13
5794	13
5795	13
5796	13
5797	13
5798	13
5799	13
5800	13
5801	13
5802	13
5803	13
5804	13
5805	13
5806	13
5807	13
5808	13
5809	13
5810	13
5811	13
5812	13
5813	13
5814	13
5815	13
5816	13
5817	13
5818	13
5819	13
5820	13
5821	13
5822	13
5823	13
5824	13
5825	13
5826	13
5827	13
5828	13
5829	13
5830	13
5831	13
5832	13
5833	13
5834	13
5835	13
5836	13
5837	13
5838	13
5839	13
5840	13
5841	13
5842	13
5843	13
5844	13
5845	13
5846	13
5847	13
5848	13
5849	13
5850	13
5851	13
5852	13
5853	13
5854	13
5855	13
5856	13
5857	13
5858	13
5859	13
5860	13
5861	13
5862	13
5863	13
5864	13
5865	13
5866	13
5867	13
5868	13
5869	13
5870	13
5871	13
5872	13
5873	13
5874	13
5875	13
5876	13
5877	13
5878	13
5879	13
5880	13
5881	13
5882	13
5883	13
5884	13
5885	13
5886	13
5887	13
5888	13
5889	13
5890	13
5891	13
5892	13
5893	13
5894	13
5895	13
5896	13
5897	13
5898	13
5899	13
5900	13
5901	13
5902	13
5903	13
5904	13
5905	13
5906	13
5907	13
5908	13
5909	13
5910	13
5911	13
5912	13
5913	13
5914	13
5915	13
5916	13
5917	13
5918	13
5919	13
5920	13
5921	13
5922	13
5923	13
5924	13
5925	13
5926	13
5927	13
5928	13
5929	13
5930	13
5931	13
5932	13
5933	13
5934	13
5935	13
5936	13
5937	13
5938	13
5939	13
5940	13
5941	13
5942	13
5943	13
5944	13
5945	13
5946	13
5947	13
5948	13
5949	13
5950	13
5951	13
5952	13
5953	13
5954	13
5955	13
5956	13
5957	13
5958	13
5959	13
5960	13
5961	13
5962	13
5963	13
5964	13
5965	13
5966	13
5967	13
5968	13
5969	13
5970	13
5971	13
5972	13
5973	13
5974	13
5975	13
5976	13
5977	13
5978	13
5979	13
5980	13
5981	13
5982	13
5983	13
5984	13
5985	13
5986	13
5987	13
5988	13
5989	13
5990	13
5991	13
5992	13
5993	13
5994	13
5995	13
5996	13
5997	13
5998	13
5999	13
6000	13
6001	13
6002	13
6003	13
6004	13
6005	13
6006	13
6007	13
6008	13
6009	13
6010	13
6011	13
6012	13
6013	13
6014	13
6015	13
6016	13
6017	13
6018	13
6019	13
6020	13
6021	13
6022	13
6023	13
6024	13
6025	13
6026	13
6027	13
6028	13
6029	13
6030	13
6031	13
6032	13
6033	13
6034	13
6035	13
6036	13
6037	13
6038	13
6039	13
6040	13
6041	13
6042	13
6043	13
6044	13
6045	13
6046	13
6047	13
6048	13
6049	13
6050	13
6051	13
6052	13
6053	13
6054	13
6055	13
6056	13
6057	13
6058	13
6059	13
6060	13
6061	13
6062	13
6063	13
6064	13
6065	13
6066	13
6067	13
6068	13
6069	13
6070	13
6071	13
6072	13
6073	13
6074	13
6075	13
6076	13
6077	13
6078	13
6079	13
6080	13
6081	13
6082	13
6083	13
6084	13
6085	14
6086	14
6087	14
6088	14
6089	14
6090	14
6091	14
6092	14
6093	14
6094	14
6095	14
6096	14
6097	14
6098	14
6099	14
6100	14
6101	14
6102	14
6103	14
6104	14
6105	14
6106	14
6107	14
6108	14
6109	14
6110	14
6111	14
6112	14
6113	14
6114	14
6115	14
6116	14
6117	14
6118	14
6119	14
6120	14
6121	14
6122	14
6123	14
6124	14
6125	14
6126	14
6127	14
6128	14
6129	14
6130	15
6131	15
6132	15
6133	15
6134	15
6135	15
6136	15
6137	15
6138	15
6139	15
6140	15
6141	15
6142	15
6143	15
6144	15
6145	15
6146	15
6147	15
6148	15
6149	15
6150	15
6151	15
6152	15
6153	15
6154	15
6155	15
6156	15
6157	15
6158	15
6159	15
6160	15
6161	15
6162	15
6163	15
6164	15
6165	15
6166	15
6167	15
6168	15
6169	15
6170	15
6171	15
6172	15
6173	15
6174	15
6175	15
6176	15
6177	15
6178	15
6179	15
6180	15
6181	15
6182	15
6183	15
6184	15
6185	15
6186	15
6187	15
6188	15
6189	15
6190	15
6191	15
6192	15
6193	15
6194	15
6195	15
6196	15
6197	15
6198	15
6199	15
6200	15
6201	15
6202	15
6203	15
6204	15
6205	15
6206	15
6207	15
6208	15
6209	15
6210	15
6211	15
6212	15
6213	15
6214	15
6215	15
6216	15
6217	15
6218	15
6219	15
6220	15
6221	15
6222	15
6223	15
6224	15
6225	15
6226	15
6227	15
6228	15
6229	15
6230	15
6231	15
6232	15
6233	15
6234	15
6235	15
6236	15
6237	15
6238	15
6239	15
6240	15
6241	15
6242	15
6243	15
6244	15
6245	15
6246	15
6247	15
6248	15
6249	15
6250	15
6251	15
6252	15
6253	15
6254	15
6255	15
6256	15
6257	15
6258	15
6259	15
6260	15
6261	15
6262	15
6263	15
6264	15
6265	15
6266	15
6267	15
6268	15
6269	15
6270	15
6271	15
6272	15
6273	15
6274	15
6275	15
6276	15
6277	15
6278	15
6279	15
6280	15
6281	15
6282	15
6283	15
6284	15
6285	15
6286	15
6287	15
6288	15
6289	15
6290	15
6291	15
6292	15
6293	15
6294	15
6295	15
6296	15
6297	15
6298	15
6299	15
6300	15
6301	15
6302	15
6303	15
6304	15
6305	15
6306	15
6307	15
6308	15
6309	15
6310	15
6311	15
6312	15
6313	15
6314	15
6315	15
6316	15
6317	15
6318	15
6319	15
6320	15
6321	15
6322	15
6323	15
6324	15
6325	15
6326	15
6327	15
6328	15
6329	15
6330	15
6331	15
6332	15
6333	15
6334	16
6335	16
6336	16
6337	16
6338	16
6339	16
6340	16
6341	16
6342	16
6343	16
6344	16
6345	16
6346	16
6347	16
6348	16
6349	16
6350	16
6351	16
6352	16
6353	16
6354	16
6355	16
6356	16
6357	16
6358	16
6359	16
6360	16
6361	16
6362	16
6363	16
6364	16
6365	16
6366	16
6367	16
6368	16
6369	16
6370	16
6371	16
6372	16
6373	16
6374	16
6375	16
6376	16
6377	16
6378	16
6379	16
6380	16
6381	16
6382	16
6383	16
6384	16
6385	16
6386	16
6387	16
6388	16
6389	16
6390	16
6391	16
6392	16
6393	16
6394	16
6395	16
6396	16
6397	16
6398	16
6399	16
6400	16
6401	16
6402	16
6403	16
6404	16
6405	16
6406	16
6407	16
6408	16
6409	16
6410	16
6411	16
6412	16
6413	16
6414	16
6415	16
6416	16
6417	16
6418	16
6419	16
6420	16
6421	16
6422	16
6423	16
6424	16
6425	16
6426	16
6427	16
6428	16
6429	16
6430	16
6431	16
6432	16
6433	16
6434	16
6435	16
6436	16
6437	16
6438	16
6439	16
6440	16
6441	16
6442	16
6443	16
6444	16
6445	16
6446	16
6447	16
6448	16
6449	16
6450	16
6451	16
6452	16
6453	16
6454	16
6455	16
6456	16
6457	16
6458	16
6459	16
6460	16
6461	16
6462	16
6463	16
6464	16
6465	16
6466	16
6467	16
6468	16
6469	16
6470	16
6471	16
6472	16
6473	16
6474	16
6475	16
6476	16
6477	16
6478	16
6479	16
6480	16
6481	16
6482	16
6483	16
6484	16
6485	16
6486	16
6487	16
6488	16
6489	16
6490	16
6491	16
6492	16
6493	16
6494	16
6495	16
6496	16
6497	16
6498	16
6499	16
6500	16
6501	16
6502	16
6503	16
6504	16
6505	16
6506	16
6507	16
6508	16
6509	16
6510	16
6511	16
6512	16
6513	16
6514	16
6515	16
6516	16
6517	16
6518	16
6519	16
6520	16
6521	16
6522	16
6523	16
6524	16
6525	16
6526	16
6527	16
6528	16
6529	16
6530	16
6531	16
6532	16
6533	16
6534	16
6535	16
6536	16
6537	16
6538	16
6539	16
6540	16
6541	16
6542	16
6543	16
6544	16
6545	16
6546	16
6547	16
6548	16
6549	16
6550	16
6551	16
6552	16
6553	16
6554	16
6555	16
6556	16
6557	16
6558	16
6559	16
6560	16
6561	16
6562	16
6563	16
6564	16
6565	16
6566	16
6567	16
6568	16
6569	16
6570	16
6571	16
6572	16
6573	16
6574	16
6575	16
6576	16
6577	16
6578	16
6579	16
6580	16
6581	16
6582	16
6583	16
6584	16
6585	16
6586	16
6587	16
6588	16
6589	16
6590	16
6591	16
6592	16
6593	16
6594	16
6595	16
6596	16
6597	16
6598	16
6599	16
6600	16
6601	16
6602	16
6603	16
6604	16
6605	16
6606	16
6607	16
6608	16
6609	16
6610	16
6611	16
6612	16
6613	16
6614	16
6615	16
6616	16
6617	16
6618	16
6619	16
6620	16
6621	16
6622	16
6623	16
6624	16
6625	16
6626	16
6627	16
6628	16
6629	16
6630	16
6631	16
6632	16
6633	16
6634	16
6635	16
6636	16
6637	16
6638	16
6639	16
6640	16
6641	16
6642	16
6643	16
6644	16
6645	16
6646	16
6647	16
6648	16
6649	16
6650	16
6651	16
6652	16
6653	16
6654	16
6655	16
6656	16
6657	16
6658	16
6659	16
6660	16
6661	16
6662	16
6663	16
6664	16
6665	16
6666	16
6667	16
6668	16
6669	16
6670	16
6671	16
6672	16
6673	16
6674	16
6675	16
6676	16
6677	16
6678	16
6679	16
6680	16
6681	16
6682	16
6683	16
6684	16
6685	16
6686	16
6687	16
6688	16
6689	16
6690	16
6691	16
6692	16
6693	16
6694	16
6695	16
6696	16
6697	16
6698	16
6699	16
6700	16
6701	16
6702	16
6703	16
6704	16
6705	16
6706	16
6707	16
6708	16
6709	16
6710	16
6711	16
6712	16
6713	16
6714	16
6715	16
6716	16
6717	16
6718	16
6719	16
6720	16
6721	16
6722	16
6723	16
6724	16
6725	16
6726	16
6727	16
6728	16
6729	16
6730	16
6731	16
6732	16
6733	16
6734	16
6735	16
6736	16
6737	16
6738	16
6739	16
6740	16
6741	16
6742	16
6743	16
6744	16
6745	16
6746	16
6747	16
6748	16
6749	16
6750	16
6751	16
6752	16
6753	16
6754	16
6755	16
6756	16
6757	16
6758	16
6759	16
6760	16
6761	16
6762	16
6763	16
6764	16
6765	16
6766	16
6767	16
6768	16
6769	16
6770	16
6771	16
6772	16
6773	16
6774	16
6775	16
6776	16
6777	16
6778	16
6779	16
6780	16
6781	16
6782	16
6783	16
6784	16
6785	16
6786	16
6787	16
6788	16
6789	16
6790	16
6791	16
6792	16
6793	16
6794	16
6795	16
6796	16
6797	16
6798	16
6799	16
6800	16
6801	16
6802	16
6803	16
6804	16
6805	16
6806	17
6807	17
6808	17
6809	17
6810	17
6811	17
6812	17
6813	17
6814	17
6815	17
6816	17
6817	17
6818	17
6819	17
6820	17
6821	17
6822	17
6823	17
6824	17
6825	17
6826	17
6827	17
6828	17
6829	17
6830	17
6831	17
6832	17
6833	17
6834	17
6835	17
6836	17
6837	17
6838	17
6839	17
6840	17
6841	17
6842	17
6843	17
6844	17
6845	17
6846	17
6847	17
6848	17
6849	17
6850	17
6851	17
6852	17
6853	17
6854	17
6855	17
6856	17
6857	17
6858	17
6859	17
6860	17
6861	17
6862	17
6863	17
6864	17
6865	17
6866	17
6867	17
6868	17
6869	17
6870	17
6871	17
6872	17
6873	17
6874	17
6875	17
6876	17
6877	17
6878	17
6879	17
6880	17
6881	17
6882	17
6883	17
6884	17
6885	17
6886	17
6887	17
6888	17
6889	17
6890	17
6891	17
6892	17
6893	17
6894	17
6895	17
6896	17
6897	17
6898	17
6899	17
6900	17
6901	17
6902	17
6903	17
6904	17
6905	17
6906	17
6907	17
6908	17
6909	17
6910	17
6911	17
6912	17
6913	17
6914	17
6915	17
6916	17
6917	17
6918	17
6919	17
6920	17
6921	17
6922	17
6923	17
6924	17
6925	17
6926	17
6927	17
6928	17
6929	17
6930	17
6931	17
6932	17
6933	17
6934	17
6935	17
6936	17
6937	17
6938	17
6939	17
6940	17
6941	17
6942	17
6943	17
6944	17
6945	17
6946	17
6947	17
6948	17
6949	17
6950	17
6951	17
6952	17
6953	17
6954	17
6955	17
6956	17
6957	17
6958	17
6959	17
6960	17
6961	17
6962	17
6963	17
6964	17
6965	17
6966	17
6967	17
6968	17
6969	17
6970	17
6971	17
6972	17
6973	17
6974	17
6975	17
6976	17
6977	17
6978	17
6979	17
6980	17
6981	17
6982	17
6983	17
6984	17
6985	17
6986	17
6987	17
6988	17
6989	17
6990	17
6991	17
6992	17
6993	17
6994	17
6995	17
6996	17
6997	17
6998	17
6999	17
7000	17
7001	17
7002	17
7003	17
7004	17
7005	17
7006	17
7007	17
7008	17
7009	17
7010	17
7011	17
7012	17
7013	17
7014	17
7015	17
7016	17
7017	17
7018	17
7019	17
7020	17
7021	17
7022	17
7023	17
7024	17
7025	17
7026	17
7027	17
7028	17
7029	17
7030	17
7031	17
7032	17
7033	17
7034	17
7035	17
7036	17
7037	17
7038	17
7039	17
7040	17
7041	17
7042	17
7043	17
7044	17
7045	17
7046	17
7047	17
7048	17
7049	17
7050	17
7051	17
7052	17
7053	17
7054	17
7055	17
7056	17
7057	17
7058	17
7059	17
7060	17
7061	17
7062	17
7063	17
7064	17
7065	17
7066	17
7067	17
7068	17
7069	17
7070	17
7071	17
7072	17
7073	17
7074	17
7075	17
7076	17
7077	17
7078	17
7079	17
7080	17
7081	17
7082	17
7083	17
7084	17
7085	17
7086	17
7087	17
7088	17
7089	17
7090	17
7091	17
7092	17
7093	17
7094	17
7095	17
7096	17
7097	17
7098	17
7099	17
7100	17
7101	17
7102	17
7103	17
7104	17
7105	17
7106	17
7107	17
7108	17
7109	17
7110	17
7111	17
7112	17
7113	17
7114	17
7115	17
7116	17
7117	17
7118	17
7119	17
7120	17
7121	17
7122	17
7123	17
7124	17
7125	17
7126	17
7127	17
7128	17
7129	17
7130	17
7131	17
7132	17
7133	17
7134	17
7135	17
7136	17
7137	17
7138	17
7139	17
7140	17
7141	17
7142	17
7143	17
7144	17
7145	17
7146	17
7147	17
7148	17
7149	17
7150	17
7151	17
7152	17
7153	17
7154	17
7155	17
7156	17
7157	17
7158	17
7159	17
7160	17
7161	17
7162	17
7163	17
7164	17
7165	17
7166	17
7167	17
7168	17
7169	17
7170	17
7171	17
7172	17
7173	17
7174	17
7175	17
7176	17
7177	17
7178	17
7179	17
7180	17
7181	17
7182	17
7183	17
7184	17
7185	17
7186	17
7187	17
7188	17
7189	17
7190	17
7191	17
7192	17
7193	17
7194	17
7195	17
7196	17
7197	17
7198	17
7199	17
7200	17
7201	17
7202	17
7203	17
7204	17
7205	17
7206	17
7207	17
7208	17
7209	17
7210	17
7211	17
7212	17
7213	17
7214	17
7215	17
7216	17
7217	17
7218	17
7219	17
7220	17
7221	17
7222	17
7223	17
7224	17
7225	17
7226	17
7227	17
7228	17
7229	17
7230	17
7231	17
7232	17
7233	17
7234	17
7235	17
7236	17
7237	17
7238	17
7239	17
7240	17
7241	17
7242	17
7243	17
7244	17
7245	17
7246	17
7247	17
7248	17
7249	17
7250	17
7251	17
7252	17
7253	17
7254	17
7255	17
7256	17
7257	17
7258	17
7259	17
7260	17
7261	17
7262	17
7263	17
7264	17
7265	17
7266	17
7267	17
7268	17
7269	17
7270	17
7271	17
7272	17
7273	17
7274	17
7275	17
7276	17
7277	17
7278	17
7279	17
7280	17
7281	17
7282	17
7283	17
7284	17
7285	17
7286	17
7287	17
7288	17
7289	17
7290	17
7291	17
7292	17
7293	17
7294	17
7295	17
7296	17
7297	17
7298	17
7299	17
7300	17
7301	17
7302	17
7303	17
7304	17
7305	17
7306	17
7307	17
7308	17
7309	17
7310	17
7311	17
7312	17
7313	17
7314	17
7315	17
7316	17
7317	17
7318	17
7319	17
7320	17
7321	17
7322	17
7323	17
7324	17
7325	18
7326	18
7327	18
7328	18
7329	18
7330	18
7331	18
7332	18
7333	18
7334	18
7335	18
7336	18
7337	18
7338	18
7339	18
7340	18
7341	18
7342	18
7343	18
7344	18
7345	18
7346	18
7347	18
7348	18
7349	18
7350	18
7351	18
7352	18
7353	18
7354	18
7355	18
7356	18
7357	18
7358	18
7359	18
7360	18
7361	18
7362	18
7363	18
7364	18
7365	18
7366	18
7367	18
7368	18
7369	18
7370	18
7371	18
7372	18
7373	18
7374	18
7375	18
7376	18
7377	18
7378	18
7379	18
7380	18
7381	18
7382	18
7383	18
7384	18
7385	18
7386	18
7387	18
7388	18
7389	18
7390	18
7391	18
7392	18
7393	18
7394	18
7395	18
7396	18
7397	18
7398	18
7399	18
7400	18
7401	18
7402	18
7403	18
7404	18
7405	18
7406	18
7407	18
7408	18
7409	18
7410	18
7411	18
7412	18
7413	18
7414	18
7415	18
7416	18
7417	18
7418	18
7419	18
7420	18
7421	18
7422	18
7423	18
7424	18
7425	18
7426	18
7427	18
7428	18
7429	18
7430	18
7431	18
7432	18
7433	18
7434	18
7435	18
7436	18
7437	18
7438	18
7439	18
7440	18
7441	18
7442	18
7443	18
7444	18
7445	18
7446	18
7447	18
7448	18
7449	18
7450	18
7451	18
7452	18
7453	18
7454	18
7455	18
7456	18
7457	18
7458	18
7459	18
7460	18
7461	18
7462	18
7463	18
7464	18
7465	18
7466	18
7467	18
7468	18
7469	18
7470	18
7471	18
7472	18
7473	18
7474	18
7475	18
7476	18
7477	18
7478	19
7479	19
7480	19
7481	19
7482	19
7483	19
7484	19
7485	19
7486	19
7487	19
7488	19
7489	19
7490	19
7491	19
7492	19
7493	19
7494	19
7495	19
7496	19
7497	19
7498	19
7499	19
7500	19
7501	19
7502	19
7503	19
7504	19
7505	19
7506	19
7507	19
7508	19
7509	19
7510	19
7511	19
7512	19
7513	19
7514	19
7515	19
7516	19
7517	19
7518	19
7519	19
7520	19
7521	19
7522	19
7523	19
7524	19
7525	19
7526	19
7527	19
7528	19
7529	19
7530	19
7531	19
7532	19
7533	19
7534	19
7535	19
7536	19
7537	19
7538	19
7539	19
7540	19
7541	19
7542	19
7543	19
7544	19
7545	19
7546	19
7547	19
7548	19
7549	19
7550	19
7551	19
7552	19
7553	19
7554	19
7555	19
7556	19
7557	19
7558	19
7559	19
7560	19
7561	19
7562	19
7563	19
7564	19
7565	19
7566	19
7567	19
7568	19
7569	19
7570	19
7571	19
7572	19
7573	19
7574	19
7575	19
7576	19
7577	19
7578	19
7579	19
7580	19
7581	19
7582	19
7583	19
7584	19
7585	19
7586	19
7587	19
7588	19
7589	19
7590	19
7591	19
7592	19
7593	19
7594	19
7595	19
7596	19
7597	19
7598	19
7599	19
7600	19
7601	19
7602	19
7603	19
7604	19
7605	19
7606	19
7607	19
7608	19
7609	19
7610	19
7611	19
7612	19
7613	19
7614	19
7615	19
7616	19
7617	19
7618	19
7619	19
7620	19
7621	19
7622	19
7623	19
7624	19
7625	19
7626	19
7627	19
7628	19
7629	19
7630	19
7631	19
7632	19
7633	19
7634	19
7635	19
7636	19
7637	19
7638	19
7639	19
7640	19
7641	19
7642	19
7643	19
7644	19
7645	19
7646	19
7647	19
7648	19
7649	19
7650	19
7651	19
7652	19
7653	19
7654	19
7655	19
7656	19
7657	19
7658	19
7659	19
7660	19
7661	19
7662	19
7663	19
7664	19
7665	19
7666	19
7667	19
7668	19
7669	19
7670	19
7671	19
7672	19
7673	19
7674	19
7675	19
7676	19
7677	19
7678	19
7679	19
7680	19
7681	19
7682	19
7683	19
7684	19
7685	19
7686	19
7687	19
7688	19
7689	19
7690	19
7691	19
7692	19
7693	19
7694	19
7695	19
7696	19
7697	19
7698	19
7699	19
7700	19
7701	19
7702	19
7703	19
7704	19
7705	19
7706	19
7707	19
7708	19
7709	19
7710	19
7711	19
7712	19
7713	19
7714	19
7715	19
7716	19
7717	19
7718	19
7719	19
7720	19
7721	19
7722	20
7723	20
7724	20
7725	20
7726	20
7727	20
7728	20
7729	20
7730	20
7731	20
7732	20
7733	20
7734	20
7735	20
7736	20
7737	20
7738	20
7739	20
7740	20
7741	20
7742	20
7743	20
7744	20
7745	20
7746	20
7747	20
7748	20
7749	20
7750	20
7751	20
7752	20
7753	20
7754	20
7755	20
7756	20
7757	20
7758	20
7759	20
7760	20
7761	20
7762	20
7763	20
7764	20
7765	20
7766	20
7767	20
7768	20
7769	20
7770	20
7771	20
7772	20
7773	20
7774	20
7775	20
7776	20
7777	20
7778	20
7779	20
7780	20
7781	20
7782	20
7783	20
7784	20
7785	20
7786	20
7787	20
7788	20
7789	20
7790	20
7791	20
7792	20
7793	20
7794	20
7795	20
7796	20
7797	20
7798	20
7799	20
7800	20
7801	20
7802	20
7803	20
7804	20
7805	20
7806	20
7807	20
7808	20
7809	20
7810	20
7811	20
7812	20
7813	20
7814	20
7815	20
7816	20
7817	20
7818	20
7819	20
7820	20
7821	20
7822	20
7823	20
7824	20
7825	20
7826	20
7827	20
7828	20
7829	20
7830	20
7831	20
7832	20
7833	20
7834	20
7835	20
7836	20
7837	20
7838	20
7839	20
7840	20
7841	20
7842	20
7843	20
7844	20
7845	20
7846	20
7847	20
7848	20
7849	20
7850	20
7851	20
7852	20
7853	20
7854	20
7855	20
7856	20
7857	20
7858	20
7859	20
7860	20
7861	20
7862	20
7863	20
7864	20
7865	20
7866	20
7867	20
7868	20
7869	20
7870	20
7871	20
7872	20
7873	20
7874	20
7875	20
7876	20
7877	20
7878	20
7879	20
7880	20
7881	20
7882	20
7883	20
7884	20
7885	20
7886	20
7887	20
7888	20
7889	20
7890	20
7891	20
7892	20
7893	20
7894	20
7895	20
7896	20
7897	20
7898	20
7899	20
7900	20
7901	20
7902	20
7903	20
7904	20
7905	20
7906	20
7907	20
7908	20
7909	20
7910	20
7911	20
7912	20
7913	20
7914	20
7915	20
7916	20
7917	20
7918	20
7919	20
7920	20
7921	20
7922	20
7923	20
7924	20
7925	20
7926	20
7927	20
7928	20
7929	20
7930	20
7931	20
7932	20
7933	20
7934	20
7935	20
7936	20
7937	20
7938	20
7939	20
7940	20
7941	20
7942	20
7943	20
7944	20
7945	20
7946	20
7947	20
7948	20
7949	21
7950	21
7951	21
7952	21
7953	21
7954	21
7955	21
7956	21
7957	21
7958	21
7959	21
7960	21
7961	21
7962	21
7963	21
7964	21
7965	21
7966	21
7967	21
7968	21
7969	21
7970	21
7971	21
7972	21
7973	21
7974	21
7975	21
7976	21
7977	21
7978	21
7979	21
7980	21
7981	21
7982	21
7983	21
7984	21
7985	21
7986	21
7987	21
7988	21
7989	21
7990	21
7991	21
7992	21
7993	21
7994	21
7995	21
7996	21
7997	21
7998	21
7999	21
8000	21
8001	21
8002	21
8003	21
8004	21
8005	21
8006	21
8007	21
8008	21
8009	21
8010	21
8011	21
8012	21
8013	21
8014	21
8015	21
8016	21
8017	21
8018	21
8019	21
8020	21
8021	21
8022	21
8023	21
8024	21
8025	21
8026	21
8027	21
8028	21
8029	21
8030	21
8031	21
8032	21
8033	21
8034	21
8035	21
8036	21
8037	21
8038	21
8039	21
8040	21
8041	21
8042	21
8043	21
8044	21
8045	21
8046	21
8047	21
8048	21
8049	22
8050	22
8051	22
8052	22
8053	22
8054	22
8055	22
8056	22
8057	22
8058	22
8059	22
8060	22
8061	22
8062	22
8063	22
8064	22
8065	22
8066	22
8067	22
8068	22
8069	22
8070	22
8071	22
8072	22
8073	22
8074	22
8075	22
8076	22
8077	22
8078	22
8079	22
8080	22
8081	22
8082	22
8083	22
8084	22
8085	22
8086	22
8087	22
8088	22
8089	22
8090	22
8091	22
8092	22
8093	22
8094	22
8095	22
8096	22
8097	22
8098	22
8099	22
8100	22
8101	22
8102	22
8103	22
8104	22
8105	22
8106	22
8107	22
8108	22
8109	22
8110	22
8111	22
8112	22
8113	22
8114	22
8115	22
8116	22
8117	22
8118	22
8119	22
8120	22
8121	22
8122	22
8123	22
8124	22
8125	22
8126	22
8127	22
8128	22
8129	22
8130	22
8131	22
8132	22
8133	22
8134	22
8135	22
8136	22
8137	22
8138	22
8139	22
8140	22
8141	22
8142	22
8143	22
8144	22
8145	22
8146	22
8147	22
8148	22
8149	22
8150	22
8151	22
8152	22
8153	22
8154	22
8155	22
8156	22
8157	22
8158	22
8159	22
8160	22
8161	22
8162	22
8163	22
8164	22
8165	22
8166	22
8167	22
8168	22
8169	22
8170	22
8171	22
8172	22
8173	22
8174	22
8175	22
8176	22
8177	22
8178	22
8179	22
8180	22
8181	22
8182	22
8183	22
8184	22
8185	22
8186	22
8187	22
8188	22
8189	22
8190	22
8191	22
8192	22
8193	22
8194	22
8195	22
8196	22
8197	22
8198	22
8199	22
8200	22
8201	22
8202	22
8203	22
8204	22
8205	22
8206	22
8207	22
8208	22
8209	22
8210	22
8211	22
8212	22
8213	22
8214	22
8215	22
8216	22
8217	22
8218	22
8219	22
8220	22
8221	22
8222	22
8223	22
8224	22
8225	22
8226	22
8227	22
8228	22
8229	22
8230	22
8231	22
8232	22
8233	22
8234	22
8235	22
8236	22
8237	22
8238	22
8239	22
8240	22
8241	22
8242	22
8243	22
8244	22
8245	22
8246	22
8247	22
8248	22
8249	22
8250	22
8251	22
8252	22
8253	22
8254	22
8255	22
8256	22
8257	22
8258	22
8259	22
8260	23
8261	23
8262	23
8263	23
8264	23
8265	23
8266	23
8267	23
8268	23
8269	23
8270	23
8271	23
8272	23
8273	23
8274	23
8275	23
8276	23
8277	23
8278	23
8279	23
8280	23
8281	23
8282	23
8283	23
8284	23
8285	23
8286	23
8287	23
8288	23
8289	23
8290	23
8291	23
8292	23
8293	23
8294	23
8295	23
8296	23
8297	23
8298	23
8299	23
8300	23
8301	23
8302	23
8303	23
8304	23
8305	23
8306	23
8307	23
8308	23
8309	23
8310	23
8311	23
8312	23
8313	23
8314	23
8315	23
8316	23
8317	23
8318	23
8319	23
8320	23
8321	23
8322	23
8323	23
8324	23
8325	23
8326	23
8327	23
8328	23
8329	23
8330	23
8331	23
8332	23
8333	23
8334	23
8335	23
8336	23
8337	23
8338	23
8339	23
8340	23
8341	23
8342	23
8343	23
8344	23
8345	23
8346	23
8347	23
8348	23
8349	23
8350	23
8351	23
8352	23
8353	23
8354	23
8355	23
8356	23
8357	23
8358	23
8359	23
8360	23
8361	23
8362	23
8363	23
8364	23
8365	23
8366	23
8367	23
8368	23
8369	23
8370	23
8371	23
8372	23
8373	23
8374	23
8375	23
8376	23
8377	23
8378	23
8379	23
8380	23
8381	23
8382	23
8383	23
8384	23
8385	23
8386	23
8387	23
8388	23
8389	23
8390	23
8391	23
8392	23
8393	23
8394	23
8395	23
8396	23
8397	23
8398	23
8399	23
8400	23
8401	23
8402	23
8403	23
8404	24
8405	24
8406	24
8407	24
8408	24
8409	24
8410	24
8411	24
8412	24
8413	24
8414	24
8415	24
8416	24
8417	24
8418	24
8419	24
8420	24
8421	24
8422	24
8423	24
8424	24
8425	24
8426	24
8427	24
8428	24
8429	24
8430	24
8431	24
8432	24
8433	24
8434	24
8435	24
8436	24
8437	24
8438	24
8439	24
8440	24
8441	24
8442	24
8443	24
8444	24
8445	24
8446	24
8447	24
8448	24
8449	24
8450	24
8451	24
8452	24
8453	24
8454	24
8455	24
8456	24
8457	24
8458	24
8459	24
8460	24
8461	24
8462	24
8463	24
8464	24
8465	24
8466	24
8467	24
8468	24
8469	24
8470	24
8471	24
8472	24
8473	24
8474	24
8475	24
8476	24
8477	24
8478	24
8479	24
8480	24
8481	24
8482	24
8483	24
8484	24
8485	24
8486	24
8487	24
8488	24
8489	24
8490	24
8491	24
8492	24
8493	24
8494	24
8495	24
8496	24
8497	24
8498	24
8499	24
8500	24
8501	24
8502	24
8503	24
8504	24
8505	24
8506	24
8507	24
8508	24
8509	24
8510	24
8511	24
8512	24
8513	24
8514	24
8515	24
8516	24
8517	24
8518	24
8519	24
8520	24
8521	24
8522	24
8523	24
8524	24
8525	24
8526	24
8527	24
8528	24
8529	24
8530	24
8531	24
8532	24
8533	24
8534	24
8535	24
8536	24
8537	24
8538	24
8539	24
8540	24
8541	24
8542	24
8543	24
8544	24
8545	24
8546	24
8547	24
8548	24
8549	24
8550	24
8551	24
8552	24
8553	24
8554	24
8555	24
8556	25
8557	25
8558	25
8559	25
8560	25
8561	25
8562	25
8563	25
8564	25
8565	25
8566	25
8567	25
8568	25
8569	25
8570	25
8571	25
8572	25
8573	25
8574	25
8575	25
8576	25
8577	25
8578	25
8579	25
8580	25
8581	25
8582	25
8583	25
8584	25
8585	25
8586	25
8587	25
8588	25
8589	25
8590	25
8591	25
8592	25
8593	25
8594	25
8595	25
8596	25
8597	25
8598	25
8599	25
8600	25
8601	25
8602	25
8603	25
8604	25
8605	25
8606	25
8607	25
8608	25
8609	25
8610	25
8611	25
8612	25
8613	25
8614	25
8615	25
8616	25
8617	25
8618	25
8619	25
8620	25
8621	25
8622	25
8623	25
8624	25
8625	25
8626	25
8627	25
8628	25
8629	25
8630	25
8631	25
8632	25
8633	25
8634	25
8635	25
8636	25
8637	25
8638	25
8639	25
8640	25
8641	25
8642	25
8643	25
8644	25
8645	25
8646	25
8647	25
8648	25
8649	25
8650	25
8651	25
8652	25
8653	25
8654	25
8655	25
8656	25
8657	25
8658	25
8659	25
8660	25
8661	25
8662	25
8663	25
8664	25
8665	25
8666	25
8667	25
8668	25
8669	25
8670	25
8671	25
8672	25
8673	25
8674	25
8675	25
8676	25
8677	25
8678	25
8679	25
8680	25
8681	25
8682	25
8683	25
8684	25
8685	25
8686	25
8687	25
8688	25
8689	25
8690	25
8691	25
8692	25
8693	25
8694	25
8695	25
8696	25
8697	25
8698	25
8699	25
8700	25
8701	25
8702	25
8703	25
8704	25
8705	25
8706	25
8707	25
8708	25
8709	25
8710	25
8711	25
8712	25
8713	25
8714	25
8715	25
8716	25
8717	25
8718	25
8719	25
8720	25
8721	25
8722	25
8723	25
8724	25
8725	25
8726	25
8727	25
8728	25
8729	25
8730	25
8731	25
8732	25
8733	25
8734	25
8735	25
8736	25
8737	25
8738	25
8739	25
8740	25
8741	25
8742	25
8743	25
8744	25
8745	25
8746	25
8747	25
8748	25
8749	25
8750	25
8751	25
8752	25
8753	25
8754	25
8755	25
8756	25
8757	25
8758	25
8759	25
8760	25
8761	25
8762	25
8763	25
8764	25
8765	25
8766	25
8767	25
8768	25
8769	25
8770	25
8771	25
8772	25
8773	25
8774	25
8775	25
8776	25
8777	25
8778	25
8779	25
8780	25
8781	25
8782	25
8783	25
8784	25
8785	25
8786	25
8787	25
8788	25
8789	25
8790	25
8791	25
8792	25
8793	25
8794	25
8795	25
8796	25
8797	25
8798	25
8799	25
8800	25
8801	25
8802	25
8803	25
8804	25
8805	25
8806	25
8807	25
8808	25
8809	25
8810	25
8811	25
8812	25
8813	25
8814	25
8815	25
8816	25
8817	25
8818	25
8819	25
8820	25
8821	25
8822	25
8823	25
8824	25
8825	25
8826	25
8827	25
8828	25
8829	25
8830	25
8831	25
8832	25
8833	25
8834	25
8835	25
8836	25
8837	25
8838	25
8839	25
8840	25
8841	25
8842	25
8843	25
8844	25
8845	25
8846	25
8847	25
8848	25
8849	25
8850	25
8851	25
8852	25
8853	25
8854	25
8855	25
8856	25
8857	25
8858	25
8859	25
8860	25
8861	25
8862	25
8863	25
8864	25
8865	25
8866	25
8867	25
8868	25
8869	25
8870	25
8871	25
8872	25
8873	25
8874	25
8875	25
8876	25
8877	25
8878	25
8879	25
8880	25
8881	25
8882	25
8883	25
8884	25
8885	25
8886	25
8887	25
8888	25
8889	25
8890	25
8891	25
8892	25
8893	25
8894	25
8895	25
8896	25
8897	25
8898	25
8899	25
8900	25
8901	25
8902	26
8903	26
8904	26
8905	26
8906	26
8907	26
8908	26
8909	26
8910	26
8911	26
8912	26
8913	26
8914	26
8915	26
8916	26
8917	26
8918	26
8919	26
8920	26
8921	26
8922	26
8923	26
8924	26
8925	26
8926	26
8927	26
8928	26
8929	26
8930	26
8931	26
8932	26
8933	26
8934	26
8935	26
8936	26
8937	26
8938	26
8939	26
8940	26
8941	26
8942	26
8943	26
8944	26
8945	26
8946	26
8947	26
8948	26
8949	26
8950	26
8951	26
8952	26
8953	26
8954	26
8955	26
8956	26
8957	26
8958	26
8959	26
8960	26
8961	26
8962	26
8963	26
8964	26
8965	26
8966	26
8967	26
8968	26
8969	26
8970	26
8971	26
8972	26
8973	26
8974	26
8975	26
8976	26
8977	26
8978	26
8979	26
8980	26
8981	26
8982	26
8983	26
8984	26
8985	26
8986	26
8987	26
8988	26
8989	26
8990	26
8991	26
8992	26
8993	26
8994	26
8995	26
8996	26
8997	26
8998	26
8999	26
9000	26
9001	26
9002	26
9003	26
9004	26
9005	26
9006	26
9007	26
9008	26
9009	26
9010	26
9011	26
9012	26
9013	26
9014	26
9015	26
9016	26
9017	26
9018	26
9019	26
9020	26
9021	26
9022	26
9023	26
9024	26
9025	26
9026	26
9027	26
9028	26
9029	26
9030	26
9031	26
9032	26
9033	26
9034	26
9035	26
9036	26
9037	26
9038	26
9039	26
9040	26
9041	26
9042	26
9043	26
9044	26
9045	26
9046	26
9047	26
9048	26
9049	26
9050	26
9051	26
9052	26
9053	26
9054	26
9055	26
9056	26
9057	26
9058	26
9059	26
9060	26
9061	26
9062	26
9063	26
9064	26
9065	26
9066	26
9067	26
9068	26
9069	26
9070	26
9071	26
9072	26
9073	26
9074	26
9075	26
9076	26
9077	26
9078	26
9079	26
9080	26
9081	26
9082	26
9083	26
9084	26
9085	26
9086	26
9087	26
9088	26
9089	26
9090	26
9091	26
9092	26
9093	26
9094	26
9095	26
9096	26
9097	26
9098	26
9099	26
9100	27
9101	27
9102	27
9103	27
9104	27
9105	27
9106	27
9107	27
9108	27
9109	27
9110	27
9111	27
9112	27
9113	27
9114	27
9115	27
9116	27
9117	27
9118	27
9119	27
9120	27
9121	27
9122	27
9123	27
9124	27
9125	27
9126	27
9127	27
9128	27
9129	27
9130	27
9131	27
9132	27
9133	27
9134	27
9135	27
9136	27
9137	27
9138	27
9139	27
9140	27
9141	27
9142	27
9143	27
9144	27
9145	27
9146	27
9147	27
9148	27
9149	27
9150	27
9151	27
9152	27
9153	27
9154	27
9155	27
9156	27
9157	27
9158	27
9159	27
9160	27
9161	27
9162	27
9163	27
9164	27
9165	27
9166	27
9167	27
9168	27
9169	27
9170	27
9171	27
9172	27
9173	27
9174	27
9175	27
9176	27
9177	27
9178	27
9179	27
9180	27
9181	27
9182	27
9183	27
9184	27
9185	27
9186	27
9187	27
9188	27
9189	27
9190	27
9191	27
9192	27
9193	27
9194	27
9195	27
9196	27
9197	27
9198	27
9199	27
9200	27
9201	27
9202	27
9203	27
9204	27
9205	27
9206	27
9207	27
9208	27
9209	27
9210	27
9211	27
9212	27
9213	27
9214	27
9215	27
9216	27
9217	27
9218	27
9219	27
9220	27
9221	27
9222	27
9223	27
9224	27
9225	27
9226	27
9227	27
9228	27
9229	27
9230	27
9231	27
9232	27
9233	27
9234	27
9235	27
9236	27
9237	27
9238	27
9239	27
9240	27
9241	27
9242	27
9243	27
9244	27
9245	27
9246	27
9247	27
9248	27
9249	27
9250	27
9251	27
9252	27
9253	27
9254	27
9255	27
9256	27
9257	27
9258	27
9259	27
9260	27
9261	27
9262	27
9263	27
9264	27
9265	27
9266	27
9267	27
9268	27
9269	27
9270	27
9271	27
9272	27
9273	27
9274	27
9275	27
9276	27
9277	27
9278	27
9279	27
9280	27
9281	27
9282	27
9283	27
9284	27
9285	27
9286	27
9287	27
9288	27
9289	27
9290	27
9291	27
9292	27
9293	27
9294	27
9295	27
9296	27
9297	27
9298	27
9299	27
9300	27
9301	27
9302	27
9303	27
9304	27
9305	27
9306	27
9307	27
9308	27
9309	27
9310	27
9311	27
9312	27
9313	27
9314	27
9315	27
9316	27
9317	27
9318	27
9319	27
9320	27
9321	27
9322	27
9323	27
9324	27
9325	27
9326	27
9327	27
9328	27
9329	27
9330	27
9331	27
9332	27
9333	27
9334	27
9335	27
9336	27
9337	27
9338	27
9339	27
9340	27
9341	27
9342	27
9343	27
9344	27
9345	27
9346	27
9347	27
9348	27
9349	27
9350	27
9351	27
9352	27
9353	27
9354	27
9355	27
9356	27
9357	27
9358	27
9359	27
9360	27
9361	27
9362	27
9363	27
9364	27
9365	27
9366	27
9367	27
9368	27
9369	27
9370	27
9371	27
9372	27
9373	27
9374	27
9375	27
9376	27
9377	27
9378	27
9379	27
9380	27
9381	27
9382	27
9383	27
9384	27
9385	27
9386	27
9387	27
9388	27
9389	27
9390	27
9391	27
9392	27
9393	27
9394	27
9395	27
9396	27
9397	27
9398	27
9399	27
9400	27
9401	27
9402	27
9403	27
9404	27
9405	27
9406	27
9407	27
9408	27
9409	27
9410	27
9411	27
9412	27
9413	27
9414	27
9415	27
9416	27
9417	27
9418	27
9419	27
9420	27
9421	27
9422	27
9423	27
9424	27
9425	27
9426	27
9427	27
9428	27
9429	27
9430	27
9431	27
9432	27
9433	27
9434	27
9435	27
9436	27
9437	27
9438	27
9439	27
9440	27
9441	27
9442	27
9443	27
9444	27
9445	27
9446	27
9447	27
9448	27
9449	27
9450	27
9451	27
9452	27
9453	27
9454	27
9455	27
9456	27
9457	27
9458	27
9459	27
9460	27
9461	27
9462	27
9463	27
9464	27
9465	27
9466	27
9467	27
9468	27
9469	27
9470	27
9471	27
9472	27
9473	27
9474	27
9475	27
9476	27
9477	27
9478	27
9479	27
9480	27
9481	27
9482	27
9483	27
9484	27
9485	27
9486	27
9487	27
9488	27
9489	27
9490	27
9491	27
9492	27
9493	27
9494	27
9495	27
9496	27
9497	27
9498	27
9499	27
9500	27
9501	27
9502	27
9503	27
9504	27
9505	27
9506	27
9507	27
9508	27
9509	27
9510	27
9511	27
9512	27
9513	27
9514	27
9515	27
9516	27
9517	27
9518	27
9519	27
9520	27
9521	27
9522	27
9523	27
9524	27
9525	27
9526	27
9527	27
9528	27
9529	27
9530	27
9531	27
9532	27
9533	27
9534	27
9535	27
9536	27
9537	27
9538	27
9539	27
9540	27
9541	27
9542	27
9543	27
9544	27
9545	27
9546	27
9547	27
9548	27
9549	27
9550	27
9551	27
9552	27
9553	27
9554	27
9555	27
9556	27
9557	27
9558	27
9559	27
9560	27
9561	27
9562	27
9563	27
9564	27
9565	27
9566	27
9567	27
9568	27
9569	27
9570	27
9571	27
9572	27
9573	27
9574	27
9575	27
9576	27
9577	27
9578	27
9579	27
9580	27
9581	27
9582	27
9583	27
9584	27
9585	27
9586	27
9587	27
9588	27
9589	27
9590	27
9591	27
9592	27
9593	27
9594	27
9595	27
9596	27
9597	27
9598	27
9599	27
9600	27
9601	27
9602	27
9603	27
9604	27
9605	27
9606	27
9607	27
9608	27
9609	27
9610	27
9611	27
9612	27
9613	27
9614	27
9615	27
9616	27
9617	27
9618	27
9619	27
9620	27
9621	27
9622	27
9623	27
9624	27
9625	27
9626	27
9627	27
9628	27
9629	27
9630	27
9631	27
9632	27
9633	28
9634	28
9635	28
9636	28
9637	28
9638	28
9639	28
9640	28
9641	28
9642	28
9643	28
9644	28
9645	28
9646	28
9647	28
9648	28
9649	28
9650	28
9651	28
9652	28
9653	28
9654	28
9655	28
9656	28
9657	28
9658	28
9659	28
9660	28
9661	28
9662	28
9663	28
9664	28
9665	28
9666	28
9667	28
9668	28
9669	28
9670	28
9671	28
9672	28
9673	28
9674	28
9675	28
9676	28
9677	28
9678	28
9679	28
9680	28
9681	28
9682	28
9683	28
9684	28
9685	28
9686	28
9687	28
9688	28
9689	28
9690	28
9691	28
9692	28
9693	28
9694	28
9695	28
9696	28
9697	28
9698	28
9699	28
9700	28
9701	28
9702	28
9703	28
9704	28
9705	28
9706	28
9707	28
9708	28
9709	28
9710	28
9711	28
9712	28
9713	28
9714	28
9715	28
9716	28
9717	28
9718	28
9719	28
9720	28
9721	28
9722	28
9723	28
9724	28
9725	28
9726	28
9727	28
9728	28
9729	28
9730	28
9731	28
9732	28
9733	28
9734	28
9735	28
9736	28
9737	28
9738	28
9739	28
9740	28
9741	28
9742	28
9743	28
9744	28
9745	28
9746	28
9747	28
9748	28
9749	28
9750	28
9751	28
9752	28
9753	28
9754	28
9755	28
9756	28
9757	28
9758	28
9759	28
9760	28
9761	28
9762	28
9763	28
9764	28
9765	28
9766	28
9767	28
9768	28
9769	28
9770	28
9771	28
9772	28
9773	28
9774	28
9775	28
9776	28
9777	28
9778	28
9779	28
9780	28
9781	28
9782	28
9783	28
9784	28
9785	28
9786	29
9787	29
9788	29
9789	29
9790	29
9791	29
9792	29
9793	29
9794	29
9795	29
9796	29
9797	29
9798	29
9799	29
9800	29
9801	29
9802	29
9803	29
9804	29
9805	29
9806	29
9807	29
9808	29
9809	29
9810	29
9811	29
9812	29
9813	29
9814	29
9815	29
9816	29
9817	29
9818	29
9819	29
9820	29
9821	29
9822	29
9823	29
9824	29
9825	29
9826	29
9827	29
9828	29
9829	29
9830	29
9831	29
9832	29
9833	29
9834	29
9835	29
9836	29
9837	29
9838	29
9839	29
9840	29
9841	29
9842	29
9843	29
9844	29
9845	29
9846	29
9847	29
9848	29
9849	29
9850	29
9851	29
9852	29
9853	29
9854	29
9855	29
9856	29
9857	29
9858	29
9859	29
9860	29
9861	29
9862	29
9863	29
9864	29
9865	29
9866	29
9867	29
9868	29
9869	29
9870	29
9871	29
9872	29
9873	29
9874	29
9875	29
9876	29
9877	29
9878	29
9879	29
9880	29
9881	29
9882	29
9883	29
9884	29
9885	29
9886	29
9887	29
9888	29
9889	29
9890	29
9891	29
9892	29
9893	29
9894	29
9895	29
9896	29
9897	29
9898	29
9899	29
9900	29
9901	29
9902	29
9903	29
9904	29
9905	29
9906	29
9907	29
9908	29
9909	29
9910	29
9911	29
9912	29
9913	29
9914	29
9915	29
9916	29
9917	29
9918	29
9919	29
9920	29
9921	29
9922	29
9923	29
9924	29
9925	29
9926	29
9927	29
9928	29
9929	29
9930	29
9931	29
9932	29
9933	29
9934	29
9935	29
9936	29
9937	29
9938	29
9939	29
9940	29
9941	29
9942	29
9943	29
9944	29
9945	29
9946	29
9947	29
9948	29
9949	29
9950	29
9951	29
9952	29
9953	29
9954	29
9955	29
9956	29
9957	29
9958	29
9959	29
9960	29
9961	29
9962	29
9963	29
9964	29
9965	29
9966	29
9967	29
9968	29
9969	29
9970	29
9971	29
9972	29
9973	29
9974	29
9975	29
9976	29
9977	29
9978	29
9979	29
9980	29
9981	29
9982	29
9983	29
9984	29
9985	29
9986	29
9987	29
9988	29
9989	29
9990	29
9991	29
9992	29
9993	29
9994	29
9995	29
9996	29
9997	29
9998	29
9999	30
10000	30
