#Clock	ItemsCollected
1	0
2	0
3	0
4	0
5	0
6	0
7	0
8	0
9	0
10	0
11	0
12	0
13	0
14	0
15	0
16	0
17	0
18	0
19	0
20	0
21	0
22	0
23	0
24	0
25	0
26	0
27	0
28	0
29	0
30	0
31	0
32	0
33	0
34	0
35	0
36	0
37	0
38	0
39	0
40	0
41	0
42	0
43	0
44	0
45	0
46	0
47	0
48	0
49	0
50	0
51	0
52	0
53	0
54	0
55	0
56	0
57	0
58	0
59	0
60	0
61	0
62	0
63	0
64	0
65	0
66	0
67	0
68	0
69	0
70	0
71	0
72	0
73	0
74	0
75	0
76	0
77	0
78	0
79	0
80	0
81	0
82	0
83	0
84	0
85	0
86	0
87	0
88	0
89	0
90	0
91	0
92	0
93	0
94	0
95	0
96	0
97	0
98	0
99	0
100	0
101	0
102	0
103	0
104	0
105	0
106	0
107	0
108	0
109	0
110	0
111	0
112	0
113	0
114	0
115	0
116	0
117	0
118	0
119	0
120	0
121	0
122	0
123	0
124	0
125	0
126	0
127	0
128	0
129	0
130	0
131	0
132	0
133	0
134	0
135	0
136	0
137	0
138	0
139	0
140	0
141	0
142	0
143	0
144	0
145	0
146	0
147	0
148	0
149	0
150	0
151	0
152	0
153	0
154	0
155	0
156	0
157	0
158	0
159	0
160	0
161	0
162	0
163	0
164	0
165	0
166	0
167	0
168	0
169	0
170	0
171	0
172	0
173	0
174	0
175	0
176	0
177	0
178	0
179	0
180	0
181	0
182	0
183	0
184	0
185	0
186	0
187	0
188	0
189	0
190	0
191	0
192	0
193	0
194	0
195	0
196	0
197	0
198	0
199	0
200	0
201	0
202	0
203	0
204	0
205	0
206	0
207	0
208	0
209	0
210	0
211	0
212	0
213	0
214	0
215	0
216	0
217	0
218	0
219	0
220	0
221	0
222	0
223	0
224	0
225	0
226	0
227	0
228	0
229	0
230	0
231	0
232	0
233	0
234	0
235	0
236	0
237	0
238	0
239	0
240	0
241	0
242	0
243	0
244	0
245	0
246	0
247	0
248	0
249	0
250	0
251	0
252	0
253	0
254	0
255	0
256	0
257	0
258	0
259	0
260	0
261	0
262	0
263	0
264	0
265	0
266	0
267	0
268	0
269	0
270	0
271	0
272	0
273	0
274	0
275	0
276	0
277	0
278	0
279	0
280	0
281	0
282	0
283	0
284	0
285	0
286	0
287	0
288	0
289	0
290	0
291	0
292	0
293	0
294	0
295	0
296	0
297	0
298	0
299	0
300	0
301	0
302	0
303	0
304	0
305	0
306	0
307	0
308	0
309	0
310	0
311	0
312	0
313	0
314	0
315	0
316	0
317	0
318	0
319	0
320	0
321	0
322	0
323	0
324	0
325	0
326	0
327	0
328	0
329	0
330	0
331	0
332	0
333	0
334	0
335	0
336	0
337	0
338	0
339	0
340	0
341	0
342	0
343	0
344	0
345	0
346	0
347	0
348	0
349	0
350	0
351	0
352	0
353	0
354	0
355	0
356	0
357	0
358	0
359	0
360	0
361	0
362	0
363	0
364	0
365	0
366	0
367	0
368	0
369	0
370	0
371	0
372	0
373	0
374	0
375	0
376	0
377	0
378	0
379	0
380	0
381	0
382	0
383	0
384	0
385	0
386	0
387	0
388	0
389	0
390	0
391	0
392	0
393	0
394	0
395	0
396	0
397	0
398	0
399	0
400	0
401	0
402	0
403	0
404	0
405	0
406	0
407	0
408	0
409	0
410	0
411	0
412	0
413	0
414	0
415	0
416	0
417	0
418	0
419	0
420	0
421	0
422	0
423	0
424	0
425	0
426	0
427	0
428	0
429	0
430	0
431	0
432	0
433	0
434	0
435	0
436	0
437	0
438	0
439	0
440	0
441	0
442	0
443	0
444	0
445	0
446	0
447	0
448	0
449	0
450	0
451	0
452	0
453	0
454	0
455	0
456	0
457	0
458	0
459	0
460	0
461	0
462	0
463	0
464	0
465	0
466	0
467	0
468	0
469	0
470	0
471	0
472	0
473	0
474	0
475	0
476	0
477	0
478	0
479	0
480	0
481	0
482	0
483	0
484	0
485	0
486	0
487	0
488	0
489	0
490	0
491	0
492	0
493	0
494	0
495	0
496	0
497	0
498	0
499	0
500	0
501	0
502	0
503	0
504	0
505	0
506	0
507	0
508	0
509	0
510	0
511	0
512	0
513	0
514	0
515	0
516	0
517	0
518	0
519	0
520	0
521	0
522	0
523	0
524	0
525	0
526	0
527	0
528	0
529	0
530	0
531	0
532	0
533	0
534	0
535	0
536	0
537	0
538	0
539	0
540	0
541	0
542	0
543	0
544	0
545	0
546	0
547	0
548	0
549	0
550	0
551	0
552	0
553	0
554	0
555	0
556	0
557	0
558	0
559	0
560	0
561	0
562	0
563	0
564	0
565	0
566	0
567	0
568	0
569	0
570	0
571	0
572	0
573	0
574	0
575	0
576	0
577	0
578	0
579	0
580	0
581	0
582	0
583	0
584	0
585	0
586	0
587	0
588	0
589	0
590	0
591	0
592	0
593	0
594	0
595	0
596	0
597	0
598	0
599	0
600	0
601	0
602	0
603	0
604	0
605	0
606	0
607	0
608	0
609	0
610	0
611	0
612	0
613	0
614	0
615	0
616	0
617	0
618	0
619	0
620	0
621	0
622	0
623	0
624	0
625	0
626	0
627	0
628	0
629	0
630	0
631	0
632	0
633	0
634	0
635	0
636	0
637	0
638	0
639	0
640	0
641	0
642	0
643	0
644	0
645	0
646	0
647	0
648	0
649	0
650	0
651	0
652	0
653	0
654	0
655	0
656	0
657	0
658	0
659	0
660	0
661	0
662	0
663	0
664	0
665	0
666	0
667	0
668	0
669	0
670	0
671	0
672	0
673	0
674	0
675	0
676	0
677	0
678	0
679	0
680	0
681	0
682	0
683	0
684	0
685	0
686	0
687	0
688	0
689	0
690	0
691	0
692	0
693	0
694	0
695	0
696	0
697	0
698	0
699	0
700	0
701	0
702	0
703	0
704	0
705	0
706	0
707	0
708	0
709	0
710	0
711	0
712	0
713	0
714	0
715	0
716	0
717	0
718	0
719	0
720	0
721	0
722	0
723	0
724	0
725	0
726	0
727	0
728	0
729	0
730	0
731	0
732	0
733	0
734	0
735	0
736	0
737	0
738	0
739	0
740	0
741	0
742	0
743	0
744	0
745	0
746	0
747	0
748	0
749	0
750	0
751	0
752	0
753	0
754	0
755	0
756	0
757	0
758	0
759	0
760	0
761	0
762	0
763	0
764	0
765	0
766	0
767	0
768	0
769	0
770	0
771	0
772	0
773	0
774	0
775	0
776	0
777	0
778	0
779	0
780	0
781	0
782	0
783	0
784	0
785	0
786	0
787	0
788	0
789	0
790	0
791	0
792	0
793	0
794	0
795	0
796	0
797	0
798	0
799	0
800	0
801	0
802	0
803	0
804	0
805	0
806	0
807	0
808	0
809	0
810	0
811	0
812	0
813	0
814	0
815	0
816	0
817	0
818	0
819	0
820	0
821	0
822	0
823	0
824	0
825	0
826	0
827	0
828	0
829	0
830	0
831	0
832	0
833	0
834	0
835	0
836	0
837	0
838	0
839	0
840	0
841	0
842	0
843	0
844	0
845	0
846	0
847	0
848	0
849	0
850	0
851	0
852	0
853	0
854	0
855	0
856	0
857	0
858	0
859	0
860	0
861	0
862	0
863	0
864	0
865	0
866	0
867	0
868	0
869	0
870	0
871	0
872	0
873	0
874	0
875	0
876	0
877	0
878	0
879	0
880	0
881	0
882	0
883	0
884	0
885	0
886	0
887	0
888	0
889	0
890	0
891	0
892	0
893	0
894	0
895	0
896	0
897	0
898	0
899	0
900	0
901	0
902	0
903	0
904	0
905	0
906	0
907	0
908	0
909	0
910	0
911	0
912	0
913	0
914	0
915	0
916	0
917	0
918	0
919	0
920	0
921	0
922	0
923	0
924	0
925	0
926	0
927	0
928	0
929	0
930	0
931	0
932	0
933	0
934	0
935	0
936	0
937	0
938	0
939	0
940	0
941	0
942	0
943	0
944	0
945	0
946	0
947	0
948	0
949	0
950	0
951	0
952	0
953	0
954	0
955	0
956	0
957	0
958	0
959	0
960	0
961	0
962	0
963	0
964	0
965	0
966	0
967	0
968	0
969	0
970	0
971	0
972	0
973	0
974	0
975	0
976	0
977	0
978	0
979	0
980	0
981	0
982	0
983	0
984	0
985	0
986	0
987	0
988	0
989	0
990	0
991	0
992	0
993	0
994	0
995	0
996	0
997	0
998	0
999	0
1000	0
1001	0
1002	0
1003	0
1004	0
1005	0
1006	0
1007	0
1008	0
1009	0
1010	0
1011	0
1012	0
1013	0
1014	0
1015	0
1016	0
1017	0
1018	0
1019	0
1020	0
1021	0
1022	0
1023	0
1024	0
1025	0
1026	0
1027	0
1028	0
1029	0
1030	0
1031	0
1032	0
1033	0
1034	0
1035	0
1036	0
1037	0
1038	0
1039	0
1040	0
1041	0
1042	0
1043	0
1044	0
1045	0
1046	0
1047	0
1048	0
1049	0
1050	0
1051	0
1052	0
1053	0
1054	0
1055	0
1056	0
1057	0
1058	0
1059	0
1060	0
1061	0
1062	0
1063	0
1064	0
1065	0
1066	0
1067	0
1068	0
1069	0
1070	0
1071	0
1072	0
1073	0
1074	0
1075	0
1076	0
1077	0
1078	0
1079	0
1080	0
1081	0
1082	0
1083	0
1084	0
1085	0
1086	0
1087	0
1088	0
1089	0
1090	0
1091	0
1092	0
1093	0
1094	0
1095	0
1096	0
1097	0
1098	0
1099	0
1100	0
1101	0
1102	0
1103	0
1104	0
1105	0
1106	0
1107	0
1108	0
1109	0
1110	0
1111	0
1112	0
1113	0
1114	0
1115	0
1116	0
1117	0
1118	0
1119	0
1120	0
1121	0
1122	0
1123	0
1124	0
1125	0
1126	0
1127	0
1128	0
1129	0
1130	0
1131	0
1132	0
1133	0
1134	0
1135	0
1136	0
1137	0
1138	0
1139	0
1140	0
1141	0
1142	0
1143	0
1144	0
1145	0
1146	0
1147	0
1148	0
1149	0
1150	0
1151	0
1152	0
1153	0
1154	0
1155	0
1156	0
1157	0
1158	0
1159	0
1160	0
1161	0
1162	0
1163	0
1164	0
1165	0
1166	0
1167	0
1168	0
1169	0
1170	0
1171	0
1172	0
1173	0
1174	0
1175	0
1176	0
1177	0
1178	0
1179	0
1180	0
1181	0
1182	0
1183	0
1184	0
1185	0
1186	0
1187	0
1188	0
1189	0
1190	0
1191	0
1192	0
1193	0
1194	0
1195	0
1196	0
1197	0
1198	0
1199	0
1200	0
1201	0
1202	0
1203	0
1204	0
1205	0
1206	0
1207	0
1208	0
1209	0
1210	0
1211	0
1212	0
1213	0
1214	0
1215	0
1216	0
1217	0
1218	0
1219	0
1220	0
1221	0
1222	0
1223	0
1224	0
1225	0
1226	0
1227	0
1228	0
1229	0
1230	0
1231	0
1232	0
1233	0
1234	0
1235	0
1236	0
1237	0
1238	0
1239	0
1240	0
1241	0
1242	0
1243	0
1244	0
1245	0
1246	0
1247	0
1248	0
1249	0
1250	0
1251	0
1252	0
1253	0
1254	0
1255	0
1256	0
1257	0
1258	0
1259	0
1260	0
1261	0
1262	0
1263	0
1264	0
1265	0
1266	0
1267	0
1268	0
1269	0
1270	0
1271	0
1272	0
1273	0
1274	0
1275	0
1276	0
1277	0
1278	0
1279	0
1280	0
1281	0
1282	0
1283	0
1284	0
1285	0
1286	0
1287	0
1288	0
1289	0
1290	0
1291	0
1292	0
1293	0
1294	0
1295	0
1296	0
1297	0
1298	0
1299	0
1300	0
1301	0
1302	0
1303	0
1304	0
1305	0
1306	0
1307	0
1308	0
1309	0
1310	0
1311	0
1312	0
1313	0
1314	0
1315	0
1316	0
1317	0
1318	0
1319	0
1320	0
1321	0
1322	0
1323	0
1324	0
1325	0
1326	0
1327	0
1328	0
1329	0
1330	0
1331	0
1332	0
1333	0
1334	0
1335	0
1336	0
1337	0
1338	0
1339	0
1340	0
1341	0
1342	0
1343	0
1344	0
1345	0
1346	0
1347	0
1348	0
1349	0
1350	0
1351	0
1352	0
1353	0
1354	0
1355	0
1356	0
1357	0
1358	0
1359	0
1360	0
1361	0
1362	0
1363	0
1364	0
1365	0
1366	0
1367	0
1368	0
1369	0
1370	0
1371	0
1372	0
1373	0
1374	0
1375	0
1376	0
1377	0
1378	0
1379	0
1380	0
1381	0
1382	0
1383	0
1384	0
1385	0
1386	0
1387	0
1388	0
1389	0
1390	0
1391	0
1392	0
1393	0
1394	0
1395	0
1396	0
1397	0
1398	0
1399	0
1400	0
1401	0
1402	0
1403	0
1404	0
1405	0
1406	0
1407	0
1408	0
1409	0
1410	0
1411	0
1412	0
1413	0
1414	0
1415	0
1416	0
1417	0
1418	0
1419	0
1420	0
1421	0
1422	0
1423	0
1424	0
1425	0
1426	0
1427	0
1428	0
1429	0
1430	0
1431	0
1432	0
1433	0
1434	0
1435	0
1436	0
1437	0
1438	0
1439	0
1440	0
1441	0
1442	0
1443	0
1444	0
1445	0
1446	0
1447	0
1448	0
1449	0
1450	0
1451	0
1452	0
1453	0
1454	0
1455	0
1456	0
1457	0
1458	0
1459	0
1460	0
1461	0
1462	0
1463	0
1464	0
1465	0
1466	0
1467	0
1468	0
1469	0
1470	0
1471	0
1472	0
1473	0
1474	0
1475	0
1476	0
1477	0
1478	0
1479	0
1480	0
1481	0
1482	0
1483	0
1484	0
1485	0
1486	0
1487	0
1488	0
1489	0
1490	0
1491	0
1492	0
1493	0
1494	0
1495	0
1496	0
1497	0
1498	0
1499	0
1500	0
1501	0
1502	0
1503	0
1504	0
1505	0
1506	0
1507	0
1508	0
1509	0
1510	0
1511	0
1512	0
1513	0
1514	0
1515	0
1516	0
1517	0
1518	0
1519	0
1520	0
1521	0
1522	0
1523	0
1524	0
1525	0
1526	0
1527	0
1528	0
1529	0
1530	0
1531	0
1532	0
1533	0
1534	0
1535	0
1536	0
1537	0
1538	0
1539	0
1540	0
1541	0
1542	0
1543	0
1544	0
1545	0
1546	0
1547	0
1548	0
1549	0
1550	0
1551	0
1552	0
1553	0
1554	0
1555	0
1556	0
1557	0
1558	0
1559	0
1560	0
1561	0
1562	0
1563	0
1564	0
1565	0
1566	0
1567	0
1568	0
1569	0
1570	0
1571	0
1572	0
1573	0
1574	0
1575	0
1576	0
1577	0
1578	0
1579	0
1580	0
1581	0
1582	0
1583	0
1584	0
1585	0
1586	0
1587	0
1588	0
1589	0
1590	0
1591	0
1592	0
1593	0
1594	0
1595	0
1596	0
1597	0
1598	0
1599	0
1600	0
1601	0
1602	0
1603	0
1604	0
1605	0
1606	0
1607	0
1608	0
1609	0
1610	0
1611	0
1612	0
1613	0
1614	0
1615	0
1616	0
1617	0
1618	0
1619	0
1620	0
1621	0
1622	0
1623	0
1624	0
1625	0
1626	0
1627	0
1628	0
1629	0
1630	0
1631	0
1632	0
1633	0
1634	0
1635	0
1636	0
1637	0
1638	0
1639	0
1640	0
1641	0
1642	0
1643	0
1644	0
1645	0
1646	0
1647	0
1648	0
1649	0
1650	0
1651	0
1652	0
1653	0
1654	0
1655	0
1656	0
1657	0
1658	0
1659	0
1660	0
1661	0
1662	0
1663	0
1664	0
1665	0
1666	0
1667	0
1668	0
1669	0
1670	0
1671	0
1672	0
1673	0
1674	0
1675	0
1676	0
1677	0
1678	0
1679	0
1680	0
1681	0
1682	0
1683	0
1684	0
1685	0
1686	0
1687	0
1688	0
1689	0
1690	0
1691	0
1692	0
1693	0
1694	0
1695	0
1696	0
1697	0
1698	0
1699	0
1700	0
1701	0
1702	0
1703	0
1704	0
1705	0
1706	0
1707	0
1708	0
1709	0
1710	0
1711	0
1712	0
1713	0
1714	0
1715	0
1716	0
1717	0
1718	0
1719	0
1720	0
1721	0
1722	0
1723	0
1724	0
1725	0
1726	0
1727	0
1728	0
1729	0
1730	0
1731	0
1732	0
1733	0
1734	0
1735	0
1736	0
1737	0
1738	0
1739	0
1740	0
1741	0
1742	0
1743	0
1744	0
1745	0
1746	0
1747	0
1748	0
1749	0
1750	0
1751	0
1752	0
1753	0
1754	0
1755	0
1756	0
1757	0
1758	0
1759	0
1760	0
1761	0
1762	0
1763	0
1764	0
1765	0
1766	0
1767	0
1768	0
1769	0
1770	0
1771	0
1772	0
1773	0
1774	0
1775	0
1776	0
1777	0
1778	0
1779	0
1780	0
1781	0
1782	0
1783	0
1784	0
1785	0
1786	0
1787	0
1788	0
1789	0
1790	0
1791	0
1792	0
1793	0
1794	0
1795	0
1796	0
1797	0
1798	0
1799	0
1800	0
1801	0
1802	0
1803	0
1804	0
1805	0
1806	0
1807	0
1808	0
1809	0
1810	0
1811	0
1812	0
1813	0
1814	0
1815	0
1816	0
1817	0
1818	0
1819	0
1820	0
1821	0
1822	0
1823	0
1824	0
1825	0
1826	0
1827	0
1828	0
1829	0
1830	0
1831	0
1832	0
1833	0
1834	0
1835	0
1836	0
1837	0
1838	0
1839	0
1840	0
1841	0
1842	0
1843	0
1844	0
1845	0
1846	0
1847	0
1848	0
1849	0
1850	0
1851	0
1852	0
1853	0
1854	0
1855	0
1856	0
1857	0
1858	0
1859	0
1860	0
1861	0
1862	0
1863	0
1864	0
1865	0
1866	0
1867	0
1868	0
1869	0
1870	0
1871	0
1872	0
1873	0
1874	0
1875	0
1876	0
1877	0
1878	0
1879	0
1880	0
1881	0
1882	0
1883	0
1884	0
1885	0
1886	0
1887	0
1888	0
1889	0
1890	0
1891	0
1892	0
1893	0
1894	0
1895	0
1896	0
1897	0
1898	0
1899	0
1900	0
1901	0
1902	0
1903	0
1904	0
1905	0
1906	0
1907	0
1908	0
1909	0
1910	0
1911	0
1912	0
1913	0
1914	0
1915	0
1916	0
1917	0
1918	0
1919	0
1920	0
1921	0
1922	0
1923	0
1924	0
1925	0
1926	0
1927	0
1928	0
1929	0
1930	0
1931	0
1932	0
1933	0
1934	0
1935	0
1936	0
1937	0
1938	0
1939	0
1940	0
1941	0
1942	0
1943	0
1944	0
1945	0
1946	0
1947	0
1948	0
1949	0
1950	0
1951	0
1952	0
1953	0
1954	0
1955	0
1956	0
1957	0
1958	0
1959	0
1960	0
1961	0
1962	0
1963	0
1964	0
1965	0
1966	0
1967	0
1968	0
1969	0
1970	0
1971	0
1972	0
1973	0
1974	0
1975	0
1976	0
1977	0
1978	0
1979	0
1980	0
1981	0
1982	0
1983	0
1984	0
1985	0
1986	0
1987	0
1988	0
1989	0
1990	0
1991	0
1992	0
1993	0
1994	0
1995	0
1996	0
1997	0
1998	0
1999	0
2000	0
2001	0
2002	0
2003	0
2004	0
2005	0
2006	0
2007	0
2008	0
2009	0
2010	0
2011	0
2012	0
2013	0
2014	0
2015	0
2016	0
2017	0
2018	0
2019	0
2020	0
2021	0
2022	0
2023	0
2024	0
2025	0
2026	0
2027	0
2028	0
2029	0
2030	0
2031	0
2032	0
2033	0
2034	0
2035	0
2036	0
2037	0
2038	0
2039	0
2040	0
2041	0
2042	0
2043	0
2044	0
2045	0
2046	0
2047	0
2048	0
2049	0
2050	0
2051	0
2052	0
2053	0
2054	0
2055	0
2056	0
2057	0
2058	0
2059	0
2060	0
2061	0
2062	0
2063	0
2064	0
2065	0
2066	0
2067	0
2068	0
2069	0
2070	0
2071	0
2072	0
2073	0
2074	0
2075	0
2076	0
2077	0
2078	0
2079	0
2080	0
2081	0
2082	0
2083	0
2084	0
2085	0
2086	0
2087	0
2088	0
2089	0
2090	0
2091	0
2092	0
2093	0
2094	0
2095	0
2096	0
2097	0
2098	0
2099	0
2100	0
2101	0
2102	0
2103	0
2104	0
2105	0
2106	0
2107	0
2108	0
2109	0
2110	0
2111	0
2112	0
2113	0
2114	0
2115	0
2116	0
2117	0
2118	0
2119	0
2120	0
2121	0
2122	0
2123	0
2124	0
2125	0
2126	0
2127	0
2128	0
2129	0
2130	0
2131	0
2132	0
2133	0
2134	0
2135	0
2136	0
2137	0
2138	0
2139	0
2140	0
2141	0
2142	0
2143	0
2144	0
2145	0
2146	0
2147	0
2148	0
2149	0
2150	0
2151	0
2152	0
2153	0
2154	0
2155	0
2156	0
2157	0
2158	0
2159	0
2160	0
2161	0
2162	0
2163	0
2164	0
2165	0
2166	0
2167	0
2168	0
2169	0
2170	0
2171	0
2172	0
2173	0
2174	0
2175	0
2176	0
2177	0
2178	0
2179	0
2180	0
2181	0
2182	0
2183	0
2184	0
2185	0
2186	0
2187	0
2188	0
2189	0
2190	0
2191	0
2192	0
2193	0
2194	0
2195	0
2196	0
2197	0
2198	0
2199	0
2200	0
2201	0
2202	0
2203	0
2204	0
2205	0
2206	0
2207	0
2208	0
2209	0
2210	0
2211	0
2212	0
2213	0
2214	0
2215	0
2216	0
2217	0
2218	0
2219	0
2220	0
2221	0
2222	0
2223	0
2224	0
2225	0
2226	0
2227	0
2228	0
2229	0
2230	0
2231	0
2232	0
2233	0
2234	0
2235	0
2236	0
2237	0
2238	0
2239	0
2240	0
2241	0
2242	0
2243	0
2244	0
2245	0
2246	0
2247	0
2248	0
2249	0
2250	0
2251	0
2252	0
2253	0
2254	0
2255	0
2256	0
2257	0
2258	0
2259	0
2260	0
2261	0
2262	0
2263	0
2264	0
2265	0
2266	0
2267	0
2268	0
2269	0
2270	0
2271	0
2272	0
2273	0
2274	0
2275	0
2276	0
2277	0
2278	0
2279	0
2280	0
2281	0
2282	0
2283	0
2284	0
2285	0
2286	0
2287	0
2288	0
2289	0
2290	0
2291	0
2292	0
2293	0
2294	0
2295	0
2296	0
2297	0
2298	0
2299	0
2300	0
2301	0
2302	0
2303	0
2304	0
2305	0
2306	0
2307	0
2308	0
2309	0
2310	0
2311	0
2312	0
2313	0
2314	0
2315	0
2316	0
2317	0
2318	0
2319	0
2320	0
2321	0
2322	0
2323	0
2324	0
2325	0
2326	0
2327	0
2328	0
2329	0
2330	0
2331	0
2332	0
2333	0
2334	0
2335	0
2336	0
2337	0
2338	0
2339	0
2340	0
2341	0
2342	0
2343	0
2344	0
2345	0
2346	0
2347	0
2348	0
2349	0
2350	0
2351	0
2352	0
2353	0
2354	0
2355	0
2356	0
2357	0
2358	0
2359	0
2360	0
2361	0
2362	0
2363	0
2364	0
2365	0
2366	0
2367	0
2368	0
2369	0
2370	0
2371	0
2372	0
2373	0
2374	0
2375	0
2376	0
2377	0
2378	0
2379	0
2380	0
2381	0
2382	0
2383	0
2384	0
2385	0
2386	0
2387	0
2388	0
2389	0
2390	0
2391	0
2392	0
2393	0
2394	0
2395	0
2396	0
2397	0
2398	0
2399	0
2400	0
2401	0
2402	0
2403	0
2404	0
2405	0
2406	0
2407	0
2408	0
2409	0
2410	0
2411	0
2412	0
2413	0
2414	0
2415	0
2416	0
2417	0
2418	0
2419	0
2420	0
2421	0
2422	0
2423	0
2424	0
2425	0
2426	0
2427	0
2428	0
2429	0
2430	0
2431	0
2432	0
2433	0
2434	0
2435	0
2436	0
2437	0
2438	0
2439	0
2440	0
2441	0
2442	0
2443	0
2444	0
2445	0
2446	0
2447	0
2448	0
2449	0
2450	0
2451	0
2452	0
2453	0
2454	0
2455	0
2456	0
2457	0
2458	0
2459	0
2460	0
2461	0
2462	0
2463	0
2464	0
2465	0
2466	0
2467	0
2468	0
2469	0
2470	0
2471	0
2472	0
2473	0
2474	0
2475	0
2476	0
2477	0
2478	0
2479	0
2480	0
2481	0
2482	0
2483	0
2484	0
2485	0
2486	0
2487	0
2488	0
2489	0
2490	0
2491	0
2492	0
2493	0
2494	0
2495	0
2496	0
2497	0
2498	0
2499	0
2500	0
2501	0
2502	0
2503	0
2504	0
2505	0
2506	0
2507	0
2508	0
2509	0
2510	0
2511	0
2512	0
2513	0
2514	0
2515	0
2516	0
2517	0
2518	0
2519	0
2520	0
2521	0
2522	0
2523	0
2524	0
2525	0
2526	0
2527	0
2528	0
2529	0
2530	0
2531	0
2532	0
2533	0
2534	0
2535	0
2536	0
2537	0
2538	0
2539	0
2540	0
2541	0
2542	0
2543	0
2544	0
2545	0
2546	0
2547	0
2548	0
2549	0
2550	0
2551	0
2552	0
2553	0
2554	0
2555	0
2556	0
2557	0
2558	0
2559	0
2560	0
2561	0
2562	0
2563	0
2564	0
2565	0
2566	0
2567	0
2568	0
2569	0
2570	0
2571	0
2572	0
2573	0
2574	0
2575	0
2576	0
2577	0
2578	0
2579	0
2580	0
2581	0
2582	0
2583	0
2584	0
2585	0
2586	0
2587	0
2588	0
2589	0
2590	0
2591	0
2592	0
2593	0
2594	0
2595	0
2596	0
2597	0
2598	0
2599	0
2600	0
2601	0
2602	0
2603	0
2604	0
2605	0
2606	0
2607	0
2608	0
2609	0
2610	0
2611	0
2612	0
2613	0
2614	0
2615	0
2616	0
2617	0
2618	0
2619	0
2620	0
2621	0
2622	0
2623	0
2624	0
2625	0
2626	0
2627	0
2628	0
2629	0
2630	0
2631	0
2632	0
2633	0
2634	0
2635	0
2636	0
2637	0
2638	0
2639	0
2640	0
2641	0
2642	0
2643	0
2644	0
2645	0
2646	0
2647	0
2648	0
2649	0
2650	0
2651	0
2652	0
2653	0
2654	0
2655	0
2656	0
2657	0
2658	0
2659	0
2660	0
2661	0
2662	0
2663	0
2664	0
2665	0
2666	0
2667	0
2668	0
2669	0
2670	0
2671	0
2672	0
2673	0
2674	0
2675	0
2676	0
2677	0
2678	0
2679	0
2680	0
2681	0
2682	0
2683	0
2684	0
2685	0
2686	0
2687	0
2688	0
2689	0
2690	0
2691	0
2692	0
2693	0
2694	0
2695	0
2696	0
2697	0
2698	0
2699	0
2700	0
2701	0
2702	0
2703	0
2704	0
2705	0
2706	0
2707	0
2708	0
2709	0
2710	0
2711	0
2712	0
2713	0
2714	0
2715	0
2716	0
2717	0
2718	0
2719	0
2720	0
2721	0
2722	0
2723	0
2724	0
2725	0
2726	0
2727	0
2728	0
2729	0
2730	0
2731	0
2732	0
2733	0
2734	0
2735	0
2736	0
2737	0
2738	0
2739	0
2740	0
2741	0
2742	0
2743	0
2744	0
2745	0
2746	0
2747	0
2748	0
2749	0
2750	0
2751	0
2752	0
2753	0
2754	0
2755	0
2756	0
2757	0
2758	0
2759	0
2760	0
2761	0
2762	0
2763	0
2764	0
2765	0
2766	0
2767	0
2768	0
2769	0
2770	0
2771	0
2772	0
2773	0
2774	0
2775	0
2776	0
2777	0
2778	0
2779	0
2780	0
2781	0
2782	0
2783	0
2784	0
2785	0
2786	0
2787	0
2788	0
2789	0
2790	0
2791	0
2792	0
2793	0
2794	0
2795	0
2796	0
2797	0
2798	0
2799	0
2800	0
2801	0
2802	0
2803	0
2804	0
2805	0
2806	0
2807	0
2808	0
2809	0
2810	0
2811	0
2812	0
2813	0
2814	0
2815	0
2816	0
2817	0
2818	0
2819	0
2820	0
2821	0
2822	0
2823	0
2824	0
2825	0
2826	0
2827	0
2828	0
2829	0
2830	0
2831	0
2832	0
2833	0
2834	0
2835	0
2836	0
2837	0
2838	0
2839	0
2840	0
2841	0
2842	0
2843	0
2844	0
2845	0
2846	0
2847	0
2848	0
2849	0
2850	0
2851	0
2852	0
2853	0
2854	0
2855	0
2856	0
2857	0
2858	0
2859	0
2860	0
2861	0
2862	0
2863	0
2864	0
2865	0
2866	0
2867	0
2868	0
2869	0
2870	0
2871	0
2872	0
2873	0
2874	0
2875	0
2876	0
2877	0
2878	0
2879	0
2880	0
2881	0
2882	0
2883	0
2884	0
2885	0
2886	0
2887	0
2888	0
2889	0
2890	1
2891	1
2892	1
2893	1
2894	1
2895	1
2896	1
2897	1
2898	1
2899	1
2900	1
2901	1
2902	1
2903	1
2904	1
2905	1
2906	1
2907	1
2908	1
2909	1
2910	1
2911	1
2912	1
2913	1
2914	1
2915	1
2916	1
2917	1
2918	1
2919	1
2920	1
2921	1
2922	1
2923	1
2924	1
2925	1
2926	1
2927	1
2928	1
2929	1
2930	1
2931	1
2932	1
2933	1
2934	1
2935	1
2936	1
2937	1
2938	1
2939	1
2940	1
2941	1
2942	1
2943	1
2944	1
2945	1
2946	1
2947	1
2948	1
2949	1
2950	1
2951	1
2952	1
2953	1
2954	1
2955	1
2956	1
2957	1
2958	1
2959	1
2960	1
2961	1
2962	1
2963	1
2964	1
2965	1
2966	1
2967	1
2968	1
2969	1
2970	1
2971	1
2972	1
2973	1
2974	1
2975	1
2976	1
2977	1
2978	1
2979	1
2980	1
2981	1
2982	1
2983	1
2984	1
2985	1
2986	1
2987	1
2988	1
2989	1
2990	1
2991	1
2992	1
2993	1
2994	1
2995	1
2996	1
2997	1
2998	1
2999	1
3000	1
3001	1
3002	1
3003	1
3004	1
3005	1
3006	1
3007	1
3008	1
3009	1
3010	1
3011	1
3012	1
3013	1
3014	1
3015	1
3016	1
3017	1
3018	1
3019	1
3020	1
3021	1
3022	1
3023	1
3024	1
3025	1
3026	1
3027	1
3028	1
3029	1
3030	1
3031	1
3032	1
3033	1
3034	1
3035	1
3036	1
3037	1
3038	1
3039	1
3040	1
3041	1
3042	1
3043	1
3044	1
3045	1
3046	1
3047	1
3048	1
3049	1
3050	1
3051	1
3052	1
3053	1
3054	1
3055	1
3056	1
3057	1
3058	1
3059	1
3060	1
3061	1
3062	1
3063	1
3064	1
3065	1
3066	1
3067	1
3068	1
3069	1
3070	1
3071	1
3072	1
3073	1
3074	1
3075	1
3076	1
3077	1
3078	1
3079	1
3080	1
3081	1
3082	1
3083	1
3084	1
3085	1
3086	1
3087	1
3088	1
3089	1
3090	1
3091	1
3092	1
3093	1
3094	1
3095	1
3096	1
3097	1
3098	1
3099	1
3100	1
3101	1
3102	1
3103	1
3104	1
3105	1
3106	1
3107	1
3108	1
3109	1
3110	1
3111	1
3112	1
3113	1
3114	1
3115	1
3116	1
3117	1
3118	1
3119	1
3120	1
3121	2
3122	2
3123	2
3124	2
3125	2
3126	2
3127	2
3128	2
3129	2
3130	2
3131	2
3132	2
3133	2
3134	2
3135	2
3136	2
3137	2
3138	2
3139	2
3140	2
3141	2
3142	2
3143	2
3144	2
3145	2
3146	2
3147	2
3148	2
3149	2
3150	2
3151	2
3152	2
3153	2
3154	2
3155	2
3156	2
3157	2
3158	2
3159	2
3160	2
3161	2
3162	2
3163	2
3164	2
3165	2
3166	2
3167	2
3168	2
3169	2
3170	2
3171	2
3172	2
3173	2
3174	2
3175	2
3176	2
3177	2
3178	2
3179	2
3180	2
3181	2
3182	2
3183	2
3184	2
3185	2
3186	2
3187	2
3188	2
3189	2
3190	2
3191	2
3192	2
3193	2
3194	2
3195	2
3196	2
3197	2
3198	2
3199	2
3200	2
3201	2
3202	2
3203	2
3204	2
3205	2
3206	2
3207	2
3208	2
3209	2
3210	2
3211	2
3212	2
3213	2
3214	2
3215	2
3216	2
3217	2
3218	2
3219	2
3220	2
3221	2
3222	2
3223	2
3224	2
3225	2
3226	2
3227	2
3228	2
3229	2
3230	2
3231	2
3232	2
3233	2
3234	2
3235	2
3236	2
3237	2
3238	2
3239	2
3240	2
3241	2
3242	2
3243	2
3244	2
3245	2
3246	2
3247	2
3248	2
3249	2
3250	2
3251	2
3252	2
3253	2
3254	2
3255	2
3256	2
3257	2
3258	2
3259	2
3260	2
3261	2
3262	2
3263	2
3264	2
3265	2
3266	2
3267	2
3268	2
3269	2
3270	2
3271	2
3272	2
3273	2
3274	2
3275	2
3276	2
3277	2
3278	2
3279	2
3280	2
3281	2
3282	2
3283	2
3284	2
3285	2
3286	2
3287	2
3288	2
3289	2
3290	2
3291	2
3292	2
3293	2
3294	2
3295	2
3296	2
3297	2
3298	2
3299	2
3300	2
3301	2
3302	2
3303	2
3304	2
3305	2
3306	2
3307	2
3308	2
3309	2
3310	2
3311	2
3312	2
3313	2
3314	2
3315	2
3316	2
3317	2
3318	2
3319	2
3320	2
3321	2
3322	2
3323	2
3324	2
3325	2
3326	2
3327	2
3328	2
3329	2
3330	2
3331	2
3332	2
3333	2
3334	2
3335	2
3336	2
3337	2
3338	2
3339	2
3340	2
3341	2
3342	2
3343	2
3344	2
3345	2
3346	2
3347	2
3348	2
3349	2
3350	2
3351	2
3352	2
3353	2
3354	2
3355	2
3356	2
3357	2
3358	2
3359	2
3360	2
3361	2
3362	2
3363	2
3364	2
3365	2
3366	2
3367	2
3368	2
3369	2
3370	2
3371	2
3372	2
3373	2
3374	2
3375	2
3376	2
3377	2
3378	2
3379	2
3380	2
3381	2
3382	2
3383	2
3384	2
3385	2
3386	2
3387	2
3388	2
3389	2
3390	2
3391	2
3392	2
3393	2
3394	2
3395	2
3396	2
3397	2
3398	2
3399	2
3400	2
3401	2
3402	2
3403	2
3404	2
3405	2
3406	2
3407	2
3408	2
3409	2
3410	2
3411	2
3412	2
3413	2
3414	2
3415	2
3416	2
3417	2
3418	2
3419	2
3420	2
3421	2
3422	2
3423	2
3424	2
3425	2
3426	2
3427	2
3428	2
3429	2
3430	2
3431	2
3432	2
3433	2
3434	2
3435	2
3436	2
3437	2
3438	2
3439	2
3440	2
3441	2
3442	2
3443	2
3444	2
3445	2
3446	2
3447	2
3448	2
3449	2
3450	2
3451	2
3452	2
3453	2
3454	2
3455	2
3456	2
3457	2
3458	2
3459	2
3460	2
3461	2
3462	2
3463	2
3464	2
3465	2
3466	2
3467	2
3468	2
3469	2
3470	2
3471	2
3472	2
3473	2
3474	2
3475	2
3476	2
3477	2
3478	2
3479	2
3480	2
3481	2
3482	2
3483	2
3484	2
3485	2
3486	2
3487	2
3488	2
3489	2
3490	2
3491	2
3492	2
3493	2
3494	2
3495	2
3496	2
3497	2
3498	2
3499	2
3500	2
3501	2
3502	2
3503	2
3504	2
3505	2
3506	2
3507	2
3508	2
3509	2
3510	2
3511	2
3512	2
3513	2
3514	2
3515	2
3516	2
3517	2
3518	2
3519	2
3520	2
3521	2
3522	2
3523	2
3524	2
3525	2
3526	2
3527	2
3528	2
3529	2
3530	2
3531	2
3532	2
3533	2
3534	2
3535	2
3536	2
3537	2
3538	2
3539	2
3540	2
3541	2
3542	2
3543	2
3544	2
3545	2
3546	2
3547	2
3548	2
3549	2
3550	2
3551	2
3552	2
3553	2
3554	2
3555	2
3556	2
3557	2
3558	2
3559	2
3560	2
3561	2
3562	2
3563	2
3564	2
3565	2
3566	2
3567	2
3568	2
3569	2
3570	2
3571	2
3572	2
3573	2
3574	2
3575	2
3576	2
3577	2
3578	2
3579	2
3580	2
3581	2
3582	2
3583	2
3584	2
3585	2
3586	2
3587	2
3588	2
3589	2
3590	2
3591	2
3592	2
3593	2
3594	2
3595	2
3596	2
3597	2
3598	2
3599	2
3600	2
3601	2
3602	2
3603	2
3604	2
3605	2
3606	2
3607	2
3608	2
3609	2
3610	2
3611	2
3612	2
3613	2
3614	2
3615	2
3616	2
3617	2
3618	2
3619	2
3620	2
3621	2
3622	2
3623	2
3624	2
3625	2
3626	2
3627	2
3628	2
3629	2
3630	2
3631	2
3632	2
3633	2
3634	2
3635	2
3636	2
3637	2
3638	2
3639	2
3640	2
3641	2
3642	2
3643	2
3644	2
3645	2
3646	2
3647	2
3648	2
3649	2
3650	2
3651	2
3652	2
3653	2
3654	2
3655	2
3656	2
3657	2
3658	2
3659	2
3660	2
3661	2
3662	2
3663	2
3664	2
3665	2
3666	2
3667	2
3668	2
3669	2
3670	2
3671	2
3672	2
3673	2
3674	2
3675	2
3676	2
3677	2
3678	2
3679	2
3680	2
3681	2
3682	2
3683	2
3684	2
3685	2
3686	2
3687	2
3688	2
3689	2
3690	2
3691	2
3692	2
3693	2
3694	2
3695	2
3696	2
3697	2
3698	2
3699	2
3700	2
3701	2
3702	2
3703	2
3704	2
3705	2
3706	2
3707	2
3708	2
3709	2
3710	2
3711	2
3712	2
3713	2
3714	2
3715	2
3716	2
3717	2
3718	2
3719	2
3720	2
3721	2
3722	2
3723	2
3724	2
3725	2
3726	2
3727	2
3728	2
3729	2
3730	2
3731	2
3732	2
3733	2
3734	2
3735	2
3736	2
3737	2
3738	2
3739	2
3740	2
3741	2
3742	2
3743	2
3744	2
3745	2
3746	2
3747	2
3748	2
3749	2
3750	2
3751	2
3752	2
3753	2
3754	2
3755	2
3756	2
3757	2
3758	2
3759	2
3760	2
3761	2
3762	2
3763	2
3764	2
3765	2
3766	2
3767	2
3768	2
3769	2
3770	2
3771	2
3772	2
3773	2
3774	2
3775	2
3776	2
3777	2
3778	2
3779	2
3780	2
3781	2
3782	2
3783	2
3784	2
3785	2
3786	2
3787	2
3788	2
3789	2
3790	2
3791	2
3792	2
3793	2
3794	2
3795	2
3796	2
3797	2
3798	2
3799	2
3800	2
3801	2
3802	2
3803	2
3804	2
3805	2
3806	2
3807	2
3808	2
3809	2
3810	2
3811	2
3812	2
3813	2
3814	2
3815	2
3816	2
3817	2
3818	2
3819	2
3820	2
3821	2
3822	2
3823	2
3824	2
3825	2
3826	2
3827	2
3828	2
3829	2
3830	2
3831	2
3832	2
3833	2
3834	2
3835	2
3836	2
3837	2
3838	2
3839	2
3840	2
3841	2
3842	2
3843	2
3844	2
3845	2
3846	2
3847	2
3848	2
3849	2
3850	2
3851	2
3852	2
3853	2
3854	2
3855	2
3856	2
3857	2
3858	2
3859	2
3860	2
3861	2
3862	2
3863	2
3864	2
3865	2
3866	2
3867	2
3868	2
3869	2
3870	2
3871	2
3872	2
3873	2
3874	2
3875	2
3876	2
3877	2
3878	2
3879	2
3880	2
3881	2
3882	2
3883	2
3884	2
3885	2
3886	2
3887	2
3888	2
3889	2
3890	2
3891	2
3892	2
3893	2
3894	2
3895	2
3896	2
3897	2
3898	2
3899	2
3900	2
3901	2
3902	2
3903	2
3904	2
3905	2
3906	2
3907	2
3908	2
3909	2
3910	2
3911	2
3912	2
3913	2
3914	2
3915	2
3916	2
3917	2
3918	2
3919	2
3920	2
3921	2
3922	2
3923	2
3924	2
3925	2
3926	2
3927	2
3928	2
3929	2
3930	2
3931	2
3932	2
3933	2
3934	2
3935	2
3936	2
3937	2
3938	2
3939	2
3940	2
3941	2
3942	2
3943	2
3944	2
3945	2
3946	2
3947	2
3948	2
3949	2
3950	2
3951	2
3952	2
3953	2
3954	2
3955	2
3956	2
3957	2
3958	2
3959	2
3960	2
3961	2
3962	2
3963	2
3964	3
3965	3
3966	3
3967	3
3968	3
3969	3
3970	3
3971	3
3972	3
3973	3
3974	3
3975	3
3976	3
3977	3
3978	3
3979	3
3980	3
3981	3
3982	3
3983	3
3984	3
3985	3
3986	3
3987	3
3988	3
3989	3
3990	3
3991	3
3992	3
3993	3
3994	3
3995	3
3996	3
3997	3
3998	3
3999	3
4000	3
4001	3
4002	3
4003	3
4004	3
4005	3
4006	3
4007	3
4008	3
4009	3
4010	3
4011	3
4012	3
4013	3
4014	3
4015	3
4016	3
4017	3
4018	3
4019	3
4020	3
4021	3
4022	3
4023	3
4024	3
4025	3
4026	3
4027	3
4028	3
4029	3
4030	3
4031	3
4032	3
4033	3
4034	3
4035	3
4036	3
4037	3
4038	3
4039	3
4040	3
4041	3
4042	3
4043	3
4044	3
4045	3
4046	3
4047	3
4048	3
4049	3
4050	3
4051	3
4052	3
4053	3
4054	3
4055	3
4056	3
4057	3
4058	3
4059	3
4060	3
4061	3
4062	3
4063	3
4064	3
4065	3
4066	3
4067	3
4068	3
4069	3
4070	3
4071	3
4072	3
4073	3
4074	3
4075	3
4076	3
4077	3
4078	3
4079	3
4080	3
4081	3
4082	3
4083	3
4084	3
4085	3
4086	3
4087	3
4088	3
4089	3
4090	3
4091	3
4092	3
4093	3
4094	3
4095	3
4096	3
4097	3
4098	3
4099	3
4100	3
4101	3
4102	3
4103	3
4104	3
4105	3
4106	3
4107	3
4108	3
4109	3
4110	3
4111	3
4112	3
4113	3
4114	3
4115	3
4116	3
4117	3
4118	3
4119	3
4120	3
4121	3
4122	3
4123	3
4124	3
4125	3
4126	3
4127	3
4128	3
4129	3
4130	3
4131	3
4132	3
4133	3
4134	3
4135	3
4136	3
4137	3
4138	3
4139	3
4140	3
4141	3
4142	3
4143	3
4144	3
4145	3
4146	3
4147	3
4148	3
4149	3
4150	3
4151	3
4152	3
4153	3
4154	3
4155	3
4156	3
4157	3
4158	3
4159	3
4160	3
4161	3
4162	3
4163	3
4164	3
4165	3
4166	3
4167	3
4168	3
4169	3
4170	3
4171	3
4172	3
4173	3
4174	3
4175	3
4176	3
4177	3
4178	3
4179	3
4180	3
4181	3
4182	3
4183	3
4184	3
4185	3
4186	3
4187	3
4188	3
4189	3
4190	3
4191	3
4192	3
4193	3
4194	3
4195	3
4196	3
4197	3
4198	3
4199	3
4200	3
4201	3
4202	3
4203	3
4204	3
4205	3
4206	3
4207	3
4208	3
4209	3
4210	3
4211	3
4212	3
4213	3
4214	3
4215	3
4216	3
4217	3
4218	3
4219	3
4220	3
4221	3
4222	3
4223	3
4224	3
4225	3
4226	3
4227	3
4228	3
4229	3
4230	3
4231	3
4232	3
4233	3
4234	3
4235	3
4236	3
4237	3
4238	3
4239	3
4240	3
4241	3
4242	3
4243	3
4244	3
4245	3
4246	3
4247	3
4248	3
4249	3
4250	3
4251	3
4252	3
4253	3
4254	3
4255	3
4256	3
4257	3
4258	3
4259	3
4260	3
4261	3
4262	3
4263	3
4264	3
4265	3
4266	3
4267	3
4268	3
4269	3
4270	3
4271	3
4272	3
4273	3
4274	3
4275	3
4276	3
4277	3
4278	3
4279	3
4280	3
4281	3
4282	3
4283	3
4284	3
4285	3
4286	3
4287	3
4288	3
4289	3
4290	3
4291	3
4292	3
4293	3
4294	3
4295	3
4296	3
4297	3
4298	3
4299	3
4300	3
4301	3
4302	3
4303	3
4304	3
4305	3
4306	3
4307	3
4308	3
4309	3
4310	3
4311	3
4312	3
4313	3
4314	3
4315	3
4316	3
4317	3
4318	3
4319	3
4320	3
4321	3
4322	3
4323	3
4324	3
4325	3
4326	3
4327	3
4328	3
4329	3
4330	3
4331	3
4332	3
4333	3
4334	3
4335	3
4336	3
4337	3
4338	3
4339	3
4340	3
4341	3
4342	3
4343	3
4344	3
4345	3
4346	3
4347	3
4348	3
4349	3
4350	3
4351	3
4352	3
4353	4
4354	4
4355	4
4356	4
4357	4
4358	4
4359	4
4360	4
4361	4
4362	4
4363	4
4364	4
4365	4
4366	4
4367	4
4368	4
4369	4
4370	4
4371	4
4372	4
4373	4
4374	4
4375	4
4376	4
4377	4
4378	4
4379	4
4380	4
4381	4
4382	4
4383	4
4384	4
4385	4
4386	4
4387	4
4388	4
4389	4
4390	4
4391	4
4392	4
4393	4
4394	4
4395	4
4396	4
4397	4
4398	4
4399	4
4400	4
4401	4
4402	4
4403	4
4404	4
4405	4
4406	4
4407	4
4408	4
4409	4
4410	4
4411	4
4412	4
4413	4
4414	4
4415	4
4416	4
4417	4
4418	4
4419	4
4420	4
4421	4
4422	4
4423	4
4424	4
4425	4
4426	4
4427	4
4428	4
4429	4
4430	4
4431	4
4432	4
4433	4
4434	4
4435	4
4436	4
4437	4
4438	4
4439	4
4440	4
4441	4
4442	4
4443	4
4444	4
4445	4
4446	4
4447	4
4448	4
4449	4
4450	4
4451	4
4452	4
4453	4
4454	4
4455	4
4456	4
4457	4
4458	4
4459	4
4460	4
4461	4
4462	4
4463	4
4464	4
4465	4
4466	4
4467	4
4468	4
4469	4
4470	4
4471	4
4472	4
4473	4
4474	4
4475	4
4476	4
4477	4
4478	4
4479	4
4480	4
4481	4
4482	4
4483	4
4484	4
4485	4
4486	4
4487	4
4488	4
4489	4
4490	4
4491	4
4492	4
4493	4
4494	4
4495	4
4496	4
4497	4
4498	4
4499	4
4500	4
4501	4
4502	4
4503	4
4504	4
4505	4
4506	4
4507	4
4508	4
4509	4
4510	4
4511	4
4512	4
4513	4
4514	4
4515	4
4516	4
4517	4
4518	4
4519	4
4520	4
4521	4
4522	4
4523	4
4524	4
4525	4
4526	4
4527	4
4528	4
4529	4
4530	4
4531	4
4532	4
4533	4
4534	4
4535	4
4536	4
4537	4
4538	4
4539	4
4540	4
4541	4
4542	4
4543	4
4544	4
4545	4
4546	4
4547	4
4548	4
4549	4
4550	4
4551	4
4552	4
4553	4
4554	4
4555	4
4556	4
4557	4
4558	4
4559	4
4560	4
4561	4
4562	4
4563	4
4564	4
4565	4
4566	4
4567	4
4568	4
4569	4
4570	4
4571	4
4572	4
4573	4
4574	4
4575	4
4576	4
4577	4
4578	4
4579	4
4580	4
4581	4
4582	4
4583	4
4584	4
4585	4
4586	4
4587	4
4588	4
4589	4
4590	4
4591	4
4592	4
4593	4
4594	4
4595	4
4596	4
4597	4
4598	4
4599	4
4600	4
4601	4
4602	4
4603	4
4604	4
4605	4
4606	4
4607	4
4608	4
4609	4
4610	4
4611	4
4612	4
4613	4
4614	4
4615	4
4616	4
4617	4
4618	4
4619	4
4620	4
4621	4
4622	4
4623	4
4624	4
4625	4
4626	4
4627	4
4628	4
4629	4
4630	4
4631	4
4632	4
4633	4
4634	4
4635	4
4636	4
4637	4
4638	4
4639	4
4640	4
4641	4
4642	4
4643	4
4644	4
4645	4
4646	4
4647	4
4648	4
4649	4
4650	4
4651	4
4652	4
4653	4
4654	4
4655	4
4656	4
4657	4
4658	4
4659	4
4660	4
4661	4
4662	4
4663	4
4664	4
4665	4
4666	4
4667	4
4668	4
4669	4
4670	4
4671	4
4672	4
4673	4
4674	4
4675	4
4676	4
4677	4
4678	4
4679	4
4680	4
4681	4
4682	4
4683	4
4684	4
4685	4
4686	4
4687	4
4688	4
4689	4
4690	5
4691	5
4692	5
4693	5
4694	5
4695	5
4696	5
4697	5
4698	5
4699	5
4700	5
4701	5
4702	5
4703	5
4704	5
4705	5
4706	5
4707	5
4708	5
4709	5
4710	5
4711	5
4712	5
4713	5
4714	5
4715	5
4716	5
4717	5
4718	5
4719	5
4720	5
4721	5
4722	5
4723	5
4724	5
4725	5
4726	5
4727	5
4728	5
4729	5
4730	5
4731	5
4732	5
4733	5
4734	5
4735	5
4736	5
4737	5
4738	5
4739	5
4740	5
4741	5
4742	5
4743	5
4744	5
4745	5
4746	5
4747	5
4748	5
4749	5
4750	5
4751	5
4752	5
4753	5
4754	5
4755	5
4756	5
4757	5
4758	5
4759	5
4760	5
4761	5
4762	5
4763	5
4764	5
4765	5
4766	5
4767	5
4768	5
4769	5
4770	5
4771	5
4772	5
4773	5
4774	5
4775	5
4776	5
4777	5
4778	5
4779	5
4780	5
4781	5
4782	5
4783	5
4784	5
4785	5
4786	5
4787	5
4788	5
4789	5
4790	5
4791	5
4792	5
4793	5
4794	5
4795	5
4796	5
4797	5
4798	5
4799	5
4800	5
4801	5
4802	5
4803	5
4804	5
4805	5
4806	5
4807	5
4808	5
4809	5
4810	5
4811	5
4812	5
4813	5
4814	5
4815	5
4816	5
4817	5
4818	5
4819	5
4820	5
4821	5
4822	5
4823	5
4824	5
4825	5
4826	5
4827	5
4828	5
4829	5
4830	5
4831	5
4832	5
4833	5
4834	5
4835	5
4836	5
4837	5
4838	5
4839	5
4840	5
4841	5
4842	5
4843	5
4844	5
4845	5
4846	5
4847	5
4848	5
4849	5
4850	5
4851	5
4852	5
4853	5
4854	5
4855	5
4856	5
4857	5
4858	5
4859	5
4860	5
4861	5
4862	5
4863	5
4864	5
4865	5
4866	5
4867	5
4868	5
4869	5
4870	5
4871	5
4872	5
4873	5
4874	5
4875	5
4876	5
4877	5
4878	5
4879	5
4880	5
4881	5
4882	5
4883	5
4884	5
4885	5
4886	5
4887	5
4888	5
4889	5
4890	5
4891	5
4892	5
4893	5
4894	5
4895	5
4896	5
4897	5
4898	5
4899	5
4900	5
4901	5
4902	5
4903	5
4904	5
4905	5
4906	5
4907	5
4908	5
4909	5
4910	5
4911	5
4912	5
4913	5
4914	5
4915	5
4916	5
4917	5
4918	5
4919	5
4920	5
4921	5
4922	5
4923	5
4924	5
4925	5
4926	5
4927	5
4928	5
4929	5
4930	5
4931	6
4932	6
4933	6
4934	6
4935	6
4936	6
4937	6
4938	6
4939	6
4940	6
4941	6
4942	6
4943	6
4944	6
4945	6
4946	6
4947	6
4948	6
4949	6
4950	6
4951	6
4952	6
4953	6
4954	6
4955	6
4956	6
4957	6
4958	6
4959	6
4960	6
4961	6
4962	6
4963	6
4964	6
4965	6
4966	6
4967	6
4968	6
4969	6
4970	6
4971	6
4972	6
4973	6
4974	6
4975	6
4976	6
4977	6
4978	6
4979	6
4980	6
4981	6
4982	6
4983	6
4984	6
4985	6
4986	6
4987	7
4988	7
4989	7
4990	7
4991	7
4992	7
4993	7
4994	7
4995	7
4996	7
4997	7
4998	7
4999	7
5000	7
5001	7
5002	7
5003	7
5004	7
5005	7
5006	7
5007	7
5008	7
5009	7
5010	7
5011	7
5012	7
5013	7
5014	7
5015	7
5016	7
5017	7
5018	7
5019	7
5020	7
5021	7
5022	7
5023	7
5024	8
5025	8
5026	8
5027	8
5028	8
5029	8
5030	8
5031	8
5032	8
5033	8
5034	8
5035	8
5036	8
5037	8
5038	8
5039	8
5040	8
5041	8
5042	8
5043	8
5044	8
5045	8
5046	8
5047	8
5048	8
5049	8
5050	8
5051	8
5052	8
5053	8
5054	8
5055	8
5056	8
5057	8
5058	8
5059	8
5060	8
5061	8
5062	8
5063	8
5064	8
5065	8
5066	9
5067	9
5068	9
5069	9
5070	9
5071	9
5072	9
5073	9
5074	9
5075	9
5076	9
5077	9
5078	9
5079	9
5080	9
5081	9
5082	9
5083	9
5084	9
5085	9
5086	9
5087	9
5088	9
5089	9
5090	9
5091	9
5092	9
5093	9
5094	9
5095	9
5096	9
5097	9
5098	9
5099	9
5100	9
5101	9
5102	9
5103	9
5104	9
5105	9
5106	9
5107	9
5108	9
5109	9
5110	9
5111	9
5112	9
5113	9
5114	9
5115	9
5116	9
5117	9
5118	9
5119	9
5120	9
5121	9
5122	9
5123	9
5124	9
5125	9
5126	9
5127	9
5128	9
5129	9
5130	9
5131	9
5132	9
5133	9
5134	9
5135	9
5136	9
5137	9
5138	9
5139	9
5140	9
5141	9
5142	9
5143	9
5144	9
5145	9
5146	9
5147	9
5148	9
5149	9
5150	9
5151	9
5152	9
5153	9
5154	9
5155	9
5156	9
5157	9
5158	9
5159	9
5160	9
5161	9
5162	9
5163	9
5164	9
5165	9
5166	9
5167	9
5168	9
5169	9
5170	9
5171	9
5172	9
5173	9
5174	9
5175	9
5176	9
5177	9
5178	9
5179	9
5180	9
5181	9
5182	9
5183	9
5184	9
5185	9
5186	10
5187	10
5188	10
5189	10
5190	10
5191	10
5192	10
5193	10
5194	10
5195	10
5196	10
5197	10
5198	10
5199	10
5200	10
5201	10
5202	10
5203	10
5204	10
5205	10
5206	10
5207	10
5208	11
5209	11
5210	11
5211	11
5212	11
5213	11
5214	11
5215	11
5216	11
5217	11
5218	11
5219	11
5220	11
5221	11
5222	11
5223	11
5224	12
5225	12
5226	12
5227	12
5228	12
5229	12
5230	12
5231	12
5232	12
5233	12
5234	12
5235	12
5236	12
5237	12
5238	12
5239	12
5240	12
5241	12
5242	12
5243	12
5244	12
5245	12
5246	12
5247	12
5248	12
5249	12
5250	12
5251	13
5252	13
5253	13
5254	13
5255	13
5256	13
5257	13
5258	13
5259	13
5260	13
5261	13
5262	13
5263	13
5264	13
5265	13
5266	13
5267	13
5268	13
5269	13
5270	13
5271	13
5272	13
5273	13
5274	13
5275	13
5276	13
5277	13
5278	13
5279	13
5280	13
5281	13
5282	13
5283	13
5284	13
5285	13
5286	13
5287	13
5288	13
5289	13
5290	13
5291	13
5292	13
5293	13
5294	13
5295	13
5296	13
5297	13
5298	13
5299	13
5300	13
5301	13
5302	13
5303	13
5304	13
5305	13
5306	13
5307	13
5308	13
5309	13
5310	13
5311	13
5312	13
5313	13
5314	13
5315	13
5316	13
5317	13
5318	13
5319	13
5320	13
5321	13
5322	13
5323	13
5324	13
5325	13
5326	13
5327	13
5328	13
5329	13
5330	13
5331	13
5332	13
5333	13
5334	13
5335	13
5336	13
5337	13
5338	13
5339	13
5340	13
5341	13
5342	13
5343	13
5344	13
5345	13
5346	13
5347	13
5348	13
5349	13
5350	13
5351	13
5352	13
5353	13
5354	13
5355	13
5356	13
5357	13
5358	13
5359	13
5360	13
5361	13
5362	13
5363	14
5364	14
5365	14
5366	14
5367	14
5368	14
5369	14
5370	14
5371	14
5372	14
5373	14
5374	14
5375	14
5376	14
5377	14
5378	14
5379	14
5380	14
5381	14
5382	14
5383	14
5384	14
5385	14
5386	14
5387	14
5388	14
5389	14
5390	14
5391	14
5392	14
5393	14
5394	14
5395	14
5396	14
5397	14
5398	14
5399	14
5400	14
5401	14
5402	14
5403	14
5404	14
5405	14
5406	14
5407	14
5408	14
5409	14
5410	14
5411	14
5412	14
5413	14
5414	14
5415	14
5416	14
5417	14
5418	14
5419	14
5420	14
5421	14
5422	14
5423	14
5424	14
5425	14
5426	14
5427	14
5428	14
5429	14
5430	14
5431	14
5432	14
5433	14
5434	14
5435	14
5436	14
5437	14
5438	14
5439	14
5440	14
5441	14
5442	14
5443	14
5444	14
5445	14
5446	14
5447	14
5448	14
5449	14
5450	14
5451	14
5452	14
5453	14
5454	14
5455	14
5456	14
5457	14
5458	14
5459	14
5460	14
5461	14
5462	14
5463	14
5464	14
5465	14
5466	14
5467	14
5468	14
5469	14
5470	14
5471	14
5472	14
5473	14
5474	14
5475	14
5476	14
5477	14
5478	14
5479	14
5480	14
5481	14
5482	14
5483	14
5484	14
5485	14
5486	14
5487	14
5488	14
5489	14
5490	14
5491	14
5492	14
5493	14
5494	14
5495	14
5496	14
5497	14
5498	14
5499	14
5500	14
5501	14
5502	14
5503	14
5504	14
5505	14
5506	14
5507	14
5508	14
5509	14
5510	14
5511	14
5512	14
5513	14
5514	14
5515	14
5516	14
5517	14
5518	14
5519	14
5520	14
5521	14
5522	14
5523	14
5524	14
5525	14
5526	14
5527	14
5528	14
5529	14
5530	14
5531	14
5532	14
5533	14
5534	14
5535	14
5536	14
5537	14
5538	14
5539	14
5540	14
5541	14
5542	14
5543	14
5544	14
5545	14
5546	14
5547	14
5548	14
5549	14
5550	14
5551	14
5552	14
5553	14
5554	14
5555	14
5556	14
5557	14
5558	14
5559	14
5560	14
5561	14
5562	14
5563	14
5564	14
5565	14
5566	14
5567	14
5568	14
5569	14
5570	14
5571	14
5572	14
5573	14
5574	14
5575	14
5576	14
5577	14
5578	14
5579	14
5580	14
5581	14
5582	14
5583	14
5584	14
5585	14
5586	14
5587	14
5588	14
5589	14
5590	14
5591	14
5592	14
5593	14
5594	14
5595	14
5596	14
5597	14
5598	14
5599	14
5600	14
5601	14
5602	14
5603	14
5604	14
5605	14
5606	14
5607	14
5608	14
5609	14
5610	14
5611	14
5612	14
5613	14
5614	14
5615	14
5616	14
5617	14
5618	14
5619	14
5620	14
5621	14
5622	14
5623	14
5624	14
5625	14
5626	14
5627	14
5628	14
5629	14
5630	14
5631	14
5632	14
5633	14
5634	14
5635	14
5636	14
5637	14
5638	14
5639	14
5640	14
5641	14
5642	14
5643	14
5644	14
5645	14
5646	14
5647	14
5648	14
5649	14
5650	14
5651	14
5652	14
5653	14
5654	14
5655	14
5656	14
5657	14
5658	14
5659	14
5660	14
5661	14
5662	14
5663	14
5664	14
5665	14
5666	14
5667	14
5668	14
5669	14
5670	14
5671	14
5672	14
5673	14
5674	14
5675	14
5676	14
5677	14
5678	14
5679	14
5680	14
5681	14
5682	14
5683	14
5684	14
5685	14
5686	14
5687	14
5688	14
5689	14
5690	14
5691	14
5692	14
5693	14
5694	14
5695	14
5696	14
5697	14
5698	14
5699	14
5700	14
5701	14
5702	14
5703	14
5704	14
5705	14
5706	14
5707	14
5708	14
5709	14
5710	14
5711	14
5712	14
5713	14
5714	14
5715	14
5716	14
5717	14
5718	14
5719	14
5720	14
5721	14
5722	14
5723	14
5724	14
5725	14
5726	14
5727	15
5728	15
5729	15
5730	15
5731	15
5732	15
5733	15
5734	15
5735	16
5736	16
5737	16
5738	16
5739	16
5740	16
5741	16
5742	16
5743	16
5744	16
5745	16
5746	16
5747	16
5748	16
5749	16
5750	16
5751	16
5752	16
5753	16
5754	16
5755	16
5756	16
5757	16
5758	16
5759	16
5760	16
5761	16
5762	16
5763	16
5764	16
5765	16
5766	16
5767	16
5768	16
5769	16
5770	16
5771	16
5772	16
5773	16
5774	16
5775	16
5776	16
5777	16
5778	16
5779	16
5780	16
5781	16
5782	16
5783	16
5784	16
5785	16
5786	16
5787	16
5788	16
5789	16
5790	16
5791	16
5792	16
5793	16
5794	16
5795	16
5796	16
5797	16
5798	16
5799	16
5800	16
5801	16
5802	16
5803	16
5804	16
5805	16
5806	16
5807	16
5808	16
5809	16
5810	16
5811	16
5812	16
5813	16
5814	16
5815	16
5816	16
5817	16
5818	16
5819	16
5820	16
5821	16
5822	16
5823	16
5824	16
5825	16
5826	16
5827	16
5828	16
5829	16
5830	16
5831	16
5832	16
5833	16
5834	16
5835	16
5836	16
5837	16
5838	16
5839	16
5840	16
5841	16
5842	16
5843	16
5844	16
5845	16
5846	16
5847	16
5848	16
5849	16
5850	16
5851	16
5852	16
5853	16
5854	16
5855	16
5856	16
5857	16
5858	16
5859	16
5860	16
5861	16
5862	16
5863	16
5864	16
5865	16
5866	16
5867	16
5868	16
5869	16
5870	16
5871	16
5872	16
5873	16
5874	16
5875	16
5876	16
5877	16
5878	16
5879	16
5880	16
5881	16
5882	16
5883	16
5884	16
5885	16
5886	16
5887	16
5888	16
5889	16
5890	16
5891	16
5892	16
5893	16
5894	16
5895	16
5896	16
5897	16
5898	16
5899	16
5900	16
5901	16
5902	16
5903	16
5904	16
5905	16
5906	16
5907	16
5908	16
5909	16
5910	16
5911	16
5912	16
5913	16
5914	16
5915	16
5916	16
5917	16
5918	16
5919	16
5920	16
5921	16
5922	16
5923	16
5924	16
5925	16
5926	16
5927	16
5928	16
5929	16
5930	16
5931	16
5932	16
5933	17
5934	17
5935	17
5936	17
5937	17
5938	17
5939	17
5940	17
5941	17
5942	17
5943	17
5944	17
5945	17
5946	17
5947	17
5948	17
5949	17
5950	17
5951	17
5952	17
5953	17
5954	17
5955	17
5956	17
5957	17
5958	17
5959	17
5960	17
5961	17
5962	17
5963	17
5964	17
5965	17
5966	17
5967	17
5968	17
5969	17
5970	17
5971	17
5972	17
5973	17
5974	17
5975	17
5976	17
5977	17
5978	17
5979	17
5980	17
5981	17
5982	17
5983	17
5984	17
5985	17
5986	17
5987	17
5988	17
5989	17
5990	17
5991	17
5992	17
5993	17
5994	17
5995	17
5996	17
5997	17
5998	17
5999	17
6000	17
6001	17
6002	17
6003	17
6004	17
6005	17
6006	17
6007	17
6008	17
6009	17
6010	17
6011	17
6012	17
6013	17
6014	17
6015	17
6016	17
6017	17
6018	17
6019	17
6020	17
6021	17
6022	17
6023	17
6024	17
6025	17
6026	17
6027	17
6028	17
6029	17
6030	17
6031	17
6032	17
6033	17
6034	17
6035	17
6036	17
6037	17
6038	17
6039	17
6040	17
6041	17
6042	17
6043	17
6044	17
6045	17
6046	17
6047	17
6048	17
6049	17
6050	17
6051	17
6052	17
6053	17
6054	17
6055	17
6056	17
6057	17
6058	17
6059	17
6060	17
6061	17
6062	17
6063	17
6064	17
6065	17
6066	17
6067	17
6068	17
6069	17
6070	17
6071	17
6072	17
6073	17
6074	17
6075	17
6076	17
6077	17
6078	17
6079	17
6080	17
6081	17
6082	17
6083	17
6084	17
6085	17
6086	17
6087	17
6088	17
6089	17
6090	17
6091	17
6092	17
6093	17
6094	17
6095	17
6096	17
6097	18
6098	18
6099	18
6100	18
6101	18
6102	18
6103	18
6104	18
6105	18
6106	18
6107	18
6108	18
6109	18
6110	18
6111	18
6112	18
6113	18
6114	18
6115	18
6116	18
6117	18
6118	18
6119	18
6120	18
6121	18
6122	18
6123	18
6124	18
6125	18
6126	18
6127	18
6128	18
6129	18
6130	18
6131	18
6132	18
6133	18
6134	18
6135	18
6136	18
6137	18
6138	18
6139	18
6140	18
6141	18
6142	18
6143	18
6144	18
6145	18
6146	18
6147	18
6148	18
6149	18
6150	18
6151	18
6152	18
6153	18
6154	18
6155	18
6156	18
6157	18
6158	18
6159	18
6160	18
6161	18
6162	18
6163	18
6164	18
6165	18
6166	18
6167	18
6168	18
6169	18
6170	18
6171	18
6172	18
6173	18
6174	18
6175	18
6176	18
6177	18
6178	18
6179	18
6180	18
6181	18
6182	18
6183	18
6184	18
6185	18
6186	18
6187	18
6188	18
6189	18
6190	18
6191	18
6192	18
6193	18
6194	18
6195	18
6196	18
6197	18
6198	18
6199	18
6200	18
6201	18
6202	18
6203	18
6204	18
6205	18
6206	18
6207	18
6208	18
6209	18
6210	18
6211	18
6212	18
6213	18
6214	18
6215	18
6216	18
6217	18
6218	18
6219	18
6220	18
6221	18
6222	18
6223	18
6224	18
6225	18
6226	18
6227	18
6228	18
6229	19
6230	19
6231	19
6232	19
6233	19
6234	19
6235	19
6236	19
6237	19
6238	19
6239	19
6240	19
6241	19
6242	19
6243	20
6244	20
6245	20
6246	20
6247	20
6248	20
6249	20
6250	20
6251	20
6252	20
6253	20
6254	20
6255	20
6256	20
6257	20
6258	20
6259	20
6260	20
6261	20
6262	20
6263	20
6264	20
6265	20
6266	20
6267	20
6268	20
6269	20
6270	20
6271	20
6272	20
6273	20
6274	20
6275	20
6276	20
6277	20
6278	20
6279	20
6280	20
6281	20
6282	20
6283	20
6284	20
6285	20
6286	20
6287	20
6288	20
6289	20
6290	20
6291	20
6292	20
6293	20
6294	20
6295	20
6296	20
6297	20
6298	20
6299	20
6300	20
6301	20
6302	20
6303	20
6304	20
6305	20
6306	20
6307	20
6308	20
6309	20
6310	20
6311	20
6312	20
6313	20
6314	20
6315	20
6316	20
6317	20
6318	20
6319	20
6320	20
6321	20
6322	20
6323	20
6324	20
6325	20
6326	20
6327	20
6328	20
6329	20
6330	20
6331	20
6332	20
6333	20
6334	20
6335	20
6336	20
6337	20
6338	20
6339	20
6340	20
6341	20
6342	20
6343	20
6344	20
6345	20
6346	20
6347	20
6348	20
6349	20
6350	20
6351	20
6352	20
6353	20
6354	20
6355	20
6356	20
6357	20
6358	20
6359	20
6360	20
6361	20
6362	20
6363	20
6364	20
6365	20
6366	20
6367	20
6368	20
6369	20
6370	20
6371	20
6372	20
6373	20
6374	20
6375	20
6376	20
6377	20
6378	20
6379	20
6380	20
6381	20
6382	20
6383	20
6384	20
6385	20
6386	20
6387	20
6388	20
6389	20
6390	20
6391	20
6392	20
6393	20
6394	20
6395	20
6396	20
6397	20
6398	20
6399	20
6400	20
6401	20
6402	20
6403	20
6404	20
6405	20
6406	20
6407	20
6408	20
6409	20
6410	20
6411	20
6412	20
6413	20
6414	20
6415	20
6416	20
6417	20
6418	20
6419	20
6420	20
6421	20
6422	20
6423	20
6424	20
6425	20
6426	20
6427	20
6428	20
6429	20
6430	20
6431	20
6432	20
6433	20
6434	20
6435	20
6436	20
6437	20
6438	20
6439	20
6440	20
6441	20
6442	20
6443	20
6444	20
6445	20
6446	20
6447	20
6448	20
6449	20
6450	20
6451	20
6452	20
6453	20
6454	20
6455	20
6456	20
6457	20
6458	20
6459	20
6460	20
6461	20
6462	20
6463	20
6464	20
6465	20
6466	20
6467	20
6468	20
6469	20
6470	20
6471	20
6472	20
6473	20
6474	20
6475	20
6476	20
6477	20
6478	20
6479	20
6480	20
6481	20
6482	20
6483	20
6484	20
6485	20
6486	20
6487	20
6488	20
6489	20
6490	20
6491	20
6492	20
6493	20
6494	20
6495	20
6496	20
6497	20
6498	20
6499	20
6500	20
6501	20
6502	20
6503	20
6504	20
6505	20
6506	20
6507	20
6508	20
6509	20
6510	20
6511	20
6512	20
6513	20
6514	20
6515	20
6516	20
6517	20
6518	20
6519	20
6520	20
6521	20
6522	20
6523	20
6524	20
6525	20
6526	20
6527	20
6528	20
6529	20
6530	20
6531	20
6532	20
6533	20
6534	20
6535	20
6536	20
6537	20
6538	20
6539	20
6540	20
6541	20
6542	20
6543	20
6544	20
6545	20
6546	20
6547	20
6548	20
6549	20
6550	20
6551	20
6552	20
6553	20
6554	20
6555	20
6556	20
6557	20
6558	20
6559	20
6560	20
6561	20
6562	20
6563	20
6564	20
6565	20
6566	20
6567	20
6568	20
6569	20
6570	20
6571	20
6572	20
6573	20
6574	20
6575	20
6576	20
6577	20
6578	20
6579	20
6580	20
6581	20
6582	20
6583	20
6584	20
6585	20
6586	20
6587	20
6588	20
6589	20
6590	20
6591	20
6592	20
6593	20
6594	20
6595	20
6596	20
6597	21
6598	21
6599	21
6600	21
6601	21
6602	21
6603	21
6604	21
6605	21
6606	21
6607	21
6608	21
6609	21
6610	21
6611	21
6612	21
6613	21
6614	21
6615	21
6616	21
6617	21
6618	21
6619	21
6620	21
6621	21
6622	21
6623	21
6624	21
6625	21
6626	21
6627	21
6628	21
6629	21
6630	21
6631	21
6632	21
6633	21
6634	21
6635	21
6636	21
6637	21
6638	21
6639	21
6640	21
6641	21
6642	21
6643	21
6644	21
6645	21
6646	21
6647	21
6648	21
6649	21
6650	21
6651	21
6652	21
6653	21
6654	21
6655	21
6656	21
6657	21
6658	21
6659	21
6660	21
6661	21
6662	21
6663	21
6664	21
6665	21
6666	21
6667	21
6668	21
6669	21
6670	21
6671	21
6672	21
6673	21
6674	21
6675	21
6676	21
6677	21
6678	21
6679	21
6680	21
6681	21
6682	21
6683	21
6684	21
6685	21
6686	21
6687	21
6688	21
6689	21
6690	21
6691	21
6692	21
6693	21
6694	21
6695	21
6696	21
6697	21
6698	21
6699	21
6700	21
6701	21
6702	21
6703	21
6704	21
6705	21
6706	21
6707	21
6708	21
6709	21
6710	21
6711	21
6712	21
6713	21
6714	21
6715	21
6716	21
6717	21
6718	21
6719	22
6720	22
6721	22
6722	22
6723	22
6724	22
6725	22
6726	22
6727	22
6728	22
6729	22
6730	22
6731	22
6732	22
6733	22
6734	22
6735	22
6736	22
6737	22
6738	22
6739	22
6740	22
6741	22
6742	22
6743	22
6744	22
6745	22
6746	23
6747	23
6748	23
6749	23
6750	23
6751	23
6752	23
6753	23
6754	23
6755	23
6756	23
6757	23
6758	23
6759	23
6760	23
6761	23
6762	23
6763	23
6764	23
6765	23
6766	23
6767	23
6768	23
6769	23
6770	23
6771	23
6772	23
6773	23
6774	23
6775	23
6776	23
6777	23
6778	23
6779	23
6780	24
6781	24
6782	24
6783	24
6784	24
6785	24
6786	24
6787	24
6788	24
6789	24
6790	24
6791	24
6792	24
6793	24
6794	24
6795	24
6796	24
6797	24
6798	24
6799	24
6800	24
6801	24
6802	24
6803	24
6804	24
6805	24
6806	24
6807	24
6808	24
6809	24
6810	24
6811	24
6812	24
6813	24
6814	24
6815	24
6816	24
6817	24
6818	24
6819	24
6820	24
6821	24
6822	24
6823	24
6824	24
6825	24
6826	25
6827	25
6828	25
6829	25
6830	25
6831	25
6832	25
6833	25
6834	25
6835	25
6836	25
6837	25
6838	25
6839	25
6840	25
6841	25
6842	25
6843	25
6844	25
6845	25
6846	25
6847	25
6848	25
6849	25
6850	25
6851	25
6852	25
6853	25
6854	25
6855	25
6856	25
6857	25
6858	25
6859	25
6860	25
6861	25
6862	25
6863	25
6864	25
6865	25
6866	25
6867	25
6868	25
6869	25
6870	25
6871	25
6872	25
6873	25
6874	25
6875	25
6876	25
6877	25
6878	25
6879	25
6880	25
6881	25
6882	25
6883	25
6884	25
6885	25
6886	25
6887	25
6888	25
6889	25
6890	25
6891	25
6892	25
6893	25
6894	25
6895	25
6896	25
6897	25
6898	25
6899	25
6900	25
6901	25
6902	25
6903	25
6904	25
6905	25
6906	25
6907	25
6908	25
6909	25
6910	25
6911	25
6912	25
6913	25
6914	25
6915	25
6916	25
6917	25
6918	25
6919	25
6920	25
6921	25
6922	25
6923	25
6924	25
6925	25
6926	25
6927	25
6928	25
6929	25
6930	25
6931	25
6932	25
6933	25
6934	25
6935	25
6936	25
6937	25
6938	25
6939	25
6940	25
6941	25
6942	25
6943	25
6944	25
6945	25
6946	25
6947	25
6948	25
6949	25
6950	25
6951	25
6952	25
6953	25
6954	25
6955	25
6956	25
6957	25
6958	25
6959	25
6960	25
6961	25
6962	25
6963	25
6964	25
6965	25
6966	25
6967	25
6968	25
6969	25
6970	25
6971	25
6972	25
6973	25
6974	25
6975	25
6976	25
6977	25
6978	25
6979	25
6980	25
6981	25
6982	25
6983	25
6984	25
6985	25
6986	25
6987	25
6988	25
6989	25
6990	25
6991	25
6992	25
6993	25
6994	25
6995	25
6996	25
6997	26
6998	26
6999	26
7000	26
7001	26
7002	26
7003	26
7004	26
7005	26
7006	26
7007	26
7008	26
7009	26
7010	26
7011	26
7012	26
7013	26
7014	26
7015	26
7016	26
7017	26
7018	26
7019	26
7020	26
7021	26
7022	26
7023	26
7024	26
7025	26
7026	26
7027	26
7028	26
7029	26
7030	26
7031	26
7032	26
7033	26
7034	26
7035	26
7036	26
7037	26
7038	26
7039	26
7040	26
7041	26
7042	26
7043	26
7044	26
7045	26
7046	26
7047	26
7048	26
7049	26
7050	26
7051	26
7052	26
7053	26
7054	26
7055	26
7056	26
7057	26
7058	26
7059	26
7060	26
7061	26
7062	26
7063	26
7064	26
7065	26
7066	26
7067	26
7068	26
7069	26
7070	26
7071	26
7072	26
7073	26
7074	26
7075	26
7076	26
7077	26
7078	26
7079	26
7080	26
7081	26
7082	26
7083	26
7084	26
7085	26
7086	26
7087	26
7088	26
7089	26
7090	26
7091	26
7092	26
7093	26
7094	26
7095	26
7096	26
7097	26
7098	26
7099	26
7100	26
7101	26
7102	26
7103	26
7104	26
7105	26
7106	26
7107	26
7108	26
7109	26
7110	26
7111	26
7112	26
7113	26
7114	26
7115	26
7116	26
7117	26
7118	26
7119	26
7120	26
7121	26
7122	26
7123	26
7124	26
7125	26
7126	26
7127	26
7128	26
7129	26
7130	26
7131	26
7132	26
7133	26
7134	26
7135	26
7136	26
7137	26
7138	26
7139	26
7140	26
7141	26
7142	26
7143	26
7144	26
7145	26
7146	26
7147	26
7148	26
7149	26
7150	26
7151	26
7152	26
7153	26
7154	26
7155	26
7156	26
7157	26
7158	26
7159	26
7160	26
7161	26
7162	26
7163	26
7164	26
7165	26
7166	26
7167	26
7168	26
7169	26
7170	26
7171	26
7172	26
7173	26
7174	26
7175	26
7176	26
7177	26
7178	26
7179	26
7180	26
7181	26
7182	26
7183	26
7184	26
7185	26
7186	26
7187	26
7188	26
7189	26
7190	26
7191	26
7192	26
7193	26
7194	26
7195	26
7196	26
7197	26
7198	26
7199	26
7200	26
7201	26
7202	26
7203	26
7204	26
7205	26
7206	26
7207	26
7208	26
7209	26
7210	26
7211	26
7212	26
7213	26
7214	26
7215	26
7216	26
7217	26
7218	26
7219	26
7220	26
7221	26
7222	26
7223	26
7224	26
7225	26
7226	26
7227	26
7228	26
7229	26
7230	26
7231	26
7232	26
7233	26
7234	26
7235	26
7236	26
7237	26
7238	26
7239	26
7240	26
7241	26
7242	26
7243	26
7244	26
7245	26
7246	26
7247	26
7248	26
7249	26
7250	26
7251	26
7252	26
7253	26
7254	26
7255	26
7256	26
7257	26
7258	26
7259	26
7260	26
7261	26
7262	26
7263	26
7264	26
7265	26
7266	26
7267	26
7268	26
7269	26
7270	26
7271	26
7272	26
7273	26
7274	26
7275	26
7276	27
7277	27
7278	27
7279	27
7280	27
7281	27
7282	27
7283	27
7284	27
7285	27
7286	27
7287	27
7288	27
7289	27
7290	27
7291	27
7292	27
7293	27
7294	27
7295	27
7296	27
7297	27
7298	27
7299	27
7300	27
7301	27
7302	27
7303	27
7304	27
7305	27
7306	27
7307	27
7308	27
7309	27
7310	27
7311	27
7312	27
7313	27
7314	27
7315	27
7316	27
7317	27
7318	27
7319	27
7320	27
7321	27
7322	27
7323	27
7324	27
7325	27
7326	27
7327	27
7328	27
7329	27
7330	27
7331	27
7332	27
7333	27
7334	27
7335	27
7336	27
7337	27
7338	27
7339	27
7340	27
7341	27
7342	27
7343	27
7344	27
7345	27
7346	27
7347	27
7348	27
7349	27
7350	27
7351	27
7352	27
7353	27
7354	27
7355	27
7356	27
7357	27
7358	27
7359	27
7360	27
7361	27
7362	27
7363	27
7364	27
7365	27
7366	27
7367	27
7368	27
7369	27
7370	27
7371	27
7372	27
7373	27
7374	27
7375	27
7376	27
7377	28
7378	28
7379	28
7380	28
7381	28
7382	28
7383	28
7384	28
7385	28
7386	28
7387	28
7388	28
7389	28
7390	28
7391	28
7392	28
7393	28
7394	28
7395	28
7396	28
7397	28
7398	28
7399	28
7400	28
7401	28
7402	28
7403	28
7404	28
7405	28
7406	28
7407	28
7408	28
7409	28
7410	28
7411	28
7412	28
7413	28
7414	28
7415	28
7416	28
7417	28
7418	28
7419	28
7420	28
7421	28
7422	28
7423	28
7424	28
7425	28
7426	28
7427	28
7428	28
7429	28
7430	28
7431	28
7432	28
7433	28
7434	28
7435	28
7436	28
7437	28
7438	28
7439	28
7440	28
7441	28
7442	28
7443	28
7444	28
7445	28
7446	28
7447	28
7448	28
7449	28
7450	28
7451	28
7452	28
7453	28
7454	28
7455	28
7456	28
7457	28
7458	28
7459	28
7460	28
7461	28
7462	28
7463	28
7464	28
7465	28
7466	28
7467	28
7468	28
7469	28
7470	28
7471	28
7472	28
7473	28
7474	28
7475	28
7476	28
7477	29
7478	29
7479	29
7480	29
7481	29
7482	29
7483	29
7484	29
7485	29
7486	29
7487	29
7488	29
7489	29
7490	29
7491	29
7492	29
7493	29
7494	29
7495	29
7496	29
7497	29
7498	29
7499	29
7500	29
7501	29
7502	29
7503	29
7504	29
7505	29
7506	29
7507	29
7508	29
7509	29
7510	29
7511	29
7512	29
7513	29
7514	29
7515	29
7516	29
7517	29
7518	29
7519	29
7520	29
7521	29
7522	29
7523	29
7524	29
7525	29
7526	29
7527	29
7528	29
7529	29
7530	29
7531	29
7532	29
7533	29
7534	29
7535	29
7536	29
7537	29
7538	29
7539	29
7540	29
7541	29
7542	29
7543	29
7544	29
7545	29
7546	29
7547	29
7548	29
7549	29
7550	29
7551	29
7552	29
7553	29
7554	29
7555	29
7556	29
7557	29
7558	29
7559	29
7560	29
7561	29
7562	29
7563	29
7564	29
7565	29
7566	29
7567	29
7568	29
7569	29
7570	29
7571	29
7572	29
7573	29
7574	29
7575	29
7576	29
7577	29
7578	29
7579	29
7580	29
7581	29
7582	29
7583	29
7584	29
7585	29
7586	29
7587	29
7588	29
7589	29
7590	29
7591	29
7592	29
7593	29
7594	29
7595	29
7596	29
7597	29
7598	29
7599	29
7600	29
7601	29
7602	29
7603	29
7604	29
7605	29
7606	29
7607	29
7608	29
7609	29
7610	29
7611	29
7612	29
7613	29
7614	29
7615	29
7616	29
7617	29
7618	29
7619	29
7620	29
7621	29
7622	29
7623	29
7624	29
7625	29
7626	29
7627	29
7628	29
7629	29
7630	29
7631	29
7632	29
7633	29
7634	29
7635	29
7636	29
7637	29
7638	29
7639	29
7640	29
7641	29
7642	29
7643	29
7644	29
7645	29
7646	29
7647	29
7648	29
7649	29
7650	29
7651	29
7652	29
7653	29
7654	29
7655	29
7656	29
7657	29
7658	29
7659	29
7660	29
7661	29
7662	29
7663	29
7664	29
7665	29
7666	29
7667	29
7668	29
7669	29
7670	29
7671	29
7672	29
7673	29
7674	29
7675	29
7676	29
7677	29
7678	29
7679	29
7680	29
7681	29
7682	29
7683	29
7684	29
7685	29
7686	29
7687	29
7688	29
7689	29
7690	29
7691	29
7692	29
7693	29
7694	29
7695	29
7696	29
7697	29
7698	29
7699	29
7700	29
7701	29
7702	29
7703	29
7704	29
7705	29
7706	29
7707	29
7708	29
7709	29
7710	29
7711	29
7712	29
7713	29
7714	29
7715	29
7716	29
7717	29
7718	29
7719	29
7720	29
7721	29
7722	29
7723	29
7724	29
7725	29
7726	29
7727	29
7728	29
7729	29
7730	29
7731	29
7732	29
7733	29
7734	29
7735	29
7736	29
7737	29
7738	29
7739	29
7740	29
7741	29
7742	29
7743	29
7744	29
7745	29
7746	29
7747	29
7748	29
7749	29
7750	29
7751	29
7752	29
7753	29
7754	29
7755	29
7756	29
7757	29
7758	29
7759	29
7760	29
7761	29
7762	29
7763	29
7764	29
7765	29
7766	29
7767	29
7768	29
7769	29
7770	29
7771	29
7772	29
7773	29
7774	29
7775	29
7776	29
7777	29
7778	29
7779	29
7780	29
7781	29
7782	29
7783	29
7784	29
7785	29
7786	29
7787	29
7788	29
7789	29
7790	29
7791	29
7792	29
7793	29
7794	29
7795	29
7796	29
7797	29
7798	29
7799	29
7800	29
7801	29
7802	29
7803	29
7804	29
7805	29
7806	29
7807	29
7808	29
7809	29
7810	29
7811	29
7812	29
7813	29
7814	29
7815	29
7816	29
7817	29
7818	29
7819	29
7820	29
7821	29
7822	29
7823	29
7824	29
7825	29
7826	29
7827	29
7828	29
7829	29
7830	29
7831	29
7832	29
7833	29
7834	29
7835	29
7836	29
7837	29
7838	29
7839	29
7840	29
7841	29
7842	29
7843	29
7844	29
7845	29
7846	29
7847	29
7848	29
7849	29
7850	29
7851	29
7852	29
7853	29
7854	29
7855	29
7856	29
7857	29
7858	29
7859	29
7860	29
7861	29
7862	29
7863	29
7864	29
7865	29
7866	29
7867	29
7868	29
7869	29
7870	29
7871	29
7872	29
7873	29
7874	29
7875	29
7876	29
7877	29
7878	29
7879	29
7880	29
7881	29
7882	29
7883	29
7884	29
7885	29
7886	29
7887	29
7888	29
7889	29
7890	29
7891	29
7892	29
7893	29
7894	29
7895	29
7896	29
7897	29
7898	29
7899	29
7900	29
7901	29
7902	29
7903	29
7904	29
7905	29
7906	29
7907	29
7908	29
7909	29
7910	29
7911	29
7912	29
7913	29
7914	29
7915	29
7916	29
7917	29
7918	29
7919	29
7920	29
7921	29
7922	29
7923	29
7924	29
7925	29
7926	29
7927	29
7928	29
7929	29
7930	29
7931	29
7932	29
7933	29
7934	29
7935	29
7936	29
7937	29
7938	29
7939	29
7940	29
7941	29
7942	29
7943	29
7944	29
7945	29
7946	29
7947	29
7948	29
7949	29
7950	29
7951	29
7952	29
7953	29
7954	29
7955	29
7956	29
7957	29
7958	29
7959	29
7960	29
7961	29
7962	29
7963	29
7964	29
7965	29
7966	29
7967	29
7968	29
7969	29
7970	29
7971	29
7972	29
7973	29
7974	29
7975	29
7976	29
7977	29
7978	29
7979	29
7980	29
7981	29
7982	29
7983	29
7984	29
7985	29
7986	29
7987	29
7988	29
7989	29
7990	29
7991	29
7992	29
7993	29
7994	29
7995	29
7996	29
7997	29
7998	29
7999	29
8000	29
8001	29
8002	29
8003	29
8004	29
8005	29
8006	29
8007	29
8008	29
8009	29
8010	29
8011	29
8012	29
8013	29
8014	29
8015	29
8016	29
8017	29
8018	29
8019	29
8020	29
8021	29
8022	29
8023	29
8024	29
8025	29
8026	29
8027	29
8028	29
8029	29
8030	29
8031	29
8032	29
8033	29
8034	29
8035	29
8036	29
8037	29
8038	29
8039	29
8040	29
8041	29
8042	29
8043	29
8044	29
8045	29
8046	29
8047	29
8048	29
8049	29
8050	29
8051	29
8052	29
8053	29
8054	29
8055	29
8056	29
8057	29
8058	29
8059	29
8060	29
8061	29
8062	29
8063	29
8064	29
8065	29
8066	29
8067	29
8068	29
8069	29
8070	29
8071	29
8072	29
8073	29
8074	29
8075	29
8076	29
8077	29
8078	29
8079	29
8080	29
8081	29
8082	29
8083	29
8084	29
8085	29
8086	29
8087	29
8088	29
8089	29
8090	29
8091	29
8092	29
8093	29
8094	29
8095	29
8096	29
8097	29
8098	29
8099	29
8100	29
8101	29
8102	29
8103	29
8104	29
8105	29
8106	29
8107	29
8108	29
8109	29
8110	29
8111	29
8112	29
8113	29
8114	29
8115	29
8116	29
8117	29
8118	29
8119	29
8120	29
8121	29
8122	29
8123	29
8124	29
8125	29
8126	29
8127	29
8128	29
8129	29
8130	29
8131	29
8132	29
8133	29
8134	29
8135	29
8136	29
8137	29
8138	29
8139	29
8140	29
8141	29
8142	29
8143	29
8144	29
8145	29
8146	30
8147	30
8148	30
8149	30
8150	30
8151	30
8152	30
8153	30
8154	30
8155	30
8156	30
8157	30
8158	30
8159	30
8160	30
8161	30
8162	30
8163	30
8164	30
8165	30
8166	30
8167	30
8168	30
8169	30
8170	30
8171	30
8172	30
8173	30
8174	30
8175	30
8176	30
8177	30
8178	30
8179	30
8180	30
8181	30
8182	30
8183	30
8184	30
8185	30
8186	30
8187	30
8188	30
8189	30
8190	30
8191	30
8192	30
8193	30
8194	30
8195	30
8196	30
8197	30
8198	30
8199	30
8200	30
8201	30
8202	30
8203	30
8204	30
8205	30
8206	30
8207	30
8208	30
8209	30
8210	30
8211	30
8212	30
8213	30
8214	30
8215	30
8216	30
8217	30
8218	30
8219	30
8220	30
8221	30
8222	30
8223	30
8224	30
8225	30
8226	30
8227	30
8228	30
8229	30
8230	30
8231	30
8232	30
8233	30
8234	30
8235	30
8236	30
8237	30
8238	30
8239	30
8240	30
8241	30
8242	30
8243	30
8244	30
8245	30
8246	30
8247	30
8248	30
8249	30
8250	30
8251	30
8252	30
8253	30
8254	30
8255	30
8256	30
8257	30
8258	30
8259	30
8260	30
8261	30
8262	30
8263	30
8264	30
8265	30
8266	30
8267	30
8268	30
8269	30
8270	30
8271	30
8272	30
8273	30
8274	30
8275	30
8276	30
8277	30
8278	30
8279	30
8280	30
8281	30
8282	30
8283	30
8284	30
8285	30
8286	30
8287	30
8288	30
8289	30
8290	30
8291	30
8292	30
8293	30
8294	30
8295	30
8296	30
8297	30
8298	30
8299	30
8300	30
8301	30
8302	30
8303	30
8304	30
8305	30
8306	30
8307	30
8308	30
8309	30
8310	30
8311	30
8312	30
8313	30
8314	30
8315	30
8316	30
8317	30
8318	30
8319	30
8320	30
8321	30
8322	30
8323	30
8324	30
8325	30
8326	30
8327	30
8328	30
8329	30
8330	30
8331	30
8332	30
8333	30
8334	30
8335	30
8336	30
8337	30
8338	30
8339	30
8340	30
8341	30
8342	30
8343	30
8344	30
8345	30
8346	30
8347	30
8348	30
8349	30
8350	30
8351	30
8352	30
8353	30
8354	30
8355	30
8356	30
8357	30
8358	30
8359	30
8360	30
8361	30
8362	30
8363	30
8364	30
8365	30
8366	30
8367	30
8368	30
8369	30
8370	30
8371	30
8372	30
8373	30
8374	30
8375	30
8376	30
8377	30
8378	30
8379	30
8380	30
8381	30
8382	30
8383	30
8384	30
8385	30
8386	30
8387	30
8388	30
8389	30
8390	30
8391	30
8392	30
8393	30
8394	30
8395	30
8396	30
8397	30
8398	30
8399	30
8400	30
8401	30
8402	30
8403	30
8404	30
8405	30
8406	30
8407	30
8408	30
8409	30
8410	30
8411	30
8412	30
8413	30
8414	30
8415	30
8416	30
8417	30
8418	30
8419	30
8420	30
8421	30
8422	30
8423	30
8424	30
8425	30
8426	30
8427	30
8428	30
8429	30
8430	30
8431	30
8432	30
8433	30
8434	30
8435	30
8436	30
8437	30
8438	30
8439	30
8440	30
8441	30
8442	30
8443	30
8444	30
8445	30
8446	30
8447	30
8448	30
8449	30
8450	30
8451	30
8452	30
8453	30
8454	30
8455	30
8456	30
8457	30
8458	30
8459	30
8460	30
8461	30
8462	30
8463	30
8464	30
8465	30
8466	30
8467	30
8468	30
8469	30
8470	30
8471	30
8472	30
8473	30
8474	30
8475	30
8476	30
8477	30
8478	30
8479	30
8480	30
8481	30
8482	30
8483	30
8484	30
8485	30
8486	30
8487	30
8488	30
8489	30
8490	30
8491	30
8492	30
8493	30
8494	30
8495	30
8496	30
8497	30
8498	30
8499	30
8500	30
8501	30
8502	30
8503	30
8504	30
8505	30
8506	30
8507	30
8508	31
8509	31
8510	31
8511	31
8512	31
8513	31
8514	31
8515	31
8516	31
8517	31
8518	31
8519	31
8520	31
8521	31
8522	31
8523	31
8524	31
8525	31
8526	31
8527	31
8528	31
8529	31
8530	31
8531	31
8532	31
8533	31
8534	31
8535	31
8536	31
8537	31
8538	31
8539	31
8540	31
8541	31
8542	31
8543	31
8544	31
8545	31
8546	31
8547	31
8548	31
8549	31
8550	31
8551	31
8552	31
8553	31
8554	31
8555	31
8556	31
8557	31
8558	31
8559	31
8560	31
8561	31
8562	31
8563	31
8564	31
8565	31
8566	31
8567	31
8568	31
8569	31
8570	31
8571	31
8572	31
8573	31
8574	31
8575	31
8576	31
8577	31
8578	31
8579	31
8580	31
8581	31
8582	31
8583	31
8584	31
8585	31
8586	31
8587	31
8588	31
8589	31
8590	31
8591	31
8592	31
8593	31
8594	31
8595	31
8596	31
8597	31
8598	31
8599	31
8600	31
8601	31
8602	31
8603	31
8604	31
8605	31
8606	31
8607	31
8608	31
8609	31
8610	31
8611	31
8612	31
8613	32
8614	32
8615	32
8616	32
8617	32
8618	32
8619	32
8620	32
8621	32
8622	32
8623	32
8624	32
8625	32
8626	32
8627	32
8628	32
8629	32
8630	32
8631	32
8632	32
8633	32
8634	32
8635	32
8636	32
8637	32
8638	32
8639	32
8640	32
8641	32
8642	32
8643	32
8644	32
8645	32
8646	32
8647	32
8648	32
8649	32
8650	32
8651	32
8652	32
8653	32
8654	32
8655	32
8656	32
8657	32
8658	32
8659	32
8660	32
8661	32
8662	32
8663	32
8664	32
8665	32
8666	32
8667	32
8668	32
8669	32
8670	32
8671	32
8672	32
8673	32
8674	32
8675	32
8676	32
8677	32
8678	32
8679	32
8680	32
8681	32
8682	32
8683	32
8684	32
8685	32
8686	32
8687	32
8688	32
8689	32
8690	32
8691	32
8692	32
8693	32
8694	32
8695	32
8696	32
8697	32
8698	32
8699	32
8700	32
8701	32
8702	32
8703	32
8704	32
8705	32
8706	32
8707	32
8708	32
8709	32
8710	32
8711	32
8712	32
8713	32
8714	32
8715	32
8716	32
8717	32
8718	32
8719	32
8720	32
8721	32
8722	32
8723	32
8724	32
8725	32
8726	32
8727	32
8728	32
8729	32
8730	32
8731	32
8732	32
8733	32
8734	32
8735	32
8736	32
8737	32
8738	32
8739	32
8740	32
8741	32
8742	32
8743	32
8744	32
8745	32
8746	32
8747	32
8748	32
8749	32
8750	32
8751	32
8752	32
8753	32
8754	32
8755	32
8756	32
8757	32
8758	32
8759	32
8760	32
8761	32
8762	32
8763	32
8764	32
8765	32
8766	32
8767	32
8768	32
8769	32
8770	32
8771	32
8772	32
8773	32
8774	32
8775	32
8776	32
8777	32
8778	32
8779	32
8780	32
8781	32
8782	32
8783	32
8784	32
8785	32
8786	32
8787	32
8788	32
8789	32
8790	32
8791	32
8792	32
8793	32
8794	32
8795	32
8796	32
8797	32
8798	32
8799	32
8800	32
8801	32
8802	32
8803	32
8804	32
8805	32
8806	32
8807	32
8808	32
8809	32
8810	32
8811	32
8812	32
8813	32
8814	32
8815	32
8816	32
8817	32
8818	32
8819	32
8820	32
8821	32
8822	32
8823	32
8824	32
8825	32
8826	32
8827	32
8828	32
8829	32
8830	32
8831	32
8832	32
8833	32
8834	32
8835	32
8836	32
8837	32
8838	32
8839	32
8840	32
8841	32
8842	32
8843	32
8844	32
8845	32
8846	32
8847	32
8848	32
8849	32
8850	32
8851	32
8852	32
8853	32
8854	32
8855	32
8856	32
8857	32
8858	32
8859	32
8860	32
8861	32
8862	32
8863	32
8864	32
8865	32
8866	32
8867	32
8868	32
8869	32
8870	32
8871	32
8872	32
8873	32
8874	32
8875	32
8876	32
8877	32
8878	32
8879	32
8880	32
8881	32
8882	32
8883	32
8884	32
8885	32
8886	32
8887	32
8888	32
8889	32
8890	32
8891	32
8892	32
8893	32
8894	32
8895	32
8896	32
8897	32
8898	32
8899	32
8900	32
8901	32
8902	32
8903	32
8904	32
8905	32
8906	32
8907	32
8908	32
8909	32
8910	32
8911	32
8912	32
8913	32
8914	32
8915	32
8916	32
8917	32
8918	32
8919	32
8920	32
8921	32
8922	32
8923	32
8924	32
8925	32
8926	32
8927	32
8928	32
8929	32
8930	32
8931	32
8932	32
8933	32
8934	32
8935	32
8936	32
8937	32
8938	32
8939	32
8940	32
8941	32
8942	32
8943	32
8944	32
8945	32
8946	32
8947	32
8948	32
8949	32
8950	32
8951	32
8952	32
8953	32
8954	32
8955	32
8956	32
8957	32
8958	32
8959	32
8960	32
8961	32
8962	32
8963	32
8964	32
8965	32
8966	32
8967	32
8968	32
8969	32
8970	32
8971	32
8972	32
8973	32
8974	32
8975	32
8976	32
8977	32
8978	32
8979	32
8980	32
8981	32
8982	32
8983	32
8984	32
8985	32
8986	32
8987	32
8988	32
8989	32
8990	32
8991	32
8992	32
8993	32
8994	32
8995	32
8996	32
8997	32
8998	32
8999	32
9000	32
9001	32
9002	32
9003	32
9004	32
9005	32
9006	32
9007	32
9008	32
9009	32
9010	32
9011	32
9012	32
9013	32
9014	32
9015	32
9016	32
9017	32
9018	32
9019	32
9020	32
9021	32
9022	32
9023	32
9024	32
9025	32
9026	32
9027	32
9028	32
9029	32
9030	32
9031	32
9032	32
9033	32
9034	32
9035	32
9036	32
9037	32
9038	32
9039	32
9040	32
9041	32
9042	32
9043	32
9044	32
9045	32
9046	32
9047	32
9048	32
9049	32
9050	32
9051	32
9052	32
9053	32
9054	32
9055	32
9056	32
9057	32
9058	32
9059	32
9060	32
9061	32
9062	32
9063	32
9064	32
9065	32
9066	32
9067	32
9068	32
9069	32
9070	32
9071	32
9072	32
9073	32
9074	32
9075	32
9076	32
9077	32
9078	32
9079	32
9080	32
9081	32
9082	32
9083	32
9084	32
9085	32
9086	32
9087	32
9088	32
9089	32
9090	32
9091	32
9092	32
9093	32
9094	32
9095	32
9096	32
9097	32
9098	32
9099	32
9100	32
9101	32
9102	32
9103	32
9104	32
9105	32
9106	32
9107	32
9108	32
9109	32
9110	32
9111	32
9112	32
9113	32
9114	32
9115	32
9116	32
9117	32
9118	32
9119	32
9120	32
9121	32
9122	32
9123	32
9124	32
9125	32
9126	32
9127	32
9128	32
9129	32
9130	32
9131	32
9132	32
9133	32
9134	32
9135	32
9136	32
9137	32
9138	32
9139	32
9140	32
9141	32
9142	32
9143	32
9144	32
9145	32
9146	32
9147	32
9148	32
9149	32
9150	32
9151	32
9152	32
9153	32
9154	32
9155	32
9156	32
9157	32
9158	32
9159	32
9160	32
9161	32
9162	32
9163	32
9164	32
9165	32
9166	32
9167	32
9168	32
9169	32
9170	32
9171	32
9172	32
9173	32
9174	32
9175	32
9176	32
9177	32
9178	32
9179	32
9180	32
9181	32
9182	32
9183	32
9184	32
9185	32
9186	32
9187	32
9188	32
9189	32
9190	32
9191	32
9192	32
9193	32
9194	32
9195	32
9196	32
9197	32
9198	32
9199	32
9200	32
9201	32
9202	32
9203	32
9204	32
9205	32
9206	32
9207	32
9208	32
9209	32
9210	32
9211	32
9212	32
9213	32
9214	32
9215	32
9216	32
9217	32
9218	32
9219	32
9220	32
9221	32
9222	32
9223	32
9224	32
9225	32
9226	32
9227	32
9228	32
9229	32
9230	32
9231	32
9232	32
9233	32
9234	32
9235	32
9236	32
9237	32
9238	32
9239	32
9240	32
9241	32
9242	32
9243	32
9244	32
9245	32
9246	32
9247	32
9248	32
9249	32
9250	32
9251	32
9252	32
9253	32
9254	32
9255	32
9256	32
9257	32
9258	32
9259	32
9260	32
9261	32
9262	32
9263	32
9264	32
9265	32
9266	32
9267	32
9268	32
9269	32
9270	32
9271	32
9272	32
9273	32
9274	32
9275	32
9276	32
9277	32
9278	32
9279	32
9280	32
9281	32
9282	32
9283	32
9284	32
9285	32
9286	32
9287	32
9288	32
9289	32
9290	32
9291	32
9292	32
9293	32
9294	32
9295	32
9296	32
9297	32
9298	32
9299	32
9300	32
9301	32
9302	32
9303	32
9304	32
9305	32
9306	32
9307	32
9308	32
9309	32
9310	32
9311	32
9312	32
9313	32
9314	32
9315	32
9316	32
9317	32
9318	32
9319	32
9320	32
9321	32
9322	32
9323	32
9324	32
9325	32
9326	32
9327	32
9328	32
9329	32
9330	32
9331	32
9332	32
9333	32
9334	32
9335	32
9336	32
9337	32
9338	32
9339	32
9340	32
9341	32
9342	32
9343	32
9344	32
9345	32
9346	32
9347	32
9348	32
9349	32
9350	32
9351	32
9352	32
9353	32
9354	32
9355	32
9356	32
9357	32
9358	32
9359	32
9360	32
9361	32
9362	32
9363	32
9364	32
9365	32
9366	32
9367	32
9368	32
9369	32
9370	32
9371	32
9372	32
9373	32
9374	32
9375	32
9376	32
9377	32
9378	32
9379	32
9380	32
9381	32
9382	32
9383	32
9384	32
9385	32
9386	32
9387	32
9388	32
9389	32
9390	32
9391	32
9392	32
9393	32
9394	32
9395	32
9396	32
9397	32
9398	32
9399	32
9400	32
9401	32
9402	32
9403	32
9404	32
9405	32
9406	32
9407	32
9408	32
9409	32
9410	32
9411	32
9412	32
9413	32
9414	32
9415	32
9416	32
9417	32
9418	32
9419	32
9420	32
9421	32
9422	32
9423	32
9424	32
9425	32
9426	32
9427	32
9428	32
9429	32
9430	32
9431	32
9432	32
9433	32
9434	32
9435	32
9436	32
9437	32
9438	32
9439	32
9440	32
9441	32
9442	32
9443	32
9444	32
9445	32
9446	32
9447	32
9448	32
9449	32
9450	32
9451	32
9452	32
9453	32
9454	32
9455	32
9456	32
9457	32
9458	32
9459	32
9460	32
9461	32
9462	32
9463	32
9464	32
9465	32
9466	32
9467	32
9468	32
9469	32
9470	32
9471	32
9472	32
9473	32
9474	32
9475	32
9476	32
9477	32
9478	32
9479	32
9480	32
9481	32
9482	32
9483	32
9484	32
9485	32
9486	32
9487	32
9488	32
9489	32
9490	32
9491	32
9492	32
9493	32
9494	32
9495	32
9496	32
9497	32
9498	32
9499	32
9500	32
9501	32
9502	32
9503	32
9504	32
9505	32
9506	32
9507	32
9508	32
9509	32
9510	32
9511	32
9512	32
9513	32
9514	32
9515	32
9516	32
9517	32
9518	32
9519	33
9520	33
9521	33
9522	33
9523	33
9524	33
9525	33
9526	33
9527	33
9528	33
9529	33
9530	33
9531	33
9532	33
9533	33
9534	33
9535	33
9536	33
9537	33
9538	33
9539	33
9540	33
9541	33
9542	33
9543	33
9544	33
9545	33
9546	33
9547	33
9548	33
9549	33
9550	33
9551	33
9552	33
9553	33
9554	33
9555	33
9556	33
9557	33
9558	33
9559	33
9560	33
9561	33
9562	33
9563	33
9564	33
9565	33
9566	33
9567	33
9568	33
9569	33
9570	33
9571	33
9572	33
9573	33
9574	33
9575	33
9576	33
9577	33
9578	33
9579	33
9580	33
9581	33
9582	33
9583	33
9584	33
9585	33
9586	33
9587	33
9588	33
9589	33
9590	33
9591	33
9592	33
9593	33
9594	33
9595	33
9596	33
9597	33
9598	33
9599	33
9600	33
9601	33
9602	33
9603	33
9604	33
9605	33
9606	34
9607	34
9608	34
9609	34
9610	34
9611	34
9612	34
9613	34
9614	34
9615	34
9616	34
9617	34
9618	34
9619	35
9620	35
9621	35
9622	35
9623	35
9624	35
9625	35
9626	35
9627	35
9628	35
9629	35
9630	35
9631	35
9632	35
9633	35
9634	35
9635	35
9636	35
9637	35
9638	35
9639	35
9640	35
9641	35
9642	35
9643	35
9644	35
9645	35
9646	35
9647	35
9648	35
9649	35
9650	35
9651	35
9652	35
9653	35
9654	35
9655	35
9656	35
9657	35
9658	35
9659	35
9660	35
9661	35
9662	35
9663	35
9664	35
9665	35
9666	35
9667	35
9668	35
9669	35
9670	35
9671	35
9672	35
9673	35
9674	35
9675	35
9676	35
9677	35
9678	35
9679	35
9680	35
9681	35
9682	35
9683	35
9684	35
9685	35
9686	35
9687	35
9688	35
9689	35
9690	35
9691	35
9692	35
9693	35
9694	35
9695	35
9696	35
9697	35
9698	35
9699	35
9700	35
9701	35
9702	35
9703	35
9704	35
9705	35
9706	35
9707	35
9708	35
9709	35
9710	35
9711	35
9712	35
9713	35
9714	35
9715	35
9716	35
9717	35
9718	35
9719	35
9720	35
9721	35
9722	35
9723	35
9724	35
9725	35
9726	35
9727	35
9728	35
9729	35
9730	35
9731	35
9732	35
9733	35
9734	35
9735	35
9736	35
9737	35
9738	35
9739	35
9740	35
9741	35
9742	35
9743	35
9744	35
9745	35
9746	35
9747	35
9748	35
9749	35
9750	35
9751	35
9752	35
9753	35
9754	35
9755	35
9756	35
9757	35
9758	35
9759	35
9760	35
9761	35
9762	35
9763	35
9764	35
9765	35
9766	35
9767	35
9768	35
9769	35
9770	35
9771	35
9772	35
9773	35
9774	35
9775	35
9776	35
9777	35
9778	35
9779	35
9780	35
9781	35
9782	35
9783	35
9784	35
9785	35
9786	35
9787	35
9788	35
9789	35
9790	35
9791	35
9792	35
9793	35
9794	35
9795	35
9796	35
9797	35
9798	35
9799	35
9800	35
9801	35
9802	35
9803	35
9804	35
9805	35
9806	35
9807	35
9808	35
9809	35
9810	35
9811	35
9812	35
9813	35
9814	35
9815	35
9816	35
9817	35
9818	35
9819	35
9820	35
9821	35
9822	35
9823	35
9824	35
9825	35
9826	35
9827	35
9828	35
9829	35
9830	35
9831	35
9832	35
9833	35
9834	35
9835	35
9836	35
9837	35
9838	35
9839	35
9840	35
9841	35
9842	35
9843	35
9844	35
9845	35
9846	35
9847	35
9848	35
9849	35
9850	35
9851	35
9852	35
9853	35
9854	35
9855	35
9856	35
9857	35
9858	35
9859	35
9860	35
9861	35
9862	35
9863	35
9864	35
9865	35
9866	35
9867	35
9868	35
9869	35
9870	35
9871	35
9872	35
9873	35
9874	35
9875	35
9876	35
9877	35
9878	35
9879	35
9880	35
9881	35
9882	35
9883	35
9884	35
9885	35
9886	35
9887	35
9888	35
9889	35
9890	35
9891	35
9892	35
9893	35
9894	35
9895	35
9896	35
9897	35
9898	35
9899	35
9900	35
9901	35
9902	35
9903	35
9904	35
9905	35
9906	35
9907	35
9908	35
9909	35
9910	35
9911	35
9912	35
9913	35
9914	35
9915	35
9916	35
9917	35
9918	35
9919	35
9920	35
9921	35
9922	35
9923	35
9924	35
9925	35
9926	35
9927	35
9928	35
9929	35
9930	35
9931	35
9932	35
9933	35
9934	35
9935	35
9936	35
9937	35
9938	35
9939	35
9940	35
9941	35
9942	35
9943	35
9944	35
9945	35
9946	35
9947	35
9948	35
9949	35
9950	35
9951	35
9952	35
9953	35
9954	35
9955	35
9956	35
9957	35
9958	35
9959	35
9960	35
9961	35
9962	35
9963	35
9964	35
9965	35
9966	35
9967	35
9968	36
9969	36
9970	36
9971	36
9972	36
9973	36
9974	36
9975	36
9976	36
9977	36
9978	36
9979	36
9980	36
9981	36
9982	36
9983	36
9984	36
9985	36
9986	36
9987	36
9988	36
9989	36
9990	36
9991	36
9992	36
9993	36
9994	36
9995	36
9996	36
9997	36
9998	36
9999	36
10000	36
