#Clock	ItemsCollected
1	0
2	0
3	0
4	0
5	0
6	0
7	0
8	0
9	0
10	0
11	0
12	0
13	0
14	0
15	0
16	0
17	0
18	0
19	0
20	0
21	0
22	0
23	0
24	0
25	0
26	0
27	0
28	0
29	0
30	0
31	0
32	0
33	0
34	0
35	0
36	0
37	0
38	0
39	0
40	0
41	0
42	0
43	0
44	0
45	0
46	0
47	0
48	0
49	0
50	0
51	0
52	0
53	0
54	0
55	0
56	0
57	0
58	0
59	0
60	0
61	0
62	0
63	0
64	0
65	0
66	0
67	0
68	0
69	0
70	0
71	0
72	0
73	0
74	0
75	0
76	0
77	0
78	0
79	0
80	0
81	0
82	0
83	0
84	0
85	0
86	0
87	0
88	0
89	0
90	0
91	0
92	0
93	0
94	0
95	0
96	0
97	0
98	0
99	0
100	0
101	0
102	0
103	0
104	0
105	0
106	0
107	0
108	0
109	0
110	0
111	0
112	0
113	0
114	0
115	0
116	0
117	0
118	0
119	0
120	0
121	0
122	0
123	0
124	0
125	0
126	0
127	0
128	0
129	0
130	0
131	0
132	0
133	0
134	0
135	0
136	0
137	0
138	0
139	0
140	0
141	0
142	0
143	0
144	0
145	0
146	0
147	0
148	0
149	0
150	0
151	0
152	0
153	0
154	0
155	0
156	0
157	0
158	0
159	0
160	0
161	0
162	0
163	0
164	0
165	0
166	0
167	0
168	0
169	0
170	0
171	0
172	0
173	0
174	0
175	0
176	0
177	0
178	0
179	0
180	0
181	0
182	0
183	0
184	0
185	0
186	0
187	0
188	0
189	0
190	0
191	0
192	0
193	0
194	0
195	0
196	0
197	0
198	0
199	0
200	0
201	0
202	0
203	0
204	0
205	0
206	0
207	0
208	0
209	0
210	0
211	0
212	0
213	0
214	0
215	0
216	0
217	0
218	0
219	0
220	0
221	0
222	0
223	0
224	0
225	0
226	0
227	0
228	0
229	0
230	0
231	0
232	0
233	0
234	0
235	0
236	0
237	0
238	0
239	0
240	0
241	0
242	0
243	0
244	0
245	0
246	0
247	0
248	0
249	0
250	0
251	0
252	0
253	0
254	0
255	0
256	0
257	0
258	0
259	0
260	0
261	0
262	0
263	0
264	0
265	0
266	0
267	0
268	0
269	0
270	0
271	0
272	0
273	0
274	0
275	0
276	0
277	0
278	0
279	0
280	0
281	0
282	0
283	0
284	0
285	0
286	0
287	0
288	0
289	0
290	0
291	0
292	0
293	0
294	0
295	0
296	0
297	0
298	0
299	0
300	0
301	0
302	0
303	0
304	0
305	0
306	0
307	0
308	0
309	0
310	0
311	0
312	0
313	0
314	0
315	0
316	0
317	0
318	0
319	0
320	0
321	0
322	0
323	0
324	0
325	0
326	0
327	0
328	0
329	0
330	0
331	0
332	0
333	0
334	0
335	0
336	0
337	0
338	0
339	0
340	0
341	0
342	0
343	0
344	0
345	0
346	0
347	0
348	0
349	0
350	0
351	0
352	0
353	0
354	0
355	0
356	0
357	0
358	0
359	0
360	0
361	0
362	0
363	0
364	0
365	0
366	0
367	0
368	0
369	0
370	0
371	0
372	0
373	0
374	0
375	0
376	0
377	0
378	0
379	0
380	0
381	0
382	0
383	0
384	0
385	0
386	0
387	0
388	0
389	0
390	0
391	0
392	0
393	0
394	0
395	0
396	0
397	0
398	0
399	0
400	0
401	0
402	0
403	0
404	0
405	0
406	0
407	0
408	0
409	0
410	0
411	0
412	0
413	0
414	0
415	0
416	0
417	0
418	0
419	0
420	0
421	0
422	0
423	0
424	0
425	0
426	0
427	0
428	0
429	0
430	0
431	0
432	0
433	0
434	0
435	0
436	0
437	0
438	0
439	0
440	0
441	0
442	0
443	0
444	0
445	0
446	0
447	0
448	0
449	0
450	0
451	0
452	0
453	0
454	0
455	0
456	0
457	0
458	0
459	0
460	0
461	0
462	0
463	0
464	0
465	0
466	0
467	0
468	0
469	0
470	0
471	0
472	0
473	0
474	0
475	0
476	0
477	0
478	0
479	0
480	0
481	0
482	0
483	0
484	0
485	0
486	0
487	0
488	0
489	0
490	0
491	0
492	0
493	0
494	0
495	0
496	0
497	0
498	0
499	0
500	0
501	0
502	0
503	0
504	0
505	0
506	0
507	0
508	0
509	0
510	0
511	0
512	0
513	0
514	0
515	0
516	0
517	0
518	0
519	0
520	0
521	0
522	0
523	0
524	0
525	0
526	0
527	0
528	0
529	0
530	0
531	0
532	0
533	0
534	0
535	0
536	0
537	0
538	0
539	0
540	0
541	0
542	0
543	0
544	0
545	0
546	0
547	0
548	0
549	0
550	0
551	0
552	0
553	0
554	0
555	0
556	0
557	0
558	0
559	0
560	0
561	0
562	0
563	0
564	0
565	0
566	0
567	0
568	0
569	0
570	0
571	0
572	0
573	0
574	0
575	0
576	0
577	0
578	0
579	0
580	0
581	0
582	0
583	0
584	0
585	0
586	0
587	0
588	0
589	0
590	0
591	0
592	0
593	0
594	0
595	0
596	0
597	0
598	0
599	0
600	0
601	0
602	0
603	0
604	0
605	0
606	0
607	0
608	0
609	0
610	0
611	0
612	0
613	0
614	0
615	0
616	0
617	0
618	0
619	0
620	0
621	0
622	0
623	0
624	0
625	0
626	0
627	0
628	0
629	0
630	0
631	0
632	0
633	0
634	0
635	0
636	0
637	0
638	0
639	0
640	0
641	0
642	0
643	0
644	0
645	0
646	0
647	0
648	0
649	0
650	0
651	0
652	0
653	0
654	0
655	0
656	0
657	0
658	0
659	0
660	0
661	0
662	0
663	0
664	0
665	0
666	0
667	0
668	0
669	0
670	0
671	0
672	0
673	0
674	0
675	0
676	0
677	0
678	0
679	0
680	0
681	0
682	0
683	0
684	0
685	0
686	0
687	0
688	0
689	0
690	0
691	0
692	0
693	0
694	0
695	0
696	0
697	0
698	0
699	0
700	0
701	0
702	0
703	0
704	0
705	0
706	0
707	0
708	0
709	0
710	0
711	0
712	0
713	0
714	0
715	0
716	0
717	0
718	0
719	0
720	0
721	0
722	0
723	0
724	0
725	0
726	0
727	0
728	0
729	0
730	0
731	0
732	0
733	0
734	0
735	0
736	0
737	0
738	0
739	0
740	0
741	0
742	0
743	0
744	0
745	0
746	0
747	0
748	0
749	0
750	0
751	0
752	0
753	0
754	0
755	0
756	0
757	0
758	0
759	0
760	0
761	0
762	0
763	0
764	0
765	0
766	0
767	0
768	0
769	0
770	0
771	0
772	0
773	0
774	0
775	0
776	0
777	0
778	0
779	0
780	0
781	0
782	0
783	0
784	0
785	0
786	0
787	0
788	0
789	0
790	0
791	0
792	0
793	0
794	0
795	0
796	0
797	0
798	0
799	0
800	0
801	0
802	0
803	0
804	0
805	0
806	0
807	0
808	0
809	0
810	0
811	0
812	0
813	0
814	0
815	0
816	0
817	0
818	0
819	0
820	0
821	0
822	0
823	0
824	0
825	0
826	0
827	0
828	0
829	0
830	0
831	0
832	0
833	0
834	0
835	0
836	0
837	0
838	0
839	0
840	0
841	0
842	0
843	0
844	0
845	0
846	0
847	0
848	0
849	0
850	0
851	0
852	0
853	0
854	0
855	0
856	0
857	0
858	0
859	0
860	0
861	0
862	0
863	0
864	0
865	0
866	0
867	0
868	0
869	0
870	0
871	0
872	0
873	0
874	0
875	0
876	0
877	0
878	0
879	0
880	0
881	0
882	0
883	0
884	0
885	0
886	0
887	0
888	0
889	0
890	0
891	0
892	0
893	0
894	0
895	0
896	0
897	0
898	0
899	0
900	0
901	0
902	0
903	0
904	0
905	0
906	0
907	0
908	0
909	0
910	0
911	0
912	0
913	0
914	0
915	0
916	0
917	0
918	0
919	0
920	0
921	0
922	0
923	0
924	0
925	0
926	0
927	0
928	0
929	0
930	0
931	0
932	0
933	0
934	0
935	0
936	0
937	0
938	0
939	0
940	0
941	0
942	0
943	0
944	0
945	0
946	0
947	0
948	0
949	0
950	0
951	0
952	0
953	0
954	0
955	0
956	0
957	0
958	0
959	0
960	0
961	0
962	0
963	0
964	0
965	0
966	0
967	0
968	0
969	0
970	0
971	0
972	0
973	0
974	0
975	0
976	0
977	0
978	0
979	0
980	0
981	0
982	0
983	0
984	0
985	0
986	0
987	0
988	0
989	0
990	0
991	0
992	0
993	0
994	0
995	0
996	0
997	0
998	0
999	0
1000	0
1001	0
1002	0
1003	0
1004	0
1005	0
1006	0
1007	0
1008	0
1009	0
1010	0
1011	0
1012	0
1013	0
1014	0
1015	0
1016	0
1017	0
1018	0
1019	0
1020	0
1021	0
1022	0
1023	0
1024	0
1025	0
1026	0
1027	0
1028	0
1029	0
1030	0
1031	0
1032	0
1033	0
1034	0
1035	0
1036	0
1037	0
1038	0
1039	0
1040	0
1041	0
1042	0
1043	0
1044	0
1045	0
1046	0
1047	0
1048	0
1049	0
1050	0
1051	0
1052	0
1053	0
1054	0
1055	0
1056	0
1057	0
1058	0
1059	0
1060	0
1061	0
1062	0
1063	0
1064	0
1065	0
1066	0
1067	0
1068	0
1069	0
1070	0
1071	0
1072	0
1073	0
1074	0
1075	0
1076	0
1077	0
1078	0
1079	0
1080	0
1081	0
1082	0
1083	0
1084	0
1085	0
1086	0
1087	0
1088	0
1089	0
1090	0
1091	0
1092	0
1093	0
1094	0
1095	0
1096	0
1097	0
1098	0
1099	0
1100	0
1101	0
1102	0
1103	0
1104	0
1105	0
1106	0
1107	0
1108	0
1109	0
1110	0
1111	0
1112	0
1113	0
1114	0
1115	0
1116	0
1117	0
1118	0
1119	0
1120	0
1121	0
1122	0
1123	0
1124	0
1125	0
1126	0
1127	0
1128	0
1129	0
1130	0
1131	0
1132	0
1133	0
1134	0
1135	0
1136	0
1137	0
1138	0
1139	0
1140	0
1141	0
1142	0
1143	0
1144	0
1145	0
1146	0
1147	0
1148	0
1149	0
1150	0
1151	0
1152	0
1153	0
1154	0
1155	0
1156	0
1157	0
1158	0
1159	0
1160	0
1161	0
1162	0
1163	0
1164	0
1165	0
1166	0
1167	0
1168	0
1169	0
1170	0
1171	0
1172	0
1173	0
1174	0
1175	0
1176	0
1177	0
1178	0
1179	0
1180	0
1181	0
1182	0
1183	0
1184	0
1185	0
1186	0
1187	0
1188	0
1189	0
1190	0
1191	0
1192	0
1193	0
1194	0
1195	0
1196	0
1197	0
1198	0
1199	0
1200	0
1201	0
1202	0
1203	0
1204	0
1205	0
1206	0
1207	0
1208	0
1209	0
1210	0
1211	0
1212	0
1213	0
1214	0
1215	0
1216	0
1217	0
1218	0
1219	0
1220	0
1221	0
1222	0
1223	0
1224	0
1225	0
1226	0
1227	0
1228	0
1229	0
1230	0
1231	0
1232	0
1233	0
1234	0
1235	0
1236	0
1237	0
1238	0
1239	0
1240	0
1241	0
1242	0
1243	0
1244	0
1245	0
1246	0
1247	0
1248	0
1249	0
1250	0
1251	0
1252	0
1253	0
1254	0
1255	0
1256	0
1257	0
1258	0
1259	0
1260	0
1261	0
1262	0
1263	0
1264	0
1265	0
1266	0
1267	0
1268	0
1269	0
1270	0
1271	0
1272	0
1273	0
1274	0
1275	0
1276	0
1277	0
1278	0
1279	0
1280	0
1281	0
1282	0
1283	0
1284	0
1285	0
1286	0
1287	0
1288	0
1289	0
1290	0
1291	0
1292	0
1293	0
1294	0
1295	0
1296	0
1297	0
1298	0
1299	0
1300	0
1301	0
1302	0
1303	0
1304	0
1305	0
1306	0
1307	0
1308	0
1309	0
1310	0
1311	0
1312	0
1313	0
1314	0
1315	0
1316	0
1317	0
1318	0
1319	0
1320	0
1321	0
1322	0
1323	0
1324	0
1325	0
1326	0
1327	0
1328	0
1329	0
1330	0
1331	0
1332	0
1333	0
1334	0
1335	0
1336	0
1337	0
1338	0
1339	0
1340	0
1341	0
1342	0
1343	0
1344	0
1345	0
1346	0
1347	0
1348	0
1349	0
1350	0
1351	0
1352	0
1353	0
1354	0
1355	0
1356	0
1357	0
1358	0
1359	0
1360	0
1361	0
1362	0
1363	0
1364	0
1365	0
1366	0
1367	0
1368	0
1369	0
1370	0
1371	0
1372	0
1373	0
1374	0
1375	0
1376	0
1377	0
1378	0
1379	0
1380	0
1381	0
1382	0
1383	0
1384	0
1385	0
1386	0
1387	0
1388	0
1389	0
1390	0
1391	0
1392	0
1393	0
1394	0
1395	0
1396	0
1397	0
1398	0
1399	0
1400	0
1401	0
1402	0
1403	0
1404	0
1405	0
1406	0
1407	0
1408	0
1409	0
1410	0
1411	0
1412	0
1413	0
1414	0
1415	0
1416	0
1417	0
1418	0
1419	0
1420	0
1421	0
1422	0
1423	0
1424	0
1425	0
1426	0
1427	0
1428	0
1429	0
1430	0
1431	0
1432	0
1433	0
1434	0
1435	0
1436	0
1437	0
1438	0
1439	0
1440	0
1441	0
1442	0
1443	0
1444	0
1445	0
1446	0
1447	0
1448	0
1449	0
1450	0
1451	0
1452	0
1453	0
1454	0
1455	0
1456	0
1457	0
1458	0
1459	0
1460	0
1461	0
1462	0
1463	0
1464	0
1465	0
1466	0
1467	0
1468	0
1469	0
1470	0
1471	0
1472	0
1473	0
1474	0
1475	0
1476	0
1477	0
1478	0
1479	0
1480	0
1481	0
1482	0
1483	0
1484	0
1485	0
1486	0
1487	0
1488	0
1489	0
1490	0
1491	0
1492	0
1493	0
1494	0
1495	0
1496	0
1497	0
1498	0
1499	0
1500	0
1501	0
1502	0
1503	0
1504	0
1505	0
1506	0
1507	0
1508	0
1509	0
1510	0
1511	0
1512	0
1513	0
1514	0
1515	0
1516	0
1517	0
1518	0
1519	0
1520	0
1521	0
1522	0
1523	0
1524	0
1525	0
1526	0
1527	0
1528	0
1529	0
1530	0
1531	0
1532	0
1533	0
1534	0
1535	0
1536	0
1537	0
1538	0
1539	0
1540	0
1541	0
1542	0
1543	0
1544	0
1545	0
1546	0
1547	0
1548	0
1549	0
1550	0
1551	0
1552	0
1553	0
1554	0
1555	0
1556	0
1557	0
1558	0
1559	0
1560	0
1561	0
1562	0
1563	0
1564	0
1565	0
1566	0
1567	0
1568	0
1569	0
1570	0
1571	0
1572	0
1573	0
1574	0
1575	0
1576	0
1577	0
1578	0
1579	0
1580	0
1581	0
1582	0
1583	0
1584	0
1585	0
1586	0
1587	0
1588	0
1589	0
1590	0
1591	0
1592	0
1593	0
1594	0
1595	0
1596	0
1597	0
1598	0
1599	0
1600	0
1601	0
1602	0
1603	0
1604	0
1605	0
1606	0
1607	0
1608	0
1609	0
1610	0
1611	0
1612	0
1613	0
1614	0
1615	0
1616	0
1617	0
1618	0
1619	0
1620	0
1621	0
1622	0
1623	0
1624	0
1625	0
1626	0
1627	0
1628	0
1629	0
1630	0
1631	0
1632	0
1633	0
1634	0
1635	0
1636	0
1637	0
1638	0
1639	0
1640	0
1641	0
1642	0
1643	0
1644	0
1645	0
1646	0
1647	0
1648	0
1649	0
1650	0
1651	0
1652	0
1653	0
1654	0
1655	0
1656	0
1657	0
1658	0
1659	0
1660	0
1661	0
1662	0
1663	0
1664	0
1665	0
1666	0
1667	0
1668	0
1669	0
1670	0
1671	0
1672	0
1673	0
1674	0
1675	0
1676	0
1677	0
1678	0
1679	0
1680	0
1681	0
1682	0
1683	0
1684	0
1685	0
1686	0
1687	0
1688	0
1689	0
1690	0
1691	0
1692	0
1693	0
1694	0
1695	0
1696	0
1697	0
1698	0
1699	0
1700	0
1701	0
1702	0
1703	0
1704	0
1705	0
1706	0
1707	0
1708	0
1709	0
1710	0
1711	0
1712	0
1713	0
1714	0
1715	0
1716	0
1717	0
1718	0
1719	0
1720	0
1721	0
1722	0
1723	0
1724	0
1725	0
1726	0
1727	0
1728	0
1729	0
1730	0
1731	0
1732	0
1733	0
1734	0
1735	0
1736	0
1737	0
1738	0
1739	0
1740	0
1741	0
1742	0
1743	0
1744	0
1745	0
1746	0
1747	0
1748	0
1749	0
1750	0
1751	0
1752	0
1753	0
1754	0
1755	0
1756	0
1757	0
1758	0
1759	0
1760	0
1761	0
1762	0
1763	0
1764	0
1765	0
1766	0
1767	0
1768	0
1769	0
1770	0
1771	0
1772	0
1773	0
1774	0
1775	0
1776	0
1777	0
1778	0
1779	0
1780	0
1781	0
1782	0
1783	0
1784	0
1785	0
1786	0
1787	0
1788	0
1789	0
1790	0
1791	0
1792	0
1793	0
1794	0
1795	0
1796	0
1797	0
1798	0
1799	0
1800	0
1801	0
1802	0
1803	0
1804	0
1805	0
1806	0
1807	0
1808	0
1809	0
1810	0
1811	0
1812	0
1813	0
1814	0
1815	0
1816	0
1817	0
1818	0
1819	0
1820	0
1821	0
1822	0
1823	0
1824	0
1825	0
1826	0
1827	0
1828	0
1829	0
1830	0
1831	0
1832	0
1833	0
1834	0
1835	0
1836	0
1837	0
1838	0
1839	0
1840	0
1841	0
1842	0
1843	0
1844	0
1845	0
1846	0
1847	0
1848	0
1849	0
1850	0
1851	0
1852	0
1853	0
1854	0
1855	0
1856	0
1857	0
1858	0
1859	0
1860	0
1861	0
1862	0
1863	0
1864	0
1865	0
1866	0
1867	0
1868	0
1869	0
1870	0
1871	0
1872	0
1873	0
1874	0
1875	0
1876	0
1877	0
1878	0
1879	0
1880	0
1881	0
1882	0
1883	0
1884	0
1885	0
1886	0
1887	0
1888	0
1889	0
1890	0
1891	0
1892	0
1893	0
1894	0
1895	0
1896	0
1897	0
1898	0
1899	0
1900	0
1901	0
1902	0
1903	0
1904	0
1905	0
1906	0
1907	0
1908	0
1909	0
1910	0
1911	0
1912	0
1913	0
1914	0
1915	0
1916	0
1917	0
1918	0
1919	0
1920	0
1921	0
1922	0
1923	0
1924	0
1925	0
1926	0
1927	0
1928	0
1929	0
1930	0
1931	0
1932	0
1933	0
1934	0
1935	0
1936	0
1937	0
1938	0
1939	0
1940	0
1941	0
1942	0
1943	0
1944	0
1945	0
1946	0
1947	0
1948	0
1949	0
1950	0
1951	0
1952	0
1953	0
1954	0
1955	0
1956	0
1957	0
1958	0
1959	0
1960	0
1961	0
1962	0
1963	0
1964	0
1965	0
1966	0
1967	0
1968	0
1969	0
1970	0
1971	0
1972	0
1973	0
1974	0
1975	0
1976	0
1977	0
1978	0
1979	0
1980	0
1981	0
1982	0
1983	0
1984	0
1985	0
1986	0
1987	0
1988	0
1989	0
1990	0
1991	0
1992	0
1993	0
1994	0
1995	0
1996	0
1997	0
1998	0
1999	0
2000	0
2001	0
2002	0
2003	0
2004	0
2005	0
2006	0
2007	0
2008	0
2009	0
2010	0
2011	0
2012	0
2013	0
2014	0
2015	0
2016	0
2017	0
2018	0
2019	0
2020	0
2021	0
2022	0
2023	0
2024	0
2025	0
2026	0
2027	0
2028	0
2029	0
2030	0
2031	0
2032	0
2033	0
2034	0
2035	0
2036	0
2037	0
2038	0
2039	0
2040	0
2041	0
2042	0
2043	0
2044	0
2045	0
2046	0
2047	0
2048	0
2049	0
2050	0
2051	0
2052	0
2053	0
2054	0
2055	0
2056	0
2057	0
2058	0
2059	0
2060	0
2061	0
2062	0
2063	0
2064	0
2065	0
2066	0
2067	0
2068	0
2069	0
2070	0
2071	0
2072	0
2073	0
2074	0
2075	0
2076	0
2077	0
2078	0
2079	0
2080	0
2081	0
2082	0
2083	0
2084	0
2085	0
2086	0
2087	0
2088	0
2089	0
2090	0
2091	0
2092	0
2093	0
2094	0
2095	0
2096	0
2097	0
2098	0
2099	0
2100	0
2101	0
2102	0
2103	0
2104	0
2105	0
2106	0
2107	0
2108	0
2109	0
2110	0
2111	0
2112	0
2113	0
2114	0
2115	0
2116	0
2117	0
2118	0
2119	0
2120	0
2121	0
2122	0
2123	0
2124	0
2125	0
2126	0
2127	0
2128	0
2129	0
2130	0
2131	0
2132	0
2133	0
2134	0
2135	0
2136	0
2137	0
2138	0
2139	0
2140	0
2141	0
2142	0
2143	0
2144	0
2145	0
2146	0
2147	0
2148	0
2149	0
2150	0
2151	0
2152	0
2153	0
2154	0
2155	0
2156	0
2157	0
2158	0
2159	0
2160	0
2161	0
2162	0
2163	0
2164	0
2165	0
2166	0
2167	0
2168	0
2169	0
2170	0
2171	0
2172	0
2173	0
2174	0
2175	0
2176	0
2177	0
2178	0
2179	0
2180	0
2181	0
2182	0
2183	0
2184	0
2185	0
2186	0
2187	0
2188	0
2189	0
2190	0
2191	0
2192	0
2193	0
2194	0
2195	0
2196	0
2197	0
2198	0
2199	0
2200	0
2201	0
2202	0
2203	0
2204	0
2205	0
2206	0
2207	0
2208	0
2209	0
2210	0
2211	0
2212	0
2213	0
2214	0
2215	0
2216	0
2217	0
2218	0
2219	0
2220	0
2221	0
2222	0
2223	0
2224	0
2225	0
2226	0
2227	0
2228	0
2229	0
2230	0
2231	0
2232	0
2233	0
2234	0
2235	0
2236	0
2237	0
2238	0
2239	0
2240	0
2241	0
2242	0
2243	0
2244	0
2245	0
2246	0
2247	0
2248	0
2249	0
2250	0
2251	0
2252	0
2253	0
2254	0
2255	0
2256	0
2257	0
2258	0
2259	0
2260	0
2261	0
2262	0
2263	0
2264	0
2265	0
2266	0
2267	0
2268	0
2269	0
2270	0
2271	0
2272	0
2273	0
2274	0
2275	0
2276	0
2277	0
2278	0
2279	0
2280	0
2281	0
2282	0
2283	0
2284	0
2285	0
2286	0
2287	0
2288	0
2289	0
2290	0
2291	0
2292	0
2293	0
2294	0
2295	0
2296	0
2297	0
2298	0
2299	0
2300	0
2301	0
2302	0
2303	0
2304	0
2305	0
2306	0
2307	0
2308	0
2309	0
2310	0
2311	0
2312	0
2313	0
2314	0
2315	0
2316	0
2317	0
2318	0
2319	0
2320	0
2321	0
2322	0
2323	0
2324	0
2325	0
2326	0
2327	0
2328	0
2329	0
2330	0
2331	0
2332	0
2333	0
2334	0
2335	0
2336	0
2337	0
2338	0
2339	0
2340	0
2341	0
2342	0
2343	0
2344	0
2345	0
2346	0
2347	0
2348	0
2349	0
2350	0
2351	0
2352	0
2353	0
2354	0
2355	0
2356	0
2357	0
2358	0
2359	0
2360	0
2361	0
2362	0
2363	0
2364	0
2365	0
2366	0
2367	0
2368	0
2369	0
2370	0
2371	0
2372	0
2373	0
2374	0
2375	0
2376	0
2377	0
2378	0
2379	0
2380	0
2381	0
2382	0
2383	0
2384	0
2385	0
2386	0
2387	0
2388	0
2389	0
2390	0
2391	0
2392	0
2393	0
2394	0
2395	0
2396	0
2397	0
2398	0
2399	0
2400	0
2401	0
2402	0
2403	0
2404	0
2405	0
2406	0
2407	0
2408	0
2409	0
2410	0
2411	0
2412	0
2413	0
2414	0
2415	0
2416	0
2417	0
2418	0
2419	0
2420	0
2421	0
2422	0
2423	0
2424	0
2425	0
2426	0
2427	0
2428	0
2429	0
2430	0
2431	0
2432	0
2433	0
2434	0
2435	0
2436	0
2437	0
2438	0
2439	0
2440	0
2441	0
2442	0
2443	0
2444	0
2445	0
2446	0
2447	0
2448	0
2449	0
2450	0
2451	0
2452	0
2453	0
2454	0
2455	0
2456	0
2457	0
2458	0
2459	0
2460	0
2461	0
2462	0
2463	0
2464	0
2465	0
2466	0
2467	0
2468	0
2469	0
2470	0
2471	0
2472	0
2473	0
2474	0
2475	0
2476	0
2477	0
2478	0
2479	0
2480	0
2481	0
2482	0
2483	0
2484	0
2485	0
2486	0
2487	0
2488	0
2489	0
2490	0
2491	0
2492	0
2493	0
2494	0
2495	0
2496	0
2497	0
2498	0
2499	0
2500	0
2501	0
2502	0
2503	0
2504	0
2505	0
2506	0
2507	0
2508	0
2509	0
2510	0
2511	0
2512	0
2513	0
2514	0
2515	0
2516	0
2517	0
2518	0
2519	0
2520	0
2521	0
2522	0
2523	0
2524	0
2525	0
2526	0
2527	0
2528	0
2529	0
2530	0
2531	0
2532	0
2533	0
2534	0
2535	0
2536	0
2537	0
2538	0
2539	0
2540	0
2541	0
2542	0
2543	0
2544	0
2545	0
2546	0
2547	0
2548	0
2549	0
2550	0
2551	0
2552	0
2553	0
2554	0
2555	0
2556	0
2557	0
2558	0
2559	0
2560	0
2561	0
2562	0
2563	0
2564	0
2565	0
2566	0
2567	0
2568	0
2569	0
2570	0
2571	0
2572	0
2573	0
2574	0
2575	0
2576	0
2577	0
2578	0
2579	0
2580	0
2581	0
2582	0
2583	0
2584	0
2585	0
2586	0
2587	0
2588	0
2589	0
2590	0
2591	0
2592	0
2593	0
2594	0
2595	0
2596	0
2597	0
2598	0
2599	0
2600	0
2601	0
2602	0
2603	0
2604	0
2605	0
2606	0
2607	0
2608	0
2609	0
2610	0
2611	0
2612	0
2613	0
2614	0
2615	0
2616	0
2617	0
2618	0
2619	0
2620	0
2621	0
2622	0
2623	0
2624	0
2625	0
2626	0
2627	0
2628	0
2629	0
2630	0
2631	0
2632	0
2633	0
2634	0
2635	0
2636	0
2637	0
2638	0
2639	0
2640	0
2641	0
2642	0
2643	0
2644	0
2645	0
2646	0
2647	0
2648	0
2649	0
2650	0
2651	0
2652	0
2653	0
2654	0
2655	0
2656	0
2657	0
2658	0
2659	0
2660	0
2661	0
2662	0
2663	0
2664	0
2665	0
2666	0
2667	0
2668	0
2669	0
2670	0
2671	0
2672	0
2673	0
2674	0
2675	0
2676	0
2677	0
2678	0
2679	0
2680	0
2681	0
2682	0
2683	0
2684	0
2685	0
2686	0
2687	0
2688	0
2689	0
2690	0
2691	0
2692	0
2693	0
2694	0
2695	0
2696	0
2697	0
2698	0
2699	0
2700	0
2701	0
2702	0
2703	0
2704	0
2705	0
2706	0
2707	0
2708	0
2709	0
2710	0
2711	0
2712	0
2713	0
2714	0
2715	0
2716	0
2717	0
2718	0
2719	0
2720	0
2721	0
2722	0
2723	0
2724	0
2725	0
2726	0
2727	0
2728	0
2729	0
2730	0
2731	0
2732	0
2733	0
2734	0
2735	0
2736	0
2737	0
2738	0
2739	0
2740	0
2741	0
2742	0
2743	0
2744	0
2745	0
2746	0
2747	0
2748	0
2749	0
2750	0
2751	0
2752	0
2753	0
2754	0
2755	0
2756	0
2757	0
2758	0
2759	0
2760	0
2761	0
2762	0
2763	0
2764	0
2765	0
2766	0
2767	0
2768	0
2769	0
2770	0
2771	0
2772	0
2773	0
2774	0
2775	0
2776	0
2777	0
2778	0
2779	0
2780	0
2781	0
2782	0
2783	0
2784	0
2785	0
2786	0
2787	0
2788	0
2789	0
2790	0
2791	0
2792	0
2793	0
2794	0
2795	0
2796	0
2797	0
2798	0
2799	0
2800	0
2801	0
2802	0
2803	0
2804	0
2805	0
2806	0
2807	0
2808	0
2809	0
2810	0
2811	0
2812	0
2813	0
2814	0
2815	0
2816	0
2817	0
2818	0
2819	0
2820	0
2821	0
2822	0
2823	0
2824	0
2825	0
2826	0
2827	0
2828	0
2829	0
2830	0
2831	0
2832	0
2833	0
2834	0
2835	0
2836	0
2837	0
2838	0
2839	0
2840	0
2841	0
2842	0
2843	0
2844	0
2845	0
2846	0
2847	0
2848	0
2849	0
2850	0
2851	0
2852	0
2853	0
2854	0
2855	0
2856	0
2857	0
2858	0
2859	0
2860	0
2861	0
2862	0
2863	0
2864	0
2865	0
2866	0
2867	0
2868	0
2869	0
2870	0
2871	0
2872	0
2873	0
2874	0
2875	0
2876	0
2877	0
2878	0
2879	0
2880	0
2881	0
2882	0
2883	0
2884	0
2885	0
2886	0
2887	0
2888	0
2889	0
2890	0
2891	0
2892	0
2893	0
2894	0
2895	0
2896	0
2897	0
2898	0
2899	0
2900	0
2901	0
2902	0
2903	0
2904	0
2905	0
2906	0
2907	0
2908	0
2909	0
2910	0
2911	0
2912	0
2913	0
2914	0
2915	0
2916	0
2917	0
2918	0
2919	0
2920	0
2921	0
2922	0
2923	0
2924	0
2925	0
2926	0
2927	0
2928	0
2929	0
2930	0
2931	0
2932	0
2933	0
2934	0
2935	0
2936	0
2937	0
2938	0
2939	0
2940	0
2941	0
2942	0
2943	0
2944	0
2945	0
2946	0
2947	0
2948	0
2949	0
2950	0
2951	0
2952	0
2953	0
2954	0
2955	0
2956	0
2957	0
2958	0
2959	0
2960	0
2961	0
2962	0
2963	0
2964	0
2965	0
2966	0
2967	0
2968	0
2969	0
2970	0
2971	0
2972	0
2973	0
2974	0
2975	0
2976	0
2977	0
2978	0
2979	0
2980	0
2981	0
2982	0
2983	0
2984	0
2985	0
2986	0
2987	0
2988	0
2989	0
2990	0
2991	0
2992	0
2993	0
2994	0
2995	0
2996	0
2997	0
2998	0
2999	0
3000	0
3001	0
3002	0
3003	0
3004	0
3005	0
3006	0
3007	0
3008	0
3009	0
3010	0
3011	0
3012	0
3013	0
3014	0
3015	0
3016	1
3017	1
3018	1
3019	1
3020	1
3021	1
3022	1
3023	1
3024	1
3025	1
3026	1
3027	1
3028	1
3029	1
3030	1
3031	1
3032	1
3033	1
3034	1
3035	1
3036	1
3037	1
3038	1
3039	1
3040	1
3041	1
3042	1
3043	1
3044	1
3045	1
3046	1
3047	1
3048	1
3049	1
3050	1
3051	1
3052	1
3053	1
3054	1
3055	1
3056	1
3057	1
3058	1
3059	1
3060	1
3061	1
3062	1
3063	1
3064	1
3065	1
3066	1
3067	1
3068	1
3069	1
3070	1
3071	1
3072	1
3073	1
3074	1
3075	1
3076	1
3077	1
3078	1
3079	1
3080	1
3081	1
3082	1
3083	1
3084	1
3085	1
3086	1
3087	1
3088	1
3089	1
3090	1
3091	1
3092	1
3093	1
3094	2
3095	2
3096	2
3097	2
3098	2
3099	2
3100	2
3101	2
3102	2
3103	2
3104	2
3105	2
3106	2
3107	2
3108	2
3109	2
3110	2
3111	2
3112	2
3113	2
3114	2
3115	2
3116	2
3117	2
3118	2
3119	2
3120	2
3121	2
3122	2
3123	2
3124	2
3125	2
3126	2
3127	2
3128	2
3129	2
3130	2
3131	2
3132	2
3133	2
3134	2
3135	2
3136	2
3137	2
3138	2
3139	2
3140	2
3141	2
3142	2
3143	2
3144	2
3145	2
3146	2
3147	2
3148	2
3149	2
3150	2
3151	2
3152	2
3153	2
3154	2
3155	2
3156	2
3157	2
3158	2
3159	2
3160	2
3161	2
3162	2
3163	2
3164	2
3165	2
3166	2
3167	2
3168	2
3169	2
3170	2
3171	2
3172	2
3173	2
3174	2
3175	2
3176	2
3177	2
3178	2
3179	2
3180	2
3181	2
3182	2
3183	2
3184	2
3185	2
3186	2
3187	2
3188	2
3189	2
3190	2
3191	2
3192	2
3193	2
3194	3
3195	3
3196	3
3197	3
3198	3
3199	3
3200	3
3201	3
3202	3
3203	3
3204	3
3205	3
3206	3
3207	3
3208	3
3209	3
3210	3
3211	3
3212	3
3213	3
3214	3
3215	3
3216	3
3217	3
3218	3
3219	3
3220	3
3221	3
3222	3
3223	3
3224	3
3225	3
3226	3
3227	3
3228	3
3229	3
3230	3
3231	3
3232	3
3233	3
3234	3
3235	3
3236	3
3237	3
3238	3
3239	3
3240	3
3241	3
3242	3
3243	3
3244	3
3245	3
3246	3
3247	3
3248	3
3249	3
3250	3
3251	3
3252	3
3253	3
3254	3
3255	3
3256	3
3257	3
3258	3
3259	3
3260	3
3261	3
3262	3
3263	3
3264	3
3265	3
3266	3
3267	3
3268	3
3269	3
3270	3
3271	3
3272	3
3273	3
3274	3
3275	3
3276	3
3277	3
3278	3
3279	3
3280	3
3281	3
3282	3
3283	3
3284	3
3285	3
3286	3
3287	3
3288	3
3289	3
3290	3
3291	3
3292	3
3293	3
3294	3
3295	3
3296	3
3297	3
3298	3
3299	3
3300	3
3301	3
3302	3
3303	3
3304	3
3305	3
3306	3
3307	3
3308	3
3309	3
3310	3
3311	3
3312	3
3313	3
3314	3
3315	3
3316	3
3317	3
3318	3
3319	3
3320	3
3321	3
3322	3
3323	3
3324	3
3325	3
3326	3
3327	3
3328	3
3329	3
3330	3
3331	3
3332	3
3333	3
3334	3
3335	3
3336	3
3337	3
3338	3
3339	3
3340	3
3341	3
3342	3
3343	3
3344	3
3345	3
3346	3
3347	3
3348	3
3349	3
3350	3
3351	3
3352	3
3353	3
3354	3
3355	3
3356	3
3357	3
3358	3
3359	3
3360	3
3361	3
3362	3
3363	3
3364	3
3365	3
3366	3
3367	3
3368	3
3369	3
3370	3
3371	3
3372	3
3373	3
3374	3
3375	3
3376	3
3377	3
3378	3
3379	3
3380	3
3381	3
3382	3
3383	3
3384	3
3385	3
3386	3
3387	3
3388	3
3389	3
3390	3
3391	3
3392	3
3393	3
3394	3
3395	3
3396	3
3397	3
3398	3
3399	3
3400	3
3401	3
3402	3
3403	3
3404	3
3405	3
3406	3
3407	3
3408	3
3409	3
3410	3
3411	3
3412	3
3413	3
3414	3
3415	3
3416	3
3417	3
3418	3
3419	3
3420	3
3421	3
3422	3
3423	3
3424	3
3425	3
3426	3
3427	3
3428	3
3429	3
3430	3
3431	3
3432	3
3433	3
3434	3
3435	3
3436	3
3437	3
3438	3
3439	3
3440	3
3441	3
3442	3
3443	3
3444	3
3445	3
3446	3
3447	3
3448	3
3449	3
3450	3
3451	3
3452	3
3453	3
3454	3
3455	3
3456	3
3457	3
3458	3
3459	3
3460	3
3461	3
3462	3
3463	3
3464	3
3465	3
3466	3
3467	3
3468	3
3469	3
3470	3
3471	3
3472	3
3473	3
3474	3
3475	3
3476	3
3477	3
3478	3
3479	3
3480	3
3481	3
3482	3
3483	3
3484	3
3485	3
3486	3
3487	3
3488	3
3489	3
3490	3
3491	4
3492	4
3493	4
3494	4
3495	4
3496	4
3497	4
3498	4
3499	4
3500	4
3501	4
3502	4
3503	4
3504	4
3505	4
3506	4
3507	4
3508	4
3509	4
3510	4
3511	4
3512	4
3513	4
3514	4
3515	4
3516	4
3517	4
3518	4
3519	4
3520	4
3521	4
3522	4
3523	4
3524	4
3525	4
3526	4
3527	4
3528	4
3529	4
3530	4
3531	4
3532	4
3533	4
3534	4
3535	4
3536	4
3537	4
3538	4
3539	4
3540	4
3541	4
3542	4
3543	4
3544	4
3545	4
3546	4
3547	4
3548	4
3549	4
3550	4
3551	4
3552	4
3553	4
3554	4
3555	4
3556	4
3557	4
3558	4
3559	4
3560	4
3561	4
3562	4
3563	4
3564	4
3565	4
3566	4
3567	4
3568	4
3569	4
3570	4
3571	4
3572	4
3573	4
3574	4
3575	4
3576	4
3577	4
3578	4
3579	4
3580	4
3581	4
3582	4
3583	4
3584	4
3585	4
3586	4
3587	4
3588	4
3589	4
3590	4
3591	4
3592	4
3593	4
3594	4
3595	4
3596	4
3597	4
3598	4
3599	4
3600	4
3601	4
3602	4
3603	5
3604	5
3605	5
3606	5
3607	6
3608	6
3609	6
3610	6
3611	6
3612	6
3613	6
3614	6
3615	6
3616	6
3617	6
3618	6
3619	6
3620	6
3621	6
3622	6
3623	6
3624	6
3625	6
3626	6
3627	6
3628	6
3629	6
3630	6
3631	6
3632	6
3633	6
3634	6
3635	6
3636	6
3637	6
3638	6
3639	6
3640	6
3641	6
3642	6
3643	6
3644	6
3645	6
3646	6
3647	6
3648	6
3649	6
3650	6
3651	6
3652	6
3653	6
3654	6
3655	6
3656	6
3657	6
3658	6
3659	6
3660	6
3661	6
3662	6
3663	6
3664	6
3665	6
3666	6
3667	6
3668	6
3669	6
3670	6
3671	6
3672	6
3673	6
3674	6
3675	6
3676	6
3677	6
3678	6
3679	6
3680	6
3681	6
3682	6
3683	6
3684	6
3685	6
3686	6
3687	6
3688	6
3689	6
3690	6
3691	6
3692	6
3693	6
3694	6
3695	6
3696	6
3697	6
3698	6
3699	6
3700	6
3701	6
3702	6
3703	6
3704	6
3705	6
3706	6
3707	6
3708	6
3709	6
3710	6
3711	6
3712	6
3713	6
3714	6
3715	6
3716	6
3717	6
3718	6
3719	6
3720	6
3721	6
3722	6
3723	6
3724	6
3725	6
3726	6
3727	6
3728	6
3729	6
3730	6
3731	6
3732	6
3733	6
3734	6
3735	6
3736	6
3737	6
3738	6
3739	6
3740	6
3741	6
3742	6
3743	6
3744	6
3745	6
3746	6
3747	6
3748	6
3749	6
3750	6
3751	6
3752	6
3753	6
3754	6
3755	6
3756	6
3757	6
3758	6
3759	6
3760	6
3761	6
3762	6
3763	6
3764	6
3765	6
3766	6
3767	6
3768	6
3769	6
3770	6
3771	6
3772	6
3773	6
3774	6
3775	6
3776	6
3777	6
3778	6
3779	6
3780	6
3781	6
3782	6
3783	6
3784	6
3785	6
3786	6
3787	6
3788	6
3789	6
3790	6
3791	6
3792	6
3793	6
3794	6
3795	6
3796	6
3797	6
3798	6
3799	6
3800	6
3801	6
3802	6
3803	6
3804	6
3805	6
3806	6
3807	6
3808	6
3809	6
3810	6
3811	6
3812	6
3813	6
3814	6
3815	6
3816	6
3817	6
3818	6
3819	6
3820	6
3821	6
3822	6
3823	6
3824	6
3825	6
3826	6
3827	6
3828	6
3829	6
3830	6
3831	6
3832	6
3833	6
3834	6
3835	6
3836	6
3837	6
3838	6
3839	6
3840	6
3841	6
3842	6
3843	6
3844	6
3845	6
3846	6
3847	6
3848	6
3849	6
3850	6
3851	6
3852	6
3853	6
3854	6
3855	6
3856	6
3857	6
3858	6
3859	6
3860	6
3861	6
3862	6
3863	6
3864	7
3865	7
3866	7
3867	7
3868	7
3869	7
3870	7
3871	7
3872	7
3873	7
3874	7
3875	7
3876	7
3877	7
3878	7
3879	7
3880	7
3881	7
3882	7
3883	7
3884	7
3885	7
3886	7
3887	7
3888	7
3889	7
3890	7
3891	7
3892	7
3893	7
3894	7
3895	7
3896	7
3897	7
3898	7
3899	7
3900	7
3901	7
3902	7
3903	7
3904	7
3905	7
3906	7
3907	7
3908	7
3909	7
3910	7
3911	7
3912	7
3913	7
3914	7
3915	7
3916	7
3917	7
3918	7
3919	7
3920	7
3921	7
3922	7
3923	7
3924	7
3925	7
3926	7
3927	7
3928	7
3929	7
3930	7
3931	7
3932	7
3933	7
3934	7
3935	7
3936	7
3937	7
3938	7
3939	7
3940	7
3941	7
3942	7
3943	7
3944	7
3945	7
3946	7
3947	7
3948	7
3949	7
3950	7
3951	7
3952	7
3953	7
3954	7
3955	7
3956	7
3957	7
3958	7
3959	7
3960	7
3961	7
3962	7
3963	7
3964	7
3965	7
3966	7
3967	7
3968	7
3969	7
3970	7
3971	7
3972	7
3973	7
3974	7
3975	8
3976	8
3977	8
3978	8
3979	8
3980	8
3981	8
3982	8
3983	8
3984	8
3985	8
3986	8
3987	8
3988	8
3989	8
3990	8
3991	8
3992	8
3993	8
3994	8
3995	8
3996	8
3997	8
3998	8
3999	8
4000	8
4001	8
4002	8
4003	8
4004	8
4005	8
4006	8
4007	8
4008	8
4009	8
4010	8
4011	8
4012	8
4013	8
4014	8
4015	8
4016	8
4017	8
4018	8
4019	8
4020	8
4021	8
4022	8
4023	8
4024	8
4025	8
4026	8
4027	8
4028	8
4029	8
4030	8
4031	8
4032	8
4033	8
4034	8
4035	8
4036	8
4037	8
4038	8
4039	8
4040	8
4041	8
4042	8
4043	8
4044	8
4045	8
4046	8
4047	8
4048	8
4049	8
4050	8
4051	8
4052	8
4053	8
4054	8
4055	8
4056	8
4057	8
4058	8
4059	8
4060	8
4061	8
4062	8
4063	8
4064	8
4065	8
4066	8
4067	8
4068	8
4069	8
4070	8
4071	8
4072	8
4073	8
4074	8
4075	8
4076	8
4077	8
4078	8
4079	8
4080	8
4081	8
4082	8
4083	8
4084	8
4085	8
4086	8
4087	8
4088	8
4089	8
4090	8
4091	8
4092	8
4093	8
4094	8
4095	8
4096	8
4097	8
4098	8
4099	8
4100	8
4101	8
4102	8
4103	8
4104	8
4105	8
4106	8
4107	8
4108	8
4109	8
4110	8
4111	8
4112	8
4113	8
4114	8
4115	8
4116	8
4117	8
4118	8
4119	8
4120	8
4121	8
4122	8
4123	8
4124	8
4125	8
4126	8
4127	8
4128	8
4129	8
4130	8
4131	8
4132	8
4133	8
4134	8
4135	8
4136	8
4137	8
4138	8
4139	8
4140	8
4141	8
4142	8
4143	8
4144	8
4145	8
4146	8
4147	8
4148	8
4149	8
4150	8
4151	8
4152	8
4153	8
4154	8
4155	8
4156	8
4157	8
4158	8
4159	8
4160	8
4161	8
4162	8
4163	8
4164	8
4165	8
4166	8
4167	8
4168	8
4169	8
4170	8
4171	8
4172	8
4173	8
4174	8
4175	8
4176	8
4177	8
4178	8
4179	8
4180	8
4181	8
4182	8
4183	8
4184	8
4185	8
4186	8
4187	8
4188	8
4189	8
4190	8
4191	8
4192	8
4193	8
4194	8
4195	8
4196	8
4197	8
4198	8
4199	8
4200	8
4201	8
4202	8
4203	8
4204	8
4205	8
4206	8
4207	8
4208	8
4209	8
4210	8
4211	8
4212	8
4213	8
4214	8
4215	8
4216	8
4217	8
4218	8
4219	8
4220	8
4221	8
4222	8
4223	8
4224	8
4225	8
4226	8
4227	8
4228	8
4229	8
4230	8
4231	8
4232	8
4233	8
4234	8
4235	8
4236	8
4237	8
4238	8
4239	8
4240	8
4241	8
4242	8
4243	8
4244	8
4245	8
4246	8
4247	8
4248	8
4249	8
4250	8
4251	8
4252	8
4253	8
4254	8
4255	8
4256	8
4257	8
4258	8
4259	8
4260	8
4261	8
4262	8
4263	8
4264	8
4265	8
4266	8
4267	8
4268	8
4269	8
4270	8
4271	8
4272	8
4273	8
4274	8
4275	8
4276	8
4277	8
4278	8
4279	8
4280	8
4281	8
4282	8
4283	8
4284	8
4285	8
4286	8
4287	8
4288	8
4289	8
4290	8
4291	8
4292	8
4293	8
4294	8
4295	8
4296	8
4297	8
4298	8
4299	8
4300	8
4301	8
4302	8
4303	8
4304	8
4305	8
4306	8
4307	8
4308	8
4309	8
4310	8
4311	8
4312	8
4313	8
4314	8
4315	8
4316	8
4317	8
4318	8
4319	8
4320	8
4321	8
4322	8
4323	8
4324	8
4325	8
4326	8
4327	8
4328	8
4329	8
4330	8
4331	8
4332	8
4333	8
4334	8
4335	8
4336	8
4337	8
4338	8
4339	8
4340	8
4341	8
4342	8
4343	8
4344	8
4345	8
4346	8
4347	8
4348	8
4349	8
4350	8
4351	8
4352	8
4353	8
4354	8
4355	8
4356	8
4357	8
4358	8
4359	8
4360	8
4361	8
4362	8
4363	8
4364	8
4365	8
4366	8
4367	8
4368	8
4369	8
4370	8
4371	8
4372	8
4373	8
4374	8
4375	8
4376	8
4377	8
4378	8
4379	8
4380	8
4381	8
4382	8
4383	8
4384	8
4385	8
4386	8
4387	8
4388	8
4389	8
4390	8
4391	8
4392	8
4393	8
4394	8
4395	8
4396	8
4397	8
4398	8
4399	8
4400	8
4401	8
4402	8
4403	8
4404	8
4405	8
4406	8
4407	8
4408	8
4409	8
4410	8
4411	8
4412	8
4413	8
4414	8
4415	8
4416	8
4417	8
4418	8
4419	8
4420	8
4421	8
4422	8
4423	8
4424	8
4425	8
4426	8
4427	8
4428	8
4429	8
4430	8
4431	8
4432	8
4433	8
4434	8
4435	8
4436	8
4437	8
4438	8
4439	8
4440	8
4441	8
4442	8
4443	8
4444	8
4445	8
4446	8
4447	8
4448	8
4449	8
4450	8
4451	8
4452	8
4453	8
4454	8
4455	8
4456	8
4457	8
4458	8
4459	8
4460	8
4461	8
4462	8
4463	8
4464	8
4465	8
4466	8
4467	8
4468	8
4469	8
4470	8
4471	8
4472	8
4473	8
4474	8
4475	8
4476	8
4477	8
4478	8
4479	8
4480	8
4481	8
4482	8
4483	8
4484	8
4485	8
4486	8
4487	8
4488	8
4489	8
4490	8
4491	8
4492	8
4493	8
4494	8
4495	8
4496	8
4497	8
4498	8
4499	8
4500	8
4501	8
4502	8
4503	8
4504	8
4505	8
4506	8
4507	8
4508	8
4509	8
4510	8
4511	8
4512	8
4513	8
4514	8
4515	8
4516	8
4517	8
4518	8
4519	8
4520	8
4521	8
4522	8
4523	8
4524	8
4525	8
4526	8
4527	8
4528	8
4529	8
4530	8
4531	8
4532	8
4533	8
4534	8
4535	8
4536	8
4537	8
4538	8
4539	8
4540	8
4541	8
4542	8
4543	8
4544	8
4545	8
4546	8
4547	8
4548	8
4549	8
4550	8
4551	8
4552	8
4553	8
4554	8
4555	8
4556	8
4557	8
4558	8
4559	8
4560	8
4561	8
4562	8
4563	8
4564	8
4565	8
4566	8
4567	8
4568	8
4569	8
4570	8
4571	8
4572	8
4573	8
4574	8
4575	8
4576	8
4577	8
4578	8
4579	8
4580	8
4581	8
4582	8
4583	8
4584	8
4585	8
4586	8
4587	8
4588	8
4589	8
4590	8
4591	8
4592	8
4593	8
4594	8
4595	8
4596	8
4597	8
4598	8
4599	8
4600	8
4601	8
4602	8
4603	8
4604	8
4605	8
4606	8
4607	8
4608	8
4609	8
4610	8
4611	8
4612	8
4613	8
4614	8
4615	8
4616	8
4617	8
4618	8
4619	8
4620	8
4621	8
4622	8
4623	8
4624	8
4625	8
4626	8
4627	8
4628	8
4629	8
4630	8
4631	8
4632	8
4633	8
4634	8
4635	8
4636	8
4637	8
4638	8
4639	8
4640	8
4641	8
4642	8
4643	8
4644	8
4645	8
4646	8
4647	8
4648	8
4649	8
4650	8
4651	8
4652	8
4653	8
4654	8
4655	8
4656	8
4657	8
4658	8
4659	8
4660	8
4661	8
4662	8
4663	8
4664	8
4665	8
4666	8
4667	8
4668	8
4669	8
4670	8
4671	8
4672	8
4673	8
4674	8
4675	8
4676	8
4677	8
4678	8
4679	8
4680	8
4681	8
4682	8
4683	8
4684	8
4685	8
4686	8
4687	8
4688	8
4689	8
4690	8
4691	8
4692	8
4693	8
4694	8
4695	8
4696	8
4697	8
4698	8
4699	8
4700	8
4701	8
4702	8
4703	8
4704	8
4705	8
4706	8
4707	8
4708	8
4709	8
4710	8
4711	8
4712	8
4713	8
4714	8
4715	8
4716	8
4717	8
4718	8
4719	8
4720	8
4721	8
4722	8
4723	8
4724	8
4725	8
4726	8
4727	8
4728	8
4729	8
4730	8
4731	8
4732	8
4733	8
4734	8
4735	8
4736	8
4737	8
4738	8
4739	8
4740	8
4741	8
4742	8
4743	8
4744	8
4745	8
4746	8
4747	8
4748	8
4749	8
4750	8
4751	8
4752	8
4753	8
4754	8
4755	8
4756	8
4757	8
4758	8
4759	8
4760	8
4761	8
4762	8
4763	8
4764	8
4765	8
4766	8
4767	8
4768	8
4769	8
4770	8
4771	8
4772	8
4773	8
4774	8
4775	8
4776	8
4777	8
4778	8
4779	8
4780	8
4781	8
4782	8
4783	8
4784	8
4785	8
4786	8
4787	8
4788	8
4789	8
4790	8
4791	8
4792	8
4793	8
4794	8
4795	8
4796	8
4797	8
4798	8
4799	8
4800	8
4801	8
4802	8
4803	8
4804	8
4805	8
4806	8
4807	8
4808	8
4809	8
4810	8
4811	8
4812	8
4813	8
4814	8
4815	8
4816	8
4817	8
4818	8
4819	8
4820	8
4821	8
4822	8
4823	8
4824	8
4825	8
4826	8
4827	8
4828	8
4829	8
4830	8
4831	8
4832	8
4833	8
4834	8
4835	8
4836	8
4837	8
4838	8
4839	8
4840	8
4841	8
4842	8
4843	8
4844	8
4845	8
4846	8
4847	8
4848	8
4849	8
4850	8
4851	8
4852	8
4853	8
4854	8
4855	8
4856	8
4857	8
4858	8
4859	8
4860	8
4861	8
4862	8
4863	8
4864	8
4865	8
4866	8
4867	8
4868	8
4869	8
4870	8
4871	8
4872	8
4873	8
4874	8
4875	8
4876	8
4877	8
4878	8
4879	8
4880	8
4881	8
4882	8
4883	8
4884	8
4885	8
4886	8
4887	8
4888	8
4889	8
4890	8
4891	8
4892	8
4893	8
4894	8
4895	8
4896	8
4897	8
4898	8
4899	8
4900	8
4901	8
4902	8
4903	8
4904	8
4905	8
4906	8
4907	8
4908	8
4909	8
4910	8
4911	8
4912	8
4913	8
4914	8
4915	8
4916	8
4917	8
4918	8
4919	8
4920	8
4921	8
4922	8
4923	8
4924	8
4925	8
4926	8
4927	8
4928	8
4929	8
4930	8
4931	8
4932	8
4933	8
4934	8
4935	8
4936	8
4937	8
4938	8
4939	8
4940	8
4941	8
4942	8
4943	8
4944	8
4945	8
4946	8
4947	8
4948	8
4949	8
4950	8
4951	8
4952	8
4953	8
4954	8
4955	8
4956	8
4957	8
4958	8
4959	8
4960	8
4961	8
4962	8
4963	8
4964	8
4965	8
4966	8
4967	8
4968	8
4969	8
4970	8
4971	8
4972	8
4973	8
4974	8
4975	8
4976	8
4977	8
4978	8
4979	8
4980	8
4981	8
4982	8
4983	8
4984	8
4985	8
4986	8
4987	8
4988	8
4989	8
4990	8
4991	8
4992	8
4993	8
4994	8
4995	8
4996	8
4997	8
4998	8
4999	8
5000	8
5001	8
5002	8
5003	8
5004	8
5005	8
5006	8
5007	8
5008	8
5009	8
5010	8
5011	8
5012	8
5013	8
5014	8
5015	8
5016	8
5017	8
5018	8
5019	8
5020	8
5021	8
5022	8
5023	8
5024	8
5025	8
5026	8
5027	8
5028	8
5029	8
5030	8
5031	8
5032	8
5033	8
5034	8
5035	8
5036	8
5037	8
5038	8
5039	8
5040	8
5041	8
5042	8
5043	8
5044	8
5045	8
5046	8
5047	8
5048	8
5049	8
5050	8
5051	8
5052	8
5053	8
5054	8
5055	8
5056	8
5057	8
5058	8
5059	8
5060	8
5061	8
5062	8
5063	8
5064	8
5065	8
5066	8
5067	8
5068	8
5069	8
5070	8
5071	8
5072	8
5073	8
5074	8
5075	8
5076	8
5077	8
5078	8
5079	8
5080	8
5081	8
5082	8
5083	8
5084	8
5085	8
5086	8
5087	8
5088	8
5089	8
5090	8
5091	8
5092	8
5093	8
5094	8
5095	8
5096	8
5097	8
5098	8
5099	8
5100	8
5101	8
5102	8
5103	8
5104	8
5105	8
5106	8
5107	8
5108	8
5109	8
5110	8
5111	8
5112	8
5113	8
5114	8
5115	8
5116	8
5117	8
5118	8
5119	8
5120	8
5121	8
5122	8
5123	8
5124	8
5125	8
5126	8
5127	8
5128	8
5129	8
5130	8
5131	8
5132	8
5133	8
5134	8
5135	8
5136	8
5137	8
5138	8
5139	8
5140	8
5141	8
5142	8
5143	8
5144	8
5145	8
5146	8
5147	8
5148	8
5149	8
5150	8
5151	8
5152	8
5153	8
5154	8
5155	8
5156	8
5157	8
5158	8
5159	8
5160	8
5161	8
5162	8
5163	8
5164	8
5165	8
5166	8
5167	8
5168	8
5169	8
5170	8
5171	8
5172	8
5173	8
5174	8
5175	8
5176	8
5177	8
5178	8
5179	8
5180	8
5181	8
5182	8
5183	8
5184	8
5185	8
5186	8
5187	8
5188	8
5189	8
5190	8
5191	8
5192	8
5193	8
5194	8
5195	8
5196	8
5197	8
5198	8
5199	8
5200	8
5201	8
5202	8
5203	8
5204	8
5205	8
5206	8
5207	8
5208	8
5209	8
5210	8
5211	8
5212	8
5213	8
5214	8
5215	8
5216	8
5217	8
5218	8
5219	8
5220	8
5221	8
5222	8
5223	8
5224	8
5225	8
5226	8
5227	8
5228	8
5229	8
5230	8
5231	8
5232	8
5233	8
5234	8
5235	8
5236	8
5237	8
5238	8
5239	8
5240	8
5241	9
5242	9
5243	9
5244	9
5245	9
5246	9
5247	9
5248	9
5249	9
5250	9
5251	9
5252	9
5253	9
5254	9
5255	9
5256	9
5257	9
5258	9
5259	9
5260	9
5261	9
5262	9
5263	9
5264	9
5265	9
5266	9
5267	9
5268	9
5269	9
5270	9
5271	9
5272	9
5273	9
5274	9
5275	9
5276	9
5277	9
5278	9
5279	9
5280	9
5281	9
5282	9
5283	9
5284	9
5285	9
5286	9
5287	9
5288	9
5289	9
5290	9
5291	9
5292	9
5293	9
5294	9
5295	9
5296	9
5297	9
5298	9
5299	9
5300	9
5301	9
5302	9
5303	9
5304	9
5305	9
5306	9
5307	9
5308	9
5309	9
5310	9
5311	9
5312	9
5313	9
5314	9
5315	9
5316	9
5317	9
5318	9
5319	9
5320	9
5321	9
5322	9
5323	9
5324	9
5325	9
5326	9
5327	9
5328	9
5329	9
5330	9
5331	9
5332	9
5333	9
5334	9
5335	9
5336	9
5337	9
5338	9
5339	9
5340	9
5341	9
5342	9
5343	9
5344	9
5345	9
5346	9
5347	9
5348	9
5349	9
5350	9
5351	9
5352	9
5353	9
5354	9
5355	9
5356	9
5357	9
5358	9
5359	9
5360	9
5361	9
5362	9
5363	9
5364	9
5365	9
5366	9
5367	9
5368	9
5369	9
5370	9
5371	9
5372	9
5373	9
5374	9
5375	9
5376	9
5377	9
5378	9
5379	9
5380	9
5381	9
5382	9
5383	9
5384	9
5385	9
5386	9
5387	9
5388	9
5389	9
5390	9
5391	9
5392	9
5393	9
5394	9
5395	9
5396	9
5397	9
5398	9
5399	9
5400	9
5401	9
5402	9
5403	9
5404	9
5405	9
5406	9
5407	9
5408	9
5409	9
5410	9
5411	9
5412	9
5413	9
5414	9
5415	9
5416	9
5417	9
5418	9
5419	9
5420	9
5421	9
5422	9
5423	9
5424	9
5425	9
5426	9
5427	9
5428	9
5429	9
5430	9
5431	9
5432	9
5433	9
5434	9
5435	9
5436	9
5437	9
5438	9
5439	9
5440	9
5441	9
5442	9
5443	9
5444	9
5445	9
5446	9
5447	9
5448	9
5449	9
5450	9
5451	9
5452	9
5453	9
5454	9
5455	9
5456	9
5457	9
5458	9
5459	9
5460	9
5461	9
5462	9
5463	9
5464	9
5465	9
5466	9
5467	9
5468	9
5469	9
5470	9
5471	9
5472	9
5473	9
5474	9
5475	9
5476	9
5477	9
5478	9
5479	9
5480	9
5481	9
5482	9
5483	9
5484	9
5485	9
5486	9
5487	9
5488	9
5489	9
5490	9
5491	9
5492	9
5493	9
5494	9
5495	9
5496	9
5497	9
5498	9
5499	9
5500	9
5501	9
5502	9
5503	9
5504	9
5505	9
5506	9
5507	9
5508	9
5509	9
5510	9
5511	9
5512	9
5513	9
5514	9
5515	9
5516	9
5517	9
5518	9
5519	9
5520	9
5521	9
5522	9
5523	9
5524	9
5525	9
5526	9
5527	9
5528	9
5529	9
5530	9
5531	9
5532	9
5533	9
5534	9
5535	9
5536	9
5537	9
5538	9
5539	9
5540	9
5541	9
5542	9
5543	9
5544	9
5545	9
5546	9
5547	9
5548	9
5549	9
5550	9
5551	9
5552	9
5553	9
5554	9
5555	9
5556	9
5557	9
5558	9
5559	9
5560	9
5561	9
5562	9
5563	9
5564	9
5565	9
5566	9
5567	9
5568	9
5569	9
5570	9
5571	9
5572	9
5573	9
5574	9
5575	9
5576	9
5577	9
5578	9
5579	9
5580	9
5581	9
5582	9
5583	9
5584	9
5585	9
5586	9
5587	9
5588	9
5589	9
5590	9
5591	9
5592	9
5593	9
5594	9
5595	9
5596	9
5597	9
5598	9
5599	9
5600	9
5601	9
5602	9
5603	9
5604	9
5605	9
5606	9
5607	9
5608	9
5609	9
5610	9
5611	9
5612	9
5613	9
5614	9
5615	9
5616	9
5617	9
5618	9
5619	9
5620	9
5621	9
5622	9
5623	9
5624	9
5625	9
5626	9
5627	9
5628	9
5629	9
5630	9
5631	9
5632	9
5633	9
5634	9
5635	9
5636	9
5637	9
5638	9
5639	9
5640	9
5641	9
5642	9
5643	9
5644	9
5645	9
5646	9
5647	9
5648	9
5649	9
5650	9
5651	9
5652	9
5653	9
5654	9
5655	9
5656	9
5657	9
5658	9
5659	9
5660	9
5661	9
5662	9
5663	9
5664	9
5665	9
5666	9
5667	9
5668	9
5669	9
5670	9
5671	9
5672	9
5673	9
5674	9
5675	9
5676	9
5677	9
5678	9
5679	9
5680	9
5681	9
5682	9
5683	9
5684	9
5685	9
5686	9
5687	9
5688	9
5689	9
5690	9
5691	9
5692	9
5693	9
5694	9
5695	9
5696	9
5697	9
5698	9
5699	9
5700	9
5701	9
5702	9
5703	9
5704	9
5705	9
5706	9
5707	9
5708	9
5709	9
5710	9
5711	9
5712	9
5713	9
5714	9
5715	9
5716	9
5717	9
5718	9
5719	9
5720	9
5721	9
5722	9
5723	9
5724	9
5725	9
5726	9
5727	9
5728	9
5729	9
5730	9
5731	9
5732	9
5733	9
5734	9
5735	9
5736	9
5737	9
5738	9
5739	9
5740	9
5741	9
5742	9
5743	9
5744	9
5745	9
5746	9
5747	9
5748	9
5749	10
5750	10
5751	10
5752	10
5753	10
5754	10
5755	10
5756	10
5757	10
5758	10
5759	10
5760	10
5761	10
5762	10
5763	10
5764	10
5765	10
5766	10
5767	10
5768	10
5769	10
5770	10
5771	10
5772	10
5773	10
5774	10
5775	10
5776	10
5777	10
5778	10
5779	10
5780	10
5781	10
5782	10
5783	10
5784	10
5785	10
5786	10
5787	11
5788	11
5789	11
5790	11
5791	11
5792	11
5793	11
5794	11
5795	11
5796	11
5797	11
5798	11
5799	11
5800	11
5801	11
5802	11
5803	11
5804	11
5805	11
5806	11
5807	11
5808	11
5809	11
5810	11
5811	11
5812	11
5813	11
5814	11
5815	11
5816	11
5817	11
5818	11
5819	11
5820	11
5821	11
5822	11
5823	11
5824	11
5825	11
5826	11
5827	11
5828	11
5829	11
5830	11
5831	11
5832	11
5833	11
5834	11
5835	11
5836	11
5837	11
5838	11
5839	12
5840	12
5841	12
5842	12
5843	12
5844	12
5845	12
5846	12
5847	12
5848	12
5849	12
5850	12
5851	12
5852	12
5853	12
5854	12
5855	12
5856	12
5857	12
5858	12
5859	12
5860	12
5861	12
5862	12
5863	12
5864	12
5865	12
5866	12
5867	12
5868	12
5869	12
5870	12
5871	12
5872	12
5873	12
5874	12
5875	12
5876	12
5877	12
5878	12
5879	12
5880	12
5881	12
5882	12
5883	12
5884	12
5885	12
5886	12
5887	12
5888	12
5889	12
5890	12
5891	12
5892	12
5893	12
5894	12
5895	12
5896	12
5897	12
5898	12
5899	12
5900	12
5901	12
5902	12
5903	12
5904	12
5905	12
5906	12
5907	12
5908	12
5909	12
5910	12
5911	12
5912	12
5913	12
5914	12
5915	12
5916	12
5917	12
5918	12
5919	12
5920	12
5921	12
5922	12
5923	12
5924	12
5925	12
5926	12
5927	12
5928	12
5929	12
5930	12
5931	12
5932	12
5933	12
5934	12
5935	12
5936	12
5937	12
5938	12
5939	12
5940	12
5941	12
5942	12
5943	12
5944	12
5945	12
5946	12
5947	12
5948	12
5949	12
5950	12
5951	12
5952	12
5953	12
5954	12
5955	12
5956	12
5957	12
5958	12
5959	12
5960	12
5961	12
5962	12
5963	12
5964	12
5965	12
5966	12
5967	12
5968	12
5969	12
5970	12
5971	12
5972	12
5973	12
5974	12
5975	12
5976	12
5977	12
5978	12
5979	12
5980	12
5981	12
5982	12
5983	12
5984	12
5985	12
5986	12
5987	12
5988	12
5989	12
5990	12
5991	12
5992	12
5993	12
5994	12
5995	12
5996	12
5997	12
5998	12
5999	12
6000	12
6001	12
6002	12
6003	12
6004	12
6005	12
6006	12
6007	12
6008	12
6009	12
6010	12
6011	12
6012	12
6013	12
6014	12
6015	12
6016	12
6017	12
6018	12
6019	12
6020	12
6021	12
6022	12
6023	12
6024	12
6025	12
6026	12
6027	12
6028	12
6029	12
6030	12
6031	12
6032	12
6033	12
6034	12
6035	12
6036	12
6037	12
6038	12
6039	12
6040	12
6041	12
6042	12
6043	12
6044	12
6045	12
6046	12
6047	12
6048	12
6049	12
6050	12
6051	12
6052	12
6053	12
6054	12
6055	12
6056	12
6057	12
6058	12
6059	12
6060	12
6061	12
6062	12
6063	12
6064	12
6065	12
6066	12
6067	12
6068	12
6069	12
6070	12
6071	12
6072	12
6073	12
6074	12
6075	12
6076	12
6077	12
6078	12
6079	12
6080	12
6081	12
6082	12
6083	12
6084	12
6085	12
6086	12
6087	12
6088	12
6089	12
6090	12
6091	12
6092	12
6093	12
6094	12
6095	12
6096	12
6097	12
6098	12
6099	12
6100	12
6101	12
6102	12
6103	12
6104	12
6105	12
6106	12
6107	12
6108	12
6109	12
6110	12
6111	13
6112	13
6113	13
6114	13
6115	13
6116	13
6117	13
6118	13
6119	13
6120	13
6121	13
6122	13
6123	13
6124	13
6125	13
6126	13
6127	13
6128	13
6129	13
6130	13
6131	13
6132	13
6133	13
6134	13
6135	13
6136	13
6137	13
6138	13
6139	13
6140	13
6141	13
6142	13
6143	13
6144	13
6145	13
6146	13
6147	13
6148	13
6149	13
6150	13
6151	13
6152	13
6153	13
6154	13
6155	13
6156	13
6157	13
6158	13
6159	13
6160	13
6161	13
6162	13
6163	13
6164	13
6165	13
6166	13
6167	13
6168	13
6169	13
6170	13
6171	13
6172	13
6173	13
6174	13
6175	13
6176	13
6177	13
6178	13
6179	13
6180	13
6181	13
6182	13
6183	13
6184	13
6185	13
6186	13
6187	13
6188	13
6189	13
6190	13
6191	13
6192	13
6193	13
6194	13
6195	13
6196	13
6197	13
6198	13
6199	13
6200	13
6201	13
6202	13
6203	13
6204	13
6205	13
6206	13
6207	13
6208	13
6209	13
6210	13
6211	13
6212	13
6213	13
6214	13
6215	13
6216	13
6217	13
6218	13
6219	13
6220	13
6221	13
6222	13
6223	13
6224	13
6225	13
6226	13
6227	13
6228	13
6229	13
6230	13
6231	13
6232	13
6233	13
6234	13
6235	13
6236	13
6237	13
6238	13
6239	13
6240	13
6241	13
6242	13
6243	13
6244	13
6245	13
6246	13
6247	13
6248	13
6249	13
6250	13
6251	13
6252	13
6253	13
6254	13
6255	13
6256	13
6257	13
6258	13
6259	13
6260	13
6261	13
6262	13
6263	13
6264	13
6265	13
6266	13
6267	13
6268	13
6269	13
6270	13
6271	13
6272	13
6273	13
6274	13
6275	13
6276	13
6277	13
6278	13
6279	13
6280	13
6281	13
6282	13
6283	13
6284	13
6285	13
6286	13
6287	13
6288	13
6289	13
6290	13
6291	13
6292	13
6293	13
6294	13
6295	13
6296	13
6297	13
6298	13
6299	13
6300	13
6301	13
6302	13
6303	13
6304	13
6305	13
6306	13
6307	13
6308	13
6309	13
6310	13
6311	13
6312	13
6313	13
6314	13
6315	13
6316	13
6317	13
6318	13
6319	13
6320	13
6321	13
6322	13
6323	13
6324	13
6325	13
6326	13
6327	13
6328	13
6329	13
6330	13
6331	13
6332	13
6333	13
6334	13
6335	13
6336	13
6337	13
6338	13
6339	13
6340	13
6341	13
6342	13
6343	13
6344	13
6345	13
6346	13
6347	13
6348	13
6349	13
6350	13
6351	13
6352	13
6353	13
6354	13
6355	13
6356	13
6357	13
6358	13
6359	13
6360	13
6361	13
6362	13
6363	13
6364	13
6365	13
6366	13
6367	13
6368	13
6369	13
6370	13
6371	13
6372	13
6373	13
6374	13
6375	13
6376	13
6377	13
6378	13
6379	13
6380	13
6381	13
6382	13
6383	13
6384	13
6385	13
6386	13
6387	13
6388	13
6389	13
6390	13
6391	13
6392	13
6393	13
6394	13
6395	13
6396	13
6397	13
6398	13
6399	13
6400	13
6401	13
6402	13
6403	13
6404	13
6405	13
6406	13
6407	13
6408	13
6409	13
6410	13
6411	13
6412	13
6413	13
6414	13
6415	13
6416	13
6417	13
6418	13
6419	13
6420	13
6421	13
6422	13
6423	13
6424	13
6425	13
6426	13
6427	13
6428	13
6429	13
6430	13
6431	13
6432	13
6433	13
6434	13
6435	13
6436	13
6437	13
6438	13
6439	13
6440	13
6441	13
6442	13
6443	13
6444	13
6445	13
6446	13
6447	13
6448	13
6449	13
6450	13
6451	13
6452	13
6453	13
6454	13
6455	13
6456	13
6457	13
6458	13
6459	13
6460	13
6461	13
6462	13
6463	13
6464	13
6465	13
6466	13
6467	13
6468	13
6469	13
6470	13
6471	13
6472	13
6473	13
6474	13
6475	13
6476	13
6477	13
6478	13
6479	13
6480	13
6481	13
6482	13
6483	13
6484	13
6485	13
6486	13
6487	13
6488	13
6489	13
6490	13
6491	13
6492	13
6493	13
6494	13
6495	13
6496	13
6497	13
6498	13
6499	13
6500	13
6501	13
6502	13
6503	13
6504	13
6505	13
6506	13
6507	13
6508	13
6509	13
6510	13
6511	13
6512	13
6513	13
6514	13
6515	13
6516	13
6517	13
6518	13
6519	13
6520	13
6521	13
6522	13
6523	13
6524	13
6525	13
6526	13
6527	13
6528	13
6529	13
6530	13
6531	13
6532	13
6533	13
6534	14
6535	14
6536	14
6537	14
6538	14
6539	14
6540	14
6541	14
6542	14
6543	14
6544	14
6545	14
6546	14
6547	14
6548	14
6549	14
6550	14
6551	14
6552	14
6553	14
6554	14
6555	14
6556	14
6557	14
6558	14
6559	14
6560	14
6561	14
6562	14
6563	14
6564	14
6565	14
6566	14
6567	14
6568	14
6569	14
6570	14
6571	14
6572	14
6573	14
6574	14
6575	14
6576	14
6577	14
6578	14
6579	14
6580	14
6581	14
6582	14
6583	14
6584	14
6585	14
6586	14
6587	14
6588	14
6589	14
6590	14
6591	14
6592	14
6593	14
6594	14
6595	14
6596	14
6597	14
6598	14
6599	14
6600	14
6601	14
6602	14
6603	14
6604	14
6605	14
6606	14
6607	14
6608	14
6609	14
6610	14
6611	14
6612	14
6613	14
6614	14
6615	14
6616	14
6617	14
6618	14
6619	14
6620	14
6621	14
6622	14
6623	14
6624	14
6625	14
6626	14
6627	14
6628	14
6629	14
6630	14
6631	14
6632	14
6633	14
6634	14
6635	14
6636	14
6637	14
6638	14
6639	14
6640	14
6641	14
6642	14
6643	14
6644	14
6645	14
6646	14
6647	14
6648	14
6649	14
6650	14
6651	14
6652	14
6653	14
6654	14
6655	14
6656	14
6657	14
6658	14
6659	14
6660	14
6661	14
6662	14
6663	14
6664	14
6665	14
6666	14
6667	14
6668	14
6669	14
6670	14
6671	14
6672	14
6673	14
6674	14
6675	14
6676	14
6677	14
6678	14
6679	14
6680	14
6681	14
6682	14
6683	14
6684	14
6685	14
6686	14
6687	14
6688	14
6689	14
6690	14
6691	14
6692	14
6693	14
6694	14
6695	14
6696	14
6697	14
6698	14
6699	14
6700	14
6701	14
6702	14
6703	14
6704	14
6705	14
6706	14
6707	14
6708	14
6709	14
6710	14
6711	14
6712	14
6713	14
6714	14
6715	14
6716	14
6717	14
6718	14
6719	14
6720	14
6721	14
6722	14
6723	14
6724	14
6725	14
6726	14
6727	14
6728	14
6729	14
6730	14
6731	14
6732	14
6733	14
6734	14
6735	14
6736	14
6737	14
6738	14
6739	14
6740	14
6741	14
6742	14
6743	14
6744	14
6745	14
6746	14
6747	14
6748	14
6749	14
6750	14
6751	14
6752	14
6753	14
6754	14
6755	14
6756	14
6757	14
6758	14
6759	14
6760	14
6761	14
6762	14
6763	14
6764	14
6765	14
6766	14
6767	14
6768	14
6769	14
6770	14
6771	14
6772	14
6773	14
6774	14
6775	14
6776	14
6777	14
6778	14
6779	14
6780	14
6781	14
6782	14
6783	14
6784	14
6785	14
6786	14
6787	14
6788	14
6789	14
6790	14
6791	14
6792	14
6793	14
6794	14
6795	14
6796	14
6797	14
6798	14
6799	14
6800	14
6801	14
6802	14
6803	14
6804	14
6805	14
6806	14
6807	14
6808	14
6809	14
6810	14
6811	14
6812	14
6813	14
6814	14
6815	14
6816	14
6817	14
6818	14
6819	14
6820	14
6821	14
6822	14
6823	14
6824	14
6825	14
6826	14
6827	14
6828	14
6829	14
6830	14
6831	14
6832	14
6833	14
6834	14
6835	14
6836	14
6837	14
6838	14
6839	14
6840	14
6841	14
6842	14
6843	14
6844	14
6845	14
6846	14
6847	14
6848	14
6849	14
6850	14
6851	14
6852	14
6853	14
6854	14
6855	14
6856	14
6857	14
6858	14
6859	14
6860	14
6861	14
6862	14
6863	14
6864	14
6865	14
6866	14
6867	14
6868	14
6869	14
6870	14
6871	14
6872	14
6873	14
6874	14
6875	14
6876	14
6877	14
6878	14
6879	14
6880	14
6881	14
6882	14
6883	14
6884	14
6885	14
6886	14
6887	14
6888	14
6889	14
6890	14
6891	14
6892	14
6893	14
6894	14
6895	14
6896	14
6897	14
6898	14
6899	14
6900	14
6901	14
6902	14
6903	14
6904	14
6905	14
6906	14
6907	14
6908	14
6909	14
6910	14
6911	14
6912	14
6913	14
6914	14
6915	14
6916	14
6917	14
6918	14
6919	14
6920	14
6921	14
6922	14
6923	14
6924	14
6925	14
6926	14
6927	14
6928	14
6929	14
6930	14
6931	14
6932	14
6933	14
6934	14
6935	14
6936	14
6937	14
6938	14
6939	14
6940	14
6941	14
6942	14
6943	14
6944	14
6945	14
6946	14
6947	14
6948	14
6949	14
6950	14
6951	14
6952	14
6953	14
6954	14
6955	14
6956	14
6957	14
6958	14
6959	14
6960	14
6961	14
6962	14
6963	14
6964	14
6965	14
6966	14
6967	14
6968	14
6969	14
6970	14
6971	14
6972	14
6973	14
6974	14
6975	14
6976	14
6977	14
6978	14
6979	14
6980	14
6981	14
6982	14
6983	14
6984	14
6985	14
6986	14
6987	14
6988	14
6989	14
6990	14
6991	14
6992	14
6993	14
6994	14
6995	14
6996	14
6997	14
6998	14
6999	14
7000	14
7001	14
7002	14
7003	14
7004	14
7005	14
7006	14
7007	14
7008	14
7009	14
7010	14
7011	14
7012	14
7013	14
7014	14
7015	14
7016	14
7017	14
7018	14
7019	14
7020	14
7021	14
7022	14
7023	14
7024	14
7025	14
7026	14
7027	14
7028	14
7029	14
7030	14
7031	14
7032	14
7033	14
7034	14
7035	14
7036	14
7037	14
7038	14
7039	14
7040	14
7041	14
7042	14
7043	14
7044	14
7045	14
7046	14
7047	14
7048	14
7049	14
7050	14
7051	14
7052	14
7053	14
7054	14
7055	14
7056	14
7057	14
7058	14
7059	14
7060	14
7061	14
7062	14
7063	14
7064	14
7065	14
7066	14
7067	14
7068	14
7069	14
7070	14
7071	14
7072	14
7073	14
7074	14
7075	14
7076	14
7077	14
7078	14
7079	14
7080	14
7081	14
7082	14
7083	14
7084	14
7085	14
7086	14
7087	14
7088	14
7089	14
7090	14
7091	14
7092	14
7093	14
7094	14
7095	14
7096	14
7097	14
7098	14
7099	14
7100	14
7101	14
7102	14
7103	14
7104	14
7105	14
7106	14
7107	14
7108	14
7109	14
7110	14
7111	14
7112	14
7113	14
7114	14
7115	14
7116	14
7117	14
7118	14
7119	14
7120	14
7121	14
7122	14
7123	14
7124	14
7125	14
7126	14
7127	14
7128	14
7129	14
7130	14
7131	14
7132	14
7133	14
7134	14
7135	14
7136	14
7137	14
7138	14
7139	14
7140	14
7141	14
7142	14
7143	14
7144	14
7145	14
7146	14
7147	14
7148	14
7149	14
7150	14
7151	14
7152	14
7153	14
7154	14
7155	14
7156	14
7157	14
7158	14
7159	14
7160	14
7161	14
7162	14
7163	14
7164	14
7165	15
7166	15
7167	15
7168	15
7169	15
7170	15
7171	15
7172	15
7173	15
7174	15
7175	15
7176	15
7177	15
7178	15
7179	15
7180	15
7181	15
7182	15
7183	15
7184	15
7185	15
7186	15
7187	15
7188	15
7189	15
7190	15
7191	15
7192	15
7193	15
7194	15
7195	15
7196	15
7197	15
7198	15
7199	15
7200	15
7201	15
7202	15
7203	15
7204	15
7205	15
7206	15
7207	15
7208	15
7209	15
7210	15
7211	15
7212	15
7213	15
7214	15
7215	15
7216	15
7217	15
7218	15
7219	15
7220	15
7221	15
7222	15
7223	15
7224	15
7225	15
7226	15
7227	15
7228	15
7229	15
7230	15
7231	15
7232	15
7233	15
7234	15
7235	15
7236	15
7237	15
7238	15
7239	15
7240	15
7241	15
7242	15
7243	15
7244	15
7245	15
7246	15
7247	15
7248	15
7249	15
7250	15
7251	15
7252	15
7253	15
7254	15
7255	15
7256	15
7257	15
7258	15
7259	15
7260	15
7261	15
7262	15
7263	15
7264	15
7265	15
7266	15
7267	15
7268	15
7269	15
7270	15
7271	15
7272	15
7273	15
7274	15
7275	15
7276	15
7277	15
7278	15
7279	15
7280	15
7281	15
7282	15
7283	15
7284	15
7285	15
7286	15
7287	15
7288	15
7289	15
7290	15
7291	15
7292	15
7293	15
7294	15
7295	15
7296	15
7297	15
7298	15
7299	15
7300	15
7301	15
7302	15
7303	15
7304	15
7305	15
7306	15
7307	15
7308	15
7309	15
7310	15
7311	15
7312	15
7313	15
7314	15
7315	15
7316	15
7317	15
7318	15
7319	15
7320	15
7321	15
7322	15
7323	15
7324	15
7325	15
7326	15
7327	15
7328	15
7329	15
7330	15
7331	15
7332	15
7333	15
7334	15
7335	15
7336	15
7337	15
7338	15
7339	15
7340	15
7341	15
7342	15
7343	15
7344	15
7345	15
7346	15
7347	15
7348	15
7349	15
7350	15
7351	15
7352	15
7353	15
7354	15
7355	15
7356	15
7357	15
7358	15
7359	15
7360	15
7361	15
7362	15
7363	15
7364	15
7365	15
7366	15
7367	15
7368	15
7369	16
7370	16
7371	16
7372	16
7373	16
7374	16
7375	16
7376	16
7377	16
7378	16
7379	16
7380	16
7381	16
7382	16
7383	16
7384	16
7385	16
7386	16
7387	16
7388	16
7389	16
7390	16
7391	16
7392	16
7393	16
7394	16
7395	16
7396	16
7397	16
7398	16
7399	16
7400	16
7401	16
7402	16
7403	16
7404	16
7405	16
7406	16
7407	16
7408	16
7409	16
7410	16
7411	16
7412	16
7413	16
7414	16
7415	16
7416	16
7417	16
7418	16
7419	16
7420	16
7421	16
7422	16
7423	16
7424	16
7425	16
7426	16
7427	16
7428	16
7429	16
7430	16
7431	16
7432	16
7433	16
7434	16
7435	16
7436	16
7437	16
7438	16
7439	16
7440	16
7441	16
7442	16
7443	17
7444	17
7445	17
7446	17
7447	17
7448	17
7449	17
7450	17
7451	17
7452	17
7453	17
7454	17
7455	17
7456	17
7457	17
7458	17
7459	17
7460	17
7461	17
7462	17
7463	17
7464	17
7465	17
7466	17
7467	17
7468	17
7469	17
7470	17
7471	17
7472	17
7473	17
7474	17
7475	17
7476	17
7477	17
7478	17
7479	17
7480	17
7481	17
7482	17
7483	17
7484	17
7485	17
7486	17
7487	17
7488	17
7489	17
7490	17
7491	17
7492	17
7493	17
7494	17
7495	17
7496	17
7497	17
7498	17
7499	17
7500	17
7501	17
7502	17
7503	17
7504	17
7505	17
7506	17
7507	17
7508	17
7509	17
7510	17
7511	17
7512	17
7513	17
7514	17
7515	17
7516	17
7517	17
7518	17
7519	17
7520	17
7521	17
7522	17
7523	18
7524	18
7525	18
7526	18
7527	18
7528	18
7529	18
7530	18
7531	18
7532	18
7533	18
7534	18
7535	18
7536	18
7537	18
7538	18
7539	18
7540	18
7541	18
7542	18
7543	18
7544	18
7545	18
7546	18
7547	18
7548	18
7549	18
7550	18
7551	18
7552	18
7553	18
7554	18
7555	18
7556	18
7557	18
7558	18
7559	18
7560	18
7561	18
7562	18
7563	18
7564	18
7565	18
7566	18
7567	18
7568	18
7569	18
7570	18
7571	18
7572	18
7573	18
7574	18
7575	18
7576	18
7577	18
7578	18
7579	18
7580	18
7581	18
7582	18
7583	18
7584	18
7585	18
7586	18
7587	18
7588	18
7589	18
7590	18
7591	18
7592	18
7593	18
7594	18
7595	18
7596	18
7597	18
7598	18
7599	18
7600	18
7601	18
7602	18
7603	18
7604	18
7605	18
7606	18
7607	18
7608	18
7609	18
7610	18
7611	18
7612	18
7613	18
7614	18
7615	18
7616	18
7617	18
7618	18
7619	18
7620	18
7621	18
7622	18
7623	18
7624	18
7625	18
7626	18
7627	18
7628	18
7629	18
7630	18
7631	18
7632	18
7633	18
7634	18
7635	18
7636	18
7637	18
7638	18
7639	18
7640	18
7641	18
7642	18
7643	18
7644	18
7645	18
7646	18
7647	18
7648	18
7649	18
7650	18
7651	18
7652	18
7653	18
7654	18
7655	18
7656	18
7657	18
7658	18
7659	18
7660	18
7661	18
7662	18
7663	18
7664	18
7665	18
7666	18
7667	18
7668	18
7669	18
7670	18
7671	18
7672	18
7673	18
7674	18
7675	18
7676	18
7677	18
7678	18
7679	18
7680	18
7681	18
7682	18
7683	18
7684	18
7685	18
7686	18
7687	18
7688	18
7689	18
7690	18
7691	18
7692	18
7693	18
7694	18
7695	18
7696	18
7697	18
7698	18
7699	18
7700	18
7701	18
7702	18
7703	18
7704	18
7705	18
7706	18
7707	18
7708	18
7709	18
7710	18
7711	18
7712	18
7713	18
7714	18
7715	18
7716	18
7717	18
7718	18
7719	18
7720	18
7721	18
7722	18
7723	18
7724	18
7725	18
7726	18
7727	18
7728	18
7729	18
7730	18
7731	18
7732	18
7733	18
7734	18
7735	18
7736	18
7737	18
7738	18
7739	18
7740	18
7741	18
7742	18
7743	18
7744	18
7745	18
7746	18
7747	18
7748	18
7749	18
7750	18
7751	18
7752	18
7753	18
7754	18
7755	18
7756	18
7757	18
7758	18
7759	18
7760	18
7761	18
7762	18
7763	18
7764	18
7765	18
7766	18
7767	18
7768	18
7769	18
7770	18
7771	18
7772	18
7773	18
7774	18
7775	18
7776	18
7777	18
7778	18
7779	18
7780	18
7781	18
7782	18
7783	18
7784	18
7785	18
7786	18
7787	18
7788	18
7789	18
7790	18
7791	18
7792	18
7793	18
7794	18
7795	18
7796	18
7797	18
7798	18
7799	18
7800	18
7801	18
7802	18
7803	18
7804	18
7805	18
7806	18
7807	18
7808	18
7809	18
7810	18
7811	18
7812	18
7813	18
7814	18
7815	18
7816	18
7817	18
7818	18
7819	18
7820	18
7821	18
7822	18
7823	18
7824	18
7825	18
7826	18
7827	18
7828	18
7829	18
7830	18
7831	18
7832	18
7833	18
7834	18
7835	18
7836	18
7837	18
7838	18
7839	18
7840	18
7841	18
7842	18
7843	18
7844	18
7845	18
7846	18
7847	18
7848	18
7849	18
7850	18
7851	18
7852	18
7853	18
7854	18
7855	18
7856	18
7857	18
7858	18
7859	18
7860	18
7861	18
7862	18
7863	18
7864	18
7865	18
7866	18
7867	18
7868	18
7869	18
7870	18
7871	18
7872	18
7873	18
7874	18
7875	18
7876	18
7877	18
7878	18
7879	18
7880	18
7881	18
7882	18
7883	18
7884	18
7885	18
7886	18
7887	18
7888	18
7889	18
7890	18
7891	18
7892	18
7893	18
7894	19
7895	19
7896	19
7897	19
7898	19
7899	19
7900	19
7901	19
7902	19
7903	19
7904	19
7905	19
7906	19
7907	19
7908	19
7909	19
7910	19
7911	19
7912	19
7913	19
7914	19
7915	19
7916	19
7917	19
7918	19
7919	19
7920	19
7921	19
7922	19
7923	19
7924	19
7925	19
7926	19
7927	19
7928	19
7929	19
7930	19
7931	19
7932	19
7933	19
7934	19
7935	19
7936	19
7937	19
7938	19
7939	19
7940	19
7941	19
7942	19
7943	19
7944	19
7945	19
7946	19
7947	19
7948	19
7949	19
7950	19
7951	19
7952	19
7953	19
7954	19
7955	19
7956	19
7957	19
7958	19
7959	19
7960	19
7961	19
7962	19
7963	19
7964	19
7965	19
7966	19
7967	19
7968	19
7969	19
7970	19
7971	19
7972	19
7973	19
7974	19
7975	19
7976	19
7977	19
7978	19
7979	19
7980	19
7981	19
7982	19
7983	19
7984	19
7985	19
7986	19
7987	19
7988	19
7989	19
7990	19
7991	19
7992	19
7993	19
7994	19
7995	19
7996	19
7997	19
7998	19
7999	19
8000	19
8001	19
8002	19
8003	19
8004	19
8005	19
8006	19
8007	19
8008	19
8009	19
8010	19
8011	19
8012	19
8013	19
8014	19
8015	19
8016	19
8017	19
8018	19
8019	19
8020	19
8021	19
8022	19
8023	19
8024	19
8025	19
8026	19
8027	19
8028	19
8029	19
8030	19
8031	19
8032	19
8033	19
8034	19
8035	19
8036	19
8037	19
8038	19
8039	19
8040	19
8041	19
8042	19
8043	19
8044	19
8045	19
8046	19
8047	19
8048	19
8049	19
8050	19
8051	19
8052	19
8053	19
8054	19
8055	19
8056	19
8057	19
8058	19
8059	19
8060	19
8061	19
8062	19
8063	19
8064	19
8065	19
8066	19
8067	19
8068	19
8069	19
8070	19
8071	19
8072	19
8073	19
8074	19
8075	19
8076	19
8077	19
8078	19
8079	19
8080	19
8081	19
8082	19
8083	19
8084	19
8085	19
8086	19
8087	19
8088	19
8089	19
8090	19
8091	19
8092	19
8093	19
8094	19
8095	19
8096	19
8097	19
8098	19
8099	19
8100	19
8101	19
8102	19
8103	19
8104	19
8105	19
8106	19
8107	19
8108	19
8109	19
8110	19
8111	19
8112	19
8113	19
8114	20
8115	20
8116	20
8117	20
8118	20
8119	20
8120	20
8121	20
8122	20
8123	20
8124	20
8125	20
8126	20
8127	20
8128	20
8129	20
8130	20
8131	20
8132	20
8133	20
8134	20
8135	20
8136	20
8137	20
8138	20
8139	20
8140	20
8141	20
8142	20
8143	20
8144	20
8145	20
8146	20
8147	20
8148	20
8149	20
8150	20
8151	20
8152	20
8153	20
8154	20
8155	20
8156	20
8157	20
8158	20
8159	20
8160	20
8161	20
8162	20
8163	20
8164	20
8165	20
8166	20
8167	20
8168	20
8169	20
8170	20
8171	20
8172	20
8173	20
8174	20
8175	20
8176	20
8177	20
8178	20
8179	20
8180	20
8181	20
8182	20
8183	20
8184	20
8185	20
8186	20
8187	20
8188	20
8189	20
8190	20
8191	20
8192	20
8193	20
8194	20
8195	20
8196	20
8197	20
8198	20
8199	20
8200	20
8201	20
8202	20
8203	20
8204	20
8205	20
8206	20
8207	20
8208	20
8209	20
8210	20
8211	20
8212	20
8213	20
8214	20
8215	20
8216	20
8217	20
8218	20
8219	20
8220	20
8221	20
8222	20
8223	20
8224	20
8225	20
8226	20
8227	20
8228	20
8229	20
8230	20
8231	20
8232	20
8233	20
8234	20
8235	20
8236	20
8237	20
8238	20
8239	20
8240	20
8241	20
8242	20
8243	20
8244	20
8245	20
8246	20
8247	20
8248	20
8249	20
8250	20
8251	20
8252	20
8253	20
8254	20
8255	20
8256	20
8257	20
8258	20
8259	20
8260	20
8261	20
8262	20
8263	20
8264	20
8265	20
8266	20
8267	20
8268	20
8269	20
8270	20
8271	20
8272	20
8273	20
8274	20
8275	20
8276	20
8277	20
8278	20
8279	20
8280	20
8281	20
8282	20
8283	20
8284	20
8285	20
8286	20
8287	20
8288	20
8289	20
8290	20
8291	20
8292	20
8293	20
8294	20
8295	20
8296	20
8297	20
8298	20
8299	20
8300	20
8301	20
8302	21
8303	21
8304	21
8305	21
8306	21
8307	21
8308	21
8309	21
8310	21
8311	21
8312	21
8313	21
8314	21
8315	21
8316	22
8317	22
8318	22
8319	22
8320	22
8321	22
8322	22
8323	22
8324	22
8325	22
8326	22
8327	22
8328	22
8329	22
8330	22
8331	22
8332	22
8333	22
8334	22
8335	22
8336	22
8337	22
8338	22
8339	22
8340	22
8341	22
8342	22
8343	22
8344	22
8345	22
8346	22
8347	22
8348	22
8349	22
8350	22
8351	22
8352	22
8353	22
8354	22
8355	22
8356	22
8357	22
8358	22
8359	22
8360	22
8361	22
8362	23
8363	23
8364	23
8365	23
8366	23
8367	23
8368	23
8369	23
8370	23
8371	23
8372	23
8373	23
8374	23
8375	23
8376	23
8377	23
8378	23
8379	23
8380	23
8381	23
8382	23
8383	23
8384	23
8385	23
8386	23
8387	23
8388	23
8389	23
8390	23
8391	23
8392	23
8393	23
8394	23
8395	23
8396	23
8397	23
8398	23
8399	23
8400	23
8401	23
8402	23
8403	23
8404	23
8405	23
8406	23
8407	23
8408	23
8409	23
8410	23
8411	23
8412	23
8413	23
8414	23
8415	23
8416	23
8417	23
8418	23
8419	23
8420	23
8421	23
8422	23
8423	23
8424	23
8425	23
8426	23
8427	23
8428	23
8429	23
8430	23
8431	23
8432	23
8433	23
8434	23
8435	23
8436	23
8437	23
8438	23
8439	23
8440	23
8441	23
8442	23
8443	23
8444	23
8445	23
8446	23
8447	23
8448	23
8449	23
8450	23
8451	23
8452	23
8453	23
8454	23
8455	23
8456	23
8457	23
8458	23
8459	23
8460	23
8461	23
8462	23
8463	23
8464	23
8465	23
8466	23
8467	23
8468	23
8469	23
8470	23
8471	23
8472	23
8473	23
8474	23
8475	23
8476	23
8477	23
8478	23
8479	23
8480	23
8481	23
8482	23
8483	23
8484	23
8485	23
8486	23
8487	23
8488	23
8489	23
8490	23
8491	23
8492	23
8493	23
8494	23
8495	23
8496	23
8497	23
8498	23
8499	23
8500	23
8501	23
8502	23
8503	23
8504	23
8505	23
8506	23
8507	23
8508	23
8509	23
8510	23
8511	23
8512	23
8513	23
8514	23
8515	23
8516	23
8517	23
8518	23
8519	23
8520	24
8521	24
8522	24
8523	24
8524	24
8525	24
8526	24
8527	24
8528	24
8529	24
8530	24
8531	24
8532	24
8533	24
8534	24
8535	24
8536	24
8537	24
8538	24
8539	24
8540	24
8541	24
8542	24
8543	24
8544	24
8545	24
8546	24
8547	24
8548	24
8549	24
8550	24
8551	24
8552	24
8553	24
8554	24
8555	24
8556	24
8557	24
8558	24
8559	24
8560	24
8561	24
8562	24
8563	24
8564	24
8565	24
8566	24
8567	24
8568	24
8569	24
8570	24
8571	24
8572	24
8573	24
8574	24
8575	24
8576	24
8577	24
8578	24
8579	24
8580	24
8581	24
8582	24
8583	24
8584	24
8585	24
8586	24
8587	24
8588	24
8589	24
8590	24
8591	25
8592	25
8593	26
8594	26
8595	26
8596	26
8597	26
8598	26
8599	26
8600	26
8601	26
8602	26
8603	26
8604	26
8605	26
8606	26
8607	26
8608	26
8609	26
8610	26
8611	26
8612	26
8613	26
8614	26
8615	26
8616	26
8617	26
8618	26
8619	26
8620	26
8621	26
8622	26
8623	26
8624	26
8625	26
8626	26
8627	26
8628	26
8629	26
8630	26
8631	26
8632	26
8633	26
8634	26
8635	26
8636	26
8637	26
8638	26
8639	26
8640	26
8641	26
8642	26
8643	26
8644	26
8645	26
8646	26
8647	26
8648	26
8649	26
8650	26
8651	26
8652	26
8653	26
8654	26
8655	26
8656	26
8657	26
8658	26
8659	26
8660	26
8661	26
8662	26
8663	26
8664	26
8665	26
8666	26
8667	26
8668	26
8669	26
8670	26
8671	26
8672	26
8673	26
8674	26
8675	26
8676	26
8677	26
8678	26
8679	26
8680	26
8681	26
8682	26
8683	26
8684	26
8685	26
8686	27
8687	27
8688	27
8689	27
8690	28
8691	28
8692	28
8693	28
8694	28
8695	28
8696	28
8697	28
8698	28
8699	28
8700	28
8701	28
8702	28
8703	28
8704	28
8705	28
8706	28
8707	28
8708	28
8709	28
8710	28
8711	28
8712	28
8713	28
8714	28
8715	28
8716	28
8717	28
8718	28
8719	28
8720	28
8721	28
8722	28
8723	28
8724	28
8725	28
8726	28
8727	28
8728	28
8729	28
8730	28
8731	28
8732	28
8733	28
8734	28
8735	28
8736	28
8737	28
8738	28
8739	28
8740	28
8741	28
8742	28
8743	28
8744	28
8745	28
8746	28
8747	28
8748	28
8749	28
8750	28
8751	28
8752	28
8753	28
8754	28
8755	28
8756	28
8757	28
8758	28
8759	28
8760	28
8761	28
8762	28
8763	28
8764	28
8765	28
8766	28
8767	28
8768	28
8769	28
8770	28
8771	28
8772	28
8773	28
8774	28
8775	28
8776	28
8777	28
8778	28
8779	28
8780	28
8781	28
8782	28
8783	28
8784	28
8785	28
8786	28
8787	28
8788	28
8789	28
8790	28
8791	28
8792	28
8793	28
8794	28
8795	28
8796	28
8797	28
8798	28
8799	28
8800	28
8801	28
8802	28
8803	28
8804	28
8805	28
8806	28
8807	28
8808	28
8809	28
8810	28
8811	28
8812	28
8813	28
8814	28
8815	28
8816	28
8817	28
8818	28
8819	28
8820	28
8821	28
8822	28
8823	28
8824	28
8825	28
8826	28
8827	28
8828	28
8829	28
8830	28
8831	28
8832	28
8833	28
8834	28
8835	28
8836	28
8837	28
8838	28
8839	28
8840	28
8841	28
8842	28
8843	28
8844	28
8845	28
8846	28
8847	28
8848	28
8849	28
8850	28
8851	28
8852	28
8853	28
8854	28
8855	28
8856	28
8857	28
8858	28
8859	28
8860	28
8861	28
8862	28
8863	28
8864	28
8865	28
8866	28
8867	28
8868	28
8869	28
8870	28
8871	28
8872	28
8873	28
8874	28
8875	28
8876	28
8877	28
8878	28
8879	28
8880	28
8881	28
8882	28
8883	28
8884	28
8885	28
8886	28
8887	28
8888	28
8889	28
8890	28
8891	28
8892	28
8893	28
8894	28
8895	28
8896	28
8897	28
8898	28
8899	28
8900	28
8901	28
8902	28
8903	28
8904	28
8905	28
8906	28
8907	28
8908	28
8909	28
8910	28
8911	28
8912	28
8913	28
8914	28
8915	28
8916	28
8917	28
8918	28
8919	28
8920	28
8921	28
8922	28
8923	28
8924	28
8925	28
8926	28
8927	28
8928	28
8929	28
8930	28
8931	28
8932	28
8933	28
8934	28
8935	28
8936	28
8937	28
8938	28
8939	28
8940	28
8941	28
8942	28
8943	28
8944	28
8945	28
8946	28
8947	28
8948	28
8949	28
8950	28
8951	28
8952	28
8953	28
8954	28
8955	28
8956	28
8957	28
8958	28
8959	28
8960	28
8961	28
8962	28
8963	28
8964	28
8965	28
8966	28
8967	28
8968	28
8969	28
8970	28
8971	28
8972	28
8973	28
8974	28
8975	28
8976	28
8977	28
8978	28
8979	28
8980	28
8981	28
8982	28
8983	28
8984	28
8985	28
8986	28
8987	28
8988	28
8989	28
8990	28
8991	28
8992	28
8993	28
8994	28
8995	28
8996	28
8997	28
8998	28
8999	28
9000	28
9001	28
9002	28
9003	28
9004	28
9005	28
9006	28
9007	28
9008	28
9009	28
9010	28
9011	28
9012	28
9013	28
9014	28
9015	28
9016	28
9017	28
9018	28
9019	28
9020	28
9021	28
9022	28
9023	28
9024	28
9025	28
9026	28
9027	28
9028	28
9029	28
9030	28
9031	28
9032	28
9033	28
9034	28
9035	28
9036	28
9037	28
9038	28
9039	28
9040	28
9041	28
9042	28
9043	28
9044	28
9045	28
9046	28
9047	28
9048	28
9049	28
9050	28
9051	28
9052	28
9053	28
9054	28
9055	28
9056	28
9057	28
9058	28
9059	28
9060	28
9061	28
9062	28
9063	28
9064	28
9065	28
9066	28
9067	28
9068	28
9069	28
9070	28
9071	28
9072	28
9073	28
9074	28
9075	28
9076	28
9077	28
9078	28
9079	28
9080	28
9081	28
9082	28
9083	28
9084	28
9085	28
9086	28
9087	28
9088	28
9089	28
9090	28
9091	28
9092	28
9093	28
9094	28
9095	28
9096	28
9097	28
9098	28
9099	28
9100	28
9101	28
9102	28
9103	28
9104	28
9105	28
9106	28
9107	28
9108	28
9109	28
9110	28
9111	28
9112	28
9113	28
9114	28
9115	28
9116	28
9117	28
9118	28
9119	28
9120	28
9121	28
9122	28
9123	28
9124	28
9125	28
9126	28
9127	28
9128	28
9129	28
9130	28
9131	28
9132	28
9133	28
9134	28
9135	28
9136	28
9137	28
9138	28
9139	28
9140	28
9141	28
9142	28
9143	28
9144	28
9145	28
9146	28
9147	28
9148	28
9149	28
9150	28
9151	28
9152	28
9153	28
9154	28
9155	28
9156	28
9157	28
9158	28
9159	28
9160	28
9161	28
9162	28
9163	28
9164	28
9165	28
9166	28
9167	28
9168	28
9169	28
9170	28
9171	28
9172	28
9173	28
9174	28
9175	28
9176	28
9177	28
9178	28
9179	28
9180	28
9181	28
9182	28
9183	28
9184	28
9185	28
9186	28
9187	28
9188	28
9189	28
9190	28
9191	28
9192	28
9193	28
9194	28
9195	28
9196	28
9197	28
9198	28
9199	28
9200	28
9201	28
9202	28
9203	28
9204	28
9205	28
9206	28
9207	28
9208	28
9209	28
9210	28
9211	28
9212	28
9213	28
9214	28
9215	28
9216	28
9217	28
9218	28
9219	28
9220	28
9221	28
9222	28
9223	28
9224	28
9225	28
9226	28
9227	28
9228	28
9229	28
9230	28
9231	28
9232	28
9233	28
9234	28
9235	28
9236	28
9237	28
9238	28
9239	28
9240	28
9241	28
9242	28
9243	28
9244	28
9245	28
9246	28
9247	28
9248	28
9249	28
9250	28
9251	28
9252	28
9253	28
9254	28
9255	28
9256	28
9257	28
9258	28
9259	28
9260	28
9261	28
9262	28
9263	28
9264	28
9265	28
9266	28
9267	28
9268	28
9269	28
9270	28
9271	28
9272	28
9273	28
9274	28
9275	28
9276	28
9277	28
9278	28
9279	28
9280	28
9281	28
9282	28
9283	28
9284	28
9285	28
9286	28
9287	28
9288	28
9289	28
9290	28
9291	28
9292	28
9293	28
9294	28
9295	28
9296	28
9297	28
9298	28
9299	28
9300	28
9301	28
9302	28
9303	28
9304	28
9305	28
9306	28
9307	28
9308	28
9309	28
9310	28
9311	28
9312	28
9313	28
9314	28
9315	28
9316	28
9317	28
9318	28
9319	28
9320	28
9321	28
9322	28
9323	28
9324	28
9325	28
9326	28
9327	28
9328	28
9329	28
9330	28
9331	28
9332	28
9333	28
9334	28
9335	28
9336	28
9337	28
9338	28
9339	28
9340	28
9341	28
9342	28
9343	28
9344	28
9345	28
9346	28
9347	28
9348	28
9349	28
9350	28
9351	28
9352	28
9353	28
9354	28
9355	28
9356	28
9357	28
9358	28
9359	28
9360	28
9361	28
9362	28
9363	28
9364	28
9365	28
9366	28
9367	28
9368	28
9369	28
9370	28
9371	28
9372	28
9373	28
9374	28
9375	28
9376	28
9377	28
9378	28
9379	28
9380	28
9381	28
9382	28
9383	28
9384	28
9385	28
9386	28
9387	28
9388	28
9389	28
9390	28
9391	28
9392	28
9393	28
9394	28
9395	28
9396	28
9397	28
9398	28
9399	28
9400	28
9401	28
9402	28
9403	28
9404	28
9405	28
9406	28
9407	28
9408	28
9409	28
9410	28
9411	28
9412	28
9413	28
9414	28
9415	28
9416	28
9417	28
9418	28
9419	28
9420	28
9421	28
9422	28
9423	28
9424	28
9425	28
9426	28
9427	28
9428	28
9429	28
9430	28
9431	28
9432	28
9433	28
9434	28
9435	28
9436	28
9437	28
9438	28
9439	28
9440	28
9441	28
9442	28
9443	28
9444	28
9445	28
9446	28
9447	28
9448	28
9449	28
9450	28
9451	28
9452	28
9453	28
9454	28
9455	28
9456	28
9457	28
9458	28
9459	28
9460	28
9461	28
9462	28
9463	28
9464	28
9465	28
9466	28
9467	28
9468	28
9469	28
9470	28
9471	28
9472	28
9473	28
9474	28
9475	28
9476	28
9477	28
9478	28
9479	28
9480	28
9481	28
9482	28
9483	28
9484	28
9485	28
9486	28
9487	28
9488	28
9489	28
9490	28
9491	28
9492	28
9493	28
9494	28
9495	28
9496	28
9497	28
9498	28
9499	28
9500	28
9501	28
9502	28
9503	28
9504	28
9505	28
9506	28
9507	28
9508	28
9509	28
9510	28
9511	28
9512	28
9513	28
9514	28
9515	28
9516	28
9517	28
9518	28
9519	28
9520	28
9521	28
9522	28
9523	28
9524	28
9525	28
9526	28
9527	28
9528	28
9529	28
9530	28
9531	28
9532	28
9533	28
9534	28
9535	28
9536	28
9537	28
9538	28
9539	28
9540	28
9541	28
9542	28
9543	28
9544	28
9545	28
9546	28
9547	28
9548	28
9549	28
9550	28
9551	28
9552	28
9553	28
9554	28
9555	28
9556	28
9557	28
9558	28
9559	28
9560	28
9561	28
9562	28
9563	28
9564	28
9565	28
9566	28
9567	28
9568	28
9569	28
9570	28
9571	28
9572	28
9573	28
9574	28
9575	28
9576	28
9577	28
9578	28
9579	28
9580	28
9581	28
9582	28
9583	28
9584	29
9585	29
9586	29
9587	29
9588	29
9589	29
9590	29
9591	29
9592	29
9593	29
9594	29
9595	29
9596	29
9597	29
9598	29
9599	29
9600	29
9601	29
9602	29
9603	29
9604	29
9605	29
9606	29
9607	29
9608	29
9609	29
9610	29
9611	29
9612	29
9613	29
9614	29
9615	29
9616	29
9617	29
9618	29
9619	29
9620	29
9621	29
9622	29
9623	29
9624	29
9625	29
9626	29
9627	29
9628	29
9629	29
9630	29
9631	29
9632	29
9633	29
9634	29
9635	29
9636	29
9637	29
9638	29
9639	29
9640	29
9641	29
9642	29
9643	29
9644	29
9645	29
9646	29
9647	29
9648	29
9649	29
9650	29
9651	29
9652	29
9653	29
9654	29
9655	29
9656	29
9657	29
9658	29
9659	29
9660	29
9661	29
9662	29
9663	29
9664	29
9665	29
9666	29
9667	29
9668	29
9669	29
9670	29
9671	29
9672	29
9673	29
9674	29
9675	29
9676	29
9677	29
9678	29
9679	29
9680	29
9681	29
9682	29
9683	29
9684	29
9685	29
9686	29
9687	29
9688	29
9689	29
9690	29
9691	29
9692	29
9693	29
9694	29
9695	29
9696	29
9697	29
9698	29
9699	29
9700	29
9701	29
9702	29
9703	29
9704	29
9705	29
9706	29
9707	29
9708	29
9709	29
9710	29
9711	29
9712	29
9713	29
9714	29
9715	29
9716	29
9717	29
9718	29
9719	29
9720	29
9721	29
9722	29
9723	29
9724	29
9725	29
9726	29
9727	29
9728	29
9729	29
9730	29
9731	29
9732	29
9733	29
9734	29
9735	29
9736	29
9737	29
9738	29
9739	29
9740	29
9741	29
9742	29
9743	29
9744	30
9745	30
9746	30
9747	30
9748	30
9749	30
9750	30
9751	30
9752	30
9753	30
9754	30
9755	30
9756	30
9757	30
9758	30
9759	30
9760	30
9761	30
9762	30
9763	30
9764	30
9765	30
9766	30
9767	30
9768	30
9769	30
9770	30
9771	30
9772	30
9773	30
9774	30
9775	30
9776	30
9777	30
9778	30
9779	30
9780	30
9781	30
9782	30
9783	30
9784	30
9785	30
9786	30
9787	30
9788	30
9789	30
9790	30
9791	30
9792	30
9793	30
9794	30
9795	30
9796	30
9797	30
9798	30
9799	30
9800	30
9801	30
9802	30
9803	30
9804	30
9805	30
9806	30
9807	30
9808	30
9809	30
9810	30
9811	30
9812	30
9813	30
9814	30
9815	30
9816	30
9817	30
9818	30
9819	30
9820	30
9821	30
9822	30
9823	30
9824	30
9825	30
9826	30
9827	30
9828	30
9829	30
9830	30
9831	30
9832	30
9833	30
9834	30
9835	30
9836	30
9837	30
9838	30
9839	30
9840	30
9841	30
9842	30
9843	30
9844	30
9845	30
9846	30
9847	30
9848	30
9849	30
9850	30
9851	30
9852	30
9853	30
9854	30
9855	30
9856	30
9857	30
9858	30
9859	30
9860	30
9861	30
9862	30
9863	30
9864	30
9865	30
9866	30
9867	30
9868	30
9869	30
9870	30
9871	30
9872	30
9873	30
9874	30
9875	30
9876	30
9877	30
9878	30
9879	30
9880	30
9881	30
9882	30
9883	30
9884	30
9885	30
9886	30
9887	30
9888	30
9889	30
9890	30
9891	30
9892	30
9893	30
9894	30
9895	30
9896	30
9897	30
9898	30
9899	30
9900	30
9901	30
9902	30
9903	30
9904	30
9905	30
9906	30
9907	30
9908	30
9909	30
9910	30
9911	30
9912	30
9913	30
9914	30
9915	30
9916	30
9917	30
9918	30
9919	30
9920	30
9921	30
9922	30
9923	30
9924	30
9925	30
9926	30
9927	30
9928	30
9929	30
9930	30
9931	30
9932	30
9933	30
9934	30
9935	30
9936	30
9937	30
9938	30
9939	30
9940	30
9941	30
9942	30
9943	30
9944	30
9945	30
9946	30
9947	30
9948	30
9949	30
9950	30
9951	30
9952	30
9953	30
9954	30
9955	30
9956	30
9957	30
9958	30
9959	30
9960	30
9961	30
9962	30
9963	30
9964	30
9965	30
9966	30
9967	30
9968	30
9969	30
9970	30
9971	30
9972	30
9973	30
9974	30
9975	30
9976	30
9977	30
9978	30
9979	30
9980	30
9981	30
9982	30
9983	30
9984	30
9985	30
9986	30
9987	30
9988	30
9989	30
9990	30
9991	30
9992	30
9993	30
9994	30
9995	30
9996	30
9997	30
9998	30
9999	30
10000	30
