#Clock	ItemsCollected
1	0
2	0
3	0
4	0
5	0
6	0
7	0
8	0
9	0
10	0
11	0
12	0
13	0
14	0
15	0
16	0
17	0
18	0
19	0
20	0
21	0
22	0
23	0
24	0
25	0
26	0
27	0
28	0
29	0
30	0
31	0
32	0
33	0
34	0
35	0
36	0
37	0
38	0
39	0
40	0
41	0
42	0
43	0
44	0
45	0
46	0
47	0
48	0
49	0
50	0
51	0
52	0
53	0
54	0
55	0
56	0
57	0
58	0
59	0
60	0
61	0
62	0
63	0
64	0
65	0
66	0
67	0
68	0
69	0
70	0
71	0
72	0
73	0
74	0
75	0
76	0
77	0
78	0
79	0
80	0
81	0
82	0
83	0
84	0
85	0
86	0
87	0
88	0
89	0
90	0
91	0
92	0
93	0
94	0
95	0
96	0
97	0
98	0
99	0
100	0
101	0
102	0
103	0
104	0
105	0
106	0
107	0
108	0
109	0
110	0
111	0
112	0
113	0
114	0
115	0
116	0
117	0
118	0
119	0
120	0
121	0
122	0
123	0
124	0
125	0
126	0
127	0
128	0
129	0
130	0
131	0
132	0
133	0
134	0
135	0
136	0
137	0
138	0
139	0
140	0
141	0
142	0
143	0
144	0
145	0
146	0
147	0
148	0
149	0
150	0
151	0
152	0
153	0
154	0
155	0
156	0
157	0
158	0
159	0
160	0
161	0
162	0
163	0
164	0
165	0
166	0
167	0
168	0
169	0
170	0
171	0
172	0
173	0
174	0
175	0
176	0
177	0
178	0
179	0
180	0
181	0
182	0
183	0
184	0
185	0
186	0
187	0
188	0
189	0
190	0
191	0
192	0
193	0
194	0
195	0
196	0
197	0
198	0
199	0
200	0
201	0
202	0
203	0
204	0
205	0
206	0
207	0
208	0
209	0
210	0
211	0
212	0
213	0
214	0
215	0
216	0
217	0
218	0
219	0
220	0
221	0
222	0
223	0
224	0
225	0
226	0
227	0
228	0
229	0
230	0
231	0
232	0
233	0
234	0
235	0
236	0
237	0
238	0
239	0
240	0
241	0
242	0
243	0
244	0
245	0
246	0
247	0
248	0
249	0
250	0
251	0
252	0
253	0
254	0
255	0
256	0
257	0
258	0
259	0
260	0
261	0
262	0
263	0
264	0
265	0
266	0
267	0
268	0
269	0
270	0
271	0
272	0
273	0
274	0
275	0
276	0
277	0
278	0
279	0
280	0
281	0
282	0
283	0
284	0
285	0
286	0
287	0
288	0
289	0
290	0
291	0
292	0
293	0
294	0
295	0
296	0
297	0
298	0
299	0
300	0
301	0
302	0
303	0
304	0
305	0
306	0
307	0
308	0
309	0
310	0
311	0
312	0
313	0
314	0
315	0
316	0
317	0
318	0
319	0
320	0
321	0
322	0
323	0
324	0
325	0
326	0
327	0
328	0
329	0
330	0
331	0
332	0
333	0
334	0
335	0
336	0
337	0
338	0
339	0
340	0
341	0
342	0
343	0
344	0
345	0
346	0
347	0
348	0
349	0
350	0
351	0
352	0
353	0
354	0
355	0
356	0
357	0
358	0
359	0
360	0
361	0
362	0
363	0
364	0
365	0
366	0
367	0
368	0
369	0
370	0
371	0
372	0
373	0
374	0
375	0
376	0
377	0
378	0
379	0
380	0
381	0
382	0
383	0
384	0
385	0
386	0
387	0
388	0
389	0
390	0
391	0
392	0
393	0
394	0
395	0
396	0
397	0
398	0
399	0
400	0
401	0
402	0
403	0
404	0
405	0
406	0
407	0
408	0
409	0
410	0
411	0
412	0
413	0
414	0
415	0
416	0
417	0
418	0
419	0
420	0
421	0
422	0
423	0
424	0
425	0
426	0
427	0
428	0
429	0
430	0
431	0
432	0
433	0
434	0
435	0
436	0
437	0
438	0
439	0
440	0
441	0
442	0
443	0
444	0
445	0
446	0
447	0
448	0
449	0
450	0
451	0
452	0
453	0
454	0
455	0
456	0
457	0
458	0
459	0
460	0
461	0
462	0
463	0
464	0
465	0
466	0
467	0
468	0
469	0
470	0
471	0
472	0
473	0
474	0
475	0
476	0
477	0
478	0
479	0
480	0
481	0
482	0
483	0
484	0
485	0
486	0
487	0
488	0
489	0
490	0
491	0
492	0
493	0
494	0
495	0
496	0
497	0
498	0
499	0
500	0
501	0
502	0
503	0
504	0
505	0
506	0
507	0
508	0
509	0
510	0
511	0
512	0
513	0
514	0
515	0
516	0
517	0
518	0
519	0
520	0
521	0
522	0
523	0
524	0
525	0
526	0
527	0
528	0
529	0
530	0
531	0
532	0
533	0
534	0
535	0
536	0
537	0
538	0
539	0
540	0
541	0
542	0
543	0
544	0
545	0
546	0
547	0
548	0
549	0
550	0
551	0
552	0
553	0
554	0
555	0
556	0
557	0
558	0
559	0
560	0
561	0
562	0
563	0
564	0
565	0
566	0
567	0
568	0
569	0
570	0
571	0
572	0
573	0
574	0
575	0
576	0
577	0
578	0
579	0
580	0
581	0
582	0
583	0
584	0
585	0
586	0
587	0
588	0
589	0
590	0
591	0
592	0
593	0
594	0
595	0
596	0
597	0
598	0
599	0
600	0
601	0
602	0
603	0
604	0
605	0
606	0
607	0
608	0
609	0
610	0
611	0
612	0
613	0
614	0
615	0
616	0
617	0
618	0
619	0
620	0
621	0
622	0
623	0
624	0
625	0
626	0
627	0
628	0
629	0
630	0
631	0
632	0
633	0
634	0
635	0
636	0
637	0
638	0
639	0
640	0
641	0
642	0
643	0
644	0
645	0
646	0
647	0
648	0
649	0
650	0
651	0
652	0
653	0
654	0
655	0
656	0
657	0
658	0
659	0
660	0
661	0
662	0
663	0
664	0
665	0
666	0
667	0
668	0
669	0
670	0
671	0
672	0
673	0
674	0
675	0
676	0
677	0
678	0
679	0
680	0
681	0
682	0
683	0
684	0
685	0
686	0
687	0
688	0
689	0
690	0
691	0
692	0
693	0
694	0
695	0
696	0
697	0
698	0
699	0
700	0
701	0
702	0
703	0
704	0
705	0
706	0
707	0
708	0
709	0
710	0
711	0
712	0
713	0
714	0
715	0
716	0
717	0
718	0
719	0
720	0
721	0
722	0
723	0
724	0
725	0
726	0
727	0
728	0
729	0
730	0
731	0
732	0
733	0
734	0
735	0
736	0
737	0
738	0
739	0
740	0
741	0
742	0
743	0
744	0
745	0
746	0
747	0
748	0
749	0
750	0
751	0
752	0
753	0
754	0
755	0
756	0
757	0
758	0
759	0
760	0
761	0
762	0
763	0
764	0
765	0
766	0
767	0
768	0
769	0
770	0
771	0
772	0
773	0
774	0
775	0
776	0
777	0
778	0
779	0
780	0
781	0
782	0
783	0
784	0
785	0
786	0
787	0
788	0
789	0
790	0
791	0
792	0
793	0
794	0
795	0
796	0
797	0
798	0
799	0
800	0
801	0
802	0
803	0
804	0
805	0
806	0
807	0
808	0
809	0
810	0
811	0
812	0
813	0
814	0
815	0
816	0
817	0
818	0
819	0
820	0
821	0
822	0
823	0
824	0
825	0
826	0
827	0
828	0
829	0
830	0
831	0
832	0
833	0
834	0
835	0
836	0
837	0
838	0
839	0
840	0
841	0
842	0
843	0
844	0
845	0
846	0
847	0
848	0
849	0
850	0
851	0
852	0
853	0
854	0
855	0
856	0
857	0
858	0
859	0
860	0
861	0
862	0
863	0
864	0
865	0
866	0
867	0
868	0
869	0
870	0
871	0
872	0
873	0
874	0
875	0
876	0
877	0
878	0
879	0
880	0
881	0
882	0
883	0
884	0
885	0
886	0
887	0
888	0
889	0
890	0
891	0
892	0
893	0
894	0
895	0
896	0
897	0
898	0
899	0
900	0
901	0
902	0
903	0
904	0
905	0
906	0
907	0
908	0
909	0
910	0
911	0
912	0
913	0
914	0
915	0
916	0
917	0
918	0
919	0
920	0
921	0
922	0
923	0
924	0
925	0
926	0
927	0
928	0
929	0
930	0
931	0
932	0
933	0
934	0
935	0
936	0
937	0
938	0
939	0
940	0
941	0
942	0
943	0
944	0
945	0
946	0
947	0
948	0
949	0
950	0
951	0
952	0
953	0
954	0
955	0
956	0
957	0
958	0
959	0
960	0
961	0
962	0
963	0
964	0
965	0
966	0
967	0
968	0
969	0
970	0
971	0
972	0
973	0
974	0
975	0
976	0
977	0
978	0
979	0
980	0
981	0
982	0
983	0
984	0
985	0
986	0
987	0
988	0
989	0
990	0
991	0
992	0
993	0
994	0
995	0
996	0
997	0
998	0
999	0
1000	0
1001	0
1002	0
1003	0
1004	0
1005	0
1006	0
1007	0
1008	0
1009	0
1010	0
1011	0
1012	0
1013	0
1014	0
1015	0
1016	0
1017	0
1018	0
1019	0
1020	0
1021	0
1022	0
1023	0
1024	0
1025	0
1026	0
1027	0
1028	0
1029	0
1030	0
1031	0
1032	0
1033	0
1034	0
1035	0
1036	0
1037	0
1038	0
1039	0
1040	0
1041	0
1042	0
1043	0
1044	0
1045	0
1046	0
1047	0
1048	0
1049	0
1050	0
1051	0
1052	0
1053	0
1054	0
1055	0
1056	0
1057	0
1058	0
1059	0
1060	0
1061	0
1062	0
1063	0
1064	0
1065	0
1066	0
1067	0
1068	0
1069	0
1070	0
1071	0
1072	0
1073	0
1074	0
1075	0
1076	0
1077	0
1078	0
1079	0
1080	0
1081	0
1082	0
1083	0
1084	0
1085	0
1086	0
1087	0
1088	0
1089	0
1090	0
1091	0
1092	0
1093	0
1094	0
1095	0
1096	0
1097	0
1098	0
1099	0
1100	0
1101	0
1102	0
1103	0
1104	0
1105	0
1106	0
1107	0
1108	0
1109	0
1110	0
1111	0
1112	0
1113	0
1114	0
1115	0
1116	0
1117	0
1118	0
1119	0
1120	0
1121	0
1122	0
1123	0
1124	0
1125	0
1126	0
1127	0
1128	0
1129	0
1130	0
1131	0
1132	0
1133	0
1134	0
1135	0
1136	0
1137	0
1138	0
1139	0
1140	0
1141	0
1142	0
1143	0
1144	0
1145	0
1146	0
1147	0
1148	0
1149	0
1150	0
1151	0
1152	0
1153	0
1154	0
1155	0
1156	0
1157	0
1158	0
1159	0
1160	0
1161	0
1162	0
1163	0
1164	0
1165	0
1166	0
1167	0
1168	0
1169	0
1170	0
1171	0
1172	0
1173	0
1174	0
1175	0
1176	0
1177	0
1178	0
1179	0
1180	0
1181	0
1182	0
1183	0
1184	0
1185	0
1186	0
1187	0
1188	0
1189	0
1190	0
1191	0
1192	0
1193	0
1194	0
1195	0
1196	0
1197	0
1198	0
1199	0
1200	0
1201	0
1202	0
1203	0
1204	0
1205	0
1206	0
1207	0
1208	0
1209	0
1210	0
1211	0
1212	0
1213	0
1214	0
1215	0
1216	0
1217	0
1218	0
1219	0
1220	0
1221	0
1222	0
1223	0
1224	0
1225	0
1226	0
1227	0
1228	0
1229	0
1230	0
1231	0
1232	0
1233	0
1234	0
1235	0
1236	0
1237	0
1238	0
1239	0
1240	0
1241	0
1242	0
1243	0
1244	0
1245	0
1246	0
1247	0
1248	0
1249	0
1250	0
1251	0
1252	0
1253	0
1254	0
1255	0
1256	0
1257	0
1258	0
1259	0
1260	0
1261	0
1262	0
1263	0
1264	0
1265	0
1266	0
1267	0
1268	0
1269	0
1270	0
1271	0
1272	0
1273	0
1274	0
1275	0
1276	0
1277	0
1278	0
1279	0
1280	0
1281	0
1282	0
1283	0
1284	0
1285	0
1286	0
1287	0
1288	0
1289	0
1290	0
1291	0
1292	0
1293	0
1294	0
1295	0
1296	0
1297	0
1298	0
1299	0
1300	0
1301	0
1302	0
1303	0
1304	0
1305	0
1306	0
1307	0
1308	0
1309	0
1310	0
1311	0
1312	0
1313	0
1314	0
1315	0
1316	0
1317	0
1318	0
1319	0
1320	0
1321	0
1322	0
1323	0
1324	0
1325	0
1326	0
1327	0
1328	0
1329	0
1330	0
1331	0
1332	0
1333	0
1334	0
1335	0
1336	0
1337	0
1338	0
1339	0
1340	0
1341	0
1342	0
1343	0
1344	0
1345	0
1346	0
1347	0
1348	0
1349	0
1350	0
1351	0
1352	0
1353	0
1354	0
1355	0
1356	0
1357	0
1358	0
1359	0
1360	0
1361	0
1362	0
1363	0
1364	0
1365	0
1366	0
1367	0
1368	0
1369	0
1370	0
1371	0
1372	0
1373	0
1374	0
1375	0
1376	0
1377	0
1378	0
1379	0
1380	0
1381	0
1382	0
1383	0
1384	0
1385	0
1386	0
1387	0
1388	0
1389	0
1390	0
1391	0
1392	0
1393	0
1394	0
1395	0
1396	0
1397	0
1398	0
1399	0
1400	0
1401	0
1402	0
1403	0
1404	0
1405	0
1406	0
1407	0
1408	0
1409	0
1410	0
1411	0
1412	0
1413	0
1414	0
1415	0
1416	0
1417	0
1418	0
1419	0
1420	0
1421	0
1422	0
1423	0
1424	0
1425	0
1426	0
1427	0
1428	0
1429	0
1430	0
1431	0
1432	0
1433	0
1434	0
1435	0
1436	0
1437	0
1438	0
1439	0
1440	0
1441	0
1442	0
1443	0
1444	0
1445	0
1446	0
1447	0
1448	0
1449	0
1450	0
1451	0
1452	0
1453	0
1454	0
1455	0
1456	0
1457	0
1458	0
1459	0
1460	0
1461	0
1462	0
1463	0
1464	0
1465	0
1466	0
1467	0
1468	0
1469	0
1470	0
1471	0
1472	0
1473	0
1474	0
1475	0
1476	0
1477	0
1478	0
1479	0
1480	0
1481	0
1482	0
1483	0
1484	0
1485	0
1486	0
1487	0
1488	0
1489	0
1490	0
1491	0
1492	0
1493	0
1494	0
1495	0
1496	0
1497	0
1498	0
1499	0
1500	0
1501	0
1502	0
1503	0
1504	0
1505	0
1506	0
1507	0
1508	0
1509	0
1510	0
1511	0
1512	0
1513	0
1514	0
1515	0
1516	0
1517	0
1518	0
1519	0
1520	0
1521	0
1522	0
1523	0
1524	0
1525	0
1526	0
1527	0
1528	0
1529	0
1530	0
1531	0
1532	0
1533	0
1534	0
1535	0
1536	0
1537	0
1538	0
1539	0
1540	0
1541	0
1542	0
1543	0
1544	0
1545	0
1546	0
1547	0
1548	0
1549	0
1550	0
1551	0
1552	0
1553	0
1554	0
1555	0
1556	0
1557	0
1558	0
1559	0
1560	0
1561	0
1562	0
1563	0
1564	0
1565	0
1566	0
1567	0
1568	0
1569	0
1570	0
1571	0
1572	0
1573	0
1574	0
1575	0
1576	0
1577	0
1578	0
1579	0
1580	0
1581	0
1582	0
1583	0
1584	0
1585	0
1586	0
1587	0
1588	0
1589	0
1590	0
1591	0
1592	0
1593	0
1594	0
1595	0
1596	0
1597	0
1598	0
1599	0
1600	0
1601	0
1602	0
1603	0
1604	0
1605	0
1606	0
1607	0
1608	0
1609	0
1610	0
1611	0
1612	0
1613	0
1614	0
1615	0
1616	0
1617	0
1618	0
1619	0
1620	0
1621	0
1622	0
1623	0
1624	0
1625	0
1626	0
1627	0
1628	0
1629	0
1630	0
1631	0
1632	0
1633	0
1634	0
1635	0
1636	0
1637	0
1638	0
1639	0
1640	0
1641	0
1642	0
1643	0
1644	0
1645	0
1646	0
1647	0
1648	0
1649	0
1650	0
1651	0
1652	0
1653	0
1654	0
1655	0
1656	0
1657	0
1658	0
1659	0
1660	0
1661	0
1662	0
1663	0
1664	0
1665	0
1666	0
1667	0
1668	0
1669	0
1670	0
1671	0
1672	0
1673	0
1674	0
1675	0
1676	0
1677	0
1678	0
1679	0
1680	0
1681	0
1682	0
1683	0
1684	0
1685	0
1686	0
1687	0
1688	0
1689	0
1690	0
1691	0
1692	0
1693	0
1694	0
1695	0
1696	0
1697	0
1698	0
1699	0
1700	0
1701	0
1702	0
1703	0
1704	0
1705	0
1706	0
1707	0
1708	0
1709	0
1710	0
1711	0
1712	0
1713	0
1714	0
1715	0
1716	0
1717	0
1718	0
1719	0
1720	0
1721	0
1722	0
1723	0
1724	0
1725	0
1726	0
1727	0
1728	0
1729	0
1730	0
1731	0
1732	0
1733	0
1734	0
1735	0
1736	0
1737	0
1738	0
1739	0
1740	0
1741	0
1742	0
1743	0
1744	0
1745	0
1746	0
1747	0
1748	0
1749	0
1750	0
1751	0
1752	0
1753	0
1754	0
1755	0
1756	0
1757	0
1758	0
1759	0
1760	0
1761	0
1762	0
1763	0
1764	0
1765	0
1766	0
1767	0
1768	0
1769	0
1770	0
1771	0
1772	0
1773	0
1774	0
1775	0
1776	0
1777	0
1778	0
1779	0
1780	0
1781	0
1782	0
1783	0
1784	0
1785	0
1786	0
1787	0
1788	0
1789	0
1790	0
1791	0
1792	0
1793	0
1794	0
1795	0
1796	0
1797	0
1798	0
1799	0
1800	0
1801	0
1802	0
1803	0
1804	0
1805	0
1806	0
1807	0
1808	0
1809	0
1810	0
1811	0
1812	0
1813	0
1814	0
1815	0
1816	0
1817	0
1818	0
1819	0
1820	0
1821	0
1822	0
1823	0
1824	0
1825	0
1826	0
1827	0
1828	0
1829	0
1830	0
1831	0
1832	0
1833	0
1834	0
1835	0
1836	0
1837	0
1838	0
1839	0
1840	0
1841	0
1842	0
1843	0
1844	0
1845	0
1846	0
1847	0
1848	0
1849	0
1850	0
1851	0
1852	0
1853	0
1854	0
1855	0
1856	0
1857	0
1858	0
1859	0
1860	0
1861	0
1862	0
1863	0
1864	0
1865	0
1866	0
1867	0
1868	0
1869	0
1870	0
1871	0
1872	0
1873	0
1874	0
1875	0
1876	0
1877	0
1878	0
1879	0
1880	0
1881	0
1882	0
1883	0
1884	0
1885	0
1886	0
1887	0
1888	0
1889	0
1890	0
1891	0
1892	0
1893	0
1894	0
1895	0
1896	0
1897	0
1898	0
1899	0
1900	0
1901	0
1902	0
1903	0
1904	0
1905	0
1906	0
1907	0
1908	0
1909	0
1910	0
1911	0
1912	0
1913	0
1914	0
1915	0
1916	0
1917	0
1918	0
1919	0
1920	0
1921	0
1922	0
1923	0
1924	0
1925	0
1926	0
1927	0
1928	0
1929	0
1930	0
1931	0
1932	0
1933	0
1934	0
1935	0
1936	0
1937	0
1938	0
1939	0
1940	0
1941	0
1942	0
1943	0
1944	0
1945	0
1946	0
1947	0
1948	0
1949	0
1950	0
1951	0
1952	0
1953	0
1954	0
1955	0
1956	0
1957	0
1958	0
1959	0
1960	0
1961	0
1962	0
1963	0
1964	0
1965	0
1966	0
1967	0
1968	0
1969	0
1970	0
1971	0
1972	0
1973	0
1974	0
1975	0
1976	0
1977	0
1978	0
1979	0
1980	0
1981	0
1982	0
1983	0
1984	0
1985	0
1986	0
1987	0
1988	0
1989	0
1990	0
1991	0
1992	0
1993	0
1994	0
1995	0
1996	0
1997	0
1998	0
1999	0
2000	0
2001	0
2002	0
2003	0
2004	0
2005	0
2006	0
2007	0
2008	0
2009	0
2010	0
2011	0
2012	0
2013	0
2014	0
2015	0
2016	0
2017	0
2018	0
2019	0
2020	0
2021	0
2022	0
2023	0
2024	0
2025	0
2026	0
2027	0
2028	0
2029	0
2030	0
2031	0
2032	0
2033	0
2034	0
2035	0
2036	0
2037	0
2038	0
2039	0
2040	0
2041	0
2042	0
2043	0
2044	0
2045	0
2046	0
2047	0
2048	0
2049	0
2050	0
2051	0
2052	0
2053	0
2054	0
2055	0
2056	0
2057	0
2058	0
2059	0
2060	0
2061	0
2062	0
2063	0
2064	0
2065	0
2066	0
2067	0
2068	0
2069	0
2070	0
2071	0
2072	0
2073	0
2074	0
2075	0
2076	0
2077	0
2078	0
2079	0
2080	0
2081	0
2082	0
2083	0
2084	0
2085	0
2086	0
2087	0
2088	0
2089	0
2090	0
2091	0
2092	0
2093	0
2094	0
2095	0
2096	0
2097	0
2098	0
2099	0
2100	0
2101	0
2102	0
2103	0
2104	0
2105	0
2106	0
2107	0
2108	0
2109	0
2110	0
2111	0
2112	0
2113	0
2114	0
2115	0
2116	0
2117	0
2118	0
2119	0
2120	0
2121	0
2122	0
2123	0
2124	0
2125	0
2126	0
2127	0
2128	0
2129	0
2130	0
2131	0
2132	0
2133	0
2134	0
2135	0
2136	0
2137	0
2138	0
2139	0
2140	0
2141	0
2142	0
2143	0
2144	0
2145	0
2146	0
2147	0
2148	0
2149	0
2150	0
2151	0
2152	0
2153	0
2154	0
2155	0
2156	0
2157	0
2158	0
2159	0
2160	0
2161	0
2162	0
2163	0
2164	0
2165	0
2166	0
2167	0
2168	0
2169	0
2170	0
2171	0
2172	0
2173	0
2174	0
2175	0
2176	0
2177	0
2178	0
2179	0
2180	0
2181	0
2182	0
2183	0
2184	0
2185	0
2186	0
2187	0
2188	0
2189	0
2190	0
2191	0
2192	0
2193	0
2194	0
2195	0
2196	0
2197	0
2198	0
2199	0
2200	0
2201	0
2202	0
2203	0
2204	0
2205	0
2206	0
2207	0
2208	0
2209	0
2210	0
2211	0
2212	0
2213	0
2214	0
2215	0
2216	0
2217	0
2218	0
2219	0
2220	0
2221	0
2222	0
2223	0
2224	0
2225	0
2226	0
2227	0
2228	0
2229	0
2230	0
2231	0
2232	0
2233	0
2234	0
2235	0
2236	0
2237	0
2238	0
2239	0
2240	0
2241	0
2242	0
2243	0
2244	0
2245	0
2246	0
2247	0
2248	0
2249	0
2250	0
2251	0
2252	0
2253	0
2254	0
2255	0
2256	0
2257	0
2258	0
2259	0
2260	0
2261	0
2262	0
2263	0
2264	0
2265	0
2266	0
2267	0
2268	0
2269	0
2270	0
2271	0
2272	0
2273	0
2274	0
2275	0
2276	0
2277	0
2278	0
2279	0
2280	0
2281	0
2282	0
2283	0
2284	0
2285	0
2286	0
2287	0
2288	0
2289	0
2290	0
2291	0
2292	0
2293	0
2294	0
2295	0
2296	0
2297	0
2298	0
2299	0
2300	0
2301	0
2302	0
2303	0
2304	0
2305	0
2306	0
2307	0
2308	0
2309	0
2310	0
2311	0
2312	0
2313	0
2314	0
2315	0
2316	0
2317	0
2318	0
2319	0
2320	0
2321	0
2322	0
2323	0
2324	0
2325	0
2326	0
2327	0
2328	0
2329	0
2330	0
2331	0
2332	0
2333	0
2334	0
2335	0
2336	0
2337	0
2338	0
2339	0
2340	0
2341	0
2342	0
2343	0
2344	0
2345	0
2346	0
2347	0
2348	0
2349	0
2350	0
2351	0
2352	0
2353	0
2354	0
2355	0
2356	0
2357	0
2358	0
2359	0
2360	0
2361	0
2362	0
2363	0
2364	0
2365	0
2366	0
2367	0
2368	0
2369	0
2370	0
2371	0
2372	0
2373	0
2374	0
2375	0
2376	0
2377	0
2378	0
2379	0
2380	0
2381	0
2382	0
2383	0
2384	0
2385	0
2386	0
2387	0
2388	0
2389	0
2390	0
2391	0
2392	0
2393	0
2394	0
2395	0
2396	0
2397	0
2398	0
2399	0
2400	0
2401	0
2402	0
2403	0
2404	0
2405	0
2406	0
2407	0
2408	0
2409	0
2410	0
2411	0
2412	0
2413	0
2414	0
2415	0
2416	0
2417	0
2418	0
2419	0
2420	0
2421	0
2422	0
2423	0
2424	0
2425	0
2426	0
2427	0
2428	0
2429	0
2430	0
2431	0
2432	0
2433	0
2434	0
2435	0
2436	0
2437	0
2438	0
2439	0
2440	0
2441	0
2442	0
2443	0
2444	0
2445	0
2446	0
2447	0
2448	0
2449	0
2450	0
2451	0
2452	0
2453	0
2454	0
2455	0
2456	0
2457	0
2458	0
2459	0
2460	0
2461	0
2462	0
2463	0
2464	0
2465	0
2466	0
2467	0
2468	0
2469	0
2470	0
2471	0
2472	0
2473	0
2474	0
2475	0
2476	0
2477	0
2478	0
2479	0
2480	0
2481	0
2482	0
2483	0
2484	0
2485	0
2486	0
2487	0
2488	0
2489	0
2490	0
2491	0
2492	0
2493	0
2494	0
2495	0
2496	0
2497	0
2498	0
2499	0
2500	0
2501	0
2502	0
2503	0
2504	0
2505	0
2506	0
2507	0
2508	0
2509	0
2510	0
2511	0
2512	0
2513	0
2514	0
2515	0
2516	0
2517	0
2518	0
2519	0
2520	0
2521	0
2522	0
2523	0
2524	0
2525	0
2526	0
2527	0
2528	0
2529	0
2530	0
2531	0
2532	0
2533	0
2534	0
2535	0
2536	0
2537	0
2538	0
2539	0
2540	0
2541	0
2542	0
2543	0
2544	0
2545	0
2546	0
2547	0
2548	0
2549	0
2550	0
2551	0
2552	0
2553	0
2554	0
2555	0
2556	0
2557	0
2558	0
2559	0
2560	0
2561	0
2562	0
2563	0
2564	0
2565	0
2566	0
2567	0
2568	0
2569	0
2570	0
2571	0
2572	0
2573	0
2574	0
2575	0
2576	0
2577	0
2578	0
2579	0
2580	0
2581	0
2582	0
2583	0
2584	0
2585	0
2586	0
2587	0
2588	0
2589	0
2590	0
2591	0
2592	0
2593	0
2594	0
2595	0
2596	0
2597	0
2598	0
2599	0
2600	0
2601	0
2602	0
2603	0
2604	0
2605	0
2606	0
2607	0
2608	0
2609	0
2610	0
2611	0
2612	0
2613	0
2614	0
2615	0
2616	0
2617	0
2618	0
2619	0
2620	0
2621	0
2622	0
2623	0
2624	0
2625	0
2626	0
2627	0
2628	0
2629	0
2630	0
2631	0
2632	0
2633	0
2634	0
2635	0
2636	0
2637	0
2638	0
2639	0
2640	0
2641	0
2642	0
2643	0
2644	0
2645	0
2646	0
2647	0
2648	0
2649	0
2650	0
2651	0
2652	0
2653	0
2654	0
2655	0
2656	0
2657	0
2658	0
2659	0
2660	0
2661	0
2662	0
2663	0
2664	0
2665	0
2666	0
2667	0
2668	0
2669	0
2670	0
2671	0
2672	0
2673	0
2674	0
2675	0
2676	0
2677	0
2678	0
2679	0
2680	0
2681	0
2682	0
2683	0
2684	0
2685	0
2686	0
2687	0
2688	0
2689	0
2690	0
2691	0
2692	0
2693	1
2694	1
2695	1
2696	1
2697	1
2698	1
2699	1
2700	1
2701	1
2702	1
2703	1
2704	1
2705	1
2706	1
2707	1
2708	1
2709	1
2710	1
2711	1
2712	1
2713	1
2714	1
2715	1
2716	1
2717	1
2718	1
2719	1
2720	1
2721	1
2722	1
2723	1
2724	1
2725	1
2726	1
2727	1
2728	1
2729	1
2730	1
2731	1
2732	1
2733	1
2734	1
2735	1
2736	1
2737	1
2738	1
2739	1
2740	1
2741	1
2742	1
2743	1
2744	1
2745	1
2746	1
2747	1
2748	1
2749	1
2750	1
2751	1
2752	1
2753	1
2754	1
2755	1
2756	1
2757	1
2758	1
2759	1
2760	1
2761	1
2762	1
2763	1
2764	1
2765	1
2766	1
2767	1
2768	1
2769	1
2770	1
2771	1
2772	1
2773	1
2774	1
2775	1
2776	1
2777	1
2778	1
2779	1
2780	1
2781	1
2782	1
2783	1
2784	1
2785	1
2786	1
2787	1
2788	1
2789	1
2790	1
2791	1
2792	1
2793	1
2794	1
2795	1
2796	1
2797	1
2798	1
2799	1
2800	1
2801	1
2802	1
2803	1
2804	1
2805	1
2806	1
2807	1
2808	1
2809	1
2810	1
2811	1
2812	1
2813	1
2814	1
2815	1
2816	1
2817	1
2818	1
2819	1
2820	1
2821	1
2822	1
2823	1
2824	1
2825	1
2826	1
2827	1
2828	1
2829	1
2830	1
2831	1
2832	1
2833	1
2834	1
2835	1
2836	1
2837	1
2838	1
2839	1
2840	1
2841	1
2842	1
2843	1
2844	1
2845	1
2846	1
2847	1
2848	1
2849	1
2850	1
2851	1
2852	1
2853	1
2854	1
2855	1
2856	1
2857	1
2858	1
2859	1
2860	1
2861	1
2862	1
2863	1
2864	1
2865	1
2866	1
2867	1
2868	1
2869	1
2870	1
2871	1
2872	1
2873	1
2874	1
2875	1
2876	1
2877	1
2878	1
2879	1
2880	1
2881	1
2882	1
2883	1
2884	1
2885	1
2886	1
2887	1
2888	1
2889	1
2890	1
2891	1
2892	1
2893	1
2894	1
2895	1
2896	1
2897	1
2898	1
2899	1
2900	1
2901	1
2902	1
2903	1
2904	1
2905	1
2906	1
2907	1
2908	1
2909	1
2910	1
2911	1
2912	1
2913	1
2914	1
2915	1
2916	1
2917	1
2918	1
2919	1
2920	1
2921	1
2922	1
2923	1
2924	1
2925	1
2926	1
2927	1
2928	1
2929	1
2930	1
2931	1
2932	1
2933	1
2934	1
2935	1
2936	1
2937	1
2938	1
2939	1
2940	1
2941	1
2942	1
2943	1
2944	1
2945	1
2946	1
2947	1
2948	1
2949	1
2950	1
2951	1
2952	1
2953	1
2954	1
2955	1
2956	1
2957	1
2958	1
2959	1
2960	1
2961	1
2962	1
2963	1
2964	1
2965	1
2966	1
2967	1
2968	1
2969	1
2970	1
2971	1
2972	1
2973	1
2974	1
2975	1
2976	1
2977	1
2978	1
2979	1
2980	1
2981	1
2982	1
2983	1
2984	1
2985	1
2986	1
2987	1
2988	1
2989	1
2990	1
2991	1
2992	1
2993	1
2994	1
2995	1
2996	1
2997	1
2998	1
2999	1
3000	1
3001	1
3002	1
3003	1
3004	1
3005	1
3006	1
3007	1
3008	1
3009	1
3010	1
3011	1
3012	1
3013	1
3014	1
3015	1
3016	1
3017	1
3018	1
3019	1
3020	1
3021	1
3022	1
3023	1
3024	1
3025	1
3026	1
3027	1
3028	1
3029	1
3030	1
3031	1
3032	1
3033	1
3034	1
3035	1
3036	1
3037	1
3038	1
3039	1
3040	1
3041	1
3042	1
3043	1
3044	1
3045	1
3046	1
3047	1
3048	1
3049	1
3050	1
3051	1
3052	1
3053	1
3054	1
3055	1
3056	1
3057	1
3058	1
3059	1
3060	1
3061	1
3062	1
3063	1
3064	1
3065	1
3066	1
3067	1
3068	1
3069	1
3070	1
3071	1
3072	1
3073	1
3074	1
3075	1
3076	1
3077	1
3078	1
3079	1
3080	1
3081	1
3082	1
3083	1
3084	1
3085	1
3086	1
3087	1
3088	1
3089	1
3090	1
3091	1
3092	1
3093	1
3094	1
3095	1
3096	1
3097	1
3098	1
3099	1
3100	1
3101	1
3102	1
3103	1
3104	1
3105	1
3106	1
3107	1
3108	1
3109	1
3110	1
3111	1
3112	1
3113	1
3114	1
3115	1
3116	1
3117	1
3118	1
3119	1
3120	1
3121	1
3122	1
3123	1
3124	1
3125	1
3126	1
3127	1
3128	1
3129	1
3130	1
3131	1
3132	1
3133	1
3134	1
3135	1
3136	1
3137	1
3138	1
3139	1
3140	1
3141	1
3142	1
3143	1
3144	1
3145	1
3146	1
3147	1
3148	1
3149	1
3150	1
3151	1
3152	1
3153	1
3154	1
3155	1
3156	1
3157	1
3158	1
3159	1
3160	1
3161	1
3162	1
3163	1
3164	1
3165	1
3166	1
3167	1
3168	1
3169	1
3170	1
3171	1
3172	1
3173	1
3174	1
3175	1
3176	1
3177	1
3178	1
3179	1
3180	1
3181	1
3182	1
3183	1
3184	1
3185	1
3186	1
3187	1
3188	1
3189	1
3190	1
3191	1
3192	1
3193	1
3194	1
3195	1
3196	1
3197	1
3198	1
3199	1
3200	1
3201	1
3202	1
3203	1
3204	1
3205	1
3206	1
3207	1
3208	1
3209	1
3210	1
3211	1
3212	1
3213	1
3214	1
3215	1
3216	1
3217	1
3218	1
3219	1
3220	1
3221	1
3222	1
3223	1
3224	1
3225	1
3226	1
3227	1
3228	1
3229	1
3230	1
3231	1
3232	1
3233	1
3234	1
3235	1
3236	1
3237	1
3238	1
3239	1
3240	1
3241	1
3242	1
3243	1
3244	1
3245	1
3246	1
3247	1
3248	1
3249	1
3250	1
3251	1
3252	1
3253	1
3254	1
3255	1
3256	1
3257	1
3258	1
3259	1
3260	1
3261	1
3262	1
3263	1
3264	1
3265	1
3266	1
3267	1
3268	1
3269	1
3270	1
3271	1
3272	1
3273	1
3274	1
3275	1
3276	1
3277	1
3278	1
3279	1
3280	1
3281	1
3282	1
3283	1
3284	1
3285	1
3286	1
3287	1
3288	1
3289	1
3290	1
3291	1
3292	1
3293	1
3294	1
3295	1
3296	1
3297	1
3298	1
3299	1
3300	1
3301	1
3302	1
3303	1
3304	1
3305	1
3306	1
3307	1
3308	1
3309	1
3310	1
3311	1
3312	1
3313	1
3314	1
3315	1
3316	1
3317	1
3318	1
3319	1
3320	1
3321	1
3322	1
3323	1
3324	1
3325	1
3326	1
3327	1
3328	1
3329	1
3330	1
3331	1
3332	1
3333	1
3334	1
3335	1
3336	1
3337	1
3338	1
3339	1
3340	1
3341	1
3342	1
3343	1
3344	1
3345	1
3346	1
3347	1
3348	1
3349	1
3350	1
3351	1
3352	1
3353	1
3354	1
3355	1
3356	1
3357	1
3358	1
3359	1
3360	1
3361	1
3362	1
3363	1
3364	1
3365	1
3366	1
3367	1
3368	1
3369	1
3370	1
3371	1
3372	1
3373	1
3374	1
3375	1
3376	1
3377	1
3378	1
3379	1
3380	1
3381	1
3382	1
3383	1
3384	1
3385	1
3386	1
3387	1
3388	1
3389	1
3390	1
3391	1
3392	1
3393	1
3394	1
3395	1
3396	1
3397	1
3398	1
3399	1
3400	1
3401	1
3402	1
3403	1
3404	1
3405	1
3406	1
3407	1
3408	1
3409	1
3410	1
3411	1
3412	1
3413	1
3414	1
3415	1
3416	1
3417	1
3418	1
3419	1
3420	1
3421	1
3422	1
3423	1
3424	1
3425	1
3426	1
3427	1
3428	1
3429	1
3430	1
3431	1
3432	1
3433	1
3434	1
3435	1
3436	1
3437	1
3438	1
3439	1
3440	1
3441	1
3442	1
3443	1
3444	1
3445	1
3446	1
3447	1
3448	1
3449	1
3450	1
3451	1
3452	1
3453	1
3454	1
3455	1
3456	1
3457	1
3458	1
3459	1
3460	1
3461	1
3462	1
3463	1
3464	1
3465	1
3466	1
3467	1
3468	1
3469	1
3470	1
3471	1
3472	1
3473	1
3474	1
3475	1
3476	1
3477	1
3478	1
3479	1
3480	1
3481	1
3482	1
3483	1
3484	1
3485	1
3486	1
3487	1
3488	1
3489	1
3490	1
3491	1
3492	1
3493	1
3494	1
3495	1
3496	1
3497	1
3498	1
3499	1
3500	1
3501	1
3502	1
3503	1
3504	1
3505	1
3506	1
3507	1
3508	1
3509	1
3510	1
3511	1
3512	1
3513	1
3514	1
3515	1
3516	1
3517	1
3518	1
3519	1
3520	1
3521	1
3522	1
3523	1
3524	1
3525	1
3526	1
3527	1
3528	1
3529	1
3530	1
3531	1
3532	1
3533	1
3534	1
3535	1
3536	1
3537	1
3538	1
3539	1
3540	1
3541	1
3542	1
3543	1
3544	1
3545	1
3546	1
3547	1
3548	1
3549	1
3550	1
3551	1
3552	1
3553	1
3554	1
3555	1
3556	1
3557	1
3558	1
3559	1
3560	1
3561	1
3562	1
3563	1
3564	1
3565	1
3566	1
3567	1
3568	1
3569	1
3570	1
3571	1
3572	1
3573	1
3574	1
3575	1
3576	1
3577	1
3578	1
3579	1
3580	1
3581	1
3582	1
3583	1
3584	1
3585	1
3586	1
3587	1
3588	1
3589	1
3590	1
3591	1
3592	1
3593	1
3594	1
3595	1
3596	1
3597	1
3598	1
3599	1
3600	1
3601	1
3602	1
3603	1
3604	1
3605	1
3606	1
3607	1
3608	1
3609	1
3610	1
3611	1
3612	1
3613	1
3614	1
3615	1
3616	1
3617	1
3618	1
3619	1
3620	1
3621	1
3622	1
3623	1
3624	1
3625	1
3626	1
3627	1
3628	1
3629	1
3630	1
3631	1
3632	1
3633	1
3634	1
3635	1
3636	1
3637	1
3638	1
3639	1
3640	1
3641	1
3642	1
3643	1
3644	1
3645	1
3646	1
3647	1
3648	1
3649	1
3650	1
3651	1
3652	1
3653	1
3654	1
3655	1
3656	1
3657	1
3658	1
3659	1
3660	1
3661	1
3662	1
3663	1
3664	1
3665	1
3666	1
3667	1
3668	1
3669	1
3670	1
3671	1
3672	1
3673	1
3674	1
3675	1
3676	1
3677	1
3678	1
3679	1
3680	1
3681	1
3682	1
3683	1
3684	1
3685	1
3686	1
3687	1
3688	1
3689	1
3690	1
3691	1
3692	1
3693	1
3694	1
3695	1
3696	1
3697	1
3698	1
3699	1
3700	1
3701	1
3702	1
3703	1
3704	1
3705	1
3706	1
3707	1
3708	1
3709	1
3710	1
3711	1
3712	1
3713	1
3714	1
3715	1
3716	1
3717	1
3718	1
3719	1
3720	1
3721	1
3722	1
3723	1
3724	1
3725	1
3726	1
3727	1
3728	1
3729	1
3730	1
3731	1
3732	1
3733	1
3734	1
3735	1
3736	1
3737	1
3738	1
3739	1
3740	1
3741	1
3742	1
3743	1
3744	1
3745	1
3746	1
3747	1
3748	1
3749	1
3750	1
3751	1
3752	1
3753	1
3754	1
3755	1
3756	1
3757	1
3758	1
3759	1
3760	1
3761	1
3762	1
3763	1
3764	1
3765	1
3766	1
3767	1
3768	1
3769	1
3770	1
3771	1
3772	1
3773	1
3774	1
3775	1
3776	1
3777	1
3778	1
3779	1
3780	1
3781	1
3782	1
3783	1
3784	1
3785	1
3786	1
3787	1
3788	1
3789	1
3790	1
3791	1
3792	1
3793	1
3794	1
3795	1
3796	1
3797	1
3798	1
3799	1
3800	1
3801	1
3802	1
3803	1
3804	1
3805	1
3806	1
3807	1
3808	1
3809	1
3810	1
3811	1
3812	1
3813	1
3814	1
3815	1
3816	1
3817	1
3818	1
3819	1
3820	1
3821	1
3822	1
3823	1
3824	1
3825	1
3826	1
3827	1
3828	1
3829	1
3830	1
3831	1
3832	1
3833	1
3834	1
3835	1
3836	1
3837	1
3838	1
3839	1
3840	1
3841	1
3842	1
3843	1
3844	1
3845	1
3846	1
3847	1
3848	1
3849	1
3850	1
3851	1
3852	1
3853	1
3854	1
3855	1
3856	1
3857	1
3858	1
3859	1
3860	1
3861	1
3862	1
3863	1
3864	1
3865	1
3866	1
3867	1
3868	1
3869	1
3870	1
3871	1
3872	1
3873	1
3874	1
3875	1
3876	1
3877	1
3878	1
3879	1
3880	1
3881	1
3882	1
3883	1
3884	1
3885	1
3886	1
3887	1
3888	1
3889	1
3890	1
3891	1
3892	1
3893	1
3894	1
3895	1
3896	1
3897	1
3898	1
3899	1
3900	1
3901	1
3902	1
3903	1
3904	1
3905	1
3906	1
3907	1
3908	1
3909	1
3910	1
3911	1
3912	1
3913	1
3914	1
3915	1
3916	1
3917	1
3918	1
3919	1
3920	1
3921	1
3922	1
3923	1
3924	1
3925	1
3926	1
3927	1
3928	1
3929	1
3930	1
3931	1
3932	1
3933	1
3934	1
3935	1
3936	1
3937	1
3938	1
3939	1
3940	1
3941	1
3942	1
3943	1
3944	1
3945	1
3946	1
3947	1
3948	1
3949	1
3950	1
3951	1
3952	1
3953	1
3954	1
3955	1
3956	1
3957	1
3958	1
3959	1
3960	1
3961	1
3962	1
3963	1
3964	1
3965	1
3966	1
3967	1
3968	1
3969	1
3970	1
3971	1
3972	1
3973	1
3974	1
3975	1
3976	1
3977	1
3978	1
3979	1
3980	1
3981	1
3982	1
3983	1
3984	1
3985	1
3986	1
3987	1
3988	1
3989	1
3990	1
3991	1
3992	1
3993	1
3994	1
3995	1
3996	1
3997	1
3998	1
3999	1
4000	1
4001	1
4002	1
4003	1
4004	1
4005	1
4006	1
4007	1
4008	1
4009	1
4010	1
4011	1
4012	1
4013	1
4014	1
4015	1
4016	1
4017	1
4018	1
4019	1
4020	1
4021	1
4022	1
4023	1
4024	1
4025	1
4026	1
4027	1
4028	1
4029	1
4030	1
4031	1
4032	1
4033	1
4034	1
4035	1
4036	1
4037	1
4038	1
4039	1
4040	1
4041	1
4042	1
4043	1
4044	1
4045	1
4046	1
4047	1
4048	1
4049	1
4050	1
4051	1
4052	1
4053	1
4054	1
4055	1
4056	1
4057	1
4058	1
4059	1
4060	1
4061	1
4062	1
4063	1
4064	1
4065	1
4066	1
4067	1
4068	1
4069	1
4070	1
4071	1
4072	1
4073	1
4074	1
4075	1
4076	1
4077	1
4078	1
4079	1
4080	1
4081	1
4082	1
4083	1
4084	1
4085	1
4086	1
4087	1
4088	1
4089	1
4090	1
4091	1
4092	1
4093	1
4094	1
4095	1
4096	1
4097	1
4098	1
4099	1
4100	1
4101	1
4102	1
4103	1
4104	1
4105	1
4106	1
4107	1
4108	1
4109	1
4110	1
4111	1
4112	1
4113	1
4114	1
4115	1
4116	1
4117	1
4118	1
4119	1
4120	1
4121	1
4122	1
4123	1
4124	1
4125	1
4126	1
4127	1
4128	1
4129	1
4130	1
4131	1
4132	1
4133	1
4134	1
4135	1
4136	1
4137	1
4138	1
4139	1
4140	1
4141	1
4142	1
4143	1
4144	1
4145	1
4146	1
4147	1
4148	1
4149	1
4150	1
4151	1
4152	1
4153	1
4154	1
4155	1
4156	1
4157	1
4158	1
4159	1
4160	2
4161	2
4162	2
4163	2
4164	2
4165	2
4166	2
4167	2
4168	2
4169	2
4170	2
4171	2
4172	2
4173	2
4174	2
4175	2
4176	2
4177	2
4178	2
4179	2
4180	2
4181	2
4182	2
4183	2
4184	2
4185	2
4186	2
4187	2
4188	2
4189	2
4190	2
4191	2
4192	2
4193	2
4194	2
4195	2
4196	2
4197	2
4198	2
4199	2
4200	2
4201	2
4202	2
4203	2
4204	2
4205	2
4206	2
4207	2
4208	2
4209	2
4210	2
4211	2
4212	2
4213	2
4214	2
4215	2
4216	2
4217	2
4218	2
4219	2
4220	2
4221	2
4222	2
4223	2
4224	2
4225	2
4226	2
4227	2
4228	2
4229	2
4230	2
4231	2
4232	2
4233	2
4234	2
4235	2
4236	2
4237	2
4238	2
4239	2
4240	2
4241	2
4242	2
4243	2
4244	2
4245	2
4246	2
4247	2
4248	2
4249	2
4250	2
4251	2
4252	2
4253	2
4254	2
4255	2
4256	2
4257	2
4258	2
4259	2
4260	2
4261	2
4262	2
4263	2
4264	2
4265	2
4266	2
4267	2
4268	2
4269	2
4270	2
4271	2
4272	2
4273	2
4274	2
4275	2
4276	2
4277	2
4278	2
4279	2
4280	2
4281	2
4282	2
4283	2
4284	2
4285	2
4286	2
4287	2
4288	2
4289	2
4290	2
4291	2
4292	2
4293	2
4294	2
4295	2
4296	2
4297	2
4298	2
4299	2
4300	2
4301	2
4302	2
4303	2
4304	2
4305	2
4306	2
4307	2
4308	2
4309	2
4310	2
4311	2
4312	2
4313	2
4314	2
4315	2
4316	2
4317	2
4318	2
4319	2
4320	2
4321	2
4322	2
4323	2
4324	2
4325	2
4326	2
4327	2
4328	2
4329	2
4330	2
4331	2
4332	2
4333	2
4334	2
4335	2
4336	2
4337	2
4338	2
4339	2
4340	2
4341	2
4342	2
4343	2
4344	2
4345	2
4346	2
4347	2
4348	2
4349	2
4350	2
4351	2
4352	2
4353	2
4354	2
4355	2
4356	2
4357	2
4358	2
4359	2
4360	2
4361	2
4362	2
4363	2
4364	2
4365	2
4366	2
4367	2
4368	2
4369	2
4370	2
4371	2
4372	2
4373	2
4374	2
4375	2
4376	2
4377	2
4378	2
4379	2
4380	2
4381	2
4382	2
4383	2
4384	2
4385	2
4386	2
4387	2
4388	2
4389	2
4390	2
4391	2
4392	2
4393	2
4394	2
4395	2
4396	2
4397	2
4398	2
4399	2
4400	2
4401	2
4402	2
4403	2
4404	2
4405	2
4406	2
4407	2
4408	2
4409	2
4410	2
4411	2
4412	2
4413	2
4414	2
4415	2
4416	2
4417	2
4418	2
4419	2
4420	2
4421	2
4422	2
4423	2
4424	2
4425	2
4426	2
4427	2
4428	2
4429	2
4430	2
4431	2
4432	2
4433	2
4434	2
4435	2
4436	2
4437	2
4438	2
4439	2
4440	2
4441	2
4442	2
4443	2
4444	2
4445	2
4446	2
4447	2
4448	2
4449	2
4450	2
4451	2
4452	2
4453	2
4454	2
4455	2
4456	2
4457	2
4458	2
4459	2
4460	2
4461	2
4462	2
4463	2
4464	2
4465	2
4466	2
4467	2
4468	2
4469	2
4470	2
4471	2
4472	2
4473	2
4474	2
4475	2
4476	2
4477	2
4478	2
4479	2
4480	2
4481	2
4482	2
4483	2
4484	2
4485	2
4486	2
4487	2
4488	2
4489	2
4490	2
4491	2
4492	2
4493	2
4494	2
4495	2
4496	2
4497	2
4498	2
4499	2
4500	2
4501	2
4502	2
4503	2
4504	2
4505	2
4506	2
4507	2
4508	2
4509	2
4510	2
4511	2
4512	2
4513	2
4514	2
4515	2
4516	2
4517	2
4518	2
4519	2
4520	2
4521	2
4522	2
4523	2
4524	2
4525	2
4526	2
4527	2
4528	2
4529	2
4530	2
4531	2
4532	2
4533	2
4534	2
4535	2
4536	2
4537	2
4538	2
4539	2
4540	2
4541	2
4542	2
4543	2
4544	2
4545	2
4546	2
4547	2
4548	2
4549	2
4550	2
4551	2
4552	2
4553	2
4554	2
4555	2
4556	2
4557	2
4558	2
4559	2
4560	2
4561	2
4562	2
4563	2
4564	2
4565	2
4566	2
4567	2
4568	2
4569	2
4570	2
4571	2
4572	2
4573	2
4574	2
4575	2
4576	2
4577	2
4578	2
4579	2
4580	2
4581	2
4582	2
4583	2
4584	2
4585	2
4586	2
4587	2
4588	2
4589	2
4590	2
4591	2
4592	2
4593	2
4594	2
4595	2
4596	2
4597	2
4598	2
4599	2
4600	2
4601	2
4602	2
4603	2
4604	2
4605	2
4606	2
4607	2
4608	2
4609	2
4610	2
4611	2
4612	2
4613	2
4614	2
4615	2
4616	2
4617	2
4618	2
4619	2
4620	2
4621	2
4622	2
4623	2
4624	2
4625	2
4626	2
4627	2
4628	2
4629	2
4630	2
4631	2
4632	2
4633	2
4634	2
4635	2
4636	2
4637	2
4638	2
4639	2
4640	2
4641	2
4642	2
4643	2
4644	2
4645	2
4646	2
4647	2
4648	2
4649	2
4650	2
4651	2
4652	2
4653	2
4654	2
4655	2
4656	2
4657	2
4658	2
4659	2
4660	2
4661	2
4662	2
4663	2
4664	2
4665	2
4666	2
4667	2
4668	2
4669	2
4670	2
4671	2
4672	2
4673	2
4674	2
4675	2
4676	2
4677	2
4678	2
4679	2
4680	2
4681	2
4682	2
4683	2
4684	2
4685	2
4686	2
4687	2
4688	2
4689	2
4690	2
4691	2
4692	2
4693	2
4694	2
4695	2
4696	2
4697	2
4698	2
4699	2
4700	2
4701	2
4702	2
4703	2
4704	2
4705	2
4706	2
4707	2
4708	2
4709	2
4710	2
4711	2
4712	2
4713	2
4714	2
4715	2
4716	2
4717	2
4718	2
4719	2
4720	2
4721	2
4722	2
4723	2
4724	2
4725	2
4726	2
4727	2
4728	2
4729	2
4730	2
4731	2
4732	2
4733	2
4734	2
4735	2
4736	2
4737	2
4738	2
4739	2
4740	2
4741	2
4742	2
4743	2
4744	2
4745	2
4746	2
4747	2
4748	2
4749	2
4750	2
4751	2
4752	2
4753	2
4754	2
4755	3
4756	3
4757	3
4758	3
4759	3
4760	3
4761	3
4762	3
4763	3
4764	3
4765	3
4766	3
4767	3
4768	3
4769	3
4770	3
4771	3
4772	3
4773	3
4774	3
4775	3
4776	3
4777	3
4778	3
4779	3
4780	3
4781	3
4782	3
4783	3
4784	3
4785	3
4786	3
4787	3
4788	3
4789	3
4790	3
4791	3
4792	3
4793	3
4794	3
4795	3
4796	3
4797	3
4798	3
4799	3
4800	3
4801	3
4802	3
4803	3
4804	3
4805	3
4806	3
4807	3
4808	3
4809	3
4810	3
4811	3
4812	3
4813	3
4814	3
4815	3
4816	3
4817	3
4818	3
4819	3
4820	3
4821	3
4822	3
4823	3
4824	3
4825	3
4826	3
4827	3
4828	3
4829	3
4830	3
4831	3
4832	3
4833	4
4834	4
4835	4
4836	4
4837	4
4838	4
4839	4
4840	4
4841	4
4842	4
4843	4
4844	4
4845	4
4846	4
4847	4
4848	4
4849	4
4850	4
4851	4
4852	4
4853	4
4854	4
4855	4
4856	4
4857	4
4858	4
4859	4
4860	4
4861	4
4862	4
4863	4
4864	4
4865	4
4866	5
4867	5
4868	5
4869	5
4870	5
4871	5
4872	5
4873	5
4874	5
4875	5
4876	5
4877	5
4878	5
4879	5
4880	5
4881	5
4882	5
4883	5
4884	5
4885	5
4886	5
4887	5
4888	5
4889	5
4890	5
4891	5
4892	5
4893	5
4894	5
4895	5
4896	5
4897	5
4898	5
4899	5
4900	5
4901	5
4902	5
4903	5
4904	5
4905	5
4906	6
4907	6
4908	6
4909	6
4910	6
4911	6
4912	6
4913	6
4914	6
4915	6
4916	6
4917	6
4918	6
4919	6
4920	6
4921	6
4922	6
4923	6
4924	6
4925	6
4926	6
4927	6
4928	6
4929	6
4930	6
4931	6
4932	6
4933	6
4934	6
4935	6
4936	6
4937	6
4938	6
4939	6
4940	6
4941	6
4942	6
4943	6
4944	6
4945	6
4946	6
4947	6
4948	6
4949	6
4950	6
4951	6
4952	6
4953	6
4954	6
4955	6
4956	6
4957	6
4958	6
4959	6
4960	6
4961	6
4962	6
4963	6
4964	6
4965	6
4966	6
4967	6
4968	6
4969	6
4970	6
4971	6
4972	6
4973	6
4974	6
4975	6
4976	6
4977	6
4978	6
4979	6
4980	6
4981	6
4982	6
4983	6
4984	6
4985	6
4986	6
4987	6
4988	6
4989	6
4990	6
4991	6
4992	6
4993	6
4994	6
4995	6
4996	6
4997	6
4998	6
4999	6
5000	6
5001	6
5002	6
5003	6
5004	6
5005	6
5006	6
5007	6
5008	6
5009	6
5010	6
5011	6
5012	6
5013	6
5014	6
5015	6
5016	6
5017	6
5018	6
5019	6
5020	6
5021	6
5022	6
5023	6
5024	6
5025	6
5026	6
5027	6
5028	6
5029	6
5030	6
5031	6
5032	6
5033	6
5034	6
5035	6
5036	6
5037	6
5038	6
5039	6
5040	6
5041	6
5042	6
5043	6
5044	6
5045	6
5046	6
5047	6
5048	6
5049	6
5050	6
5051	6
5052	6
5053	6
5054	6
5055	6
5056	6
5057	6
5058	6
5059	6
5060	6
5061	6
5062	6
5063	6
5064	6
5065	6
5066	6
5067	6
5068	6
5069	6
5070	6
5071	6
5072	6
5073	6
5074	6
5075	6
5076	6
5077	6
5078	6
5079	6
5080	6
5081	6
5082	6
5083	6
5084	6
5085	6
5086	6
5087	6
5088	6
5089	6
5090	6
5091	6
5092	6
5093	6
5094	6
5095	6
5096	6
5097	7
5098	7
5099	7
5100	7
5101	7
5102	7
5103	7
5104	7
5105	7
5106	7
5107	7
5108	7
5109	7
5110	7
5111	7
5112	7
5113	7
5114	7
5115	7
5116	7
5117	7
5118	7
5119	7
5120	7
5121	7
5122	7
5123	7
5124	7
5125	7
5126	7
5127	7
5128	7
5129	7
5130	7
5131	7
5132	7
5133	7
5134	7
5135	7
5136	7
5137	7
5138	7
5139	7
5140	7
5141	7
5142	7
5143	7
5144	7
5145	7
5146	7
5147	7
5148	7
5149	7
5150	7
5151	7
5152	7
5153	7
5154	7
5155	7
5156	7
5157	7
5158	7
5159	7
5160	7
5161	7
5162	7
5163	7
5164	7
5165	7
5166	7
5167	7
5168	7
5169	7
5170	7
5171	7
5172	7
5173	7
5174	7
5175	7
5176	7
5177	7
5178	7
5179	7
5180	7
5181	7
5182	7
5183	7
5184	7
5185	7
5186	7
5187	7
5188	7
5189	7
5190	7
5191	7
5192	7
5193	7
5194	8
5195	8
5196	8
5197	8
5198	8
5199	8
5200	8
5201	8
5202	8
5203	8
5204	8
5205	8
5206	8
5207	8
5208	8
5209	8
5210	8
5211	8
5212	8
5213	8
5214	8
5215	8
5216	8
5217	8
5218	8
5219	8
5220	8
5221	8
5222	8
5223	8
5224	8
5225	8
5226	8
5227	8
5228	8
5229	8
5230	8
5231	8
5232	8
5233	8
5234	8
5235	8
5236	8
5237	8
5238	8
5239	8
5240	8
5241	8
5242	8
5243	8
5244	8
5245	8
5246	8
5247	8
5248	8
5249	8
5250	8
5251	8
5252	8
5253	8
5254	8
5255	8
5256	8
5257	8
5258	8
5259	8
5260	8
5261	8
5262	8
5263	8
5264	8
5265	8
5266	8
5267	8
5268	8
5269	8
5270	8
5271	8
5272	8
5273	8
5274	8
5275	8
5276	8
5277	8
5278	8
5279	8
5280	8
5281	8
5282	8
5283	8
5284	8
5285	8
5286	8
5287	8
5288	8
5289	8
5290	8
5291	8
5292	8
5293	8
5294	8
5295	8
5296	8
5297	8
5298	8
5299	8
5300	8
5301	8
5302	8
5303	8
5304	8
5305	8
5306	8
5307	8
5308	8
5309	8
5310	8
5311	8
5312	8
5313	8
5314	8
5315	8
5316	8
5317	8
5318	8
5319	8
5320	8
5321	8
5322	8
5323	8
5324	8
5325	8
5326	8
5327	8
5328	8
5329	8
5330	8
5331	8
5332	8
5333	8
5334	8
5335	8
5336	8
5337	8
5338	8
5339	8
5340	8
5341	8
5342	8
5343	8
5344	8
5345	8
5346	8
5347	8
5348	8
5349	8
5350	8
5351	8
5352	8
5353	8
5354	8
5355	8
5356	8
5357	8
5358	8
5359	8
5360	8
5361	8
5362	8
5363	8
5364	8
5365	8
5366	8
5367	8
5368	8
5369	8
5370	8
5371	8
5372	8
5373	8
5374	8
5375	8
5376	8
5377	8
5378	8
5379	8
5380	8
5381	8
5382	8
5383	8
5384	8
5385	8
5386	8
5387	8
5388	8
5389	8
5390	8
5391	8
5392	8
5393	8
5394	8
5395	9
5396	9
5397	9
5398	9
5399	9
5400	9
5401	9
5402	9
5403	9
5404	9
5405	9
5406	9
5407	9
5408	9
5409	9
5410	9
5411	9
5412	9
5413	9
5414	9
5415	9
5416	9
5417	9
5418	9
5419	9
5420	9
5421	9
5422	9
5423	9
5424	9
5425	9
5426	9
5427	9
5428	9
5429	9
5430	9
5431	9
5432	9
5433	9
5434	9
5435	9
5436	9
5437	9
5438	9
5439	9
5440	9
5441	9
5442	9
5443	9
5444	9
5445	9
5446	9
5447	9
5448	9
5449	9
5450	9
5451	9
5452	9
5453	9
5454	9
5455	9
5456	9
5457	9
5458	9
5459	9
5460	9
5461	9
5462	9
5463	9
5464	9
5465	9
5466	9
5467	9
5468	9
5469	9
5470	9
5471	9
5472	9
5473	9
5474	9
5475	9
5476	9
5477	9
5478	9
5479	9
5480	9
5481	9
5482	10
5483	10
5484	10
5485	10
5486	10
5487	10
5488	10
5489	10
5490	10
5491	10
5492	10
5493	10
5494	10
5495	10
5496	10
5497	10
5498	10
5499	10
5500	10
5501	10
5502	10
5503	10
5504	10
5505	10
5506	10
5507	10
5508	10
5509	10
5510	10
5511	10
5512	10
5513	10
5514	10
5515	10
5516	10
5517	10
5518	10
5519	10
5520	10
5521	10
5522	10
5523	10
5524	10
5525	10
5526	10
5527	10
5528	10
5529	10
5530	10
5531	10
5532	10
5533	10
5534	10
5535	10
5536	10
5537	10
5538	10
5539	10
5540	10
5541	10
5542	10
5543	10
5544	10
5545	10
5546	10
5547	10
5548	10
5549	10
5550	10
5551	10
5552	10
5553	10
5554	10
5555	10
5556	10
5557	10
5558	10
5559	10
5560	10
5561	10
5562	10
5563	10
5564	10
5565	10
5566	10
5567	10
5568	10
5569	10
5570	10
5571	10
5572	10
5573	10
5574	10
5575	10
5576	10
5577	10
5578	10
5579	10
5580	10
5581	10
5582	10
5583	10
5584	10
5585	10
5586	10
5587	10
5588	10
5589	10
5590	10
5591	10
5592	10
5593	10
5594	10
5595	10
5596	10
5597	10
5598	10
5599	10
5600	10
5601	10
5602	10
5603	10
5604	10
5605	10
5606	10
5607	10
5608	10
5609	10
5610	10
5611	10
5612	10
5613	10
5614	10
5615	10
5616	10
5617	10
5618	10
5619	10
5620	10
5621	10
5622	10
5623	10
5624	10
5625	10
5626	10
5627	10
5628	10
5629	10
5630	10
5631	10
5632	10
5633	10
5634	10
5635	10
5636	10
5637	10
5638	10
5639	10
5640	10
5641	10
5642	10
5643	10
5644	10
5645	10
5646	10
5647	10
5648	10
5649	10
5650	10
5651	10
5652	10
5653	10
5654	10
5655	10
5656	10
5657	10
5658	10
5659	10
5660	10
5661	10
5662	10
5663	10
5664	10
5665	10
5666	10
5667	10
5668	10
5669	10
5670	10
5671	10
5672	10
5673	10
5674	10
5675	10
5676	10
5677	10
5678	10
5679	10
5680	10
5681	10
5682	10
5683	10
5684	10
5685	10
5686	10
5687	10
5688	10
5689	10
5690	10
5691	10
5692	10
5693	10
5694	10
5695	10
5696	10
5697	10
5698	10
5699	10
5700	10
5701	10
5702	10
5703	10
5704	10
5705	10
5706	10
5707	10
5708	10
5709	10
5710	10
5711	10
5712	10
5713	10
5714	10
5715	10
5716	10
5717	10
5718	10
5719	10
5720	10
5721	10
5722	10
5723	10
5724	10
5725	10
5726	10
5727	10
5728	10
5729	10
5730	10
5731	10
5732	10
5733	10
5734	10
5735	10
5736	10
5737	10
5738	10
5739	10
5740	10
5741	10
5742	10
5743	10
5744	10
5745	10
5746	10
5747	10
5748	10
5749	10
5750	10
5751	10
5752	10
5753	10
5754	10
5755	10
5756	10
5757	10
5758	10
5759	10
5760	10
5761	10
5762	10
5763	10
5764	10
5765	10
5766	10
5767	10
5768	10
5769	10
5770	10
5771	10
5772	10
5773	10
5774	10
5775	10
5776	10
5777	10
5778	10
5779	10
5780	10
5781	10
5782	10
5783	10
5784	10
5785	10
5786	10
5787	10
5788	10
5789	10
5790	10
5791	10
5792	10
5793	10
5794	10
5795	10
5796	10
5797	10
5798	10
5799	10
5800	10
5801	10
5802	10
5803	10
5804	10
5805	10
5806	10
5807	10
5808	10
5809	10
5810	10
5811	10
5812	10
5813	10
5814	10
5815	10
5816	10
5817	10
5818	10
5819	10
5820	10
5821	10
5822	10
5823	10
5824	10
5825	10
5826	10
5827	10
5828	10
5829	10
5830	10
5831	10
5832	10
5833	10
5834	10
5835	10
5836	10
5837	10
5838	10
5839	10
5840	10
5841	10
5842	10
5843	10
5844	10
5845	10
5846	10
5847	10
5848	10
5849	10
5850	10
5851	10
5852	10
5853	10
5854	10
5855	10
5856	10
5857	10
5858	10
5859	10
5860	10
5861	10
5862	10
5863	10
5864	10
5865	10
5866	10
5867	10
5868	10
5869	10
5870	10
5871	10
5872	10
5873	10
5874	10
5875	10
5876	10
5877	10
5878	10
5879	10
5880	10
5881	10
5882	10
5883	10
5884	10
5885	10
5886	10
5887	10
5888	10
5889	10
5890	10
5891	10
5892	10
5893	10
5894	10
5895	10
5896	10
5897	10
5898	10
5899	10
5900	10
5901	10
5902	10
5903	10
5904	10
5905	10
5906	10
5907	10
5908	10
5909	10
5910	10
5911	10
5912	10
5913	10
5914	10
5915	10
5916	10
5917	10
5918	10
5919	10
5920	10
5921	10
5922	10
5923	10
5924	10
5925	10
5926	10
5927	10
5928	10
5929	10
5930	10
5931	10
5932	10
5933	10
5934	10
5935	10
5936	11
5937	11
5938	11
5939	11
5940	11
5941	11
5942	11
5943	11
5944	11
5945	11
5946	11
5947	11
5948	11
5949	11
5950	11
5951	11
5952	11
5953	11
5954	11
5955	11
5956	11
5957	11
5958	11
5959	11
5960	11
5961	11
5962	11
5963	11
5964	11
5965	11
5966	11
5967	11
5968	11
5969	11
5970	11
5971	11
5972	11
5973	11
5974	11
5975	11
5976	11
5977	11
5978	11
5979	11
5980	11
5981	11
5982	11
5983	11
5984	11
5985	11
5986	11
5987	11
5988	11
5989	11
5990	11
5991	11
5992	11
5993	11
5994	11
5995	11
5996	11
5997	11
5998	11
5999	11
6000	11
6001	11
6002	11
6003	11
6004	11
6005	11
6006	11
6007	11
6008	11
6009	11
6010	11
6011	11
6012	11
6013	11
6014	11
6015	11
6016	11
6017	11
6018	11
6019	11
6020	11
6021	11
6022	11
6023	11
6024	11
6025	11
6026	11
6027	11
6028	11
6029	11
6030	11
6031	11
6032	11
6033	11
6034	11
6035	11
6036	11
6037	11
6038	11
6039	12
6040	12
6041	12
6042	12
6043	12
6044	12
6045	12
6046	12
6047	12
6048	12
6049	12
6050	12
6051	12
6052	12
6053	12
6054	12
6055	12
6056	12
6057	12
6058	12
6059	12
6060	12
6061	12
6062	12
6063	12
6064	12
6065	12
6066	12
6067	12
6068	12
6069	12
6070	12
6071	12
6072	12
6073	12
6074	12
6075	12
6076	12
6077	12
6078	12
6079	12
6080	12
6081	12
6082	12
6083	12
6084	12
6085	12
6086	12
6087	12
6088	12
6089	12
6090	12
6091	12
6092	12
6093	12
6094	12
6095	12
6096	12
6097	12
6098	12
6099	12
6100	12
6101	12
6102	12
6103	12
6104	12
6105	12
6106	12
6107	12
6108	12
6109	12
6110	12
6111	12
6112	12
6113	12
6114	12
6115	12
6116	12
6117	12
6118	12
6119	12
6120	12
6121	12
6122	12
6123	12
6124	12
6125	12
6126	12
6127	12
6128	12
6129	12
6130	12
6131	12
6132	12
6133	12
6134	12
6135	12
6136	12
6137	12
6138	12
6139	12
6140	12
6141	12
6142	12
6143	12
6144	12
6145	12
6146	12
6147	12
6148	12
6149	12
6150	12
6151	12
6152	12
6153	12
6154	12
6155	12
6156	12
6157	12
6158	12
6159	12
6160	12
6161	13
6162	13
6163	13
6164	13
6165	13
6166	13
6167	13
6168	13
6169	13
6170	13
6171	13
6172	13
6173	13
6174	13
6175	13
6176	13
6177	13
6178	13
6179	13
6180	13
6181	13
6182	13
6183	13
6184	13
6185	13
6186	13
6187	13
6188	13
6189	13
6190	13
6191	13
6192	13
6193	13
6194	13
6195	13
6196	13
6197	13
6198	13
6199	13
6200	13
6201	13
6202	13
6203	13
6204	13
6205	13
6206	13
6207	13
6208	13
6209	13
6210	13
6211	13
6212	13
6213	13
6214	13
6215	13
6216	13
6217	13
6218	13
6219	13
6220	13
6221	13
6222	13
6223	13
6224	13
6225	13
6226	13
6227	13
6228	13
6229	13
6230	13
6231	13
6232	13
6233	13
6234	13
6235	13
6236	13
6237	13
6238	13
6239	13
6240	13
6241	13
6242	13
6243	13
6244	13
6245	14
6246	14
6247	14
6248	14
6249	14
6250	14
6251	14
6252	14
6253	14
6254	14
6255	14
6256	14
6257	14
6258	14
6259	14
6260	14
6261	14
6262	14
6263	14
6264	14
6265	14
6266	14
6267	14
6268	14
6269	14
6270	14
6271	14
6272	14
6273	14
6274	14
6275	14
6276	14
6277	14
6278	14
6279	14
6280	14
6281	14
6282	14
6283	14
6284	14
6285	14
6286	14
6287	14
6288	14
6289	14
6290	14
6291	14
6292	14
6293	14
6294	14
6295	14
6296	14
6297	14
6298	14
6299	14
6300	14
6301	14
6302	14
6303	14
6304	14
6305	14
6306	14
6307	14
6308	14
6309	14
6310	14
6311	14
6312	14
6313	14
6314	14
6315	14
6316	14
6317	14
6318	14
6319	14
6320	14
6321	14
6322	14
6323	14
6324	14
6325	14
6326	14
6327	14
6328	14
6329	14
6330	14
6331	14
6332	14
6333	14
6334	14
6335	14
6336	14
6337	14
6338	14
6339	14
6340	14
6341	14
6342	14
6343	14
6344	14
6345	14
6346	14
6347	14
6348	14
6349	14
6350	14
6351	14
6352	14
6353	14
6354	14
6355	14
6356	14
6357	14
6358	14
6359	14
6360	14
6361	14
6362	14
6363	14
6364	14
6365	14
6366	14
6367	14
6368	14
6369	14
6370	14
6371	14
6372	14
6373	14
6374	14
6375	14
6376	14
6377	14
6378	14
6379	14
6380	14
6381	14
6382	14
6383	14
6384	14
6385	14
6386	14
6387	14
6388	14
6389	14
6390	14
6391	14
6392	14
6393	14
6394	14
6395	14
6396	14
6397	14
6398	14
6399	14
6400	14
6401	14
6402	14
6403	14
6404	14
6405	14
6406	14
6407	15
6408	15
6409	15
6410	15
6411	15
6412	15
6413	15
6414	15
6415	15
6416	15
6417	15
6418	15
6419	15
6420	15
6421	15
6422	15
6423	15
6424	15
6425	15
6426	15
6427	15
6428	15
6429	15
6430	15
6431	15
6432	15
6433	15
6434	15
6435	15
6436	15
6437	15
6438	15
6439	15
6440	15
6441	15
6442	15
6443	15
6444	15
6445	15
6446	15
6447	15
6448	15
6449	15
6450	15
6451	15
6452	15
6453	15
6454	15
6455	15
6456	15
6457	15
6458	16
6459	16
6460	16
6461	16
6462	16
6463	16
6464	16
6465	16
6466	16
6467	16
6468	16
6469	16
6470	16
6471	16
6472	16
6473	16
6474	16
6475	16
6476	16
6477	16
6478	16
6479	16
6480	16
6481	16
6482	16
6483	16
6484	16
6485	16
6486	16
6487	16
6488	16
6489	16
6490	16
6491	16
6492	16
6493	16
6494	16
6495	17
6496	17
6497	17
6498	17
6499	17
6500	17
6501	17
6502	17
6503	17
6504	17
6505	17
6506	17
6507	17
6508	17
6509	17
6510	17
6511	17
6512	17
6513	17
6514	17
6515	17
6516	17
6517	17
6518	17
6519	17
6520	17
6521	17
6522	17
6523	17
6524	17
6525	17
6526	17
6527	17
6528	17
6529	17
6530	17
6531	17
6532	17
6533	17
6534	17
6535	17
6536	17
6537	17
6538	17
6539	17
6540	17
6541	17
6542	17
6543	17
6544	17
6545	17
6546	17
6547	17
6548	17
6549	17
6550	17
6551	17
6552	17
6553	17
6554	17
6555	17
6556	17
6557	17
6558	17
6559	17
6560	17
6561	17
6562	17
6563	17
6564	17
6565	17
6566	17
6567	17
6568	17
6569	17
6570	17
6571	17
6572	17
6573	17
6574	17
6575	17
6576	17
6577	17
6578	17
6579	17
6580	17
6581	17
6582	17
6583	17
6584	17
6585	17
6586	17
6587	17
6588	17
6589	17
6590	17
6591	17
6592	17
6593	17
6594	17
6595	17
6596	17
6597	17
6598	17
6599	17
6600	17
6601	17
6602	17
6603	17
6604	17
6605	17
6606	17
6607	17
6608	17
6609	17
6610	17
6611	17
6612	17
6613	17
6614	17
6615	17
6616	17
6617	17
6618	17
6619	17
6620	17
6621	17
6622	17
6623	17
6624	17
6625	17
6626	17
6627	17
6628	17
6629	17
6630	17
6631	17
6632	17
6633	17
6634	17
6635	18
6636	18
6637	18
6638	18
6639	18
6640	18
6641	18
6642	18
6643	18
6644	18
6645	18
6646	18
6647	18
6648	18
6649	18
6650	18
6651	18
6652	18
6653	18
6654	18
6655	18
6656	18
6657	18
6658	18
6659	18
6660	18
6661	18
6662	18
6663	18
6664	18
6665	18
6666	18
6667	18
6668	18
6669	18
6670	18
6671	18
6672	18
6673	18
6674	18
6675	18
6676	18
6677	18
6678	18
6679	18
6680	18
6681	18
6682	18
6683	18
6684	18
6685	18
6686	18
6687	18
6688	18
6689	18
6690	18
6691	18
6692	18
6693	18
6694	18
6695	18
6696	18
6697	18
6698	18
6699	18
6700	18
6701	18
6702	18
6703	18
6704	18
6705	18
6706	18
6707	18
6708	18
6709	18
6710	18
6711	18
6712	18
6713	18
6714	18
6715	18
6716	18
6717	18
6718	18
6719	18
6720	18
6721	18
6722	18
6723	18
6724	18
6725	18
6726	18
6727	18
6728	18
6729	18
6730	18
6731	18
6732	18
6733	18
6734	18
6735	18
6736	18
6737	18
6738	18
6739	18
6740	18
6741	18
6742	18
6743	18
6744	18
6745	18
6746	18
6747	18
6748	18
6749	18
6750	18
6751	18
6752	18
6753	18
6754	18
6755	18
6756	18
6757	18
6758	18
6759	18
6760	18
6761	18
6762	18
6763	18
6764	18
6765	18
6766	18
6767	18
6768	18
6769	18
6770	18
6771	18
6772	18
6773	18
6774	18
6775	18
6776	18
6777	18
6778	18
6779	18
6780	18
6781	18
6782	18
6783	18
6784	18
6785	18
6786	18
6787	18
6788	18
6789	18
6790	18
6791	18
6792	18
6793	18
6794	18
6795	18
6796	18
6797	18
6798	18
6799	18
6800	18
6801	18
6802	18
6803	18
6804	18
6805	18
6806	19
6807	19
6808	19
6809	19
6810	19
6811	19
6812	19
6813	19
6814	19
6815	19
6816	19
6817	19
6818	19
6819	19
6820	19
6821	19
6822	19
6823	19
6824	19
6825	19
6826	19
6827	19
6828	19
6829	19
6830	19
6831	19
6832	19
6833	19
6834	19
6835	19
6836	19
6837	19
6838	19
6839	19
6840	19
6841	19
6842	19
6843	19
6844	19
6845	19
6846	19
6847	19
6848	19
6849	19
6850	19
6851	19
6852	19
6853	19
6854	19
6855	19
6856	19
6857	19
6858	19
6859	19
6860	19
6861	19
6862	19
6863	19
6864	19
6865	19
6866	19
6867	19
6868	19
6869	19
6870	19
6871	19
6872	19
6873	19
6874	19
6875	19
6876	19
6877	19
6878	19
6879	19
6880	19
6881	19
6882	19
6883	19
6884	19
6885	19
6886	19
6887	19
6888	19
6889	19
6890	19
6891	19
6892	19
6893	19
6894	19
6895	19
6896	19
6897	19
6898	19
6899	19
6900	19
6901	19
6902	19
6903	19
6904	19
6905	19
6906	19
6907	19
6908	19
6909	19
6910	19
6911	19
6912	19
6913	19
6914	19
6915	19
6916	19
6917	19
6918	19
6919	19
6920	19
6921	19
6922	19
6923	19
6924	19
6925	19
6926	20
6927	20
6928	20
6929	20
6930	20
6931	20
6932	20
6933	20
6934	20
6935	20
6936	20
6937	20
6938	20
6939	20
6940	20
6941	20
6942	20
6943	20
6944	20
6945	20
6946	20
6947	20
6948	20
6949	20
6950	20
6951	20
6952	20
6953	20
6954	20
6955	20
6956	20
6957	20
6958	20
6959	20
6960	20
6961	20
6962	20
6963	20
6964	20
6965	20
6966	20
6967	20
6968	20
6969	20
6970	20
6971	20
6972	20
6973	20
6974	20
6975	20
6976	20
6977	20
6978	20
6979	20
6980	20
6981	20
6982	20
6983	20
6984	20
6985	20
6986	20
6987	20
6988	20
6989	20
6990	20
6991	20
6992	20
6993	20
6994	20
6995	20
6996	20
6997	20
6998	20
6999	20
7000	20
7001	20
7002	20
7003	20
7004	20
7005	20
7006	20
7007	20
7008	20
7009	20
7010	20
7011	20
7012	20
7013	20
7014	20
7015	20
7016	20
7017	20
7018	20
7019	20
7020	20
7021	20
7022	20
7023	20
7024	20
7025	20
7026	20
7027	20
7028	20
7029	20
7030	20
7031	20
7032	20
7033	20
7034	20
7035	20
7036	20
7037	20
7038	20
7039	20
7040	20
7041	20
7042	20
7043	20
7044	20
7045	20
7046	20
7047	20
7048	20
7049	20
7050	20
7051	20
7052	20
7053	20
7054	20
7055	20
7056	20
7057	20
7058	20
7059	20
7060	20
7061	20
7062	20
7063	20
7064	20
7065	20
7066	20
7067	20
7068	20
7069	20
7070	20
7071	20
7072	20
7073	20
7074	20
7075	20
7076	20
7077	20
7078	20
7079	20
7080	20
7081	20
7082	20
7083	20
7084	20
7085	20
7086	20
7087	20
7088	20
7089	20
7090	20
7091	20
7092	20
7093	20
7094	20
7095	20
7096	20
7097	20
7098	20
7099	20
7100	20
7101	20
7102	20
7103	20
7104	20
7105	20
7106	20
7107	20
7108	20
7109	20
7110	20
7111	20
7112	20
7113	20
7114	20
7115	20
7116	20
7117	20
7118	20
7119	20
7120	20
7121	20
7122	20
7123	20
7124	20
7125	20
7126	20
7127	20
7128	20
7129	20
7130	20
7131	20
7132	20
7133	20
7134	20
7135	20
7136	20
7137	20
7138	20
7139	20
7140	20
7141	20
7142	20
7143	20
7144	20
7145	20
7146	20
7147	20
7148	20
7149	20
7150	20
7151	20
7152	20
7153	20
7154	20
7155	20
7156	20
7157	20
7158	20
7159	20
7160	20
7161	20
7162	20
7163	20
7164	20
7165	20
7166	20
7167	20
7168	20
7169	20
7170	20
7171	20
7172	20
7173	20
7174	20
7175	20
7176	20
7177	20
7178	20
7179	20
7180	20
7181	20
7182	20
7183	20
7184	20
7185	20
7186	20
7187	20
7188	20
7189	20
7190	20
7191	20
7192	20
7193	20
7194	20
7195	20
7196	20
7197	20
7198	20
7199	20
7200	20
7201	20
7202	20
7203	20
7204	20
7205	20
7206	20
7207	20
7208	20
7209	20
7210	20
7211	20
7212	20
7213	20
7214	20
7215	20
7216	20
7217	20
7218	20
7219	20
7220	20
7221	20
7222	20
7223	20
7224	20
7225	20
7226	20
7227	20
7228	20
7229	20
7230	20
7231	20
7232	20
7233	20
7234	20
7235	20
7236	20
7237	20
7238	20
7239	20
7240	20
7241	20
7242	20
7243	20
7244	20
7245	20
7246	20
7247	20
7248	20
7249	20
7250	20
7251	20
7252	20
7253	20
7254	20
7255	20
7256	20
7257	20
7258	20
7259	20
7260	20
7261	20
7262	20
7263	20
7264	20
7265	20
7266	20
7267	20
7268	20
7269	20
7270	20
7271	20
7272	20
7273	20
7274	20
7275	20
7276	20
7277	20
7278	20
7279	20
7280	20
7281	20
7282	20
7283	20
7284	20
7285	20
7286	20
7287	20
7288	20
7289	20
7290	20
7291	20
7292	20
7293	21
7294	21
7295	21
7296	21
7297	21
7298	21
7299	21
7300	21
7301	21
7302	21
7303	21
7304	21
7305	21
7306	21
7307	21
7308	21
7309	21
7310	21
7311	21
7312	21
7313	21
7314	21
7315	21
7316	21
7317	21
7318	21
7319	21
7320	21
7321	21
7322	21
7323	21
7324	21
7325	21
7326	21
7327	21
7328	21
7329	21
7330	21
7331	21
7332	21
7333	21
7334	21
7335	21
7336	21
7337	21
7338	21
7339	21
7340	21
7341	21
7342	21
7343	21
7344	21
7345	21
7346	21
7347	21
7348	21
7349	21
7350	21
7351	21
7352	21
7353	21
7354	21
7355	21
7356	21
7357	21
7358	21
7359	21
7360	21
7361	21
7362	21
7363	21
7364	21
7365	21
7366	21
7367	21
7368	21
7369	21
7370	21
7371	21
7372	21
7373	21
7374	21
7375	21
7376	21
7377	21
7378	21
7379	21
7380	21
7381	21
7382	21
7383	21
7384	21
7385	21
7386	21
7387	21
7388	21
7389	21
7390	21
7391	21
7392	21
7393	21
7394	21
7395	21
7396	21
7397	21
7398	21
7399	21
7400	21
7401	21
7402	21
7403	21
7404	21
7405	21
7406	21
7407	21
7408	21
7409	21
7410	21
7411	21
7412	21
7413	21
7414	21
7415	21
7416	21
7417	21
7418	21
7419	21
7420	21
7421	21
7422	21
7423	21
7424	21
7425	21
7426	21
7427	21
7428	21
7429	21
7430	21
7431	21
7432	21
7433	21
7434	21
7435	21
7436	21
7437	21
7438	21
7439	21
7440	21
7441	21
7442	21
7443	21
7444	21
7445	21
7446	21
7447	21
7448	21
7449	21
7450	21
7451	21
7452	21
7453	21
7454	21
7455	21
7456	21
7457	21
7458	21
7459	21
7460	21
7461	21
7462	21
7463	21
7464	21
7465	21
7466	21
7467	21
7468	21
7469	21
7470	21
7471	21
7472	21
7473	21
7474	21
7475	21
7476	21
7477	21
7478	21
7479	21
7480	21
7481	21
7482	21
7483	21
7484	21
7485	21
7486	21
7487	21
7488	21
7489	21
7490	21
7491	21
7492	21
7493	21
7494	21
7495	21
7496	21
7497	21
7498	21
7499	21
7500	21
7501	21
7502	21
7503	21
7504	21
7505	21
7506	21
7507	21
7508	21
7509	21
7510	21
7511	21
7512	21
7513	21
7514	21
7515	21
7516	21
7517	21
7518	21
7519	21
7520	21
7521	21
7522	21
7523	21
7524	21
7525	21
7526	21
7527	21
7528	21
7529	21
7530	21
7531	21
7532	21
7533	21
7534	21
7535	21
7536	21
7537	21
7538	21
7539	21
7540	21
7541	21
7542	21
7543	21
7544	21
7545	21
7546	21
7547	21
7548	21
7549	21
7550	21
7551	21
7552	21
7553	21
7554	21
7555	21
7556	21
7557	21
7558	21
7559	21
7560	21
7561	21
7562	21
7563	21
7564	21
7565	21
7566	21
7567	21
7568	21
7569	21
7570	21
7571	21
7572	21
7573	21
7574	21
7575	21
7576	21
7577	21
7578	21
7579	21
7580	21
7581	21
7582	21
7583	21
7584	21
7585	21
7586	21
7587	21
7588	21
7589	21
7590	21
7591	21
7592	21
7593	21
7594	21
7595	21
7596	21
7597	21
7598	21
7599	21
7600	21
7601	21
7602	21
7603	21
7604	21
7605	21
7606	21
7607	21
7608	21
7609	21
7610	21
7611	21
7612	21
7613	21
7614	21
7615	21
7616	22
7617	22
7618	22
7619	22
7620	22
7621	22
7622	22
7623	22
7624	22
7625	22
7626	22
7627	22
7628	22
7629	22
7630	22
7631	22
7632	22
7633	22
7634	22
7635	22
7636	22
7637	22
7638	22
7639	22
7640	22
7641	22
7642	22
7643	22
7644	22
7645	22
7646	22
7647	22
7648	22
7649	22
7650	22
7651	22
7652	22
7653	22
7654	22
7655	22
7656	22
7657	22
7658	22
7659	22
7660	22
7661	22
7662	22
7663	22
7664	22
7665	22
7666	22
7667	22
7668	22
7669	22
7670	22
7671	22
7672	22
7673	22
7674	22
7675	22
7676	22
7677	22
7678	22
7679	22
7680	22
7681	22
7682	22
7683	22
7684	22
7685	22
7686	22
7687	23
7688	23
7689	23
7690	23
7691	23
7692	23
7693	23
7694	23
7695	23
7696	23
7697	23
7698	23
7699	23
7700	23
7701	23
7702	23
7703	23
7704	23
7705	23
7706	23
7707	23
7708	23
7709	23
7710	23
7711	24
7712	24
7713	24
7714	24
7715	24
7716	24
7717	24
7718	24
7719	24
7720	24
7721	24
7722	24
7723	24
7724	24
7725	24
7726	24
7727	24
7728	24
7729	24
7730	24
7731	24
7732	24
7733	24
7734	24
7735	24
7736	24
7737	24
7738	24
7739	24
7740	24
7741	24
7742	24
7743	24
7744	24
7745	24
7746	24
7747	24
7748	24
7749	24
7750	24
7751	24
7752	24
7753	24
7754	24
7755	24
7756	24
7757	24
7758	24
7759	24
7760	24
7761	24
7762	24
7763	24
7764	24
7765	24
7766	24
7767	24
7768	24
7769	24
7770	24
7771	24
7772	24
7773	24
7774	24
7775	24
7776	24
7777	24
7778	24
7779	24
7780	24
7781	24
7782	24
7783	24
7784	24
7785	24
7786	24
7787	24
7788	24
7789	24
7790	24
7791	24
7792	24
7793	24
7794	24
7795	24
7796	24
7797	24
7798	24
7799	24
7800	24
7801	24
7802	24
7803	24
7804	24
7805	24
7806	24
7807	24
7808	24
7809	24
7810	24
7811	24
7812	24
7813	24
7814	24
7815	24
7816	24
7817	24
7818	24
7819	24
7820	24
7821	24
7822	24
7823	24
7824	24
7825	24
7826	24
7827	24
7828	24
7829	24
7830	24
7831	24
7832	24
7833	24
7834	24
7835	24
7836	24
7837	24
7838	24
7839	24
7840	24
7841	24
7842	24
7843	24
7844	24
7845	24
7846	24
7847	24
7848	24
7849	24
7850	24
7851	24
7852	24
7853	24
7854	24
7855	25
7856	25
7857	25
7858	25
7859	25
7860	25
7861	25
7862	25
7863	25
7864	25
7865	25
7866	26
7867	26
7868	26
7869	26
7870	26
7871	26
7872	26
7873	26
7874	26
7875	26
7876	26
7877	26
7878	26
7879	26
7880	26
7881	26
7882	26
7883	26
7884	26
7885	26
7886	26
7887	26
7888	26
7889	26
7890	26
7891	26
7892	26
7893	26
7894	26
7895	26
7896	26
7897	26
7898	26
7899	26
7900	26
7901	26
7902	26
7903	26
7904	26
7905	26
7906	26
7907	26
7908	26
7909	26
7910	26
7911	26
7912	26
7913	26
7914	26
7915	26
7916	26
7917	26
7918	26
7919	26
7920	26
7921	26
7922	26
7923	26
7924	26
7925	26
7926	26
7927	26
7928	26
7929	26
7930	26
7931	26
7932	26
7933	26
7934	26
7935	26
7936	26
7937	26
7938	26
7939	26
7940	26
7941	26
7942	26
7943	26
7944	26
7945	26
7946	26
7947	26
7948	26
7949	26
7950	26
7951	26
7952	26
7953	26
7954	26
7955	26
7956	26
7957	26
7958	26
7959	26
7960	27
7961	27
7962	27
7963	27
7964	27
7965	27
7966	27
7967	27
7968	27
7969	27
7970	27
7971	27
7972	27
7973	27
7974	27
7975	27
7976	27
7977	27
7978	27
7979	27
7980	27
7981	27
7982	27
7983	27
7984	27
7985	27
7986	27
7987	27
7988	27
7989	27
7990	27
7991	27
7992	27
7993	27
7994	27
7995	27
7996	27
7997	27
7998	27
7999	27
8000	27
8001	27
8002	27
8003	27
8004	27
8005	27
8006	27
8007	27
8008	27
8009	27
8010	27
8011	27
8012	27
8013	27
8014	27
8015	27
8016	27
8017	27
8018	27
8019	27
8020	27
8021	27
8022	27
8023	27
8024	27
8025	27
8026	27
8027	27
8028	27
8029	27
8030	27
8031	27
8032	27
8033	27
8034	27
8035	27
8036	27
8037	27
8038	27
8039	27
8040	27
8041	27
8042	27
8043	27
8044	27
8045	27
8046	27
8047	27
8048	27
8049	27
8050	27
8051	27
8052	27
8053	27
8054	27
8055	27
8056	27
8057	27
8058	27
8059	27
8060	27
8061	27
8062	27
8063	27
8064	27
8065	27
8066	27
8067	27
8068	27
8069	27
8070	27
8071	27
8072	27
8073	27
8074	27
8075	27
8076	27
8077	27
8078	27
8079	27
8080	27
8081	27
8082	27
8083	27
8084	27
8085	27
8086	27
8087	27
8088	27
8089	27
8090	27
8091	27
8092	27
8093	27
8094	27
8095	27
8096	27
8097	27
8098	27
8099	27
8100	27
8101	27
8102	27
8103	27
8104	27
8105	27
8106	27
8107	27
8108	28
8109	28
8110	28
8111	28
8112	28
8113	28
8114	28
8115	28
8116	28
8117	28
8118	28
8119	28
8120	28
8121	29
8122	29
8123	29
8124	29
8125	29
8126	29
8127	29
8128	29
8129	29
8130	29
8131	29
8132	29
8133	29
8134	29
8135	29
8136	29
8137	29
8138	29
8139	29
8140	29
8141	29
8142	29
8143	29
8144	29
8145	29
8146	29
8147	29
8148	29
8149	29
8150	29
8151	29
8152	29
8153	29
8154	29
8155	29
8156	29
8157	29
8158	29
8159	30
8160	30
8161	30
8162	30
8163	30
8164	30
8165	30
8166	30
8167	30
8168	30
8169	30
8170	30
8171	30
8172	30
8173	30
8174	30
8175	30
8176	30
8177	30
8178	30
8179	30
8180	30
8181	30
8182	30
8183	30
8184	30
8185	30
8186	30
8187	30
8188	30
8189	30
8190	30
8191	30
8192	30
8193	30
8194	30
8195	30
8196	30
8197	30
8198	30
8199	30
8200	30
8201	30
8202	30
8203	30
8204	30
8205	30
8206	30
8207	30
8208	30
8209	30
8210	30
8211	30
8212	30
8213	30
8214	30
8215	30
8216	30
8217	30
8218	30
8219	30
8220	30
8221	30
8222	30
8223	30
8224	30
8225	30
8226	30
8227	30
8228	30
8229	30
8230	30
8231	30
8232	30
8233	30
8234	30
8235	30
8236	30
8237	30
8238	30
8239	30
8240	30
8241	30
8242	30
8243	30
8244	30
8245	30
8246	30
8247	30
8248	30
8249	30
8250	30
8251	30
8252	30
8253	30
8254	30
8255	30
8256	30
8257	30
8258	30
8259	30
8260	30
8261	30
8262	30
8263	30
8264	30
8265	30
8266	30
8267	30
8268	30
8269	30
8270	30
8271	30
8272	30
8273	30
8274	30
8275	30
8276	30
8277	30
8278	30
8279	30
8280	30
8281	30
8282	30
8283	30
8284	30
8285	30
8286	30
8287	30
8288	30
8289	30
8290	30
8291	30
8292	30
8293	30
8294	30
8295	30
8296	30
8297	30
8298	30
8299	30
8300	30
8301	30
8302	30
8303	30
8304	30
8305	30
8306	30
8307	30
8308	30
8309	30
8310	30
8311	30
8312	30
8313	30
8314	30
8315	30
8316	30
8317	30
8318	30
8319	30
8320	30
8321	30
8322	30
8323	30
8324	30
8325	30
8326	30
8327	30
8328	30
8329	30
8330	30
8331	30
8332	30
8333	30
8334	30
8335	30
8336	30
8337	30
8338	30
8339	30
8340	30
8341	30
8342	30
8343	30
8344	30
8345	30
8346	30
8347	30
8348	30
8349	30
8350	30
8351	30
8352	30
8353	30
8354	30
8355	30
8356	30
8357	30
8358	30
8359	30
8360	30
8361	30
8362	30
8363	30
8364	30
8365	30
8366	30
8367	30
8368	30
8369	30
8370	30
8371	30
8372	30
8373	30
8374	30
8375	30
8376	30
8377	30
8378	30
8379	30
8380	30
8381	30
8382	30
8383	30
8384	30
8385	30
8386	30
8387	30
8388	30
8389	30
8390	30
8391	30
8392	30
8393	30
8394	30
8395	30
8396	30
8397	30
8398	30
8399	30
8400	30
8401	30
8402	30
8403	30
8404	30
8405	30
8406	30
8407	30
8408	30
8409	30
8410	30
8411	30
8412	30
8413	30
8414	30
8415	30
8416	30
8417	30
8418	30
8419	30
8420	30
8421	30
8422	30
8423	30
8424	30
8425	30
8426	30
8427	30
8428	30
8429	30
8430	30
8431	30
8432	30
8433	30
8434	30
8435	30
8436	30
8437	30
8438	30
8439	30
8440	30
8441	30
8442	30
8443	30
8444	30
8445	30
8446	30
8447	30
8448	30
8449	30
8450	30
8451	30
8452	30
8453	30
8454	30
8455	30
8456	30
8457	30
8458	30
8459	30
8460	30
8461	30
8462	30
8463	30
8464	30
8465	30
8466	30
8467	30
8468	30
8469	30
8470	30
8471	30
8472	30
8473	30
8474	30
8475	30
8476	30
8477	30
8478	30
8479	30
8480	30
8481	30
8482	30
8483	30
8484	30
8485	30
8486	30
8487	30
8488	30
8489	30
8490	30
8491	30
8492	30
8493	30
8494	30
8495	30
8496	30
8497	30
8498	30
8499	30
8500	30
8501	30
8502	30
8503	30
8504	30
8505	30
8506	30
8507	30
8508	30
8509	30
8510	30
8511	30
8512	30
8513	30
8514	30
8515	30
8516	30
8517	30
8518	30
8519	30
8520	30
8521	30
8522	30
8523	30
8524	30
8525	30
8526	30
8527	30
8528	30
8529	30
8530	30
8531	30
8532	30
8533	30
8534	30
8535	30
8536	30
8537	30
8538	30
8539	30
8540	30
8541	30
8542	30
8543	30
8544	30
8545	30
8546	30
8547	30
8548	30
8549	30
8550	30
8551	30
8552	30
8553	30
8554	30
8555	30
8556	30
8557	30
8558	30
8559	30
8560	30
8561	30
8562	30
8563	30
8564	30
8565	30
8566	30
8567	30
8568	30
8569	30
8570	30
8571	30
8572	30
8573	30
8574	30
8575	30
8576	30
8577	30
8578	30
8579	30
8580	30
8581	30
8582	30
8583	30
8584	30
8585	30
8586	30
8587	30
8588	30
8589	30
8590	30
8591	30
8592	30
8593	30
8594	30
8595	30
8596	30
8597	30
8598	30
8599	30
8600	30
8601	30
8602	30
8603	30
8604	30
8605	30
8606	30
8607	30
8608	30
8609	30
8610	30
8611	30
8612	30
8613	30
8614	30
8615	30
8616	30
8617	30
8618	30
8619	30
8620	30
8621	30
8622	30
8623	30
8624	30
8625	30
8626	30
8627	30
8628	30
8629	30
8630	30
8631	30
8632	30
8633	30
8634	30
8635	30
8636	30
8637	30
8638	30
8639	30
8640	30
8641	30
8642	30
8643	30
8644	30
8645	30
8646	30
8647	30
8648	30
8649	30
8650	30
8651	30
8652	30
8653	30
8654	30
8655	30
8656	30
8657	30
8658	30
8659	30
8660	30
8661	30
8662	30
8663	30
8664	30
8665	30
8666	30
8667	30
8668	30
8669	30
8670	30
8671	30
8672	30
8673	30
8674	30
8675	30
8676	30
8677	30
8678	30
8679	30
8680	30
8681	30
8682	30
8683	30
8684	30
8685	30
8686	30
8687	30
8688	30
8689	30
8690	30
8691	30
8692	30
8693	30
8694	30
8695	30
8696	30
8697	30
8698	30
8699	30
8700	30
8701	30
8702	30
8703	30
8704	30
8705	30
8706	30
8707	30
8708	30
8709	30
8710	30
8711	30
8712	30
8713	30
8714	30
8715	30
8716	30
8717	30
8718	30
8719	30
8720	30
8721	30
8722	30
8723	30
8724	30
8725	30
8726	30
8727	30
8728	30
8729	30
8730	30
8731	30
8732	30
8733	30
8734	30
8735	30
8736	30
8737	30
8738	30
8739	30
8740	30
8741	30
8742	30
8743	30
8744	30
8745	30
8746	30
8747	30
8748	30
8749	30
8750	30
8751	30
8752	30
8753	30
8754	30
8755	30
8756	30
8757	30
8758	30
8759	30
8760	30
8761	30
8762	30
8763	30
8764	30
8765	30
8766	30
8767	30
8768	30
8769	30
8770	30
8771	30
8772	30
8773	30
8774	30
8775	30
8776	30
8777	30
8778	30
8779	30
8780	30
8781	30
8782	30
8783	30
8784	30
8785	30
8786	30
8787	30
8788	30
8789	30
8790	30
8791	30
8792	30
8793	30
8794	30
8795	30
8796	30
8797	30
8798	30
8799	30
8800	30
8801	30
8802	30
8803	30
8804	30
8805	30
8806	30
8807	30
8808	30
8809	30
8810	30
8811	30
8812	30
8813	30
8814	30
8815	30
8816	30
8817	30
8818	30
8819	30
8820	30
8821	30
8822	30
8823	30
8824	30
8825	30
8826	30
8827	30
8828	30
8829	30
8830	30
8831	30
8832	30
8833	30
8834	30
8835	30
8836	30
8837	30
8838	30
8839	30
8840	30
8841	30
8842	30
8843	30
8844	30
8845	30
8846	30
8847	30
8848	30
8849	30
8850	30
8851	30
8852	30
8853	30
8854	30
8855	30
8856	30
8857	30
8858	30
8859	30
8860	30
8861	30
8862	30
8863	30
8864	30
8865	30
8866	30
8867	30
8868	30
8869	30
8870	30
8871	30
8872	30
8873	30
8874	30
8875	30
8876	30
8877	30
8878	30
8879	30
8880	30
8881	30
8882	30
8883	30
8884	30
8885	30
8886	30
8887	30
8888	30
8889	30
8890	30
8891	30
8892	30
8893	30
8894	30
8895	30
8896	30
8897	30
8898	30
8899	30
8900	30
8901	30
8902	30
8903	30
8904	30
8905	30
8906	30
8907	30
8908	30
8909	30
8910	30
8911	30
8912	30
8913	30
8914	30
8915	30
8916	30
8917	30
8918	30
8919	30
8920	30
8921	30
8922	30
8923	30
8924	30
8925	30
8926	30
8927	30
8928	30
8929	30
8930	30
8931	30
8932	30
8933	30
8934	30
8935	30
8936	30
8937	30
8938	30
8939	30
8940	30
8941	30
8942	30
8943	30
8944	30
8945	30
8946	30
8947	30
8948	30
8949	30
8950	30
8951	30
8952	30
8953	30
8954	30
8955	30
8956	30
8957	30
8958	30
8959	30
8960	30
8961	30
8962	30
8963	30
8964	30
8965	30
8966	30
8967	30
8968	30
8969	30
8970	30
8971	30
8972	30
8973	30
8974	30
8975	30
8976	30
8977	30
8978	30
8979	30
8980	30
8981	30
8982	30
8983	30
8984	30
8985	30
8986	30
8987	30
8988	30
8989	30
8990	30
8991	30
8992	30
8993	30
8994	30
8995	30
8996	30
8997	30
8998	30
8999	30
9000	30
9001	30
9002	30
9003	30
9004	30
9005	30
9006	30
9007	30
9008	30
9009	30
9010	30
9011	30
9012	30
9013	30
9014	30
9015	30
9016	30
9017	30
9018	30
9019	30
9020	30
9021	30
9022	30
9023	30
9024	30
9025	30
9026	30
9027	30
9028	30
9029	30
9030	30
9031	30
9032	30
9033	30
9034	30
9035	30
9036	30
9037	30
9038	30
9039	30
9040	30
9041	30
9042	30
9043	30
9044	30
9045	30
9046	30
9047	30
9048	30
9049	30
9050	30
9051	30
9052	30
9053	30
9054	30
9055	30
9056	30
9057	30
9058	30
9059	30
9060	30
9061	30
9062	30
9063	30
9064	30
9065	30
9066	30
9067	30
9068	30
9069	30
9070	30
9071	30
9072	30
9073	30
9074	30
9075	30
9076	30
9077	30
9078	30
9079	30
9080	30
9081	30
9082	30
9083	30
9084	30
9085	30
9086	30
9087	30
9088	30
9089	30
9090	30
9091	30
9092	30
9093	30
9094	30
9095	30
9096	30
9097	30
9098	30
9099	30
9100	30
9101	30
9102	30
9103	30
9104	30
9105	30
9106	30
9107	30
9108	30
9109	30
9110	30
9111	30
9112	30
9113	30
9114	30
9115	30
9116	30
9117	30
9118	30
9119	30
9120	30
9121	30
9122	30
9123	30
9124	30
9125	30
9126	30
9127	30
9128	30
9129	30
9130	30
9131	30
9132	30
9133	30
9134	30
9135	30
9136	30
9137	30
9138	30
9139	30
9140	30
9141	30
9142	30
9143	30
9144	30
9145	30
9146	30
9147	30
9148	30
9149	30
9150	30
9151	30
9152	30
9153	30
9154	30
9155	30
9156	30
9157	30
9158	30
9159	30
9160	30
9161	30
9162	30
9163	30
9164	30
9165	30
9166	30
9167	30
9168	30
9169	30
9170	30
9171	30
9172	30
9173	30
9174	30
9175	30
9176	30
9177	30
9178	30
9179	30
9180	30
9181	30
9182	30
9183	30
9184	30
9185	30
9186	30
9187	30
9188	30
9189	30
9190	30
9191	30
9192	30
9193	30
9194	30
9195	30
9196	30
9197	30
9198	30
9199	30
9200	30
9201	30
9202	30
9203	30
9204	30
9205	30
9206	30
9207	30
9208	30
9209	30
9210	30
9211	30
9212	30
9213	30
9214	30
9215	30
9216	30
9217	30
9218	30
9219	30
9220	30
9221	30
9222	30
9223	30
9224	30
9225	30
9226	30
9227	30
9228	30
9229	30
9230	30
9231	30
9232	30
9233	30
9234	30
9235	30
9236	30
9237	30
9238	30
9239	30
9240	30
9241	30
9242	30
9243	30
9244	30
9245	30
9246	30
9247	30
9248	30
9249	30
9250	30
9251	30
9252	30
9253	30
9254	30
9255	30
9256	30
9257	30
9258	30
9259	30
9260	30
9261	30
9262	30
9263	30
9264	30
9265	30
9266	30
9267	30
9268	30
9269	30
9270	30
9271	30
9272	30
9273	30
9274	30
9275	30
9276	30
9277	30
9278	30
9279	30
9280	30
9281	30
9282	30
9283	30
9284	30
9285	30
9286	30
9287	30
9288	30
9289	30
9290	30
9291	30
9292	30
9293	30
9294	30
9295	30
9296	30
9297	30
9298	30
9299	30
9300	30
9301	30
9302	30
9303	30
9304	30
9305	30
9306	30
9307	30
9308	30
9309	30
9310	30
9311	30
9312	30
9313	30
9314	30
9315	30
9316	30
9317	30
9318	30
9319	30
9320	30
9321	30
9322	30
9323	30
9324	30
9325	30
9326	30
9327	30
9328	30
9329	30
9330	30
9331	30
9332	30
9333	30
9334	30
9335	30
9336	30
9337	30
9338	30
9339	30
9340	30
9341	30
9342	30
9343	30
9344	30
9345	30
9346	30
9347	30
9348	30
9349	30
9350	30
9351	30
9352	30
9353	30
9354	30
9355	30
9356	30
9357	30
9358	30
9359	30
9360	30
9361	30
9362	30
9363	30
9364	30
9365	30
9366	30
9367	30
9368	30
9369	30
9370	30
9371	30
9372	30
9373	30
9374	30
9375	30
9376	30
9377	30
9378	30
9379	30
9380	30
9381	30
9382	30
9383	30
9384	30
9385	30
9386	30
9387	30
9388	30
9389	30
9390	30
9391	30
9392	30
9393	30
9394	30
9395	30
9396	30
9397	30
9398	30
9399	30
9400	30
9401	30
9402	30
9403	30
9404	30
9405	30
9406	30
9407	30
9408	30
9409	30
9410	30
9411	30
9412	30
9413	30
9414	30
9415	30
9416	30
9417	30
9418	30
9419	30
9420	30
9421	30
9422	30
9423	30
9424	30
9425	30
9426	30
9427	30
9428	30
9429	30
9430	30
9431	30
9432	30
9433	30
9434	30
9435	30
9436	30
9437	30
9438	30
9439	30
9440	30
9441	30
9442	30
9443	30
9444	30
9445	30
9446	30
9447	30
9448	30
9449	30
9450	30
9451	30
9452	30
9453	30
9454	30
9455	30
9456	30
9457	31
9458	31
9459	31
9460	31
9461	31
9462	31
9463	31
9464	31
9465	31
9466	31
9467	31
9468	31
9469	31
9470	31
9471	31
9472	31
9473	31
9474	31
9475	31
9476	31
9477	31
9478	31
9479	31
9480	31
9481	31
9482	31
9483	31
9484	31
9485	31
9486	31
9487	31
9488	31
9489	31
9490	31
9491	31
9492	31
9493	31
9494	31
9495	31
9496	31
9497	31
9498	31
9499	31
9500	31
9501	31
9502	31
9503	31
9504	31
9505	31
9506	31
9507	31
9508	31
9509	31
9510	31
9511	31
9512	31
9513	31
9514	31
9515	31
9516	31
9517	31
9518	31
9519	31
9520	31
9521	31
9522	31
9523	31
9524	31
9525	31
9526	31
9527	31
9528	31
9529	31
9530	31
9531	31
9532	31
9533	31
9534	31
9535	31
9536	31
9537	31
9538	31
9539	31
9540	31
9541	31
9542	31
9543	31
9544	31
9545	31
9546	31
9547	31
9548	31
9549	31
9550	31
9551	31
9552	31
9553	31
9554	31
9555	31
9556	31
9557	31
9558	31
9559	31
9560	31
9561	31
9562	31
9563	31
9564	31
9565	31
9566	31
9567	31
9568	31
9569	31
9570	31
9571	31
9572	31
9573	31
9574	31
9575	31
9576	31
9577	31
9578	31
9579	31
9580	31
9581	31
9582	31
9583	31
9584	31
9585	31
9586	31
9587	31
9588	31
9589	31
9590	31
9591	31
9592	31
9593	31
9594	31
9595	31
9596	31
9597	31
9598	31
9599	31
9600	31
9601	31
9602	31
9603	31
9604	31
9605	31
9606	31
9607	31
9608	31
9609	31
9610	31
9611	31
9612	31
9613	31
9614	31
9615	31
9616	31
9617	31
9618	31
9619	31
9620	31
9621	31
9622	31
9623	31
9624	31
9625	31
9626	31
9627	31
9628	31
9629	31
9630	31
9631	31
9632	31
9633	31
9634	31
9635	31
9636	31
9637	31
9638	31
9639	31
9640	31
9641	31
9642	31
9643	31
9644	31
9645	31
9646	32
9647	32
9648	32
9649	32
9650	32
9651	32
9652	32
9653	32
9654	32
9655	32
9656	32
9657	33
9658	33
9659	33
9660	33
9661	33
9662	33
9663	33
9664	33
9665	33
9666	33
9667	33
9668	33
9669	33
9670	33
9671	33
9672	33
9673	33
9674	33
9675	33
9676	33
9677	33
9678	33
9679	33
9680	33
9681	33
9682	33
9683	33
9684	33
9685	33
9686	33
9687	33
9688	33
9689	33
9690	33
9691	33
9692	33
9693	33
9694	33
9695	33
9696	33
9697	33
9698	33
9699	33
9700	33
9701	33
9702	33
9703	33
9704	33
9705	33
9706	33
9707	33
9708	33
9709	33
9710	33
9711	33
9712	33
9713	33
9714	33
9715	33
9716	33
9717	33
9718	33
9719	33
9720	33
9721	33
9722	33
9723	33
9724	33
9725	33
9726	33
9727	33
9728	33
9729	33
9730	33
9731	33
9732	33
9733	33
9734	33
9735	33
9736	33
9737	33
9738	33
9739	33
9740	33
9741	33
9742	33
9743	33
9744	33
9745	33
9746	33
9747	33
9748	33
9749	33
9750	33
9751	33
9752	33
9753	33
9754	33
9755	33
9756	33
9757	33
9758	33
9759	33
9760	33
9761	33
9762	33
9763	33
9764	33
9765	33
9766	33
9767	33
9768	33
9769	33
9770	33
9771	33
9772	33
9773	33
9774	33
9775	33
9776	33
9777	33
9778	33
9779	33
9780	33
9781	33
9782	33
9783	33
9784	33
9785	33
9786	33
9787	33
9788	33
9789	33
9790	33
9791	33
9792	33
9793	33
9794	33
9795	33
9796	33
9797	33
9798	33
9799	33
9800	33
9801	33
9802	33
9803	33
9804	33
9805	33
9806	33
9807	33
9808	33
9809	33
9810	33
9811	33
9812	33
9813	33
9814	33
9815	33
9816	33
9817	33
9818	33
9819	33
9820	33
9821	33
9822	33
9823	33
9824	33
9825	33
9826	33
9827	33
9828	33
9829	33
9830	33
9831	33
9832	33
9833	33
9834	33
9835	33
9836	33
9837	33
9838	33
9839	33
9840	33
9841	33
9842	33
9843	33
9844	33
9845	33
9846	33
9847	33
9848	33
9849	33
9850	33
9851	33
9852	33
9853	33
9854	33
9855	33
9856	33
9857	33
9858	33
9859	33
9860	33
9861	33
9862	33
9863	33
9864	33
9865	33
9866	33
9867	33
9868	33
9869	33
9870	33
9871	33
9872	33
9873	33
9874	33
9875	33
9876	33
9877	33
9878	33
9879	33
9880	33
9881	33
9882	33
9883	33
9884	33
9885	33
9886	33
9887	33
9888	33
9889	33
9890	33
9891	33
9892	33
9893	33
9894	33
9895	33
9896	33
9897	33
9898	33
9899	33
9900	33
9901	33
9902	33
9903	33
9904	33
9905	33
9906	33
9907	33
9908	33
9909	33
9910	33
9911	33
9912	33
9913	33
9914	33
9915	33
9916	33
9917	33
9918	33
9919	33
9920	33
9921	33
9922	33
9923	33
9924	33
9925	33
9926	33
9927	33
9928	33
9929	33
9930	33
9931	33
9932	33
9933	33
9934	33
9935	33
9936	33
9937	33
9938	33
9939	33
9940	33
9941	33
9942	33
9943	33
9944	33
9945	33
9946	33
9947	33
9948	33
9949	33
9950	33
9951	33
9952	33
9953	33
9954	33
9955	33
9956	33
9957	34
9958	34
9959	34
9960	34
9961	34
9962	34
9963	34
9964	34
9965	34
9966	34
9967	34
9968	34
9969	34
9970	34
9971	34
9972	34
9973	34
9974	34
9975	34
9976	34
9977	34
9978	34
9979	34
9980	34
9981	34
9982	34
9983	34
9984	34
9985	34
9986	34
9987	34
9988	34
9989	34
9990	34
9991	34
9992	34
9993	34
9994	34
9995	34
9996	34
9997	34
9998	34
9999	34
10000	34
