#Clock	ItemsCollected
1	0
2	0
3	0
4	0
5	0
6	0
7	0
8	0
9	0
10	0
11	0
12	0
13	0
14	0
15	0
16	0
17	0
18	0
19	0
20	0
21	0
22	0
23	0
24	0
25	0
26	0
27	0
28	0
29	0
30	0
31	0
32	0
33	0
34	0
35	0
36	0
37	0
38	0
39	0
40	0
41	0
42	0
43	0
44	0
45	0
46	0
47	0
48	0
49	0
50	0
51	0
52	0
53	0
54	0
55	0
56	0
57	0
58	0
59	0
60	0
61	0
62	0
63	0
64	0
65	0
66	0
67	0
68	0
69	0
70	0
71	0
72	0
73	0
74	0
75	0
76	0
77	0
78	0
79	0
80	0
81	0
82	0
83	0
84	0
85	0
86	0
87	0
88	0
89	0
90	0
91	0
92	0
93	0
94	0
95	0
96	0
97	0
98	0
99	0
100	0
101	0
102	0
103	0
104	0
105	0
106	0
107	0
108	0
109	0
110	0
111	0
112	0
113	0
114	0
115	0
116	0
117	0
118	0
119	0
120	0
121	0
122	0
123	0
124	0
125	0
126	0
127	0
128	0
129	0
130	0
131	0
132	0
133	0
134	0
135	0
136	0
137	0
138	0
139	0
140	0
141	0
142	0
143	0
144	0
145	0
146	0
147	0
148	0
149	0
150	0
151	0
152	0
153	0
154	0
155	0
156	0
157	0
158	0
159	0
160	0
161	0
162	0
163	0
164	0
165	0
166	0
167	0
168	0
169	0
170	0
171	0
172	0
173	0
174	0
175	0
176	0
177	0
178	0
179	0
180	0
181	0
182	0
183	0
184	0
185	0
186	0
187	0
188	0
189	0
190	0
191	0
192	0
193	0
194	0
195	0
196	0
197	0
198	0
199	0
200	0
201	0
202	0
203	0
204	0
205	0
206	0
207	0
208	0
209	0
210	0
211	0
212	0
213	0
214	0
215	0
216	0
217	0
218	0
219	0
220	0
221	0
222	0
223	0
224	0
225	0
226	0
227	0
228	0
229	0
230	0
231	0
232	0
233	0
234	0
235	0
236	0
237	0
238	0
239	0
240	0
241	0
242	0
243	0
244	0
245	0
246	0
247	0
248	0
249	0
250	0
251	0
252	0
253	0
254	0
255	0
256	0
257	0
258	0
259	0
260	0
261	0
262	0
263	0
264	0
265	0
266	0
267	0
268	0
269	0
270	0
271	0
272	0
273	0
274	0
275	0
276	0
277	0
278	0
279	0
280	0
281	0
282	0
283	0
284	0
285	0
286	0
287	0
288	0
289	0
290	0
291	0
292	0
293	0
294	0
295	0
296	0
297	0
298	0
299	0
300	0
301	0
302	0
303	0
304	0
305	0
306	0
307	0
308	0
309	0
310	0
311	0
312	0
313	0
314	0
315	0
316	0
317	0
318	0
319	0
320	0
321	0
322	0
323	0
324	0
325	0
326	0
327	0
328	0
329	0
330	0
331	0
332	0
333	0
334	0
335	0
336	0
337	0
338	0
339	0
340	0
341	0
342	0
343	0
344	0
345	0
346	0
347	0
348	0
349	0
350	0
351	0
352	0
353	0
354	0
355	0
356	0
357	0
358	0
359	0
360	0
361	0
362	0
363	0
364	0
365	0
366	0
367	0
368	0
369	0
370	0
371	0
372	0
373	0
374	0
375	0
376	0
377	0
378	0
379	0
380	0
381	0
382	0
383	0
384	0
385	0
386	0
387	0
388	0
389	0
390	0
391	0
392	0
393	0
394	0
395	0
396	0
397	0
398	0
399	0
400	0
401	0
402	0
403	0
404	0
405	0
406	0
407	0
408	0
409	0
410	0
411	0
412	0
413	0
414	0
415	0
416	0
417	0
418	0
419	0
420	0
421	0
422	0
423	0
424	0
425	0
426	0
427	0
428	0
429	0
430	0
431	0
432	0
433	0
434	0
435	0
436	0
437	0
438	0
439	0
440	0
441	0
442	0
443	0
444	0
445	0
446	0
447	0
448	0
449	0
450	0
451	0
452	0
453	0
454	0
455	0
456	0
457	0
458	0
459	0
460	0
461	0
462	0
463	0
464	0
465	0
466	0
467	0
468	0
469	0
470	0
471	0
472	0
473	0
474	0
475	0
476	0
477	0
478	0
479	0
480	0
481	0
482	0
483	0
484	0
485	0
486	0
487	0
488	0
489	0
490	0
491	0
492	0
493	0
494	0
495	0
496	0
497	0
498	0
499	0
500	0
501	0
502	0
503	0
504	0
505	0
506	0
507	0
508	0
509	0
510	0
511	0
512	0
513	0
514	0
515	0
516	0
517	0
518	0
519	0
520	0
521	0
522	0
523	0
524	0
525	0
526	0
527	0
528	0
529	0
530	0
531	0
532	0
533	0
534	0
535	0
536	0
537	0
538	0
539	0
540	0
541	0
542	0
543	0
544	0
545	0
546	0
547	0
548	0
549	0
550	0
551	0
552	0
553	0
554	0
555	0
556	0
557	0
558	0
559	0
560	0
561	0
562	0
563	0
564	0
565	0
566	0
567	0
568	0
569	0
570	0
571	0
572	0
573	0
574	0
575	0
576	0
577	0
578	0
579	0
580	0
581	0
582	0
583	0
584	0
585	0
586	0
587	0
588	0
589	0
590	0
591	0
592	0
593	0
594	0
595	0
596	0
597	0
598	0
599	0
600	0
601	0
602	0
603	0
604	0
605	0
606	0
607	0
608	0
609	0
610	0
611	0
612	0
613	0
614	0
615	0
616	0
617	0
618	0
619	0
620	0
621	0
622	0
623	0
624	0
625	0
626	0
627	0
628	0
629	0
630	0
631	0
632	0
633	0
634	0
635	0
636	0
637	0
638	0
639	0
640	0
641	0
642	0
643	0
644	0
645	0
646	0
647	0
648	0
649	0
650	0
651	0
652	0
653	0
654	0
655	0
656	0
657	0
658	0
659	0
660	0
661	0
662	0
663	0
664	0
665	0
666	0
667	0
668	0
669	0
670	0
671	0
672	0
673	0
674	0
675	0
676	0
677	0
678	0
679	0
680	0
681	0
682	0
683	0
684	0
685	0
686	0
687	0
688	0
689	0
690	0
691	0
692	0
693	0
694	0
695	0
696	0
697	0
698	0
699	0
700	0
701	0
702	0
703	0
704	0
705	0
706	0
707	0
708	0
709	0
710	0
711	0
712	0
713	0
714	0
715	0
716	0
717	0
718	0
719	0
720	0
721	0
722	0
723	0
724	0
725	0
726	0
727	0
728	0
729	0
730	0
731	0
732	0
733	0
734	0
735	0
736	0
737	0
738	0
739	0
740	0
741	0
742	0
743	0
744	0
745	0
746	0
747	0
748	0
749	0
750	0
751	0
752	0
753	0
754	0
755	0
756	0
757	0
758	0
759	0
760	0
761	0
762	0
763	0
764	0
765	0
766	0
767	0
768	0
769	0
770	0
771	0
772	0
773	0
774	0
775	0
776	0
777	0
778	0
779	0
780	0
781	0
782	0
783	0
784	0
785	0
786	0
787	0
788	0
789	0
790	0
791	0
792	0
793	0
794	0
795	0
796	0
797	0
798	0
799	0
800	0
801	0
802	0
803	0
804	0
805	0
806	0
807	0
808	0
809	0
810	0
811	0
812	0
813	0
814	0
815	0
816	0
817	0
818	0
819	0
820	0
821	0
822	0
823	0
824	0
825	0
826	0
827	0
828	0
829	0
830	0
831	0
832	0
833	0
834	0
835	0
836	0
837	0
838	0
839	0
840	0
841	0
842	0
843	0
844	0
845	0
846	0
847	0
848	0
849	0
850	0
851	0
852	0
853	0
854	0
855	0
856	0
857	0
858	0
859	0
860	0
861	0
862	0
863	0
864	0
865	0
866	0
867	0
868	0
869	0
870	0
871	0
872	0
873	0
874	0
875	0
876	0
877	0
878	0
879	0
880	0
881	0
882	0
883	0
884	0
885	0
886	0
887	0
888	0
889	0
890	0
891	0
892	0
893	0
894	0
895	0
896	0
897	0
898	0
899	0
900	0
901	0
902	0
903	0
904	0
905	0
906	0
907	0
908	0
909	0
910	0
911	0
912	0
913	0
914	0
915	0
916	0
917	0
918	0
919	0
920	0
921	0
922	0
923	0
924	0
925	0
926	0
927	0
928	0
929	0
930	0
931	0
932	0
933	0
934	0
935	0
936	0
937	0
938	0
939	0
940	0
941	0
942	0
943	0
944	0
945	0
946	0
947	0
948	0
949	0
950	0
951	0
952	0
953	0
954	0
955	0
956	0
957	0
958	0
959	0
960	0
961	0
962	0
963	0
964	0
965	0
966	0
967	0
968	0
969	0
970	0
971	0
972	0
973	0
974	0
975	0
976	0
977	0
978	0
979	0
980	0
981	0
982	0
983	0
984	0
985	0
986	0
987	0
988	0
989	0
990	0
991	0
992	0
993	0
994	0
995	0
996	0
997	0
998	0
999	0
1000	0
1001	0
1002	0
1003	0
1004	0
1005	0
1006	0
1007	0
1008	0
1009	0
1010	0
1011	0
1012	0
1013	0
1014	0
1015	0
1016	0
1017	0
1018	0
1019	0
1020	0
1021	0
1022	0
1023	0
1024	0
1025	0
1026	0
1027	0
1028	0
1029	0
1030	0
1031	0
1032	0
1033	0
1034	0
1035	0
1036	0
1037	0
1038	0
1039	0
1040	0
1041	0
1042	0
1043	0
1044	0
1045	0
1046	0
1047	0
1048	0
1049	0
1050	0
1051	0
1052	0
1053	0
1054	0
1055	0
1056	0
1057	0
1058	0
1059	0
1060	0
1061	0
1062	0
1063	0
1064	0
1065	0
1066	0
1067	0
1068	0
1069	0
1070	0
1071	0
1072	0
1073	0
1074	0
1075	0
1076	0
1077	0
1078	0
1079	0
1080	0
1081	0
1082	0
1083	0
1084	0
1085	0
1086	0
1087	0
1088	0
1089	0
1090	0
1091	0
1092	0
1093	0
1094	0
1095	0
1096	0
1097	0
1098	0
1099	0
1100	0
1101	0
1102	0
1103	0
1104	0
1105	0
1106	0
1107	0
1108	0
1109	0
1110	0
1111	0
1112	0
1113	0
1114	0
1115	0
1116	0
1117	0
1118	0
1119	0
1120	0
1121	0
1122	0
1123	0
1124	0
1125	0
1126	0
1127	0
1128	0
1129	0
1130	0
1131	0
1132	0
1133	0
1134	0
1135	0
1136	0
1137	0
1138	0
1139	0
1140	0
1141	0
1142	0
1143	0
1144	0
1145	0
1146	0
1147	0
1148	0
1149	0
1150	0
1151	0
1152	0
1153	0
1154	0
1155	0
1156	0
1157	0
1158	0
1159	0
1160	0
1161	0
1162	0
1163	0
1164	0
1165	0
1166	0
1167	0
1168	0
1169	0
1170	0
1171	0
1172	0
1173	0
1174	0
1175	0
1176	0
1177	0
1178	0
1179	0
1180	0
1181	0
1182	0
1183	0
1184	0
1185	0
1186	0
1187	0
1188	0
1189	0
1190	0
1191	0
1192	0
1193	0
1194	0
1195	0
1196	0
1197	0
1198	0
1199	0
1200	0
1201	0
1202	0
1203	0
1204	0
1205	0
1206	0
1207	0
1208	0
1209	0
1210	0
1211	0
1212	0
1213	0
1214	0
1215	0
1216	0
1217	0
1218	0
1219	0
1220	0
1221	0
1222	0
1223	0
1224	0
1225	0
1226	0
1227	0
1228	0
1229	0
1230	0
1231	0
1232	0
1233	0
1234	0
1235	0
1236	0
1237	0
1238	0
1239	0
1240	0
1241	0
1242	0
1243	0
1244	0
1245	0
1246	0
1247	0
1248	0
1249	0
1250	0
1251	0
1252	0
1253	0
1254	0
1255	0
1256	0
1257	0
1258	0
1259	0
1260	0
1261	0
1262	0
1263	0
1264	0
1265	0
1266	0
1267	0
1268	0
1269	0
1270	0
1271	0
1272	0
1273	0
1274	0
1275	0
1276	0
1277	0
1278	0
1279	0
1280	0
1281	0
1282	0
1283	0
1284	0
1285	0
1286	0
1287	0
1288	0
1289	0
1290	0
1291	0
1292	0
1293	0
1294	0
1295	0
1296	0
1297	0
1298	0
1299	0
1300	0
1301	0
1302	0
1303	0
1304	0
1305	0
1306	0
1307	0
1308	0
1309	0
1310	0
1311	0
1312	0
1313	0
1314	0
1315	0
1316	0
1317	0
1318	0
1319	0
1320	0
1321	0
1322	0
1323	0
1324	0
1325	0
1326	0
1327	0
1328	0
1329	0
1330	0
1331	0
1332	0
1333	0
1334	0
1335	0
1336	0
1337	0
1338	0
1339	0
1340	0
1341	0
1342	0
1343	0
1344	0
1345	0
1346	0
1347	0
1348	0
1349	0
1350	0
1351	0
1352	0
1353	0
1354	0
1355	0
1356	0
1357	0
1358	0
1359	0
1360	0
1361	0
1362	0
1363	0
1364	0
1365	0
1366	0
1367	0
1368	0
1369	0
1370	0
1371	0
1372	0
1373	0
1374	0
1375	0
1376	0
1377	0
1378	0
1379	0
1380	0
1381	0
1382	0
1383	0
1384	0
1385	0
1386	0
1387	0
1388	0
1389	0
1390	0
1391	0
1392	0
1393	0
1394	0
1395	0
1396	0
1397	0
1398	0
1399	0
1400	0
1401	0
1402	0
1403	0
1404	0
1405	0
1406	0
1407	0
1408	0
1409	0
1410	0
1411	0
1412	0
1413	0
1414	0
1415	0
1416	0
1417	0
1418	0
1419	0
1420	0
1421	0
1422	0
1423	0
1424	0
1425	0
1426	0
1427	0
1428	0
1429	0
1430	0
1431	0
1432	0
1433	0
1434	0
1435	0
1436	0
1437	0
1438	0
1439	0
1440	0
1441	0
1442	0
1443	0
1444	0
1445	0
1446	0
1447	0
1448	0
1449	0
1450	0
1451	0
1452	0
1453	0
1454	0
1455	0
1456	0
1457	0
1458	0
1459	0
1460	0
1461	0
1462	0
1463	0
1464	0
1465	0
1466	0
1467	0
1468	0
1469	0
1470	0
1471	0
1472	0
1473	0
1474	0
1475	0
1476	0
1477	0
1478	0
1479	0
1480	0
1481	0
1482	0
1483	0
1484	0
1485	0
1486	0
1487	0
1488	0
1489	0
1490	0
1491	0
1492	0
1493	0
1494	0
1495	0
1496	0
1497	0
1498	0
1499	0
1500	0
1501	0
1502	0
1503	0
1504	0
1505	0
1506	0
1507	0
1508	0
1509	0
1510	0
1511	0
1512	0
1513	0
1514	0
1515	0
1516	0
1517	0
1518	0
1519	0
1520	0
1521	0
1522	0
1523	0
1524	0
1525	0
1526	0
1527	0
1528	0
1529	0
1530	0
1531	0
1532	0
1533	0
1534	0
1535	0
1536	0
1537	0
1538	0
1539	0
1540	0
1541	0
1542	0
1543	0
1544	0
1545	0
1546	0
1547	0
1548	0
1549	0
1550	0
1551	0
1552	0
1553	0
1554	0
1555	0
1556	0
1557	0
1558	0
1559	0
1560	0
1561	0
1562	0
1563	0
1564	0
1565	0
1566	0
1567	0
1568	0
1569	0
1570	0
1571	0
1572	0
1573	0
1574	0
1575	0
1576	0
1577	0
1578	0
1579	0
1580	0
1581	0
1582	0
1583	0
1584	0
1585	0
1586	0
1587	0
1588	0
1589	0
1590	0
1591	0
1592	0
1593	0
1594	0
1595	0
1596	0
1597	0
1598	0
1599	0
1600	0
1601	0
1602	0
1603	0
1604	0
1605	0
1606	0
1607	0
1608	0
1609	0
1610	0
1611	0
1612	0
1613	0
1614	0
1615	0
1616	0
1617	0
1618	0
1619	0
1620	0
1621	0
1622	0
1623	0
1624	0
1625	0
1626	0
1627	0
1628	0
1629	0
1630	0
1631	0
1632	0
1633	0
1634	0
1635	0
1636	0
1637	0
1638	0
1639	0
1640	0
1641	0
1642	0
1643	0
1644	0
1645	0
1646	0
1647	0
1648	0
1649	0
1650	0
1651	0
1652	0
1653	0
1654	0
1655	0
1656	0
1657	0
1658	0
1659	0
1660	0
1661	0
1662	0
1663	0
1664	0
1665	0
1666	0
1667	0
1668	0
1669	0
1670	0
1671	0
1672	0
1673	0
1674	0
1675	0
1676	0
1677	0
1678	0
1679	0
1680	0
1681	0
1682	0
1683	0
1684	0
1685	0
1686	0
1687	0
1688	0
1689	0
1690	0
1691	0
1692	0
1693	0
1694	0
1695	0
1696	0
1697	0
1698	0
1699	0
1700	0
1701	0
1702	0
1703	0
1704	0
1705	0
1706	0
1707	0
1708	0
1709	0
1710	0
1711	0
1712	0
1713	0
1714	0
1715	0
1716	0
1717	0
1718	0
1719	0
1720	0
1721	0
1722	0
1723	0
1724	0
1725	0
1726	0
1727	0
1728	0
1729	0
1730	0
1731	0
1732	0
1733	0
1734	0
1735	0
1736	0
1737	0
1738	0
1739	0
1740	0
1741	0
1742	0
1743	0
1744	0
1745	0
1746	0
1747	0
1748	0
1749	0
1750	0
1751	0
1752	0
1753	0
1754	0
1755	0
1756	0
1757	0
1758	0
1759	0
1760	0
1761	0
1762	0
1763	0
1764	0
1765	0
1766	0
1767	0
1768	0
1769	0
1770	0
1771	0
1772	0
1773	0
1774	0
1775	0
1776	0
1777	0
1778	0
1779	0
1780	0
1781	0
1782	0
1783	0
1784	0
1785	0
1786	0
1787	0
1788	0
1789	0
1790	0
1791	0
1792	0
1793	0
1794	0
1795	0
1796	0
1797	0
1798	0
1799	0
1800	0
1801	0
1802	0
1803	0
1804	0
1805	0
1806	0
1807	0
1808	0
1809	0
1810	0
1811	0
1812	0
1813	0
1814	0
1815	0
1816	0
1817	0
1818	0
1819	0
1820	0
1821	0
1822	0
1823	0
1824	0
1825	0
1826	0
1827	0
1828	0
1829	0
1830	0
1831	0
1832	0
1833	0
1834	0
1835	0
1836	0
1837	0
1838	0
1839	0
1840	0
1841	0
1842	0
1843	0
1844	0
1845	0
1846	0
1847	0
1848	0
1849	0
1850	0
1851	0
1852	0
1853	0
1854	0
1855	0
1856	0
1857	0
1858	0
1859	0
1860	0
1861	0
1862	0
1863	0
1864	0
1865	0
1866	0
1867	0
1868	0
1869	0
1870	0
1871	0
1872	0
1873	0
1874	0
1875	0
1876	0
1877	0
1878	0
1879	0
1880	0
1881	0
1882	0
1883	0
1884	0
1885	0
1886	0
1887	0
1888	0
1889	0
1890	0
1891	0
1892	0
1893	0
1894	0
1895	0
1896	0
1897	0
1898	0
1899	0
1900	0
1901	0
1902	0
1903	0
1904	0
1905	0
1906	0
1907	0
1908	0
1909	0
1910	0
1911	0
1912	0
1913	0
1914	0
1915	0
1916	0
1917	0
1918	0
1919	0
1920	0
1921	0
1922	0
1923	0
1924	0
1925	0
1926	0
1927	0
1928	0
1929	0
1930	0
1931	0
1932	0
1933	0
1934	0
1935	0
1936	0
1937	0
1938	0
1939	0
1940	0
1941	0
1942	0
1943	0
1944	0
1945	0
1946	0
1947	0
1948	0
1949	0
1950	0
1951	0
1952	0
1953	0
1954	0
1955	0
1956	0
1957	0
1958	0
1959	0
1960	0
1961	0
1962	0
1963	0
1964	0
1965	0
1966	0
1967	0
1968	0
1969	0
1970	0
1971	0
1972	0
1973	0
1974	0
1975	0
1976	0
1977	0
1978	0
1979	0
1980	0
1981	0
1982	0
1983	0
1984	0
1985	0
1986	0
1987	0
1988	0
1989	0
1990	0
1991	0
1992	0
1993	0
1994	0
1995	0
1996	0
1997	0
1998	0
1999	0
2000	0
2001	0
2002	0
2003	0
2004	0
2005	0
2006	0
2007	0
2008	0
2009	0
2010	0
2011	0
2012	0
2013	0
2014	0
2015	0
2016	0
2017	0
2018	0
2019	0
2020	0
2021	0
2022	0
2023	0
2024	0
2025	0
2026	0
2027	0
2028	0
2029	0
2030	0
2031	0
2032	0
2033	0
2034	0
2035	0
2036	0
2037	0
2038	0
2039	0
2040	0
2041	0
2042	0
2043	0
2044	0
2045	0
2046	0
2047	0
2048	0
2049	0
2050	0
2051	0
2052	0
2053	0
2054	0
2055	0
2056	0
2057	0
2058	0
2059	0
2060	0
2061	0
2062	0
2063	0
2064	0
2065	0
2066	0
2067	0
2068	0
2069	0
2070	0
2071	0
2072	0
2073	0
2074	0
2075	0
2076	0
2077	0
2078	0
2079	0
2080	0
2081	0
2082	0
2083	0
2084	0
2085	0
2086	0
2087	0
2088	0
2089	0
2090	0
2091	0
2092	0
2093	0
2094	0
2095	0
2096	0
2097	0
2098	0
2099	0
2100	0
2101	0
2102	0
2103	0
2104	0
2105	0
2106	0
2107	0
2108	0
2109	0
2110	0
2111	0
2112	0
2113	0
2114	0
2115	0
2116	0
2117	0
2118	0
2119	0
2120	0
2121	0
2122	0
2123	0
2124	0
2125	0
2126	0
2127	0
2128	0
2129	0
2130	0
2131	0
2132	0
2133	0
2134	0
2135	0
2136	0
2137	0
2138	0
2139	0
2140	0
2141	0
2142	0
2143	0
2144	0
2145	0
2146	0
2147	0
2148	0
2149	0
2150	0
2151	0
2152	0
2153	0
2154	0
2155	0
2156	0
2157	0
2158	0
2159	0
2160	0
2161	0
2162	0
2163	0
2164	0
2165	0
2166	0
2167	0
2168	0
2169	0
2170	0
2171	0
2172	0
2173	0
2174	0
2175	0
2176	0
2177	0
2178	0
2179	0
2180	0
2181	0
2182	0
2183	0
2184	0
2185	0
2186	0
2187	0
2188	0
2189	0
2190	0
2191	0
2192	0
2193	0
2194	0
2195	0
2196	0
2197	0
2198	0
2199	0
2200	0
2201	0
2202	0
2203	0
2204	0
2205	0
2206	0
2207	0
2208	0
2209	0
2210	0
2211	0
2212	0
2213	0
2214	0
2215	0
2216	0
2217	0
2218	0
2219	0
2220	0
2221	0
2222	0
2223	0
2224	0
2225	0
2226	0
2227	0
2228	0
2229	0
2230	0
2231	0
2232	0
2233	0
2234	0
2235	0
2236	0
2237	0
2238	0
2239	0
2240	0
2241	0
2242	0
2243	0
2244	0
2245	0
2246	0
2247	0
2248	0
2249	0
2250	0
2251	0
2252	0
2253	0
2254	0
2255	0
2256	0
2257	0
2258	0
2259	0
2260	0
2261	0
2262	0
2263	0
2264	0
2265	0
2266	0
2267	0
2268	0
2269	0
2270	0
2271	0
2272	0
2273	0
2274	0
2275	0
2276	0
2277	0
2278	0
2279	0
2280	0
2281	0
2282	0
2283	0
2284	0
2285	0
2286	0
2287	0
2288	0
2289	0
2290	0
2291	0
2292	0
2293	0
2294	0
2295	0
2296	0
2297	0
2298	0
2299	0
2300	0
2301	0
2302	0
2303	0
2304	0
2305	0
2306	0
2307	0
2308	0
2309	0
2310	0
2311	0
2312	0
2313	0
2314	0
2315	0
2316	0
2317	0
2318	0
2319	0
2320	0
2321	0
2322	0
2323	0
2324	0
2325	0
2326	0
2327	0
2328	0
2329	0
2330	0
2331	0
2332	0
2333	0
2334	0
2335	0
2336	0
2337	0
2338	0
2339	0
2340	0
2341	0
2342	0
2343	0
2344	0
2345	0
2346	0
2347	0
2348	0
2349	0
2350	0
2351	0
2352	0
2353	0
2354	0
2355	0
2356	0
2357	0
2358	0
2359	0
2360	0
2361	0
2362	0
2363	0
2364	0
2365	0
2366	0
2367	0
2368	0
2369	0
2370	0
2371	0
2372	0
2373	0
2374	0
2375	0
2376	0
2377	0
2378	0
2379	0
2380	0
2381	0
2382	0
2383	0
2384	0
2385	0
2386	0
2387	0
2388	0
2389	0
2390	0
2391	0
2392	0
2393	0
2394	0
2395	0
2396	0
2397	0
2398	0
2399	0
2400	0
2401	0
2402	0
2403	0
2404	0
2405	0
2406	0
2407	0
2408	0
2409	0
2410	0
2411	0
2412	0
2413	0
2414	0
2415	0
2416	0
2417	0
2418	0
2419	0
2420	0
2421	0
2422	0
2423	0
2424	0
2425	0
2426	0
2427	0
2428	0
2429	0
2430	0
2431	0
2432	0
2433	0
2434	0
2435	0
2436	0
2437	0
2438	0
2439	0
2440	0
2441	0
2442	0
2443	0
2444	0
2445	0
2446	0
2447	0
2448	0
2449	0
2450	0
2451	0
2452	0
2453	0
2454	0
2455	0
2456	0
2457	0
2458	0
2459	0
2460	0
2461	0
2462	0
2463	0
2464	0
2465	0
2466	0
2467	0
2468	0
2469	0
2470	0
2471	0
2472	0
2473	0
2474	0
2475	0
2476	0
2477	0
2478	0
2479	0
2480	0
2481	0
2482	0
2483	0
2484	0
2485	0
2486	0
2487	0
2488	0
2489	0
2490	0
2491	0
2492	0
2493	0
2494	0
2495	0
2496	0
2497	0
2498	0
2499	0
2500	0
2501	0
2502	0
2503	0
2504	0
2505	0
2506	0
2507	0
2508	0
2509	0
2510	0
2511	0
2512	0
2513	0
2514	0
2515	0
2516	0
2517	0
2518	0
2519	0
2520	0
2521	0
2522	0
2523	0
2524	0
2525	0
2526	0
2527	0
2528	0
2529	0
2530	0
2531	0
2532	0
2533	0
2534	0
2535	0
2536	0
2537	0
2538	0
2539	0
2540	0
2541	0
2542	0
2543	0
2544	0
2545	0
2546	0
2547	0
2548	0
2549	0
2550	0
2551	0
2552	0
2553	0
2554	0
2555	0
2556	0
2557	0
2558	0
2559	0
2560	0
2561	0
2562	0
2563	0
2564	0
2565	0
2566	0
2567	0
2568	0
2569	0
2570	0
2571	0
2572	0
2573	0
2574	0
2575	0
2576	0
2577	0
2578	0
2579	0
2580	0
2581	0
2582	0
2583	0
2584	0
2585	0
2586	0
2587	0
2588	0
2589	0
2590	0
2591	0
2592	0
2593	0
2594	0
2595	0
2596	0
2597	0
2598	0
2599	0
2600	0
2601	0
2602	0
2603	0
2604	0
2605	0
2606	0
2607	0
2608	0
2609	0
2610	0
2611	0
2612	0
2613	0
2614	0
2615	0
2616	0
2617	0
2618	0
2619	0
2620	0
2621	0
2622	0
2623	0
2624	0
2625	0
2626	0
2627	0
2628	0
2629	0
2630	0
2631	0
2632	0
2633	0
2634	0
2635	0
2636	0
2637	0
2638	0
2639	0
2640	0
2641	0
2642	0
2643	0
2644	0
2645	0
2646	0
2647	0
2648	0
2649	0
2650	0
2651	0
2652	0
2653	0
2654	0
2655	0
2656	0
2657	0
2658	0
2659	0
2660	0
2661	0
2662	0
2663	0
2664	0
2665	0
2666	0
2667	0
2668	0
2669	0
2670	0
2671	0
2672	0
2673	0
2674	0
2675	0
2676	0
2677	0
2678	0
2679	0
2680	0
2681	0
2682	0
2683	0
2684	0
2685	0
2686	0
2687	0
2688	0
2689	0
2690	0
2691	0
2692	0
2693	0
2694	0
2695	0
2696	0
2697	0
2698	0
2699	0
2700	0
2701	0
2702	0
2703	0
2704	0
2705	0
2706	0
2707	0
2708	0
2709	0
2710	0
2711	0
2712	0
2713	0
2714	0
2715	0
2716	0
2717	0
2718	0
2719	0
2720	0
2721	0
2722	0
2723	0
2724	0
2725	0
2726	0
2727	0
2728	0
2729	0
2730	0
2731	0
2732	0
2733	0
2734	0
2735	0
2736	0
2737	0
2738	0
2739	0
2740	0
2741	0
2742	0
2743	0
2744	0
2745	0
2746	0
2747	0
2748	0
2749	0
2750	0
2751	0
2752	0
2753	0
2754	0
2755	0
2756	0
2757	0
2758	0
2759	0
2760	0
2761	0
2762	0
2763	0
2764	0
2765	0
2766	0
2767	0
2768	0
2769	0
2770	0
2771	0
2772	0
2773	0
2774	0
2775	0
2776	0
2777	0
2778	0
2779	0
2780	0
2781	0
2782	0
2783	0
2784	0
2785	0
2786	0
2787	0
2788	0
2789	0
2790	0
2791	0
2792	0
2793	0
2794	0
2795	0
2796	0
2797	0
2798	0
2799	0
2800	0
2801	0
2802	0
2803	0
2804	0
2805	0
2806	0
2807	0
2808	0
2809	0
2810	0
2811	0
2812	0
2813	0
2814	0
2815	0
2816	0
2817	0
2818	0
2819	0
2820	0
2821	0
2822	0
2823	0
2824	0
2825	0
2826	0
2827	0
2828	0
2829	0
2830	0
2831	0
2832	0
2833	0
2834	0
2835	0
2836	0
2837	0
2838	0
2839	0
2840	0
2841	0
2842	0
2843	0
2844	0
2845	0
2846	0
2847	0
2848	0
2849	0
2850	0
2851	0
2852	0
2853	0
2854	0
2855	0
2856	0
2857	0
2858	0
2859	0
2860	0
2861	0
2862	0
2863	0
2864	0
2865	0
2866	0
2867	0
2868	0
2869	0
2870	0
2871	0
2872	0
2873	0
2874	0
2875	0
2876	0
2877	0
2878	0
2879	0
2880	0
2881	0
2882	0
2883	0
2884	0
2885	0
2886	0
2887	0
2888	0
2889	0
2890	0
2891	0
2892	0
2893	0
2894	0
2895	0
2896	0
2897	0
2898	0
2899	0
2900	0
2901	0
2902	0
2903	0
2904	0
2905	0
2906	0
2907	0
2908	0
2909	0
2910	0
2911	0
2912	0
2913	0
2914	0
2915	0
2916	0
2917	0
2918	0
2919	0
2920	0
2921	0
2922	0
2923	0
2924	0
2925	0
2926	0
2927	0
2928	0
2929	0
2930	0
2931	0
2932	0
2933	0
2934	0
2935	0
2936	0
2937	0
2938	0
2939	0
2940	0
2941	0
2942	0
2943	0
2944	0
2945	0
2946	0
2947	0
2948	0
2949	0
2950	0
2951	0
2952	0
2953	0
2954	0
2955	0
2956	0
2957	0
2958	0
2959	0
2960	0
2961	0
2962	0
2963	0
2964	0
2965	0
2966	0
2967	0
2968	0
2969	0
2970	0
2971	0
2972	0
2973	0
2974	0
2975	0
2976	0
2977	0
2978	0
2979	0
2980	0
2981	0
2982	0
2983	0
2984	0
2985	0
2986	0
2987	0
2988	0
2989	0
2990	0
2991	0
2992	0
2993	0
2994	0
2995	0
2996	0
2997	0
2998	0
2999	0
3000	0
3001	0
3002	0
3003	0
3004	0
3005	0
3006	0
3007	0
3008	0
3009	0
3010	0
3011	0
3012	0
3013	0
3014	0
3015	0
3016	0
3017	0
3018	0
3019	0
3020	0
3021	0
3022	0
3023	0
3024	0
3025	0
3026	0
3027	0
3028	0
3029	0
3030	0
3031	0
3032	0
3033	0
3034	0
3035	0
3036	0
3037	0
3038	0
3039	0
3040	0
3041	0
3042	0
3043	0
3044	0
3045	0
3046	0
3047	0
3048	0
3049	0
3050	0
3051	0
3052	0
3053	0
3054	0
3055	0
3056	0
3057	0
3058	0
3059	0
3060	0
3061	0
3062	0
3063	0
3064	0
3065	0
3066	0
3067	0
3068	0
3069	0
3070	0
3071	0
3072	0
3073	0
3074	0
3075	0
3076	0
3077	0
3078	0
3079	0
3080	0
3081	0
3082	0
3083	0
3084	0
3085	0
3086	0
3087	0
3088	0
3089	0
3090	0
3091	0
3092	0
3093	0
3094	0
3095	0
3096	0
3097	0
3098	0
3099	0
3100	0
3101	0
3102	0
3103	0
3104	0
3105	0
3106	0
3107	0
3108	0
3109	0
3110	0
3111	0
3112	0
3113	0
3114	0
3115	0
3116	0
3117	0
3118	0
3119	0
3120	0
3121	0
3122	0
3123	0
3124	0
3125	0
3126	0
3127	0
3128	0
3129	0
3130	0
3131	0
3132	0
3133	0
3134	0
3135	0
3136	0
3137	0
3138	0
3139	0
3140	0
3141	0
3142	0
3143	0
3144	0
3145	0
3146	0
3147	0
3148	0
3149	0
3150	0
3151	0
3152	0
3153	0
3154	0
3155	0
3156	0
3157	0
3158	0
3159	0
3160	0
3161	0
3162	0
3163	0
3164	0
3165	0
3166	0
3167	0
3168	0
3169	0
3170	0
3171	0
3172	0
3173	0
3174	0
3175	0
3176	0
3177	0
3178	0
3179	0
3180	0
3181	0
3182	0
3183	0
3184	1
3185	1
3186	1
3187	1
3188	1
3189	1
3190	1
3191	1
3192	1
3193	1
3194	1
3195	1
3196	1
3197	1
3198	1
3199	1
3200	1
3201	1
3202	1
3203	1
3204	1
3205	1
3206	1
3207	1
3208	1
3209	1
3210	1
3211	1
3212	1
3213	1
3214	1
3215	1
3216	1
3217	1
3218	1
3219	1
3220	1
3221	1
3222	1
3223	1
3224	1
3225	1
3226	1
3227	1
3228	1
3229	1
3230	1
3231	1
3232	1
3233	1
3234	1
3235	1
3236	1
3237	1
3238	1
3239	1
3240	1
3241	1
3242	1
3243	1
3244	1
3245	1
3246	1
3247	1
3248	1
3249	1
3250	1
3251	1
3252	1
3253	1
3254	1
3255	1
3256	1
3257	1
3258	1
3259	1
3260	1
3261	1
3262	1
3263	1
3264	1
3265	1
3266	1
3267	1
3268	1
3269	1
3270	1
3271	1
3272	1
3273	1
3274	1
3275	1
3276	1
3277	1
3278	1
3279	1
3280	1
3281	1
3282	1
3283	1
3284	1
3285	1
3286	1
3287	1
3288	1
3289	1
3290	1
3291	1
3292	1
3293	1
3294	1
3295	1
3296	1
3297	1
3298	1
3299	1
3300	1
3301	1
3302	1
3303	1
3304	1
3305	1
3306	1
3307	1
3308	1
3309	1
3310	1
3311	1
3312	1
3313	1
3314	1
3315	1
3316	1
3317	1
3318	1
3319	1
3320	1
3321	1
3322	1
3323	1
3324	1
3325	1
3326	1
3327	1
3328	1
3329	1
3330	1
3331	1
3332	1
3333	1
3334	1
3335	1
3336	1
3337	1
3338	1
3339	1
3340	1
3341	1
3342	1
3343	1
3344	1
3345	1
3346	1
3347	1
3348	1
3349	1
3350	1
3351	1
3352	1
3353	1
3354	1
3355	1
3356	1
3357	1
3358	1
3359	1
3360	1
3361	1
3362	1
3363	1
3364	1
3365	1
3366	1
3367	1
3368	1
3369	1
3370	1
3371	1
3372	1
3373	1
3374	1
3375	1
3376	1
3377	1
3378	1
3379	1
3380	1
3381	1
3382	1
3383	1
3384	1
3385	1
3386	1
3387	1
3388	1
3389	1
3390	1
3391	1
3392	1
3393	1
3394	1
3395	1
3396	1
3397	1
3398	1
3399	1
3400	1
3401	1
3402	1
3403	1
3404	1
3405	1
3406	1
3407	1
3408	1
3409	1
3410	1
3411	1
3412	1
3413	1
3414	1
3415	1
3416	1
3417	1
3418	1
3419	1
3420	1
3421	1
3422	1
3423	1
3424	1
3425	1
3426	1
3427	1
3428	1
3429	1
3430	1
3431	1
3432	1
3433	1
3434	1
3435	1
3436	1
3437	1
3438	1
3439	1
3440	1
3441	1
3442	1
3443	1
3444	1
3445	1
3446	1
3447	1
3448	1
3449	1
3450	1
3451	1
3452	1
3453	1
3454	1
3455	1
3456	1
3457	1
3458	1
3459	1
3460	1
3461	1
3462	1
3463	1
3464	1
3465	1
3466	1
3467	1
3468	1
3469	1
3470	1
3471	1
3472	1
3473	1
3474	1
3475	1
3476	1
3477	1
3478	1
3479	1
3480	1
3481	1
3482	1
3483	1
3484	1
3485	1
3486	1
3487	1
3488	1
3489	1
3490	1
3491	1
3492	1
3493	1
3494	1
3495	1
3496	1
3497	1
3498	1
3499	1
3500	1
3501	1
3502	1
3503	1
3504	1
3505	1
3506	1
3507	1
3508	1
3509	1
3510	1
3511	1
3512	1
3513	1
3514	1
3515	1
3516	1
3517	1
3518	1
3519	1
3520	1
3521	1
3522	1
3523	1
3524	1
3525	1
3526	1
3527	1
3528	1
3529	1
3530	1
3531	1
3532	1
3533	1
3534	1
3535	1
3536	1
3537	1
3538	1
3539	1
3540	1
3541	1
3542	1
3543	1
3544	1
3545	1
3546	1
3547	1
3548	1
3549	1
3550	1
3551	1
3552	1
3553	1
3554	1
3555	1
3556	1
3557	1
3558	1
3559	1
3560	1
3561	1
3562	1
3563	1
3564	1
3565	1
3566	1
3567	1
3568	1
3569	1
3570	1
3571	1
3572	1
3573	1
3574	1
3575	1
3576	1
3577	1
3578	1
3579	1
3580	1
3581	1
3582	1
3583	1
3584	1
3585	1
3586	1
3587	1
3588	1
3589	1
3590	1
3591	1
3592	1
3593	1
3594	1
3595	1
3596	1
3597	1
3598	1
3599	1
3600	1
3601	1
3602	1
3603	1
3604	1
3605	1
3606	1
3607	1
3608	1
3609	1
3610	1
3611	1
3612	1
3613	1
3614	1
3615	1
3616	1
3617	1
3618	1
3619	1
3620	1
3621	1
3622	1
3623	1
3624	1
3625	1
3626	1
3627	1
3628	1
3629	1
3630	1
3631	1
3632	1
3633	1
3634	1
3635	1
3636	1
3637	1
3638	1
3639	1
3640	1
3641	1
3642	1
3643	1
3644	1
3645	1
3646	1
3647	1
3648	2
3649	2
3650	2
3651	2
3652	2
3653	2
3654	2
3655	2
3656	2
3657	2
3658	2
3659	2
3660	2
3661	2
3662	2
3663	2
3664	2
3665	2
3666	2
3667	2
3668	2
3669	2
3670	2
3671	2
3672	2
3673	2
3674	2
3675	2
3676	2
3677	2
3678	2
3679	2
3680	2
3681	2
3682	2
3683	2
3684	2
3685	2
3686	2
3687	2
3688	2
3689	2
3690	2
3691	2
3692	2
3693	2
3694	2
3695	2
3696	2
3697	2
3698	2
3699	2
3700	2
3701	2
3702	2
3703	2
3704	2
3705	2
3706	2
3707	2
3708	2
3709	2
3710	2
3711	2
3712	2
3713	2
3714	2
3715	2
3716	2
3717	2
3718	2
3719	2
3720	2
3721	2
3722	2
3723	2
3724	2
3725	2
3726	2
3727	2
3728	2
3729	2
3730	2
3731	2
3732	2
3733	2
3734	2
3735	2
3736	2
3737	2
3738	2
3739	2
3740	2
3741	2
3742	2
3743	2
3744	2
3745	2
3746	2
3747	2
3748	2
3749	2
3750	2
3751	2
3752	2
3753	2
3754	2
3755	2
3756	2
3757	3
3758	3
3759	3
3760	3
3761	3
3762	3
3763	3
3764	3
3765	3
3766	3
3767	3
3768	3
3769	3
3770	3
3771	3
3772	3
3773	3
3774	3
3775	3
3776	3
3777	3
3778	3
3779	3
3780	3
3781	3
3782	3
3783	3
3784	3
3785	3
3786	3
3787	3
3788	3
3789	3
3790	3
3791	3
3792	3
3793	3
3794	3
3795	3
3796	3
3797	3
3798	3
3799	3
3800	3
3801	3
3802	3
3803	3
3804	3
3805	3
3806	3
3807	3
3808	3
3809	3
3810	3
3811	3
3812	3
3813	3
3814	3
3815	3
3816	3
3817	3
3818	3
3819	3
3820	3
3821	3
3822	3
3823	3
3824	3
3825	3
3826	3
3827	3
3828	3
3829	3
3830	3
3831	3
3832	3
3833	4
3834	4
3835	4
3836	4
3837	4
3838	4
3839	4
3840	4
3841	4
3842	4
3843	4
3844	4
3845	4
3846	4
3847	4
3848	4
3849	4
3850	4
3851	4
3852	4
3853	4
3854	4
3855	4
3856	4
3857	4
3858	4
3859	4
3860	4
3861	4
3862	4
3863	4
3864	4
3865	4
3866	4
3867	4
3868	4
3869	4
3870	4
3871	4
3872	4
3873	4
3874	4
3875	4
3876	4
3877	4
3878	4
3879	4
3880	4
3881	4
3882	4
3883	4
3884	4
3885	4
3886	4
3887	4
3888	4
3889	4
3890	4
3891	4
3892	4
3893	4
3894	4
3895	4
3896	4
3897	5
3898	5
3899	5
3900	5
3901	5
3902	5
3903	5
3904	5
3905	5
3906	5
3907	5
3908	5
3909	5
3910	5
3911	5
3912	5
3913	5
3914	5
3915	5
3916	5
3917	5
3918	5
3919	5
3920	5
3921	5
3922	5
3923	5
3924	5
3925	5
3926	5
3927	5
3928	5
3929	5
3930	5
3931	5
3932	5
3933	5
3934	5
3935	5
3936	5
3937	5
3938	5
3939	5
3940	5
3941	5
3942	5
3943	5
3944	5
3945	5
3946	5
3947	5
3948	5
3949	5
3950	5
3951	5
3952	5
3953	5
3954	5
3955	5
3956	5
3957	5
3958	5
3959	5
3960	5
3961	5
3962	5
3963	5
3964	5
3965	5
3966	5
3967	5
3968	5
3969	5
3970	5
3971	5
3972	5
3973	5
3974	5
3975	5
3976	5
3977	5
3978	5
3979	5
3980	5
3981	5
3982	5
3983	5
3984	5
3985	5
3986	5
3987	5
3988	5
3989	5
3990	5
3991	5
3992	5
3993	5
3994	5
3995	5
3996	5
3997	5
3998	5
3999	5
4000	5
4001	5
4002	5
4003	5
4004	5
4005	5
4006	5
4007	5
4008	5
4009	5
4010	5
4011	5
4012	5
4013	5
4014	5
4015	5
4016	5
4017	5
4018	5
4019	5
4020	5
4021	5
4022	5
4023	5
4024	5
4025	5
4026	5
4027	5
4028	5
4029	5
4030	5
4031	5
4032	5
4033	5
4034	5
4035	5
4036	5
4037	5
4038	5
4039	5
4040	5
4041	5
4042	5
4043	5
4044	5
4045	5
4046	5
4047	5
4048	5
4049	5
4050	5
4051	5
4052	5
4053	5
4054	5
4055	5
4056	5
4057	5
4058	5
4059	5
4060	5
4061	5
4062	5
4063	5
4064	5
4065	5
4066	5
4067	5
4068	5
4069	5
4070	5
4071	5
4072	5
4073	5
4074	5
4075	5
4076	5
4077	5
4078	5
4079	5
4080	5
4081	5
4082	5
4083	5
4084	5
4085	5
4086	5
4087	5
4088	5
4089	5
4090	5
4091	5
4092	5
4093	5
4094	5
4095	5
4096	5
4097	5
4098	5
4099	5
4100	5
4101	5
4102	5
4103	5
4104	6
4105	6
4106	6
4107	6
4108	6
4109	6
4110	6
4111	6
4112	6
4113	6
4114	6
4115	6
4116	6
4117	6
4118	6
4119	6
4120	6
4121	6
4122	6
4123	6
4124	6
4125	6
4126	6
4127	6
4128	6
4129	6
4130	6
4131	6
4132	6
4133	6
4134	6
4135	6
4136	6
4137	6
4138	6
4139	6
4140	6
4141	6
4142	6
4143	6
4144	6
4145	6
4146	6
4147	6
4148	6
4149	6
4150	6
4151	6
4152	6
4153	6
4154	6
4155	6
4156	6
4157	6
4158	6
4159	6
4160	6
4161	6
4162	6
4163	6
4164	6
4165	6
4166	6
4167	6
4168	6
4169	6
4170	6
4171	6
4172	6
4173	6
4174	6
4175	6
4176	6
4177	6
4178	6
4179	6
4180	6
4181	6
4182	6
4183	6
4184	6
4185	6
4186	6
4187	6
4188	6
4189	6
4190	6
4191	6
4192	6
4193	6
4194	6
4195	6
4196	6
4197	6
4198	6
4199	6
4200	6
4201	6
4202	6
4203	6
4204	6
4205	6
4206	6
4207	6
4208	6
4209	6
4210	6
4211	6
4212	6
4213	6
4214	6
4215	6
4216	6
4217	6
4218	6
4219	6
4220	6
4221	6
4222	6
4223	6
4224	6
4225	6
4226	6
4227	6
4228	6
4229	6
4230	6
4231	6
4232	6
4233	6
4234	6
4235	6
4236	6
4237	6
4238	6
4239	6
4240	6
4241	6
4242	6
4243	6
4244	6
4245	7
4246	7
4247	7
4248	7
4249	7
4250	7
4251	7
4252	7
4253	7
4254	7
4255	7
4256	7
4257	7
4258	7
4259	7
4260	7
4261	7
4262	7
4263	7
4264	7
4265	7
4266	7
4267	7
4268	7
4269	7
4270	7
4271	7
4272	7
4273	7
4274	7
4275	7
4276	7
4277	7
4278	7
4279	7
4280	7
4281	7
4282	7
4283	7
4284	7
4285	7
4286	7
4287	7
4288	7
4289	7
4290	7
4291	7
4292	7
4293	7
4294	7
4295	7
4296	7
4297	7
4298	7
4299	7
4300	7
4301	7
4302	7
4303	7
4304	7
4305	7
4306	7
4307	7
4308	7
4309	7
4310	7
4311	7
4312	7
4313	7
4314	7
4315	7
4316	7
4317	7
4318	7
4319	7
4320	7
4321	7
4322	7
4323	7
4324	7
4325	7
4326	7
4327	8
4328	8
4329	8
4330	8
4331	8
4332	8
4333	8
4334	8
4335	8
4336	8
4337	8
4338	8
4339	8
4340	8
4341	8
4342	8
4343	8
4344	8
4345	8
4346	8
4347	8
4348	8
4349	8
4350	8
4351	8
4352	8
4353	8
4354	8
4355	8
4356	8
4357	8
4358	8
4359	8
4360	8
4361	8
4362	8
4363	8
4364	8
4365	8
4366	8
4367	8
4368	8
4369	8
4370	8
4371	8
4372	8
4373	8
4374	8
4375	8
4376	8
4377	8
4378	8
4379	8
4380	8
4381	8
4382	8
4383	8
4384	8
4385	8
4386	8
4387	8
4388	8
4389	8
4390	8
4391	8
4392	8
4393	8
4394	8
4395	8
4396	8
4397	8
4398	8
4399	8
4400	8
4401	8
4402	8
4403	8
4404	8
4405	8
4406	8
4407	8
4408	8
4409	8
4410	8
4411	8
4412	8
4413	8
4414	8
4415	8
4416	8
4417	8
4418	8
4419	8
4420	8
4421	8
4422	8
4423	8
4424	8
4425	8
4426	8
4427	8
4428	8
4429	8
4430	8
4431	8
4432	8
4433	8
4434	8
4435	8
4436	8
4437	8
4438	8
4439	8
4440	8
4441	8
4442	8
4443	8
4444	8
4445	8
4446	8
4447	8
4448	8
4449	8
4450	8
4451	8
4452	8
4453	8
4454	8
4455	8
4456	8
4457	8
4458	8
4459	8
4460	8
4461	8
4462	8
4463	8
4464	8
4465	8
4466	8
4467	8
4468	8
4469	8
4470	8
4471	8
4472	8
4473	8
4474	8
4475	8
4476	8
4477	8
4478	8
4479	8
4480	8
4481	8
4482	8
4483	8
4484	8
4485	8
4486	8
4487	8
4488	8
4489	8
4490	8
4491	8
4492	8
4493	8
4494	8
4495	8
4496	8
4497	8
4498	8
4499	8
4500	8
4501	8
4502	8
4503	8
4504	8
4505	8
4506	8
4507	8
4508	8
4509	8
4510	8
4511	8
4512	8
4513	8
4514	8
4515	8
4516	8
4517	8
4518	8
4519	8
4520	8
4521	8
4522	8
4523	8
4524	8
4525	8
4526	8
4527	8
4528	8
4529	8
4530	8
4531	8
4532	8
4533	8
4534	8
4535	8
4536	8
4537	8
4538	8
4539	8
4540	8
4541	8
4542	8
4543	8
4544	8
4545	8
4546	8
4547	8
4548	8
4549	8
4550	8
4551	8
4552	8
4553	8
4554	8
4555	8
4556	8
4557	8
4558	8
4559	8
4560	8
4561	8
4562	8
4563	8
4564	8
4565	8
4566	8
4567	8
4568	8
4569	8
4570	8
4571	8
4572	8
4573	8
4574	8
4575	8
4576	8
4577	8
4578	8
4579	8
4580	8
4581	8
4582	8
4583	8
4584	8
4585	8
4586	8
4587	8
4588	8
4589	8
4590	8
4591	8
4592	8
4593	8
4594	8
4595	8
4596	8
4597	8
4598	8
4599	8
4600	8
4601	8
4602	8
4603	8
4604	8
4605	8
4606	8
4607	8
4608	8
4609	8
4610	8
4611	8
4612	8
4613	8
4614	8
4615	8
4616	8
4617	8
4618	8
4619	8
4620	8
4621	8
4622	8
4623	8
4624	8
4625	8
4626	8
4627	8
4628	8
4629	8
4630	8
4631	8
4632	8
4633	8
4634	8
4635	8
4636	8
4637	8
4638	8
4639	8
4640	8
4641	8
4642	8
4643	8
4644	8
4645	8
4646	8
4647	8
4648	8
4649	8
4650	8
4651	8
4652	8
4653	8
4654	8
4655	8
4656	8
4657	8
4658	8
4659	8
4660	8
4661	8
4662	8
4663	8
4664	8
4665	8
4666	8
4667	8
4668	8
4669	8
4670	8
4671	8
4672	8
4673	8
4674	8
4675	8
4676	8
4677	8
4678	8
4679	8
4680	8
4681	8
4682	8
4683	8
4684	8
4685	8
4686	8
4687	8
4688	8
4689	8
4690	8
4691	8
4692	8
4693	8
4694	8
4695	8
4696	8
4697	8
4698	8
4699	8
4700	8
4701	8
4702	8
4703	8
4704	8
4705	8
4706	8
4707	8
4708	8
4709	8
4710	8
4711	8
4712	8
4713	8
4714	8
4715	8
4716	8
4717	8
4718	8
4719	8
4720	8
4721	8
4722	8
4723	8
4724	8
4725	8
4726	8
4727	8
4728	8
4729	8
4730	8
4731	8
4732	8
4733	8
4734	8
4735	8
4736	8
4737	8
4738	8
4739	8
4740	8
4741	8
4742	8
4743	8
4744	8
4745	8
4746	8
4747	8
4748	8
4749	8
4750	8
4751	8
4752	8
4753	8
4754	8
4755	8
4756	8
4757	8
4758	8
4759	8
4760	8
4761	8
4762	8
4763	8
4764	8
4765	8
4766	8
4767	8
4768	8
4769	8
4770	8
4771	8
4772	8
4773	8
4774	8
4775	8
4776	8
4777	8
4778	8
4779	8
4780	8
4781	8
4782	8
4783	8
4784	8
4785	8
4786	8
4787	8
4788	8
4789	8
4790	8
4791	8
4792	8
4793	8
4794	8
4795	8
4796	8
4797	8
4798	8
4799	8
4800	8
4801	8
4802	8
4803	8
4804	8
4805	8
4806	8
4807	8
4808	8
4809	8
4810	8
4811	8
4812	8
4813	8
4814	8
4815	8
4816	8
4817	8
4818	8
4819	8
4820	8
4821	8
4822	8
4823	8
4824	8
4825	8
4826	8
4827	8
4828	8
4829	8
4830	8
4831	8
4832	8
4833	8
4834	8
4835	8
4836	8
4837	8
4838	8
4839	8
4840	8
4841	8
4842	8
4843	8
4844	8
4845	8
4846	8
4847	8
4848	8
4849	8
4850	8
4851	8
4852	8
4853	8
4854	8
4855	8
4856	8
4857	8
4858	8
4859	8
4860	8
4861	8
4862	8
4863	8
4864	8
4865	8
4866	8
4867	8
4868	8
4869	8
4870	8
4871	8
4872	8
4873	8
4874	8
4875	8
4876	8
4877	8
4878	8
4879	8
4880	8
4881	8
4882	8
4883	8
4884	8
4885	8
4886	8
4887	8
4888	8
4889	8
4890	8
4891	8
4892	8
4893	8
4894	8
4895	8
4896	8
4897	8
4898	8
4899	8
4900	8
4901	8
4902	8
4903	8
4904	8
4905	8
4906	8
4907	8
4908	8
4909	8
4910	8
4911	8
4912	8
4913	8
4914	8
4915	8
4916	8
4917	8
4918	8
4919	8
4920	8
4921	8
4922	8
4923	8
4924	8
4925	8
4926	8
4927	8
4928	8
4929	8
4930	8
4931	8
4932	8
4933	8
4934	8
4935	8
4936	8
4937	8
4938	8
4939	8
4940	8
4941	8
4942	8
4943	8
4944	8
4945	8
4946	8
4947	8
4948	8
4949	8
4950	8
4951	8
4952	8
4953	8
4954	8
4955	8
4956	8
4957	8
4958	8
4959	8
4960	8
4961	8
4962	8
4963	8
4964	8
4965	8
4966	8
4967	8
4968	8
4969	8
4970	8
4971	8
4972	8
4973	8
4974	8
4975	8
4976	8
4977	8
4978	8
4979	8
4980	8
4981	8
4982	8
4983	8
4984	8
4985	8
4986	8
4987	8
4988	8
4989	8
4990	8
4991	8
4992	8
4993	8
4994	8
4995	8
4996	8
4997	8
4998	8
4999	8
5000	8
5001	8
5002	8
5003	8
5004	8
5005	8
5006	8
5007	8
5008	8
5009	8
5010	8
5011	8
5012	8
5013	8
5014	8
5015	8
5016	8
5017	8
5018	8
5019	8
5020	8
5021	8
5022	8
5023	8
5024	8
5025	8
5026	8
5027	8
5028	8
5029	8
5030	8
5031	8
5032	8
5033	8
5034	8
5035	8
5036	8
5037	8
5038	8
5039	8
5040	8
5041	8
5042	8
5043	8
5044	8
5045	8
5046	8
5047	8
5048	8
5049	8
5050	8
5051	8
5052	8
5053	8
5054	8
5055	8
5056	8
5057	8
5058	8
5059	8
5060	8
5061	8
5062	8
5063	8
5064	8
5065	8
5066	8
5067	8
5068	8
5069	8
5070	8
5071	8
5072	8
5073	8
5074	8
5075	8
5076	8
5077	8
5078	8
5079	8
5080	8
5081	8
5082	8
5083	8
5084	8
5085	8
5086	8
5087	8
5088	8
5089	8
5090	8
5091	8
5092	8
5093	8
5094	8
5095	8
5096	8
5097	8
5098	8
5099	8
5100	8
5101	8
5102	8
5103	8
5104	8
5105	8
5106	8
5107	8
5108	8
5109	8
5110	8
5111	8
5112	8
5113	8
5114	8
5115	8
5116	8
5117	8
5118	8
5119	8
5120	8
5121	8
5122	8
5123	8
5124	8
5125	8
5126	8
5127	8
5128	8
5129	8
5130	8
5131	8
5132	8
5133	8
5134	8
5135	8
5136	8
5137	8
5138	8
5139	8
5140	8
5141	8
5142	8
5143	8
5144	8
5145	8
5146	8
5147	8
5148	8
5149	8
5150	8
5151	8
5152	8
5153	8
5154	8
5155	8
5156	8
5157	8
5158	8
5159	8
5160	8
5161	8
5162	8
5163	8
5164	8
5165	8
5166	8
5167	8
5168	8
5169	8
5170	8
5171	8
5172	8
5173	8
5174	8
5175	8
5176	8
5177	8
5178	8
5179	8
5180	8
5181	8
5182	8
5183	8
5184	8
5185	8
5186	8
5187	8
5188	8
5189	8
5190	8
5191	8
5192	8
5193	8
5194	8
5195	8
5196	8
5197	8
5198	8
5199	8
5200	8
5201	8
5202	8
5203	8
5204	8
5205	8
5206	8
5207	8
5208	8
5209	8
5210	8
5211	8
5212	8
5213	8
5214	8
5215	8
5216	8
5217	8
5218	8
5219	8
5220	8
5221	8
5222	8
5223	8
5224	8
5225	8
5226	8
5227	8
5228	8
5229	8
5230	8
5231	8
5232	8
5233	8
5234	8
5235	8
5236	8
5237	8
5238	8
5239	8
5240	8
5241	8
5242	8
5243	8
5244	8
5245	8
5246	8
5247	8
5248	8
5249	8
5250	8
5251	8
5252	8
5253	8
5254	8
5255	8
5256	8
5257	8
5258	8
5259	8
5260	8
5261	8
5262	8
5263	8
5264	8
5265	8
5266	8
5267	8
5268	8
5269	8
5270	8
5271	8
5272	8
5273	8
5274	8
5275	8
5276	8
5277	8
5278	8
5279	8
5280	8
5281	8
5282	8
5283	8
5284	8
5285	8
5286	8
5287	8
5288	8
5289	8
5290	8
5291	8
5292	8
5293	8
5294	8
5295	8
5296	8
5297	8
5298	8
5299	8
5300	8
5301	8
5302	8
5303	8
5304	8
5305	8
5306	8
5307	8
5308	8
5309	8
5310	8
5311	8
5312	8
5313	8
5314	8
5315	8
5316	8
5317	8
5318	8
5319	8
5320	8
5321	8
5322	8
5323	8
5324	8
5325	8
5326	8
5327	8
5328	8
5329	8
5330	8
5331	8
5332	8
5333	8
5334	8
5335	8
5336	8
5337	8
5338	8
5339	8
5340	8
5341	8
5342	8
5343	8
5344	8
5345	8
5346	8
5347	8
5348	8
5349	8
5350	8
5351	8
5352	8
5353	8
5354	8
5355	8
5356	8
5357	9
5358	9
5359	9
5360	9
5361	9
5362	9
5363	9
5364	9
5365	9
5366	9
5367	9
5368	9
5369	9
5370	9
5371	9
5372	9
5373	9
5374	9
5375	9
5376	9
5377	9
5378	9
5379	9
5380	9
5381	9
5382	9
5383	9
5384	9
5385	9
5386	9
5387	9
5388	9
5389	9
5390	9
5391	9
5392	9
5393	9
5394	9
5395	9
5396	9
5397	9
5398	9
5399	9
5400	9
5401	9
5402	9
5403	9
5404	9
5405	9
5406	9
5407	9
5408	9
5409	9
5410	9
5411	9
5412	9
5413	9
5414	9
5415	9
5416	9
5417	9
5418	9
5419	9
5420	9
5421	9
5422	9
5423	9
5424	9
5425	9
5426	9
5427	9
5428	9
5429	9
5430	9
5431	9
5432	9
5433	9
5434	9
5435	9
5436	9
5437	9
5438	9
5439	9
5440	9
5441	9
5442	9
5443	9
5444	9
5445	9
5446	9
5447	9
5448	9
5449	9
5450	9
5451	9
5452	9
5453	9
5454	9
5455	9
5456	9
5457	9
5458	9
5459	9
5460	9
5461	10
5462	10
5463	10
5464	10
5465	10
5466	10
5467	10
5468	10
5469	10
5470	10
5471	10
5472	10
5473	10
5474	10
5475	10
5476	10
5477	10
5478	10
5479	10
5480	10
5481	10
5482	10
5483	10
5484	10
5485	10
5486	10
5487	10
5488	10
5489	10
5490	10
5491	10
5492	10
5493	10
5494	10
5495	10
5496	10
5497	10
5498	10
5499	10
5500	10
5501	10
5502	10
5503	10
5504	10
5505	10
5506	10
5507	10
5508	10
5509	10
5510	10
5511	10
5512	10
5513	10
5514	10
5515	10
5516	10
5517	10
5518	10
5519	10
5520	10
5521	10
5522	10
5523	10
5524	10
5525	10
5526	10
5527	10
5528	10
5529	10
5530	10
5531	10
5532	10
5533	10
5534	10
5535	10
5536	10
5537	10
5538	10
5539	10
5540	10
5541	10
5542	10
5543	10
5544	10
5545	10
5546	10
5547	10
5548	10
5549	10
5550	10
5551	10
5552	10
5553	10
5554	10
5555	10
5556	10
5557	10
5558	10
5559	10
5560	10
5561	10
5562	10
5563	10
5564	10
5565	10
5566	10
5567	10
5568	10
5569	10
5570	10
5571	10
5572	10
5573	10
5574	10
5575	10
5576	10
5577	10
5578	10
5579	10
5580	10
5581	10
5582	10
5583	10
5584	10
5585	10
5586	10
5587	10
5588	10
5589	10
5590	10
5591	10
5592	10
5593	10
5594	10
5595	10
5596	10
5597	10
5598	10
5599	10
5600	10
5601	10
5602	10
5603	10
5604	10
5605	10
5606	10
5607	10
5608	10
5609	10
5610	10
5611	10
5612	10
5613	10
5614	10
5615	10
5616	10
5617	10
5618	10
5619	10
5620	10
5621	10
5622	10
5623	10
5624	10
5625	10
5626	10
5627	10
5628	10
5629	10
5630	10
5631	10
5632	10
5633	10
5634	10
5635	10
5636	10
5637	10
5638	10
5639	10
5640	10
5641	10
5642	10
5643	10
5644	10
5645	10
5646	10
5647	10
5648	10
5649	10
5650	10
5651	10
5652	10
5653	10
5654	10
5655	10
5656	10
5657	10
5658	10
5659	10
5660	10
5661	10
5662	10
5663	10
5664	10
5665	10
5666	10
5667	10
5668	10
5669	10
5670	10
5671	10
5672	10
5673	10
5674	10
5675	10
5676	10
5677	10
5678	10
5679	10
5680	10
5681	10
5682	10
5683	10
5684	10
5685	10
5686	10
5687	10
5688	10
5689	10
5690	10
5691	10
5692	10
5693	10
5694	10
5695	10
5696	10
5697	10
5698	10
5699	10
5700	10
5701	10
5702	10
5703	10
5704	10
5705	10
5706	10
5707	10
5708	10
5709	10
5710	10
5711	10
5712	10
5713	10
5714	10
5715	10
5716	10
5717	10
5718	10
5719	10
5720	10
5721	10
5722	10
5723	10
5724	10
5725	10
5726	10
5727	10
5728	10
5729	10
5730	10
5731	10
5732	10
5733	10
5734	10
5735	10
5736	10
5737	10
5738	10
5739	10
5740	10
5741	10
5742	10
5743	10
5744	10
5745	10
5746	10
5747	10
5748	10
5749	10
5750	10
5751	10
5752	10
5753	10
5754	10
5755	10
5756	10
5757	10
5758	10
5759	10
5760	10
5761	10
5762	10
5763	10
5764	10
5765	10
5766	10
5767	10
5768	10
5769	10
5770	10
5771	10
5772	10
5773	10
5774	10
5775	10
5776	10
5777	10
5778	10
5779	10
5780	10
5781	10
5782	10
5783	10
5784	10
5785	10
5786	10
5787	10
5788	10
5789	10
5790	10
5791	10
5792	10
5793	10
5794	10
5795	10
5796	10
5797	10
5798	10
5799	10
5800	10
5801	10
5802	10
5803	10
5804	10
5805	10
5806	10
5807	10
5808	10
5809	10
5810	10
5811	10
5812	10
5813	10
5814	10
5815	10
5816	10
5817	10
5818	10
5819	10
5820	10
5821	10
5822	10
5823	10
5824	10
5825	10
5826	10
5827	10
5828	10
5829	10
5830	10
5831	10
5832	10
5833	10
5834	10
5835	10
5836	10
5837	10
5838	10
5839	10
5840	10
5841	10
5842	10
5843	10
5844	10
5845	10
5846	10
5847	10
5848	10
5849	10
5850	10
5851	10
5852	10
5853	10
5854	10
5855	10
5856	10
5857	10
5858	10
5859	10
5860	10
5861	10
5862	10
5863	10
5864	10
5865	10
5866	10
5867	10
5868	10
5869	10
5870	10
5871	10
5872	10
5873	10
5874	10
5875	10
5876	10
5877	10
5878	10
5879	10
5880	10
5881	10
5882	10
5883	10
5884	10
5885	10
5886	10
5887	10
5888	10
5889	10
5890	10
5891	10
5892	10
5893	10
5894	10
5895	10
5896	10
5897	10
5898	10
5899	10
5900	10
5901	10
5902	10
5903	10
5904	10
5905	10
5906	10
5907	10
5908	10
5909	10
5910	10
5911	10
5912	10
5913	10
5914	10
5915	10
5916	10
5917	10
5918	10
5919	10
5920	10
5921	10
5922	10
5923	10
5924	10
5925	10
5926	10
5927	10
5928	10
5929	10
5930	10
5931	10
5932	10
5933	10
5934	10
5935	10
5936	10
5937	10
5938	10
5939	10
5940	10
5941	10
5942	10
5943	10
5944	10
5945	10
5946	10
5947	10
5948	10
5949	10
5950	10
5951	10
5952	10
5953	10
5954	10
5955	10
5956	10
5957	10
5958	10
5959	10
5960	10
5961	10
5962	10
5963	10
5964	10
5965	10
5966	10
5967	10
5968	10
5969	10
5970	10
5971	10
5972	10
5973	10
5974	10
5975	10
5976	10
5977	10
5978	10
5979	10
5980	10
5981	10
5982	10
5983	10
5984	10
5985	10
5986	10
5987	10
5988	10
5989	10
5990	10
5991	10
5992	10
5993	10
5994	10
5995	10
5996	10
5997	10
5998	10
5999	10
6000	10
6001	10
6002	10
6003	10
6004	10
6005	10
6006	10
6007	10
6008	10
6009	10
6010	10
6011	10
6012	10
6013	10
6014	10
6015	10
6016	10
6017	10
6018	10
6019	10
6020	10
6021	10
6022	10
6023	10
6024	10
6025	10
6026	10
6027	10
6028	10
6029	10
6030	10
6031	10
6032	10
6033	10
6034	10
6035	10
6036	10
6037	10
6038	10
6039	10
6040	10
6041	10
6042	10
6043	10
6044	10
6045	10
6046	10
6047	10
6048	10
6049	10
6050	10
6051	10
6052	10
6053	10
6054	10
6055	10
6056	10
6057	10
6058	10
6059	10
6060	10
6061	10
6062	10
6063	10
6064	10
6065	10
6066	10
6067	10
6068	10
6069	10
6070	10
6071	10
6072	10
6073	10
6074	10
6075	10
6076	10
6077	10
6078	10
6079	10
6080	10
6081	10
6082	10
6083	10
6084	10
6085	10
6086	10
6087	10
6088	10
6089	10
6090	10
6091	10
6092	10
6093	10
6094	10
6095	10
6096	10
6097	10
6098	10
6099	10
6100	10
6101	10
6102	10
6103	10
6104	10
6105	10
6106	10
6107	10
6108	10
6109	10
6110	10
6111	10
6112	10
6113	10
6114	10
6115	10
6116	10
6117	10
6118	10
6119	10
6120	10
6121	10
6122	10
6123	10
6124	10
6125	10
6126	10
6127	10
6128	10
6129	10
6130	10
6131	10
6132	10
6133	10
6134	10
6135	10
6136	10
6137	10
6138	10
6139	10
6140	10
6141	10
6142	10
6143	10
6144	10
6145	10
6146	10
6147	10
6148	10
6149	10
6150	10
6151	10
6152	10
6153	10
6154	10
6155	10
6156	10
6157	10
6158	10
6159	10
6160	10
6161	10
6162	10
6163	10
6164	10
6165	10
6166	10
6167	10
6168	10
6169	10
6170	10
6171	10
6172	10
6173	10
6174	10
6175	10
6176	10
6177	10
6178	10
6179	10
6180	10
6181	10
6182	10
6183	10
6184	10
6185	10
6186	10
6187	10
6188	10
6189	10
6190	10
6191	10
6192	10
6193	10
6194	10
6195	10
6196	10
6197	10
6198	10
6199	10
6200	10
6201	10
6202	10
6203	10
6204	10
6205	10
6206	10
6207	10
6208	10
6209	10
6210	10
6211	10
6212	10
6213	10
6214	10
6215	10
6216	10
6217	10
6218	10
6219	10
6220	10
6221	10
6222	10
6223	10
6224	10
6225	10
6226	10
6227	10
6228	10
6229	10
6230	10
6231	10
6232	10
6233	10
6234	10
6235	10
6236	10
6237	10
6238	10
6239	10
6240	10
6241	10
6242	10
6243	10
6244	10
6245	10
6246	10
6247	10
6248	10
6249	10
6250	10
6251	10
6252	10
6253	10
6254	10
6255	10
6256	10
6257	10
6258	10
6259	10
6260	10
6261	10
6262	10
6263	10
6264	10
6265	10
6266	10
6267	10
6268	10
6269	10
6270	10
6271	10
6272	10
6273	10
6274	10
6275	10
6276	10
6277	10
6278	10
6279	10
6280	10
6281	10
6282	10
6283	10
6284	10
6285	10
6286	10
6287	10
6288	10
6289	10
6290	10
6291	10
6292	10
6293	10
6294	10
6295	10
6296	10
6297	10
6298	10
6299	10
6300	10
6301	10
6302	10
6303	10
6304	10
6305	10
6306	10
6307	10
6308	10
6309	10
6310	10
6311	10
6312	10
6313	10
6314	10
6315	10
6316	10
6317	10
6318	10
6319	10
6320	10
6321	10
6322	10
6323	10
6324	10
6325	10
6326	10
6327	10
6328	10
6329	10
6330	10
6331	10
6332	10
6333	10
6334	10
6335	10
6336	10
6337	10
6338	10
6339	10
6340	10
6341	10
6342	10
6343	10
6344	10
6345	10
6346	10
6347	10
6348	10
6349	10
6350	10
6351	10
6352	10
6353	10
6354	10
6355	10
6356	10
6357	10
6358	10
6359	10
6360	10
6361	10
6362	10
6363	10
6364	10
6365	10
6366	10
6367	10
6368	10
6369	10
6370	10
6371	10
6372	10
6373	10
6374	10
6375	10
6376	10
6377	10
6378	10
6379	10
6380	10
6381	10
6382	10
6383	10
6384	10
6385	10
6386	10
6387	10
6388	10
6389	10
6390	10
6391	10
6392	10
6393	10
6394	10
6395	10
6396	10
6397	10
6398	10
6399	10
6400	10
6401	10
6402	10
6403	10
6404	10
6405	10
6406	10
6407	10
6408	10
6409	10
6410	10
6411	10
6412	10
6413	10
6414	10
6415	10
6416	10
6417	10
6418	10
6419	10
6420	10
6421	10
6422	10
6423	10
6424	10
6425	10
6426	10
6427	10
6428	10
6429	10
6430	10
6431	10
6432	10
6433	10
6434	10
6435	10
6436	10
6437	10
6438	10
6439	10
6440	10
6441	10
6442	10
6443	10
6444	10
6445	10
6446	10
6447	10
6448	10
6449	10
6450	10
6451	10
6452	10
6453	10
6454	10
6455	10
6456	10
6457	10
6458	10
6459	10
6460	10
6461	10
6462	10
6463	10
6464	10
6465	10
6466	10
6467	10
6468	10
6469	10
6470	10
6471	10
6472	10
6473	10
6474	10
6475	10
6476	10
6477	10
6478	10
6479	10
6480	10
6481	10
6482	10
6483	10
6484	10
6485	10
6486	10
6487	10
6488	10
6489	10
6490	10
6491	10
6492	10
6493	10
6494	10
6495	10
6496	10
6497	10
6498	10
6499	10
6500	10
6501	10
6502	10
6503	10
6504	10
6505	10
6506	10
6507	10
6508	10
6509	10
6510	10
6511	10
6512	10
6513	10
6514	10
6515	10
6516	10
6517	10
6518	10
6519	10
6520	10
6521	10
6522	10
6523	10
6524	10
6525	10
6526	10
6527	10
6528	10
6529	10
6530	10
6531	10
6532	10
6533	10
6534	10
6535	10
6536	10
6537	10
6538	10
6539	10
6540	10
6541	10
6542	10
6543	10
6544	10
6545	10
6546	10
6547	10
6548	10
6549	10
6550	10
6551	10
6552	10
6553	10
6554	10
6555	10
6556	10
6557	10
6558	10
6559	10
6560	10
6561	10
6562	10
6563	10
6564	10
6565	10
6566	10
6567	10
6568	10
6569	10
6570	10
6571	10
6572	10
6573	10
6574	10
6575	10
6576	10
6577	10
6578	10
6579	10
6580	10
6581	10
6582	10
6583	10
6584	10
6585	10
6586	10
6587	10
6588	10
6589	10
6590	10
6591	10
6592	10
6593	10
6594	10
6595	10
6596	10
6597	10
6598	10
6599	10
6600	10
6601	10
6602	10
6603	10
6604	10
6605	10
6606	10
6607	10
6608	10
6609	10
6610	10
6611	10
6612	10
6613	10
6614	10
6615	10
6616	10
6617	10
6618	10
6619	10
6620	10
6621	10
6622	10
6623	10
6624	10
6625	10
6626	10
6627	10
6628	10
6629	10
6630	10
6631	10
6632	10
6633	10
6634	10
6635	10
6636	10
6637	10
6638	10
6639	10
6640	10
6641	10
6642	10
6643	10
6644	10
6645	10
6646	10
6647	10
6648	10
6649	10
6650	10
6651	10
6652	10
6653	10
6654	10
6655	10
6656	10
6657	10
6658	10
6659	10
6660	10
6661	10
6662	10
6663	10
6664	10
6665	10
6666	10
6667	10
6668	10
6669	10
6670	10
6671	10
6672	10
6673	10
6674	10
6675	10
6676	10
6677	10
6678	10
6679	10
6680	10
6681	10
6682	10
6683	10
6684	10
6685	10
6686	10
6687	10
6688	10
6689	10
6690	10
6691	10
6692	10
6693	10
6694	10
6695	10
6696	10
6697	10
6698	10
6699	10
6700	10
6701	10
6702	10
6703	10
6704	10
6705	10
6706	10
6707	10
6708	10
6709	10
6710	10
6711	10
6712	10
6713	10
6714	10
6715	10
6716	10
6717	10
6718	10
6719	10
6720	10
6721	10
6722	10
6723	10
6724	10
6725	10
6726	10
6727	10
6728	10
6729	10
6730	10
6731	10
6732	10
6733	10
6734	10
6735	10
6736	10
6737	10
6738	10
6739	10
6740	10
6741	10
6742	10
6743	10
6744	10
6745	10
6746	10
6747	10
6748	10
6749	10
6750	10
6751	10
6752	10
6753	10
6754	10
6755	10
6756	10
6757	10
6758	10
6759	10
6760	10
6761	10
6762	10
6763	10
6764	10
6765	10
6766	10
6767	10
6768	10
6769	10
6770	10
6771	10
6772	10
6773	10
6774	10
6775	10
6776	10
6777	10
6778	10
6779	10
6780	10
6781	10
6782	10
6783	10
6784	10
6785	10
6786	10
6787	10
6788	10
6789	10
6790	10
6791	10
6792	10
6793	10
6794	10
6795	10
6796	10
6797	10
6798	10
6799	10
6800	10
6801	10
6802	10
6803	10
6804	10
6805	10
6806	10
6807	10
6808	10
6809	10
6810	10
6811	10
6812	10
6813	11
6814	11
6815	11
6816	11
6817	11
6818	11
6819	11
6820	11
6821	11
6822	11
6823	11
6824	11
6825	11
6826	11
6827	11
6828	11
6829	11
6830	11
6831	11
6832	11
6833	11
6834	11
6835	11
6836	12
6837	12
6838	12
6839	12
6840	12
6841	12
6842	12
6843	12
6844	12
6845	12
6846	12
6847	12
6848	12
6849	12
6850	12
6851	12
6852	12
6853	12
6854	12
6855	12
6856	12
6857	12
6858	12
6859	12
6860	12
6861	12
6862	12
6863	12
6864	12
6865	12
6866	12
6867	12
6868	12
6869	12
6870	12
6871	12
6872	12
6873	12
6874	12
6875	12
6876	12
6877	12
6878	12
6879	12
6880	12
6881	12
6882	12
6883	12
6884	12
6885	12
6886	12
6887	12
6888	12
6889	12
6890	12
6891	12
6892	12
6893	12
6894	12
6895	12
6896	12
6897	12
6898	12
6899	12
6900	12
6901	12
6902	12
6903	12
6904	12
6905	12
6906	12
6907	12
6908	12
6909	12
6910	12
6911	12
6912	12
6913	12
6914	12
6915	12
6916	12
6917	12
6918	12
6919	12
6920	12
6921	12
6922	12
6923	12
6924	12
6925	12
6926	12
6927	12
6928	12
6929	12
6930	12
6931	12
6932	12
6933	12
6934	12
6935	12
6936	12
6937	12
6938	12
6939	12
6940	12
6941	12
6942	12
6943	12
6944	12
6945	12
6946	12
6947	12
6948	12
6949	12
6950	12
6951	12
6952	12
6953	12
6954	12
6955	12
6956	12
6957	12
6958	12
6959	12
6960	12
6961	12
6962	12
6963	12
6964	12
6965	12
6966	12
6967	12
6968	12
6969	12
6970	12
6971	12
6972	12
6973	12
6974	12
6975	12
6976	12
6977	12
6978	12
6979	12
6980	12
6981	12
6982	12
6983	12
6984	12
6985	12
6986	12
6987	12
6988	12
6989	12
6990	12
6991	12
6992	12
6993	12
6994	12
6995	12
6996	12
6997	12
6998	12
6999	12
7000	12
7001	12
7002	12
7003	12
7004	12
7005	12
7006	12
7007	12
7008	12
7009	12
7010	12
7011	12
7012	12
7013	12
7014	12
7015	12
7016	12
7017	12
7018	12
7019	12
7020	12
7021	12
7022	12
7023	12
7024	12
7025	12
7026	12
7027	12
7028	12
7029	12
7030	12
7031	12
7032	12
7033	12
7034	12
7035	12
7036	12
7037	12
7038	12
7039	12
7040	12
7041	12
7042	12
7043	12
7044	12
7045	12
7046	12
7047	12
7048	12
7049	12
7050	12
7051	12
7052	12
7053	12
7054	12
7055	12
7056	12
7057	12
7058	12
7059	12
7060	12
7061	12
7062	12
7063	12
7064	12
7065	12
7066	12
7067	12
7068	12
7069	12
7070	12
7071	12
7072	12
7073	12
7074	12
7075	12
7076	12
7077	12
7078	12
7079	12
7080	12
7081	12
7082	12
7083	12
7084	12
7085	12
7086	12
7087	12
7088	12
7089	12
7090	12
7091	12
7092	12
7093	12
7094	12
7095	12
7096	12
7097	12
7098	12
7099	12
7100	12
7101	12
7102	12
7103	12
7104	12
7105	12
7106	12
7107	12
7108	12
7109	12
7110	12
7111	12
7112	12
7113	12
7114	12
7115	12
7116	12
7117	12
7118	12
7119	12
7120	12
7121	12
7122	12
7123	12
7124	12
7125	12
7126	12
7127	12
7128	12
7129	12
7130	12
7131	12
7132	12
7133	12
7134	12
7135	12
7136	12
7137	12
7138	12
7139	12
7140	12
7141	12
7142	12
7143	12
7144	12
7145	12
7146	12
7147	12
7148	12
7149	12
7150	12
7151	12
7152	12
7153	12
7154	12
7155	12
7156	12
7157	12
7158	12
7159	12
7160	12
7161	12
7162	12
7163	12
7164	12
7165	12
7166	12
7167	12
7168	12
7169	12
7170	12
7171	12
7172	12
7173	12
7174	12
7175	12
7176	12
7177	12
7178	12
7179	12
7180	12
7181	12
7182	12
7183	12
7184	12
7185	12
7186	12
7187	12
7188	12
7189	12
7190	12
7191	12
7192	12
7193	12
7194	12
7195	12
7196	12
7197	12
7198	12
7199	12
7200	12
7201	12
7202	12
7203	12
7204	12
7205	12
7206	12
7207	12
7208	12
7209	12
7210	12
7211	12
7212	12
7213	12
7214	12
7215	12
7216	12
7217	12
7218	12
7219	12
7220	12
7221	12
7222	12
7223	12
7224	12
7225	12
7226	12
7227	12
7228	12
7229	13
7230	13
7231	13
7232	13
7233	13
7234	13
7235	13
7236	13
7237	13
7238	13
7239	13
7240	13
7241	13
7242	13
7243	13
7244	13
7245	13
7246	13
7247	13
7248	13
7249	13
7250	13
7251	13
7252	13
7253	13
7254	13
7255	13
7256	13
7257	13
7258	13
7259	13
7260	13
7261	13
7262	13
7263	13
7264	13
7265	13
7266	13
7267	13
7268	13
7269	13
7270	13
7271	13
7272	13
7273	13
7274	13
7275	13
7276	13
7277	13
7278	13
7279	13
7280	13
7281	13
7282	13
7283	13
7284	13
7285	13
7286	13
7287	13
7288	13
7289	13
7290	13
7291	13
7292	13
7293	13
7294	13
7295	13
7296	13
7297	13
7298	13
7299	13
7300	13
7301	13
7302	13
7303	13
7304	13
7305	13
7306	13
7307	13
7308	13
7309	13
7310	13
7311	13
7312	13
7313	13
7314	13
7315	13
7316	13
7317	13
7318	13
7319	13
7320	13
7321	13
7322	13
7323	13
7324	13
7325	13
7326	13
7327	13
7328	13
7329	13
7330	13
7331	13
7332	13
7333	13
7334	13
7335	13
7336	13
7337	13
7338	13
7339	13
7340	13
7341	13
7342	13
7343	13
7344	13
7345	13
7346	13
7347	13
7348	13
7349	13
7350	13
7351	13
7352	13
7353	13
7354	13
7355	13
7356	13
7357	13
7358	13
7359	14
7360	14
7361	14
7362	14
7363	14
7364	14
7365	14
7366	14
7367	14
7368	14
7369	14
7370	14
7371	14
7372	14
7373	14
7374	14
7375	14
7376	14
7377	14
7378	14
7379	14
7380	14
7381	14
7382	14
7383	14
7384	14
7385	14
7386	14
7387	14
7388	14
7389	14
7390	14
7391	14
7392	14
7393	14
7394	14
7395	14
7396	14
7397	14
7398	14
7399	14
7400	14
7401	14
7402	14
7403	14
7404	14
7405	14
7406	14
7407	14
7408	14
7409	14
7410	14
7411	14
7412	14
7413	15
7414	15
7415	15
7416	15
7417	15
7418	15
7419	15
7420	15
7421	15
7422	15
7423	15
7424	15
7425	15
7426	15
7427	15
7428	15
7429	15
7430	15
7431	15
7432	15
7433	15
7434	15
7435	15
7436	15
7437	15
7438	15
7439	15
7440	15
7441	15
7442	15
7443	15
7444	15
7445	15
7446	15
7447	15
7448	15
7449	15
7450	15
7451	15
7452	15
7453	15
7454	15
7455	15
7456	15
7457	15
7458	15
7459	15
7460	15
7461	16
7462	16
7463	16
7464	16
7465	16
7466	16
7467	16
7468	16
7469	16
7470	16
7471	16
7472	16
7473	16
7474	16
7475	16
7476	16
7477	16
7478	16
7479	16
7480	16
7481	16
7482	16
7483	16
7484	16
7485	16
7486	16
7487	16
7488	16
7489	16
7490	16
7491	16
7492	16
7493	16
7494	16
7495	16
7496	16
7497	16
7498	17
7499	17
7500	17
7501	17
7502	17
7503	17
7504	17
7505	17
7506	17
7507	17
7508	17
7509	17
7510	17
7511	17
7512	17
7513	17
7514	17
7515	17
7516	17
7517	17
7518	17
7519	18
7520	18
7521	18
7522	18
7523	18
7524	18
7525	18
7526	18
7527	18
7528	18
7529	18
7530	18
7531	18
7532	18
7533	18
7534	18
7535	18
7536	18
7537	18
7538	18
7539	18
7540	18
7541	18
7542	18
7543	18
7544	18
7545	18
7546	18
7547	18
7548	18
7549	18
7550	18
7551	18
7552	18
7553	18
7554	18
7555	18
7556	18
7557	18
7558	18
7559	18
7560	18
7561	18
7562	18
7563	18
7564	18
7565	18
7566	18
7567	18
7568	18
7569	18
7570	18
7571	18
7572	18
7573	18
7574	18
7575	18
7576	18
7577	18
7578	18
7579	18
7580	18
7581	18
7582	18
7583	18
7584	18
7585	18
7586	18
7587	18
7588	18
7589	18
7590	18
7591	18
7592	18
7593	18
7594	18
7595	18
7596	18
7597	18
7598	18
7599	18
7600	18
7601	18
7602	18
7603	18
7604	18
7605	18
7606	18
7607	18
7608	18
7609	18
7610	18
7611	18
7612	18
7613	18
7614	18
7615	18
7616	18
7617	18
7618	18
7619	18
7620	18
7621	18
7622	18
7623	18
7624	18
7625	18
7626	18
7627	18
7628	18
7629	18
7630	18
7631	18
7632	18
7633	18
7634	18
7635	18
7636	18
7637	18
7638	18
7639	18
7640	18
7641	18
7642	18
7643	18
7644	18
7645	18
7646	18
7647	18
7648	18
7649	18
7650	18
7651	18
7652	18
7653	19
7654	19
7655	19
7656	19
7657	19
7658	19
7659	19
7660	19
7661	19
7662	19
7663	19
7664	19
7665	19
7666	19
7667	19
7668	19
7669	19
7670	19
7671	19
7672	19
7673	19
7674	19
7675	19
7676	19
7677	19
7678	19
7679	19
7680	19
7681	19
7682	19
7683	19
7684	19
7685	19
7686	19
7687	19
7688	19
7689	19
7690	19
7691	19
7692	19
7693	19
7694	19
7695	19
7696	19
7697	19
7698	19
7699	19
7700	19
7701	19
7702	19
7703	19
7704	19
7705	19
7706	19
7707	19
7708	19
7709	19
7710	19
7711	19
7712	19
7713	19
7714	19
7715	19
7716	19
7717	19
7718	19
7719	19
7720	19
7721	19
7722	19
7723	19
7724	19
7725	19
7726	19
7727	19
7728	19
7729	19
7730	19
7731	19
7732	19
7733	19
7734	19
7735	19
7736	19
7737	19
7738	19
7739	19
7740	19
7741	19
7742	19
7743	19
7744	19
7745	19
7746	19
7747	19
7748	19
7749	19
7750	19
7751	19
7752	19
7753	19
7754	19
7755	19
7756	19
7757	19
7758	19
7759	19
7760	19
7761	19
7762	19
7763	19
7764	19
7765	19
7766	19
7767	19
7768	19
7769	19
7770	19
7771	19
7772	19
7773	19
7774	19
7775	19
7776	19
7777	19
7778	19
7779	19
7780	19
7781	19
7782	19
7783	19
7784	19
7785	19
7786	19
7787	19
7788	19
7789	19
7790	19
7791	19
7792	19
7793	19
7794	19
7795	19
7796	19
7797	19
7798	19
7799	19
7800	19
7801	19
7802	19
7803	19
7804	19
7805	19
7806	19
7807	19
7808	19
7809	19
7810	20
7811	20
7812	20
7813	20
7814	20
7815	20
7816	20
7817	20
7818	20
7819	20
7820	20
7821	20
7822	20
7823	20
7824	20
7825	20
7826	20
7827	20
7828	20
7829	20
7830	20
7831	20
7832	20
7833	20
7834	20
7835	20
7836	20
7837	20
7838	20
7839	20
7840	20
7841	20
7842	20
7843	20
7844	20
7845	20
7846	20
7847	20
7848	20
7849	20
7850	20
7851	20
7852	20
7853	20
7854	20
7855	20
7856	20
7857	20
7858	20
7859	20
7860	20
7861	20
7862	20
7863	20
7864	20
7865	20
7866	20
7867	20
7868	20
7869	20
7870	20
7871	20
7872	20
7873	20
7874	20
7875	20
7876	20
7877	20
7878	20
7879	20
7880	20
7881	20
7882	20
7883	20
7884	20
7885	20
7886	20
7887	20
7888	20
7889	20
7890	20
7891	20
7892	20
7893	20
7894	20
7895	20
7896	20
7897	20
7898	20
7899	20
7900	20
7901	20
7902	20
7903	20
7904	20
7905	20
7906	20
7907	20
7908	20
7909	20
7910	20
7911	20
7912	20
7913	20
7914	20
7915	20
7916	20
7917	20
7918	20
7919	20
7920	20
7921	20
7922	20
7923	20
7924	20
7925	20
7926	20
7927	20
7928	20
7929	20
7930	20
7931	20
7932	20
7933	20
7934	20
7935	20
7936	20
7937	20
7938	20
7939	20
7940	20
7941	20
7942	20
7943	20
7944	20
7945	20
7946	20
7947	20
7948	20
7949	20
7950	20
7951	20
7952	20
7953	20
7954	20
7955	20
7956	20
7957	20
7958	20
7959	20
7960	20
7961	20
7962	20
7963	20
7964	20
7965	20
7966	20
7967	20
7968	20
7969	20
7970	20
7971	20
7972	20
7973	20
7974	20
7975	20
7976	20
7977	20
7978	20
7979	20
7980	20
7981	20
7982	20
7983	20
7984	20
7985	20
7986	20
7987	20
7988	20
7989	20
7990	20
7991	20
7992	20
7993	20
7994	20
7995	20
7996	20
7997	20
7998	20
7999	20
8000	20
8001	20
8002	20
8003	20
8004	20
8005	20
8006	20
8007	20
8008	20
8009	20
8010	20
8011	20
8012	20
8013	20
8014	20
8015	20
8016	20
8017	20
8018	20
8019	20
8020	20
8021	20
8022	20
8023	20
8024	20
8025	20
8026	20
8027	20
8028	20
8029	20
8030	20
8031	20
8032	20
8033	20
8034	20
8035	20
8036	20
8037	20
8038	20
8039	20
8040	20
8041	20
8042	20
8043	20
8044	20
8045	20
8046	20
8047	20
8048	20
8049	20
8050	20
8051	20
8052	20
8053	20
8054	20
8055	20
8056	20
8057	20
8058	20
8059	20
8060	20
8061	20
8062	20
8063	20
8064	20
8065	20
8066	20
8067	20
8068	20
8069	20
8070	20
8071	20
8072	20
8073	20
8074	20
8075	20
8076	20
8077	20
8078	20
8079	20
8080	20
8081	20
8082	20
8083	20
8084	20
8085	20
8086	20
8087	20
8088	20
8089	20
8090	20
8091	20
8092	20
8093	20
8094	20
8095	20
8096	20
8097	20
8098	20
8099	20
8100	20
8101	20
8102	20
8103	20
8104	20
8105	20
8106	20
8107	20
8108	20
8109	20
8110	20
8111	20
8112	20
8113	20
8114	20
8115	20
8116	20
8117	20
8118	20
8119	20
8120	20
8121	20
8122	20
8123	20
8124	20
8125	20
8126	20
8127	20
8128	20
8129	20
8130	20
8131	20
8132	20
8133	20
8134	20
8135	20
8136	20
8137	20
8138	20
8139	20
8140	20
8141	20
8142	20
8143	20
8144	20
8145	20
8146	20
8147	20
8148	20
8149	20
8150	20
8151	20
8152	20
8153	20
8154	20
8155	20
8156	20
8157	20
8158	20
8159	20
8160	20
8161	20
8162	20
8163	20
8164	20
8165	20
8166	20
8167	20
8168	20
8169	20
8170	20
8171	20
8172	20
8173	20
8174	20
8175	20
8176	20
8177	20
8178	20
8179	20
8180	20
8181	20
8182	20
8183	20
8184	20
8185	20
8186	20
8187	20
8188	20
8189	20
8190	20
8191	20
8192	20
8193	20
8194	20
8195	20
8196	20
8197	20
8198	20
8199	20
8200	20
8201	20
8202	20
8203	20
8204	20
8205	20
8206	20
8207	20
8208	20
8209	20
8210	20
8211	20
8212	20
8213	20
8214	20
8215	20
8216	20
8217	20
8218	20
8219	20
8220	20
8221	20
8222	20
8223	20
8224	20
8225	20
8226	20
8227	20
8228	20
8229	20
8230	20
8231	20
8232	20
8233	20
8234	20
8235	20
8236	20
8237	20
8238	20
8239	20
8240	20
8241	20
8242	20
8243	20
8244	20
8245	20
8246	20
8247	20
8248	20
8249	20
8250	20
8251	20
8252	20
8253	20
8254	20
8255	20
8256	20
8257	20
8258	20
8259	20
8260	20
8261	20
8262	20
8263	20
8264	20
8265	20
8266	20
8267	20
8268	20
8269	20
8270	20
8271	20
8272	20
8273	20
8274	20
8275	20
8276	20
8277	20
8278	20
8279	20
8280	20
8281	20
8282	20
8283	20
8284	20
8285	20
8286	20
8287	20
8288	20
8289	20
8290	20
8291	20
8292	20
8293	20
8294	20
8295	20
8296	20
8297	20
8298	20
8299	20
8300	20
8301	20
8302	20
8303	20
8304	20
8305	20
8306	20
8307	20
8308	20
8309	20
8310	20
8311	20
8312	20
8313	20
8314	20
8315	20
8316	20
8317	20
8318	20
8319	20
8320	20
8321	20
8322	20
8323	20
8324	20
8325	20
8326	20
8327	20
8328	20
8329	20
8330	20
8331	20
8332	20
8333	20
8334	20
8335	20
8336	20
8337	20
8338	20
8339	20
8340	20
8341	20
8342	20
8343	20
8344	20
8345	20
8346	20
8347	20
8348	20
8349	20
8350	20
8351	20
8352	20
8353	20
8354	20
8355	20
8356	20
8357	20
8358	20
8359	20
8360	20
8361	20
8362	20
8363	20
8364	20
8365	20
8366	20
8367	20
8368	20
8369	20
8370	20
8371	20
8372	20
8373	20
8374	20
8375	20
8376	20
8377	20
8378	20
8379	20
8380	20
8381	20
8382	20
8383	20
8384	20
8385	20
8386	20
8387	20
8388	20
8389	20
8390	20
8391	20
8392	20
8393	20
8394	20
8395	20
8396	20
8397	20
8398	20
8399	20
8400	20
8401	20
8402	20
8403	20
8404	20
8405	20
8406	20
8407	20
8408	20
8409	20
8410	20
8411	20
8412	20
8413	20
8414	20
8415	20
8416	20
8417	20
8418	20
8419	20
8420	20
8421	20
8422	20
8423	20
8424	20
8425	20
8426	20
8427	20
8428	20
8429	20
8430	20
8431	20
8432	20
8433	20
8434	20
8435	20
8436	20
8437	20
8438	20
8439	20
8440	20
8441	20
8442	20
8443	20
8444	20
8445	20
8446	20
8447	20
8448	20
8449	20
8450	20
8451	20
8452	20
8453	20
8454	20
8455	20
8456	20
8457	20
8458	20
8459	20
8460	20
8461	20
8462	20
8463	20
8464	20
8465	20
8466	20
8467	20
8468	20
8469	20
8470	20
8471	20
8472	20
8473	20
8474	20
8475	20
8476	20
8477	20
8478	20
8479	20
8480	20
8481	20
8482	20
8483	20
8484	20
8485	20
8486	20
8487	20
8488	20
8489	20
8490	20
8491	20
8492	20
8493	20
8494	20
8495	20
8496	20
8497	20
8498	20
8499	20
8500	20
8501	20
8502	20
8503	20
8504	20
8505	20
8506	20
8507	20
8508	20
8509	20
8510	20
8511	20
8512	20
8513	20
8514	20
8515	20
8516	20
8517	20
8518	20
8519	20
8520	20
8521	20
8522	20
8523	20
8524	20
8525	20
8526	20
8527	20
8528	20
8529	20
8530	20
8531	20
8532	21
8533	21
8534	21
8535	21
8536	21
8537	21
8538	21
8539	21
8540	21
8541	21
8542	21
8543	21
8544	21
8545	21
8546	21
8547	21
8548	21
8549	21
8550	21
8551	21
8552	21
8553	21
8554	21
8555	21
8556	21
8557	21
8558	21
8559	21
8560	21
8561	21
8562	21
8563	21
8564	21
8565	21
8566	21
8567	21
8568	21
8569	21
8570	21
8571	21
8572	21
8573	21
8574	21
8575	21
8576	21
8577	21
8578	21
8579	21
8580	21
8581	21
8582	21
8583	21
8584	21
8585	21
8586	21
8587	21
8588	21
8589	21
8590	21
8591	21
8592	21
8593	21
8594	21
8595	21
8596	21
8597	21
8598	21
8599	21
8600	21
8601	21
8602	21
8603	21
8604	21
8605	21
8606	21
8607	21
8608	21
8609	21
8610	21
8611	21
8612	21
8613	21
8614	21
8615	21
8616	21
8617	21
8618	21
8619	21
8620	21
8621	21
8622	21
8623	21
8624	21
8625	21
8626	21
8627	21
8628	21
8629	21
8630	21
8631	21
8632	21
8633	21
8634	21
8635	21
8636	21
8637	21
8638	21
8639	21
8640	21
8641	21
8642	21
8643	21
8644	21
8645	21
8646	21
8647	21
8648	21
8649	21
8650	21
8651	21
8652	21
8653	21
8654	21
8655	21
8656	21
8657	21
8658	21
8659	21
8660	21
8661	21
8662	21
8663	21
8664	21
8665	21
8666	21
8667	21
8668	21
8669	21
8670	21
8671	21
8672	21
8673	21
8674	21
8675	21
8676	21
8677	21
8678	21
8679	21
8680	21
8681	21
8682	21
8683	21
8684	21
8685	21
8686	22
8687	22
8688	22
8689	22
8690	22
8691	22
8692	22
8693	22
8694	22
8695	22
8696	22
8697	22
8698	22
8699	22
8700	22
8701	22
8702	22
8703	22
8704	22
8705	22
8706	22
8707	22
8708	22
8709	22
8710	22
8711	22
8712	22
8713	22
8714	22
8715	22
8716	22
8717	22
8718	22
8719	22
8720	22
8721	22
8722	22
8723	22
8724	22
8725	22
8726	22
8727	22
8728	22
8729	22
8730	22
8731	22
8732	22
8733	22
8734	22
8735	22
8736	22
8737	22
8738	22
8739	22
8740	22
8741	22
8742	22
8743	22
8744	22
8745	22
8746	22
8747	22
8748	22
8749	22
8750	22
8751	22
8752	22
8753	22
8754	23
8755	23
8756	23
8757	23
8758	23
8759	23
8760	23
8761	23
8762	23
8763	23
8764	23
8765	23
8766	23
8767	23
8768	23
8769	23
8770	23
8771	23
8772	23
8773	23
8774	23
8775	23
8776	23
8777	23
8778	23
8779	23
8780	23
8781	23
8782	23
8783	23
8784	23
8785	23
8786	23
8787	23
8788	23
8789	23
8790	23
8791	23
8792	23
8793	23
8794	23
8795	23
8796	23
8797	23
8798	23
8799	23
8800	23
8801	23
8802	23
8803	23
8804	23
8805	23
8806	23
8807	23
8808	23
8809	23
8810	23
8811	23
8812	23
8813	23
8814	23
8815	23
8816	23
8817	23
8818	23
8819	23
8820	23
8821	23
8822	23
8823	23
8824	23
8825	23
8826	23
8827	23
8828	23
8829	23
8830	23
8831	23
8832	23
8833	23
8834	23
8835	23
8836	23
8837	23
8838	23
8839	23
8840	23
8841	23
8842	23
8843	23
8844	23
8845	23
8846	23
8847	23
8848	23
8849	23
8850	23
8851	23
8852	23
8853	23
8854	23
8855	23
8856	23
8857	23
8858	23
8859	23
8860	23
8861	23
8862	23
8863	23
8864	23
8865	23
8866	23
8867	23
8868	23
8869	23
8870	23
8871	23
8872	23
8873	23
8874	23
8875	23
8876	23
8877	23
8878	23
8879	23
8880	23
8881	23
8882	23
8883	23
8884	23
8885	23
8886	23
8887	23
8888	23
8889	23
8890	23
8891	23
8892	23
8893	23
8894	23
8895	23
8896	23
8897	23
8898	23
8899	23
8900	23
8901	23
8902	23
8903	23
8904	23
8905	23
8906	23
8907	23
8908	23
8909	23
8910	23
8911	23
8912	23
8913	23
8914	23
8915	23
8916	23
8917	23
8918	23
8919	23
8920	23
8921	23
8922	23
8923	23
8924	23
8925	23
8926	23
8927	23
8928	23
8929	23
8930	23
8931	23
8932	23
8933	23
8934	23
8935	23
8936	23
8937	23
8938	23
8939	23
8940	23
8941	23
8942	23
8943	23
8944	23
8945	23
8946	23
8947	23
8948	23
8949	23
8950	23
8951	23
8952	23
8953	23
8954	23
8955	23
8956	23
8957	23
8958	23
8959	23
8960	23
8961	23
8962	23
8963	23
8964	23
8965	23
8966	23
8967	23
8968	23
8969	23
8970	23
8971	23
8972	23
8973	23
8974	23
8975	23
8976	23
8977	23
8978	23
8979	23
8980	23
8981	23
8982	23
8983	23
8984	23
8985	23
8986	23
8987	23
8988	23
8989	23
8990	23
8991	23
8992	23
8993	23
8994	23
8995	23
8996	23
8997	23
8998	23
8999	23
9000	23
9001	23
9002	23
9003	23
9004	23
9005	23
9006	23
9007	23
9008	23
9009	23
9010	23
9011	23
9012	23
9013	23
9014	23
9015	23
9016	23
9017	23
9018	23
9019	23
9020	23
9021	23
9022	23
9023	23
9024	23
9025	23
9026	23
9027	23
9028	23
9029	23
9030	23
9031	23
9032	23
9033	23
9034	23
9035	23
9036	23
9037	23
9038	23
9039	23
9040	23
9041	23
9042	23
9043	23
9044	23
9045	23
9046	23
9047	23
9048	23
9049	23
9050	23
9051	23
9052	23
9053	23
9054	23
9055	23
9056	23
9057	23
9058	23
9059	23
9060	23
9061	23
9062	23
9063	23
9064	23
9065	23
9066	23
9067	23
9068	23
9069	23
9070	23
9071	23
9072	23
9073	23
9074	23
9075	23
9076	23
9077	23
9078	23
9079	23
9080	23
9081	23
9082	23
9083	23
9084	23
9085	23
9086	23
9087	23
9088	23
9089	23
9090	23
9091	23
9092	23
9093	23
9094	23
9095	23
9096	23
9097	23
9098	23
9099	23
9100	23
9101	23
9102	23
9103	23
9104	23
9105	23
9106	23
9107	23
9108	23
9109	23
9110	23
9111	23
9112	23
9113	23
9114	23
9115	23
9116	23
9117	23
9118	23
9119	23
9120	23
9121	23
9122	23
9123	23
9124	23
9125	23
9126	23
9127	23
9128	23
9129	23
9130	23
9131	23
9132	23
9133	23
9134	23
9135	23
9136	23
9137	23
9138	23
9139	23
9140	23
9141	23
9142	23
9143	23
9144	23
9145	23
9146	23
9147	23
9148	23
9149	23
9150	23
9151	23
9152	23
9153	23
9154	23
9155	23
9156	23
9157	23
9158	23
9159	23
9160	23
9161	23
9162	23
9163	23
9164	23
9165	23
9166	23
9167	23
9168	23
9169	23
9170	23
9171	23
9172	23
9173	23
9174	23
9175	23
9176	23
9177	23
9178	23
9179	23
9180	23
9181	23
9182	23
9183	23
9184	23
9185	23
9186	23
9187	23
9188	23
9189	23
9190	23
9191	23
9192	23
9193	23
9194	23
9195	23
9196	23
9197	23
9198	23
9199	23
9200	23
9201	23
9202	23
9203	23
9204	23
9205	23
9206	23
9207	23
9208	23
9209	23
9210	23
9211	23
9212	23
9213	23
9214	23
9215	23
9216	23
9217	23
9218	23
9219	23
9220	23
9221	23
9222	23
9223	23
9224	23
9225	23
9226	23
9227	23
9228	23
9229	23
9230	23
9231	23
9232	23
9233	23
9234	23
9235	23
9236	23
9237	23
9238	23
9239	23
9240	23
9241	23
9242	23
9243	23
9244	23
9245	23
9246	23
9247	23
9248	23
9249	23
9250	23
9251	23
9252	23
9253	23
9254	23
9255	23
9256	23
9257	23
9258	23
9259	23
9260	23
9261	23
9262	23
9263	23
9264	23
9265	23
9266	23
9267	23
9268	23
9269	23
9270	23
9271	23
9272	23
9273	23
9274	23
9275	23
9276	23
9277	23
9278	23
9279	23
9280	23
9281	23
9282	23
9283	23
9284	23
9285	23
9286	23
9287	23
9288	23
9289	23
9290	23
9291	23
9292	23
9293	23
9294	23
9295	23
9296	23
9297	23
9298	23
9299	23
9300	23
9301	23
9302	23
9303	23
9304	23
9305	23
9306	23
9307	23
9308	23
9309	23
9310	23
9311	23
9312	23
9313	23
9314	23
9315	23
9316	23
9317	23
9318	23
9319	23
9320	23
9321	23
9322	23
9323	23
9324	23
9325	23
9326	23
9327	23
9328	23
9329	23
9330	23
9331	23
9332	23
9333	23
9334	23
9335	23
9336	23
9337	23
9338	23
9339	23
9340	23
9341	23
9342	23
9343	23
9344	23
9345	23
9346	23
9347	23
9348	23
9349	23
9350	23
9351	23
9352	23
9353	23
9354	23
9355	23
9356	23
9357	23
9358	23
9359	23
9360	23
9361	23
9362	23
9363	23
9364	23
9365	23
9366	23
9367	23
9368	23
9369	23
9370	23
9371	23
9372	23
9373	23
9374	23
9375	23
9376	23
9377	23
9378	23
9379	23
9380	23
9381	23
9382	23
9383	23
9384	23
9385	23
9386	23
9387	23
9388	23
9389	23
9390	23
9391	23
9392	23
9393	23
9394	23
9395	23
9396	23
9397	23
9398	23
9399	23
9400	23
9401	23
9402	23
9403	23
9404	23
9405	23
9406	23
9407	23
9408	23
9409	23
9410	23
9411	23
9412	23
9413	23
9414	23
9415	23
9416	23
9417	23
9418	23
9419	23
9420	23
9421	23
9422	23
9423	23
9424	23
9425	23
9426	23
9427	23
9428	23
9429	23
9430	23
9431	23
9432	23
9433	23
9434	23
9435	23
9436	23
9437	23
9438	23
9439	23
9440	23
9441	23
9442	23
9443	23
9444	23
9445	23
9446	23
9447	23
9448	23
9449	23
9450	23
9451	23
9452	23
9453	23
9454	23
9455	23
9456	23
9457	23
9458	23
9459	23
9460	23
9461	23
9462	23
9463	23
9464	23
9465	23
9466	23
9467	23
9468	23
9469	23
9470	23
9471	23
9472	23
9473	23
9474	23
9475	23
9476	23
9477	23
9478	23
9479	23
9480	23
9481	23
9482	23
9483	23
9484	23
9485	23
9486	23
9487	23
9488	23
9489	23
9490	23
9491	23
9492	23
9493	23
9494	23
9495	23
9496	23
9497	23
9498	23
9499	23
9500	23
9501	23
9502	23
9503	23
9504	23
9505	23
9506	23
9507	23
9508	23
9509	23
9510	23
9511	23
9512	23
9513	23
9514	23
9515	23
9516	23
9517	23
9518	23
9519	23
9520	23
9521	23
9522	23
9523	23
9524	23
9525	23
9526	23
9527	23
9528	23
9529	23
9530	23
9531	23
9532	23
9533	23
9534	23
9535	23
9536	23
9537	23
9538	23
9539	23
9540	23
9541	23
9542	23
9543	23
9544	23
9545	23
9546	23
9547	23
9548	23
9549	23
9550	23
9551	23
9552	23
9553	23
9554	23
9555	23
9556	23
9557	23
9558	23
9559	23
9560	23
9561	23
9562	23
9563	23
9564	23
9565	23
9566	23
9567	23
9568	23
9569	23
9570	23
9571	23
9572	23
9573	23
9574	23
9575	23
9576	23
9577	23
9578	23
9579	23
9580	23
9581	23
9582	23
9583	23
9584	23
9585	23
9586	23
9587	23
9588	23
9589	23
9590	23
9591	23
9592	23
9593	23
9594	23
9595	23
9596	23
9597	23
9598	23
9599	23
9600	23
9601	23
9602	23
9603	23
9604	23
9605	23
9606	23
9607	23
9608	23
9609	23
9610	23
9611	23
9612	23
9613	23
9614	23
9615	23
9616	23
9617	23
9618	23
9619	23
9620	23
9621	23
9622	23
9623	23
9624	23
9625	23
9626	23
9627	23
9628	23
9629	23
9630	23
9631	23
9632	23
9633	23
9634	23
9635	23
9636	23
9637	23
9638	23
9639	23
9640	23
9641	23
9642	23
9643	23
9644	23
9645	23
9646	23
9647	23
9648	23
9649	23
9650	23
9651	23
9652	23
9653	23
9654	23
9655	23
9656	23
9657	23
9658	23
9659	23
9660	23
9661	23
9662	23
9663	23
9664	23
9665	23
9666	23
9667	23
9668	23
9669	23
9670	23
9671	23
9672	23
9673	23
9674	23
9675	23
9676	23
9677	23
9678	23
9679	23
9680	23
9681	23
9682	23
9683	23
9684	23
9685	23
9686	23
9687	23
9688	23
9689	23
9690	23
9691	23
9692	23
9693	23
9694	23
9695	23
9696	23
9697	23
9698	23
9699	23
9700	23
9701	23
9702	23
9703	23
9704	23
9705	23
9706	23
9707	23
9708	23
9709	23
9710	23
9711	23
9712	23
9713	23
9714	23
9715	23
9716	23
9717	23
9718	23
9719	23
9720	23
9721	23
9722	23
9723	23
9724	23
9725	23
9726	23
9727	23
9728	23
9729	23
9730	23
9731	23
9732	23
9733	23
9734	23
9735	23
9736	23
9737	23
9738	23
9739	23
9740	23
9741	23
9742	23
9743	23
9744	23
9745	23
9746	23
9747	23
9748	23
9749	23
9750	23
9751	23
9752	23
9753	23
9754	23
9755	23
9756	23
9757	23
9758	23
9759	23
9760	23
9761	23
9762	23
9763	23
9764	23
9765	23
9766	23
9767	23
9768	23
9769	23
9770	23
9771	23
9772	24
9773	24
9774	24
9775	24
9776	24
9777	24
9778	24
9779	24
9780	24
9781	24
9782	24
9783	24
9784	24
9785	24
9786	24
9787	24
9788	24
9789	24
9790	24
9791	24
9792	24
9793	24
9794	24
9795	24
9796	24
9797	24
9798	24
9799	24
9800	24
9801	24
9802	24
9803	24
9804	24
9805	24
9806	24
9807	24
9808	24
9809	24
9810	24
9811	24
9812	24
9813	24
9814	24
9815	24
9816	24
9817	24
9818	24
9819	24
9820	24
9821	24
9822	24
9823	24
9824	24
9825	24
9826	24
9827	24
9828	24
9829	24
9830	24
9831	24
9832	24
9833	24
9834	24
9835	24
9836	24
9837	24
9838	24
9839	24
9840	24
9841	24
9842	24
9843	24
9844	24
9845	24
9846	24
9847	24
9848	24
9849	24
9850	24
9851	24
9852	24
9853	24
9854	24
9855	24
9856	24
9857	24
9858	24
9859	24
9860	24
9861	24
9862	25
9863	25
9864	25
9865	25
9866	25
9867	25
9868	25
9869	25
9870	25
9871	25
9872	25
9873	25
9874	25
9875	25
9876	25
9877	25
9878	25
9879	25
9880	25
9881	25
9882	25
9883	25
9884	25
9885	25
9886	25
9887	25
9888	25
9889	25
9890	25
9891	25
9892	25
9893	25
9894	25
9895	25
9896	25
9897	25
9898	25
9899	25
9900	25
9901	25
9902	25
9903	25
9904	25
9905	25
9906	25
9907	25
9908	25
9909	25
9910	25
9911	25
9912	25
9913	25
9914	25
9915	25
9916	25
9917	25
9918	25
9919	25
9920	25
9921	25
9922	25
9923	25
9924	25
9925	25
9926	25
9927	25
9928	25
9929	25
9930	25
9931	25
9932	25
9933	25
9934	25
9935	25
9936	25
9937	25
9938	25
9939	25
9940	25
9941	25
9942	25
9943	25
9944	25
9945	25
9946	25
9947	25
9948	25
9949	25
9950	25
9951	25
9952	25
9953	25
9954	25
9955	25
9956	25
9957	25
9958	25
9959	25
9960	25
9961	25
9962	25
9963	25
9964	25
9965	25
9966	25
9967	25
9968	25
9969	25
9970	25
9971	25
9972	25
9973	25
9974	25
9975	25
9976	25
9977	25
9978	25
9979	25
9980	25
9981	26
9982	26
9983	26
9984	26
9985	26
9986	26
9987	26
9988	26
9989	26
9990	26
9991	26
9992	26
9993	26
9994	26
9995	26
9996	26
9997	26
9998	26
9999	26
10000	26
