#Clock	ItemsCollected
1	0
2	0
3	0
4	0
5	0
6	0
7	0
8	0
9	0
10	0
11	0
12	0
13	0
14	0
15	0
16	0
17	0
18	0
19	0
20	0
21	0
22	0
23	0
24	0
25	0
26	0
27	0
28	0
29	0
30	0
31	0
32	0
33	0
34	0
35	0
36	0
37	0
38	0
39	0
40	0
41	0
42	0
43	0
44	0
45	0
46	0
47	0
48	0
49	0
50	0
51	0
52	0
53	0
54	0
55	0
56	0
57	0
58	0
59	0
60	0
61	0
62	0
63	0
64	0
65	0
66	0
67	0
68	0
69	0
70	0
71	0
72	0
73	0
74	0
75	0
76	0
77	0
78	0
79	0
80	0
81	0
82	0
83	0
84	0
85	0
86	0
87	0
88	0
89	0
90	0
91	0
92	0
93	0
94	0
95	0
96	0
97	0
98	0
99	0
100	0
101	0
102	0
103	0
104	0
105	0
106	0
107	0
108	0
109	0
110	0
111	0
112	0
113	0
114	0
115	0
116	0
117	0
118	0
119	0
120	0
121	0
122	0
123	0
124	0
125	0
126	0
127	0
128	0
129	0
130	0
131	0
132	0
133	0
134	0
135	0
136	0
137	0
138	0
139	0
140	0
141	0
142	0
143	0
144	0
145	0
146	0
147	0
148	0
149	0
150	0
151	0
152	0
153	0
154	0
155	0
156	0
157	0
158	0
159	0
160	0
161	0
162	0
163	0
164	0
165	0
166	0
167	0
168	0
169	0
170	0
171	0
172	0
173	0
174	0
175	0
176	0
177	0
178	0
179	0
180	0
181	0
182	0
183	0
184	0
185	0
186	0
187	0
188	0
189	0
190	0
191	0
192	0
193	0
194	0
195	0
196	0
197	0
198	0
199	0
200	0
201	0
202	0
203	0
204	0
205	0
206	0
207	0
208	0
209	0
210	0
211	0
212	0
213	0
214	0
215	0
216	0
217	0
218	0
219	0
220	0
221	0
222	0
223	0
224	0
225	0
226	0
227	0
228	0
229	0
230	0
231	0
232	0
233	0
234	0
235	0
236	0
237	0
238	0
239	0
240	0
241	0
242	0
243	0
244	0
245	0
246	0
247	0
248	0
249	0
250	0
251	0
252	0
253	0
254	0
255	0
256	0
257	0
258	0
259	0
260	0
261	0
262	0
263	0
264	0
265	0
266	0
267	0
268	0
269	0
270	0
271	0
272	0
273	0
274	0
275	0
276	0
277	0
278	0
279	0
280	0
281	0
282	0
283	0
284	0
285	0
286	0
287	0
288	0
289	0
290	0
291	0
292	0
293	0
294	0
295	0
296	0
297	0
298	0
299	0
300	0
301	0
302	0
303	0
304	0
305	0
306	0
307	0
308	0
309	0
310	0
311	0
312	0
313	0
314	0
315	0
316	0
317	0
318	0
319	0
320	0
321	0
322	0
323	0
324	0
325	0
326	0
327	0
328	0
329	0
330	0
331	0
332	0
333	0
334	0
335	0
336	0
337	0
338	0
339	0
340	0
341	0
342	0
343	0
344	0
345	0
346	0
347	0
348	0
349	0
350	0
351	0
352	0
353	0
354	0
355	0
356	0
357	0
358	0
359	0
360	0
361	0
362	0
363	0
364	0
365	0
366	0
367	0
368	0
369	0
370	0
371	0
372	0
373	0
374	0
375	0
376	0
377	0
378	0
379	0
380	0
381	0
382	0
383	0
384	0
385	0
386	0
387	0
388	0
389	0
390	0
391	0
392	0
393	0
394	0
395	0
396	0
397	0
398	0
399	0
400	0
401	0
402	0
403	0
404	0
405	0
406	0
407	0
408	0
409	0
410	0
411	0
412	0
413	0
414	0
415	0
416	0
417	0
418	0
419	0
420	0
421	0
422	0
423	0
424	0
425	0
426	0
427	0
428	0
429	0
430	0
431	0
432	0
433	0
434	0
435	0
436	0
437	0
438	0
439	0
440	0
441	0
442	0
443	0
444	0
445	0
446	0
447	0
448	0
449	0
450	0
451	0
452	0
453	0
454	0
455	0
456	0
457	0
458	0
459	0
460	0
461	0
462	0
463	0
464	0
465	0
466	0
467	0
468	0
469	0
470	0
471	0
472	0
473	0
474	0
475	0
476	0
477	0
478	0
479	0
480	0
481	0
482	0
483	0
484	0
485	0
486	0
487	0
488	0
489	0
490	0
491	0
492	0
493	0
494	0
495	0
496	0
497	0
498	0
499	0
500	0
501	0
502	0
503	0
504	0
505	0
506	0
507	0
508	0
509	0
510	0
511	0
512	0
513	0
514	0
515	0
516	0
517	0
518	0
519	0
520	0
521	0
522	0
523	0
524	0
525	0
526	0
527	0
528	0
529	0
530	0
531	0
532	0
533	0
534	0
535	0
536	0
537	0
538	0
539	0
540	0
541	0
542	0
543	0
544	0
545	0
546	0
547	0
548	0
549	0
550	0
551	0
552	0
553	0
554	0
555	0
556	0
557	0
558	0
559	0
560	0
561	0
562	0
563	0
564	0
565	0
566	0
567	0
568	0
569	0
570	0
571	0
572	0
573	0
574	0
575	0
576	0
577	0
578	0
579	0
580	0
581	0
582	0
583	0
584	0
585	0
586	0
587	0
588	0
589	0
590	0
591	0
592	0
593	0
594	0
595	0
596	0
597	0
598	0
599	0
600	0
601	0
602	0
603	0
604	0
605	0
606	0
607	0
608	0
609	0
610	0
611	0
612	0
613	0
614	0
615	0
616	0
617	0
618	0
619	0
620	0
621	0
622	0
623	0
624	0
625	0
626	0
627	0
628	0
629	0
630	0
631	0
632	0
633	0
634	0
635	0
636	0
637	0
638	0
639	0
640	0
641	0
642	0
643	0
644	0
645	0
646	0
647	0
648	0
649	0
650	0
651	0
652	0
653	0
654	0
655	0
656	0
657	0
658	0
659	0
660	0
661	0
662	0
663	0
664	0
665	0
666	0
667	0
668	0
669	0
670	0
671	0
672	0
673	0
674	0
675	0
676	0
677	0
678	0
679	0
680	0
681	0
682	0
683	0
684	0
685	0
686	0
687	0
688	0
689	0
690	0
691	0
692	0
693	0
694	0
695	0
696	0
697	0
698	0
699	0
700	0
701	0
702	0
703	0
704	0
705	0
706	0
707	0
708	0
709	0
710	0
711	0
712	0
713	0
714	0
715	0
716	0
717	0
718	0
719	0
720	0
721	0
722	0
723	0
724	0
725	0
726	0
727	0
728	0
729	0
730	0
731	0
732	0
733	0
734	0
735	0
736	0
737	0
738	0
739	0
740	0
741	0
742	0
743	0
744	0
745	0
746	0
747	0
748	0
749	0
750	0
751	0
752	0
753	0
754	0
755	0
756	0
757	0
758	0
759	0
760	0
761	0
762	0
763	0
764	0
765	0
766	0
767	0
768	0
769	0
770	0
771	0
772	0
773	0
774	0
775	0
776	0
777	0
778	0
779	0
780	0
781	0
782	0
783	0
784	0
785	0
786	0
787	0
788	0
789	0
790	0
791	0
792	0
793	0
794	0
795	0
796	0
797	0
798	0
799	0
800	0
801	0
802	0
803	0
804	0
805	0
806	0
807	0
808	0
809	0
810	0
811	0
812	0
813	0
814	0
815	0
816	0
817	0
818	0
819	0
820	0
821	0
822	0
823	0
824	0
825	0
826	0
827	0
828	0
829	0
830	0
831	0
832	0
833	0
834	0
835	0
836	0
837	0
838	0
839	0
840	0
841	0
842	0
843	0
844	0
845	0
846	0
847	0
848	0
849	0
850	0
851	0
852	0
853	0
854	0
855	0
856	0
857	0
858	0
859	0
860	0
861	0
862	0
863	0
864	0
865	0
866	0
867	0
868	0
869	0
870	0
871	0
872	0
873	0
874	0
875	0
876	0
877	0
878	0
879	0
880	0
881	0
882	0
883	0
884	0
885	0
886	0
887	0
888	0
889	0
890	0
891	0
892	0
893	0
894	0
895	0
896	0
897	0
898	0
899	0
900	0
901	0
902	0
903	0
904	0
905	0
906	0
907	0
908	0
909	0
910	0
911	0
912	0
913	0
914	0
915	0
916	0
917	0
918	0
919	0
920	0
921	0
922	0
923	0
924	0
925	0
926	0
927	0
928	0
929	0
930	0
931	0
932	0
933	0
934	0
935	0
936	0
937	0
938	0
939	0
940	0
941	0
942	0
943	0
944	0
945	0
946	0
947	0
948	0
949	0
950	0
951	0
952	0
953	0
954	0
955	0
956	0
957	0
958	0
959	0
960	0
961	0
962	0
963	0
964	0
965	0
966	0
967	0
968	0
969	0
970	0
971	0
972	0
973	0
974	0
975	0
976	0
977	0
978	0
979	0
980	0
981	0
982	0
983	0
984	0
985	0
986	0
987	0
988	0
989	0
990	0
991	0
992	0
993	0
994	0
995	0
996	0
997	0
998	0
999	0
1000	0
1001	0
1002	0
1003	0
1004	0
1005	0
1006	0
1007	0
1008	0
1009	0
1010	0
1011	0
1012	0
1013	0
1014	0
1015	0
1016	0
1017	0
1018	0
1019	0
1020	0
1021	0
1022	0
1023	0
1024	0
1025	0
1026	0
1027	0
1028	0
1029	0
1030	0
1031	0
1032	0
1033	0
1034	0
1035	0
1036	0
1037	0
1038	0
1039	0
1040	0
1041	0
1042	0
1043	0
1044	0
1045	0
1046	0
1047	0
1048	0
1049	0
1050	0
1051	0
1052	0
1053	0
1054	0
1055	0
1056	0
1057	0
1058	0
1059	0
1060	0
1061	0
1062	0
1063	0
1064	0
1065	0
1066	0
1067	0
1068	0
1069	0
1070	0
1071	0
1072	0
1073	0
1074	0
1075	0
1076	0
1077	0
1078	0
1079	0
1080	0
1081	0
1082	0
1083	0
1084	0
1085	0
1086	0
1087	0
1088	0
1089	0
1090	0
1091	0
1092	0
1093	0
1094	0
1095	0
1096	0
1097	0
1098	0
1099	0
1100	0
1101	0
1102	1
1103	1
1104	1
1105	1
1106	1
1107	1
1108	1
1109	1
1110	1
1111	1
1112	1
1113	1
1114	1
1115	1
1116	1
1117	1
1118	1
1119	1
1120	1
1121	1
1122	1
1123	1
1124	1
1125	1
1126	1
1127	1
1128	1
1129	1
1130	1
1131	1
1132	1
1133	1
1134	1
1135	1
1136	1
1137	1
1138	1
1139	1
1140	1
1141	1
1142	1
1143	1
1144	1
1145	1
1146	1
1147	1
1148	1
1149	1
1150	1
1151	1
1152	1
1153	1
1154	1
1155	1
1156	1
1157	1
1158	1
1159	1
1160	1
1161	1
1162	1
1163	1
1164	1
1165	1
1166	1
1167	1
1168	1
1169	1
1170	1
1171	1
1172	1
1173	1
1174	1
1175	1
1176	1
1177	1
1178	1
1179	1
1180	1
1181	1
1182	1
1183	1
1184	1
1185	1
1186	1
1187	1
1188	1
1189	1
1190	1
1191	1
1192	1
1193	1
1194	1
1195	1
1196	1
1197	1
1198	1
1199	1
1200	1
1201	1
1202	1
1203	1
1204	1
1205	1
1206	1
1207	1
1208	1
1209	1
1210	1
1211	1
1212	1
1213	1
1214	1
1215	1
1216	1
1217	1
1218	1
1219	1
1220	1
1221	1
1222	1
1223	1
1224	1
1225	1
1226	1
1227	1
1228	1
1229	1
1230	1
1231	1
1232	1
1233	1
1234	1
1235	1
1236	1
1237	1
1238	1
1239	1
1240	1
1241	1
1242	1
1243	1
1244	1
1245	1
1246	1
1247	1
1248	1
1249	1
1250	1
1251	1
1252	1
1253	1
1254	1
1255	1
1256	1
1257	1
1258	1
1259	1
1260	1
1261	1
1262	1
1263	1
1264	1
1265	1
1266	1
1267	1
1268	1
1269	1
1270	1
1271	1
1272	1
1273	1
1274	1
1275	1
1276	1
1277	1
1278	1
1279	1
1280	1
1281	1
1282	1
1283	1
1284	1
1285	1
1286	1
1287	1
1288	1
1289	1
1290	1
1291	1
1292	1
1293	1
1294	1
1295	1
1296	1
1297	1
1298	1
1299	1
1300	1
1301	1
1302	1
1303	1
1304	1
1305	1
1306	1
1307	1
1308	1
1309	1
1310	1
1311	1
1312	1
1313	1
1314	1
1315	1
1316	1
1317	1
1318	1
1319	1
1320	1
1321	1
1322	1
1323	1
1324	1
1325	1
1326	1
1327	1
1328	1
1329	1
1330	1
1331	1
1332	1
1333	1
1334	1
1335	1
1336	1
1337	1
1338	1
1339	1
1340	1
1341	1
1342	1
1343	1
1344	1
1345	1
1346	1
1347	1
1348	1
1349	1
1350	1
1351	1
1352	1
1353	1
1354	1
1355	1
1356	1
1357	1
1358	1
1359	1
1360	1
1361	1
1362	1
1363	1
1364	1
1365	1
1366	1
1367	1
1368	1
1369	1
1370	1
1371	1
1372	1
1373	1
1374	1
1375	1
1376	1
1377	1
1378	1
1379	1
1380	1
1381	1
1382	1
1383	1
1384	1
1385	1
1386	1
1387	1
1388	1
1389	1
1390	1
1391	1
1392	1
1393	1
1394	1
1395	1
1396	1
1397	1
1398	1
1399	1
1400	1
1401	1
1402	1
1403	1
1404	1
1405	1
1406	1
1407	1
1408	1
1409	1
1410	1
1411	1
1412	1
1413	1
1414	1
1415	1
1416	1
1417	1
1418	1
1419	1
1420	1
1421	1
1422	1
1423	1
1424	1
1425	1
1426	1
1427	1
1428	1
1429	1
1430	1
1431	1
1432	1
1433	1
1434	1
1435	1
1436	1
1437	1
1438	1
1439	1
1440	1
1441	1
1442	1
1443	1
1444	1
1445	1
1446	1
1447	1
1448	1
1449	1
1450	1
1451	1
1452	1
1453	1
1454	1
1455	1
1456	1
1457	1
1458	1
1459	1
1460	1
1461	1
1462	1
1463	1
1464	1
1465	1
1466	1
1467	1
1468	1
1469	1
1470	1
1471	1
1472	1
1473	1
1474	1
1475	1
1476	1
1477	1
1478	1
1479	1
1480	1
1481	1
1482	1
1483	1
1484	1
1485	1
1486	1
1487	1
1488	1
1489	1
1490	1
1491	1
1492	1
1493	1
1494	1
1495	1
1496	1
1497	1
1498	1
1499	1
1500	1
1501	1
1502	1
1503	1
1504	1
1505	1
1506	1
1507	1
1508	1
1509	1
1510	1
1511	1
1512	1
1513	1
1514	1
1515	1
1516	1
1517	1
1518	1
1519	1
1520	1
1521	1
1522	1
1523	1
1524	1
1525	1
1526	1
1527	1
1528	1
1529	1
1530	1
1531	1
1532	1
1533	1
1534	1
1535	1
1536	1
1537	1
1538	1
1539	1
1540	1
1541	1
1542	1
1543	1
1544	1
1545	1
1546	1
1547	1
1548	1
1549	1
1550	1
1551	1
1552	1
1553	1
1554	1
1555	1
1556	1
1557	1
1558	1
1559	1
1560	1
1561	1
1562	1
1563	1
1564	1
1565	1
1566	1
1567	1
1568	1
1569	1
1570	1
1571	1
1572	1
1573	1
1574	1
1575	1
1576	1
1577	1
1578	1
1579	1
1580	1
1581	1
1582	1
1583	1
1584	1
1585	1
1586	1
1587	1
1588	1
1589	1
1590	1
1591	1
1592	1
1593	1
1594	1
1595	1
1596	1
1597	1
1598	1
1599	1
1600	1
1601	1
1602	1
1603	1
1604	1
1605	1
1606	1
1607	1
1608	1
1609	1
1610	1
1611	1
1612	1
1613	1
1614	1
1615	1
1616	1
1617	1
1618	1
1619	1
1620	1
1621	1
1622	1
1623	1
1624	1
1625	1
1626	1
1627	1
1628	1
1629	1
1630	1
1631	1
1632	1
1633	1
1634	1
1635	1
1636	1
1637	1
1638	1
1639	1
1640	1
1641	1
1642	1
1643	1
1644	1
1645	1
1646	1
1647	1
1648	1
1649	1
1650	1
1651	1
1652	1
1653	1
1654	1
1655	1
1656	1
1657	1
1658	1
1659	1
1660	1
1661	1
1662	1
1663	1
1664	1
1665	1
1666	1
1667	1
1668	1
1669	1
1670	1
1671	1
1672	1
1673	1
1674	1
1675	1
1676	1
1677	1
1678	1
1679	1
1680	1
1681	1
1682	1
1683	1
1684	1
1685	1
1686	1
1687	1
1688	1
1689	1
1690	1
1691	1
1692	1
1693	1
1694	1
1695	1
1696	1
1697	1
1698	1
1699	1
1700	1
1701	1
1702	1
1703	1
1704	1
1705	1
1706	1
1707	1
1708	1
1709	1
1710	1
1711	1
1712	1
1713	1
1714	1
1715	1
1716	1
1717	1
1718	1
1719	1
1720	1
1721	1
1722	1
1723	1
1724	1
1725	1
1726	1
1727	1
1728	1
1729	1
1730	1
1731	1
1732	1
1733	1
1734	1
1735	1
1736	1
1737	1
1738	1
1739	1
1740	1
1741	1
1742	1
1743	1
1744	1
1745	1
1746	1
1747	1
1748	1
1749	1
1750	1
1751	1
1752	1
1753	1
1754	1
1755	1
1756	1
1757	1
1758	1
1759	1
1760	1
1761	1
1762	1
1763	1
1764	1
1765	1
1766	1
1767	1
1768	1
1769	1
1770	1
1771	1
1772	1
1773	1
1774	1
1775	1
1776	1
1777	1
1778	1
1779	1
1780	1
1781	1
1782	1
1783	1
1784	1
1785	1
1786	1
1787	1
1788	1
1789	1
1790	1
1791	1
1792	1
1793	1
1794	1
1795	1
1796	1
1797	1
1798	1
1799	1
1800	1
1801	1
1802	1
1803	1
1804	1
1805	1
1806	1
1807	1
1808	1
1809	1
1810	1
1811	1
1812	1
1813	1
1814	1
1815	1
1816	1
1817	1
1818	1
1819	1
1820	1
1821	1
1822	1
1823	1
1824	1
1825	1
1826	1
1827	1
1828	1
1829	1
1830	1
1831	1
1832	1
1833	1
1834	1
1835	1
1836	1
1837	1
1838	1
1839	1
1840	1
1841	1
1842	1
1843	1
1844	1
1845	1
1846	1
1847	1
1848	1
1849	1
1850	1
1851	1
1852	1
1853	1
1854	1
1855	1
1856	1
1857	1
1858	1
1859	1
1860	1
1861	1
1862	1
1863	1
1864	1
1865	1
1866	1
1867	1
1868	1
1869	1
1870	1
1871	1
1872	1
1873	1
1874	1
1875	1
1876	1
1877	1
1878	1
1879	1
1880	1
1881	1
1882	1
1883	1
1884	1
1885	1
1886	1
1887	1
1888	1
1889	1
1890	1
1891	1
1892	1
1893	1
1894	1
1895	1
1896	1
1897	1
1898	1
1899	1
1900	1
1901	1
1902	1
1903	1
1904	1
1905	1
1906	1
1907	1
1908	1
1909	1
1910	1
1911	1
1912	1
1913	1
1914	1
1915	1
1916	1
1917	1
1918	1
1919	1
1920	1
1921	1
1922	1
1923	1
1924	1
1925	1
1926	1
1927	1
1928	1
1929	1
1930	1
1931	1
1932	1
1933	1
1934	1
1935	1
1936	1
1937	1
1938	1
1939	1
1940	1
1941	1
1942	1
1943	1
1944	1
1945	1
1946	1
1947	1
1948	1
1949	1
1950	1
1951	1
1952	1
1953	1
1954	1
1955	1
1956	1
1957	1
1958	1
1959	1
1960	1
1961	1
1962	1
1963	1
1964	1
1965	1
1966	1
1967	1
1968	1
1969	1
1970	1
1971	1
1972	1
1973	1
1974	1
1975	1
1976	1
1977	1
1978	1
1979	1
1980	1
1981	1
1982	1
1983	1
1984	1
1985	1
1986	1
1987	1
1988	1
1989	1
1990	1
1991	1
1992	1
1993	1
1994	1
1995	1
1996	1
1997	1
1998	1
1999	1
2000	1
2001	1
2002	1
2003	1
2004	1
2005	1
2006	1
2007	1
2008	1
2009	1
2010	1
2011	1
2012	1
2013	1
2014	1
2015	1
2016	1
2017	1
2018	1
2019	1
2020	1
2021	1
2022	1
2023	1
2024	1
2025	1
2026	1
2027	1
2028	1
2029	1
2030	1
2031	1
2032	1
2033	1
2034	1
2035	1
2036	1
2037	1
2038	1
2039	1
2040	1
2041	1
2042	1
2043	1
2044	1
2045	1
2046	1
2047	1
2048	1
2049	1
2050	1
2051	1
2052	1
2053	1
2054	1
2055	1
2056	1
2057	1
2058	1
2059	1
2060	1
2061	1
2062	1
2063	1
2064	1
2065	1
2066	1
2067	1
2068	1
2069	1
2070	1
2071	1
2072	1
2073	1
2074	1
2075	1
2076	1
2077	1
2078	1
2079	1
2080	1
2081	1
2082	1
2083	1
2084	1
2085	1
2086	1
2087	1
2088	1
2089	1
2090	1
2091	1
2092	1
2093	1
2094	1
2095	1
2096	1
2097	1
2098	1
2099	1
2100	1
2101	1
2102	1
2103	1
2104	1
2105	1
2106	1
2107	1
2108	1
2109	1
2110	1
2111	1
2112	1
2113	1
2114	1
2115	1
2116	1
2117	1
2118	1
2119	1
2120	1
2121	1
2122	1
2123	1
2124	1
2125	1
2126	1
2127	1
2128	1
2129	1
2130	1
2131	1
2132	1
2133	1
2134	1
2135	1
2136	1
2137	1
2138	1
2139	1
2140	1
2141	1
2142	1
2143	1
2144	1
2145	1
2146	1
2147	1
2148	1
2149	1
2150	1
2151	1
2152	1
2153	1
2154	1
2155	1
2156	1
2157	1
2158	1
2159	1
2160	1
2161	1
2162	1
2163	1
2164	1
2165	1
2166	1
2167	1
2168	1
2169	1
2170	1
2171	1
2172	1
2173	1
2174	1
2175	1
2176	1
2177	1
2178	1
2179	1
2180	1
2181	1
2182	1
2183	1
2184	1
2185	1
2186	1
2187	1
2188	1
2189	1
2190	1
2191	1
2192	1
2193	1
2194	1
2195	1
2196	1
2197	1
2198	1
2199	1
2200	1
2201	1
2202	1
2203	1
2204	1
2205	1
2206	1
2207	1
2208	1
2209	1
2210	1
2211	1
2212	1
2213	1
2214	1
2215	1
2216	1
2217	1
2218	1
2219	1
2220	1
2221	1
2222	1
2223	1
2224	1
2225	1
2226	1
2227	1
2228	1
2229	1
2230	1
2231	1
2232	1
2233	1
2234	1
2235	1
2236	1
2237	1
2238	1
2239	2
2240	2
2241	2
2242	2
2243	2
2244	2
2245	2
2246	2
2247	2
2248	2
2249	2
2250	2
2251	2
2252	2
2253	2
2254	2
2255	2
2256	2
2257	2
2258	2
2259	2
2260	2
2261	2
2262	2
2263	2
2264	2
2265	2
2266	2
2267	2
2268	2
2269	2
2270	2
2271	2
2272	2
2273	2
2274	2
2275	2
2276	2
2277	2
2278	2
2279	2
2280	2
2281	2
2282	2
2283	2
2284	2
2285	2
2286	2
2287	2
2288	2
2289	2
2290	2
2291	2
2292	2
2293	2
2294	2
2295	2
2296	2
2297	2
2298	2
2299	2
2300	2
2301	2
2302	2
2303	2
2304	2
2305	2
2306	2
2307	2
2308	2
2309	2
2310	2
2311	2
2312	2
2313	2
2314	2
2315	2
2316	2
2317	2
2318	2
2319	2
2320	2
2321	2
2322	2
2323	2
2324	2
2325	2
2326	2
2327	2
2328	2
2329	2
2330	2
2331	2
2332	2
2333	2
2334	2
2335	2
2336	2
2337	2
2338	2
2339	2
2340	2
2341	2
2342	2
2343	2
2344	2
2345	2
2346	2
2347	2
2348	2
2349	2
2350	2
2351	2
2352	2
2353	2
2354	2
2355	2
2356	2
2357	2
2358	2
2359	2
2360	2
2361	2
2362	2
2363	2
2364	2
2365	2
2366	2
2367	2
2368	2
2369	2
2370	2
2371	2
2372	2
2373	2
2374	2
2375	2
2376	2
2377	2
2378	2
2379	2
2380	2
2381	2
2382	2
2383	2
2384	2
2385	2
2386	2
2387	2
2388	2
2389	2
2390	2
2391	2
2392	2
2393	2
2394	2
2395	2
2396	2
2397	2
2398	2
2399	2
2400	2
2401	2
2402	2
2403	2
2404	2
2405	2
2406	2
2407	2
2408	2
2409	2
2410	2
2411	2
2412	2
2413	2
2414	2
2415	2
2416	2
2417	2
2418	2
2419	2
2420	2
2421	2
2422	2
2423	2
2424	2
2425	2
2426	2
2427	2
2428	2
2429	2
2430	2
2431	2
2432	2
2433	2
2434	2
2435	2
2436	2
2437	2
2438	2
2439	2
2440	2
2441	2
2442	2
2443	2
2444	2
2445	2
2446	2
2447	2
2448	2
2449	2
2450	2
2451	2
2452	2
2453	2
2454	2
2455	2
2456	2
2457	2
2458	2
2459	2
2460	2
2461	2
2462	2
2463	2
2464	2
2465	2
2466	2
2467	2
2468	2
2469	2
2470	2
2471	2
2472	2
2473	2
2474	2
2475	2
2476	2
2477	2
2478	2
2479	2
2480	2
2481	2
2482	2
2483	2
2484	2
2485	2
2486	2
2487	2
2488	2
2489	2
2490	2
2491	2
2492	2
2493	2
2494	2
2495	2
2496	2
2497	2
2498	2
2499	2
2500	2
2501	2
2502	2
2503	2
2504	2
2505	2
2506	2
2507	2
2508	2
2509	2
2510	2
2511	2
2512	2
2513	2
2514	2
2515	2
2516	2
2517	2
2518	2
2519	2
2520	2
2521	2
2522	2
2523	2
2524	2
2525	2
2526	2
2527	2
2528	2
2529	2
2530	2
2531	2
2532	2
2533	2
2534	2
2535	2
2536	2
2537	2
2538	2
2539	2
2540	2
2541	2
2542	2
2543	2
2544	2
2545	2
2546	2
2547	2
2548	2
2549	2
2550	2
2551	2
2552	2
2553	2
2554	2
2555	2
2556	2
2557	2
2558	2
2559	2
2560	2
2561	2
2562	2
2563	2
2564	2
2565	2
2566	2
2567	2
2568	2
2569	2
2570	2
2571	2
2572	2
2573	2
2574	2
2575	2
2576	2
2577	2
2578	2
2579	2
2580	2
2581	2
2582	2
2583	2
2584	2
2585	2
2586	2
2587	2
2588	2
2589	2
2590	2
2591	2
2592	2
2593	2
2594	2
2595	2
2596	2
2597	2
2598	2
2599	2
2600	2
2601	2
2602	2
2603	2
2604	2
2605	2
2606	2
2607	2
2608	2
2609	2
2610	2
2611	2
2612	2
2613	2
2614	2
2615	2
2616	2
2617	2
2618	2
2619	2
2620	2
2621	2
2622	2
2623	2
2624	2
2625	2
2626	2
2627	2
2628	2
2629	2
2630	2
2631	2
2632	2
2633	2
2634	2
2635	2
2636	2
2637	2
2638	2
2639	2
2640	2
2641	2
2642	2
2643	2
2644	2
2645	2
2646	2
2647	2
2648	2
2649	2
2650	2
2651	2
2652	2
2653	2
2654	2
2655	2
2656	2
2657	2
2658	2
2659	2
2660	2
2661	2
2662	2
2663	2
2664	2
2665	2
2666	2
2667	2
2668	2
2669	2
2670	2
2671	2
2672	2
2673	2
2674	2
2675	2
2676	2
2677	2
2678	2
2679	2
2680	2
2681	2
2682	2
2683	2
2684	2
2685	2
2686	2
2687	2
2688	2
2689	2
2690	2
2691	2
2692	2
2693	2
2694	2
2695	2
2696	2
2697	2
2698	2
2699	2
2700	2
2701	2
2702	2
2703	2
2704	2
2705	2
2706	2
2707	2
2708	2
2709	2
2710	2
2711	2
2712	2
2713	2
2714	2
2715	2
2716	2
2717	2
2718	2
2719	2
2720	2
2721	2
2722	2
2723	2
2724	2
2725	2
2726	2
2727	2
2728	2
2729	2
2730	2
2731	2
2732	2
2733	2
2734	2
2735	2
2736	2
2737	2
2738	2
2739	2
2740	2
2741	2
2742	2
2743	2
2744	2
2745	2
2746	2
2747	2
2748	2
2749	2
2750	2
2751	2
2752	2
2753	2
2754	2
2755	2
2756	2
2757	2
2758	2
2759	2
2760	2
2761	2
2762	2
2763	2
2764	2
2765	2
2766	2
2767	2
2768	2
2769	2
2770	2
2771	2
2772	2
2773	2
2774	2
2775	2
2776	2
2777	2
2778	2
2779	2
2780	2
2781	2
2782	2
2783	2
2784	2
2785	2
2786	2
2787	2
2788	2
2789	2
2790	2
2791	2
2792	2
2793	2
2794	2
2795	2
2796	2
2797	2
2798	2
2799	2
2800	2
2801	2
2802	2
2803	2
2804	2
2805	2
2806	2
2807	2
2808	2
2809	2
2810	2
2811	2
2812	2
2813	2
2814	2
2815	2
2816	2
2817	2
2818	2
2819	2
2820	2
2821	2
2822	2
2823	2
2824	2
2825	2
2826	2
2827	2
2828	2
2829	2
2830	2
2831	2
2832	2
2833	2
2834	2
2835	2
2836	2
2837	2
2838	2
2839	2
2840	2
2841	2
2842	2
2843	2
2844	2
2845	2
2846	2
2847	2
2848	2
2849	2
2850	2
2851	2
2852	2
2853	2
2854	2
2855	2
2856	2
2857	2
2858	2
2859	2
2860	2
2861	2
2862	2
2863	2
2864	2
2865	2
2866	2
2867	2
2868	2
2869	2
2870	2
2871	2
2872	2
2873	2
2874	2
2875	2
2876	2
2877	2
2878	2
2879	2
2880	2
2881	2
2882	2
2883	2
2884	2
2885	2
2886	2
2887	2
2888	2
2889	2
2890	2
2891	2
2892	2
2893	2
2894	2
2895	2
2896	2
2897	2
2898	2
2899	2
2900	2
2901	2
2902	2
2903	2
2904	2
2905	2
2906	2
2907	2
2908	2
2909	2
2910	2
2911	3
2912	3
2913	3
2914	3
2915	3
2916	3
2917	3
2918	3
2919	3
2920	3
2921	3
2922	3
2923	3
2924	3
2925	3
2926	3
2927	3
2928	3
2929	3
2930	3
2931	3
2932	3
2933	3
2934	3
2935	3
2936	3
2937	3
2938	3
2939	3
2940	3
2941	3
2942	3
2943	3
2944	3
2945	3
2946	3
2947	3
2948	3
2949	3
2950	3
2951	3
2952	3
2953	3
2954	3
2955	3
2956	3
2957	3
2958	3
2959	3
2960	3
2961	3
2962	3
2963	3
2964	3
2965	3
2966	3
2967	3
2968	3
2969	3
2970	3
2971	3
2972	3
2973	3
2974	3
2975	3
2976	3
2977	3
2978	3
2979	3
2980	3
2981	3
2982	3
2983	3
2984	3
2985	3
2986	3
2987	4
2988	4
2989	4
2990	4
2991	4
2992	4
2993	4
2994	4
2995	4
2996	4
2997	4
2998	4
2999	4
3000	4
3001	4
3002	4
3003	4
3004	4
3005	4
3006	4
3007	4
3008	4
3009	4
3010	4
3011	4
3012	4
3013	4
3014	4
3015	4
3016	4
3017	4
3018	4
3019	4
3020	4
3021	4
3022	4
3023	4
3024	4
3025	4
3026	4
3027	4
3028	4
3029	4
3030	4
3031	4
3032	4
3033	4
3034	4
3035	4
3036	4
3037	4
3038	4
3039	4
3040	4
3041	4
3042	4
3043	4
3044	4
3045	4
3046	4
3047	4
3048	4
3049	4
3050	4
3051	4
3052	4
3053	4
3054	4
3055	4
3056	4
3057	4
3058	4
3059	4
3060	4
3061	4
3062	4
3063	4
3064	4
3065	4
3066	4
3067	4
3068	4
3069	4
3070	4
3071	4
3072	4
3073	4
3074	4
3075	4
3076	4
3077	4
3078	4
3079	4
3080	4
3081	4
3082	4
3083	4
3084	4
3085	4
3086	4
3087	4
3088	4
3089	4
3090	4
3091	4
3092	4
3093	4
3094	4
3095	4
3096	4
3097	4
3098	4
3099	4
3100	4
3101	4
3102	4
3103	4
3104	4
3105	4
3106	4
3107	4
3108	4
3109	4
3110	4
3111	4
3112	4
3113	4
3114	4
3115	4
3116	4
3117	4
3118	4
3119	4
3120	4
3121	4
3122	4
3123	4
3124	4
3125	4
3126	4
3127	4
3128	4
3129	4
3130	4
3131	4
3132	4
3133	4
3134	4
3135	4
3136	4
3137	4
3138	4
3139	4
3140	4
3141	4
3142	4
3143	4
3144	4
3145	4
3146	4
3147	4
3148	4
3149	4
3150	4
3151	4
3152	4
3153	4
3154	4
3155	4
3156	4
3157	4
3158	4
3159	4
3160	4
3161	4
3162	4
3163	4
3164	4
3165	4
3166	4
3167	4
3168	4
3169	4
3170	4
3171	4
3172	4
3173	4
3174	4
3175	4
3176	4
3177	4
3178	4
3179	4
3180	4
3181	4
3182	4
3183	4
3184	4
3185	4
3186	4
3187	4
3188	4
3189	4
3190	4
3191	4
3192	4
3193	4
3194	4
3195	4
3196	4
3197	4
3198	4
3199	4
3200	4
3201	4
3202	4
3203	4
3204	4
3205	4
3206	4
3207	4
3208	4
3209	4
3210	4
3211	4
3212	4
3213	4
3214	4
3215	4
3216	4
3217	4
3218	4
3219	4
3220	4
3221	4
3222	4
3223	4
3224	4
3225	4
3226	4
3227	4
3228	4
3229	4
3230	4
3231	4
3232	4
3233	4
3234	4
3235	4
3236	4
3237	4
3238	4
3239	4
3240	4
3241	4
3242	4
3243	4
3244	4
3245	4
3246	4
3247	4
3248	4
3249	4
3250	4
3251	4
3252	4
3253	4
3254	4
3255	4
3256	4
3257	4
3258	4
3259	4
3260	4
3261	4
3262	4
3263	4
3264	4
3265	4
3266	4
3267	4
3268	4
3269	4
3270	4
3271	4
3272	4
3273	4
3274	4
3275	4
3276	4
3277	4
3278	4
3279	4
3280	4
3281	4
3282	4
3283	4
3284	4
3285	4
3286	4
3287	4
3288	4
3289	4
3290	4
3291	4
3292	4
3293	4
3294	4
3295	4
3296	4
3297	4
3298	4
3299	4
3300	4
3301	4
3302	4
3303	4
3304	4
3305	4
3306	4
3307	4
3308	4
3309	4
3310	4
3311	4
3312	4
3313	4
3314	4
3315	4
3316	4
3317	4
3318	4
3319	4
3320	4
3321	4
3322	4
3323	4
3324	4
3325	4
3326	4
3327	4
3328	4
3329	4
3330	4
3331	4
3332	4
3333	4
3334	4
3335	4
3336	4
3337	4
3338	4
3339	4
3340	4
3341	4
3342	4
3343	4
3344	4
3345	4
3346	4
3347	4
3348	4
3349	4
3350	4
3351	4
3352	4
3353	4
3354	4
3355	4
3356	4
3357	4
3358	4
3359	4
3360	4
3361	4
3362	4
3363	4
3364	4
3365	4
3366	4
3367	4
3368	4
3369	4
3370	4
3371	4
3372	4
3373	4
3374	4
3375	4
3376	4
3377	4
3378	4
3379	4
3380	4
3381	4
3382	4
3383	4
3384	4
3385	4
3386	4
3387	4
3388	4
3389	4
3390	4
3391	4
3392	4
3393	4
3394	4
3395	4
3396	4
3397	4
3398	4
3399	4
3400	4
3401	4
3402	4
3403	4
3404	4
3405	4
3406	4
3407	4
3408	4
3409	4
3410	4
3411	4
3412	4
3413	4
3414	4
3415	4
3416	4
3417	4
3418	4
3419	4
3420	4
3421	4
3422	4
3423	4
3424	4
3425	4
3426	4
3427	4
3428	4
3429	4
3430	4
3431	4
3432	4
3433	4
3434	4
3435	4
3436	4
3437	4
3438	4
3439	4
3440	4
3441	4
3442	4
3443	4
3444	4
3445	4
3446	4
3447	4
3448	4
3449	4
3450	4
3451	4
3452	4
3453	4
3454	4
3455	4
3456	4
3457	4
3458	4
3459	4
3460	4
3461	4
3462	4
3463	4
3464	4
3465	4
3466	4
3467	4
3468	4
3469	4
3470	4
3471	4
3472	4
3473	4
3474	4
3475	4
3476	4
3477	4
3478	4
3479	4
3480	4
3481	4
3482	4
3483	4
3484	4
3485	4
3486	4
3487	4
3488	4
3489	4
3490	4
3491	4
3492	4
3493	4
3494	4
3495	4
3496	4
3497	4
3498	4
3499	4
3500	4
3501	4
3502	4
3503	4
3504	4
3505	4
3506	4
3507	4
3508	4
3509	4
3510	4
3511	4
3512	4
3513	4
3514	4
3515	4
3516	4
3517	4
3518	4
3519	4
3520	4
3521	4
3522	4
3523	4
3524	4
3525	4
3526	4
3527	4
3528	4
3529	4
3530	4
3531	4
3532	4
3533	4
3534	4
3535	4
3536	4
3537	4
3538	4
3539	4
3540	4
3541	4
3542	4
3543	4
3544	4
3545	4
3546	4
3547	4
3548	4
3549	4
3550	4
3551	4
3552	4
3553	4
3554	4
3555	4
3556	4
3557	4
3558	4
3559	4
3560	4
3561	4
3562	4
3563	4
3564	4
3565	4
3566	4
3567	4
3568	4
3569	4
3570	4
3571	4
3572	4
3573	4
3574	4
3575	4
3576	4
3577	4
3578	4
3579	4
3580	4
3581	4
3582	4
3583	4
3584	4
3585	4
3586	4
3587	4
3588	4
3589	4
3590	4
3591	4
3592	4
3593	4
3594	4
3595	4
3596	4
3597	4
3598	4
3599	4
3600	4
3601	4
3602	4
3603	4
3604	4
3605	4
3606	4
3607	4
3608	4
3609	4
3610	4
3611	4
3612	4
3613	4
3614	4
3615	4
3616	4
3617	4
3618	4
3619	4
3620	4
3621	4
3622	4
3623	4
3624	4
3625	4
3626	4
3627	4
3628	4
3629	4
3630	4
3631	4
3632	4
3633	4
3634	4
3635	4
3636	4
3637	4
3638	4
3639	4
3640	4
3641	4
3642	4
3643	4
3644	4
3645	4
3646	4
3647	4
3648	4
3649	4
3650	4
3651	4
3652	4
3653	4
3654	4
3655	4
3656	4
3657	4
3658	4
3659	4
3660	4
3661	4
3662	4
3663	4
3664	4
3665	4
3666	4
3667	4
3668	4
3669	4
3670	4
3671	4
3672	4
3673	4
3674	4
3675	4
3676	4
3677	4
3678	4
3679	4
3680	4
3681	4
3682	4
3683	4
3684	4
3685	4
3686	4
3687	4
3688	4
3689	4
3690	4
3691	4
3692	4
3693	4
3694	4
3695	4
3696	4
3697	4
3698	4
3699	4
3700	4
3701	4
3702	4
3703	4
3704	4
3705	4
3706	4
3707	4
3708	4
3709	4
3710	4
3711	4
3712	4
3713	4
3714	4
3715	4
3716	4
3717	4
3718	4
3719	4
3720	4
3721	4
3722	4
3723	4
3724	4
3725	4
3726	4
3727	4
3728	4
3729	4
3730	4
3731	4
3732	4
3733	4
3734	4
3735	4
3736	4
3737	4
3738	4
3739	4
3740	4
3741	4
3742	4
3743	4
3744	4
3745	4
3746	4
3747	4
3748	4
3749	4
3750	4
3751	4
3752	4
3753	4
3754	4
3755	4
3756	4
3757	4
3758	4
3759	4
3760	4
3761	4
3762	4
3763	4
3764	4
3765	4
3766	4
3767	4
3768	4
3769	4
3770	4
3771	4
3772	4
3773	4
3774	4
3775	4
3776	4
3777	4
3778	4
3779	4
3780	4
3781	4
3782	4
3783	4
3784	4
3785	4
3786	4
3787	4
3788	4
3789	4
3790	4
3791	4
3792	4
3793	4
3794	4
3795	4
3796	4
3797	4
3798	4
3799	4
3800	4
3801	4
3802	4
3803	5
3804	5
3805	5
3806	5
3807	5
3808	5
3809	5
3810	5
3811	5
3812	5
3813	5
3814	5
3815	5
3816	5
3817	5
3818	5
3819	5
3820	5
3821	5
3822	5
3823	5
3824	5
3825	5
3826	5
3827	5
3828	5
3829	5
3830	5
3831	5
3832	5
3833	5
3834	5
3835	5
3836	5
3837	5
3838	5
3839	5
3840	5
3841	5
3842	5
3843	5
3844	5
3845	5
3846	5
3847	5
3848	5
3849	5
3850	5
3851	5
3852	5
3853	5
3854	5
3855	5
3856	5
3857	5
3858	5
3859	5
3860	5
3861	5
3862	5
3863	5
3864	5
3865	5
3866	5
3867	5
3868	5
3869	5
3870	5
3871	5
3872	5
3873	5
3874	5
3875	5
3876	5
3877	5
3878	5
3879	5
3880	5
3881	5
3882	5
3883	5
3884	5
3885	5
3886	5
3887	5
3888	5
3889	5
3890	6
3891	6
3892	6
3893	6
3894	6
3895	6
3896	6
3897	6
3898	6
3899	6
3900	6
3901	6
3902	6
3903	6
3904	6
3905	6
3906	6
3907	6
3908	6
3909	6
3910	6
3911	6
3912	6
3913	6
3914	6
3915	6
3916	6
3917	6
3918	6
3919	6
3920	6
3921	6
3922	6
3923	6
3924	6
3925	6
3926	6
3927	6
3928	6
3929	6
3930	6
3931	6
3932	6
3933	6
3934	6
3935	6
3936	6
3937	6
3938	6
3939	6
3940	6
3941	6
3942	6
3943	6
3944	6
3945	6
3946	6
3947	6
3948	6
3949	6
3950	6
3951	6
3952	6
3953	6
3954	6
3955	6
3956	6
3957	6
3958	6
3959	6
3960	6
3961	6
3962	6
3963	6
3964	6
3965	6
3966	6
3967	6
3968	6
3969	6
3970	6
3971	6
3972	6
3973	6
3974	6
3975	6
3976	6
3977	6
3978	6
3979	6
3980	6
3981	6
3982	6
3983	6
3984	6
3985	6
3986	6
3987	6
3988	6
3989	6
3990	6
3991	6
3992	6
3993	6
3994	6
3995	6
3996	6
3997	6
3998	6
3999	6
4000	6
4001	6
4002	6
4003	6
4004	6
4005	6
4006	6
4007	6
4008	6
4009	6
4010	6
4011	6
4012	6
4013	6
4014	6
4015	6
4016	6
4017	6
4018	6
4019	6
4020	6
4021	6
4022	6
4023	6
4024	6
4025	6
4026	6
4027	6
4028	6
4029	6
4030	6
4031	6
4032	6
4033	6
4034	6
4035	6
4036	6
4037	6
4038	6
4039	6
4040	6
4041	6
4042	6
4043	6
4044	6
4045	6
4046	6
4047	6
4048	6
4049	6
4050	6
4051	6
4052	6
4053	6
4054	6
4055	6
4056	6
4057	6
4058	6
4059	6
4060	6
4061	6
4062	6
4063	6
4064	6
4065	6
4066	6
4067	6
4068	6
4069	6
4070	6
4071	6
4072	6
4073	6
4074	6
4075	6
4076	6
4077	6
4078	6
4079	6
4080	6
4081	6
4082	6
4083	6
4084	6
4085	6
4086	6
4087	6
4088	6
4089	6
4090	6
4091	6
4092	6
4093	6
4094	6
4095	6
4096	6
4097	6
4098	6
4099	6
4100	6
4101	6
4102	6
4103	6
4104	6
4105	6
4106	6
4107	6
4108	6
4109	6
4110	6
4111	6
4112	6
4113	6
4114	6
4115	6
4116	6
4117	6
4118	6
4119	6
4120	6
4121	6
4122	6
4123	6
4124	6
4125	6
4126	6
4127	6
4128	6
4129	6
4130	6
4131	6
4132	6
4133	6
4134	6
4135	6
4136	6
4137	6
4138	6
4139	6
4140	6
4141	6
4142	6
4143	6
4144	6
4145	6
4146	6
4147	6
4148	6
4149	6
4150	6
4151	6
4152	6
4153	6
4154	6
4155	6
4156	6
4157	6
4158	6
4159	6
4160	6
4161	6
4162	6
4163	6
4164	6
4165	6
4166	6
4167	6
4168	6
4169	6
4170	6
4171	6
4172	6
4173	6
4174	6
4175	6
4176	6
4177	6
4178	6
4179	6
4180	6
4181	6
4182	6
4183	6
4184	6
4185	6
4186	6
4187	6
4188	6
4189	6
4190	6
4191	6
4192	6
4193	6
4194	6
4195	6
4196	6
4197	6
4198	6
4199	6
4200	6
4201	6
4202	6
4203	6
4204	6
4205	6
4206	6
4207	6
4208	6
4209	6
4210	6
4211	6
4212	6
4213	6
4214	6
4215	6
4216	6
4217	6
4218	6
4219	6
4220	6
4221	6
4222	6
4223	6
4224	6
4225	6
4226	6
4227	6
4228	6
4229	6
4230	6
4231	6
4232	6
4233	6
4234	6
4235	6
4236	6
4237	6
4238	6
4239	6
4240	6
4241	6
4242	6
4243	6
4244	6
4245	6
4246	6
4247	6
4248	6
4249	6
4250	6
4251	6
4252	6
4253	6
4254	6
4255	6
4256	6
4257	6
4258	6
4259	6
4260	6
4261	6
4262	6
4263	6
4264	6
4265	6
4266	6
4267	6
4268	6
4269	6
4270	6
4271	6
4272	6
4273	6
4274	6
4275	6
4276	6
4277	6
4278	6
4279	6
4280	6
4281	6
4282	6
4283	6
4284	6
4285	6
4286	6
4287	6
4288	6
4289	6
4290	6
4291	6
4292	6
4293	6
4294	6
4295	6
4296	6
4297	6
4298	6
4299	6
4300	6
4301	6
4302	6
4303	6
4304	6
4305	6
4306	6
4307	6
4308	6
4309	6
4310	6
4311	6
4312	6
4313	6
4314	6
4315	6
4316	6
4317	6
4318	6
4319	6
4320	6
4321	6
4322	6
4323	6
4324	6
4325	6
4326	6
4327	6
4328	6
4329	6
4330	6
4331	6
4332	6
4333	6
4334	6
4335	6
4336	6
4337	6
4338	6
4339	6
4340	6
4341	6
4342	6
4343	6
4344	6
4345	6
4346	6
4347	6
4348	6
4349	6
4350	6
4351	6
4352	6
4353	6
4354	6
4355	6
4356	6
4357	6
4358	6
4359	6
4360	6
4361	6
4362	6
4363	6
4364	6
4365	6
4366	6
4367	6
4368	6
4369	6
4370	6
4371	6
4372	6
4373	6
4374	6
4375	6
4376	6
4377	7
4378	7
4379	7
4380	7
4381	7
4382	7
4383	7
4384	7
4385	7
4386	7
4387	7
4388	7
4389	7
4390	7
4391	7
4392	7
4393	7
4394	7
4395	7
4396	7
4397	7
4398	7
4399	7
4400	7
4401	7
4402	7
4403	7
4404	7
4405	7
4406	7
4407	7
4408	8
4409	8
4410	8
4411	8
4412	8
4413	8
4414	8
4415	8
4416	8
4417	8
4418	8
4419	8
4420	8
4421	8
4422	8
4423	8
4424	8
4425	8
4426	8
4427	8
4428	8
4429	8
4430	8
4431	8
4432	8
4433	8
4434	8
4435	8
4436	8
4437	8
4438	8
4439	8
4440	8
4441	8
4442	8
4443	8
4444	8
4445	8
4446	8
4447	8
4448	8
4449	8
4450	8
4451	8
4452	8
4453	8
4454	8
4455	8
4456	8
4457	8
4458	8
4459	8
4460	8
4461	8
4462	8
4463	8
4464	8
4465	8
4466	8
4467	8
4468	8
4469	8
4470	8
4471	8
4472	8
4473	8
4474	8
4475	8
4476	8
4477	8
4478	8
4479	8
4480	8
4481	8
4482	8
4483	8
4484	8
4485	8
4486	8
4487	8
4488	8
4489	8
4490	8
4491	8
4492	8
4493	8
4494	8
4495	8
4496	8
4497	8
4498	8
4499	8
4500	8
4501	8
4502	8
4503	8
4504	8
4505	8
4506	8
4507	8
4508	8
4509	8
4510	8
4511	8
4512	8
4513	8
4514	8
4515	8
4516	8
4517	8
4518	8
4519	8
4520	8
4521	8
4522	8
4523	8
4524	8
4525	8
4526	8
4527	8
4528	8
4529	8
4530	8
4531	8
4532	8
4533	8
4534	8
4535	8
4536	8
4537	8
4538	8
4539	8
4540	8
4541	8
4542	8
4543	8
4544	8
4545	8
4546	8
4547	8
4548	8
4549	8
4550	8
4551	8
4552	8
4553	8
4554	8
4555	8
4556	8
4557	8
4558	8
4559	8
4560	8
4561	8
4562	8
4563	8
4564	8
4565	8
4566	8
4567	8
4568	8
4569	8
4570	8
4571	8
4572	8
4573	8
4574	8
4575	8
4576	8
4577	9
4578	9
4579	9
4580	9
4581	9
4582	9
4583	9
4584	9
4585	9
4586	9
4587	9
4588	9
4589	9
4590	9
4591	9
4592	9
4593	9
4594	9
4595	9
4596	9
4597	9
4598	9
4599	9
4600	9
4601	9
4602	9
4603	9
4604	9
4605	9
4606	9
4607	9
4608	9
4609	9
4610	9
4611	9
4612	9
4613	9
4614	9
4615	9
4616	9
4617	9
4618	9
4619	9
4620	9
4621	9
4622	9
4623	9
4624	9
4625	9
4626	9
4627	9
4628	9
4629	9
4630	9
4631	9
4632	9
4633	9
4634	9
4635	9
4636	9
4637	9
4638	9
4639	9
4640	9
4641	9
4642	9
4643	9
4644	9
4645	9
4646	9
4647	9
4648	9
4649	9
4650	9
4651	9
4652	9
4653	9
4654	9
4655	9
4656	9
4657	9
4658	9
4659	9
4660	9
4661	9
4662	9
4663	9
4664	9
4665	9
4666	9
4667	9
4668	9
4669	9
4670	9
4671	9
4672	9
4673	9
4674	9
4675	9
4676	9
4677	9
4678	9
4679	9
4680	9
4681	9
4682	9
4683	9
4684	9
4685	9
4686	9
4687	9
4688	9
4689	9
4690	9
4691	9
4692	9
4693	9
4694	9
4695	9
4696	9
4697	9
4698	9
4699	9
4700	9
4701	9
4702	9
4703	9
4704	9
4705	9
4706	9
4707	9
4708	9
4709	9
4710	9
4711	9
4712	9
4713	9
4714	9
4715	9
4716	9
4717	9
4718	9
4719	9
4720	9
4721	9
4722	9
4723	9
4724	9
4725	9
4726	9
4727	9
4728	9
4729	9
4730	9
4731	9
4732	9
4733	9
4734	9
4735	9
4736	9
4737	9
4738	9
4739	9
4740	9
4741	9
4742	9
4743	9
4744	9
4745	9
4746	9
4747	9
4748	9
4749	9
4750	9
4751	9
4752	9
4753	9
4754	9
4755	9
4756	9
4757	9
4758	9
4759	9
4760	9
4761	9
4762	9
4763	9
4764	9
4765	9
4766	9
4767	9
4768	9
4769	9
4770	9
4771	9
4772	9
4773	9
4774	9
4775	9
4776	9
4777	9
4778	9
4779	9
4780	9
4781	9
4782	9
4783	9
4784	9
4785	9
4786	9
4787	9
4788	9
4789	9
4790	9
4791	9
4792	9
4793	9
4794	9
4795	9
4796	9
4797	9
4798	9
4799	9
4800	9
4801	9
4802	9
4803	9
4804	9
4805	9
4806	9
4807	9
4808	9
4809	9
4810	9
4811	9
4812	9
4813	9
4814	9
4815	9
4816	9
4817	9
4818	9
4819	9
4820	9
4821	9
4822	9
4823	9
4824	9
4825	9
4826	9
4827	9
4828	9
4829	9
4830	9
4831	9
4832	9
4833	9
4834	9
4835	9
4836	9
4837	9
4838	9
4839	9
4840	9
4841	9
4842	9
4843	9
4844	9
4845	9
4846	9
4847	9
4848	9
4849	9
4850	9
4851	9
4852	9
4853	9
4854	9
4855	9
4856	9
4857	9
4858	9
4859	9
4860	9
4861	9
4862	9
4863	9
4864	9
4865	9
4866	9
4867	9
4868	9
4869	9
4870	9
4871	9
4872	9
4873	9
4874	9
4875	9
4876	9
4877	9
4878	9
4879	9
4880	9
4881	9
4882	9
4883	9
4884	9
4885	9
4886	9
4887	9
4888	9
4889	9
4890	9
4891	9
4892	9
4893	9
4894	9
4895	9
4896	9
4897	9
4898	9
4899	9
4900	9
4901	9
4902	9
4903	9
4904	9
4905	9
4906	9
4907	9
4908	9
4909	9
4910	9
4911	9
4912	9
4913	9
4914	9
4915	9
4916	9
4917	9
4918	9
4919	9
4920	9
4921	9
4922	9
4923	9
4924	9
4925	9
4926	9
4927	9
4928	9
4929	9
4930	9
4931	9
4932	9
4933	9
4934	9
4935	9
4936	9
4937	9
4938	9
4939	9
4940	9
4941	9
4942	9
4943	9
4944	9
4945	9
4946	9
4947	9
4948	9
4949	9
4950	9
4951	9
4952	9
4953	9
4954	9
4955	9
4956	9
4957	9
4958	9
4959	9
4960	9
4961	9
4962	9
4963	9
4964	9
4965	9
4966	9
4967	9
4968	9
4969	9
4970	9
4971	9
4972	9
4973	9
4974	9
4975	9
4976	9
4977	9
4978	9
4979	9
4980	9
4981	9
4982	9
4983	9
4984	9
4985	9
4986	9
4987	9
4988	9
4989	9
4990	9
4991	9
4992	9
4993	9
4994	9
4995	9
4996	9
4997	9
4998	9
4999	9
5000	9
5001	9
5002	9
5003	9
5004	9
5005	9
5006	9
5007	9
5008	9
5009	9
5010	9
5011	10
5012	10
5013	10
5014	10
5015	10
5016	10
5017	10
5018	10
5019	10
5020	10
5021	10
5022	10
5023	10
5024	10
5025	10
5026	10
5027	10
5028	10
5029	10
5030	10
5031	10
5032	10
5033	10
5034	10
5035	10
5036	10
5037	10
5038	10
5039	10
5040	10
5041	10
5042	10
5043	10
5044	10
5045	10
5046	10
5047	10
5048	10
5049	10
5050	10
5051	10
5052	10
5053	10
5054	10
5055	10
5056	10
5057	10
5058	10
5059	10
5060	10
5061	10
5062	10
5063	10
5064	10
5065	10
5066	10
5067	10
5068	10
5069	10
5070	10
5071	10
5072	10
5073	10
5074	10
5075	10
5076	10
5077	10
5078	10
5079	10
5080	10
5081	10
5082	10
5083	10
5084	10
5085	10
5086	10
5087	10
5088	10
5089	10
5090	10
5091	10
5092	10
5093	10
5094	10
5095	10
5096	10
5097	10
5098	10
5099	10
5100	10
5101	10
5102	10
5103	10
5104	10
5105	10
5106	10
5107	10
5108	10
5109	10
5110	10
5111	10
5112	10
5113	10
5114	10
5115	10
5116	10
5117	10
5118	10
5119	10
5120	10
5121	10
5122	10
5123	10
5124	10
5125	10
5126	10
5127	10
5128	10
5129	10
5130	10
5131	10
5132	10
5133	10
5134	10
5135	10
5136	10
5137	10
5138	10
5139	10
5140	10
5141	10
5142	10
5143	10
5144	10
5145	10
5146	10
5147	10
5148	10
5149	10
5150	10
5151	10
5152	10
5153	10
5154	10
5155	10
5156	10
5157	10
5158	10
5159	10
5160	10
5161	11
5162	11
5163	11
5164	11
5165	11
5166	11
5167	11
5168	11
5169	11
5170	11
5171	11
5172	11
5173	11
5174	11
5175	11
5176	11
5177	11
5178	11
5179	11
5180	11
5181	11
5182	11
5183	11
5184	11
5185	11
5186	11
5187	11
5188	11
5189	11
5190	11
5191	11
5192	11
5193	11
5194	11
5195	11
5196	11
5197	11
5198	11
5199	11
5200	11
5201	12
5202	12
5203	12
5204	12
5205	12
5206	12
5207	12
5208	12
5209	12
5210	12
5211	12
5212	12
5213	12
5214	12
5215	12
5216	12
5217	12
5218	12
5219	12
5220	12
5221	12
5222	12
5223	12
5224	12
5225	12
5226	12
5227	12
5228	12
5229	12
5230	12
5231	12
5232	12
5233	12
5234	12
5235	12
5236	12
5237	12
5238	12
5239	12
5240	12
5241	12
5242	12
5243	12
5244	12
5245	12
5246	12
5247	12
5248	12
5249	12
5250	12
5251	12
5252	12
5253	12
5254	12
5255	12
5256	12
5257	12
5258	12
5259	12
5260	12
5261	12
5262	12
5263	12
5264	12
5265	12
5266	12
5267	12
5268	12
5269	12
5270	12
5271	12
5272	12
5273	12
5274	12
5275	12
5276	12
5277	12
5278	12
5279	12
5280	12
5281	12
5282	12
5283	12
5284	12
5285	12
5286	12
5287	12
5288	12
5289	12
5290	12
5291	12
5292	12
5293	12
5294	12
5295	12
5296	12
5297	12
5298	12
5299	12
5300	12
5301	12
5302	12
5303	12
5304	12
5305	12
5306	12
5307	12
5308	12
5309	12
5310	12
5311	12
5312	12
5313	12
5314	12
5315	12
5316	12
5317	12
5318	12
5319	12
5320	12
5321	12
5322	12
5323	12
5324	12
5325	12
5326	12
5327	12
5328	13
5329	13
5330	13
5331	13
5332	13
5333	13
5334	13
5335	13
5336	13
5337	13
5338	13
5339	13
5340	13
5341	13
5342	13
5343	13
5344	13
5345	13
5346	13
5347	13
5348	13
5349	13
5350	13
5351	13
5352	13
5353	13
5354	13
5355	13
5356	13
5357	13
5358	13
5359	13
5360	13
5361	13
5362	13
5363	13
5364	13
5365	13
5366	13
5367	13
5368	13
5369	13
5370	13
5371	13
5372	13
5373	13
5374	13
5375	13
5376	13
5377	13
5378	13
5379	13
5380	13
5381	13
5382	13
5383	13
5384	13
5385	13
5386	13
5387	13
5388	13
5389	13
5390	13
5391	13
5392	13
5393	13
5394	13
5395	13
5396	13
5397	13
5398	13
5399	13
5400	13
5401	13
5402	13
5403	13
5404	13
5405	13
5406	13
5407	13
5408	13
5409	13
5410	13
5411	13
5412	13
5413	13
5414	13
5415	13
5416	13
5417	13
5418	13
5419	13
5420	13
5421	13
5422	13
5423	13
5424	13
5425	13
5426	13
5427	13
5428	13
5429	13
5430	13
5431	13
5432	13
5433	13
5434	13
5435	13
5436	13
5437	13
5438	13
5439	13
5440	13
5441	13
5442	13
5443	13
5444	13
5445	13
5446	13
5447	13
5448	13
5449	13
5450	13
5451	13
5452	13
5453	13
5454	13
5455	13
5456	13
5457	13
5458	13
5459	13
5460	13
5461	13
5462	13
5463	13
5464	13
5465	13
5466	13
5467	13
5468	13
5469	13
5470	13
5471	13
5472	13
5473	13
5474	13
5475	13
5476	13
5477	13
5478	13
5479	13
5480	13
5481	13
5482	13
5483	13
5484	13
5485	13
5486	13
5487	13
5488	13
5489	13
5490	13
5491	13
5492	13
5493	13
5494	13
5495	13
5496	13
5497	13
5498	13
5499	13
5500	13
5501	13
5502	13
5503	13
5504	13
5505	13
5506	13
5507	13
5508	13
5509	14
5510	14
5511	14
5512	14
5513	14
5514	14
5515	14
5516	14
5517	14
5518	14
5519	14
5520	14
5521	14
5522	14
5523	14
5524	14
5525	14
5526	14
5527	14
5528	14
5529	14
5530	14
5531	14
5532	14
5533	14
5534	14
5535	14
5536	14
5537	14
5538	14
5539	14
5540	14
5541	14
5542	14
5543	14
5544	14
5545	14
5546	14
5547	14
5548	14
5549	14
5550	14
5551	14
5552	14
5553	14
5554	14
5555	14
5556	14
5557	14
5558	14
5559	14
5560	14
5561	14
5562	14
5563	14
5564	14
5565	14
5566	14
5567	14
5568	14
5569	14
5570	14
5571	14
5572	14
5573	15
5574	15
5575	15
5576	15
5577	15
5578	15
5579	15
5580	15
5581	15
5582	15
5583	15
5584	15
5585	15
5586	15
5587	15
5588	15
5589	15
5590	15
5591	15
5592	15
5593	15
5594	15
5595	15
5596	15
5597	15
5598	15
5599	15
5600	15
5601	16
5602	16
5603	16
5604	16
5605	16
5606	16
5607	16
5608	16
5609	16
5610	16
5611	16
5612	16
5613	16
5614	16
5615	16
5616	16
5617	16
5618	16
5619	16
5620	16
5621	16
5622	16
5623	16
5624	16
5625	16
5626	16
5627	16
5628	16
5629	16
5630	16
5631	16
5632	16
5633	16
5634	16
5635	16
5636	16
5637	16
5638	16
5639	16
5640	16
5641	16
5642	16
5643	16
5644	16
5645	16
5646	17
5647	17
5648	17
5649	17
5650	17
5651	17
5652	17
5653	17
5654	17
5655	17
5656	17
5657	17
5658	17
5659	17
5660	17
5661	17
5662	17
5663	17
5664	17
5665	17
5666	17
5667	17
5668	17
5669	17
5670	17
5671	17
5672	17
5673	17
5674	17
5675	17
5676	17
5677	17
5678	17
5679	17
5680	17
5681	17
5682	17
5683	17
5684	17
5685	17
5686	17
5687	17
5688	17
5689	17
5690	17
5691	17
5692	17
5693	17
5694	17
5695	17
5696	17
5697	17
5698	17
5699	17
5700	17
5701	17
5702	17
5703	17
5704	17
5705	17
5706	17
5707	17
5708	17
5709	17
5710	17
5711	17
5712	17
5713	17
5714	17
5715	17
5716	17
5717	17
5718	17
5719	17
5720	17
5721	17
5722	17
5723	17
5724	17
5725	17
5726	17
5727	17
5728	17
5729	17
5730	17
5731	17
5732	17
5733	17
5734	17
5735	17
5736	17
5737	17
5738	17
5739	17
5740	17
5741	17
5742	17
5743	17
5744	17
5745	17
5746	17
5747	17
5748	17
5749	17
5750	17
5751	17
5752	17
5753	17
5754	17
5755	17
5756	17
5757	17
5758	17
5759	17
5760	17
5761	17
5762	17
5763	17
5764	17
5765	17
5766	17
5767	17
5768	17
5769	17
5770	17
5771	17
5772	17
5773	17
5774	17
5775	17
5776	17
5777	17
5778	17
5779	17
5780	17
5781	17
5782	17
5783	17
5784	17
5785	17
5786	17
5787	17
5788	17
5789	17
5790	17
5791	17
5792	17
5793	17
5794	17
5795	17
5796	17
5797	17
5798	17
5799	17
5800	17
5801	17
5802	17
5803	17
5804	17
5805	17
5806	17
5807	17
5808	17
5809	17
5810	17
5811	17
5812	17
5813	17
5814	17
5815	17
5816	17
5817	17
5818	17
5819	17
5820	17
5821	17
5822	17
5823	17
5824	17
5825	17
5826	17
5827	17
5828	17
5829	17
5830	17
5831	17
5832	17
5833	17
5834	17
5835	17
5836	17
5837	17
5838	17
5839	17
5840	17
5841	17
5842	17
5843	17
5844	17
5845	17
5846	17
5847	17
5848	17
5849	17
5850	17
5851	17
5852	17
5853	17
5854	17
5855	17
5856	17
5857	17
5858	17
5859	17
5860	17
5861	17
5862	17
5863	17
5864	17
5865	17
5866	17
5867	17
5868	17
5869	17
5870	17
5871	17
5872	17
5873	17
5874	17
5875	17
5876	17
5877	17
5878	17
5879	17
5880	17
5881	17
5882	17
5883	17
5884	17
5885	17
5886	17
5887	17
5888	17
5889	17
5890	17
5891	17
5892	17
5893	17
5894	17
5895	17
5896	17
5897	17
5898	17
5899	17
5900	17
5901	17
5902	17
5903	17
5904	17
5905	17
5906	17
5907	17
5908	17
5909	17
5910	17
5911	17
5912	17
5913	17
5914	17
5915	17
5916	17
5917	17
5918	17
5919	17
5920	17
5921	17
5922	17
5923	17
5924	17
5925	17
5926	17
5927	17
5928	17
5929	17
5930	17
5931	17
5932	17
5933	17
5934	17
5935	17
5936	17
5937	17
5938	17
5939	17
5940	17
5941	17
5942	17
5943	17
5944	17
5945	17
5946	17
5947	17
5948	17
5949	17
5950	17
5951	17
5952	17
5953	17
5954	17
5955	17
5956	17
5957	17
5958	17
5959	17
5960	17
5961	17
5962	17
5963	17
5964	17
5965	17
5966	17
5967	17
5968	17
5969	17
5970	17
5971	17
5972	17
5973	17
5974	17
5975	17
5976	17
5977	17
5978	17
5979	17
5980	17
5981	17
5982	17
5983	17
5984	17
5985	17
5986	17
5987	17
5988	17
5989	17
5990	17
5991	17
5992	17
5993	17
5994	17
5995	17
5996	17
5997	17
5998	17
5999	17
6000	17
6001	17
6002	17
6003	17
6004	17
6005	17
6006	17
6007	17
6008	17
6009	17
6010	17
6011	17
6012	17
6013	17
6014	17
6015	17
6016	17
6017	17
6018	17
6019	17
6020	17
6021	17
6022	17
6023	17
6024	17
6025	17
6026	17
6027	17
6028	17
6029	17
6030	17
6031	17
6032	17
6033	17
6034	17
6035	17
6036	17
6037	17
6038	17
6039	17
6040	18
6041	18
6042	18
6043	18
6044	18
6045	18
6046	18
6047	18
6048	18
6049	18
6050	18
6051	18
6052	18
6053	18
6054	18
6055	18
6056	18
6057	18
6058	18
6059	18
6060	18
6061	18
6062	18
6063	18
6064	18
6065	18
6066	18
6067	18
6068	18
6069	18
6070	18
6071	18
6072	18
6073	18
6074	18
6075	18
6076	18
6077	18
6078	18
6079	18
6080	18
6081	18
6082	18
6083	18
6084	18
6085	18
6086	18
6087	18
6088	18
6089	18
6090	18
6091	18
6092	18
6093	18
6094	18
6095	18
6096	18
6097	18
6098	18
6099	18
6100	18
6101	18
6102	18
6103	18
6104	18
6105	18
6106	18
6107	18
6108	18
6109	18
6110	18
6111	18
6112	18
6113	18
6114	18
6115	18
6116	18
6117	18
6118	18
6119	18
6120	18
6121	18
6122	18
6123	18
6124	18
6125	18
6126	18
6127	18
6128	18
6129	18
6130	18
6131	18
6132	18
6133	18
6134	18
6135	18
6136	18
6137	18
6138	18
6139	18
6140	18
6141	18
6142	18
6143	18
6144	18
6145	18
6146	18
6147	18
6148	18
6149	18
6150	18
6151	18
6152	18
6153	18
6154	18
6155	18
6156	18
6157	18
6158	18
6159	18
6160	18
6161	18
6162	18
6163	18
6164	18
6165	18
6166	18
6167	18
6168	18
6169	18
6170	18
6171	18
6172	18
6173	18
6174	18
6175	18
6176	18
6177	18
6178	18
6179	19
6180	19
6181	19
6182	19
6183	19
6184	19
6185	19
6186	19
6187	19
6188	19
6189	19
6190	19
6191	19
6192	19
6193	19
6194	19
6195	19
6196	19
6197	19
6198	19
6199	19
6200	19
6201	19
6202	19
6203	19
6204	19
6205	19
6206	19
6207	19
6208	19
6209	19
6210	19
6211	19
6212	19
6213	19
6214	19
6215	19
6216	19
6217	19
6218	19
6219	19
6220	19
6221	19
6222	19
6223	19
6224	19
6225	19
6226	19
6227	19
6228	19
6229	19
6230	19
6231	20
6232	20
6233	20
6234	20
6235	20
6236	20
6237	20
6238	20
6239	20
6240	20
6241	20
6242	20
6243	20
6244	20
6245	20
6246	20
6247	20
6248	20
6249	20
6250	20
6251	20
6252	20
6253	20
6254	20
6255	20
6256	20
6257	20
6258	20
6259	20
6260	20
6261	20
6262	20
6263	20
6264	20
6265	20
6266	20
6267	20
6268	20
6269	20
6270	20
6271	20
6272	20
6273	20
6274	20
6275	20
6276	20
6277	20
6278	20
6279	20
6280	20
6281	20
6282	20
6283	20
6284	20
6285	20
6286	20
6287	20
6288	20
6289	20
6290	20
6291	20
6292	20
6293	20
6294	20
6295	20
6296	20
6297	20
6298	20
6299	20
6300	20
6301	20
6302	20
6303	20
6304	20
6305	20
6306	20
6307	20
6308	20
6309	20
6310	20
6311	20
6312	20
6313	20
6314	20
6315	20
6316	20
6317	20
6318	20
6319	20
6320	20
6321	20
6322	20
6323	20
6324	20
6325	20
6326	20
6327	20
6328	20
6329	20
6330	20
6331	20
6332	20
6333	20
6334	20
6335	20
6336	20
6337	20
6338	20
6339	20
6340	20
6341	20
6342	20
6343	20
6344	20
6345	20
6346	20
6347	20
6348	20
6349	20
6350	20
6351	20
6352	20
6353	20
6354	20
6355	20
6356	20
6357	20
6358	20
6359	20
6360	20
6361	20
6362	20
6363	20
6364	20
6365	20
6366	20
6367	20
6368	20
6369	20
6370	20
6371	20
6372	20
6373	20
6374	20
6375	20
6376	20
6377	20
6378	20
6379	20
6380	20
6381	20
6382	20
6383	20
6384	20
6385	20
6386	20
6387	20
6388	20
6389	20
6390	20
6391	20
6392	20
6393	20
6394	20
6395	20
6396	20
6397	20
6398	20
6399	20
6400	20
6401	20
6402	20
6403	20
6404	20
6405	20
6406	20
6407	20
6408	20
6409	20
6410	20
6411	20
6412	20
6413	20
6414	20
6415	20
6416	20
6417	20
6418	20
6419	20
6420	20
6421	20
6422	20
6423	20
6424	20
6425	20
6426	20
6427	20
6428	20
6429	20
6430	20
6431	20
6432	20
6433	20
6434	20
6435	20
6436	20
6437	20
6438	20
6439	20
6440	20
6441	20
6442	20
6443	20
6444	20
6445	20
6446	20
6447	20
6448	20
6449	20
6450	20
6451	20
6452	20
6453	20
6454	20
6455	20
6456	20
6457	20
6458	20
6459	20
6460	20
6461	20
6462	20
6463	20
6464	20
6465	20
6466	20
6467	20
6468	20
6469	20
6470	20
6471	20
6472	20
6473	20
6474	20
6475	20
6476	20
6477	20
6478	20
6479	20
6480	20
6481	20
6482	20
6483	20
6484	20
6485	20
6486	20
6487	20
6488	20
6489	20
6490	20
6491	20
6492	20
6493	20
6494	20
6495	20
6496	20
6497	20
6498	20
6499	20
6500	20
6501	20
6502	20
6503	20
6504	20
6505	20
6506	20
6507	20
6508	20
6509	20
6510	20
6511	20
6512	20
6513	20
6514	20
6515	20
6516	20
6517	20
6518	20
6519	20
6520	20
6521	20
6522	20
6523	20
6524	20
6525	20
6526	20
6527	20
6528	20
6529	20
6530	20
6531	20
6532	20
6533	20
6534	20
6535	20
6536	20
6537	20
6538	20
6539	20
6540	20
6541	20
6542	20
6543	20
6544	20
6545	20
6546	20
6547	20
6548	20
6549	20
6550	20
6551	20
6552	20
6553	20
6554	20
6555	20
6556	20
6557	20
6558	20
6559	20
6560	20
6561	20
6562	20
6563	20
6564	20
6565	20
6566	20
6567	20
6568	20
6569	20
6570	20
6571	20
6572	20
6573	20
6574	20
6575	20
6576	20
6577	20
6578	20
6579	20
6580	20
6581	20
6582	20
6583	20
6584	20
6585	20
6586	20
6587	20
6588	20
6589	20
6590	20
6591	20
6592	20
6593	20
6594	20
6595	20
6596	20
6597	20
6598	20
6599	20
6600	20
6601	20
6602	20
6603	20
6604	20
6605	20
6606	20
6607	20
6608	20
6609	20
6610	20
6611	20
6612	20
6613	20
6614	20
6615	20
6616	20
6617	20
6618	20
6619	20
6620	20
6621	20
6622	20
6623	20
6624	20
6625	20
6626	20
6627	20
6628	20
6629	20
6630	20
6631	20
6632	20
6633	20
6634	20
6635	20
6636	20
6637	20
6638	20
6639	20
6640	20
6641	20
6642	20
6643	20
6644	20
6645	20
6646	20
6647	20
6648	20
6649	20
6650	20
6651	20
6652	20
6653	20
6654	20
6655	20
6656	20
6657	20
6658	20
6659	20
6660	20
6661	20
6662	20
6663	20
6664	20
6665	20
6666	20
6667	20
6668	20
6669	20
6670	20
6671	20
6672	20
6673	20
6674	20
6675	20
6676	20
6677	20
6678	20
6679	20
6680	20
6681	20
6682	20
6683	20
6684	20
6685	20
6686	20
6687	20
6688	20
6689	20
6690	20
6691	20
6692	20
6693	20
6694	20
6695	20
6696	20
6697	20
6698	20
6699	20
6700	20
6701	20
6702	20
6703	20
6704	20
6705	20
6706	20
6707	20
6708	20
6709	20
6710	20
6711	20
6712	20
6713	20
6714	20
6715	20
6716	20
6717	20
6718	20
6719	20
6720	20
6721	20
6722	20
6723	20
6724	20
6725	20
6726	20
6727	20
6728	20
6729	20
6730	20
6731	20
6732	20
6733	20
6734	20
6735	20
6736	20
6737	20
6738	20
6739	20
6740	20
6741	20
6742	20
6743	20
6744	20
6745	20
6746	20
6747	20
6748	20
6749	20
6750	20
6751	20
6752	20
6753	20
6754	20
6755	20
6756	20
6757	20
6758	20
6759	20
6760	20
6761	20
6762	20
6763	20
6764	20
6765	20
6766	20
6767	20
6768	20
6769	20
6770	20
6771	20
6772	20
6773	20
6774	20
6775	20
6776	20
6777	20
6778	20
6779	20
6780	20
6781	20
6782	20
6783	20
6784	20
6785	20
6786	20
6787	20
6788	20
6789	20
6790	20
6791	20
6792	20
6793	20
6794	20
6795	20
6796	20
6797	20
6798	20
6799	20
6800	20
6801	20
6802	20
6803	20
6804	20
6805	20
6806	20
6807	20
6808	20
6809	20
6810	20
6811	20
6812	20
6813	20
6814	20
6815	20
6816	20
6817	20
6818	20
6819	20
6820	20
6821	20
6822	20
6823	20
6824	20
6825	20
6826	20
6827	20
6828	20
6829	20
6830	20
6831	20
6832	20
6833	20
6834	20
6835	20
6836	20
6837	20
6838	20
6839	20
6840	20
6841	20
6842	20
6843	20
6844	20
6845	20
6846	20
6847	20
6848	20
6849	20
6850	20
6851	20
6852	20
6853	20
6854	20
6855	20
6856	20
6857	20
6858	20
6859	20
6860	20
6861	20
6862	20
6863	20
6864	20
6865	20
6866	20
6867	20
6868	20
6869	20
6870	20
6871	20
6872	20
6873	20
6874	20
6875	20
6876	20
6877	20
6878	20
6879	20
6880	20
6881	20
6882	20
6883	20
6884	20
6885	20
6886	20
6887	20
6888	20
6889	20
6890	20
6891	20
6892	20
6893	20
6894	20
6895	20
6896	20
6897	20
6898	20
6899	20
6900	20
6901	20
6902	20
6903	20
6904	20
6905	20
6906	20
6907	20
6908	20
6909	20
6910	20
6911	20
6912	20
6913	20
6914	20
6915	20
6916	20
6917	20
6918	20
6919	20
6920	20
6921	20
6922	20
6923	20
6924	20
6925	20
6926	20
6927	20
6928	20
6929	20
6930	20
6931	20
6932	20
6933	20
6934	20
6935	20
6936	20
6937	20
6938	20
6939	20
6940	20
6941	20
6942	20
6943	20
6944	20
6945	20
6946	20
6947	20
6948	20
6949	20
6950	20
6951	20
6952	20
6953	20
6954	20
6955	20
6956	20
6957	20
6958	20
6959	20
6960	20
6961	20
6962	20
6963	20
6964	20
6965	20
6966	20
6967	20
6968	20
6969	20
6970	20
6971	20
6972	20
6973	20
6974	20
6975	20
6976	20
6977	20
6978	20
6979	20
6980	20
6981	20
6982	20
6983	20
6984	20
6985	20
6986	20
6987	20
6988	20
6989	20
6990	20
6991	20
6992	20
6993	20
6994	20
6995	20
6996	20
6997	20
6998	20
6999	20
7000	20
7001	20
7002	20
7003	20
7004	20
7005	20
7006	20
7007	20
7008	20
7009	20
7010	20
7011	20
7012	20
7013	20
7014	20
7015	20
7016	20
7017	20
7018	20
7019	20
7020	20
7021	20
7022	20
7023	20
7024	20
7025	20
7026	20
7027	20
7028	20
7029	20
7030	20
7031	20
7032	20
7033	20
7034	20
7035	20
7036	20
7037	20
7038	20
7039	20
7040	20
7041	20
7042	20
7043	20
7044	20
7045	20
7046	20
7047	20
7048	20
7049	20
7050	20
7051	20
7052	20
7053	20
7054	20
7055	20
7056	20
7057	20
7058	20
7059	20
7060	20
7061	20
7062	20
7063	20
7064	20
7065	20
7066	20
7067	20
7068	20
7069	20
7070	20
7071	20
7072	20
7073	20
7074	20
7075	20
7076	20
7077	20
7078	20
7079	20
7080	20
7081	20
7082	20
7083	20
7084	20
7085	20
7086	20
7087	20
7088	20
7089	20
7090	20
7091	20
7092	20
7093	20
7094	20
7095	20
7096	20
7097	20
7098	20
7099	20
7100	20
7101	20
7102	20
7103	20
7104	20
7105	20
7106	20
7107	20
7108	20
7109	20
7110	20
7111	20
7112	20
7113	20
7114	20
7115	20
7116	20
7117	20
7118	20
7119	20
7120	20
7121	20
7122	20
7123	20
7124	20
7125	20
7126	20
7127	20
7128	20
7129	20
7130	20
7131	20
7132	20
7133	20
7134	20
7135	20
7136	20
7137	20
7138	20
7139	20
7140	20
7141	20
7142	20
7143	20
7144	20
7145	20
7146	20
7147	20
7148	20
7149	20
7150	20
7151	20
7152	20
7153	20
7154	20
7155	20
7156	20
7157	20
7158	20
7159	20
7160	20
7161	20
7162	20
7163	20
7164	20
7165	20
7166	20
7167	20
7168	20
7169	20
7170	20
7171	20
7172	20
7173	20
7174	20
7175	20
7176	20
7177	20
7178	20
7179	20
7180	20
7181	20
7182	20
7183	20
7184	20
7185	20
7186	20
7187	20
7188	20
7189	20
7190	20
7191	20
7192	20
7193	20
7194	20
7195	20
7196	20
7197	20
7198	20
7199	20
7200	20
7201	20
7202	20
7203	20
7204	20
7205	20
7206	20
7207	20
7208	20
7209	20
7210	20
7211	20
7212	20
7213	20
7214	20
7215	20
7216	20
7217	20
7218	20
7219	20
7220	20
7221	20
7222	20
7223	20
7224	20
7225	20
7226	20
7227	20
7228	20
7229	20
7230	20
7231	20
7232	20
7233	20
7234	20
7235	20
7236	20
7237	20
7238	20
7239	20
7240	20
7241	20
7242	20
7243	20
7244	20
7245	20
7246	20
7247	20
7248	20
7249	20
7250	20
7251	20
7252	20
7253	20
7254	20
7255	20
7256	20
7257	20
7258	20
7259	20
7260	20
7261	20
7262	20
7263	20
7264	20
7265	20
7266	20
7267	20
7268	20
7269	20
7270	20
7271	20
7272	20
7273	20
7274	20
7275	20
7276	20
7277	20
7278	20
7279	20
7280	20
7281	20
7282	20
7283	20
7284	20
7285	20
7286	20
7287	20
7288	20
7289	20
7290	20
7291	20
7292	20
7293	20
7294	20
7295	20
7296	20
7297	20
7298	20
7299	20
7300	20
7301	20
7302	20
7303	20
7304	20
7305	20
7306	20
7307	20
7308	20
7309	20
7310	20
7311	20
7312	20
7313	20
7314	20
7315	20
7316	20
7317	20
7318	20
7319	20
7320	20
7321	20
7322	20
7323	20
7324	20
7325	20
7326	20
7327	20
7328	20
7329	20
7330	20
7331	20
7332	20
7333	20
7334	20
7335	20
7336	20
7337	20
7338	20
7339	20
7340	20
7341	20
7342	20
7343	20
7344	20
7345	20
7346	20
7347	20
7348	20
7349	20
7350	20
7351	20
7352	20
7353	20
7354	20
7355	20
7356	20
7357	20
7358	20
7359	20
7360	20
7361	20
7362	20
7363	20
7364	20
7365	20
7366	20
7367	20
7368	20
7369	20
7370	20
7371	20
7372	20
7373	20
7374	20
7375	20
7376	20
7377	20
7378	20
7379	20
7380	20
7381	20
7382	20
7383	20
7384	20
7385	20
7386	20
7387	20
7388	20
7389	20
7390	20
7391	20
7392	20
7393	20
7394	20
7395	20
7396	20
7397	20
7398	20
7399	20
7400	20
7401	20
7402	20
7403	20
7404	20
7405	20
7406	20
7407	20
7408	20
7409	20
7410	20
7411	20
7412	20
7413	20
7414	20
7415	21
7416	21
7417	21
7418	21
7419	21
7420	21
7421	21
7422	21
7423	21
7424	21
7425	21
7426	21
7427	21
7428	21
7429	21
7430	21
7431	21
7432	21
7433	21
7434	21
7435	21
7436	21
7437	21
7438	21
7439	21
7440	21
7441	21
7442	21
7443	21
7444	21
7445	21
7446	21
7447	21
7448	21
7449	21
7450	21
7451	21
7452	21
7453	21
7454	21
7455	21
7456	21
7457	21
7458	21
7459	21
7460	21
7461	21
7462	21
7463	21
7464	21
7465	21
7466	21
7467	21
7468	21
7469	21
7470	21
7471	21
7472	21
7473	21
7474	21
7475	21
7476	21
7477	21
7478	21
7479	21
7480	21
7481	21
7482	21
7483	21
7484	21
7485	21
7486	21
7487	21
7488	21
7489	21
7490	21
7491	21
7492	21
7493	21
7494	21
7495	21
7496	21
7497	21
7498	21
7499	21
7500	21
7501	21
7502	21
7503	21
7504	21
7505	21
7506	21
7507	21
7508	21
7509	21
7510	21
7511	21
7512	21
7513	21
7514	21
7515	21
7516	21
7517	21
7518	21
7519	21
7520	21
7521	21
7522	21
7523	21
7524	21
7525	21
7526	21
7527	21
7528	21
7529	21
7530	21
7531	21
7532	21
7533	21
7534	21
7535	21
7536	21
7537	21
7538	21
7539	21
7540	21
7541	21
7542	21
7543	21
7544	21
7545	21
7546	21
7547	21
7548	21
7549	21
7550	21
7551	21
7552	21
7553	21
7554	21
7555	21
7556	21
7557	21
7558	21
7559	21
7560	21
7561	21
7562	21
7563	21
7564	21
7565	21
7566	21
7567	21
7568	21
7569	21
7570	21
7571	21
7572	21
7573	21
7574	21
7575	21
7576	21
7577	21
7578	21
7579	21
7580	21
7581	21
7582	21
7583	21
7584	21
7585	21
7586	21
7587	21
7588	21
7589	21
7590	21
7591	21
7592	21
7593	21
7594	21
7595	21
7596	21
7597	21
7598	21
7599	21
7600	21
7601	21
7602	21
7603	21
7604	21
7605	21
7606	21
7607	21
7608	21
7609	21
7610	21
7611	21
7612	21
7613	21
7614	21
7615	21
7616	21
7617	21
7618	21
7619	21
7620	21
7621	21
7622	21
7623	21
7624	21
7625	21
7626	21
7627	21
7628	21
7629	21
7630	21
7631	21
7632	21
7633	21
7634	21
7635	21
7636	21
7637	21
7638	21
7639	21
7640	21
7641	21
7642	21
7643	21
7644	21
7645	21
7646	21
7647	21
7648	21
7649	21
7650	21
7651	21
7652	21
7653	21
7654	21
7655	21
7656	21
7657	21
7658	21
7659	21
7660	21
7661	21
7662	21
7663	21
7664	21
7665	21
7666	21
7667	21
7668	21
7669	21
7670	21
7671	21
7672	21
7673	21
7674	21
7675	21
7676	21
7677	21
7678	21
7679	21
7680	21
7681	21
7682	21
7683	21
7684	21
7685	21
7686	21
7687	21
7688	21
7689	21
7690	21
7691	21
7692	21
7693	21
7694	21
7695	21
7696	21
7697	21
7698	21
7699	21
7700	21
7701	21
7702	21
7703	21
7704	21
7705	21
7706	21
7707	21
7708	21
7709	21
7710	21
7711	21
7712	21
7713	21
7714	21
7715	21
7716	21
7717	21
7718	21
7719	21
7720	21
7721	21
7722	21
7723	21
7724	21
7725	21
7726	21
7727	21
7728	21
7729	21
7730	21
7731	21
7732	21
7733	21
7734	21
7735	21
7736	21
7737	21
7738	21
7739	21
7740	21
7741	21
7742	21
7743	21
7744	21
7745	21
7746	21
7747	21
7748	21
7749	21
7750	21
7751	21
7752	21
7753	21
7754	21
7755	21
7756	21
7757	21
7758	21
7759	21
7760	21
7761	21
7762	21
7763	21
7764	21
7765	21
7766	21
7767	21
7768	21
7769	21
7770	21
7771	21
7772	21
7773	21
7774	21
7775	21
7776	21
7777	21
7778	21
7779	21
7780	21
7781	21
7782	21
7783	21
7784	21
7785	21
7786	21
7787	21
7788	21
7789	21
7790	21
7791	21
7792	21
7793	21
7794	21
7795	21
7796	21
7797	21
7798	21
7799	21
7800	21
7801	21
7802	21
7803	21
7804	21
7805	21
7806	21
7807	21
7808	21
7809	21
7810	21
7811	21
7812	21
7813	21
7814	21
7815	21
7816	21
7817	21
7818	21
7819	21
7820	21
7821	21
7822	21
7823	21
7824	21
7825	21
7826	21
7827	21
7828	21
7829	21
7830	21
7831	21
7832	21
7833	21
7834	21
7835	21
7836	21
7837	21
7838	21
7839	21
7840	21
7841	21
7842	21
7843	21
7844	21
7845	21
7846	21
7847	21
7848	21
7849	21
7850	21
7851	21
7852	21
7853	21
7854	21
7855	21
7856	21
7857	21
7858	21
7859	21
7860	21
7861	21
7862	21
7863	21
7864	21
7865	21
7866	21
7867	21
7868	21
7869	21
7870	21
7871	21
7872	21
7873	21
7874	21
7875	21
7876	21
7877	21
7878	21
7879	21
7880	21
7881	21
7882	21
7883	21
7884	21
7885	21
7886	21
7887	21
7888	21
7889	21
7890	21
7891	21
7892	21
7893	21
7894	21
7895	21
7896	21
7897	21
7898	21
7899	21
7900	21
7901	21
7902	21
7903	21
7904	21
7905	21
7906	21
7907	21
7908	21
7909	21
7910	21
7911	21
7912	21
7913	21
7914	21
7915	21
7916	21
7917	21
7918	21
7919	21
7920	21
7921	21
7922	21
7923	21
7924	21
7925	21
7926	21
7927	21
7928	21
7929	21
7930	21
7931	21
7932	21
7933	21
7934	21
7935	21
7936	21
7937	21
7938	21
7939	21
7940	21
7941	21
7942	21
7943	21
7944	21
7945	21
7946	21
7947	21
7948	21
7949	21
7950	21
7951	21
7952	21
7953	21
7954	21
7955	21
7956	21
7957	21
7958	21
7959	21
7960	21
7961	21
7962	21
7963	21
7964	21
7965	21
7966	21
7967	21
7968	21
7969	21
7970	21
7971	21
7972	21
7973	21
7974	21
7975	21
7976	21
7977	21
7978	21
7979	21
7980	21
7981	21
7982	22
7983	22
7984	22
7985	22
7986	22
7987	22
7988	22
7989	22
7990	22
7991	22
7992	22
7993	22
7994	22
7995	22
7996	22
7997	22
7998	22
7999	22
8000	22
8001	22
8002	22
8003	22
8004	22
8005	22
8006	22
8007	22
8008	22
8009	22
8010	22
8011	22
8012	22
8013	22
8014	22
8015	22
8016	22
8017	22
8018	22
8019	22
8020	22
8021	22
8022	22
8023	22
8024	22
8025	22
8026	22
8027	22
8028	22
8029	22
8030	22
8031	22
8032	22
8033	22
8034	22
8035	22
8036	22
8037	22
8038	22
8039	22
8040	22
8041	22
8042	22
8043	22
8044	22
8045	22
8046	22
8047	22
8048	22
8049	22
8050	22
8051	22
8052	22
8053	22
8054	22
8055	22
8056	22
8057	22
8058	22
8059	22
8060	22
8061	22
8062	22
8063	22
8064	22
8065	22
8066	22
8067	22
8068	22
8069	22
8070	22
8071	22
8072	22
8073	22
8074	22
8075	22
8076	22
8077	22
8078	22
8079	22
8080	22
8081	22
8082	22
8083	22
8084	22
8085	22
8086	22
8087	22
8088	22
8089	22
8090	22
8091	22
8092	22
8093	22
8094	22
8095	22
8096	22
8097	22
8098	22
8099	22
8100	22
8101	22
8102	22
8103	22
8104	22
8105	22
8106	22
8107	22
8108	22
8109	22
8110	22
8111	22
8112	22
8113	22
8114	22
8115	22
8116	22
8117	22
8118	22
8119	22
8120	22
8121	22
8122	22
8123	22
8124	22
8125	22
8126	22
8127	22
8128	22
8129	22
8130	22
8131	22
8132	22
8133	22
8134	22
8135	22
8136	22
8137	22
8138	22
8139	22
8140	22
8141	22
8142	22
8143	22
8144	22
8145	22
8146	22
8147	22
8148	22
8149	22
8150	22
8151	22
8152	22
8153	22
8154	22
8155	22
8156	22
8157	22
8158	22
8159	22
8160	22
8161	22
8162	22
8163	22
8164	22
8165	22
8166	22
8167	22
8168	22
8169	22
8170	22
8171	22
8172	22
8173	22
8174	22
8175	22
8176	22
8177	22
8178	22
8179	22
8180	22
8181	22
8182	22
8183	22
8184	22
8185	22
8186	22
8187	22
8188	22
8189	22
8190	22
8191	22
8192	22
8193	22
8194	22
8195	22
8196	22
8197	22
8198	22
8199	22
8200	22
8201	22
8202	22
8203	22
8204	22
8205	22
8206	22
8207	22
8208	22
8209	22
8210	22
8211	22
8212	22
8213	22
8214	22
8215	22
8216	22
8217	22
8218	22
8219	22
8220	22
8221	22
8222	22
8223	22
8224	22
8225	22
8226	22
8227	22
8228	22
8229	22
8230	22
8231	22
8232	22
8233	22
8234	22
8235	22
8236	22
8237	22
8238	22
8239	22
8240	22
8241	22
8242	22
8243	22
8244	22
8245	22
8246	22
8247	22
8248	22
8249	22
8250	22
8251	22
8252	22
8253	22
8254	22
8255	22
8256	22
8257	22
8258	22
8259	22
8260	22
8261	22
8262	22
8263	22
8264	22
8265	22
8266	22
8267	22
8268	22
8269	22
8270	22
8271	22
8272	22
8273	22
8274	22
8275	22
8276	22
8277	22
8278	22
8279	22
8280	22
8281	22
8282	22
8283	22
8284	22
8285	22
8286	22
8287	22
8288	22
8289	22
8290	22
8291	22
8292	22
8293	22
8294	22
8295	22
8296	22
8297	22
8298	22
8299	22
8300	22
8301	22
8302	22
8303	22
8304	22
8305	22
8306	22
8307	22
8308	22
8309	22
8310	22
8311	22
8312	22
8313	22
8314	22
8315	22
8316	22
8317	22
8318	22
8319	22
8320	22
8321	22
8322	22
8323	22
8324	22
8325	22
8326	22
8327	22
8328	22
8329	22
8330	22
8331	22
8332	22
8333	22
8334	22
8335	22
8336	22
8337	22
8338	22
8339	22
8340	22
8341	22
8342	22
8343	22
8344	22
8345	22
8346	22
8347	22
8348	22
8349	22
8350	22
8351	22
8352	22
8353	22
8354	22
8355	22
8356	22
8357	22
8358	22
8359	22
8360	22
8361	22
8362	22
8363	22
8364	22
8365	22
8366	22
8367	22
8368	22
8369	22
8370	22
8371	22
8372	22
8373	22
8374	22
8375	22
8376	22
8377	22
8378	22
8379	22
8380	22
8381	22
8382	22
8383	22
8384	22
8385	22
8386	22
8387	22
8388	22
8389	22
8390	22
8391	22
8392	22
8393	22
8394	22
8395	22
8396	22
8397	22
8398	22
8399	22
8400	22
8401	22
8402	22
8403	22
8404	22
8405	22
8406	22
8407	22
8408	22
8409	22
8410	22
8411	22
8412	22
8413	22
8414	22
8415	22
8416	22
8417	22
8418	22
8419	22
8420	22
8421	22
8422	22
8423	22
8424	22
8425	22
8426	22
8427	22
8428	22
8429	22
8430	22
8431	22
8432	22
8433	22
8434	22
8435	22
8436	22
8437	22
8438	22
8439	22
8440	22
8441	22
8442	22
8443	22
8444	22
8445	22
8446	22
8447	22
8448	22
8449	22
8450	22
8451	22
8452	22
8453	22
8454	22
8455	22
8456	22
8457	22
8458	22
8459	22
8460	22
8461	22
8462	22
8463	22
8464	22
8465	22
8466	22
8467	22
8468	22
8469	22
8470	22
8471	22
8472	22
8473	22
8474	22
8475	22
8476	22
8477	22
8478	22
8479	22
8480	22
8481	22
8482	22
8483	22
8484	22
8485	22
8486	22
8487	22
8488	22
8489	22
8490	22
8491	22
8492	22
8493	22
8494	22
8495	22
8496	22
8497	22
8498	22
8499	22
8500	22
8501	22
8502	22
8503	22
8504	22
8505	22
8506	22
8507	22
8508	22
8509	22
8510	22
8511	22
8512	22
8513	22
8514	22
8515	22
8516	22
8517	22
8518	22
8519	22
8520	22
8521	22
8522	22
8523	22
8524	22
8525	22
8526	22
8527	22
8528	22
8529	22
8530	22
8531	22
8532	22
8533	22
8534	22
8535	22
8536	22
8537	22
8538	22
8539	22
8540	22
8541	22
8542	22
8543	22
8544	22
8545	22
8546	22
8547	22
8548	22
8549	22
8550	22
8551	22
8552	22
8553	22
8554	22
8555	22
8556	22
8557	22
8558	22
8559	22
8560	22
8561	22
8562	22
8563	22
8564	22
8565	22
8566	22
8567	22
8568	22
8569	22
8570	22
8571	22
8572	22
8573	22
8574	22
8575	22
8576	22
8577	22
8578	22
8579	22
8580	22
8581	22
8582	22
8583	22
8584	22
8585	22
8586	22
8587	22
8588	22
8589	22
8590	22
8591	22
8592	22
8593	22
8594	22
8595	22
8596	22
8597	22
8598	22
8599	22
8600	22
8601	22
8602	22
8603	22
8604	22
8605	22
8606	22
8607	22
8608	22
8609	22
8610	22
8611	22
8612	22
8613	22
8614	22
8615	22
8616	22
8617	22
8618	22
8619	22
8620	22
8621	22
8622	22
8623	22
8624	22
8625	22
8626	22
8627	22
8628	22
8629	22
8630	22
8631	22
8632	22
8633	22
8634	22
8635	22
8636	22
8637	22
8638	22
8639	22
8640	22
8641	22
8642	22
8643	22
8644	22
8645	22
8646	22
8647	22
8648	22
8649	22
8650	22
8651	22
8652	22
8653	22
8654	22
8655	22
8656	22
8657	22
8658	22
8659	22
8660	22
8661	22
8662	22
8663	22
8664	22
8665	22
8666	22
8667	22
8668	22
8669	22
8670	22
8671	22
8672	22
8673	22
8674	22
8675	22
8676	22
8677	22
8678	22
8679	22
8680	22
8681	22
8682	22
8683	22
8684	22
8685	22
8686	22
8687	22
8688	22
8689	22
8690	22
8691	22
8692	22
8693	22
8694	22
8695	22
8696	22
8697	22
8698	22
8699	22
8700	22
8701	22
8702	22
8703	22
8704	22
8705	22
8706	22
8707	22
8708	22
8709	22
8710	22
8711	22
8712	22
8713	22
8714	22
8715	22
8716	22
8717	22
8718	22
8719	22
8720	22
8721	22
8722	22
8723	22
8724	22
8725	22
8726	22
8727	22
8728	22
8729	22
8730	22
8731	22
8732	22
8733	22
8734	22
8735	22
8736	22
8737	22
8738	22
8739	22
8740	22
8741	22
8742	22
8743	22
8744	22
8745	22
8746	22
8747	22
8748	22
8749	22
8750	22
8751	22
8752	22
8753	22
8754	22
8755	22
8756	22
8757	22
8758	22
8759	22
8760	22
8761	22
8762	22
8763	22
8764	22
8765	22
8766	22
8767	22
8768	22
8769	22
8770	22
8771	22
8772	22
8773	22
8774	22
8775	22
8776	22
8777	22
8778	22
8779	22
8780	22
8781	22
8782	22
8783	22
8784	22
8785	22
8786	22
8787	22
8788	22
8789	22
8790	22
8791	22
8792	22
8793	22
8794	22
8795	22
8796	22
8797	22
8798	22
8799	22
8800	22
8801	22
8802	22
8803	22
8804	22
8805	22
8806	22
8807	22
8808	22
8809	22
8810	22
8811	22
8812	22
8813	22
8814	22
8815	22
8816	22
8817	22
8818	22
8819	22
8820	22
8821	22
8822	22
8823	22
8824	22
8825	22
8826	22
8827	22
8828	22
8829	22
8830	22
8831	22
8832	22
8833	22
8834	22
8835	22
8836	22
8837	22
8838	22
8839	22
8840	22
8841	22
8842	22
8843	22
8844	22
8845	22
8846	22
8847	22
8848	22
8849	22
8850	22
8851	22
8852	22
8853	22
8854	22
8855	22
8856	22
8857	22
8858	22
8859	22
8860	22
8861	22
8862	22
8863	22
8864	22
8865	22
8866	22
8867	22
8868	22
8869	22
8870	22
8871	22
8872	22
8873	22
8874	23
8875	23
8876	23
8877	23
8878	23
8879	23
8880	23
8881	23
8882	23
8883	23
8884	23
8885	23
8886	23
8887	23
8888	23
8889	23
8890	23
8891	23
8892	23
8893	23
8894	23
8895	23
8896	23
8897	23
8898	23
8899	23
8900	23
8901	23
8902	23
8903	23
8904	23
8905	23
8906	23
8907	23
8908	23
8909	23
8910	23
8911	23
8912	23
8913	23
8914	23
8915	23
8916	24
8917	24
8918	24
8919	24
8920	24
8921	24
8922	24
8923	24
8924	24
8925	24
8926	24
8927	24
8928	24
8929	24
8930	24
8931	24
8932	24
8933	24
8934	24
8935	24
8936	24
8937	24
8938	24
8939	24
8940	24
8941	24
8942	24
8943	24
8944	24
8945	24
8946	24
8947	24
8948	24
8949	24
8950	24
8951	24
8952	24
8953	24
8954	24
8955	24
8956	24
8957	24
8958	24
8959	24
8960	24
8961	24
8962	24
8963	24
8964	24
8965	24
8966	24
8967	24
8968	24
8969	24
8970	24
8971	24
8972	24
8973	24
8974	24
8975	24
8976	24
8977	24
8978	24
8979	24
8980	24
8981	24
8982	24
8983	24
8984	24
8985	24
8986	24
8987	24
8988	24
8989	24
8990	24
8991	24
8992	24
8993	24
8994	24
8995	24
8996	24
8997	24
8998	24
8999	24
9000	24
9001	24
9002	24
9003	24
9004	24
9005	24
9006	24
9007	24
9008	24
9009	24
9010	24
9011	24
9012	24
9013	24
9014	24
9015	24
9016	24
9017	24
9018	24
9019	24
9020	24
9021	24
9022	24
9023	24
9024	24
9025	24
9026	24
9027	24
9028	24
9029	24
9030	24
9031	24
9032	24
9033	24
9034	24
9035	24
9036	24
9037	24
9038	24
9039	24
9040	24
9041	24
9042	24
9043	24
9044	24
9045	24
9046	24
9047	24
9048	24
9049	24
9050	24
9051	24
9052	24
9053	24
9054	24
9055	24
9056	24
9057	24
9058	24
9059	24
9060	24
9061	24
9062	24
9063	24
9064	24
9065	24
9066	24
9067	24
9068	24
9069	24
9070	24
9071	24
9072	24
9073	24
9074	24
9075	24
9076	24
9077	24
9078	24
9079	24
9080	24
9081	24
9082	24
9083	24
9084	24
9085	24
9086	24
9087	24
9088	24
9089	24
9090	24
9091	24
9092	24
9093	24
9094	24
9095	24
9096	24
9097	24
9098	24
9099	24
9100	24
9101	24
9102	24
9103	24
9104	24
9105	24
9106	24
9107	24
9108	24
9109	24
9110	24
9111	24
9112	24
9113	24
9114	24
9115	24
9116	24
9117	24
9118	24
9119	24
9120	24
9121	24
9122	24
9123	24
9124	25
9125	25
9126	25
9127	25
9128	25
9129	25
9130	25
9131	25
9132	25
9133	25
9134	25
9135	25
9136	25
9137	25
9138	25
9139	25
9140	25
9141	25
9142	25
9143	25
9144	25
9145	25
9146	25
9147	26
9148	26
9149	26
9150	26
9151	26
9152	26
9153	26
9154	26
9155	26
9156	26
9157	26
9158	26
9159	26
9160	26
9161	26
9162	26
9163	26
9164	26
9165	26
9166	26
9167	26
9168	26
9169	26
9170	26
9171	26
9172	26
9173	26
9174	26
9175	26
9176	26
9177	26
9178	26
9179	26
9180	26
9181	26
9182	26
9183	26
9184	26
9185	26
9186	26
9187	26
9188	26
9189	27
9190	27
9191	27
9192	27
9193	27
9194	27
9195	27
9196	27
9197	27
9198	27
9199	27
9200	27
9201	27
9202	27
9203	27
9204	27
9205	27
9206	27
9207	27
9208	27
9209	27
9210	27
9211	27
9212	27
9213	27
9214	27
9215	27
9216	27
9217	27
9218	27
9219	27
9220	27
9221	27
9222	27
9223	27
9224	27
9225	27
9226	27
9227	27
9228	27
9229	27
9230	27
9231	27
9232	27
9233	27
9234	27
9235	27
9236	27
9237	27
9238	27
9239	27
9240	27
9241	27
9242	27
9243	27
9244	27
9245	27
9246	27
9247	27
9248	27
9249	27
9250	27
9251	27
9252	27
9253	27
9254	27
9255	27
9256	27
9257	27
9258	27
9259	27
9260	27
9261	27
9262	27
9263	27
9264	27
9265	27
9266	27
9267	27
9268	27
9269	27
9270	27
9271	27
9272	27
9273	27
9274	27
9275	27
9276	27
9277	27
9278	27
9279	27
9280	27
9281	27
9282	27
9283	27
9284	27
9285	27
9286	27
9287	27
9288	27
9289	27
9290	27
9291	27
9292	27
9293	27
9294	27
9295	27
9296	27
9297	27
9298	27
9299	27
9300	27
9301	27
9302	27
9303	27
9304	27
9305	27
9306	27
9307	27
9308	27
9309	27
9310	27
9311	27
9312	27
9313	27
9314	27
9315	27
9316	27
9317	27
9318	27
9319	27
9320	27
9321	27
9322	27
9323	27
9324	27
9325	27
9326	27
9327	27
9328	27
9329	27
9330	27
9331	27
9332	27
9333	27
9334	27
9335	27
9336	27
9337	27
9338	27
9339	27
9340	27
9341	27
9342	27
9343	27
9344	27
9345	27
9346	27
9347	27
9348	27
9349	27
9350	27
9351	27
9352	27
9353	27
9354	27
9355	27
9356	27
9357	27
9358	27
9359	27
9360	27
9361	27
9362	27
9363	27
9364	27
9365	28
9366	28
9367	28
9368	28
9369	28
9370	28
9371	28
9372	28
9373	28
9374	28
9375	28
9376	28
9377	28
9378	28
9379	28
9380	28
9381	28
9382	28
9383	28
9384	28
9385	28
9386	28
9387	28
9388	28
9389	28
9390	28
9391	28
9392	28
9393	28
9394	28
9395	28
9396	28
9397	28
9398	28
9399	28
9400	28
9401	28
9402	28
9403	28
9404	28
9405	28
9406	28
9407	28
9408	28
9409	28
9410	28
9411	28
9412	28
9413	28
9414	28
9415	28
9416	28
9417	28
9418	28
9419	28
9420	28
9421	28
9422	28
9423	28
9424	28
9425	28
9426	28
9427	28
9428	28
9429	28
9430	28
9431	28
9432	28
9433	28
9434	28
9435	28
9436	28
9437	28
9438	28
9439	28
9440	28
9441	28
9442	28
9443	28
9444	28
9445	28
9446	28
9447	28
9448	28
9449	28
9450	28
9451	28
9452	28
9453	28
9454	28
9455	28
9456	28
9457	28
9458	28
9459	28
9460	28
9461	28
9462	28
9463	28
9464	28
9465	28
9466	28
9467	28
9468	28
9469	28
9470	28
9471	28
9472	28
9473	28
9474	28
9475	28
9476	28
9477	28
9478	28
9479	28
9480	28
9481	28
9482	28
9483	28
9484	28
9485	28
9486	28
9487	28
9488	28
9489	28
9490	28
9491	28
9492	28
9493	28
9494	28
9495	28
9496	28
9497	28
9498	28
9499	28
9500	28
9501	28
9502	28
9503	28
9504	28
9505	28
9506	28
9507	28
9508	28
9509	28
9510	28
9511	28
9512	28
9513	28
9514	28
9515	28
9516	28
9517	28
9518	28
9519	28
9520	28
9521	28
9522	28
9523	28
9524	28
9525	28
9526	28
9527	28
9528	28
9529	28
9530	28
9531	28
9532	28
9533	28
9534	28
9535	28
9536	28
9537	28
9538	28
9539	28
9540	28
9541	28
9542	28
9543	28
9544	28
9545	28
9546	28
9547	28
9548	28
9549	28
9550	28
9551	28
9552	28
9553	28
9554	28
9555	28
9556	28
9557	28
9558	28
9559	28
9560	28
9561	28
9562	28
9563	28
9564	28
9565	28
9566	28
9567	28
9568	28
9569	28
9570	28
9571	28
9572	28
9573	28
9574	28
9575	28
9576	28
9577	28
9578	28
9579	28
9580	28
9581	28
9582	28
9583	28
9584	28
9585	28
9586	28
9587	28
9588	28
9589	28
9590	28
9591	28
9592	28
9593	28
9594	28
9595	28
9596	28
9597	28
9598	28
9599	28
9600	28
9601	28
9602	28
9603	28
9604	28
9605	28
9606	28
9607	28
9608	28
9609	28
9610	28
9611	28
9612	28
9613	28
9614	28
9615	28
9616	28
9617	28
9618	28
9619	28
9620	28
9621	28
9622	28
9623	28
9624	28
9625	28
9626	28
9627	28
9628	28
9629	28
9630	28
9631	28
9632	28
9633	28
9634	28
9635	28
9636	28
9637	28
9638	28
9639	28
9640	28
9641	28
9642	28
9643	28
9644	28
9645	28
9646	28
9647	28
9648	28
9649	28
9650	28
9651	28
9652	28
9653	28
9654	28
9655	28
9656	28
9657	28
9658	28
9659	28
9660	28
9661	28
9662	28
9663	28
9664	28
9665	28
9666	28
9667	28
9668	28
9669	28
9670	28
9671	28
9672	28
9673	28
9674	28
9675	28
9676	28
9677	28
9678	28
9679	28
9680	28
9681	28
9682	28
9683	29
9684	29
9685	29
9686	29
9687	29
9688	29
9689	29
9690	29
9691	29
9692	29
9693	29
9694	29
9695	29
9696	29
9697	29
9698	29
9699	29
9700	29
9701	29
9702	29
9703	29
9704	29
9705	29
9706	29
9707	29
9708	29
9709	29
9710	29
9711	29
9712	29
9713	29
9714	29
9715	29
9716	29
9717	29
9718	29
9719	29
9720	29
9721	29
9722	29
9723	29
9724	29
9725	29
9726	29
9727	29
9728	29
9729	29
9730	29
9731	29
9732	29
9733	29
9734	29
9735	29
9736	29
9737	29
9738	29
9739	29
9740	29
9741	29
9742	29
9743	29
9744	29
9745	29
9746	29
9747	29
9748	29
9749	29
9750	29
9751	29
9752	29
9753	29
9754	29
9755	29
9756	29
9757	29
9758	29
9759	29
9760	29
9761	29
9762	29
9763	29
9764	29
9765	29
9766	29
9767	29
9768	29
9769	29
9770	29
9771	29
9772	29
9773	29
9774	29
9775	29
9776	29
9777	29
9778	29
9779	29
9780	29
9781	29
9782	29
9783	29
9784	29
9785	29
9786	29
9787	29
9788	29
9789	29
9790	29
9791	29
9792	29
9793	29
9794	29
9795	29
9796	29
9797	29
9798	29
9799	29
9800	29
9801	29
9802	29
9803	29
9804	29
9805	29
9806	29
9807	29
9808	29
9809	29
9810	29
9811	29
9812	29
9813	29
9814	29
9815	29
9816	29
9817	29
9818	29
9819	29
9820	29
9821	30
9822	30
9823	30
9824	30
9825	30
9826	30
9827	30
9828	30
9829	30
9830	30
9831	30
9832	30
9833	30
9834	30
9835	30
9836	30
9837	30
9838	30
9839	30
9840	30
9841	30
9842	30
9843	30
9844	30
9845	30
9846	30
9847	30
9848	30
9849	30
9850	30
9851	30
9852	30
9853	30
9854	30
9855	30
9856	30
9857	30
9858	30
9859	30
9860	30
9861	30
9862	30
9863	30
9864	30
9865	30
9866	30
9867	30
9868	30
9869	30
9870	30
9871	30
9872	30
9873	30
9874	30
9875	30
9876	30
9877	30
9878	30
9879	30
9880	30
9881	30
9882	30
9883	30
9884	30
9885	30
9886	30
9887	30
9888	30
9889	30
9890	30
9891	30
9892	30
9893	30
9894	30
9895	30
9896	30
9897	30
9898	30
9899	30
9900	30
9901	30
9902	30
9903	30
9904	30
9905	30
9906	30
9907	30
9908	30
9909	30
9910	30
9911	30
9912	30
9913	30
9914	30
9915	30
9916	30
9917	30
9918	30
9919	30
9920	30
9921	30
9922	30
9923	30
9924	30
9925	30
9926	30
9927	30
9928	30
9929	30
9930	30
9931	30
9932	30
9933	30
9934	30
9935	30
9936	30
9937	30
9938	30
9939	30
9940	30
9941	30
9942	30
9943	30
9944	30
9945	30
9946	30
9947	30
9948	30
9949	30
9950	30
9951	30
9952	30
9953	30
9954	30
9955	30
9956	30
9957	30
9958	30
9959	30
9960	30
9961	30
9962	30
9963	30
9964	30
9965	30
9966	30
9967	30
9968	30
9969	30
9970	30
9971	30
9972	30
9973	30
9974	30
9975	30
9976	30
9977	30
9978	30
9979	30
9980	30
9981	30
9982	30
9983	30
9984	30
9985	30
9986	30
9987	30
9988	30
9989	30
9990	30
9991	30
9992	30
9993	30
9994	30
9995	30
9996	30
9997	30
9998	30
9999	30
10000	30
