#Clock	ItemsCollected
1	0
2	0
3	0
4	0
5	0
6	0
7	0
8	0
9	0
10	0
11	0
12	0
13	0
14	0
15	0
16	0
17	0
18	0
19	0
20	0
21	0
22	0
23	0
24	0
25	0
26	0
27	0
28	0
29	0
30	0
31	0
32	0
33	0
34	0
35	0
36	0
37	0
38	0
39	0
40	0
41	0
42	0
43	0
44	0
45	0
46	0
47	0
48	0
49	0
50	0
51	0
52	0
53	0
54	0
55	0
56	0
57	0
58	0
59	0
60	0
61	0
62	0
63	0
64	0
65	0
66	0
67	0
68	0
69	0
70	0
71	0
72	0
73	0
74	0
75	0
76	0
77	0
78	0
79	0
80	0
81	0
82	0
83	0
84	0
85	0
86	0
87	0
88	0
89	0
90	0
91	0
92	0
93	0
94	0
95	0
96	0
97	0
98	0
99	0
100	0
101	0
102	0
103	0
104	0
105	0
106	0
107	0
108	0
109	0
110	0
111	0
112	0
113	0
114	0
115	0
116	0
117	0
118	0
119	0
120	0
121	0
122	0
123	0
124	0
125	0
126	0
127	0
128	0
129	0
130	0
131	0
132	0
133	0
134	0
135	0
136	0
137	0
138	0
139	0
140	0
141	0
142	0
143	0
144	0
145	0
146	0
147	0
148	0
149	0
150	0
151	0
152	0
153	0
154	0
155	0
156	0
157	0
158	0
159	0
160	0
161	0
162	0
163	0
164	0
165	0
166	0
167	0
168	0
169	0
170	0
171	0
172	0
173	0
174	0
175	0
176	0
177	0
178	0
179	0
180	0
181	0
182	0
183	0
184	0
185	0
186	0
187	0
188	0
189	0
190	0
191	0
192	0
193	0
194	0
195	0
196	0
197	0
198	0
199	0
200	0
201	0
202	0
203	0
204	0
205	0
206	0
207	0
208	0
209	0
210	0
211	0
212	0
213	0
214	0
215	0
216	0
217	0
218	0
219	0
220	0
221	0
222	0
223	0
224	0
225	0
226	0
227	0
228	0
229	0
230	0
231	0
232	0
233	0
234	0
235	0
236	0
237	0
238	0
239	0
240	0
241	0
242	0
243	0
244	0
245	0
246	0
247	0
248	0
249	0
250	0
251	0
252	0
253	0
254	0
255	0
256	0
257	0
258	0
259	0
260	0
261	0
262	0
263	0
264	0
265	0
266	0
267	0
268	0
269	0
270	0
271	0
272	0
273	0
274	0
275	0
276	0
277	0
278	0
279	0
280	0
281	0
282	0
283	0
284	0
285	0
286	0
287	0
288	0
289	0
290	0
291	0
292	0
293	0
294	0
295	0
296	0
297	0
298	0
299	0
300	0
301	0
302	0
303	0
304	0
305	0
306	0
307	0
308	0
309	0
310	0
311	0
312	0
313	0
314	0
315	0
316	0
317	0
318	0
319	0
320	0
321	0
322	0
323	0
324	0
325	0
326	0
327	0
328	0
329	0
330	0
331	0
332	0
333	0
334	0
335	0
336	0
337	0
338	0
339	0
340	0
341	0
342	0
343	0
344	0
345	0
346	0
347	0
348	0
349	0
350	0
351	0
352	0
353	0
354	0
355	0
356	0
357	0
358	0
359	0
360	0
361	0
362	0
363	0
364	0
365	0
366	0
367	0
368	0
369	0
370	0
371	0
372	0
373	0
374	0
375	0
376	0
377	0
378	0
379	0
380	0
381	0
382	0
383	0
384	0
385	0
386	0
387	0
388	0
389	0
390	0
391	0
392	0
393	0
394	0
395	0
396	0
397	0
398	0
399	0
400	0
401	0
402	0
403	0
404	0
405	0
406	0
407	0
408	0
409	0
410	0
411	0
412	0
413	0
414	0
415	0
416	0
417	0
418	0
419	0
420	0
421	0
422	0
423	0
424	0
425	0
426	0
427	0
428	0
429	0
430	0
431	0
432	0
433	0
434	0
435	0
436	0
437	0
438	0
439	0
440	0
441	0
442	0
443	0
444	0
445	0
446	0
447	0
448	0
449	0
450	0
451	0
452	0
453	0
454	0
455	0
456	0
457	0
458	0
459	0
460	0
461	0
462	0
463	0
464	0
465	0
466	0
467	0
468	0
469	0
470	0
471	0
472	0
473	0
474	0
475	0
476	0
477	0
478	0
479	0
480	0
481	0
482	0
483	0
484	0
485	0
486	0
487	0
488	0
489	0
490	0
491	0
492	0
493	0
494	0
495	0
496	0
497	0
498	0
499	0
500	0
501	0
502	0
503	0
504	0
505	0
506	0
507	0
508	0
509	0
510	0
511	0
512	0
513	0
514	0
515	0
516	0
517	0
518	0
519	0
520	0
521	0
522	0
523	0
524	0
525	0
526	0
527	0
528	0
529	0
530	0
531	0
532	0
533	0
534	0
535	0
536	0
537	0
538	0
539	0
540	0
541	0
542	0
543	0
544	0
545	0
546	0
547	0
548	0
549	0
550	0
551	0
552	0
553	0
554	0
555	0
556	0
557	0
558	0
559	0
560	0
561	0
562	0
563	0
564	0
565	0
566	0
567	0
568	0
569	0
570	0
571	0
572	0
573	0
574	0
575	0
576	0
577	0
578	0
579	0
580	0
581	0
582	0
583	0
584	0
585	0
586	0
587	0
588	0
589	0
590	0
591	0
592	0
593	0
594	0
595	0
596	0
597	0
598	0
599	0
600	0
601	0
602	0
603	0
604	0
605	0
606	0
607	0
608	0
609	0
610	0
611	0
612	0
613	0
614	0
615	0
616	0
617	0
618	0
619	0
620	0
621	0
622	0
623	0
624	0
625	0
626	0
627	0
628	0
629	0
630	0
631	0
632	0
633	0
634	0
635	0
636	0
637	0
638	0
639	0
640	0
641	0
642	0
643	0
644	0
645	0
646	0
647	0
648	0
649	0
650	0
651	0
652	0
653	0
654	0
655	0
656	0
657	0
658	0
659	0
660	0
661	0
662	0
663	0
664	0
665	0
666	0
667	0
668	0
669	0
670	0
671	0
672	0
673	0
674	0
675	0
676	0
677	0
678	0
679	0
680	0
681	0
682	0
683	0
684	0
685	0
686	0
687	0
688	0
689	0
690	0
691	0
692	0
693	0
694	0
695	0
696	0
697	0
698	0
699	0
700	0
701	0
702	0
703	0
704	0
705	0
706	0
707	0
708	0
709	0
710	0
711	0
712	0
713	0
714	0
715	0
716	0
717	0
718	0
719	0
720	0
721	0
722	0
723	0
724	0
725	0
726	0
727	0
728	0
729	0
730	0
731	0
732	0
733	0
734	0
735	0
736	0
737	0
738	0
739	0
740	0
741	0
742	0
743	0
744	0
745	0
746	0
747	0
748	0
749	0
750	0
751	0
752	0
753	0
754	0
755	0
756	0
757	0
758	0
759	0
760	0
761	0
762	0
763	0
764	0
765	0
766	0
767	0
768	0
769	0
770	0
771	0
772	0
773	0
774	0
775	0
776	0
777	0
778	0
779	0
780	0
781	0
782	0
783	0
784	0
785	0
786	0
787	0
788	0
789	0
790	0
791	0
792	0
793	0
794	0
795	0
796	0
797	0
798	0
799	0
800	0
801	0
802	0
803	0
804	0
805	0
806	0
807	0
808	0
809	0
810	0
811	0
812	0
813	0
814	0
815	0
816	0
817	0
818	0
819	0
820	0
821	0
822	0
823	0
824	0
825	0
826	0
827	0
828	0
829	0
830	0
831	0
832	0
833	0
834	0
835	0
836	0
837	0
838	0
839	0
840	0
841	0
842	0
843	0
844	0
845	0
846	0
847	0
848	0
849	0
850	0
851	0
852	0
853	0
854	0
855	0
856	0
857	0
858	0
859	0
860	0
861	0
862	0
863	0
864	0
865	0
866	0
867	0
868	0
869	0
870	0
871	0
872	0
873	0
874	0
875	0
876	0
877	0
878	0
879	0
880	0
881	0
882	0
883	0
884	0
885	0
886	0
887	0
888	0
889	0
890	0
891	0
892	0
893	0
894	0
895	0
896	0
897	0
898	0
899	0
900	0
901	0
902	0
903	0
904	0
905	0
906	0
907	0
908	0
909	0
910	0
911	0
912	0
913	0
914	0
915	0
916	0
917	0
918	0
919	0
920	0
921	0
922	0
923	0
924	0
925	0
926	0
927	0
928	0
929	0
930	0
931	0
932	0
933	0
934	0
935	0
936	0
937	0
938	0
939	0
940	0
941	0
942	0
943	0
944	0
945	0
946	0
947	0
948	0
949	0
950	0
951	0
952	0
953	0
954	0
955	0
956	0
957	0
958	0
959	0
960	0
961	0
962	0
963	0
964	0
965	0
966	0
967	0
968	0
969	0
970	0
971	0
972	0
973	0
974	0
975	0
976	0
977	0
978	0
979	0
980	0
981	0
982	0
983	0
984	0
985	0
986	0
987	0
988	0
989	0
990	0
991	0
992	0
993	0
994	0
995	0
996	0
997	0
998	0
999	0
1000	0
1001	0
1002	0
1003	0
1004	0
1005	0
1006	0
1007	0
1008	0
1009	0
1010	0
1011	0
1012	0
1013	0
1014	0
1015	0
1016	0
1017	0
1018	0
1019	0
1020	0
1021	0
1022	0
1023	0
1024	0
1025	0
1026	0
1027	0
1028	0
1029	0
1030	0
1031	0
1032	0
1033	0
1034	0
1035	0
1036	0
1037	0
1038	0
1039	0
1040	0
1041	0
1042	0
1043	0
1044	0
1045	0
1046	0
1047	0
1048	0
1049	0
1050	0
1051	0
1052	0
1053	0
1054	0
1055	0
1056	0
1057	0
1058	0
1059	0
1060	0
1061	0
1062	0
1063	0
1064	0
1065	0
1066	0
1067	0
1068	0
1069	0
1070	0
1071	0
1072	0
1073	0
1074	0
1075	0
1076	0
1077	0
1078	0
1079	0
1080	0
1081	0
1082	0
1083	0
1084	0
1085	0
1086	0
1087	0
1088	0
1089	0
1090	0
1091	0
1092	0
1093	0
1094	0
1095	0
1096	0
1097	0
1098	0
1099	0
1100	0
1101	0
1102	0
1103	0
1104	0
1105	0
1106	0
1107	0
1108	0
1109	0
1110	0
1111	0
1112	0
1113	0
1114	0
1115	0
1116	0
1117	0
1118	0
1119	0
1120	0
1121	0
1122	0
1123	0
1124	0
1125	0
1126	0
1127	0
1128	0
1129	0
1130	0
1131	0
1132	0
1133	0
1134	0
1135	0
1136	0
1137	0
1138	0
1139	0
1140	0
1141	0
1142	0
1143	0
1144	0
1145	0
1146	0
1147	0
1148	0
1149	0
1150	0
1151	0
1152	0
1153	0
1154	0
1155	0
1156	0
1157	0
1158	0
1159	0
1160	0
1161	0
1162	0
1163	0
1164	0
1165	0
1166	0
1167	0
1168	0
1169	0
1170	0
1171	0
1172	0
1173	0
1174	0
1175	0
1176	0
1177	0
1178	0
1179	0
1180	0
1181	0
1182	0
1183	0
1184	0
1185	0
1186	0
1187	0
1188	0
1189	0
1190	0
1191	0
1192	0
1193	0
1194	0
1195	0
1196	0
1197	0
1198	0
1199	0
1200	0
1201	0
1202	0
1203	0
1204	0
1205	0
1206	0
1207	0
1208	0
1209	0
1210	0
1211	0
1212	0
1213	0
1214	0
1215	0
1216	0
1217	0
1218	0
1219	0
1220	0
1221	0
1222	0
1223	0
1224	0
1225	0
1226	0
1227	0
1228	0
1229	0
1230	0
1231	0
1232	0
1233	0
1234	0
1235	0
1236	0
1237	0
1238	0
1239	0
1240	0
1241	0
1242	0
1243	0
1244	0
1245	0
1246	0
1247	0
1248	0
1249	0
1250	0
1251	0
1252	0
1253	0
1254	0
1255	0
1256	0
1257	0
1258	0
1259	0
1260	0
1261	0
1262	0
1263	0
1264	0
1265	0
1266	0
1267	0
1268	0
1269	0
1270	0
1271	0
1272	0
1273	0
1274	0
1275	0
1276	0
1277	0
1278	0
1279	0
1280	0
1281	0
1282	0
1283	0
1284	0
1285	0
1286	0
1287	0
1288	0
1289	0
1290	0
1291	0
1292	0
1293	0
1294	0
1295	0
1296	0
1297	0
1298	0
1299	0
1300	0
1301	0
1302	0
1303	0
1304	0
1305	0
1306	0
1307	0
1308	0
1309	0
1310	0
1311	0
1312	0
1313	0
1314	0
1315	0
1316	0
1317	0
1318	0
1319	0
1320	0
1321	0
1322	0
1323	0
1324	0
1325	0
1326	0
1327	0
1328	0
1329	0
1330	0
1331	0
1332	0
1333	0
1334	0
1335	0
1336	0
1337	0
1338	0
1339	0
1340	0
1341	0
1342	0
1343	0
1344	0
1345	0
1346	0
1347	0
1348	0
1349	0
1350	0
1351	0
1352	0
1353	0
1354	0
1355	0
1356	0
1357	0
1358	0
1359	0
1360	0
1361	0
1362	0
1363	0
1364	0
1365	0
1366	0
1367	0
1368	0
1369	0
1370	0
1371	0
1372	0
1373	0
1374	0
1375	0
1376	0
1377	0
1378	0
1379	0
1380	0
1381	0
1382	0
1383	0
1384	0
1385	0
1386	0
1387	0
1388	0
1389	0
1390	0
1391	0
1392	0
1393	0
1394	0
1395	0
1396	0
1397	0
1398	0
1399	0
1400	0
1401	0
1402	0
1403	0
1404	0
1405	0
1406	0
1407	0
1408	0
1409	0
1410	0
1411	0
1412	0
1413	0
1414	0
1415	0
1416	0
1417	0
1418	0
1419	0
1420	0
1421	0
1422	0
1423	0
1424	0
1425	0
1426	0
1427	0
1428	0
1429	0
1430	0
1431	0
1432	0
1433	0
1434	0
1435	0
1436	0
1437	0
1438	0
1439	0
1440	0
1441	0
1442	0
1443	0
1444	0
1445	0
1446	0
1447	0
1448	0
1449	0
1450	0
1451	0
1452	0
1453	0
1454	0
1455	0
1456	0
1457	0
1458	0
1459	0
1460	0
1461	0
1462	0
1463	0
1464	0
1465	0
1466	0
1467	0
1468	0
1469	0
1470	0
1471	0
1472	0
1473	0
1474	0
1475	0
1476	0
1477	0
1478	0
1479	0
1480	0
1481	0
1482	0
1483	0
1484	0
1485	0
1486	0
1487	0
1488	0
1489	0
1490	0
1491	0
1492	0
1493	0
1494	0
1495	0
1496	0
1497	0
1498	0
1499	0
1500	0
1501	0
1502	0
1503	0
1504	0
1505	0
1506	0
1507	0
1508	0
1509	0
1510	0
1511	0
1512	0
1513	0
1514	0
1515	0
1516	0
1517	0
1518	0
1519	0
1520	0
1521	0
1522	0
1523	0
1524	0
1525	0
1526	0
1527	0
1528	0
1529	0
1530	0
1531	0
1532	0
1533	0
1534	0
1535	0
1536	0
1537	0
1538	0
1539	0
1540	0
1541	0
1542	0
1543	0
1544	0
1545	0
1546	0
1547	0
1548	0
1549	0
1550	0
1551	0
1552	0
1553	0
1554	0
1555	0
1556	0
1557	0
1558	0
1559	0
1560	0
1561	0
1562	0
1563	0
1564	0
1565	0
1566	0
1567	0
1568	0
1569	0
1570	0
1571	0
1572	0
1573	0
1574	0
1575	0
1576	0
1577	0
1578	0
1579	0
1580	0
1581	0
1582	0
1583	0
1584	0
1585	0
1586	0
1587	0
1588	0
1589	0
1590	0
1591	0
1592	0
1593	0
1594	0
1595	0
1596	0
1597	0
1598	0
1599	0
1600	0
1601	0
1602	0
1603	0
1604	0
1605	0
1606	0
1607	0
1608	0
1609	0
1610	0
1611	0
1612	0
1613	0
1614	0
1615	0
1616	0
1617	0
1618	0
1619	0
1620	0
1621	0
1622	0
1623	0
1624	0
1625	0
1626	0
1627	0
1628	0
1629	0
1630	0
1631	0
1632	0
1633	0
1634	0
1635	0
1636	0
1637	0
1638	0
1639	0
1640	0
1641	0
1642	0
1643	0
1644	0
1645	0
1646	0
1647	0
1648	0
1649	0
1650	0
1651	0
1652	0
1653	0
1654	0
1655	0
1656	0
1657	0
1658	0
1659	0
1660	0
1661	0
1662	0
1663	0
1664	0
1665	0
1666	0
1667	0
1668	0
1669	0
1670	0
1671	0
1672	0
1673	0
1674	0
1675	0
1676	0
1677	0
1678	0
1679	0
1680	0
1681	0
1682	0
1683	0
1684	0
1685	0
1686	0
1687	0
1688	0
1689	0
1690	0
1691	0
1692	0
1693	0
1694	0
1695	0
1696	0
1697	0
1698	0
1699	0
1700	0
1701	0
1702	0
1703	0
1704	0
1705	0
1706	0
1707	0
1708	0
1709	0
1710	0
1711	0
1712	0
1713	0
1714	0
1715	0
1716	0
1717	0
1718	0
1719	0
1720	0
1721	0
1722	0
1723	0
1724	0
1725	0
1726	0
1727	0
1728	0
1729	0
1730	0
1731	0
1732	0
1733	0
1734	0
1735	0
1736	0
1737	0
1738	0
1739	0
1740	0
1741	0
1742	0
1743	0
1744	0
1745	0
1746	0
1747	0
1748	0
1749	0
1750	0
1751	0
1752	0
1753	0
1754	0
1755	0
1756	0
1757	0
1758	0
1759	0
1760	0
1761	0
1762	0
1763	0
1764	0
1765	0
1766	0
1767	0
1768	0
1769	0
1770	0
1771	0
1772	0
1773	0
1774	0
1775	0
1776	0
1777	0
1778	0
1779	0
1780	0
1781	0
1782	0
1783	0
1784	0
1785	0
1786	0
1787	0
1788	0
1789	0
1790	0
1791	0
1792	0
1793	0
1794	0
1795	0
1796	0
1797	0
1798	0
1799	0
1800	0
1801	0
1802	0
1803	0
1804	0
1805	0
1806	0
1807	0
1808	0
1809	0
1810	0
1811	0
1812	0
1813	0
1814	0
1815	0
1816	0
1817	0
1818	0
1819	0
1820	0
1821	0
1822	0
1823	0
1824	0
1825	0
1826	0
1827	0
1828	0
1829	0
1830	0
1831	0
1832	0
1833	0
1834	0
1835	0
1836	0
1837	0
1838	0
1839	0
1840	0
1841	0
1842	0
1843	0
1844	0
1845	0
1846	0
1847	0
1848	0
1849	0
1850	0
1851	0
1852	0
1853	0
1854	0
1855	0
1856	0
1857	0
1858	0
1859	0
1860	0
1861	0
1862	0
1863	0
1864	0
1865	0
1866	0
1867	0
1868	0
1869	0
1870	0
1871	0
1872	0
1873	0
1874	0
1875	0
1876	0
1877	0
1878	0
1879	0
1880	0
1881	0
1882	0
1883	0
1884	0
1885	0
1886	0
1887	0
1888	0
1889	0
1890	0
1891	0
1892	0
1893	0
1894	0
1895	0
1896	0
1897	0
1898	0
1899	0
1900	0
1901	0
1902	0
1903	0
1904	0
1905	0
1906	0
1907	0
1908	0
1909	0
1910	0
1911	0
1912	0
1913	0
1914	0
1915	0
1916	0
1917	0
1918	0
1919	0
1920	0
1921	0
1922	0
1923	0
1924	0
1925	0
1926	0
1927	0
1928	0
1929	0
1930	0
1931	0
1932	0
1933	0
1934	0
1935	0
1936	0
1937	0
1938	0
1939	0
1940	0
1941	0
1942	0
1943	0
1944	0
1945	0
1946	0
1947	0
1948	0
1949	0
1950	0
1951	0
1952	0
1953	0
1954	0
1955	0
1956	0
1957	0
1958	0
1959	0
1960	0
1961	0
1962	0
1963	0
1964	0
1965	0
1966	0
1967	0
1968	0
1969	0
1970	0
1971	0
1972	0
1973	0
1974	0
1975	0
1976	0
1977	0
1978	0
1979	0
1980	0
1981	0
1982	0
1983	0
1984	0
1985	0
1986	0
1987	0
1988	0
1989	0
1990	0
1991	0
1992	0
1993	0
1994	0
1995	0
1996	0
1997	0
1998	0
1999	0
2000	0
2001	0
2002	0
2003	0
2004	0
2005	0
2006	0
2007	0
2008	0
2009	0
2010	0
2011	0
2012	0
2013	0
2014	0
2015	0
2016	0
2017	0
2018	0
2019	0
2020	0
2021	0
2022	0
2023	0
2024	0
2025	0
2026	0
2027	0
2028	0
2029	0
2030	0
2031	0
2032	0
2033	0
2034	0
2035	0
2036	0
2037	0
2038	0
2039	0
2040	0
2041	0
2042	0
2043	0
2044	0
2045	0
2046	0
2047	0
2048	0
2049	0
2050	0
2051	0
2052	0
2053	0
2054	0
2055	0
2056	0
2057	0
2058	0
2059	0
2060	0
2061	0
2062	0
2063	0
2064	0
2065	0
2066	0
2067	0
2068	0
2069	0
2070	0
2071	0
2072	0
2073	0
2074	0
2075	0
2076	0
2077	0
2078	0
2079	0
2080	0
2081	0
2082	0
2083	0
2084	0
2085	0
2086	0
2087	0
2088	0
2089	0
2090	0
2091	0
2092	0
2093	0
2094	0
2095	0
2096	0
2097	0
2098	0
2099	0
2100	0
2101	0
2102	0
2103	0
2104	0
2105	0
2106	0
2107	0
2108	0
2109	0
2110	0
2111	0
2112	0
2113	0
2114	0
2115	0
2116	0
2117	0
2118	0
2119	0
2120	0
2121	0
2122	0
2123	0
2124	0
2125	0
2126	0
2127	0
2128	0
2129	0
2130	0
2131	0
2132	0
2133	0
2134	0
2135	0
2136	0
2137	0
2138	0
2139	0
2140	0
2141	0
2142	0
2143	0
2144	0
2145	0
2146	0
2147	0
2148	0
2149	0
2150	0
2151	0
2152	0
2153	0
2154	0
2155	0
2156	0
2157	0
2158	0
2159	0
2160	0
2161	0
2162	0
2163	0
2164	0
2165	0
2166	0
2167	0
2168	0
2169	0
2170	0
2171	0
2172	0
2173	0
2174	0
2175	0
2176	0
2177	0
2178	0
2179	0
2180	0
2181	0
2182	0
2183	0
2184	0
2185	0
2186	0
2187	0
2188	0
2189	0
2190	0
2191	0
2192	0
2193	0
2194	0
2195	0
2196	0
2197	0
2198	0
2199	0
2200	0
2201	0
2202	0
2203	0
2204	0
2205	0
2206	0
2207	0
2208	0
2209	0
2210	0
2211	0
2212	0
2213	0
2214	0
2215	0
2216	0
2217	0
2218	0
2219	0
2220	0
2221	0
2222	0
2223	0
2224	0
2225	0
2226	0
2227	0
2228	0
2229	0
2230	0
2231	0
2232	0
2233	0
2234	0
2235	0
2236	0
2237	0
2238	0
2239	0
2240	0
2241	0
2242	0
2243	0
2244	0
2245	0
2246	0
2247	0
2248	0
2249	0
2250	0
2251	0
2252	0
2253	0
2254	0
2255	0
2256	0
2257	0
2258	0
2259	0
2260	0
2261	0
2262	0
2263	0
2264	0
2265	0
2266	0
2267	0
2268	0
2269	0
2270	0
2271	0
2272	0
2273	0
2274	0
2275	0
2276	0
2277	0
2278	0
2279	0
2280	0
2281	0
2282	0
2283	0
2284	0
2285	0
2286	0
2287	0
2288	0
2289	0
2290	0
2291	0
2292	0
2293	0
2294	0
2295	0
2296	0
2297	0
2298	0
2299	0
2300	0
2301	0
2302	0
2303	0
2304	0
2305	0
2306	0
2307	0
2308	0
2309	0
2310	0
2311	0
2312	0
2313	0
2314	0
2315	0
2316	0
2317	0
2318	0
2319	0
2320	0
2321	0
2322	0
2323	0
2324	0
2325	0
2326	0
2327	0
2328	0
2329	0
2330	0
2331	0
2332	0
2333	0
2334	0
2335	0
2336	0
2337	0
2338	0
2339	0
2340	0
2341	0
2342	0
2343	0
2344	0
2345	0
2346	0
2347	0
2348	0
2349	0
2350	0
2351	0
2352	0
2353	0
2354	0
2355	0
2356	0
2357	0
2358	0
2359	0
2360	0
2361	0
2362	0
2363	0
2364	0
2365	0
2366	0
2367	0
2368	0
2369	0
2370	0
2371	0
2372	0
2373	0
2374	0
2375	0
2376	0
2377	0
2378	0
2379	0
2380	0
2381	0
2382	0
2383	0
2384	0
2385	0
2386	0
2387	0
2388	0
2389	0
2390	0
2391	0
2392	0
2393	0
2394	0
2395	0
2396	0
2397	0
2398	0
2399	0
2400	0
2401	0
2402	0
2403	0
2404	0
2405	0
2406	0
2407	0
2408	0
2409	0
2410	0
2411	0
2412	0
2413	0
2414	0
2415	0
2416	0
2417	0
2418	0
2419	0
2420	0
2421	0
2422	0
2423	0
2424	0
2425	0
2426	0
2427	0
2428	0
2429	0
2430	0
2431	0
2432	0
2433	0
2434	0
2435	0
2436	0
2437	0
2438	0
2439	0
2440	0
2441	0
2442	0
2443	0
2444	0
2445	0
2446	0
2447	0
2448	0
2449	0
2450	0
2451	0
2452	0
2453	0
2454	0
2455	0
2456	0
2457	0
2458	0
2459	0
2460	0
2461	0
2462	0
2463	0
2464	0
2465	0
2466	0
2467	0
2468	0
2469	0
2470	0
2471	0
2472	0
2473	0
2474	0
2475	0
2476	0
2477	0
2478	0
2479	0
2480	0
2481	0
2482	0
2483	0
2484	0
2485	0
2486	0
2487	0
2488	0
2489	0
2490	0
2491	0
2492	0
2493	0
2494	0
2495	0
2496	0
2497	0
2498	0
2499	0
2500	0
2501	0
2502	0
2503	0
2504	0
2505	0
2506	0
2507	0
2508	0
2509	0
2510	0
2511	0
2512	0
2513	0
2514	0
2515	0
2516	0
2517	0
2518	0
2519	0
2520	0
2521	0
2522	0
2523	0
2524	0
2525	0
2526	0
2527	0
2528	0
2529	0
2530	0
2531	0
2532	0
2533	0
2534	0
2535	0
2536	0
2537	0
2538	0
2539	0
2540	0
2541	0
2542	0
2543	0
2544	0
2545	0
2546	0
2547	0
2548	0
2549	0
2550	0
2551	0
2552	0
2553	0
2554	0
2555	0
2556	0
2557	0
2558	0
2559	0
2560	0
2561	0
2562	0
2563	0
2564	0
2565	0
2566	1
2567	1
2568	1
2569	1
2570	1
2571	1
2572	1
2573	1
2574	1
2575	1
2576	1
2577	1
2578	1
2579	1
2580	1
2581	1
2582	1
2583	1
2584	1
2585	1
2586	1
2587	1
2588	1
2589	1
2590	1
2591	1
2592	1
2593	1
2594	1
2595	1
2596	1
2597	1
2598	1
2599	1
2600	1
2601	1
2602	1
2603	1
2604	1
2605	1
2606	1
2607	1
2608	1
2609	1
2610	1
2611	1
2612	1
2613	1
2614	1
2615	1
2616	1
2617	2
2618	2
2619	2
2620	2
2621	2
2622	2
2623	2
2624	2
2625	2
2626	2
2627	2
2628	2
2629	2
2630	2
2631	2
2632	2
2633	2
2634	2
2635	2
2636	2
2637	2
2638	2
2639	2
2640	2
2641	2
2642	2
2643	2
2644	2
2645	2
2646	2
2647	2
2648	2
2649	2
2650	2
2651	2
2652	2
2653	2
2654	2
2655	2
2656	2
2657	2
2658	2
2659	2
2660	2
2661	2
2662	2
2663	2
2664	2
2665	2
2666	2
2667	2
2668	2
2669	2
2670	2
2671	2
2672	2
2673	2
2674	2
2675	2
2676	2
2677	2
2678	2
2679	2
2680	2
2681	2
2682	2
2683	2
2684	2
2685	2
2686	2
2687	2
2688	2
2689	2
2690	2
2691	2
2692	2
2693	2
2694	2
2695	2
2696	2
2697	2
2698	2
2699	2
2700	2
2701	2
2702	2
2703	2
2704	2
2705	2
2706	2
2707	2
2708	2
2709	2
2710	2
2711	2
2712	2
2713	2
2714	2
2715	2
2716	2
2717	2
2718	2
2719	2
2720	2
2721	2
2722	2
2723	2
2724	2
2725	2
2726	3
2727	3
2728	3
2729	3
2730	3
2731	3
2732	3
2733	3
2734	3
2735	3
2736	3
2737	3
2738	3
2739	3
2740	3
2741	3
2742	3
2743	3
2744	3
2745	3
2746	3
2747	3
2748	3
2749	3
2750	3
2751	3
2752	3
2753	3
2754	3
2755	3
2756	3
2757	3
2758	3
2759	3
2760	3
2761	3
2762	3
2763	3
2764	3
2765	3
2766	3
2767	3
2768	3
2769	3
2770	3
2771	3
2772	3
2773	3
2774	3
2775	3
2776	3
2777	3
2778	3
2779	3
2780	3
2781	3
2782	3
2783	3
2784	3
2785	3
2786	3
2787	3
2788	3
2789	3
2790	3
2791	3
2792	3
2793	3
2794	3
2795	3
2796	3
2797	3
2798	3
2799	3
2800	3
2801	3
2802	3
2803	3
2804	3
2805	3
2806	3
2807	3
2808	3
2809	3
2810	3
2811	3
2812	3
2813	3
2814	3
2815	3
2816	3
2817	3
2818	3
2819	3
2820	3
2821	3
2822	3
2823	3
2824	3
2825	3
2826	3
2827	3
2828	3
2829	3
2830	3
2831	3
2832	3
2833	3
2834	3
2835	3
2836	3
2837	3
2838	3
2839	3
2840	3
2841	3
2842	3
2843	3
2844	3
2845	3
2846	3
2847	3
2848	3
2849	3
2850	3
2851	3
2852	3
2853	3
2854	3
2855	3
2856	3
2857	3
2858	3
2859	3
2860	3
2861	3
2862	3
2863	3
2864	3
2865	3
2866	3
2867	3
2868	3
2869	3
2870	3
2871	3
2872	3
2873	3
2874	3
2875	3
2876	3
2877	3
2878	3
2879	3
2880	3
2881	3
2882	3
2883	3
2884	3
2885	3
2886	3
2887	3
2888	3
2889	3
2890	3
2891	3
2892	3
2893	3
2894	3
2895	3
2896	3
2897	3
2898	3
2899	3
2900	3
2901	3
2902	3
2903	3
2904	3
2905	3
2906	3
2907	3
2908	3
2909	3
2910	3
2911	3
2912	3
2913	3
2914	3
2915	3
2916	3
2917	3
2918	3
2919	3
2920	3
2921	3
2922	3
2923	3
2924	3
2925	3
2926	3
2927	3
2928	3
2929	3
2930	3
2931	3
2932	3
2933	3
2934	3
2935	3
2936	3
2937	3
2938	3
2939	3
2940	3
2941	3
2942	3
2943	3
2944	3
2945	3
2946	3
2947	3
2948	3
2949	3
2950	3
2951	3
2952	3
2953	3
2954	3
2955	3
2956	3
2957	3
2958	3
2959	3
2960	3
2961	3
2962	3
2963	3
2964	3
2965	3
2966	3
2967	3
2968	3
2969	3
2970	3
2971	3
2972	3
2973	3
2974	3
2975	3
2976	3
2977	3
2978	3
2979	3
2980	3
2981	3
2982	3
2983	3
2984	3
2985	3
2986	3
2987	3
2988	3
2989	3
2990	3
2991	3
2992	3
2993	3
2994	3
2995	3
2996	3
2997	3
2998	3
2999	3
3000	3
3001	3
3002	3
3003	3
3004	3
3005	3
3006	3
3007	3
3008	3
3009	3
3010	3
3011	3
3012	3
3013	3
3014	3
3015	3
3016	3
3017	3
3018	3
3019	3
3020	3
3021	3
3022	3
3023	3
3024	3
3025	3
3026	3
3027	3
3028	3
3029	3
3030	3
3031	3
3032	3
3033	3
3034	3
3035	3
3036	3
3037	3
3038	3
3039	3
3040	3
3041	3
3042	3
3043	3
3044	3
3045	3
3046	3
3047	3
3048	3
3049	3
3050	3
3051	3
3052	3
3053	3
3054	3
3055	3
3056	3
3057	3
3058	3
3059	3
3060	3
3061	3
3062	3
3063	3
3064	3
3065	3
3066	3
3067	3
3068	3
3069	3
3070	3
3071	3
3072	3
3073	3
3074	3
3075	3
3076	3
3077	3
3078	3
3079	3
3080	3
3081	3
3082	3
3083	3
3084	3
3085	3
3086	3
3087	3
3088	3
3089	3
3090	3
3091	3
3092	3
3093	3
3094	3
3095	3
3096	3
3097	3
3098	3
3099	3
3100	3
3101	3
3102	3
3103	3
3104	3
3105	3
3106	3
3107	3
3108	3
3109	3
3110	3
3111	3
3112	3
3113	3
3114	3
3115	3
3116	3
3117	3
3118	3
3119	3
3120	3
3121	3
3122	3
3123	3
3124	3
3125	3
3126	3
3127	3
3128	3
3129	3
3130	3
3131	3
3132	3
3133	3
3134	3
3135	3
3136	3
3137	3
3138	3
3139	3
3140	3
3141	3
3142	3
3143	3
3144	3
3145	3
3146	3
3147	3
3148	3
3149	3
3150	3
3151	3
3152	3
3153	3
3154	3
3155	3
3156	3
3157	3
3158	3
3159	3
3160	3
3161	3
3162	3
3163	3
3164	3
3165	3
3166	3
3167	3
3168	3
3169	3
3170	3
3171	3
3172	3
3173	3
3174	3
3175	3
3176	3
3177	3
3178	3
3179	3
3180	3
3181	3
3182	3
3183	3
3184	3
3185	3
3186	3
3187	3
3188	3
3189	3
3190	3
3191	3
3192	3
3193	3
3194	3
3195	3
3196	3
3197	3
3198	3
3199	3
3200	3
3201	3
3202	3
3203	3
3204	3
3205	3
3206	3
3207	3
3208	3
3209	3
3210	3
3211	3
3212	3
3213	3
3214	3
3215	3
3216	3
3217	3
3218	3
3219	3
3220	3
3221	3
3222	3
3223	3
3224	3
3225	3
3226	3
3227	3
3228	3
3229	3
3230	3
3231	3
3232	3
3233	3
3234	3
3235	3
3236	3
3237	3
3238	3
3239	3
3240	3
3241	3
3242	3
3243	3
3244	3
3245	3
3246	3
3247	3
3248	3
3249	3
3250	3
3251	3
3252	3
3253	3
3254	3
3255	3
3256	3
3257	3
3258	3
3259	3
3260	3
3261	3
3262	3
3263	3
3264	3
3265	3
3266	3
3267	3
3268	3
3269	3
3270	3
3271	3
3272	3
3273	3
3274	3
3275	3
3276	3
3277	3
3278	3
3279	3
3280	3
3281	3
3282	3
3283	3
3284	3
3285	3
3286	3
3287	3
3288	3
3289	3
3290	3
3291	3
3292	3
3293	3
3294	3
3295	3
3296	3
3297	3
3298	3
3299	3
3300	3
3301	3
3302	3
3303	3
3304	3
3305	3
3306	3
3307	3
3308	3
3309	3
3310	3
3311	3
3312	3
3313	3
3314	3
3315	3
3316	3
3317	3
3318	3
3319	3
3320	3
3321	3
3322	3
3323	3
3324	3
3325	3
3326	3
3327	3
3328	3
3329	3
3330	3
3331	3
3332	3
3333	3
3334	3
3335	3
3336	3
3337	3
3338	3
3339	3
3340	3
3341	3
3342	3
3343	3
3344	3
3345	3
3346	3
3347	3
3348	3
3349	3
3350	3
3351	3
3352	3
3353	3
3354	3
3355	3
3356	3
3357	3
3358	3
3359	3
3360	3
3361	3
3362	3
3363	3
3364	3
3365	3
3366	3
3367	3
3368	3
3369	3
3370	3
3371	3
3372	3
3373	3
3374	3
3375	3
3376	3
3377	3
3378	3
3379	3
3380	3
3381	3
3382	3
3383	3
3384	3
3385	3
3386	3
3387	3
3388	3
3389	3
3390	3
3391	3
3392	3
3393	3
3394	3
3395	3
3396	3
3397	3
3398	3
3399	3
3400	3
3401	3
3402	3
3403	3
3404	3
3405	3
3406	3
3407	3
3408	3
3409	3
3410	3
3411	3
3412	3
3413	3
3414	3
3415	3
3416	3
3417	3
3418	3
3419	3
3420	3
3421	3
3422	3
3423	3
3424	3
3425	3
3426	3
3427	3
3428	3
3429	3
3430	3
3431	3
3432	3
3433	3
3434	3
3435	3
3436	3
3437	3
3438	3
3439	3
3440	3
3441	3
3442	3
3443	3
3444	3
3445	3
3446	3
3447	3
3448	3
3449	3
3450	3
3451	3
3452	3
3453	3
3454	3
3455	3
3456	3
3457	3
3458	3
3459	3
3460	3
3461	3
3462	3
3463	3
3464	3
3465	3
3466	3
3467	3
3468	3
3469	3
3470	3
3471	3
3472	3
3473	3
3474	3
3475	3
3476	3
3477	3
3478	3
3479	3
3480	3
3481	3
3482	3
3483	3
3484	3
3485	3
3486	3
3487	3
3488	3
3489	3
3490	3
3491	3
3492	3
3493	3
3494	3
3495	3
3496	3
3497	3
3498	3
3499	3
3500	3
3501	3
3502	3
3503	3
3504	3
3505	3
3506	3
3507	3
3508	3
3509	3
3510	3
3511	3
3512	3
3513	3
3514	3
3515	3
3516	3
3517	3
3518	3
3519	3
3520	3
3521	3
3522	3
3523	3
3524	3
3525	3
3526	3
3527	3
3528	3
3529	3
3530	3
3531	3
3532	3
3533	3
3534	3
3535	3
3536	3
3537	3
3538	3
3539	3
3540	3
3541	3
3542	3
3543	3
3544	3
3545	3
3546	3
3547	3
3548	3
3549	3
3550	3
3551	3
3552	3
3553	3
3554	3
3555	3
3556	3
3557	3
3558	3
3559	3
3560	3
3561	3
3562	3
3563	3
3564	3
3565	3
3566	3
3567	3
3568	3
3569	3
3570	3
3571	3
3572	3
3573	3
3574	3
3575	3
3576	3
3577	3
3578	3
3579	3
3580	3
3581	3
3582	3
3583	3
3584	3
3585	3
3586	3
3587	3
3588	3
3589	3
3590	3
3591	3
3592	3
3593	3
3594	3
3595	3
3596	3
3597	3
3598	3
3599	3
3600	3
3601	3
3602	3
3603	3
3604	3
3605	3
3606	3
3607	3
3608	3
3609	3
3610	3
3611	3
3612	3
3613	3
3614	3
3615	3
3616	3
3617	3
3618	3
3619	3
3620	3
3621	3
3622	3
3623	3
3624	3
3625	3
3626	3
3627	3
3628	3
3629	3
3630	3
3631	3
3632	3
3633	3
3634	3
3635	3
3636	3
3637	3
3638	3
3639	3
3640	3
3641	3
3642	3
3643	3
3644	3
3645	3
3646	3
3647	3
3648	3
3649	3
3650	3
3651	3
3652	3
3653	3
3654	3
3655	3
3656	3
3657	3
3658	3
3659	3
3660	3
3661	3
3662	3
3663	3
3664	3
3665	3
3666	3
3667	3
3668	3
3669	3
3670	3
3671	3
3672	3
3673	3
3674	3
3675	3
3676	3
3677	3
3678	3
3679	3
3680	3
3681	3
3682	3
3683	3
3684	3
3685	3
3686	3
3687	3
3688	3
3689	3
3690	3
3691	3
3692	3
3693	3
3694	3
3695	3
3696	3
3697	3
3698	3
3699	3
3700	3
3701	3
3702	3
3703	3
3704	3
3705	3
3706	3
3707	3
3708	3
3709	3
3710	3
3711	3
3712	3
3713	3
3714	3
3715	3
3716	3
3717	3
3718	3
3719	3
3720	3
3721	3
3722	3
3723	3
3724	3
3725	3
3726	3
3727	3
3728	3
3729	3
3730	3
3731	3
3732	3
3733	3
3734	3
3735	3
3736	3
3737	3
3738	3
3739	3
3740	3
3741	3
3742	3
3743	3
3744	3
3745	3
3746	3
3747	3
3748	3
3749	3
3750	3
3751	3
3752	3
3753	3
3754	3
3755	3
3756	3
3757	3
3758	3
3759	3
3760	3
3761	3
3762	3
3763	3
3764	3
3765	3
3766	3
3767	3
3768	3
3769	3
3770	3
3771	3
3772	3
3773	3
3774	3
3775	3
3776	3
3777	3
3778	3
3779	3
3780	3
3781	3
3782	3
3783	3
3784	3
3785	3
3786	3
3787	3
3788	3
3789	3
3790	3
3791	3
3792	3
3793	3
3794	3
3795	3
3796	3
3797	3
3798	3
3799	3
3800	3
3801	3
3802	3
3803	3
3804	3
3805	3
3806	3
3807	3
3808	3
3809	3
3810	3
3811	3
3812	3
3813	3
3814	3
3815	3
3816	3
3817	3
3818	3
3819	3
3820	3
3821	3
3822	3
3823	3
3824	3
3825	3
3826	3
3827	3
3828	3
3829	3
3830	3
3831	3
3832	3
3833	3
3834	3
3835	3
3836	3
3837	3
3838	3
3839	3
3840	3
3841	3
3842	3
3843	3
3844	3
3845	3
3846	3
3847	3
3848	3
3849	3
3850	3
3851	3
3852	3
3853	3
3854	3
3855	3
3856	3
3857	3
3858	3
3859	3
3860	3
3861	3
3862	3
3863	3
3864	3
3865	3
3866	3
3867	3
3868	3
3869	3
3870	3
3871	3
3872	3
3873	3
3874	3
3875	3
3876	3
3877	3
3878	3
3879	3
3880	3
3881	3
3882	3
3883	3
3884	3
3885	3
3886	3
3887	3
3888	3
3889	3
3890	3
3891	3
3892	3
3893	3
3894	3
3895	3
3896	3
3897	3
3898	3
3899	3
3900	3
3901	3
3902	3
3903	3
3904	3
3905	3
3906	3
3907	3
3908	3
3909	3
3910	3
3911	3
3912	3
3913	3
3914	3
3915	3
3916	3
3917	3
3918	3
3919	3
3920	3
3921	3
3922	3
3923	3
3924	3
3925	3
3926	3
3927	3
3928	3
3929	3
3930	3
3931	3
3932	3
3933	3
3934	3
3935	3
3936	3
3937	3
3938	3
3939	3
3940	3
3941	3
3942	3
3943	3
3944	3
3945	3
3946	3
3947	3
3948	3
3949	3
3950	3
3951	3
3952	3
3953	3
3954	3
3955	3
3956	3
3957	3
3958	3
3959	3
3960	3
3961	3
3962	3
3963	3
3964	3
3965	3
3966	3
3967	3
3968	3
3969	3
3970	3
3971	3
3972	3
3973	3
3974	3
3975	4
3976	4
3977	4
3978	4
3979	4
3980	4
3981	4
3982	4
3983	4
3984	4
3985	4
3986	4
3987	4
3988	4
3989	4
3990	4
3991	4
3992	4
3993	4
3994	4
3995	4
3996	4
3997	4
3998	4
3999	4
4000	4
4001	4
4002	4
4003	4
4004	4
4005	4
4006	4
4007	4
4008	4
4009	4
4010	4
4011	4
4012	4
4013	4
4014	4
4015	4
4016	4
4017	4
4018	4
4019	4
4020	4
4021	4
4022	4
4023	4
4024	4
4025	4
4026	4
4027	4
4028	4
4029	4
4030	4
4031	4
4032	4
4033	4
4034	4
4035	4
4036	4
4037	4
4038	4
4039	4
4040	4
4041	4
4042	4
4043	4
4044	4
4045	4
4046	4
4047	4
4048	4
4049	4
4050	4
4051	4
4052	4
4053	4
4054	4
4055	4
4056	4
4057	4
4058	4
4059	4
4060	4
4061	4
4062	4
4063	4
4064	4
4065	4
4066	4
4067	4
4068	4
4069	4
4070	4
4071	4
4072	4
4073	4
4074	4
4075	4
4076	4
4077	4
4078	4
4079	4
4080	4
4081	4
4082	4
4083	4
4084	4
4085	4
4086	4
4087	4
4088	4
4089	4
4090	4
4091	4
4092	4
4093	4
4094	4
4095	4
4096	4
4097	4
4098	4
4099	4
4100	4
4101	4
4102	4
4103	4
4104	4
4105	4
4106	4
4107	4
4108	4
4109	4
4110	4
4111	4
4112	4
4113	4
4114	4
4115	4
4116	4
4117	4
4118	4
4119	4
4120	4
4121	4
4122	4
4123	4
4124	4
4125	4
4126	4
4127	4
4128	4
4129	4
4130	4
4131	4
4132	4
4133	4
4134	4
4135	4
4136	4
4137	4
4138	4
4139	4
4140	4
4141	4
4142	4
4143	4
4144	4
4145	4
4146	4
4147	4
4148	4
4149	4
4150	4
4151	4
4152	4
4153	4
4154	4
4155	4
4156	4
4157	4
4158	4
4159	4
4160	4
4161	4
4162	4
4163	4
4164	4
4165	4
4166	4
4167	4
4168	4
4169	4
4170	4
4171	4
4172	4
4173	4
4174	4
4175	4
4176	4
4177	4
4178	4
4179	4
4180	4
4181	4
4182	4
4183	4
4184	4
4185	4
4186	4
4187	4
4188	4
4189	4
4190	4
4191	4
4192	4
4193	4
4194	4
4195	4
4196	4
4197	4
4198	4
4199	4
4200	4
4201	4
4202	4
4203	4
4204	4
4205	4
4206	4
4207	4
4208	4
4209	4
4210	4
4211	4
4212	4
4213	4
4214	4
4215	4
4216	4
4217	4
4218	4
4219	4
4220	4
4221	4
4222	4
4223	4
4224	4
4225	4
4226	4
4227	4
4228	4
4229	4
4230	4
4231	4
4232	4
4233	4
4234	4
4235	4
4236	4
4237	4
4238	4
4239	4
4240	4
4241	4
4242	4
4243	4
4244	4
4245	4
4246	4
4247	4
4248	4
4249	4
4250	4
4251	4
4252	4
4253	4
4254	4
4255	4
4256	4
4257	4
4258	4
4259	4
4260	4
4261	4
4262	4
4263	4
4264	4
4265	4
4266	4
4267	4
4268	4
4269	4
4270	4
4271	4
4272	4
4273	4
4274	4
4275	4
4276	4
4277	4
4278	4
4279	4
4280	4
4281	4
4282	4
4283	4
4284	4
4285	4
4286	4
4287	4
4288	4
4289	4
4290	4
4291	4
4292	4
4293	4
4294	4
4295	4
4296	4
4297	4
4298	4
4299	4
4300	4
4301	4
4302	4
4303	4
4304	4
4305	4
4306	4
4307	4
4308	4
4309	4
4310	4
4311	4
4312	4
4313	4
4314	4
4315	4
4316	4
4317	4
4318	4
4319	4
4320	4
4321	4
4322	4
4323	4
4324	4
4325	4
4326	4
4327	4
4328	4
4329	4
4330	4
4331	4
4332	4
4333	4
4334	4
4335	4
4336	4
4337	4
4338	4
4339	4
4340	4
4341	4
4342	4
4343	4
4344	4
4345	4
4346	4
4347	4
4348	4
4349	4
4350	4
4351	4
4352	4
4353	4
4354	4
4355	4
4356	4
4357	4
4358	4
4359	4
4360	4
4361	4
4362	4
4363	4
4364	4
4365	4
4366	4
4367	4
4368	4
4369	4
4370	4
4371	4
4372	4
4373	4
4374	4
4375	4
4376	4
4377	4
4378	4
4379	4
4380	4
4381	4
4382	4
4383	4
4384	4
4385	4
4386	4
4387	4
4388	4
4389	4
4390	4
4391	4
4392	4
4393	4
4394	5
4395	5
4396	5
4397	5
4398	5
4399	5
4400	5
4401	5
4402	5
4403	5
4404	5
4405	5
4406	5
4407	5
4408	5
4409	5
4410	5
4411	5
4412	5
4413	5
4414	5
4415	5
4416	5
4417	5
4418	5
4419	5
4420	5
4421	5
4422	5
4423	5
4424	5
4425	5
4426	5
4427	5
4428	5
4429	5
4430	5
4431	5
4432	5
4433	5
4434	5
4435	5
4436	5
4437	5
4438	5
4439	5
4440	5
4441	5
4442	5
4443	5
4444	5
4445	5
4446	5
4447	5
4448	5
4449	5
4450	5
4451	5
4452	5
4453	5
4454	5
4455	5
4456	5
4457	5
4458	5
4459	5
4460	5
4461	5
4462	5
4463	5
4464	5
4465	5
4466	5
4467	5
4468	5
4469	5
4470	5
4471	5
4472	5
4473	5
4474	5
4475	5
4476	5
4477	5
4478	5
4479	5
4480	5
4481	5
4482	5
4483	5
4484	5
4485	5
4486	5
4487	5
4488	5
4489	5
4490	5
4491	5
4492	5
4493	5
4494	5
4495	5
4496	5
4497	5
4498	5
4499	5
4500	5
4501	5
4502	5
4503	5
4504	5
4505	5
4506	5
4507	5
4508	5
4509	5
4510	5
4511	5
4512	5
4513	5
4514	5
4515	5
4516	5
4517	5
4518	5
4519	5
4520	5
4521	5
4522	5
4523	5
4524	5
4525	5
4526	5
4527	5
4528	5
4529	5
4530	5
4531	5
4532	5
4533	5
4534	5
4535	5
4536	5
4537	5
4538	5
4539	5
4540	5
4541	5
4542	5
4543	5
4544	5
4545	5
4546	5
4547	5
4548	5
4549	5
4550	5
4551	5
4552	5
4553	5
4554	5
4555	5
4556	5
4557	5
4558	5
4559	5
4560	5
4561	5
4562	5
4563	5
4564	5
4565	5
4566	5
4567	5
4568	5
4569	5
4570	5
4571	5
4572	5
4573	5
4574	5
4575	5
4576	5
4577	5
4578	5
4579	5
4580	5
4581	5
4582	5
4583	5
4584	5
4585	5
4586	5
4587	5
4588	5
4589	5
4590	6
4591	6
4592	6
4593	6
4594	6
4595	6
4596	6
4597	6
4598	6
4599	6
4600	6
4601	6
4602	6
4603	6
4604	6
4605	6
4606	6
4607	6
4608	6
4609	6
4610	6
4611	6
4612	6
4613	6
4614	6
4615	6
4616	6
4617	6
4618	6
4619	6
4620	6
4621	6
4622	6
4623	6
4624	6
4625	6
4626	6
4627	6
4628	6
4629	6
4630	6
4631	6
4632	6
4633	6
4634	6
4635	6
4636	6
4637	6
4638	6
4639	6
4640	6
4641	6
4642	6
4643	6
4644	6
4645	6
4646	6
4647	6
4648	6
4649	6
4650	6
4651	6
4652	6
4653	6
4654	6
4655	6
4656	6
4657	6
4658	6
4659	6
4660	6
4661	6
4662	6
4663	6
4664	6
4665	6
4666	6
4667	6
4668	6
4669	6
4670	6
4671	6
4672	6
4673	6
4674	6
4675	6
4676	6
4677	6
4678	6
4679	6
4680	6
4681	6
4682	6
4683	6
4684	6
4685	6
4686	6
4687	6
4688	6
4689	6
4690	6
4691	6
4692	6
4693	6
4694	6
4695	6
4696	6
4697	6
4698	6
4699	6
4700	6
4701	6
4702	6
4703	6
4704	6
4705	6
4706	6
4707	6
4708	6
4709	6
4710	6
4711	6
4712	6
4713	6
4714	6
4715	6
4716	6
4717	6
4718	6
4719	6
4720	6
4721	6
4722	6
4723	6
4724	6
4725	6
4726	6
4727	6
4728	6
4729	6
4730	6
4731	6
4732	6
4733	6
4734	6
4735	6
4736	6
4737	6
4738	6
4739	6
4740	6
4741	6
4742	6
4743	6
4744	6
4745	6
4746	6
4747	6
4748	6
4749	6
4750	6
4751	6
4752	6
4753	6
4754	6
4755	6
4756	6
4757	6
4758	6
4759	6
4760	6
4761	6
4762	6
4763	6
4764	6
4765	6
4766	6
4767	6
4768	6
4769	6
4770	6
4771	6
4772	6
4773	6
4774	6
4775	6
4776	6
4777	6
4778	6
4779	6
4780	6
4781	6
4782	6
4783	6
4784	6
4785	6
4786	6
4787	6
4788	6
4789	6
4790	6
4791	6
4792	6
4793	6
4794	6
4795	6
4796	6
4797	6
4798	6
4799	6
4800	6
4801	6
4802	6
4803	6
4804	6
4805	6
4806	6
4807	6
4808	6
4809	6
4810	6
4811	6
4812	6
4813	6
4814	6
4815	6
4816	6
4817	6
4818	6
4819	6
4820	6
4821	6
4822	6
4823	6
4824	6
4825	6
4826	6
4827	6
4828	6
4829	6
4830	6
4831	6
4832	6
4833	6
4834	6
4835	6
4836	6
4837	6
4838	6
4839	6
4840	6
4841	6
4842	6
4843	6
4844	6
4845	6
4846	6
4847	6
4848	6
4849	6
4850	6
4851	6
4852	6
4853	6
4854	6
4855	6
4856	6
4857	6
4858	6
4859	6
4860	6
4861	6
4862	6
4863	6
4864	6
4865	6
4866	6
4867	6
4868	6
4869	6
4870	6
4871	6
4872	6
4873	6
4874	6
4875	6
4876	6
4877	6
4878	6
4879	6
4880	6
4881	6
4882	6
4883	6
4884	6
4885	6
4886	6
4887	6
4888	6
4889	6
4890	6
4891	6
4892	6
4893	6
4894	6
4895	6
4896	6
4897	6
4898	6
4899	6
4900	6
4901	6
4902	6
4903	6
4904	6
4905	6
4906	6
4907	6
4908	6
4909	6
4910	6
4911	6
4912	6
4913	6
4914	6
4915	6
4916	6
4917	6
4918	6
4919	6
4920	6
4921	6
4922	6
4923	6
4924	6
4925	6
4926	6
4927	6
4928	6
4929	6
4930	6
4931	6
4932	6
4933	6
4934	6
4935	6
4936	6
4937	6
4938	6
4939	6
4940	6
4941	6
4942	6
4943	6
4944	6
4945	6
4946	6
4947	6
4948	6
4949	6
4950	6
4951	6
4952	6
4953	6
4954	6
4955	6
4956	6
4957	6
4958	6
4959	6
4960	6
4961	6
4962	6
4963	6
4964	6
4965	6
4966	6
4967	6
4968	6
4969	6
4970	6
4971	6
4972	6
4973	6
4974	6
4975	6
4976	6
4977	6
4978	6
4979	6
4980	6
4981	6
4982	6
4983	6
4984	6
4985	6
4986	6
4987	6
4988	6
4989	6
4990	6
4991	6
4992	6
4993	6
4994	6
4995	6
4996	6
4997	6
4998	6
4999	6
5000	6
5001	6
5002	6
5003	6
5004	6
5005	6
5006	6
5007	6
5008	6
5009	6
5010	6
5011	6
5012	6
5013	6
5014	6
5015	6
5016	6
5017	6
5018	6
5019	6
5020	6
5021	6
5022	6
5023	6
5024	6
5025	6
5026	6
5027	6
5028	6
5029	6
5030	6
5031	6
5032	6
5033	6
5034	6
5035	6
5036	6
5037	6
5038	6
5039	6
5040	6
5041	6
5042	6
5043	6
5044	6
5045	6
5046	6
5047	6
5048	6
5049	6
5050	6
5051	6
5052	6
5053	6
5054	6
5055	6
5056	6
5057	6
5058	6
5059	6
5060	6
5061	6
5062	6
5063	6
5064	6
5065	6
5066	6
5067	6
5068	6
5069	6
5070	6
5071	6
5072	6
5073	6
5074	6
5075	6
5076	6
5077	6
5078	6
5079	6
5080	6
5081	6
5082	6
5083	6
5084	6
5085	6
5086	6
5087	6
5088	6
5089	6
5090	6
5091	6
5092	6
5093	6
5094	6
5095	6
5096	6
5097	6
5098	6
5099	6
5100	6
5101	6
5102	6
5103	6
5104	6
5105	6
5106	6
5107	6
5108	6
5109	6
5110	6
5111	6
5112	6
5113	6
5114	6
5115	6
5116	6
5117	6
5118	6
5119	6
5120	6
5121	6
5122	6
5123	6
5124	6
5125	6
5126	6
5127	6
5128	6
5129	6
5130	6
5131	6
5132	6
5133	6
5134	6
5135	6
5136	6
5137	6
5138	6
5139	6
5140	6
5141	6
5142	6
5143	6
5144	6
5145	6
5146	6
5147	6
5148	6
5149	6
5150	6
5151	6
5152	6
5153	6
5154	6
5155	6
5156	6
5157	6
5158	6
5159	6
5160	6
5161	6
5162	6
5163	6
5164	6
5165	6
5166	6
5167	6
5168	6
5169	6
5170	6
5171	6
5172	6
5173	6
5174	6
5175	6
5176	6
5177	6
5178	6
5179	6
5180	6
5181	6
5182	6
5183	6
5184	6
5185	6
5186	6
5187	6
5188	6
5189	6
5190	6
5191	6
5192	6
5193	6
5194	6
5195	6
5196	6
5197	6
5198	6
5199	6
5200	6
5201	6
5202	6
5203	6
5204	6
5205	6
5206	6
5207	6
5208	6
5209	6
5210	6
5211	6
5212	6
5213	6
5214	6
5215	6
5216	6
5217	6
5218	6
5219	6
5220	6
5221	6
5222	6
5223	6
5224	6
5225	6
5226	6
5227	6
5228	6
5229	6
5230	6
5231	6
5232	6
5233	6
5234	6
5235	6
5236	6
5237	6
5238	6
5239	6
5240	6
5241	6
5242	6
5243	6
5244	6
5245	6
5246	6
5247	6
5248	6
5249	6
5250	6
5251	6
5252	6
5253	6
5254	6
5255	6
5256	6
5257	6
5258	6
5259	6
5260	6
5261	6
5262	6
5263	6
5264	6
5265	6
5266	6
5267	6
5268	6
5269	6
5270	6
5271	6
5272	6
5273	6
5274	6
5275	6
5276	6
5277	6
5278	6
5279	6
5280	6
5281	6
5282	6
5283	6
5284	6
5285	6
5286	6
5287	6
5288	6
5289	6
5290	6
5291	6
5292	6
5293	6
5294	6
5295	6
5296	6
5297	6
5298	6
5299	6
5300	6
5301	6
5302	6
5303	6
5304	6
5305	6
5306	6
5307	6
5308	6
5309	6
5310	6
5311	6
5312	6
5313	6
5314	6
5315	6
5316	6
5317	6
5318	6
5319	6
5320	6
5321	6
5322	6
5323	6
5324	6
5325	6
5326	6
5327	6
5328	6
5329	6
5330	6
5331	6
5332	6
5333	6
5334	6
5335	6
5336	6
5337	6
5338	6
5339	6
5340	6
5341	6
5342	6
5343	6
5344	6
5345	6
5346	6
5347	6
5348	6
5349	6
5350	6
5351	6
5352	6
5353	6
5354	6
5355	6
5356	6
5357	6
5358	6
5359	6
5360	6
5361	6
5362	6
5363	6
5364	6
5365	6
5366	6
5367	6
5368	6
5369	6
5370	6
5371	6
5372	6
5373	6
5374	6
5375	6
5376	6
5377	6
5378	6
5379	6
5380	6
5381	6
5382	6
5383	6
5384	6
5385	6
5386	6
5387	6
5388	6
5389	6
5390	6
5391	6
5392	6
5393	6
5394	6
5395	6
5396	6
5397	6
5398	6
5399	6
5400	6
5401	6
5402	6
5403	6
5404	6
5405	6
5406	6
5407	6
5408	6
5409	6
5410	6
5411	6
5412	6
5413	6
5414	6
5415	6
5416	6
5417	6
5418	6
5419	6
5420	6
5421	6
5422	6
5423	6
5424	6
5425	6
5426	6
5427	6
5428	6
5429	6
5430	6
5431	6
5432	6
5433	6
5434	6
5435	6
5436	6
5437	6
5438	6
5439	6
5440	6
5441	6
5442	6
5443	6
5444	6
5445	6
5446	6
5447	6
5448	6
5449	6
5450	6
5451	6
5452	6
5453	6
5454	6
5455	6
5456	6
5457	6
5458	6
5459	6
5460	6
5461	6
5462	6
5463	6
5464	6
5465	6
5466	6
5467	6
5468	6
5469	6
5470	6
5471	6
5472	6
5473	6
5474	6
5475	6
5476	6
5477	6
5478	6
5479	6
5480	6
5481	6
5482	6
5483	6
5484	6
5485	6
5486	6
5487	6
5488	6
5489	6
5490	6
5491	6
5492	6
5493	6
5494	6
5495	6
5496	6
5497	6
5498	6
5499	6
5500	6
5501	6
5502	6
5503	6
5504	6
5505	6
5506	6
5507	6
5508	6
5509	6
5510	6
5511	6
5512	6
5513	6
5514	6
5515	6
5516	6
5517	6
5518	6
5519	6
5520	6
5521	6
5522	6
5523	6
5524	6
5525	6
5526	6
5527	6
5528	6
5529	6
5530	6
5531	6
5532	6
5533	6
5534	6
5535	6
5536	6
5537	6
5538	6
5539	6
5540	6
5541	6
5542	6
5543	6
5544	6
5545	6
5546	6
5547	6
5548	6
5549	6
5550	6
5551	6
5552	6
5553	6
5554	6
5555	6
5556	6
5557	6
5558	6
5559	6
5560	6
5561	6
5562	6
5563	6
5564	6
5565	6
5566	6
5567	6
5568	6
5569	6
5570	6
5571	6
5572	6
5573	6
5574	6
5575	6
5576	6
5577	6
5578	6
5579	6
5580	6
5581	6
5582	6
5583	6
5584	6
5585	6
5586	6
5587	6
5588	6
5589	6
5590	6
5591	6
5592	6
5593	6
5594	6
5595	6
5596	6
5597	6
5598	6
5599	6
5600	6
5601	6
5602	6
5603	6
5604	6
5605	6
5606	6
5607	6
5608	6
5609	6
5610	6
5611	6
5612	6
5613	6
5614	6
5615	6
5616	6
5617	6
5618	6
5619	6
5620	6
5621	6
5622	6
5623	6
5624	6
5625	6
5626	6
5627	6
5628	7
5629	7
5630	7
5631	7
5632	7
5633	7
5634	7
5635	7
5636	7
5637	7
5638	7
5639	7
5640	7
5641	7
5642	7
5643	7
5644	7
5645	7
5646	7
5647	7
5648	7
5649	7
5650	7
5651	7
5652	7
5653	7
5654	7
5655	7
5656	7
5657	7
5658	7
5659	7
5660	7
5661	7
5662	7
5663	7
5664	7
5665	7
5666	7
5667	7
5668	7
5669	7
5670	7
5671	7
5672	7
5673	7
5674	7
5675	7
5676	7
5677	7
5678	7
5679	7
5680	7
5681	7
5682	7
5683	7
5684	8
5685	8
5686	8
5687	8
5688	8
5689	8
5690	8
5691	8
5692	8
5693	8
5694	8
5695	8
5696	8
5697	8
5698	8
5699	8
5700	8
5701	8
5702	8
5703	8
5704	8
5705	8
5706	8
5707	8
5708	8
5709	8
5710	8
5711	8
5712	8
5713	8
5714	8
5715	8
5716	8
5717	8
5718	8
5719	8
5720	8
5721	8
5722	8
5723	8
5724	8
5725	8
5726	8
5727	8
5728	8
5729	8
5730	8
5731	8
5732	8
5733	8
5734	8
5735	8
5736	8
5737	8
5738	8
5739	8
5740	8
5741	8
5742	8
5743	8
5744	8
5745	8
5746	8
5747	8
5748	8
5749	8
5750	8
5751	8
5752	8
5753	8
5754	8
5755	8
5756	8
5757	8
5758	8
5759	8
5760	8
5761	8
5762	8
5763	8
5764	8
5765	8
5766	8
5767	8
5768	8
5769	8
5770	8
5771	8
5772	8
5773	8
5774	8
5775	8
5776	8
5777	8
5778	8
5779	8
5780	8
5781	8
5782	8
5783	9
5784	9
5785	9
5786	9
5787	9
5788	9
5789	9
5790	9
5791	9
5792	9
5793	9
5794	9
5795	9
5796	9
5797	9
5798	9
5799	9
5800	9
5801	9
5802	9
5803	9
5804	9
5805	9
5806	9
5807	9
5808	9
5809	9
5810	9
5811	9
5812	9
5813	9
5814	9
5815	9
5816	9
5817	9
5818	9
5819	9
5820	9
5821	9
5822	9
5823	9
5824	9
5825	9
5826	9
5827	9
5828	9
5829	9
5830	9
5831	9
5832	9
5833	9
5834	9
5835	9
5836	9
5837	9
5838	9
5839	9
5840	9
5841	9
5842	9
5843	9
5844	9
5845	9
5846	9
5847	9
5848	9
5849	9
5850	9
5851	9
5852	9
5853	9
5854	9
5855	9
5856	9
5857	9
5858	9
5859	9
5860	9
5861	9
5862	9
5863	9
5864	9
5865	9
5866	9
5867	9
5868	9
5869	9
5870	9
5871	9
5872	9
5873	9
5874	9
5875	9
5876	9
5877	9
5878	9
5879	9
5880	9
5881	9
5882	9
5883	9
5884	9
5885	9
5886	9
5887	9
5888	9
5889	9
5890	9
5891	9
5892	9
5893	9
5894	9
5895	9
5896	9
5897	9
5898	9
5899	9
5900	9
5901	9
5902	9
5903	9
5904	9
5905	9
5906	9
5907	9
5908	9
5909	9
5910	9
5911	9
5912	9
5913	9
5914	9
5915	9
5916	9
5917	9
5918	9
5919	9
5920	9
5921	9
5922	9
5923	9
5924	9
5925	9
5926	9
5927	9
5928	9
5929	9
5930	9
5931	9
5932	9
5933	9
5934	9
5935	9
5936	9
5937	9
5938	9
5939	9
5940	9
5941	9
5942	9
5943	9
5944	9
5945	9
5946	9
5947	9
5948	9
5949	9
5950	9
5951	9
5952	9
5953	9
5954	9
5955	9
5956	9
5957	9
5958	9
5959	9
5960	9
5961	9
5962	9
5963	9
5964	9
5965	9
5966	9
5967	9
5968	9
5969	9
5970	9
5971	9
5972	9
5973	9
5974	9
5975	9
5976	9
5977	9
5978	9
5979	9
5980	9
5981	9
5982	9
5983	9
5984	9
5985	9
5986	9
5987	9
5988	9
5989	9
5990	9
5991	9
5992	9
5993	9
5994	9
5995	9
5996	9
5997	9
5998	9
5999	9
6000	9
6001	9
6002	9
6003	9
6004	9
6005	9
6006	9
6007	9
6008	9
6009	9
6010	10
6011	10
6012	10
6013	10
6014	10
6015	10
6016	10
6017	10
6018	10
6019	10
6020	10
6021	10
6022	10
6023	10
6024	10
6025	10
6026	10
6027	10
6028	10
6029	10
6030	10
6031	10
6032	10
6033	10
6034	10
6035	10
6036	10
6037	10
6038	10
6039	10
6040	10
6041	10
6042	10
6043	10
6044	10
6045	10
6046	10
6047	10
6048	10
6049	10
6050	10
6051	10
6052	10
6053	10
6054	10
6055	10
6056	10
6057	10
6058	10
6059	10
6060	10
6061	10
6062	10
6063	10
6064	10
6065	10
6066	10
6067	10
6068	10
6069	10
6070	10
6071	10
6072	10
6073	10
6074	10
6075	10
6076	10
6077	10
6078	10
6079	10
6080	10
6081	10
6082	10
6083	10
6084	10
6085	10
6086	10
6087	10
6088	10
6089	10
6090	10
6091	10
6092	10
6093	10
6094	10
6095	10
6096	10
6097	10
6098	10
6099	10
6100	10
6101	10
6102	10
6103	10
6104	10
6105	11
6106	11
6107	11
6108	11
6109	11
6110	11
6111	11
6112	11
6113	11
6114	11
6115	11
6116	11
6117	11
6118	11
6119	11
6120	11
6121	11
6122	11
6123	11
6124	11
6125	11
6126	11
6127	11
6128	11
6129	11
6130	11
6131	11
6132	11
6133	11
6134	11
6135	11
6136	11
6137	11
6138	11
6139	11
6140	11
6141	11
6142	11
6143	11
6144	11
6145	11
6146	11
6147	11
6148	11
6149	11
6150	11
6151	11
6152	11
6153	11
6154	11
6155	11
6156	11
6157	11
6158	11
6159	11
6160	11
6161	11
6162	11
6163	11
6164	11
6165	11
6166	11
6167	11
6168	11
6169	11
6170	11
6171	11
6172	11
6173	11
6174	11
6175	11
6176	11
6177	12
6178	12
6179	12
6180	12
6181	12
6182	12
6183	12
6184	13
6185	13
6186	13
6187	13
6188	13
6189	13
6190	13
6191	13
6192	13
6193	13
6194	13
6195	13
6196	13
6197	13
6198	13
6199	13
6200	13
6201	13
6202	13
6203	13
6204	13
6205	13
6206	13
6207	13
6208	13
6209	13
6210	13
6211	13
6212	13
6213	13
6214	13
6215	13
6216	13
6217	13
6218	13
6219	13
6220	13
6221	13
6222	13
6223	13
6224	13
6225	13
6226	13
6227	13
6228	13
6229	13
6230	13
6231	13
6232	13
6233	13
6234	13
6235	13
6236	13
6237	13
6238	13
6239	13
6240	13
6241	13
6242	13
6243	13
6244	13
6245	13
6246	13
6247	13
6248	13
6249	13
6250	13
6251	13
6252	13
6253	13
6254	13
6255	13
6256	13
6257	13
6258	13
6259	13
6260	13
6261	13
6262	13
6263	13
6264	14
6265	14
6266	14
6267	14
6268	14
6269	14
6270	14
6271	14
6272	14
6273	14
6274	14
6275	14
6276	14
6277	14
6278	14
6279	14
6280	14
6281	14
6282	14
6283	14
6284	14
6285	14
6286	14
6287	14
6288	14
6289	14
6290	14
6291	14
6292	14
6293	14
6294	15
6295	15
6296	15
6297	15
6298	15
6299	15
6300	15
6301	15
6302	15
6303	15
6304	15
6305	15
6306	15
6307	15
6308	15
6309	15
6310	15
6311	15
6312	15
6313	15
6314	15
6315	15
6316	15
6317	15
6318	15
6319	15
6320	15
6321	15
6322	15
6323	15
6324	15
6325	15
6326	15
6327	15
6328	15
6329	15
6330	15
6331	15
6332	15
6333	15
6334	15
6335	15
6336	15
6337	15
6338	15
6339	15
6340	15
6341	15
6342	15
6343	15
6344	15
6345	15
6346	15
6347	15
6348	15
6349	15
6350	15
6351	15
6352	15
6353	15
6354	15
6355	15
6356	15
6357	15
6358	15
6359	15
6360	15
6361	15
6362	15
6363	15
6364	15
6365	15
6366	15
6367	15
6368	15
6369	15
6370	15
6371	15
6372	15
6373	15
6374	15
6375	15
6376	15
6377	15
6378	15
6379	15
6380	15
6381	15
6382	15
6383	15
6384	15
6385	15
6386	15
6387	15
6388	15
6389	15
6390	15
6391	15
6392	15
6393	15
6394	15
6395	15
6396	15
6397	15
6398	15
6399	15
6400	15
6401	15
6402	15
6403	15
6404	15
6405	15
6406	15
6407	15
6408	15
6409	15
6410	15
6411	15
6412	15
6413	15
6414	15
6415	15
6416	15
6417	15
6418	15
6419	15
6420	15
6421	15
6422	15
6423	15
6424	15
6425	15
6426	15
6427	15
6428	15
6429	15
6430	15
6431	15
6432	15
6433	15
6434	15
6435	15
6436	15
6437	15
6438	15
6439	15
6440	15
6441	15
6442	15
6443	15
6444	15
6445	15
6446	15
6447	15
6448	15
6449	15
6450	15
6451	15
6452	15
6453	15
6454	15
6455	15
6456	15
6457	15
6458	15
6459	15
6460	15
6461	15
6462	15
6463	15
6464	15
6465	15
6466	15
6467	15
6468	15
6469	15
6470	15
6471	15
6472	15
6473	15
6474	15
6475	15
6476	15
6477	15
6478	15
6479	15
6480	15
6481	15
6482	15
6483	15
6484	15
6485	15
6486	15
6487	15
6488	15
6489	15
6490	15
6491	15
6492	15
6493	15
6494	15
6495	15
6496	15
6497	15
6498	15
6499	15
6500	15
6501	15
6502	15
6503	15
6504	15
6505	15
6506	15
6507	15
6508	15
6509	15
6510	15
6511	15
6512	15
6513	15
6514	15
6515	15
6516	15
6517	15
6518	15
6519	15
6520	15
6521	15
6522	15
6523	15
6524	15
6525	15
6526	15
6527	15
6528	15
6529	15
6530	15
6531	15
6532	15
6533	15
6534	15
6535	15
6536	15
6537	15
6538	15
6539	15
6540	15
6541	15
6542	15
6543	15
6544	15
6545	15
6546	15
6547	15
6548	15
6549	15
6550	15
6551	15
6552	15
6553	15
6554	15
6555	15
6556	15
6557	15
6558	15
6559	15
6560	15
6561	15
6562	15
6563	15
6564	15
6565	15
6566	15
6567	15
6568	15
6569	15
6570	15
6571	15
6572	15
6573	15
6574	15
6575	15
6576	15
6577	15
6578	15
6579	15
6580	15
6581	15
6582	15
6583	15
6584	15
6585	15
6586	15
6587	15
6588	15
6589	15
6590	15
6591	15
6592	15
6593	15
6594	15
6595	15
6596	15
6597	15
6598	15
6599	15
6600	15
6601	15
6602	15
6603	15
6604	15
6605	15
6606	15
6607	15
6608	15
6609	15
6610	15
6611	15
6612	15
6613	15
6614	15
6615	15
6616	15
6617	15
6618	15
6619	15
6620	15
6621	15
6622	15
6623	15
6624	15
6625	15
6626	15
6627	15
6628	15
6629	15
6630	15
6631	15
6632	15
6633	15
6634	15
6635	15
6636	15
6637	15
6638	15
6639	15
6640	15
6641	15
6642	15
6643	15
6644	15
6645	15
6646	15
6647	15
6648	15
6649	15
6650	15
6651	15
6652	15
6653	15
6654	15
6655	15
6656	15
6657	15
6658	15
6659	15
6660	15
6661	15
6662	15
6663	15
6664	15
6665	15
6666	15
6667	15
6668	15
6669	15
6670	15
6671	15
6672	15
6673	15
6674	15
6675	15
6676	15
6677	15
6678	15
6679	15
6680	15
6681	15
6682	15
6683	15
6684	15
6685	15
6686	15
6687	15
6688	15
6689	15
6690	15
6691	15
6692	15
6693	15
6694	15
6695	15
6696	15
6697	15
6698	15
6699	15
6700	15
6701	15
6702	15
6703	15
6704	15
6705	15
6706	15
6707	15
6708	15
6709	15
6710	15
6711	15
6712	15
6713	15
6714	15
6715	15
6716	15
6717	15
6718	15
6719	15
6720	15
6721	15
6722	15
6723	15
6724	15
6725	15
6726	15
6727	15
6728	15
6729	15
6730	15
6731	15
6732	15
6733	15
6734	15
6735	15
6736	15
6737	15
6738	15
6739	15
6740	15
6741	15
6742	15
6743	15
6744	15
6745	15
6746	15
6747	15
6748	15
6749	15
6750	15
6751	15
6752	15
6753	15
6754	15
6755	15
6756	15
6757	15
6758	15
6759	15
6760	15
6761	15
6762	15
6763	15
6764	15
6765	15
6766	15
6767	15
6768	15
6769	15
6770	15
6771	15
6772	15
6773	15
6774	15
6775	15
6776	15
6777	15
6778	15
6779	15
6780	15
6781	15
6782	15
6783	15
6784	15
6785	15
6786	15
6787	15
6788	15
6789	15
6790	15
6791	15
6792	15
6793	15
6794	15
6795	15
6796	15
6797	15
6798	15
6799	15
6800	15
6801	15
6802	15
6803	15
6804	16
6805	16
6806	16
6807	16
6808	16
6809	16
6810	16
6811	16
6812	16
6813	16
6814	16
6815	16
6816	16
6817	16
6818	16
6819	16
6820	16
6821	16
6822	16
6823	16
6824	16
6825	16
6826	16
6827	16
6828	16
6829	16
6830	16
6831	16
6832	16
6833	16
6834	16
6835	16
6836	16
6837	16
6838	16
6839	16
6840	16
6841	16
6842	16
6843	16
6844	16
6845	16
6846	16
6847	16
6848	16
6849	16
6850	16
6851	16
6852	16
6853	16
6854	16
6855	16
6856	16
6857	16
6858	16
6859	16
6860	16
6861	16
6862	16
6863	16
6864	16
6865	16
6866	16
6867	16
6868	16
6869	16
6870	16
6871	16
6872	16
6873	16
6874	16
6875	16
6876	16
6877	16
6878	16
6879	16
6880	16
6881	16
6882	16
6883	16
6884	16
6885	16
6886	16
6887	16
6888	16
6889	16
6890	16
6891	16
6892	16
6893	16
6894	16
6895	16
6896	16
6897	16
6898	16
6899	16
6900	16
6901	16
6902	16
6903	16
6904	16
6905	16
6906	16
6907	16
6908	16
6909	16
6910	16
6911	16
6912	16
6913	16
6914	16
6915	16
6916	16
6917	16
6918	16
6919	16
6920	16
6921	16
6922	16
6923	16
6924	16
6925	16
6926	16
6927	16
6928	16
6929	16
6930	16
6931	16
6932	16
6933	16
6934	16
6935	16
6936	16
6937	16
6938	16
6939	16
6940	16
6941	16
6942	16
6943	16
6944	16
6945	16
6946	16
6947	16
6948	16
6949	16
6950	16
6951	16
6952	16
6953	16
6954	16
6955	16
6956	16
6957	16
6958	16
6959	16
6960	16
6961	16
6962	16
6963	16
6964	16
6965	16
6966	16
6967	16
6968	16
6969	16
6970	16
6971	16
6972	16
6973	16
6974	16
6975	16
6976	16
6977	16
6978	16
6979	16
6980	16
6981	16
6982	16
6983	16
6984	16
6985	16
6986	16
6987	16
6988	16
6989	16
6990	17
6991	17
6992	17
6993	17
6994	17
6995	17
6996	17
6997	17
6998	17
6999	17
7000	17
7001	17
7002	17
7003	17
7004	17
7005	17
7006	17
7007	17
7008	17
7009	17
7010	17
7011	17
7012	17
7013	17
7014	17
7015	17
7016	17
7017	17
7018	17
7019	17
7020	17
7021	17
7022	17
7023	17
7024	17
7025	17
7026	17
7027	17
7028	17
7029	17
7030	17
7031	17
7032	17
7033	17
7034	17
7035	17
7036	17
7037	17
7038	17
7039	17
7040	17
7041	17
7042	17
7043	17
7044	17
7045	17
7046	17
7047	17
7048	17
7049	17
7050	17
7051	17
7052	17
7053	17
7054	17
7055	17
7056	17
7057	17
7058	17
7059	17
7060	17
7061	17
7062	18
7063	18
7064	18
7065	18
7066	18
7067	18
7068	18
7069	18
7070	18
7071	18
7072	18
7073	18
7074	18
7075	18
7076	18
7077	18
7078	18
7079	18
7080	18
7081	18
7082	18
7083	18
7084	18
7085	18
7086	18
7087	18
7088	18
7089	18
7090	18
7091	18
7092	18
7093	18
7094	18
7095	18
7096	18
7097	18
7098	18
7099	18
7100	18
7101	18
7102	18
7103	18
7104	18
7105	18
7106	18
7107	18
7108	18
7109	18
7110	18
7111	18
7112	18
7113	18
7114	18
7115	18
7116	18
7117	18
7118	18
7119	18
7120	18
7121	18
7122	18
7123	18
7124	18
7125	18
7126	18
7127	18
7128	18
7129	18
7130	18
7131	18
7132	18
7133	18
7134	18
7135	18
7136	18
7137	18
7138	18
7139	18
7140	18
7141	18
7142	18
7143	18
7144	18
7145	18
7146	18
7147	18
7148	18
7149	18
7150	18
7151	18
7152	18
7153	18
7154	18
7155	18
7156	18
7157	18
7158	18
7159	18
7160	18
7161	18
7162	18
7163	18
7164	18
7165	18
7166	18
7167	18
7168	18
7169	18
7170	18
7171	18
7172	18
7173	18
7174	18
7175	18
7176	18
7177	18
7178	18
7179	18
7180	18
7181	18
7182	18
7183	18
7184	18
7185	18
7186	18
7187	18
7188	18
7189	18
7190	18
7191	18
7192	18
7193	18
7194	18
7195	18
7196	18
7197	18
7198	18
7199	18
7200	18
7201	18
7202	18
7203	18
7204	18
7205	18
7206	18
7207	18
7208	18
7209	18
7210	18
7211	18
7212	18
7213	18
7214	18
7215	18
7216	18
7217	18
7218	18
7219	18
7220	18
7221	18
7222	18
7223	18
7224	18
7225	18
7226	18
7227	18
7228	18
7229	18
7230	18
7231	18
7232	18
7233	18
7234	18
7235	18
7236	18
7237	18
7238	18
7239	18
7240	18
7241	18
7242	18
7243	18
7244	18
7245	18
7246	18
7247	18
7248	18
7249	18
7250	18
7251	18
7252	18
7253	18
7254	18
7255	18
7256	18
7257	18
7258	18
7259	18
7260	18
7261	18
7262	18
7263	18
7264	18
7265	19
7266	19
7267	19
7268	19
7269	19
7270	19
7271	19
7272	19
7273	19
7274	19
7275	19
7276	19
7277	19
7278	19
7279	19
7280	19
7281	19
7282	19
7283	19
7284	19
7285	19
7286	19
7287	19
7288	19
7289	19
7290	19
7291	19
7292	19
7293	19
7294	19
7295	19
7296	19
7297	19
7298	19
7299	19
7300	19
7301	19
7302	19
7303	19
7304	19
7305	19
7306	19
7307	19
7308	19
7309	19
7310	19
7311	19
7312	19
7313	19
7314	19
7315	19
7316	19
7317	19
7318	19
7319	19
7320	19
7321	19
7322	19
7323	19
7324	19
7325	19
7326	19
7327	19
7328	19
7329	19
7330	19
7331	19
7332	19
7333	19
7334	19
7335	19
7336	19
7337	19
7338	19
7339	19
7340	19
7341	19
7342	19
7343	19
7344	19
7345	19
7346	20
7347	20
7348	20
7349	20
7350	20
7351	20
7352	20
7353	20
7354	20
7355	20
7356	20
7357	20
7358	20
7359	20
7360	20
7361	20
7362	20
7363	20
7364	20
7365	20
7366	20
7367	20
7368	20
7369	20
7370	20
7371	20
7372	20
7373	20
7374	20
7375	20
7376	20
7377	20
7378	20
7379	20
7380	20
7381	20
7382	20
7383	20
7384	20
7385	20
7386	20
7387	20
7388	20
7389	20
7390	20
7391	20
7392	20
7393	20
7394	20
7395	20
7396	20
7397	20
7398	20
7399	20
7400	20
7401	20
7402	20
7403	20
7404	20
7405	20
7406	20
7407	20
7408	20
7409	20
7410	20
7411	20
7412	20
7413	20
7414	20
7415	20
7416	20
7417	20
7418	20
7419	20
7420	20
7421	20
7422	20
7423	20
7424	20
7425	20
7426	20
7427	20
7428	20
7429	20
7430	20
7431	20
7432	20
7433	20
7434	20
7435	20
7436	20
7437	20
7438	20
7439	20
7440	20
7441	20
7442	20
7443	20
7444	20
7445	20
7446	20
7447	20
7448	20
7449	20
7450	20
7451	20
7452	20
7453	20
7454	20
7455	20
7456	20
7457	20
7458	20
7459	20
7460	20
7461	20
7462	20
7463	20
7464	20
7465	20
7466	20
7467	20
7468	20
7469	20
7470	20
7471	20
7472	20
7473	20
7474	20
7475	20
7476	20
7477	20
7478	20
7479	20
7480	20
7481	20
7482	20
7483	20
7484	20
7485	20
7486	20
7487	20
7488	20
7489	20
7490	20
7491	20
7492	20
7493	20
7494	20
7495	20
7496	20
7497	20
7498	20
7499	20
7500	20
7501	20
7502	20
7503	20
7504	20
7505	20
7506	20
7507	20
7508	20
7509	20
7510	20
7511	20
7512	20
7513	20
7514	20
7515	20
7516	21
7517	21
7518	21
7519	21
7520	21
7521	21
7522	21
7523	21
7524	21
7525	21
7526	21
7527	21
7528	21
7529	21
7530	21
7531	21
7532	21
7533	21
7534	21
7535	21
7536	21
7537	21
7538	21
7539	21
7540	21
7541	21
7542	21
7543	21
7544	21
7545	21
7546	21
7547	21
7548	21
7549	21
7550	21
7551	21
7552	21
7553	21
7554	21
7555	21
7556	21
7557	21
7558	21
7559	21
7560	21
7561	21
7562	21
7563	22
7564	22
7565	22
7566	22
7567	22
7568	22
7569	22
7570	22
7571	22
7572	22
7573	22
7574	22
7575	22
7576	22
7577	22
7578	22
7579	22
7580	22
7581	22
7582	22
7583	22
7584	22
7585	22
7586	22
7587	22
7588	22
7589	22
7590	22
7591	22
7592	22
7593	22
7594	22
7595	22
7596	22
7597	22
7598	22
7599	22
7600	22
7601	22
7602	22
7603	22
7604	22
7605	22
7606	22
7607	22
7608	22
7609	22
7610	22
7611	22
7612	22
7613	22
7614	22
7615	22
7616	22
7617	22
7618	22
7619	22
7620	22
7621	22
7622	22
7623	22
7624	22
7625	22
7626	22
7627	22
7628	22
7629	22
7630	22
7631	22
7632	22
7633	22
7634	22
7635	22
7636	22
7637	22
7638	22
7639	22
7640	22
7641	22
7642	22
7643	22
7644	22
7645	22
7646	22
7647	22
7648	22
7649	22
7650	22
7651	22
7652	22
7653	22
7654	22
7655	22
7656	22
7657	22
7658	22
7659	22
7660	22
7661	22
7662	22
7663	22
7664	22
7665	22
7666	22
7667	22
7668	22
7669	22
7670	22
7671	22
7672	22
7673	22
7674	22
7675	22
7676	22
7677	22
7678	22
7679	22
7680	22
7681	22
7682	22
7683	22
7684	22
7685	22
7686	22
7687	22
7688	22
7689	22
7690	22
7691	22
7692	22
7693	22
7694	22
7695	22
7696	22
7697	22
7698	22
7699	22
7700	22
7701	22
7702	22
7703	22
7704	23
7705	23
7706	23
7707	23
7708	23
7709	23
7710	23
7711	23
7712	23
7713	23
7714	23
7715	23
7716	23
7717	23
7718	23
7719	23
7720	23
7721	23
7722	23
7723	23
7724	23
7725	23
7726	23
7727	23
7728	23
7729	23
7730	23
7731	23
7732	23
7733	23
7734	23
7735	23
7736	23
7737	23
7738	23
7739	23
7740	23
7741	23
7742	23
7743	23
7744	23
7745	23
7746	23
7747	23
7748	23
7749	23
7750	23
7751	23
7752	23
7753	23
7754	23
7755	23
7756	23
7757	23
7758	23
7759	23
7760	23
7761	23
7762	23
7763	23
7764	23
7765	23
7766	23
7767	23
7768	23
7769	23
7770	23
7771	23
7772	23
7773	23
7774	23
7775	23
7776	23
7777	23
7778	23
7779	23
7780	23
7781	23
7782	23
7783	23
7784	23
7785	23
7786	23
7787	23
7788	23
7789	23
7790	23
7791	23
7792	23
7793	23
7794	23
7795	23
7796	23
7797	23
7798	23
7799	23
7800	23
7801	23
7802	23
7803	23
7804	23
7805	23
7806	23
7807	23
7808	23
7809	23
7810	23
7811	23
7812	23
7813	23
7814	23
7815	23
7816	23
7817	23
7818	23
7819	23
7820	23
7821	23
7822	23
7823	23
7824	23
7825	23
7826	23
7827	23
7828	23
7829	23
7830	23
7831	23
7832	23
7833	23
7834	23
7835	23
7836	23
7837	23
7838	23
7839	23
7840	23
7841	23
7842	23
7843	23
7844	23
7845	23
7846	23
7847	23
7848	23
7849	23
7850	23
7851	23
7852	23
7853	23
7854	23
7855	23
7856	23
7857	23
7858	23
7859	23
7860	23
7861	23
7862	23
7863	23
7864	23
7865	23
7866	23
7867	23
7868	23
7869	23
7870	23
7871	23
7872	23
7873	23
7874	23
7875	23
7876	23
7877	23
7878	23
7879	23
7880	23
7881	23
7882	23
7883	23
7884	23
7885	23
7886	23
7887	23
7888	23
7889	23
7890	23
7891	23
7892	23
7893	23
7894	23
7895	23
7896	23
7897	23
7898	23
7899	23
7900	23
7901	23
7902	23
7903	23
7904	23
7905	23
7906	23
7907	23
7908	23
7909	23
7910	23
7911	23
7912	23
7913	23
7914	23
7915	23
7916	23
7917	23
7918	23
7919	23
7920	23
7921	23
7922	23
7923	23
7924	23
7925	23
7926	23
7927	23
7928	23
7929	23
7930	23
7931	23
7932	23
7933	23
7934	23
7935	23
7936	23
7937	23
7938	23
7939	23
7940	23
7941	23
7942	23
7943	23
7944	23
7945	23
7946	23
7947	23
7948	23
7949	23
7950	23
7951	23
7952	23
7953	23
7954	23
7955	23
7956	23
7957	23
7958	23
7959	23
7960	23
7961	23
7962	23
7963	23
7964	23
7965	23
7966	23
7967	23
7968	23
7969	23
7970	23
7971	23
7972	23
7973	23
7974	23
7975	23
7976	23
7977	23
7978	23
7979	23
7980	23
7981	23
7982	23
7983	23
7984	23
7985	23
7986	23
7987	23
7988	23
7989	23
7990	23
7991	23
7992	23
7993	23
7994	23
7995	23
7996	23
7997	23
7998	23
7999	23
8000	23
8001	23
8002	23
8003	23
8004	23
8005	23
8006	23
8007	23
8008	23
8009	23
8010	23
8011	23
8012	23
8013	23
8014	23
8015	23
8016	23
8017	23
8018	23
8019	23
8020	23
8021	23
8022	23
8023	23
8024	23
8025	23
8026	23
8027	23
8028	23
8029	23
8030	23
8031	23
8032	23
8033	23
8034	23
8035	23
8036	23
8037	23
8038	23
8039	23
8040	23
8041	23
8042	23
8043	23
8044	23
8045	23
8046	23
8047	23
8048	23
8049	23
8050	23
8051	23
8052	23
8053	23
8054	23
8055	23
8056	23
8057	23
8058	23
8059	23
8060	23
8061	23
8062	23
8063	23
8064	23
8065	23
8066	23
8067	23
8068	23
8069	23
8070	23
8071	23
8072	23
8073	23
8074	23
8075	23
8076	23
8077	23
8078	23
8079	23
8080	23
8081	23
8082	23
8083	23
8084	23
8085	23
8086	23
8087	23
8088	23
8089	23
8090	23
8091	23
8092	23
8093	23
8094	23
8095	23
8096	23
8097	23
8098	23
8099	23
8100	23
8101	23
8102	23
8103	23
8104	23
8105	23
8106	23
8107	23
8108	23
8109	23
8110	23
8111	23
8112	23
8113	23
8114	23
8115	23
8116	23
8117	23
8118	23
8119	23
8120	23
8121	23
8122	23
8123	23
8124	23
8125	23
8126	23
8127	23
8128	23
8129	23
8130	23
8131	23
8132	23
8133	23
8134	23
8135	23
8136	23
8137	23
8138	23
8139	23
8140	23
8141	23
8142	23
8143	23
8144	23
8145	23
8146	23
8147	23
8148	23
8149	23
8150	23
8151	23
8152	23
8153	23
8154	23
8155	23
8156	23
8157	23
8158	23
8159	23
8160	23
8161	23
8162	23
8163	23
8164	23
8165	23
8166	23
8167	23
8168	23
8169	23
8170	23
8171	23
8172	23
8173	23
8174	23
8175	23
8176	23
8177	23
8178	23
8179	23
8180	23
8181	23
8182	23
8183	23
8184	23
8185	23
8186	23
8187	23
8188	23
8189	23
8190	23
8191	23
8192	23
8193	23
8194	23
8195	23
8196	23
8197	23
8198	23
8199	23
8200	23
8201	23
8202	23
8203	23
8204	23
8205	23
8206	23
8207	23
8208	23
8209	23
8210	23
8211	23
8212	23
8213	23
8214	23
8215	23
8216	23
8217	23
8218	23
8219	23
8220	23
8221	23
8222	23
8223	23
8224	23
8225	23
8226	23
8227	23
8228	23
8229	23
8230	23
8231	23
8232	23
8233	23
8234	23
8235	23
8236	23
8237	23
8238	23
8239	23
8240	23
8241	23
8242	23
8243	23
8244	23
8245	23
8246	23
8247	23
8248	23
8249	23
8250	23
8251	23
8252	23
8253	23
8254	23
8255	23
8256	23
8257	23
8258	23
8259	23
8260	23
8261	23
8262	23
8263	23
8264	23
8265	23
8266	23
8267	23
8268	23
8269	23
8270	23
8271	23
8272	23
8273	23
8274	23
8275	23
8276	23
8277	23
8278	23
8279	23
8280	23
8281	23
8282	23
8283	23
8284	23
8285	23
8286	23
8287	23
8288	23
8289	23
8290	23
8291	23
8292	23
8293	23
8294	23
8295	23
8296	23
8297	23
8298	23
8299	23
8300	23
8301	23
8302	23
8303	23
8304	23
8305	23
8306	23
8307	23
8308	23
8309	23
8310	23
8311	23
8312	23
8313	23
8314	23
8315	23
8316	23
8317	23
8318	23
8319	23
8320	23
8321	23
8322	23
8323	23
8324	23
8325	23
8326	23
8327	23
8328	23
8329	23
8330	23
8331	23
8332	23
8333	23
8334	23
8335	23
8336	23
8337	23
8338	23
8339	23
8340	23
8341	23
8342	23
8343	23
8344	23
8345	23
8346	23
8347	23
8348	23
8349	23
8350	23
8351	23
8352	23
8353	23
8354	23
8355	23
8356	23
8357	23
8358	23
8359	23
8360	23
8361	23
8362	23
8363	23
8364	23
8365	23
8366	23
8367	23
8368	23
8369	23
8370	23
8371	23
8372	23
8373	23
8374	23
8375	23
8376	23
8377	23
8378	23
8379	23
8380	23
8381	23
8382	23
8383	23
8384	23
8385	23
8386	23
8387	23
8388	23
8389	23
8390	23
8391	23
8392	23
8393	23
8394	23
8395	23
8396	23
8397	23
8398	23
8399	23
8400	23
8401	23
8402	23
8403	23
8404	23
8405	23
8406	23
8407	23
8408	23
8409	23
8410	23
8411	23
8412	23
8413	23
8414	23
8415	23
8416	23
8417	23
8418	23
8419	23
8420	23
8421	23
8422	23
8423	23
8424	23
8425	23
8426	23
8427	23
8428	23
8429	23
8430	23
8431	23
8432	23
8433	23
8434	23
8435	23
8436	23
8437	23
8438	23
8439	23
8440	23
8441	23
8442	23
8443	23
8444	23
8445	23
8446	23
8447	23
8448	23
8449	23
8450	23
8451	23
8452	23
8453	23
8454	23
8455	23
8456	23
8457	23
8458	23
8459	23
8460	23
8461	23
8462	23
8463	23
8464	23
8465	23
8466	23
8467	23
8468	23
8469	23
8470	23
8471	23
8472	23
8473	23
8474	23
8475	24
8476	24
8477	24
8478	24
8479	24
8480	24
8481	24
8482	24
8483	24
8484	24
8485	24
8486	24
8487	24
8488	24
8489	24
8490	24
8491	24
8492	24
8493	24
8494	24
8495	24
8496	24
8497	24
8498	24
8499	24
8500	24
8501	24
8502	24
8503	24
8504	24
8505	24
8506	24
8507	24
8508	24
8509	24
8510	24
8511	24
8512	24
8513	24
8514	24
8515	24
8516	24
8517	24
8518	24
8519	24
8520	24
8521	24
8522	24
8523	24
8524	24
8525	24
8526	24
8527	24
8528	24
8529	24
8530	24
8531	24
8532	24
8533	24
8534	24
8535	24
8536	24
8537	24
8538	24
8539	24
8540	24
8541	24
8542	24
8543	24
8544	24
8545	24
8546	24
8547	24
8548	24
8549	24
8550	24
8551	24
8552	24
8553	24
8554	24
8555	24
8556	24
8557	24
8558	24
8559	24
8560	24
8561	24
8562	24
8563	24
8564	24
8565	24
8566	24
8567	24
8568	24
8569	24
8570	24
8571	24
8572	24
8573	24
8574	24
8575	24
8576	24
8577	24
8578	24
8579	24
8580	24
8581	24
8582	24
8583	24
8584	24
8585	24
8586	24
8587	24
8588	24
8589	24
8590	24
8591	24
8592	24
8593	24
8594	24
8595	24
8596	24
8597	24
8598	24
8599	24
8600	24
8601	24
8602	24
8603	24
8604	24
8605	24
8606	24
8607	24
8608	24
8609	24
8610	24
8611	24
8612	24
8613	24
8614	24
8615	24
8616	24
8617	24
8618	24
8619	24
8620	24
8621	24
8622	24
8623	24
8624	24
8625	24
8626	24
8627	24
8628	24
8629	24
8630	24
8631	24
8632	24
8633	24
8634	24
8635	24
8636	24
8637	24
8638	24
8639	24
8640	24
8641	24
8642	24
8643	24
8644	24
8645	24
8646	24
8647	24
8648	25
8649	25
8650	25
8651	25
8652	25
8653	25
8654	25
8655	25
8656	25
8657	25
8658	25
8659	25
8660	25
8661	25
8662	25
8663	25
8664	25
8665	25
8666	25
8667	25
8668	25
8669	25
8670	25
8671	25
8672	25
8673	25
8674	25
8675	25
8676	25
8677	25
8678	25
8679	25
8680	25
8681	27
8682	27
8683	27
8684	27
8685	27
8686	27
8687	27
8688	27
8689	27
8690	27
8691	27
8692	27
8693	27
8694	27
8695	27
8696	27
8697	27
8698	27
8699	27
8700	27
8701	27
8702	27
8703	27
8704	27
8705	27
8706	27
8707	27
8708	27
8709	27
8710	27
8711	27
8712	27
8713	27
8714	27
8715	27
8716	27
8717	27
8718	27
8719	27
8720	27
8721	27
8722	27
8723	27
8724	27
8725	27
8726	27
8727	27
8728	27
8729	27
8730	27
8731	27
8732	27
8733	27
8734	27
8735	27
8736	27
8737	27
8738	27
8739	27
8740	27
8741	27
8742	27
8743	27
8744	27
8745	27
8746	27
8747	27
8748	27
8749	27
8750	27
8751	27
8752	27
8753	27
8754	27
8755	27
8756	27
8757	27
8758	27
8759	27
8760	27
8761	27
8762	27
8763	27
8764	27
8765	27
8766	27
8767	27
8768	27
8769	27
8770	27
8771	27
8772	27
8773	27
8774	27
8775	27
8776	27
8777	27
8778	27
8779	27
8780	27
8781	27
8782	27
8783	27
8784	27
8785	27
8786	27
8787	27
8788	27
8789	27
8790	27
8791	27
8792	27
8793	27
8794	27
8795	27
8796	27
8797	27
8798	27
8799	27
8800	27
8801	27
8802	27
8803	27
8804	27
8805	27
8806	27
8807	27
8808	27
8809	27
8810	27
8811	27
8812	27
8813	27
8814	27
8815	27
8816	27
8817	27
8818	27
8819	27
8820	27
8821	27
8822	27
8823	27
8824	27
8825	27
8826	27
8827	27
8828	27
8829	27
8830	27
8831	27
8832	27
8833	27
8834	27
8835	27
8836	27
8837	27
8838	27
8839	27
8840	27
8841	27
8842	27
8843	27
8844	27
8845	27
8846	27
8847	27
8848	27
8849	27
8850	27
8851	27
8852	27
8853	27
8854	27
8855	27
8856	27
8857	27
8858	27
8859	27
8860	28
8861	28
8862	28
8863	28
8864	28
8865	28
8866	28
8867	28
8868	28
8869	28
8870	28
8871	28
8872	28
8873	28
8874	28
8875	28
8876	28
8877	28
8878	28
8879	28
8880	28
8881	28
8882	28
8883	28
8884	28
8885	28
8886	28
8887	28
8888	28
8889	28
8890	28
8891	28
8892	28
8893	28
8894	28
8895	28
8896	28
8897	28
8898	28
8899	28
8900	28
8901	28
8902	28
8903	28
8904	28
8905	28
8906	28
8907	28
8908	28
8909	28
8910	28
8911	28
8912	28
8913	28
8914	28
8915	28
8916	28
8917	28
8918	28
8919	28
8920	28
8921	28
8922	28
8923	28
8924	28
8925	28
8926	28
8927	28
8928	28
8929	28
8930	28
8931	28
8932	28
8933	28
8934	28
8935	28
8936	28
8937	28
8938	28
8939	28
8940	28
8941	28
8942	28
8943	28
8944	28
8945	28
8946	28
8947	28
8948	28
8949	28
8950	28
8951	28
8952	28
8953	28
8954	28
8955	28
8956	28
8957	28
8958	28
8959	28
8960	28
8961	28
8962	28
8963	28
8964	28
8965	28
8966	28
8967	28
8968	28
8969	28
8970	28
8971	28
8972	28
8973	28
8974	28
8975	28
8976	28
8977	28
8978	28
8979	28
8980	28
8981	28
8982	28
8983	28
8984	28
8985	28
8986	28
8987	28
8988	28
8989	28
8990	28
8991	28
8992	28
8993	28
8994	28
8995	28
8996	28
8997	28
8998	28
8999	28
9000	28
9001	28
9002	28
9003	28
9004	28
9005	28
9006	28
9007	28
9008	28
9009	28
9010	28
9011	28
9012	28
9013	28
9014	28
9015	28
9016	28
9017	28
9018	28
9019	28
9020	28
9021	28
9022	28
9023	28
9024	28
9025	28
9026	28
9027	28
9028	28
9029	28
9030	28
9031	28
9032	28
9033	28
9034	28
9035	28
9036	28
9037	28
9038	28
9039	28
9040	28
9041	28
9042	28
9043	28
9044	28
9045	28
9046	28
9047	28
9048	28
9049	28
9050	28
9051	28
9052	28
9053	28
9054	28
9055	28
9056	28
9057	28
9058	28
9059	28
9060	28
9061	28
9062	28
9063	28
9064	28
9065	28
9066	28
9067	28
9068	28
9069	28
9070	28
9071	28
9072	28
9073	28
9074	28
9075	28
9076	28
9077	28
9078	28
9079	28
9080	28
9081	28
9082	28
9083	28
9084	28
9085	28
9086	28
9087	28
9088	28
9089	28
9090	28
9091	28
9092	28
9093	28
9094	28
9095	28
9096	28
9097	28
9098	28
9099	28
9100	28
9101	28
9102	28
9103	28
9104	28
9105	28
9106	28
9107	28
9108	28
9109	28
9110	28
9111	28
9112	28
9113	28
9114	28
9115	28
9116	28
9117	28
9118	28
9119	28
9120	28
9121	28
9122	28
9123	28
9124	28
9125	28
9126	28
9127	28
9128	28
9129	28
9130	28
9131	28
9132	28
9133	28
9134	28
9135	28
9136	28
9137	28
9138	28
9139	28
9140	28
9141	28
9142	28
9143	28
9144	28
9145	28
9146	28
9147	28
9148	28
9149	28
9150	28
9151	28
9152	28
9153	28
9154	28
9155	28
9156	28
9157	28
9158	28
9159	28
9160	28
9161	28
9162	28
9163	28
9164	28
9165	28
9166	28
9167	28
9168	28
9169	28
9170	28
9171	28
9172	28
9173	28
9174	28
9175	28
9176	28
9177	28
9178	28
9179	28
9180	28
9181	28
9182	28
9183	28
9184	28
9185	28
9186	28
9187	28
9188	28
9189	28
9190	28
9191	28
9192	28
9193	28
9194	28
9195	28
9196	28
9197	28
9198	28
9199	28
9200	28
9201	28
9202	28
9203	28
9204	28
9205	28
9206	28
9207	28
9208	28
9209	28
9210	28
9211	28
9212	28
9213	28
9214	28
9215	28
9216	28
9217	28
9218	28
9219	28
9220	28
9221	28
9222	28
9223	28
9224	28
9225	28
9226	28
9227	28
9228	28
9229	28
9230	28
9231	28
9232	28
9233	28
9234	28
9235	28
9236	28
9237	28
9238	28
9239	28
9240	28
9241	28
9242	28
9243	28
9244	28
9245	28
9246	28
9247	28
9248	28
9249	28
9250	28
9251	28
9252	28
9253	28
9254	28
9255	28
9256	28
9257	28
9258	28
9259	28
9260	28
9261	28
9262	28
9263	28
9264	28
9265	28
9266	28
9267	28
9268	28
9269	28
9270	28
9271	28
9272	28
9273	28
9274	28
9275	28
9276	28
9277	28
9278	28
9279	28
9280	28
9281	28
9282	28
9283	28
9284	28
9285	28
9286	28
9287	28
9288	28
9289	28
9290	28
9291	28
9292	28
9293	28
9294	28
9295	28
9296	28
9297	28
9298	28
9299	28
9300	28
9301	28
9302	28
9303	28
9304	28
9305	28
9306	28
9307	28
9308	28
9309	28
9310	28
9311	28
9312	28
9313	28
9314	28
9315	28
9316	28
9317	28
9318	28
9319	28
9320	28
9321	28
9322	28
9323	28
9324	28
9325	28
9326	28
9327	28
9328	28
9329	28
9330	28
9331	28
9332	28
9333	28
9334	28
9335	28
9336	28
9337	28
9338	28
9339	28
9340	28
9341	28
9342	28
9343	28
9344	28
9345	28
9346	28
9347	28
9348	28
9349	28
9350	28
9351	28
9352	28
9353	28
9354	28
9355	28
9356	28
9357	28
9358	28
9359	28
9360	28
9361	28
9362	28
9363	28
9364	28
9365	28
9366	28
9367	28
9368	28
9369	28
9370	28
9371	28
9372	28
9373	28
9374	28
9375	28
9376	28
9377	28
9378	28
9379	28
9380	28
9381	28
9382	28
9383	28
9384	28
9385	28
9386	28
9387	28
9388	28
9389	28
9390	28
9391	28
9392	28
9393	28
9394	28
9395	28
9396	28
9397	28
9398	28
9399	28
9400	28
9401	28
9402	28
9403	28
9404	28
9405	28
9406	28
9407	28
9408	28
9409	28
9410	28
9411	28
9412	28
9413	28
9414	28
9415	28
9416	28
9417	28
9418	28
9419	28
9420	28
9421	28
9422	28
9423	28
9424	28
9425	28
9426	28
9427	28
9428	28
9429	28
9430	28
9431	28
9432	28
9433	28
9434	28
9435	28
9436	28
9437	28
9438	28
9439	28
9440	28
9441	28
9442	28
9443	28
9444	28
9445	28
9446	28
9447	28
9448	28
9449	28
9450	28
9451	28
9452	28
9453	28
9454	28
9455	28
9456	28
9457	28
9458	28
9459	28
9460	28
9461	28
9462	28
9463	28
9464	28
9465	28
9466	28
9467	28
9468	28
9469	28
9470	28
9471	28
9472	28
9473	28
9474	28
9475	28
9476	28
9477	28
9478	28
9479	28
9480	28
9481	28
9482	28
9483	28
9484	28
9485	28
9486	28
9487	28
9488	28
9489	28
9490	28
9491	28
9492	28
9493	28
9494	28
9495	28
9496	28
9497	28
9498	28
9499	28
9500	28
9501	28
9502	28
9503	28
9504	28
9505	28
9506	28
9507	28
9508	28
9509	28
9510	28
9511	28
9512	28
9513	28
9514	28
9515	28
9516	28
9517	28
9518	28
9519	28
9520	28
9521	28
9522	28
9523	28
9524	28
9525	28
9526	28
9527	28
9528	28
9529	28
9530	28
9531	28
9532	28
9533	28
9534	28
9535	28
9536	28
9537	28
9538	28
9539	28
9540	28
9541	28
9542	28
9543	28
9544	28
9545	28
9546	29
9547	29
9548	29
9549	29
9550	29
9551	29
9552	29
9553	29
9554	29
9555	30
9556	30
9557	30
9558	30
9559	30
9560	30
9561	30
9562	30
9563	30
9564	30
9565	30
9566	30
9567	30
9568	30
9569	30
9570	30
9571	30
9572	30
9573	30
9574	30
9575	30
9576	30
9577	30
9578	30
9579	30
9580	30
9581	30
9582	30
9583	30
9584	30
9585	30
9586	30
9587	30
9588	30
9589	30
9590	30
9591	30
9592	30
9593	30
9594	30
9595	30
9596	30
9597	30
9598	30
9599	30
9600	30
9601	30
9602	30
9603	30
9604	30
9605	30
9606	30
9607	30
9608	30
9609	30
9610	30
9611	30
9612	30
9613	30
9614	30
9615	30
9616	30
9617	30
9618	31
9619	31
9620	31
9621	31
9622	31
9623	31
9624	31
9625	31
9626	31
9627	31
9628	31
9629	31
9630	31
9631	31
9632	31
9633	31
9634	31
9635	31
9636	31
9637	31
9638	31
9639	31
9640	31
9641	31
9642	31
9643	31
9644	31
9645	31
9646	31
9647	31
9648	31
9649	31
9650	31
9651	31
9652	31
9653	31
9654	31
9655	32
9656	32
9657	32
9658	32
9659	32
9660	32
9661	32
9662	32
9663	32
9664	32
9665	32
9666	32
9667	32
9668	32
9669	32
9670	32
9671	32
9672	32
9673	32
9674	32
9675	32
9676	32
9677	32
9678	32
9679	32
9680	32
9681	32
9682	32
9683	32
9684	32
9685	32
9686	32
9687	32
9688	32
9689	32
9690	32
9691	32
9692	32
9693	32
9694	32
9695	32
9696	32
9697	32
9698	32
9699	32
9700	32
9701	32
9702	32
9703	32
9704	32
9705	32
9706	32
9707	32
9708	32
9709	32
9710	32
9711	32
9712	32
9713	32
9714	32
9715	32
9716	32
9717	32
9718	32
9719	32
9720	32
9721	32
9722	32
9723	32
9724	32
9725	32
9726	32
9727	32
9728	32
9729	32
9730	32
9731	32
9732	32
9733	32
9734	32
9735	32
9736	32
9737	32
9738	32
9739	32
9740	32
9741	32
9742	32
9743	32
9744	32
9745	32
9746	32
9747	32
9748	32
9749	32
9750	32
9751	32
9752	32
9753	32
9754	32
9755	32
9756	32
9757	32
9758	32
9759	32
9760	32
9761	33
9762	33
9763	33
9764	33
9765	33
9766	33
9767	33
9768	33
9769	33
9770	33
9771	33
9772	33
9773	33
9774	33
9775	33
9776	33
9777	33
9778	33
9779	33
9780	33
9781	33
9782	33
9783	33
9784	33
9785	33
9786	33
9787	33
9788	33
9789	33
9790	33
9791	33
9792	33
9793	33
9794	33
9795	33
9796	33
9797	33
9798	33
9799	33
9800	33
9801	33
9802	33
9803	33
9804	33
9805	33
9806	33
9807	33
9808	33
9809	33
9810	33
9811	33
9812	33
9813	33
9814	33
9815	33
9816	33
9817	33
9818	33
9819	33
9820	33
9821	33
9822	33
9823	33
9824	33
9825	33
9826	33
9827	33
9828	33
9829	33
9830	33
9831	33
9832	33
9833	33
9834	33
9835	33
9836	34
9837	34
9838	34
9839	34
9840	34
9841	34
9842	34
9843	34
9844	34
9845	34
9846	34
9847	34
9848	34
9849	34
9850	34
9851	34
9852	34
9853	34
9854	34
9855	34
9856	34
9857	34
9858	34
9859	34
9860	34
9861	34
9862	34
9863	34
9864	34
9865	34
9866	34
9867	34
9868	34
9869	34
9870	34
9871	34
9872	34
9873	34
9874	34
9875	34
9876	34
9877	34
9878	34
9879	34
9880	34
9881	34
9882	34
9883	34
9884	34
9885	34
9886	34
9887	34
9888	34
9889	34
9890	34
9891	34
9892	34
9893	34
9894	34
9895	34
9896	34
9897	34
9898	34
9899	34
9900	34
9901	34
9902	34
9903	34
9904	34
9905	34
9906	34
9907	34
9908	34
9909	34
9910	34
9911	34
9912	34
9913	34
9914	34
9915	34
9916	34
9917	34
9918	34
9919	34
9920	34
9921	34
9922	34
9923	34
9924	34
9925	34
9926	34
9927	34
9928	34
9929	34
9930	34
9931	34
9932	34
9933	34
9934	34
9935	34
9936	34
9937	34
9938	34
9939	34
9940	34
9941	34
9942	34
9943	34
9944	34
9945	34
9946	34
9947	34
9948	34
9949	34
9950	34
9951	34
9952	34
9953	34
9954	34
9955	34
9956	34
9957	34
9958	34
9959	34
9960	34
9961	34
9962	34
9963	34
9964	34
9965	34
9966	34
9967	34
9968	34
9969	34
9970	34
9971	34
9972	34
9973	34
9974	34
9975	34
9976	34
9977	34
9978	34
9979	34
9980	34
9981	34
9982	34
9983	34
9984	34
9985	34
9986	34
9987	34
9988	34
9989	34
9990	34
9991	34
9992	34
9993	34
9994	34
9995	34
9996	34
9997	34
9998	34
9999	34
10000	34
