#Clock	ItemsCollected
1	0
2	0
3	0
4	0
5	0
6	0
7	0
8	0
9	0
10	0
11	0
12	0
13	0
14	0
15	0
16	0
17	0
18	0
19	0
20	0
21	0
22	0
23	0
24	0
25	0
26	0
27	0
28	0
29	0
30	0
31	0
32	0
33	0
34	0
35	0
36	0
37	0
38	0
39	0
40	0
41	0
42	0
43	0
44	0
45	0
46	0
47	0
48	0
49	0
50	0
51	0
52	0
53	0
54	0
55	0
56	0
57	0
58	0
59	0
60	0
61	0
62	0
63	0
64	0
65	0
66	0
67	0
68	0
69	0
70	0
71	0
72	0
73	0
74	0
75	0
76	0
77	0
78	0
79	0
80	0
81	0
82	0
83	0
84	0
85	0
86	0
87	0
88	0
89	0
90	0
91	0
92	0
93	0
94	0
95	0
96	0
97	0
98	0
99	0
100	0
101	0
102	0
103	0
104	0
105	0
106	0
107	0
108	0
109	0
110	0
111	0
112	0
113	0
114	0
115	0
116	0
117	0
118	0
119	0
120	0
121	0
122	0
123	0
124	0
125	0
126	0
127	0
128	0
129	0
130	0
131	0
132	0
133	0
134	0
135	0
136	0
137	0
138	0
139	0
140	0
141	0
142	0
143	0
144	0
145	0
146	0
147	0
148	0
149	0
150	0
151	0
152	0
153	0
154	0
155	0
156	0
157	0
158	0
159	0
160	0
161	0
162	0
163	0
164	0
165	0
166	0
167	0
168	0
169	0
170	0
171	0
172	0
173	0
174	0
175	0
176	0
177	0
178	0
179	0
180	0
181	0
182	0
183	0
184	0
185	0
186	0
187	0
188	0
189	0
190	0
191	0
192	0
193	0
194	0
195	0
196	0
197	0
198	0
199	0
200	0
201	0
202	0
203	0
204	0
205	0
206	0
207	0
208	0
209	0
210	0
211	0
212	0
213	0
214	0
215	0
216	0
217	0
218	0
219	0
220	0
221	0
222	0
223	0
224	0
225	0
226	0
227	0
228	0
229	0
230	0
231	0
232	0
233	0
234	0
235	0
236	0
237	0
238	0
239	0
240	0
241	0
242	0
243	0
244	0
245	0
246	0
247	0
248	0
249	0
250	0
251	0
252	0
253	0
254	0
255	0
256	0
257	0
258	0
259	0
260	0
261	0
262	0
263	0
264	0
265	0
266	0
267	0
268	0
269	0
270	0
271	0
272	0
273	0
274	0
275	0
276	0
277	0
278	0
279	0
280	0
281	0
282	0
283	0
284	0
285	0
286	0
287	0
288	0
289	0
290	0
291	0
292	0
293	0
294	0
295	0
296	0
297	0
298	0
299	0
300	0
301	0
302	0
303	0
304	0
305	0
306	0
307	0
308	0
309	0
310	0
311	0
312	0
313	0
314	0
315	0
316	0
317	0
318	0
319	0
320	0
321	0
322	0
323	0
324	0
325	0
326	0
327	0
328	0
329	0
330	0
331	0
332	0
333	0
334	0
335	0
336	0
337	0
338	0
339	0
340	0
341	0
342	0
343	0
344	0
345	0
346	0
347	0
348	0
349	0
350	0
351	0
352	0
353	0
354	0
355	0
356	0
357	0
358	0
359	0
360	0
361	0
362	0
363	0
364	0
365	0
366	0
367	0
368	0
369	0
370	0
371	0
372	0
373	0
374	0
375	0
376	0
377	0
378	0
379	0
380	0
381	0
382	0
383	0
384	0
385	0
386	0
387	0
388	0
389	0
390	0
391	0
392	0
393	0
394	0
395	0
396	0
397	0
398	0
399	0
400	0
401	0
402	0
403	0
404	0
405	0
406	0
407	0
408	0
409	0
410	0
411	0
412	0
413	0
414	0
415	0
416	0
417	0
418	0
419	0
420	0
421	0
422	0
423	0
424	0
425	0
426	0
427	0
428	0
429	0
430	0
431	0
432	0
433	0
434	0
435	0
436	0
437	0
438	0
439	0
440	0
441	0
442	0
443	0
444	0
445	0
446	0
447	0
448	0
449	0
450	0
451	0
452	0
453	0
454	0
455	0
456	0
457	0
458	0
459	0
460	0
461	0
462	0
463	0
464	0
465	0
466	0
467	0
468	0
469	0
470	0
471	0
472	0
473	0
474	0
475	0
476	0
477	0
478	0
479	0
480	0
481	0
482	0
483	0
484	0
485	0
486	0
487	0
488	0
489	0
490	0
491	0
492	0
493	0
494	0
495	0
496	0
497	0
498	0
499	0
500	0
501	0
502	0
503	0
504	0
505	0
506	0
507	0
508	0
509	0
510	0
511	0
512	0
513	0
514	0
515	0
516	0
517	0
518	0
519	0
520	0
521	0
522	0
523	0
524	0
525	0
526	0
527	0
528	0
529	0
530	0
531	0
532	0
533	0
534	0
535	0
536	0
537	0
538	0
539	0
540	0
541	0
542	0
543	0
544	0
545	0
546	0
547	0
548	0
549	0
550	0
551	0
552	0
553	0
554	0
555	0
556	0
557	0
558	0
559	0
560	0
561	0
562	0
563	0
564	0
565	0
566	0
567	0
568	0
569	0
570	0
571	0
572	0
573	0
574	0
575	0
576	0
577	0
578	0
579	0
580	0
581	0
582	0
583	0
584	0
585	0
586	0
587	0
588	0
589	0
590	0
591	0
592	0
593	0
594	0
595	0
596	0
597	0
598	0
599	0
600	0
601	0
602	0
603	0
604	0
605	0
606	0
607	0
608	0
609	0
610	0
611	0
612	0
613	0
614	0
615	0
616	0
617	0
618	0
619	0
620	0
621	0
622	0
623	0
624	0
625	0
626	0
627	0
628	0
629	0
630	0
631	0
632	0
633	0
634	0
635	0
636	0
637	0
638	0
639	0
640	0
641	0
642	0
643	0
644	0
645	0
646	0
647	0
648	0
649	0
650	0
651	0
652	0
653	0
654	0
655	0
656	0
657	0
658	0
659	0
660	0
661	0
662	0
663	0
664	0
665	0
666	0
667	0
668	0
669	0
670	0
671	0
672	0
673	0
674	0
675	0
676	0
677	0
678	0
679	0
680	0
681	0
682	0
683	0
684	0
685	0
686	0
687	0
688	0
689	0
690	0
691	0
692	0
693	0
694	0
695	0
696	0
697	0
698	0
699	0
700	0
701	0
702	0
703	0
704	0
705	0
706	0
707	0
708	0
709	0
710	0
711	0
712	0
713	0
714	0
715	0
716	0
717	0
718	0
719	0
720	0
721	0
722	0
723	0
724	0
725	0
726	0
727	0
728	0
729	0
730	0
731	0
732	0
733	0
734	0
735	0
736	0
737	0
738	0
739	0
740	0
741	0
742	0
743	0
744	0
745	0
746	0
747	0
748	0
749	0
750	0
751	0
752	0
753	0
754	0
755	0
756	0
757	0
758	0
759	0
760	0
761	0
762	0
763	0
764	0
765	0
766	0
767	0
768	0
769	0
770	0
771	0
772	0
773	0
774	0
775	0
776	0
777	0
778	0
779	0
780	0
781	0
782	0
783	0
784	0
785	0
786	0
787	0
788	0
789	0
790	0
791	0
792	0
793	0
794	0
795	0
796	0
797	0
798	0
799	0
800	0
801	0
802	0
803	0
804	0
805	0
806	0
807	0
808	0
809	0
810	0
811	0
812	0
813	0
814	0
815	0
816	0
817	0
818	0
819	0
820	0
821	0
822	0
823	0
824	0
825	0
826	0
827	0
828	0
829	0
830	0
831	0
832	0
833	0
834	0
835	0
836	0
837	0
838	0
839	0
840	0
841	0
842	0
843	0
844	0
845	0
846	0
847	0
848	0
849	0
850	0
851	0
852	0
853	0
854	0
855	0
856	0
857	0
858	0
859	0
860	0
861	0
862	0
863	0
864	0
865	0
866	0
867	0
868	0
869	0
870	0
871	0
872	0
873	0
874	0
875	0
876	0
877	0
878	0
879	0
880	0
881	0
882	0
883	0
884	0
885	0
886	0
887	0
888	0
889	0
890	0
891	0
892	0
893	0
894	0
895	0
896	0
897	0
898	0
899	0
900	0
901	0
902	0
903	0
904	0
905	0
906	0
907	0
908	0
909	0
910	0
911	0
912	0
913	0
914	0
915	0
916	0
917	0
918	0
919	0
920	0
921	0
922	0
923	0
924	0
925	0
926	0
927	0
928	0
929	0
930	0
931	0
932	0
933	0
934	0
935	0
936	0
937	0
938	0
939	0
940	0
941	0
942	0
943	0
944	0
945	0
946	0
947	0
948	0
949	0
950	0
951	0
952	0
953	0
954	0
955	0
956	0
957	0
958	0
959	0
960	0
961	0
962	0
963	0
964	0
965	0
966	0
967	0
968	0
969	0
970	0
971	0
972	0
973	0
974	0
975	0
976	0
977	0
978	0
979	0
980	0
981	0
982	0
983	0
984	0
985	0
986	0
987	0
988	0
989	0
990	0
991	0
992	0
993	0
994	0
995	0
996	0
997	0
998	0
999	0
1000	0
1001	0
1002	0
1003	0
1004	0
1005	0
1006	0
1007	0
1008	0
1009	0
1010	0
1011	0
1012	0
1013	0
1014	0
1015	0
1016	0
1017	0
1018	0
1019	0
1020	0
1021	0
1022	0
1023	0
1024	0
1025	0
1026	0
1027	0
1028	0
1029	0
1030	0
1031	0
1032	0
1033	0
1034	0
1035	0
1036	0
1037	0
1038	0
1039	0
1040	0
1041	0
1042	0
1043	0
1044	0
1045	0
1046	0
1047	0
1048	0
1049	0
1050	0
1051	0
1052	0
1053	0
1054	0
1055	0
1056	0
1057	0
1058	0
1059	0
1060	0
1061	0
1062	0
1063	0
1064	0
1065	0
1066	0
1067	0
1068	0
1069	0
1070	0
1071	0
1072	0
1073	0
1074	0
1075	0
1076	0
1077	0
1078	0
1079	0
1080	0
1081	0
1082	0
1083	0
1084	0
1085	0
1086	0
1087	0
1088	0
1089	0
1090	0
1091	0
1092	0
1093	0
1094	0
1095	0
1096	0
1097	0
1098	0
1099	0
1100	0
1101	0
1102	0
1103	0
1104	0
1105	0
1106	0
1107	0
1108	0
1109	0
1110	0
1111	0
1112	0
1113	0
1114	0
1115	0
1116	0
1117	0
1118	0
1119	0
1120	0
1121	0
1122	0
1123	0
1124	0
1125	0
1126	0
1127	0
1128	0
1129	0
1130	0
1131	0
1132	0
1133	0
1134	0
1135	0
1136	0
1137	0
1138	0
1139	0
1140	0
1141	0
1142	0
1143	0
1144	0
1145	0
1146	0
1147	0
1148	0
1149	0
1150	0
1151	0
1152	0
1153	0
1154	0
1155	0
1156	0
1157	0
1158	0
1159	0
1160	0
1161	0
1162	0
1163	0
1164	0
1165	0
1166	0
1167	0
1168	0
1169	0
1170	0
1171	0
1172	0
1173	0
1174	0
1175	0
1176	0
1177	0
1178	0
1179	0
1180	0
1181	0
1182	0
1183	0
1184	0
1185	0
1186	0
1187	0
1188	0
1189	0
1190	0
1191	0
1192	0
1193	0
1194	0
1195	0
1196	0
1197	0
1198	0
1199	0
1200	0
1201	0
1202	0
1203	0
1204	0
1205	0
1206	0
1207	0
1208	0
1209	0
1210	0
1211	0
1212	0
1213	0
1214	0
1215	0
1216	0
1217	0
1218	0
1219	0
1220	0
1221	0
1222	0
1223	0
1224	0
1225	0
1226	0
1227	0
1228	0
1229	0
1230	0
1231	0
1232	0
1233	0
1234	0
1235	0
1236	0
1237	0
1238	0
1239	0
1240	0
1241	0
1242	0
1243	0
1244	0
1245	0
1246	0
1247	0
1248	0
1249	0
1250	0
1251	0
1252	0
1253	0
1254	0
1255	0
1256	0
1257	0
1258	0
1259	0
1260	0
1261	0
1262	0
1263	0
1264	0
1265	0
1266	0
1267	0
1268	0
1269	0
1270	0
1271	0
1272	0
1273	0
1274	0
1275	0
1276	0
1277	0
1278	0
1279	0
1280	0
1281	0
1282	0
1283	0
1284	0
1285	0
1286	0
1287	0
1288	0
1289	0
1290	0
1291	0
1292	0
1293	0
1294	0
1295	0
1296	0
1297	0
1298	0
1299	0
1300	0
1301	0
1302	0
1303	0
1304	0
1305	0
1306	0
1307	0
1308	0
1309	0
1310	0
1311	0
1312	0
1313	0
1314	0
1315	0
1316	0
1317	0
1318	0
1319	0
1320	0
1321	0
1322	0
1323	0
1324	0
1325	0
1326	0
1327	0
1328	0
1329	0
1330	0
1331	0
1332	0
1333	0
1334	0
1335	0
1336	0
1337	0
1338	0
1339	0
1340	0
1341	0
1342	0
1343	0
1344	0
1345	0
1346	0
1347	0
1348	0
1349	0
1350	0
1351	0
1352	0
1353	0
1354	0
1355	0
1356	0
1357	0
1358	0
1359	0
1360	0
1361	0
1362	0
1363	0
1364	0
1365	0
1366	0
1367	0
1368	0
1369	0
1370	0
1371	0
1372	0
1373	0
1374	0
1375	0
1376	0
1377	0
1378	0
1379	0
1380	0
1381	0
1382	0
1383	0
1384	0
1385	0
1386	0
1387	0
1388	0
1389	0
1390	0
1391	0
1392	0
1393	0
1394	0
1395	0
1396	0
1397	0
1398	0
1399	0
1400	0
1401	0
1402	0
1403	0
1404	0
1405	0
1406	0
1407	0
1408	0
1409	0
1410	0
1411	0
1412	0
1413	0
1414	0
1415	0
1416	0
1417	0
1418	0
1419	0
1420	0
1421	0
1422	0
1423	0
1424	0
1425	0
1426	0
1427	0
1428	0
1429	0
1430	0
1431	0
1432	0
1433	0
1434	0
1435	0
1436	0
1437	0
1438	0
1439	0
1440	0
1441	0
1442	0
1443	0
1444	0
1445	0
1446	0
1447	0
1448	0
1449	0
1450	0
1451	0
1452	0
1453	0
1454	0
1455	0
1456	0
1457	0
1458	0
1459	0
1460	0
1461	0
1462	0
1463	0
1464	0
1465	0
1466	0
1467	0
1468	0
1469	0
1470	0
1471	0
1472	0
1473	0
1474	0
1475	0
1476	0
1477	0
1478	0
1479	0
1480	0
1481	0
1482	0
1483	0
1484	0
1485	0
1486	0
1487	0
1488	0
1489	0
1490	0
1491	0
1492	0
1493	0
1494	0
1495	0
1496	0
1497	0
1498	0
1499	0
1500	0
1501	0
1502	0
1503	0
1504	0
1505	0
1506	0
1507	0
1508	0
1509	0
1510	0
1511	0
1512	0
1513	0
1514	0
1515	0
1516	0
1517	0
1518	0
1519	0
1520	0
1521	0
1522	0
1523	0
1524	0
1525	0
1526	0
1527	0
1528	0
1529	0
1530	0
1531	0
1532	0
1533	0
1534	0
1535	0
1536	0
1537	0
1538	0
1539	0
1540	0
1541	0
1542	0
1543	0
1544	0
1545	0
1546	0
1547	0
1548	0
1549	0
1550	0
1551	0
1552	0
1553	0
1554	0
1555	0
1556	0
1557	0
1558	0
1559	0
1560	0
1561	0
1562	0
1563	0
1564	0
1565	0
1566	0
1567	0
1568	0
1569	0
1570	0
1571	0
1572	0
1573	0
1574	0
1575	0
1576	0
1577	0
1578	0
1579	0
1580	0
1581	0
1582	0
1583	0
1584	0
1585	0
1586	0
1587	0
1588	0
1589	0
1590	0
1591	0
1592	0
1593	0
1594	0
1595	0
1596	0
1597	0
1598	0
1599	0
1600	0
1601	0
1602	0
1603	0
1604	0
1605	0
1606	0
1607	0
1608	0
1609	0
1610	0
1611	0
1612	0
1613	0
1614	0
1615	0
1616	0
1617	0
1618	0
1619	0
1620	0
1621	0
1622	0
1623	0
1624	0
1625	0
1626	0
1627	0
1628	0
1629	0
1630	0
1631	0
1632	0
1633	0
1634	0
1635	0
1636	0
1637	0
1638	0
1639	0
1640	0
1641	0
1642	0
1643	0
1644	0
1645	0
1646	0
1647	0
1648	0
1649	0
1650	0
1651	0
1652	0
1653	0
1654	0
1655	0
1656	0
1657	0
1658	0
1659	0
1660	0
1661	0
1662	0
1663	0
1664	0
1665	0
1666	0
1667	0
1668	0
1669	0
1670	0
1671	0
1672	0
1673	0
1674	0
1675	0
1676	0
1677	0
1678	0
1679	0
1680	0
1681	0
1682	0
1683	0
1684	0
1685	0
1686	0
1687	0
1688	0
1689	0
1690	0
1691	0
1692	0
1693	0
1694	0
1695	0
1696	0
1697	0
1698	0
1699	0
1700	0
1701	0
1702	0
1703	0
1704	0
1705	0
1706	0
1707	0
1708	0
1709	0
1710	0
1711	0
1712	0
1713	0
1714	0
1715	0
1716	0
1717	0
1718	0
1719	0
1720	0
1721	0
1722	0
1723	0
1724	0
1725	0
1726	0
1727	0
1728	0
1729	0
1730	0
1731	0
1732	0
1733	0
1734	0
1735	0
1736	0
1737	0
1738	0
1739	0
1740	0
1741	0
1742	0
1743	0
1744	0
1745	0
1746	0
1747	0
1748	0
1749	0
1750	0
1751	0
1752	0
1753	0
1754	0
1755	0
1756	0
1757	0
1758	0
1759	0
1760	0
1761	0
1762	0
1763	0
1764	0
1765	0
1766	0
1767	0
1768	0
1769	0
1770	0
1771	0
1772	0
1773	0
1774	0
1775	0
1776	0
1777	0
1778	0
1779	0
1780	0
1781	0
1782	0
1783	0
1784	0
1785	0
1786	0
1787	0
1788	0
1789	0
1790	0
1791	0
1792	0
1793	0
1794	0
1795	0
1796	0
1797	0
1798	0
1799	0
1800	0
1801	0
1802	0
1803	0
1804	0
1805	0
1806	0
1807	0
1808	0
1809	0
1810	0
1811	0
1812	0
1813	0
1814	0
1815	0
1816	0
1817	0
1818	0
1819	0
1820	0
1821	0
1822	0
1823	0
1824	0
1825	0
1826	0
1827	0
1828	0
1829	0
1830	0
1831	0
1832	0
1833	0
1834	0
1835	0
1836	0
1837	0
1838	0
1839	0
1840	0
1841	0
1842	0
1843	0
1844	0
1845	0
1846	0
1847	0
1848	0
1849	0
1850	0
1851	0
1852	0
1853	0
1854	0
1855	0
1856	0
1857	0
1858	0
1859	0
1860	0
1861	0
1862	0
1863	0
1864	0
1865	0
1866	0
1867	0
1868	0
1869	0
1870	0
1871	0
1872	0
1873	0
1874	0
1875	0
1876	0
1877	0
1878	0
1879	0
1880	0
1881	0
1882	0
1883	0
1884	0
1885	0
1886	0
1887	0
1888	0
1889	0
1890	0
1891	0
1892	0
1893	0
1894	0
1895	0
1896	0
1897	0
1898	0
1899	0
1900	0
1901	0
1902	0
1903	0
1904	0
1905	0
1906	0
1907	0
1908	0
1909	0
1910	0
1911	0
1912	0
1913	0
1914	0
1915	0
1916	0
1917	0
1918	0
1919	0
1920	0
1921	0
1922	0
1923	0
1924	0
1925	0
1926	0
1927	0
1928	0
1929	0
1930	0
1931	0
1932	0
1933	0
1934	0
1935	0
1936	0
1937	0
1938	0
1939	0
1940	0
1941	0
1942	0
1943	0
1944	0
1945	0
1946	0
1947	0
1948	0
1949	0
1950	0
1951	0
1952	0
1953	0
1954	0
1955	0
1956	0
1957	0
1958	0
1959	0
1960	0
1961	0
1962	0
1963	0
1964	0
1965	0
1966	0
1967	0
1968	0
1969	0
1970	0
1971	0
1972	0
1973	0
1974	0
1975	0
1976	0
1977	0
1978	0
1979	0
1980	0
1981	0
1982	0
1983	0
1984	0
1985	0
1986	0
1987	0
1988	0
1989	0
1990	0
1991	0
1992	0
1993	0
1994	0
1995	0
1996	0
1997	0
1998	0
1999	0
2000	0
2001	0
2002	0
2003	0
2004	0
2005	0
2006	0
2007	0
2008	0
2009	0
2010	0
2011	0
2012	0
2013	0
2014	0
2015	0
2016	0
2017	0
2018	0
2019	0
2020	0
2021	0
2022	0
2023	0
2024	0
2025	0
2026	0
2027	0
2028	0
2029	0
2030	0
2031	0
2032	0
2033	0
2034	0
2035	0
2036	0
2037	0
2038	0
2039	0
2040	0
2041	0
2042	0
2043	0
2044	0
2045	0
2046	0
2047	0
2048	0
2049	0
2050	0
2051	0
2052	0
2053	0
2054	0
2055	0
2056	0
2057	0
2058	0
2059	0
2060	0
2061	0
2062	0
2063	0
2064	0
2065	0
2066	0
2067	0
2068	0
2069	0
2070	0
2071	0
2072	0
2073	0
2074	0
2075	0
2076	0
2077	0
2078	0
2079	0
2080	0
2081	0
2082	0
2083	0
2084	0
2085	0
2086	0
2087	0
2088	0
2089	0
2090	0
2091	0
2092	0
2093	0
2094	0
2095	0
2096	0
2097	0
2098	0
2099	0
2100	0
2101	0
2102	0
2103	0
2104	0
2105	0
2106	0
2107	0
2108	0
2109	0
2110	0
2111	0
2112	0
2113	0
2114	0
2115	0
2116	0
2117	0
2118	0
2119	0
2120	0
2121	0
2122	0
2123	0
2124	0
2125	0
2126	0
2127	0
2128	0
2129	0
2130	0
2131	0
2132	0
2133	0
2134	0
2135	0
2136	0
2137	0
2138	0
2139	0
2140	0
2141	0
2142	0
2143	0
2144	0
2145	0
2146	0
2147	0
2148	0
2149	0
2150	0
2151	0
2152	0
2153	0
2154	0
2155	0
2156	0
2157	0
2158	0
2159	0
2160	0
2161	0
2162	0
2163	0
2164	0
2165	0
2166	0
2167	0
2168	0
2169	0
2170	0
2171	0
2172	0
2173	0
2174	0
2175	0
2176	0
2177	0
2178	0
2179	0
2180	0
2181	0
2182	0
2183	0
2184	0
2185	0
2186	0
2187	0
2188	0
2189	0
2190	0
2191	0
2192	0
2193	0
2194	0
2195	0
2196	0
2197	0
2198	0
2199	0
2200	0
2201	0
2202	0
2203	0
2204	0
2205	0
2206	0
2207	0
2208	0
2209	0
2210	0
2211	0
2212	0
2213	0
2214	0
2215	0
2216	0
2217	0
2218	0
2219	0
2220	0
2221	0
2222	0
2223	0
2224	0
2225	0
2226	0
2227	0
2228	0
2229	0
2230	0
2231	0
2232	0
2233	0
2234	0
2235	0
2236	0
2237	0
2238	0
2239	0
2240	0
2241	0
2242	0
2243	0
2244	0
2245	0
2246	0
2247	0
2248	0
2249	0
2250	0
2251	0
2252	0
2253	0
2254	0
2255	0
2256	0
2257	0
2258	0
2259	0
2260	0
2261	0
2262	0
2263	0
2264	0
2265	0
2266	0
2267	0
2268	0
2269	0
2270	0
2271	0
2272	0
2273	0
2274	0
2275	0
2276	0
2277	0
2278	0
2279	0
2280	0
2281	0
2282	0
2283	0
2284	0
2285	0
2286	0
2287	0
2288	0
2289	0
2290	0
2291	0
2292	0
2293	0
2294	0
2295	0
2296	0
2297	0
2298	0
2299	0
2300	0
2301	0
2302	0
2303	0
2304	0
2305	0
2306	0
2307	0
2308	0
2309	0
2310	0
2311	0
2312	0
2313	0
2314	0
2315	0
2316	0
2317	0
2318	0
2319	0
2320	0
2321	0
2322	0
2323	0
2324	0
2325	0
2326	0
2327	0
2328	0
2329	0
2330	0
2331	0
2332	0
2333	0
2334	0
2335	0
2336	0
2337	0
2338	0
2339	0
2340	0
2341	0
2342	0
2343	0
2344	0
2345	0
2346	0
2347	0
2348	0
2349	0
2350	0
2351	0
2352	0
2353	0
2354	0
2355	0
2356	0
2357	0
2358	0
2359	0
2360	0
2361	0
2362	0
2363	0
2364	0
2365	0
2366	0
2367	0
2368	0
2369	0
2370	0
2371	0
2372	0
2373	0
2374	0
2375	0
2376	0
2377	0
2378	0
2379	0
2380	0
2381	0
2382	0
2383	0
2384	0
2385	0
2386	0
2387	0
2388	0
2389	0
2390	0
2391	0
2392	0
2393	0
2394	0
2395	0
2396	0
2397	0
2398	0
2399	0
2400	0
2401	0
2402	0
2403	0
2404	0
2405	0
2406	0
2407	0
2408	0
2409	0
2410	0
2411	0
2412	0
2413	0
2414	0
2415	0
2416	0
2417	0
2418	0
2419	0
2420	0
2421	0
2422	0
2423	0
2424	0
2425	0
2426	0
2427	0
2428	0
2429	0
2430	0
2431	0
2432	0
2433	0
2434	0
2435	0
2436	0
2437	0
2438	0
2439	0
2440	0
2441	0
2442	0
2443	0
2444	0
2445	0
2446	0
2447	0
2448	0
2449	0
2450	0
2451	0
2452	0
2453	0
2454	0
2455	0
2456	0
2457	0
2458	0
2459	0
2460	0
2461	0
2462	0
2463	0
2464	0
2465	0
2466	0
2467	0
2468	0
2469	0
2470	0
2471	0
2472	0
2473	0
2474	0
2475	0
2476	0
2477	0
2478	0
2479	0
2480	0
2481	0
2482	0
2483	0
2484	0
2485	0
2486	0
2487	0
2488	0
2489	0
2490	0
2491	0
2492	0
2493	0
2494	0
2495	0
2496	0
2497	0
2498	0
2499	0
2500	0
2501	0
2502	0
2503	0
2504	0
2505	0
2506	0
2507	0
2508	0
2509	0
2510	0
2511	0
2512	0
2513	0
2514	0
2515	0
2516	0
2517	0
2518	0
2519	0
2520	0
2521	0
2522	0
2523	0
2524	0
2525	0
2526	0
2527	0
2528	0
2529	0
2530	0
2531	0
2532	0
2533	0
2534	0
2535	0
2536	0
2537	0
2538	0
2539	0
2540	0
2541	0
2542	0
2543	0
2544	0
2545	0
2546	0
2547	0
2548	0
2549	0
2550	0
2551	0
2552	0
2553	0
2554	0
2555	0
2556	0
2557	0
2558	0
2559	0
2560	0
2561	0
2562	0
2563	0
2564	0
2565	0
2566	0
2567	0
2568	0
2569	0
2570	0
2571	0
2572	0
2573	0
2574	0
2575	0
2576	0
2577	0
2578	0
2579	0
2580	0
2581	0
2582	0
2583	0
2584	0
2585	0
2586	0
2587	0
2588	0
2589	0
2590	0
2591	0
2592	0
2593	0
2594	0
2595	0
2596	0
2597	0
2598	0
2599	0
2600	0
2601	0
2602	0
2603	0
2604	0
2605	0
2606	0
2607	0
2608	0
2609	0
2610	0
2611	0
2612	0
2613	0
2614	0
2615	0
2616	0
2617	0
2618	0
2619	0
2620	0
2621	0
2622	0
2623	0
2624	0
2625	0
2626	0
2627	0
2628	0
2629	0
2630	0
2631	0
2632	0
2633	0
2634	0
2635	0
2636	0
2637	0
2638	0
2639	0
2640	0
2641	0
2642	0
2643	0
2644	0
2645	0
2646	0
2647	0
2648	0
2649	0
2650	0
2651	0
2652	0
2653	0
2654	0
2655	0
2656	0
2657	0
2658	0
2659	0
2660	0
2661	0
2662	0
2663	0
2664	0
2665	0
2666	0
2667	0
2668	0
2669	0
2670	0
2671	0
2672	0
2673	0
2674	0
2675	0
2676	0
2677	0
2678	0
2679	0
2680	0
2681	0
2682	0
2683	0
2684	0
2685	0
2686	0
2687	0
2688	0
2689	0
2690	0
2691	0
2692	0
2693	0
2694	0
2695	0
2696	0
2697	0
2698	0
2699	0
2700	0
2701	0
2702	0
2703	0
2704	0
2705	0
2706	0
2707	0
2708	0
2709	0
2710	0
2711	0
2712	0
2713	0
2714	0
2715	0
2716	0
2717	0
2718	0
2719	0
2720	0
2721	0
2722	0
2723	0
2724	0
2725	0
2726	0
2727	0
2728	0
2729	0
2730	0
2731	0
2732	0
2733	0
2734	0
2735	0
2736	0
2737	0
2738	0
2739	0
2740	0
2741	0
2742	0
2743	0
2744	0
2745	0
2746	0
2747	0
2748	0
2749	0
2750	0
2751	0
2752	0
2753	0
2754	0
2755	0
2756	0
2757	0
2758	0
2759	0
2760	0
2761	0
2762	0
2763	0
2764	0
2765	0
2766	0
2767	0
2768	0
2769	0
2770	0
2771	0
2772	0
2773	0
2774	0
2775	0
2776	0
2777	0
2778	0
2779	0
2780	0
2781	0
2782	0
2783	0
2784	0
2785	0
2786	0
2787	0
2788	0
2789	0
2790	0
2791	0
2792	0
2793	0
2794	0
2795	0
2796	0
2797	0
2798	0
2799	0
2800	0
2801	0
2802	0
2803	0
2804	0
2805	0
2806	0
2807	0
2808	0
2809	0
2810	0
2811	0
2812	0
2813	0
2814	0
2815	0
2816	0
2817	0
2818	0
2819	0
2820	0
2821	0
2822	0
2823	0
2824	0
2825	0
2826	0
2827	0
2828	0
2829	0
2830	0
2831	0
2832	0
2833	0
2834	0
2835	0
2836	0
2837	0
2838	0
2839	0
2840	0
2841	0
2842	0
2843	0
2844	0
2845	0
2846	0
2847	0
2848	0
2849	0
2850	0
2851	0
2852	0
2853	0
2854	0
2855	0
2856	0
2857	0
2858	0
2859	0
2860	0
2861	0
2862	0
2863	0
2864	0
2865	0
2866	0
2867	0
2868	0
2869	0
2870	0
2871	0
2872	0
2873	0
2874	0
2875	0
2876	0
2877	0
2878	0
2879	0
2880	0
2881	0
2882	0
2883	0
2884	0
2885	0
2886	0
2887	0
2888	0
2889	0
2890	0
2891	0
2892	0
2893	0
2894	0
2895	0
2896	0
2897	0
2898	0
2899	0
2900	0
2901	0
2902	0
2903	0
2904	0
2905	0
2906	0
2907	0
2908	0
2909	0
2910	0
2911	0
2912	0
2913	0
2914	0
2915	0
2916	0
2917	0
2918	0
2919	0
2920	0
2921	0
2922	0
2923	0
2924	0
2925	0
2926	0
2927	0
2928	0
2929	0
2930	0
2931	0
2932	0
2933	0
2934	0
2935	0
2936	0
2937	0
2938	0
2939	0
2940	0
2941	0
2942	0
2943	0
2944	0
2945	0
2946	0
2947	0
2948	0
2949	0
2950	0
2951	0
2952	0
2953	0
2954	0
2955	0
2956	0
2957	0
2958	0
2959	0
2960	0
2961	0
2962	0
2963	0
2964	0
2965	0
2966	0
2967	0
2968	0
2969	0
2970	0
2971	0
2972	0
2973	0
2974	0
2975	0
2976	0
2977	0
2978	0
2979	0
2980	0
2981	0
2982	0
2983	0
2984	0
2985	0
2986	0
2987	0
2988	0
2989	0
2990	0
2991	0
2992	0
2993	0
2994	0
2995	0
2996	0
2997	0
2998	0
2999	0
3000	0
3001	0
3002	0
3003	0
3004	0
3005	0
3006	0
3007	0
3008	0
3009	0
3010	0
3011	0
3012	0
3013	0
3014	0
3015	0
3016	0
3017	0
3018	0
3019	0
3020	0
3021	0
3022	0
3023	0
3024	0
3025	0
3026	0
3027	0
3028	1
3029	1
3030	1
3031	1
3032	1
3033	1
3034	1
3035	1
3036	1
3037	1
3038	1
3039	1
3040	1
3041	1
3042	1
3043	1
3044	1
3045	1
3046	1
3047	1
3048	1
3049	1
3050	1
3051	1
3052	1
3053	1
3054	1
3055	1
3056	1
3057	1
3058	1
3059	1
3060	1
3061	1
3062	1
3063	1
3064	1
3065	1
3066	1
3067	1
3068	1
3069	1
3070	1
3071	1
3072	1
3073	1
3074	1
3075	1
3076	1
3077	1
3078	1
3079	1
3080	1
3081	1
3082	1
3083	1
3084	1
3085	1
3086	1
3087	1
3088	1
3089	1
3090	1
3091	1
3092	1
3093	1
3094	1
3095	1
3096	1
3097	1
3098	1
3099	1
3100	1
3101	1
3102	1
3103	1
3104	1
3105	1
3106	1
3107	1
3108	1
3109	1
3110	1
3111	1
3112	1
3113	1
3114	1
3115	1
3116	1
3117	1
3118	1
3119	1
3120	1
3121	1
3122	1
3123	1
3124	1
3125	1
3126	1
3127	1
3128	1
3129	1
3130	1
3131	1
3132	1
3133	1
3134	1
3135	1
3136	1
3137	1
3138	1
3139	1
3140	1
3141	1
3142	1
3143	1
3144	1
3145	1
3146	1
3147	1
3148	1
3149	1
3150	1
3151	1
3152	1
3153	1
3154	1
3155	1
3156	1
3157	1
3158	1
3159	1
3160	1
3161	1
3162	1
3163	1
3164	1
3165	1
3166	1
3167	1
3168	1
3169	1
3170	1
3171	1
3172	1
3173	1
3174	1
3175	1
3176	2
3177	2
3178	2
3179	2
3180	2
3181	2
3182	2
3183	2
3184	2
3185	2
3186	2
3187	2
3188	2
3189	2
3190	2
3191	2
3192	2
3193	2
3194	2
3195	2
3196	2
3197	2
3198	2
3199	2
3200	2
3201	2
3202	2
3203	2
3204	2
3205	2
3206	2
3207	2
3208	2
3209	2
3210	2
3211	3
3212	3
3213	3
3214	3
3215	3
3216	3
3217	3
3218	3
3219	3
3220	3
3221	3
3222	4
3223	4
3224	4
3225	4
3226	4
3227	4
3228	4
3229	4
3230	4
3231	4
3232	4
3233	4
3234	4
3235	4
3236	4
3237	4
3238	4
3239	4
3240	4
3241	4
3242	4
3243	4
3244	4
3245	4
3246	4
3247	4
3248	4
3249	4
3250	4
3251	4
3252	4
3253	4
3254	4
3255	4
3256	4
3257	4
3258	4
3259	4
3260	4
3261	4
3262	4
3263	4
3264	4
3265	4
3266	4
3267	4
3268	4
3269	4
3270	4
3271	4
3272	4
3273	4
3274	4
3275	4
3276	4
3277	4
3278	4
3279	4
3280	4
3281	4
3282	4
3283	4
3284	4
3285	4
3286	4
3287	4
3288	4
3289	4
3290	4
3291	4
3292	4
3293	4
3294	4
3295	4
3296	4
3297	4
3298	4
3299	4
3300	4
3301	4
3302	4
3303	4
3304	4
3305	4
3306	4
3307	4
3308	4
3309	4
3310	4
3311	4
3312	4
3313	4
3314	4
3315	4
3316	4
3317	4
3318	4
3319	4
3320	4
3321	4
3322	4
3323	4
3324	4
3325	4
3326	4
3327	4
3328	4
3329	4
3330	4
3331	4
3332	4
3333	4
3334	4
3335	4
3336	4
3337	4
3338	4
3339	4
3340	4
3341	4
3342	4
3343	4
3344	4
3345	4
3346	4
3347	4
3348	4
3349	4
3350	4
3351	4
3352	4
3353	4
3354	4
3355	4
3356	4
3357	4
3358	4
3359	4
3360	4
3361	4
3362	4
3363	4
3364	4
3365	4
3366	4
3367	4
3368	4
3369	4
3370	4
3371	4
3372	4
3373	4
3374	4
3375	4
3376	4
3377	4
3378	4
3379	4
3380	4
3381	4
3382	4
3383	4
3384	4
3385	4
3386	4
3387	4
3388	4
3389	4
3390	4
3391	4
3392	4
3393	4
3394	4
3395	4
3396	4
3397	4
3398	4
3399	4
3400	4
3401	4
3402	4
3403	4
3404	4
3405	4
3406	4
3407	4
3408	4
3409	4
3410	4
3411	4
3412	4
3413	4
3414	4
3415	4
3416	4
3417	4
3418	4
3419	4
3420	4
3421	4
3422	4
3423	4
3424	4
3425	4
3426	4
3427	4
3428	4
3429	4
3430	4
3431	5
3432	5
3433	5
3434	5
3435	5
3436	5
3437	5
3438	5
3439	5
3440	5
3441	5
3442	5
3443	5
3444	5
3445	5
3446	5
3447	5
3448	5
3449	5
3450	5
3451	5
3452	5
3453	5
3454	5
3455	5
3456	5
3457	5
3458	5
3459	5
3460	5
3461	5
3462	5
3463	5
3464	5
3465	5
3466	5
3467	5
3468	5
3469	5
3470	5
3471	5
3472	5
3473	5
3474	5
3475	5
3476	5
3477	5
3478	5
3479	5
3480	5
3481	5
3482	5
3483	5
3484	5
3485	5
3486	5
3487	5
3488	5
3489	5
3490	5
3491	5
3492	5
3493	5
3494	5
3495	5
3496	5
3497	5
3498	5
3499	5
3500	5
3501	5
3502	5
3503	5
3504	5
3505	5
3506	5
3507	5
3508	5
3509	5
3510	5
3511	5
3512	5
3513	5
3514	5
3515	5
3516	5
3517	5
3518	5
3519	5
3520	6
3521	6
3522	6
3523	6
3524	6
3525	6
3526	6
3527	6
3528	6
3529	6
3530	6
3531	6
3532	6
3533	6
3534	6
3535	6
3536	6
3537	6
3538	6
3539	6
3540	6
3541	6
3542	6
3543	6
3544	6
3545	6
3546	6
3547	6
3548	6
3549	6
3550	6
3551	6
3552	6
3553	6
3554	6
3555	6
3556	6
3557	6
3558	6
3559	6
3560	6
3561	6
3562	6
3563	6
3564	6
3565	6
3566	6
3567	6
3568	6
3569	6
3570	6
3571	6
3572	6
3573	6
3574	7
3575	7
3576	7
3577	7
3578	7
3579	7
3580	7
3581	7
3582	7
3583	7
3584	7
3585	7
3586	7
3587	7
3588	7
3589	7
3590	7
3591	7
3592	7
3593	7
3594	7
3595	7
3596	7
3597	7
3598	7
3599	7
3600	7
3601	7
3602	7
3603	7
3604	7
3605	7
3606	7
3607	7
3608	7
3609	7
3610	7
3611	7
3612	7
3613	7
3614	7
3615	7
3616	7
3617	7
3618	7
3619	7
3620	7
3621	7
3622	7
3623	7
3624	7
3625	7
3626	7
3627	7
3628	7
3629	7
3630	7
3631	7
3632	7
3633	7
3634	7
3635	7
3636	7
3637	7
3638	7
3639	7
3640	7
3641	7
3642	7
3643	8
3644	8
3645	8
3646	8
3647	8
3648	8
3649	8
3650	8
3651	8
3652	8
3653	8
3654	8
3655	8
3656	8
3657	8
3658	8
3659	8
3660	8
3661	8
3662	8
3663	8
3664	8
3665	8
3666	9
3667	9
3668	9
3669	9
3670	9
3671	9
3672	9
3673	9
3674	9
3675	9
3676	9
3677	9
3678	9
3679	9
3680	9
3681	9
3682	9
3683	9
3684	9
3685	9
3686	9
3687	9
3688	9
3689	9
3690	9
3691	9
3692	9
3693	9
3694	9
3695	9
3696	9
3697	9
3698	9
3699	9
3700	9
3701	9
3702	9
3703	9
3704	9
3705	9
3706	9
3707	9
3708	9
3709	9
3710	9
3711	9
3712	9
3713	9
3714	9
3715	9
3716	9
3717	9
3718	9
3719	9
3720	9
3721	9
3722	9
3723	9
3724	9
3725	9
3726	9
3727	9
3728	9
3729	9
3730	9
3731	9
3732	9
3733	9
3734	9
3735	9
3736	9
3737	9
3738	9
3739	9
3740	9
3741	9
3742	9
3743	9
3744	9
3745	9
3746	9
3747	9
3748	9
3749	9
3750	9
3751	9
3752	9
3753	9
3754	9
3755	9
3756	9
3757	9
3758	9
3759	9
3760	9
3761	9
3762	9
3763	9
3764	9
3765	9
3766	9
3767	9
3768	9
3769	9
3770	9
3771	10
3772	10
3773	10
3774	10
3775	10
3776	10
3777	10
3778	10
3779	10
3780	10
3781	10
3782	10
3783	10
3784	10
3785	10
3786	10
3787	10
3788	10
3789	10
3790	10
3791	10
3792	10
3793	10
3794	10
3795	10
3796	10
3797	10
3798	10
3799	10
3800	10
3801	10
3802	10
3803	10
3804	10
3805	10
3806	10
3807	10
3808	10
3809	10
3810	10
3811	10
3812	10
3813	10
3814	10
3815	10
3816	10
3817	10
3818	10
3819	10
3820	10
3821	10
3822	10
3823	10
3824	10
3825	10
3826	10
3827	10
3828	10
3829	10
3830	10
3831	10
3832	10
3833	10
3834	10
3835	10
3836	10
3837	10
3838	10
3839	10
3840	10
3841	10
3842	10
3843	10
3844	10
3845	10
3846	10
3847	10
3848	10
3849	10
3850	10
3851	10
3852	10
3853	10
3854	10
3855	10
3856	10
3857	10
3858	10
3859	10
3860	10
3861	10
3862	10
3863	10
3864	10
3865	10
3866	10
3867	10
3868	10
3869	10
3870	10
3871	10
3872	10
3873	10
3874	10
3875	10
3876	10
3877	10
3878	10
3879	10
3880	10
3881	10
3882	10
3883	10
3884	10
3885	10
3886	10
3887	10
3888	10
3889	10
3890	10
3891	10
3892	10
3893	10
3894	10
3895	10
3896	10
3897	10
3898	10
3899	10
3900	10
3901	10
3902	10
3903	10
3904	10
3905	10
3906	10
3907	10
3908	10
3909	10
3910	10
3911	10
3912	10
3913	10
3914	10
3915	10
3916	10
3917	10
3918	10
3919	10
3920	10
3921	10
3922	10
3923	10
3924	10
3925	10
3926	10
3927	10
3928	10
3929	10
3930	10
3931	10
3932	10
3933	10
3934	10
3935	10
3936	10
3937	10
3938	10
3939	10
3940	10
3941	10
3942	10
3943	10
3944	10
3945	10
3946	10
3947	10
3948	10
3949	10
3950	10
3951	10
3952	10
3953	10
3954	10
3955	10
3956	10
3957	10
3958	10
3959	10
3960	10
3961	10
3962	10
3963	10
3964	10
3965	10
3966	10
3967	10
3968	10
3969	10
3970	10
3971	10
3972	10
3973	10
3974	10
3975	10
3976	10
3977	10
3978	10
3979	10
3980	10
3981	10
3982	10
3983	10
3984	10
3985	10
3986	10
3987	10
3988	10
3989	10
3990	10
3991	10
3992	10
3993	10
3994	10
3995	10
3996	10
3997	10
3998	10
3999	10
4000	10
4001	10
4002	10
4003	10
4004	10
4005	10
4006	10
4007	10
4008	10
4009	10
4010	10
4011	10
4012	10
4013	10
4014	10
4015	10
4016	10
4017	10
4018	10
4019	10
4020	10
4021	10
4022	10
4023	10
4024	10
4025	10
4026	10
4027	10
4028	10
4029	10
4030	10
4031	10
4032	10
4033	10
4034	10
4035	10
4036	10
4037	10
4038	10
4039	10
4040	10
4041	10
4042	10
4043	10
4044	10
4045	10
4046	10
4047	10
4048	10
4049	10
4050	10
4051	10
4052	10
4053	10
4054	10
4055	10
4056	10
4057	10
4058	10
4059	10
4060	10
4061	10
4062	10
4063	10
4064	10
4065	10
4066	10
4067	10
4068	10
4069	10
4070	10
4071	10
4072	10
4073	10
4074	10
4075	10
4076	10
4077	10
4078	10
4079	10
4080	10
4081	10
4082	10
4083	10
4084	10
4085	10
4086	10
4087	10
4088	10
4089	10
4090	10
4091	10
4092	10
4093	10
4094	10
4095	10
4096	10
4097	10
4098	10
4099	10
4100	10
4101	10
4102	10
4103	10
4104	10
4105	10
4106	10
4107	10
4108	10
4109	10
4110	10
4111	10
4112	10
4113	10
4114	10
4115	10
4116	10
4117	10
4118	10
4119	10
4120	10
4121	10
4122	10
4123	10
4124	10
4125	10
4126	10
4127	10
4128	10
4129	10
4130	10
4131	10
4132	10
4133	10
4134	10
4135	10
4136	10
4137	10
4138	10
4139	10
4140	10
4141	10
4142	10
4143	11
4144	11
4145	11
4146	11
4147	11
4148	11
4149	11
4150	11
4151	11
4152	11
4153	11
4154	11
4155	11
4156	11
4157	11
4158	11
4159	11
4160	11
4161	11
4162	11
4163	12
4164	12
4165	12
4166	12
4167	12
4168	12
4169	12
4170	12
4171	12
4172	12
4173	12
4174	12
4175	12
4176	12
4177	12
4178	12
4179	12
4180	12
4181	12
4182	12
4183	12
4184	12
4185	12
4186	12
4187	12
4188	12
4189	12
4190	12
4191	12
4192	12
4193	12
4194	12
4195	12
4196	12
4197	12
4198	12
4199	12
4200	12
4201	12
4202	12
4203	12
4204	12
4205	12
4206	12
4207	12
4208	12
4209	12
4210	12
4211	12
4212	12
4213	12
4214	12
4215	12
4216	12
4217	12
4218	12
4219	12
4220	12
4221	12
4222	12
4223	12
4224	12
4225	12
4226	12
4227	12
4228	12
4229	12
4230	12
4231	12
4232	12
4233	12
4234	12
4235	12
4236	12
4237	12
4238	12
4239	12
4240	12
4241	12
4242	12
4243	12
4244	12
4245	12
4246	12
4247	12
4248	12
4249	12
4250	12
4251	12
4252	12
4253	12
4254	12
4255	12
4256	12
4257	12
4258	12
4259	12
4260	12
4261	12
4262	12
4263	12
4264	12
4265	12
4266	12
4267	12
4268	12
4269	12
4270	12
4271	12
4272	12
4273	12
4274	12
4275	12
4276	12
4277	12
4278	12
4279	12
4280	12
4281	12
4282	12
4283	12
4284	12
4285	12
4286	12
4287	12
4288	12
4289	12
4290	12
4291	12
4292	12
4293	12
4294	12
4295	12
4296	12
4297	12
4298	12
4299	12
4300	12
4301	12
4302	12
4303	12
4304	12
4305	12
4306	12
4307	12
4308	12
4309	12
4310	12
4311	12
4312	12
4313	12
4314	12
4315	12
4316	12
4317	12
4318	12
4319	12
4320	12
4321	12
4322	12
4323	12
4324	12
4325	12
4326	12
4327	12
4328	12
4329	12
4330	12
4331	12
4332	12
4333	12
4334	12
4335	12
4336	12
4337	12
4338	12
4339	12
4340	12
4341	12
4342	12
4343	12
4344	12
4345	12
4346	12
4347	12
4348	12
4349	12
4350	12
4351	12
4352	12
4353	12
4354	12
4355	12
4356	12
4357	12
4358	12
4359	12
4360	12
4361	12
4362	12
4363	12
4364	12
4365	12
4366	12
4367	12
4368	12
4369	12
4370	12
4371	12
4372	12
4373	12
4374	12
4375	12
4376	12
4377	12
4378	12
4379	12
4380	12
4381	12
4382	12
4383	12
4384	12
4385	12
4386	12
4387	12
4388	12
4389	12
4390	12
4391	12
4392	12
4393	12
4394	12
4395	12
4396	12
4397	12
4398	12
4399	12
4400	12
4401	12
4402	12
4403	12
4404	12
4405	12
4406	12
4407	12
4408	12
4409	12
4410	12
4411	12
4412	12
4413	12
4414	12
4415	12
4416	12
4417	12
4418	12
4419	12
4420	12
4421	12
4422	12
4423	12
4424	12
4425	12
4426	12
4427	12
4428	12
4429	12
4430	12
4431	12
4432	12
4433	12
4434	12
4435	12
4436	12
4437	12
4438	12
4439	12
4440	12
4441	12
4442	12
4443	12
4444	12
4445	12
4446	12
4447	12
4448	12
4449	12
4450	12
4451	12
4452	12
4453	12
4454	12
4455	12
4456	12
4457	12
4458	12
4459	12
4460	12
4461	12
4462	12
4463	12
4464	12
4465	12
4466	12
4467	12
4468	12
4469	12
4470	12
4471	12
4472	12
4473	12
4474	12
4475	12
4476	12
4477	12
4478	12
4479	12
4480	12
4481	12
4482	12
4483	12
4484	12
4485	12
4486	12
4487	12
4488	12
4489	12
4490	12
4491	12
4492	12
4493	12
4494	12
4495	12
4496	12
4497	12
4498	12
4499	12
4500	12
4501	12
4502	12
4503	12
4504	12
4505	12
4506	12
4507	12
4508	12
4509	12
4510	12
4511	12
4512	12
4513	12
4514	12
4515	12
4516	12
4517	12
4518	12
4519	12
4520	12
4521	12
4522	12
4523	12
4524	12
4525	12
4526	12
4527	12
4528	12
4529	12
4530	12
4531	12
4532	12
4533	12
4534	12
4535	12
4536	12
4537	12
4538	12
4539	12
4540	12
4541	12
4542	12
4543	12
4544	12
4545	12
4546	12
4547	12
4548	12
4549	12
4550	12
4551	12
4552	12
4553	12
4554	12
4555	12
4556	12
4557	12
4558	12
4559	12
4560	12
4561	12
4562	12
4563	12
4564	12
4565	12
4566	12
4567	12
4568	12
4569	12
4570	12
4571	12
4572	12
4573	12
4574	12
4575	12
4576	12
4577	12
4578	12
4579	12
4580	12
4581	12
4582	12
4583	12
4584	12
4585	12
4586	12
4587	12
4588	12
4589	12
4590	12
4591	12
4592	12
4593	12
4594	12
4595	12
4596	12
4597	12
4598	12
4599	12
4600	12
4601	12
4602	12
4603	12
4604	12
4605	12
4606	12
4607	12
4608	12
4609	12
4610	12
4611	12
4612	12
4613	12
4614	12
4615	12
4616	12
4617	12
4618	12
4619	12
4620	12
4621	12
4622	12
4623	12
4624	12
4625	12
4626	12
4627	12
4628	12
4629	12
4630	12
4631	12
4632	12
4633	12
4634	12
4635	12
4636	12
4637	12
4638	12
4639	12
4640	12
4641	12
4642	12
4643	12
4644	12
4645	12
4646	12
4647	12
4648	12
4649	12
4650	12
4651	12
4652	12
4653	12
4654	12
4655	12
4656	12
4657	12
4658	12
4659	12
4660	12
4661	12
4662	12
4663	12
4664	12
4665	12
4666	12
4667	12
4668	12
4669	12
4670	12
4671	12
4672	12
4673	12
4674	12
4675	12
4676	12
4677	12
4678	12
4679	12
4680	12
4681	12
4682	12
4683	12
4684	12
4685	12
4686	12
4687	12
4688	12
4689	12
4690	12
4691	12
4692	12
4693	12
4694	12
4695	12
4696	12
4697	12
4698	12
4699	12
4700	12
4701	12
4702	12
4703	12
4704	12
4705	12
4706	12
4707	12
4708	12
4709	12
4710	12
4711	12
4712	12
4713	12
4714	12
4715	12
4716	12
4717	12
4718	12
4719	12
4720	12
4721	12
4722	12
4723	12
4724	12
4725	12
4726	12
4727	12
4728	12
4729	12
4730	12
4731	12
4732	12
4733	12
4734	12
4735	12
4736	12
4737	12
4738	12
4739	12
4740	12
4741	12
4742	12
4743	12
4744	12
4745	12
4746	12
4747	12
4748	12
4749	12
4750	12
4751	12
4752	12
4753	12
4754	12
4755	12
4756	12
4757	12
4758	12
4759	12
4760	12
4761	12
4762	12
4763	12
4764	12
4765	12
4766	12
4767	12
4768	12
4769	12
4770	12
4771	12
4772	12
4773	12
4774	12
4775	12
4776	12
4777	12
4778	12
4779	12
4780	12
4781	12
4782	12
4783	12
4784	12
4785	12
4786	12
4787	12
4788	12
4789	12
4790	12
4791	12
4792	12
4793	12
4794	12
4795	12
4796	12
4797	12
4798	12
4799	12
4800	12
4801	12
4802	12
4803	12
4804	12
4805	12
4806	12
4807	12
4808	12
4809	12
4810	12
4811	12
4812	12
4813	12
4814	12
4815	12
4816	12
4817	12
4818	12
4819	12
4820	12
4821	12
4822	12
4823	12
4824	12
4825	12
4826	12
4827	12
4828	12
4829	12
4830	12
4831	12
4832	12
4833	12
4834	12
4835	12
4836	12
4837	12
4838	12
4839	12
4840	12
4841	12
4842	12
4843	12
4844	12
4845	12
4846	12
4847	12
4848	12
4849	12
4850	12
4851	12
4852	12
4853	12
4854	12
4855	12
4856	12
4857	12
4858	12
4859	12
4860	12
4861	12
4862	12
4863	12
4864	12
4865	12
4866	12
4867	12
4868	12
4869	12
4870	12
4871	12
4872	12
4873	12
4874	12
4875	12
4876	12
4877	12
4878	12
4879	12
4880	12
4881	12
4882	12
4883	12
4884	12
4885	12
4886	12
4887	12
4888	12
4889	12
4890	12
4891	12
4892	12
4893	12
4894	12
4895	12
4896	12
4897	12
4898	12
4899	12
4900	12
4901	12
4902	12
4903	12
4904	12
4905	12
4906	12
4907	12
4908	12
4909	12
4910	12
4911	12
4912	12
4913	12
4914	12
4915	12
4916	12
4917	12
4918	12
4919	12
4920	12
4921	12
4922	12
4923	12
4924	12
4925	12
4926	12
4927	12
4928	12
4929	12
4930	12
4931	12
4932	12
4933	12
4934	12
4935	12
4936	12
4937	12
4938	12
4939	12
4940	12
4941	12
4942	12
4943	12
4944	12
4945	12
4946	12
4947	12
4948	12
4949	12
4950	12
4951	12
4952	12
4953	12
4954	12
4955	12
4956	12
4957	12
4958	12
4959	12
4960	12
4961	12
4962	12
4963	12
4964	12
4965	12
4966	12
4967	12
4968	12
4969	12
4970	12
4971	12
4972	12
4973	12
4974	12
4975	12
4976	12
4977	12
4978	12
4979	12
4980	12
4981	12
4982	12
4983	12
4984	12
4985	12
4986	12
4987	12
4988	12
4989	12
4990	12
4991	12
4992	12
4993	12
4994	12
4995	12
4996	12
4997	12
4998	12
4999	12
5000	12
5001	12
5002	12
5003	12
5004	12
5005	12
5006	12
5007	12
5008	12
5009	12
5010	12
5011	12
5012	12
5013	12
5014	12
5015	12
5016	12
5017	12
5018	12
5019	12
5020	12
5021	12
5022	12
5023	12
5024	12
5025	12
5026	12
5027	12
5028	12
5029	12
5030	12
5031	12
5032	12
5033	12
5034	12
5035	12
5036	12
5037	12
5038	12
5039	12
5040	12
5041	12
5042	12
5043	12
5044	12
5045	12
5046	12
5047	12
5048	12
5049	12
5050	12
5051	12
5052	12
5053	12
5054	12
5055	12
5056	12
5057	12
5058	12
5059	12
5060	12
5061	12
5062	12
5063	12
5064	12
5065	12
5066	12
5067	12
5068	12
5069	12
5070	12
5071	12
5072	12
5073	12
5074	12
5075	12
5076	12
5077	12
5078	12
5079	12
5080	12
5081	12
5082	12
5083	12
5084	12
5085	12
5086	12
5087	12
5088	12
5089	12
5090	12
5091	12
5092	12
5093	12
5094	12
5095	12
5096	12
5097	12
5098	12
5099	12
5100	12
5101	12
5102	12
5103	12
5104	12
5105	12
5106	12
5107	12
5108	12
5109	12
5110	12
5111	12
5112	12
5113	12
5114	12
5115	12
5116	12
5117	12
5118	12
5119	12
5120	12
5121	12
5122	12
5123	12
5124	12
5125	12
5126	12
5127	12
5128	12
5129	12
5130	12
5131	12
5132	12
5133	12
5134	12
5135	12
5136	12
5137	12
5138	12
5139	12
5140	12
5141	12
5142	12
5143	12
5144	12
5145	12
5146	12
5147	12
5148	12
5149	12
5150	12
5151	12
5152	12
5153	12
5154	12
5155	12
5156	12
5157	12
5158	12
5159	12
5160	12
5161	12
5162	12
5163	12
5164	12
5165	12
5166	12
5167	12
5168	12
5169	12
5170	12
5171	12
5172	12
5173	12
5174	12
5175	12
5176	12
5177	12
5178	12
5179	12
5180	12
5181	12
5182	12
5183	12
5184	12
5185	12
5186	12
5187	12
5188	12
5189	12
5190	12
5191	12
5192	12
5193	12
5194	12
5195	12
5196	12
5197	12
5198	12
5199	12
5200	12
5201	12
5202	12
5203	12
5204	12
5205	12
5206	12
5207	12
5208	12
5209	12
5210	12
5211	12
5212	12
5213	12
5214	12
5215	12
5216	12
5217	12
5218	12
5219	12
5220	12
5221	12
5222	12
5223	12
5224	12
5225	12
5226	12
5227	12
5228	12
5229	12
5230	12
5231	12
5232	12
5233	12
5234	12
5235	12
5236	12
5237	12
5238	12
5239	12
5240	12
5241	12
5242	12
5243	12
5244	12
5245	12
5246	12
5247	12
5248	12
5249	12
5250	12
5251	12
5252	12
5253	12
5254	12
5255	12
5256	12
5257	12
5258	12
5259	12
5260	12
5261	12
5262	12
5263	12
5264	12
5265	12
5266	12
5267	12
5268	12
5269	12
5270	12
5271	12
5272	12
5273	12
5274	12
5275	12
5276	12
5277	12
5278	12
5279	12
5280	13
5281	13
5282	13
5283	13
5284	13
5285	13
5286	13
5287	13
5288	13
5289	13
5290	13
5291	13
5292	13
5293	13
5294	13
5295	13
5296	13
5297	13
5298	13
5299	13
5300	13
5301	13
5302	13
5303	13
5304	13
5305	13
5306	13
5307	13
5308	13
5309	13
5310	13
5311	13
5312	13
5313	13
5314	13
5315	13
5316	13
5317	13
5318	13
5319	13
5320	13
5321	13
5322	13
5323	13
5324	13
5325	13
5326	13
5327	13
5328	13
5329	13
5330	13
5331	13
5332	13
5333	13
5334	13
5335	13
5336	13
5337	13
5338	13
5339	13
5340	13
5341	13
5342	13
5343	13
5344	13
5345	13
5346	13
5347	13
5348	13
5349	13
5350	13
5351	13
5352	13
5353	13
5354	13
5355	13
5356	13
5357	13
5358	13
5359	13
5360	13
5361	13
5362	13
5363	13
5364	13
5365	13
5366	13
5367	13
5368	13
5369	13
5370	13
5371	13
5372	13
5373	13
5374	13
5375	13
5376	13
5377	13
5378	13
5379	13
5380	13
5381	13
5382	13
5383	13
5384	13
5385	13
5386	13
5387	13
5388	13
5389	13
5390	13
5391	13
5392	13
5393	13
5394	13
5395	13
5396	13
5397	13
5398	13
5399	13
5400	13
5401	13
5402	13
5403	13
5404	13
5405	13
5406	13
5407	13
5408	13
5409	13
5410	13
5411	13
5412	13
5413	13
5414	13
5415	13
5416	14
5417	14
5418	14
5419	14
5420	14
5421	14
5422	14
5423	14
5424	14
5425	14
5426	14
5427	14
5428	14
5429	14
5430	14
5431	14
5432	14
5433	14
5434	14
5435	14
5436	14
5437	14
5438	14
5439	14
5440	14
5441	14
5442	14
5443	14
5444	14
5445	14
5446	14
5447	14
5448	14
5449	14
5450	14
5451	14
5452	14
5453	14
5454	14
5455	14
5456	14
5457	14
5458	14
5459	14
5460	14
5461	14
5462	14
5463	14
5464	14
5465	14
5466	14
5467	14
5468	14
5469	14
5470	14
5471	14
5472	14
5473	14
5474	14
5475	14
5476	14
5477	14
5478	14
5479	15
5480	15
5481	15
5482	15
5483	15
5484	15
5485	15
5486	15
5487	15
5488	15
5489	15
5490	15
5491	15
5492	15
5493	15
5494	15
5495	15
5496	15
5497	15
5498	15
5499	15
5500	15
5501	15
5502	15
5503	15
5504	15
5505	15
5506	15
5507	15
5508	15
5509	15
5510	15
5511	15
5512	15
5513	15
5514	15
5515	15
5516	15
5517	15
5518	15
5519	15
5520	15
5521	15
5522	15
5523	15
5524	15
5525	15
5526	15
5527	15
5528	15
5529	15
5530	15
5531	15
5532	15
5533	15
5534	15
5535	15
5536	15
5537	15
5538	15
5539	15
5540	15
5541	15
5542	15
5543	15
5544	15
5545	15
5546	15
5547	15
5548	15
5549	15
5550	15
5551	15
5552	15
5553	15
5554	15
5555	15
5556	15
5557	15
5558	15
5559	15
5560	15
5561	15
5562	15
5563	15
5564	15
5565	15
5566	15
5567	15
5568	15
5569	15
5570	15
5571	15
5572	15
5573	15
5574	15
5575	15
5576	15
5577	15
5578	15
5579	15
5580	15
5581	15
5582	15
5583	15
5584	15
5585	15
5586	15
5587	15
5588	15
5589	15
5590	15
5591	15
5592	15
5593	15
5594	15
5595	15
5596	15
5597	15
5598	15
5599	15
5600	15
5601	15
5602	15
5603	15
5604	15
5605	15
5606	15
5607	15
5608	15
5609	15
5610	15
5611	15
5612	15
5613	15
5614	15
5615	15
5616	15
5617	15
5618	15
5619	15
5620	15
5621	15
5622	15
5623	15
5624	15
5625	15
5626	15
5627	15
5628	15
5629	15
5630	15
5631	15
5632	15
5633	15
5634	15
5635	15
5636	15
5637	15
5638	15
5639	15
5640	15
5641	15
5642	15
5643	15
5644	15
5645	15
5646	15
5647	15
5648	15
5649	15
5650	15
5651	15
5652	15
5653	15
5654	15
5655	15
5656	15
5657	15
5658	15
5659	15
5660	15
5661	15
5662	15
5663	15
5664	15
5665	15
5666	15
5667	15
5668	15
5669	15
5670	15
5671	15
5672	15
5673	15
5674	15
5675	15
5676	15
5677	15
5678	15
5679	15
5680	15
5681	15
5682	15
5683	15
5684	15
5685	15
5686	15
5687	15
5688	15
5689	15
5690	15
5691	15
5692	15
5693	15
5694	15
5695	15
5696	15
5697	15
5698	15
5699	15
5700	15
5701	15
5702	15
5703	15
5704	15
5705	15
5706	15
5707	15
5708	15
5709	15
5710	15
5711	15
5712	15
5713	15
5714	15
5715	15
5716	15
5717	15
5718	15
5719	15
5720	15
5721	15
5722	15
5723	15
5724	15
5725	15
5726	15
5727	15
5728	15
5729	15
5730	15
5731	15
5732	15
5733	15
5734	15
5735	15
5736	15
5737	15
5738	15
5739	15
5740	15
5741	15
5742	15
5743	15
5744	15
5745	15
5746	15
5747	15
5748	15
5749	15
5750	15
5751	15
5752	15
5753	15
5754	15
5755	15
5756	15
5757	15
5758	15
5759	15
5760	15
5761	15
5762	15
5763	15
5764	15
5765	15
5766	15
5767	15
5768	15
5769	15
5770	15
5771	15
5772	15
5773	15
5774	15
5775	15
5776	15
5777	15
5778	15
5779	15
5780	15
5781	15
5782	15
5783	15
5784	15
5785	15
5786	15
5787	15
5788	15
5789	15
5790	15
5791	15
5792	15
5793	15
5794	15
5795	15
5796	15
5797	15
5798	15
5799	15
5800	15
5801	15
5802	15
5803	15
5804	15
5805	15
5806	15
5807	15
5808	15
5809	15
5810	15
5811	15
5812	15
5813	15
5814	15
5815	15
5816	15
5817	15
5818	15
5819	15
5820	15
5821	15
5822	15
5823	15
5824	15
5825	15
5826	15
5827	15
5828	15
5829	15
5830	15
5831	15
5832	15
5833	15
5834	15
5835	15
5836	15
5837	15
5838	15
5839	15
5840	15
5841	15
5842	15
5843	15
5844	15
5845	15
5846	15
5847	15
5848	15
5849	15
5850	15
5851	15
5852	15
5853	15
5854	15
5855	15
5856	15
5857	15
5858	15
5859	15
5860	15
5861	15
5862	15
5863	15
5864	15
5865	15
5866	15
5867	15
5868	15
5869	15
5870	15
5871	15
5872	15
5873	15
5874	15
5875	15
5876	15
5877	15
5878	15
5879	15
5880	15
5881	15
5882	15
5883	15
5884	15
5885	15
5886	15
5887	15
5888	15
5889	15
5890	15
5891	15
5892	15
5893	15
5894	15
5895	16
5896	16
5897	16
5898	16
5899	16
5900	16
5901	16
5902	16
5903	16
5904	16
5905	16
5906	16
5907	16
5908	16
5909	16
5910	16
5911	16
5912	16
5913	16
5914	16
5915	16
5916	16
5917	16
5918	16
5919	16
5920	16
5921	16
5922	16
5923	16
5924	16
5925	16
5926	16
5927	16
5928	16
5929	16
5930	16
5931	16
5932	16
5933	16
5934	16
5935	16
5936	16
5937	16
5938	16
5939	16
5940	16
5941	16
5942	16
5943	16
5944	16
5945	16
5946	16
5947	16
5948	16
5949	16
5950	16
5951	16
5952	16
5953	16
5954	16
5955	16
5956	16
5957	16
5958	16
5959	16
5960	16
5961	16
5962	16
5963	16
5964	16
5965	16
5966	16
5967	16
5968	16
5969	16
5970	16
5971	16
5972	16
5973	16
5974	16
5975	16
5976	16
5977	16
5978	16
5979	16
5980	16
5981	16
5982	16
5983	16
5984	16
5985	16
5986	16
5987	16
5988	16
5989	16
5990	16
5991	16
5992	16
5993	16
5994	16
5995	16
5996	16
5997	16
5998	16
5999	16
6000	16
6001	16
6002	16
6003	16
6004	16
6005	16
6006	16
6007	16
6008	16
6009	16
6010	16
6011	16
6012	16
6013	16
6014	16
6015	16
6016	16
6017	16
6018	16
6019	16
6020	16
6021	16
6022	16
6023	16
6024	16
6025	16
6026	16
6027	16
6028	16
6029	16
6030	16
6031	16
6032	16
6033	17
6034	17
6035	17
6036	17
6037	17
6038	17
6039	17
6040	17
6041	17
6042	17
6043	17
6044	17
6045	17
6046	17
6047	17
6048	17
6049	17
6050	17
6051	17
6052	17
6053	17
6054	17
6055	17
6056	17
6057	17
6058	17
6059	17
6060	17
6061	17
6062	17
6063	17
6064	17
6065	17
6066	17
6067	17
6068	17
6069	17
6070	17
6071	17
6072	17
6073	17
6074	17
6075	17
6076	17
6077	17
6078	17
6079	17
6080	17
6081	17
6082	17
6083	17
6084	17
6085	17
6086	17
6087	17
6088	17
6089	17
6090	17
6091	17
6092	17
6093	17
6094	17
6095	17
6096	17
6097	17
6098	17
6099	17
6100	17
6101	17
6102	17
6103	17
6104	17
6105	17
6106	17
6107	17
6108	17
6109	17
6110	17
6111	17
6112	17
6113	17
6114	17
6115	17
6116	17
6117	17
6118	17
6119	17
6120	17
6121	17
6122	17
6123	17
6124	17
6125	17
6126	17
6127	17
6128	17
6129	17
6130	17
6131	17
6132	17
6133	17
6134	17
6135	17
6136	17
6137	17
6138	17
6139	17
6140	17
6141	17
6142	17
6143	17
6144	17
6145	17
6146	17
6147	17
6148	17
6149	17
6150	17
6151	17
6152	17
6153	17
6154	17
6155	17
6156	17
6157	17
6158	17
6159	17
6160	17
6161	17
6162	17
6163	17
6164	17
6165	17
6166	17
6167	17
6168	17
6169	17
6170	17
6171	17
6172	17
6173	17
6174	17
6175	17
6176	17
6177	17
6178	17
6179	17
6180	17
6181	17
6182	17
6183	17
6184	17
6185	17
6186	17
6187	17
6188	17
6189	17
6190	17
6191	17
6192	17
6193	17
6194	17
6195	17
6196	17
6197	17
6198	17
6199	17
6200	17
6201	17
6202	17
6203	17
6204	17
6205	17
6206	17
6207	17
6208	17
6209	17
6210	17
6211	17
6212	17
6213	17
6214	17
6215	17
6216	17
6217	17
6218	17
6219	17
6220	17
6221	17
6222	17
6223	17
6224	17
6225	17
6226	17
6227	17
6228	17
6229	17
6230	17
6231	17
6232	17
6233	17
6234	17
6235	17
6236	17
6237	17
6238	17
6239	17
6240	17
6241	17
6242	17
6243	17
6244	17
6245	17
6246	17
6247	17
6248	17
6249	17
6250	17
6251	17
6252	17
6253	17
6254	17
6255	17
6256	17
6257	17
6258	17
6259	17
6260	17
6261	17
6262	17
6263	17
6264	17
6265	17
6266	17
6267	17
6268	17
6269	17
6270	17
6271	17
6272	17
6273	17
6274	17
6275	17
6276	17
6277	17
6278	17
6279	17
6280	17
6281	17
6282	17
6283	17
6284	17
6285	17
6286	17
6287	17
6288	17
6289	17
6290	17
6291	17
6292	17
6293	17
6294	17
6295	17
6296	17
6297	17
6298	17
6299	17
6300	17
6301	17
6302	17
6303	17
6304	17
6305	17
6306	17
6307	17
6308	17
6309	17
6310	17
6311	17
6312	17
6313	17
6314	17
6315	17
6316	17
6317	17
6318	17
6319	17
6320	17
6321	17
6322	17
6323	17
6324	17
6325	17
6326	17
6327	17
6328	17
6329	17
6330	17
6331	17
6332	17
6333	17
6334	17
6335	17
6336	17
6337	17
6338	17
6339	17
6340	17
6341	17
6342	17
6343	17
6344	17
6345	17
6346	17
6347	17
6348	17
6349	17
6350	17
6351	17
6352	17
6353	17
6354	17
6355	17
6356	17
6357	17
6358	17
6359	17
6360	17
6361	17
6362	17
6363	17
6364	17
6365	17
6366	17
6367	17
6368	17
6369	17
6370	17
6371	17
6372	17
6373	17
6374	17
6375	17
6376	17
6377	17
6378	17
6379	17
6380	17
6381	17
6382	17
6383	17
6384	17
6385	17
6386	17
6387	17
6388	17
6389	17
6390	17
6391	17
6392	17
6393	17
6394	17
6395	17
6396	17
6397	17
6398	17
6399	17
6400	17
6401	17
6402	17
6403	17
6404	17
6405	17
6406	17
6407	17
6408	17
6409	17
6410	17
6411	17
6412	17
6413	17
6414	17
6415	17
6416	17
6417	17
6418	17
6419	17
6420	17
6421	17
6422	17
6423	17
6424	17
6425	17
6426	17
6427	17
6428	17
6429	17
6430	17
6431	17
6432	17
6433	17
6434	17
6435	17
6436	17
6437	17
6438	17
6439	17
6440	17
6441	17
6442	17
6443	17
6444	17
6445	17
6446	17
6447	17
6448	17
6449	17
6450	17
6451	17
6452	17
6453	17
6454	17
6455	17
6456	17
6457	17
6458	17
6459	17
6460	17
6461	17
6462	17
6463	17
6464	17
6465	17
6466	17
6467	17
6468	17
6469	17
6470	17
6471	17
6472	17
6473	17
6474	17
6475	17
6476	17
6477	17
6478	17
6479	17
6480	17
6481	17
6482	17
6483	17
6484	17
6485	17
6486	17
6487	17
6488	17
6489	17
6490	17
6491	17
6492	17
6493	17
6494	17
6495	17
6496	17
6497	17
6498	17
6499	17
6500	17
6501	17
6502	17
6503	17
6504	17
6505	17
6506	17
6507	17
6508	17
6509	17
6510	17
6511	17
6512	17
6513	17
6514	17
6515	17
6516	17
6517	17
6518	17
6519	17
6520	17
6521	17
6522	17
6523	17
6524	17
6525	17
6526	17
6527	17
6528	17
6529	17
6530	17
6531	17
6532	17
6533	17
6534	17
6535	17
6536	17
6537	17
6538	17
6539	17
6540	17
6541	17
6542	17
6543	17
6544	17
6545	17
6546	17
6547	17
6548	17
6549	17
6550	17
6551	17
6552	17
6553	17
6554	17
6555	17
6556	17
6557	17
6558	17
6559	17
6560	17
6561	17
6562	17
6563	17
6564	17
6565	17
6566	17
6567	17
6568	17
6569	17
6570	17
6571	17
6572	17
6573	17
6574	17
6575	17
6576	17
6577	17
6578	17
6579	17
6580	17
6581	17
6582	17
6583	17
6584	17
6585	17
6586	17
6587	17
6588	17
6589	17
6590	17
6591	17
6592	17
6593	17
6594	17
6595	17
6596	17
6597	17
6598	17
6599	17
6600	17
6601	17
6602	17
6603	17
6604	17
6605	17
6606	17
6607	17
6608	17
6609	17
6610	17
6611	18
6612	18
6613	18
6614	18
6615	18
6616	18
6617	18
6618	18
6619	18
6620	18
6621	18
6622	18
6623	18
6624	18
6625	18
6626	18
6627	18
6628	18
6629	18
6630	18
6631	18
6632	18
6633	18
6634	18
6635	18
6636	18
6637	18
6638	18
6639	18
6640	18
6641	18
6642	18
6643	18
6644	18
6645	18
6646	18
6647	18
6648	18
6649	18
6650	18
6651	18
6652	18
6653	18
6654	18
6655	18
6656	18
6657	18
6658	18
6659	18
6660	18
6661	18
6662	18
6663	18
6664	18
6665	18
6666	18
6667	18
6668	18
6669	18
6670	18
6671	18
6672	18
6673	18
6674	18
6675	18
6676	18
6677	18
6678	18
6679	18
6680	18
6681	18
6682	18
6683	18
6684	18
6685	18
6686	18
6687	18
6688	18
6689	18
6690	18
6691	18
6692	18
6693	19
6694	19
6695	19
6696	19
6697	19
6698	19
6699	19
6700	19
6701	19
6702	19
6703	19
6704	19
6705	19
6706	19
6707	19
6708	19
6709	19
6710	19
6711	19
6712	19
6713	19
6714	19
6715	19
6716	19
6717	19
6718	19
6719	19
6720	19
6721	19
6722	19
6723	19
6724	19
6725	19
6726	19
6727	19
6728	19
6729	19
6730	19
6731	19
6732	19
6733	19
6734	19
6735	19
6736	19
6737	19
6738	19
6739	19
6740	19
6741	19
6742	19
6743	19
6744	19
6745	19
6746	19
6747	19
6748	19
6749	19
6750	19
6751	19
6752	19
6753	19
6754	19
6755	19
6756	19
6757	19
6758	19
6759	19
6760	19
6761	19
6762	19
6763	19
6764	19
6765	19
6766	19
6767	19
6768	19
6769	19
6770	19
6771	19
6772	19
6773	19
6774	19
6775	19
6776	19
6777	19
6778	19
6779	19
6780	19
6781	19
6782	19
6783	19
6784	19
6785	19
6786	19
6787	19
6788	19
6789	19
6790	19
6791	19
6792	19
6793	19
6794	19
6795	19
6796	19
6797	19
6798	19
6799	19
6800	19
6801	19
6802	19
6803	19
6804	19
6805	19
6806	19
6807	19
6808	19
6809	19
6810	19
6811	19
6812	19
6813	19
6814	19
6815	19
6816	19
6817	19
6818	19
6819	19
6820	19
6821	19
6822	19
6823	19
6824	19
6825	19
6826	19
6827	19
6828	19
6829	19
6830	19
6831	19
6832	19
6833	19
6834	19
6835	19
6836	19
6837	19
6838	19
6839	19
6840	19
6841	19
6842	19
6843	19
6844	19
6845	19
6846	19
6847	19
6848	19
6849	19
6850	19
6851	19
6852	19
6853	19
6854	19
6855	19
6856	19
6857	19
6858	19
6859	19
6860	19
6861	19
6862	19
6863	19
6864	19
6865	19
6866	19
6867	19
6868	19
6869	19
6870	19
6871	19
6872	19
6873	19
6874	19
6875	19
6876	19
6877	19
6878	19
6879	19
6880	19
6881	19
6882	19
6883	19
6884	19
6885	19
6886	19
6887	19
6888	19
6889	19
6890	19
6891	19
6892	19
6893	19
6894	19
6895	19
6896	19
6897	19
6898	19
6899	19
6900	19
6901	19
6902	19
6903	19
6904	19
6905	19
6906	19
6907	19
6908	19
6909	19
6910	19
6911	19
6912	19
6913	19
6914	19
6915	19
6916	19
6917	19
6918	19
6919	19
6920	19
6921	19
6922	19
6923	19
6924	19
6925	19
6926	19
6927	19
6928	19
6929	19
6930	19
6931	19
6932	19
6933	19
6934	19
6935	19
6936	20
6937	20
6938	20
6939	20
6940	20
6941	20
6942	20
6943	20
6944	20
6945	20
6946	20
6947	20
6948	20
6949	20
6950	20
6951	20
6952	20
6953	20
6954	20
6955	20
6956	20
6957	20
6958	20
6959	20
6960	20
6961	20
6962	20
6963	20
6964	20
6965	20
6966	20
6967	20
6968	20
6969	20
6970	20
6971	20
6972	20
6973	20
6974	20
6975	20
6976	20
6977	20
6978	20
6979	20
6980	20
6981	20
6982	20
6983	20
6984	20
6985	20
6986	20
6987	20
6988	20
6989	20
6990	20
6991	20
6992	20
6993	20
6994	20
6995	20
6996	20
6997	20
6998	20
6999	20
7000	20
7001	20
7002	20
7003	20
7004	20
7005	20
7006	20
7007	20
7008	20
7009	20
7010	20
7011	20
7012	20
7013	20
7014	20
7015	20
7016	20
7017	20
7018	20
7019	20
7020	20
7021	20
7022	20
7023	20
7024	20
7025	20
7026	20
7027	20
7028	20
7029	20
7030	20
7031	20
7032	20
7033	20
7034	20
7035	20
7036	20
7037	20
7038	20
7039	20
7040	20
7041	20
7042	21
7043	21
7044	21
7045	21
7046	21
7047	21
7048	21
7049	21
7050	21
7051	21
7052	21
7053	21
7054	21
7055	21
7056	21
7057	21
7058	21
7059	21
7060	21
7061	21
7062	21
7063	21
7064	21
7065	21
7066	21
7067	21
7068	21
7069	21
7070	21
7071	21
7072	21
7073	21
7074	21
7075	21
7076	21
7077	21
7078	21
7079	21
7080	21
7081	21
7082	21
7083	21
7084	21
7085	21
7086	21
7087	21
7088	21
7089	21
7090	21
7091	21
7092	21
7093	21
7094	21
7095	21
7096	21
7097	21
7098	21
7099	21
7100	21
7101	21
7102	21
7103	21
7104	21
7105	21
7106	21
7107	21
7108	21
7109	21
7110	21
7111	21
7112	21
7113	21
7114	21
7115	21
7116	21
7117	21
7118	21
7119	21
7120	21
7121	21
7122	21
7123	21
7124	21
7125	21
7126	21
7127	21
7128	21
7129	21
7130	21
7131	21
7132	21
7133	21
7134	21
7135	21
7136	21
7137	21
7138	21
7139	21
7140	21
7141	21
7142	21
7143	21
7144	21
7145	21
7146	21
7147	21
7148	21
7149	21
7150	21
7151	21
7152	21
7153	21
7154	21
7155	21
7156	21
7157	21
7158	21
7159	21
7160	21
7161	21
7162	21
7163	21
7164	21
7165	21
7166	21
7167	21
7168	21
7169	21
7170	21
7171	21
7172	21
7173	21
7174	21
7175	21
7176	21
7177	21
7178	21
7179	21
7180	21
7181	21
7182	21
7183	21
7184	21
7185	21
7186	21
7187	21
7188	21
7189	21
7190	21
7191	21
7192	21
7193	21
7194	21
7195	21
7196	21
7197	21
7198	21
7199	21
7200	21
7201	21
7202	21
7203	21
7204	21
7205	21
7206	21
7207	21
7208	21
7209	21
7210	21
7211	21
7212	21
7213	21
7214	21
7215	21
7216	21
7217	21
7218	21
7219	21
7220	21
7221	21
7222	21
7223	21
7224	21
7225	21
7226	21
7227	21
7228	21
7229	21
7230	21
7231	21
7232	21
7233	21
7234	21
7235	21
7236	21
7237	21
7238	21
7239	21
7240	21
7241	21
7242	21
7243	21
7244	21
7245	21
7246	21
7247	21
7248	21
7249	21
7250	21
7251	21
7252	21
7253	21
7254	21
7255	21
7256	21
7257	21
7258	21
7259	21
7260	21
7261	21
7262	22
7263	22
7264	22
7265	22
7266	22
7267	22
7268	22
7269	22
7270	22
7271	22
7272	22
7273	22
7274	22
7275	22
7276	22
7277	22
7278	22
7279	22
7280	22
7281	22
7282	22
7283	22
7284	22
7285	22
7286	22
7287	22
7288	22
7289	22
7290	22
7291	22
7292	22
7293	22
7294	22
7295	22
7296	22
7297	22
7298	22
7299	22
7300	22
7301	22
7302	22
7303	22
7304	22
7305	22
7306	22
7307	22
7308	22
7309	22
7310	22
7311	22
7312	22
7313	22
7314	22
7315	22
7316	22
7317	22
7318	22
7319	22
7320	22
7321	22
7322	22
7323	22
7324	22
7325	22
7326	22
7327	22
7328	22
7329	22
7330	22
7331	22
7332	22
7333	22
7334	22
7335	22
7336	22
7337	22
7338	22
7339	22
7340	22
7341	22
7342	22
7343	22
7344	22
7345	22
7346	22
7347	22
7348	22
7349	22
7350	22
7351	22
7352	22
7353	22
7354	22
7355	22
7356	22
7357	22
7358	22
7359	22
7360	22
7361	22
7362	22
7363	22
7364	22
7365	22
7366	22
7367	22
7368	22
7369	22
7370	22
7371	22
7372	22
7373	22
7374	22
7375	22
7376	22
7377	22
7378	22
7379	22
7380	22
7381	22
7382	22
7383	22
7384	22
7385	22
7386	22
7387	22
7388	22
7389	22
7390	22
7391	22
7392	22
7393	22
7394	22
7395	22
7396	22
7397	22
7398	22
7399	22
7400	22
7401	22
7402	22
7403	22
7404	22
7405	22
7406	22
7407	22
7408	22
7409	22
7410	22
7411	22
7412	22
7413	22
7414	22
7415	22
7416	22
7417	22
7418	22
7419	22
7420	22
7421	22
7422	22
7423	22
7424	22
7425	22
7426	22
7427	22
7428	22
7429	22
7430	22
7431	22
7432	22
7433	22
7434	22
7435	22
7436	22
7437	22
7438	22
7439	22
7440	22
7441	22
7442	22
7443	22
7444	22
7445	22
7446	22
7447	22
7448	22
7449	22
7450	22
7451	22
7452	22
7453	22
7454	22
7455	22
7456	22
7457	22
7458	22
7459	22
7460	22
7461	22
7462	22
7463	22
7464	22
7465	22
7466	22
7467	22
7468	22
7469	22
7470	22
7471	22
7472	22
7473	22
7474	22
7475	22
7476	22
7477	22
7478	22
7479	22
7480	22
7481	22
7482	22
7483	22
7484	22
7485	22
7486	22
7487	22
7488	22
7489	22
7490	22
7491	22
7492	22
7493	22
7494	22
7495	22
7496	22
7497	22
7498	22
7499	22
7500	22
7501	22
7502	22
7503	22
7504	22
7505	22
7506	22
7507	22
7508	22
7509	22
7510	22
7511	22
7512	22
7513	22
7514	22
7515	22
7516	22
7517	22
7518	22
7519	22
7520	22
7521	22
7522	22
7523	22
7524	22
7525	22
7526	22
7527	22
7528	22
7529	22
7530	22
7531	22
7532	22
7533	22
7534	22
7535	22
7536	22
7537	22
7538	22
7539	22
7540	22
7541	22
7542	22
7543	22
7544	22
7545	22
7546	22
7547	22
7548	22
7549	22
7550	22
7551	22
7552	22
7553	22
7554	23
7555	23
7556	23
7557	23
7558	23
7559	23
7560	23
7561	23
7562	23
7563	23
7564	23
7565	23
7566	23
7567	23
7568	23
7569	23
7570	23
7571	23
7572	23
7573	23
7574	23
7575	23
7576	23
7577	23
7578	23
7579	23
7580	23
7581	23
7582	23
7583	23
7584	23
7585	23
7586	23
7587	23
7588	23
7589	23
7590	23
7591	23
7592	23
7593	23
7594	23
7595	23
7596	23
7597	23
7598	23
7599	23
7600	23
7601	23
7602	23
7603	23
7604	23
7605	23
7606	23
7607	23
7608	23
7609	23
7610	23
7611	23
7612	23
7613	23
7614	23
7615	23
7616	23
7617	23
7618	23
7619	23
7620	23
7621	23
7622	23
7623	23
7624	23
7625	23
7626	23
7627	23
7628	23
7629	23
7630	23
7631	23
7632	23
7633	23
7634	23
7635	23
7636	23
7637	23
7638	23
7639	23
7640	23
7641	23
7642	23
7643	23
7644	23
7645	23
7646	23
7647	23
7648	23
7649	23
7650	23
7651	23
7652	23
7653	23
7654	23
7655	23
7656	23
7657	23
7658	23
7659	23
7660	23
7661	23
7662	23
7663	23
7664	23
7665	23
7666	23
7667	23
7668	23
7669	23
7670	23
7671	23
7672	24
7673	24
7674	24
7675	24
7676	24
7677	24
7678	24
7679	24
7680	24
7681	24
7682	24
7683	24
7684	24
7685	24
7686	24
7687	24
7688	24
7689	24
7690	24
7691	24
7692	24
7693	24
7694	24
7695	24
7696	24
7697	24
7698	24
7699	24
7700	24
7701	24
7702	24
7703	24
7704	24
7705	24
7706	24
7707	24
7708	24
7709	24
7710	24
7711	24
7712	24
7713	24
7714	24
7715	24
7716	24
7717	24
7718	24
7719	24
7720	24
7721	24
7722	24
7723	24
7724	24
7725	24
7726	24
7727	24
7728	24
7729	24
7730	24
7731	24
7732	24
7733	24
7734	24
7735	24
7736	24
7737	24
7738	24
7739	24
7740	24
7741	24
7742	24
7743	24
7744	24
7745	24
7746	24
7747	24
7748	24
7749	24
7750	24
7751	24
7752	24
7753	24
7754	24
7755	24
7756	24
7757	24
7758	24
7759	24
7760	24
7761	24
7762	24
7763	24
7764	24
7765	24
7766	24
7767	24
7768	24
7769	24
7770	24
7771	24
7772	24
7773	24
7774	24
7775	24
7776	24
7777	24
7778	24
7779	24
7780	24
7781	24
7782	24
7783	24
7784	24
7785	24
7786	24
7787	24
7788	24
7789	24
7790	24
7791	24
7792	24
7793	24
7794	24
7795	24
7796	24
7797	24
7798	24
7799	24
7800	24
7801	24
7802	24
7803	24
7804	24
7805	24
7806	24
7807	24
7808	24
7809	24
7810	24
7811	24
7812	24
7813	24
7814	24
7815	24
7816	24
7817	24
7818	24
7819	24
7820	24
7821	24
7822	24
7823	24
7824	24
7825	24
7826	24
7827	24
7828	24
7829	24
7830	24
7831	24
7832	24
7833	24
7834	24
7835	24
7836	24
7837	24
7838	24
7839	24
7840	24
7841	24
7842	24
7843	24
7844	24
7845	24
7846	24
7847	24
7848	24
7849	24
7850	24
7851	24
7852	24
7853	24
7854	24
7855	24
7856	24
7857	24
7858	24
7859	24
7860	24
7861	24
7862	24
7863	24
7864	24
7865	24
7866	24
7867	24
7868	24
7869	24
7870	24
7871	24
7872	24
7873	24
7874	24
7875	24
7876	24
7877	24
7878	24
7879	24
7880	24
7881	24
7882	24
7883	24
7884	24
7885	24
7886	24
7887	24
7888	24
7889	24
7890	24
7891	24
7892	24
7893	24
7894	24
7895	24
7896	24
7897	24
7898	24
7899	24
7900	24
7901	24
7902	24
7903	24
7904	24
7905	24
7906	24
7907	24
7908	24
7909	24
7910	24
7911	24
7912	24
7913	24
7914	24
7915	24
7916	24
7917	24
7918	24
7919	24
7920	24
7921	24
7922	24
7923	24
7924	24
7925	24
7926	24
7927	24
7928	24
7929	24
7930	24
7931	24
7932	24
7933	24
7934	24
7935	24
7936	24
7937	24
7938	24
7939	24
7940	24
7941	24
7942	24
7943	24
7944	24
7945	24
7946	24
7947	24
7948	24
7949	24
7950	24
7951	24
7952	24
7953	24
7954	24
7955	25
7956	25
7957	25
7958	25
7959	25
7960	25
7961	25
7962	25
7963	25
7964	25
7965	25
7966	25
7967	25
7968	25
7969	25
7970	25
7971	25
7972	25
7973	25
7974	25
7975	25
7976	25
7977	25
7978	25
7979	25
7980	25
7981	25
7982	25
7983	25
7984	25
7985	25
7986	25
7987	25
7988	25
7989	25
7990	25
7991	25
7992	25
7993	25
7994	25
7995	25
7996	25
7997	25
7998	25
7999	25
8000	25
8001	25
8002	25
8003	25
8004	25
8005	25
8006	25
8007	25
8008	25
8009	25
8010	25
8011	25
8012	25
8013	25
8014	25
8015	25
8016	25
8017	25
8018	25
8019	25
8020	25
8021	25
8022	25
8023	25
8024	25
8025	25
8026	25
8027	25
8028	25
8029	25
8030	25
8031	25
8032	25
8033	25
8034	25
8035	25
8036	25
8037	25
8038	25
8039	25
8040	25
8041	25
8042	25
8043	25
8044	25
8045	25
8046	25
8047	26
8048	26
8049	26
8050	26
8051	26
8052	26
8053	26
8054	26
8055	26
8056	26
8057	26
8058	26
8059	26
8060	26
8061	26
8062	26
8063	26
8064	26
8065	26
8066	26
8067	26
8068	26
8069	26
8070	26
8071	26
8072	26
8073	26
8074	26
8075	26
8076	26
8077	26
8078	26
8079	26
8080	26
8081	26
8082	26
8083	26
8084	26
8085	26
8086	26
8087	26
8088	26
8089	26
8090	26
8091	26
8092	26
8093	26
8094	26
8095	26
8096	26
8097	26
8098	26
8099	26
8100	26
8101	26
8102	26
8103	26
8104	26
8105	26
8106	26
8107	26
8108	26
8109	26
8110	26
8111	26
8112	26
8113	26
8114	26
8115	26
8116	26
8117	26
8118	26
8119	26
8120	26
8121	26
8122	26
8123	26
8124	26
8125	26
8126	26
8127	26
8128	26
8129	26
8130	26
8131	26
8132	26
8133	26
8134	26
8135	26
8136	26
8137	26
8138	26
8139	26
8140	26
8141	26
8142	26
8143	26
8144	26
8145	26
8146	26
8147	26
8148	26
8149	26
8150	26
8151	26
8152	26
8153	27
8154	27
8155	27
8156	27
8157	27
8158	27
8159	27
8160	27
8161	27
8162	27
8163	27
8164	27
8165	27
8166	27
8167	27
8168	27
8169	27
8170	27
8171	27
8172	27
8173	27
8174	27
8175	27
8176	27
8177	27
8178	27
8179	27
8180	27
8181	27
8182	27
8183	27
8184	27
8185	27
8186	27
8187	27
8188	27
8189	27
8190	27
8191	27
8192	27
8193	27
8194	27
8195	27
8196	27
8197	27
8198	27
8199	27
8200	27
8201	27
8202	27
8203	27
8204	27
8205	27
8206	27
8207	27
8208	27
8209	27
8210	27
8211	27
8212	27
8213	27
8214	27
8215	27
8216	27
8217	27
8218	27
8219	27
8220	27
8221	27
8222	27
8223	27
8224	27
8225	27
8226	27
8227	27
8228	27
8229	27
8230	27
8231	27
8232	27
8233	27
8234	27
8235	27
8236	27
8237	27
8238	27
8239	27
8240	27
8241	27
8242	27
8243	27
8244	27
8245	27
8246	27
8247	27
8248	27
8249	27
8250	27
8251	27
8252	27
8253	27
8254	27
8255	27
8256	27
8257	27
8258	27
8259	27
8260	27
8261	27
8262	27
8263	27
8264	27
8265	27
8266	27
8267	27
8268	27
8269	27
8270	27
8271	27
8272	27
8273	27
8274	27
8275	27
8276	27
8277	28
8278	28
8279	28
8280	28
8281	28
8282	28
8283	28
8284	28
8285	28
8286	28
8287	28
8288	28
8289	28
8290	28
8291	28
8292	28
8293	28
8294	28
8295	28
8296	28
8297	28
8298	28
8299	28
8300	28
8301	28
8302	28
8303	28
8304	28
8305	28
8306	28
8307	28
8308	28
8309	28
8310	28
8311	28
8312	28
8313	28
8314	28
8315	28
8316	28
8317	28
8318	28
8319	28
8320	28
8321	28
8322	28
8323	28
8324	28
8325	28
8326	28
8327	28
8328	28
8329	28
8330	28
8331	28
8332	28
8333	28
8334	28
8335	28
8336	28
8337	28
8338	28
8339	28
8340	28
8341	28
8342	28
8343	28
8344	28
8345	28
8346	28
8347	28
8348	28
8349	28
8350	28
8351	28
8352	28
8353	28
8354	28
8355	28
8356	28
8357	28
8358	28
8359	28
8360	28
8361	28
8362	28
8363	28
8364	28
8365	28
8366	28
8367	28
8368	28
8369	28
8370	28
8371	28
8372	28
8373	28
8374	28
8375	28
8376	28
8377	28
8378	28
8379	28
8380	28
8381	28
8382	28
8383	28
8384	28
8385	28
8386	28
8387	28
8388	28
8389	28
8390	28
8391	29
8392	29
8393	29
8394	29
8395	29
8396	29
8397	29
8398	29
8399	29
8400	29
8401	29
8402	29
8403	29
8404	29
8405	29
8406	29
8407	29
8408	29
8409	29
8410	29
8411	29
8412	29
8413	29
8414	29
8415	29
8416	29
8417	29
8418	29
8419	29
8420	29
8421	29
8422	29
8423	29
8424	29
8425	29
8426	29
8427	29
8428	29
8429	29
8430	29
8431	29
8432	29
8433	29
8434	29
8435	29
8436	29
8437	29
8438	29
8439	29
8440	29
8441	29
8442	29
8443	29
8444	29
8445	29
8446	29
8447	29
8448	29
8449	29
8450	29
8451	29
8452	29
8453	29
8454	29
8455	29
8456	29
8457	29
8458	29
8459	29
8460	29
8461	29
8462	29
8463	29
8464	29
8465	29
8466	29
8467	29
8468	29
8469	29
8470	29
8471	29
8472	29
8473	29
8474	29
8475	29
8476	29
8477	29
8478	29
8479	29
8480	29
8481	29
8482	29
8483	29
8484	29
8485	29
8486	29
8487	29
8488	29
8489	29
8490	29
8491	29
8492	29
8493	29
8494	29
8495	29
8496	29
8497	29
8498	29
8499	29
8500	29
8501	29
8502	29
8503	29
8504	29
8505	29
8506	29
8507	29
8508	29
8509	29
8510	29
8511	29
8512	29
8513	29
8514	29
8515	29
8516	29
8517	29
8518	29
8519	29
8520	29
8521	29
8522	29
8523	29
8524	29
8525	29
8526	29
8527	29
8528	29
8529	29
8530	29
8531	29
8532	29
8533	29
8534	29
8535	29
8536	29
8537	29
8538	29
8539	29
8540	29
8541	29
8542	29
8543	29
8544	29
8545	29
8546	29
8547	29
8548	29
8549	29
8550	29
8551	29
8552	29
8553	29
8554	29
8555	29
8556	29
8557	29
8558	29
8559	29
8560	29
8561	29
8562	29
8563	29
8564	29
8565	29
8566	29
8567	29
8568	29
8569	29
8570	29
8571	29
8572	29
8573	29
8574	29
8575	29
8576	29
8577	29
8578	29
8579	29
8580	29
8581	29
8582	29
8583	29
8584	29
8585	29
8586	29
8587	29
8588	29
8589	29
8590	29
8591	29
8592	29
8593	29
8594	29
8595	29
8596	29
8597	29
8598	29
8599	29
8600	29
8601	29
8602	29
8603	29
8604	29
8605	29
8606	29
8607	29
8608	29
8609	29
8610	29
8611	29
8612	29
8613	29
8614	29
8615	29
8616	30
8617	30
8618	30
8619	30
8620	30
8621	30
8622	30
8623	30
8624	30
8625	30
8626	30
8627	30
8628	30
8629	30
8630	30
8631	30
8632	30
8633	30
8634	30
8635	30
8636	30
8637	30
8638	30
8639	30
8640	30
8641	30
8642	30
8643	30
8644	30
8645	30
8646	30
8647	30
8648	30
8649	30
8650	30
8651	30
8652	30
8653	30
8654	30
8655	30
8656	30
8657	30
8658	30
8659	30
8660	30
8661	30
8662	30
8663	30
8664	30
8665	30
8666	30
8667	30
8668	30
8669	30
8670	30
8671	30
8672	30
8673	30
8674	30
8675	30
8676	30
8677	30
8678	30
8679	30
8680	30
8681	30
8682	30
8683	30
8684	30
8685	30
8686	30
8687	30
8688	30
8689	30
8690	30
8691	30
8692	30
8693	30
8694	30
8695	30
8696	30
8697	30
8698	30
8699	30
8700	30
8701	30
8702	30
8703	30
8704	30
8705	30
8706	30
8707	30
8708	30
8709	30
8710	30
8711	30
8712	30
8713	30
8714	30
8715	30
8716	30
8717	30
8718	30
8719	30
8720	30
8721	30
8722	30
8723	30
8724	30
8725	30
8726	30
8727	30
8728	30
8729	30
8730	30
8731	30
8732	30
8733	30
8734	30
8735	30
8736	30
8737	30
8738	30
8739	30
8740	30
8741	30
8742	30
8743	30
8744	30
8745	30
8746	30
8747	30
8748	30
8749	30
8750	30
8751	30
8752	30
8753	30
8754	30
8755	30
8756	30
8757	30
8758	30
8759	30
8760	30
8761	30
8762	30
8763	30
8764	30
8765	30
8766	30
8767	30
8768	30
8769	30
8770	30
8771	30
8772	30
8773	30
8774	30
8775	30
8776	30
8777	30
8778	30
8779	30
8780	30
8781	30
8782	30
8783	31
8784	31
8785	31
8786	31
8787	31
8788	31
8789	31
8790	31
8791	31
8792	31
8793	31
8794	31
8795	31
8796	31
8797	31
8798	31
8799	31
8800	31
8801	31
8802	31
8803	31
8804	31
8805	31
8806	31
8807	31
8808	31
8809	31
8810	31
8811	31
8812	31
8813	31
8814	31
8815	31
8816	31
8817	31
8818	31
8819	31
8820	31
8821	31
8822	31
8823	31
8824	31
8825	31
8826	31
8827	31
8828	31
8829	31
8830	31
8831	31
8832	31
8833	31
8834	31
8835	31
8836	31
8837	31
8838	31
8839	31
8840	31
8841	31
8842	31
8843	31
8844	31
8845	31
8846	32
8847	32
8848	32
8849	32
8850	32
8851	32
8852	32
8853	32
8854	32
8855	32
8856	32
8857	32
8858	32
8859	32
8860	32
8861	32
8862	32
8863	32
8864	32
8865	32
8866	32
8867	32
8868	32
8869	32
8870	32
8871	32
8872	32
8873	32
8874	32
8875	32
8876	32
8877	32
8878	32
8879	32
8880	32
8881	32
8882	32
8883	32
8884	32
8885	32
8886	32
8887	32
8888	32
8889	32
8890	32
8891	32
8892	32
8893	32
8894	32
8895	32
8896	32
8897	32
8898	32
8899	32
8900	32
8901	32
8902	32
8903	32
8904	32
8905	32
8906	32
8907	32
8908	32
8909	32
8910	32
8911	32
8912	32
8913	32
8914	32
8915	32
8916	32
8917	32
8918	32
8919	32
8920	32
8921	32
8922	32
8923	32
8924	32
8925	32
8926	32
8927	32
8928	32
8929	32
8930	32
8931	32
8932	32
8933	32
8934	32
8935	32
8936	32
8937	32
8938	32
8939	32
8940	32
8941	32
8942	32
8943	32
8944	32
8945	32
8946	32
8947	32
8948	32
8949	32
8950	32
8951	32
8952	32
8953	32
8954	32
8955	32
8956	32
8957	32
8958	32
8959	32
8960	32
8961	32
8962	32
8963	32
8964	32
8965	32
8966	32
8967	32
8968	32
8969	32
8970	32
8971	32
8972	32
8973	32
8974	32
8975	32
8976	32
8977	32
8978	32
8979	32
8980	32
8981	32
8982	32
8983	32
8984	32
8985	32
8986	32
8987	32
8988	32
8989	32
8990	32
8991	32
8992	32
8993	32
8994	33
8995	33
8996	33
8997	33
8998	33
8999	33
9000	33
9001	33
9002	33
9003	33
9004	33
9005	33
9006	33
9007	33
9008	33
9009	33
9010	33
9011	33
9012	33
9013	33
9014	33
9015	33
9016	33
9017	33
9018	33
9019	33
9020	33
9021	33
9022	33
9023	33
9024	33
9025	33
9026	33
9027	33
9028	33
9029	33
9030	33
9031	33
9032	33
9033	33
9034	33
9035	33
9036	33
9037	33
9038	33
9039	33
9040	33
9041	33
9042	33
9043	33
9044	33
9045	33
9046	33
9047	33
9048	33
9049	33
9050	33
9051	34
9052	34
9053	34
9054	34
9055	34
9056	34
9057	34
9058	34
9059	34
9060	34
9061	34
9062	34
9063	34
9064	34
9065	34
9066	34
9067	34
9068	34
9069	34
9070	34
9071	34
9072	34
9073	34
9074	34
9075	34
9076	34
9077	34
9078	34
9079	34
9080	34
9081	34
9082	34
9083	34
9084	34
9085	34
9086	34
9087	34
9088	34
9089	34
9090	34
9091	34
9092	34
9093	34
9094	34
9095	34
9096	34
9097	34
9098	34
9099	34
9100	34
9101	34
9102	34
9103	34
9104	34
9105	34
9106	34
9107	34
9108	34
9109	34
9110	34
9111	34
9112	34
9113	34
9114	34
9115	34
9116	34
9117	34
9118	34
9119	34
9120	34
9121	34
9122	34
9123	34
9124	34
9125	34
9126	34
9127	34
9128	34
9129	34
9130	34
9131	34
9132	34
9133	34
9134	34
9135	34
9136	34
9137	34
9138	34
9139	34
9140	34
9141	34
9142	34
9143	34
9144	34
9145	34
9146	34
9147	34
9148	34
9149	34
9150	34
9151	34
9152	34
9153	34
9154	34
9155	34
9156	34
9157	34
9158	34
9159	34
9160	34
9161	34
9162	34
9163	34
9164	34
9165	34
9166	34
9167	34
9168	34
9169	34
9170	34
9171	34
9172	34
9173	34
9174	34
9175	34
9176	34
9177	34
9178	34
9179	34
9180	34
9181	34
9182	34
9183	34
9184	34
9185	34
9186	34
9187	34
9188	34
9189	34
9190	34
9191	34
9192	34
9193	34
9194	34
9195	34
9196	34
9197	34
9198	34
9199	34
9200	34
9201	34
9202	34
9203	34
9204	34
9205	34
9206	34
9207	34
9208	34
9209	34
9210	34
9211	34
9212	34
9213	34
9214	34
9215	34
9216	34
9217	34
9218	34
9219	34
9220	34
9221	34
9222	34
9223	34
9224	34
9225	34
9226	35
9227	35
9228	35
9229	35
9230	35
9231	35
9232	35
9233	35
9234	35
9235	35
9236	35
9237	35
9238	35
9239	35
9240	35
9241	35
9242	35
9243	35
9244	35
9245	35
9246	35
9247	35
9248	35
9249	35
9250	35
9251	35
9252	35
9253	35
9254	35
9255	35
9256	35
9257	35
9258	35
9259	35
9260	35
9261	35
9262	35
9263	35
9264	35
9265	35
9266	35
9267	35
9268	35
9269	35
9270	35
9271	35
9272	35
9273	35
9274	35
9275	35
9276	35
9277	35
9278	35
9279	35
9280	35
9281	35
9282	35
9283	35
9284	35
9285	35
9286	35
9287	35
9288	35
9289	35
9290	35
9291	35
9292	35
9293	35
9294	35
9295	35
9296	35
9297	35
9298	35
9299	35
9300	35
9301	35
9302	35
9303	35
9304	35
9305	35
9306	35
9307	35
9308	35
9309	35
9310	35
9311	35
9312	35
9313	35
9314	35
9315	35
9316	35
9317	35
9318	35
9319	35
9320	35
9321	35
9322	35
9323	35
9324	35
9325	35
9326	35
9327	35
9328	35
9329	35
9330	35
9331	35
9332	35
9333	35
9334	35
9335	35
9336	35
9337	35
9338	35
9339	35
9340	35
9341	35
9342	35
9343	35
9344	35
9345	35
9346	35
9347	35
9348	35
9349	35
9350	35
9351	35
9352	35
9353	35
9354	35
9355	35
9356	35
9357	35
9358	35
9359	35
9360	35
9361	35
9362	35
9363	35
9364	35
9365	35
9366	35
9367	35
9368	35
9369	35
9370	35
9371	35
9372	35
9373	35
9374	35
9375	35
9376	35
9377	35
9378	35
9379	35
9380	35
9381	35
9382	35
9383	35
9384	35
9385	35
9386	35
9387	35
9388	35
9389	35
9390	35
9391	35
9392	35
9393	35
9394	35
9395	35
9396	35
9397	35
9398	35
9399	35
9400	35
9401	35
9402	35
9403	35
9404	35
9405	35
9406	35
9407	35
9408	35
9409	35
9410	35
9411	35
9412	35
9413	35
9414	35
9415	35
9416	35
9417	35
9418	35
9419	35
9420	35
9421	36
9422	36
9423	36
9424	36
9425	36
9426	36
9427	36
9428	36
9429	36
9430	36
9431	36
9432	36
9433	36
9434	36
9435	36
9436	36
9437	36
9438	36
9439	36
9440	36
9441	36
9442	36
9443	36
9444	36
9445	36
9446	36
9447	36
9448	36
9449	36
9450	36
9451	36
9452	36
9453	36
9454	36
9455	36
9456	36
9457	36
9458	36
9459	36
9460	36
9461	36
9462	36
9463	36
9464	36
9465	36
9466	36
9467	36
9468	36
9469	36
9470	36
9471	36
9472	36
9473	36
9474	36
9475	36
9476	36
9477	36
9478	36
9479	36
9480	36
9481	36
9482	36
9483	36
9484	36
9485	36
9486	36
9487	36
9488	36
9489	36
9490	36
9491	36
9492	36
9493	36
9494	36
9495	36
9496	36
9497	36
9498	36
9499	36
9500	36
9501	36
9502	36
9503	36
9504	36
9505	36
9506	36
9507	36
9508	36
9509	36
9510	36
9511	36
9512	36
9513	36
9514	36
9515	36
9516	36
9517	36
9518	36
9519	36
9520	36
9521	36
9522	36
9523	36
9524	36
9525	36
9526	36
9527	36
9528	36
9529	36
9530	36
9531	36
9532	36
9533	36
9534	36
9535	36
9536	36
9537	36
9538	36
9539	36
9540	36
9541	36
9542	36
9543	36
9544	36
9545	36
9546	36
9547	36
9548	36
9549	36
9550	36
9551	36
9552	36
9553	36
9554	36
9555	36
9556	36
9557	36
9558	36
9559	36
9560	36
9561	36
9562	36
9563	36
9564	36
9565	36
9566	36
9567	36
9568	36
9569	36
9570	36
9571	36
9572	36
9573	36
9574	36
9575	36
9576	36
9577	36
9578	36
9579	36
9580	36
9581	36
9582	36
9583	36
9584	36
9585	36
9586	36
9587	36
9588	36
9589	36
9590	36
9591	36
9592	36
9593	36
9594	36
9595	36
9596	36
9597	36
9598	36
9599	36
9600	36
9601	36
9602	36
9603	36
9604	36
9605	36
9606	36
9607	36
9608	36
9609	36
9610	36
9611	36
9612	36
9613	36
9614	36
9615	36
9616	36
9617	36
9618	36
9619	36
9620	36
9621	36
9622	36
9623	36
9624	36
9625	36
9626	36
9627	36
9628	36
9629	36
9630	36
9631	36
9632	36
9633	36
9634	36
9635	36
9636	36
9637	36
9638	36
9639	36
9640	36
9641	36
9642	36
9643	36
9644	36
9645	36
9646	36
9647	36
9648	36
9649	36
9650	36
9651	36
9652	36
9653	36
9654	36
9655	36
9656	36
9657	36
9658	36
9659	36
9660	36
9661	36
9662	36
9663	36
9664	36
9665	36
9666	36
9667	36
9668	36
9669	36
9670	36
9671	36
9672	36
9673	36
9674	36
9675	36
9676	36
9677	36
9678	36
9679	36
9680	36
9681	36
9682	36
9683	36
9684	36
9685	36
9686	36
9687	36
9688	36
9689	36
9690	36
9691	36
9692	36
9693	36
9694	36
9695	36
9696	36
9697	36
9698	36
9699	36
9700	36
9701	36
9702	36
9703	36
9704	36
9705	36
9706	36
9707	36
9708	36
9709	36
9710	36
9711	36
9712	36
9713	36
9714	36
9715	36
9716	36
9717	36
9718	36
9719	36
9720	36
9721	36
9722	36
9723	36
9724	36
9725	36
9726	36
9727	36
9728	36
9729	36
9730	36
9731	36
9732	36
9733	36
9734	36
9735	36
9736	36
9737	36
9738	36
9739	36
9740	36
9741	36
9742	36
9743	36
9744	36
9745	36
9746	36
9747	36
9748	36
9749	36
9750	36
9751	36
9752	36
9753	36
9754	36
9755	36
9756	36
9757	36
9758	36
9759	36
9760	36
9761	36
9762	36
9763	36
9764	36
9765	36
9766	36
9767	36
9768	36
9769	36
9770	36
9771	36
9772	36
9773	36
9774	36
9775	36
9776	36
9777	36
9778	36
9779	36
9780	36
9781	36
9782	36
9783	36
9784	36
9785	36
9786	36
9787	36
9788	36
9789	36
9790	36
9791	36
9792	36
9793	36
9794	36
9795	36
9796	36
9797	36
9798	36
9799	36
9800	36
9801	36
9802	36
9803	36
9804	36
9805	36
9806	36
9807	36
9808	36
9809	36
9810	36
9811	36
9812	36
9813	36
9814	36
9815	36
9816	36
9817	36
9818	36
9819	36
9820	36
9821	36
9822	36
9823	36
9824	36
9825	36
9826	36
9827	36
9828	36
9829	36
9830	36
9831	36
9832	36
9833	36
9834	36
9835	36
9836	36
9837	36
9838	36
9839	36
9840	36
9841	36
9842	36
9843	36
9844	36
9845	36
9846	36
9847	36
9848	36
9849	36
9850	36
9851	36
9852	36
9853	36
9854	36
9855	36
9856	36
9857	36
9858	36
9859	36
9860	36
9861	36
9862	36
9863	36
9864	36
9865	36
9866	36
9867	36
9868	36
9869	36
9870	36
9871	36
9872	36
9873	36
9874	36
9875	37
9876	37
9877	37
9878	37
9879	37
9880	37
9881	37
9882	37
9883	37
9884	37
9885	37
9886	37
9887	37
9888	37
9889	37
9890	37
9891	37
9892	37
9893	37
9894	37
9895	37
9896	37
9897	37
9898	37
9899	37
9900	37
9901	37
9902	37
9903	37
9904	37
9905	37
9906	37
9907	37
9908	37
9909	37
9910	37
9911	37
9912	37
9913	37
9914	37
9915	37
9916	37
9917	37
9918	37
9919	37
9920	37
9921	37
9922	37
9923	37
9924	37
9925	37
9926	37
9927	37
9928	37
9929	37
9930	37
9931	37
9932	37
9933	37
9934	37
9935	37
9936	37
9937	37
9938	37
9939	37
9940	37
9941	37
9942	37
9943	37
9944	37
9945	37
9946	37
9947	37
9948	37
9949	37
9950	37
9951	37
9952	37
9953	37
9954	37
9955	37
9956	37
9957	37
9958	37
9959	37
9960	37
9961	37
9962	37
9963	37
9964	37
9965	37
9966	37
9967	37
9968	37
9969	37
9970	37
9971	37
9972	37
9973	37
9974	37
9975	37
9976	37
9977	37
9978	37
9979	37
9980	37
9981	37
9982	37
9983	37
9984	37
9985	37
9986	37
9987	37
9988	37
9989	37
9990	37
9991	37
9992	37
9993	37
9994	37
9995	37
9996	37
9997	37
9998	37
9999	37
10000	37
