#Clock	ItemsCollected
1	0
2	0
3	0
4	0
5	0
6	0
7	0
8	0
9	0
10	0
11	0
12	0
13	0
14	0
15	0
16	0
17	0
18	0
19	0
20	0
21	0
22	0
23	0
24	0
25	0
26	0
27	0
28	0
29	0
30	0
31	0
32	0
33	0
34	0
35	0
36	0
37	0
38	0
39	0
40	0
41	0
42	0
43	0
44	0
45	0
46	0
47	0
48	0
49	0
50	0
51	0
52	0
53	0
54	0
55	0
56	0
57	0
58	0
59	0
60	0
61	0
62	0
63	0
64	0
65	0
66	0
67	0
68	0
69	0
70	0
71	0
72	0
73	0
74	0
75	0
76	0
77	0
78	0
79	0
80	0
81	0
82	0
83	0
84	0
85	0
86	0
87	0
88	0
89	0
90	0
91	0
92	0
93	0
94	0
95	0
96	0
97	0
98	0
99	0
100	0
101	0
102	0
103	0
104	0
105	0
106	0
107	0
108	0
109	0
110	0
111	0
112	0
113	0
114	0
115	0
116	0
117	0
118	0
119	0
120	0
121	0
122	0
123	0
124	0
125	0
126	0
127	0
128	0
129	0
130	0
131	0
132	0
133	0
134	0
135	0
136	0
137	0
138	0
139	0
140	0
141	0
142	0
143	0
144	0
145	0
146	0
147	0
148	0
149	0
150	0
151	0
152	0
153	0
154	0
155	0
156	0
157	0
158	0
159	0
160	0
161	0
162	0
163	0
164	0
165	0
166	0
167	0
168	0
169	0
170	0
171	0
172	0
173	0
174	0
175	0
176	0
177	0
178	0
179	0
180	0
181	0
182	0
183	0
184	0
185	0
186	0
187	0
188	0
189	0
190	0
191	0
192	0
193	0
194	0
195	0
196	0
197	0
198	0
199	0
200	0
201	0
202	0
203	0
204	0
205	0
206	0
207	0
208	0
209	0
210	0
211	0
212	0
213	0
214	0
215	0
216	0
217	0
218	0
219	0
220	0
221	0
222	0
223	0
224	0
225	0
226	0
227	0
228	0
229	0
230	0
231	0
232	0
233	0
234	0
235	0
236	0
237	0
238	0
239	0
240	0
241	0
242	0
243	0
244	0
245	0
246	0
247	0
248	0
249	0
250	0
251	0
252	0
253	0
254	0
255	0
256	0
257	0
258	0
259	0
260	0
261	0
262	0
263	0
264	0
265	0
266	0
267	0
268	0
269	0
270	0
271	0
272	0
273	0
274	0
275	0
276	0
277	0
278	0
279	0
280	0
281	0
282	0
283	0
284	0
285	0
286	0
287	0
288	0
289	0
290	0
291	0
292	0
293	0
294	0
295	0
296	0
297	0
298	0
299	0
300	0
301	0
302	0
303	0
304	0
305	0
306	0
307	0
308	0
309	0
310	0
311	0
312	0
313	0
314	0
315	0
316	0
317	0
318	0
319	0
320	0
321	0
322	0
323	0
324	0
325	0
326	0
327	0
328	0
329	0
330	0
331	0
332	0
333	0
334	0
335	0
336	0
337	0
338	0
339	0
340	0
341	0
342	0
343	0
344	0
345	0
346	0
347	0
348	0
349	0
350	0
351	0
352	0
353	0
354	0
355	0
356	0
357	0
358	0
359	0
360	0
361	0
362	0
363	0
364	0
365	0
366	0
367	0
368	0
369	0
370	0
371	0
372	0
373	0
374	0
375	0
376	0
377	0
378	0
379	0
380	0
381	0
382	0
383	0
384	0
385	0
386	0
387	0
388	0
389	0
390	0
391	0
392	0
393	0
394	0
395	0
396	0
397	0
398	0
399	0
400	0
401	0
402	0
403	0
404	0
405	0
406	0
407	0
408	0
409	0
410	0
411	0
412	0
413	0
414	0
415	0
416	0
417	0
418	0
419	0
420	0
421	0
422	0
423	0
424	0
425	0
426	0
427	0
428	0
429	0
430	0
431	0
432	0
433	0
434	0
435	0
436	0
437	0
438	0
439	0
440	0
441	0
442	0
443	0
444	0
445	0
446	0
447	0
448	0
449	0
450	0
451	0
452	0
453	0
454	0
455	0
456	0
457	0
458	0
459	0
460	0
461	0
462	0
463	0
464	0
465	0
466	0
467	0
468	0
469	0
470	0
471	0
472	0
473	0
474	0
475	0
476	0
477	0
478	0
479	0
480	0
481	0
482	0
483	0
484	0
485	0
486	0
487	0
488	0
489	0
490	0
491	0
492	0
493	0
494	0
495	0
496	0
497	0
498	0
499	0
500	0
501	0
502	0
503	0
504	0
505	0
506	0
507	0
508	0
509	0
510	0
511	0
512	0
513	0
514	0
515	0
516	0
517	0
518	0
519	0
520	0
521	0
522	0
523	0
524	0
525	0
526	0
527	0
528	0
529	0
530	0
531	0
532	0
533	0
534	0
535	0
536	0
537	0
538	0
539	0
540	0
541	0
542	0
543	0
544	0
545	0
546	0
547	0
548	0
549	0
550	0
551	0
552	0
553	0
554	0
555	0
556	0
557	0
558	0
559	0
560	0
561	0
562	0
563	0
564	0
565	0
566	0
567	0
568	0
569	0
570	0
571	0
572	0
573	0
574	0
575	0
576	0
577	0
578	0
579	0
580	0
581	0
582	0
583	0
584	0
585	0
586	0
587	0
588	0
589	0
590	0
591	0
592	0
593	0
594	0
595	0
596	0
597	0
598	0
599	0
600	0
601	0
602	0
603	0
604	0
605	0
606	0
607	0
608	0
609	0
610	0
611	0
612	0
613	0
614	0
615	0
616	0
617	0
618	0
619	0
620	0
621	0
622	0
623	0
624	0
625	0
626	0
627	0
628	0
629	0
630	0
631	0
632	0
633	0
634	0
635	0
636	0
637	0
638	0
639	0
640	0
641	0
642	0
643	0
644	0
645	0
646	0
647	0
648	0
649	0
650	0
651	0
652	0
653	0
654	0
655	0
656	0
657	0
658	0
659	0
660	0
661	0
662	0
663	0
664	0
665	0
666	0
667	0
668	0
669	0
670	0
671	0
672	0
673	0
674	0
675	0
676	0
677	0
678	0
679	0
680	0
681	0
682	0
683	0
684	0
685	0
686	0
687	0
688	0
689	0
690	0
691	0
692	0
693	0
694	0
695	0
696	0
697	0
698	0
699	0
700	0
701	0
702	0
703	0
704	0
705	0
706	0
707	0
708	0
709	0
710	0
711	0
712	0
713	0
714	0
715	0
716	0
717	0
718	0
719	0
720	0
721	0
722	0
723	0
724	0
725	0
726	0
727	0
728	0
729	0
730	0
731	0
732	0
733	0
734	0
735	0
736	0
737	0
738	0
739	0
740	0
741	0
742	0
743	0
744	0
745	0
746	0
747	0
748	0
749	0
750	0
751	0
752	0
753	0
754	0
755	0
756	0
757	0
758	0
759	0
760	0
761	0
762	0
763	0
764	0
765	0
766	0
767	0
768	0
769	0
770	0
771	0
772	0
773	0
774	0
775	0
776	0
777	0
778	0
779	0
780	0
781	0
782	0
783	0
784	0
785	0
786	0
787	0
788	0
789	0
790	0
791	0
792	0
793	0
794	0
795	0
796	0
797	0
798	0
799	0
800	0
801	0
802	0
803	0
804	0
805	0
806	0
807	0
808	0
809	0
810	0
811	0
812	0
813	0
814	0
815	0
816	0
817	0
818	0
819	0
820	0
821	0
822	0
823	0
824	0
825	0
826	0
827	0
828	0
829	0
830	0
831	0
832	0
833	0
834	0
835	0
836	0
837	0
838	0
839	0
840	0
841	0
842	0
843	0
844	0
845	0
846	0
847	0
848	0
849	0
850	0
851	0
852	0
853	0
854	0
855	0
856	0
857	0
858	0
859	0
860	0
861	0
862	0
863	0
864	0
865	0
866	0
867	0
868	0
869	0
870	0
871	0
872	0
873	0
874	0
875	0
876	0
877	0
878	0
879	0
880	0
881	0
882	0
883	0
884	0
885	0
886	0
887	0
888	0
889	0
890	0
891	0
892	0
893	0
894	0
895	0
896	0
897	0
898	0
899	0
900	0
901	0
902	0
903	0
904	0
905	0
906	0
907	0
908	0
909	0
910	0
911	0
912	0
913	0
914	0
915	0
916	0
917	0
918	0
919	0
920	0
921	0
922	0
923	0
924	0
925	0
926	0
927	0
928	0
929	0
930	0
931	0
932	0
933	0
934	0
935	0
936	0
937	0
938	0
939	0
940	0
941	0
942	0
943	0
944	0
945	0
946	0
947	0
948	0
949	0
950	0
951	0
952	0
953	0
954	0
955	0
956	0
957	0
958	0
959	0
960	0
961	0
962	0
963	0
964	0
965	0
966	0
967	0
968	0
969	0
970	0
971	0
972	0
973	0
974	0
975	0
976	0
977	0
978	0
979	0
980	0
981	0
982	0
983	0
984	0
985	0
986	0
987	0
988	0
989	0
990	0
991	0
992	0
993	0
994	0
995	0
996	0
997	0
998	0
999	0
1000	0
1001	0
1002	0
1003	0
1004	0
1005	0
1006	0
1007	0
1008	0
1009	0
1010	0
1011	0
1012	0
1013	0
1014	0
1015	0
1016	0
1017	0
1018	0
1019	0
1020	0
1021	0
1022	0
1023	0
1024	0
1025	0
1026	0
1027	0
1028	0
1029	0
1030	0
1031	0
1032	0
1033	0
1034	0
1035	0
1036	0
1037	0
1038	0
1039	0
1040	0
1041	0
1042	0
1043	0
1044	0
1045	0
1046	0
1047	0
1048	0
1049	0
1050	0
1051	0
1052	0
1053	0
1054	0
1055	0
1056	0
1057	0
1058	0
1059	0
1060	0
1061	0
1062	0
1063	0
1064	0
1065	0
1066	0
1067	0
1068	0
1069	0
1070	0
1071	0
1072	0
1073	0
1074	0
1075	0
1076	0
1077	0
1078	0
1079	0
1080	0
1081	0
1082	0
1083	0
1084	0
1085	0
1086	0
1087	0
1088	0
1089	0
1090	0
1091	0
1092	0
1093	0
1094	0
1095	0
1096	0
1097	0
1098	0
1099	0
1100	0
1101	0
1102	0
1103	0
1104	0
1105	0
1106	0
1107	0
1108	0
1109	0
1110	0
1111	0
1112	0
1113	0
1114	0
1115	0
1116	0
1117	0
1118	0
1119	0
1120	0
1121	0
1122	0
1123	0
1124	0
1125	0
1126	0
1127	0
1128	0
1129	0
1130	0
1131	0
1132	0
1133	0
1134	0
1135	0
1136	0
1137	0
1138	0
1139	0
1140	0
1141	0
1142	0
1143	0
1144	0
1145	0
1146	0
1147	0
1148	0
1149	0
1150	0
1151	0
1152	0
1153	0
1154	0
1155	0
1156	0
1157	0
1158	0
1159	0
1160	0
1161	0
1162	0
1163	0
1164	0
1165	0
1166	0
1167	0
1168	0
1169	0
1170	0
1171	0
1172	0
1173	0
1174	0
1175	0
1176	0
1177	0
1178	0
1179	0
1180	0
1181	0
1182	0
1183	0
1184	0
1185	0
1186	0
1187	0
1188	0
1189	0
1190	0
1191	0
1192	0
1193	0
1194	0
1195	0
1196	0
1197	0
1198	0
1199	0
1200	0
1201	0
1202	0
1203	0
1204	0
1205	0
1206	0
1207	0
1208	0
1209	0
1210	0
1211	0
1212	0
1213	0
1214	0
1215	0
1216	0
1217	0
1218	0
1219	0
1220	0
1221	0
1222	0
1223	0
1224	0
1225	0
1226	0
1227	0
1228	0
1229	0
1230	0
1231	0
1232	0
1233	0
1234	0
1235	0
1236	0
1237	0
1238	0
1239	0
1240	0
1241	0
1242	0
1243	0
1244	0
1245	0
1246	0
1247	0
1248	0
1249	0
1250	0
1251	0
1252	0
1253	0
1254	0
1255	0
1256	0
1257	0
1258	0
1259	0
1260	0
1261	0
1262	0
1263	0
1264	0
1265	0
1266	0
1267	0
1268	0
1269	0
1270	0
1271	0
1272	0
1273	0
1274	0
1275	0
1276	0
1277	0
1278	0
1279	0
1280	0
1281	0
1282	0
1283	0
1284	0
1285	0
1286	0
1287	0
1288	0
1289	0
1290	0
1291	0
1292	0
1293	0
1294	0
1295	0
1296	0
1297	0
1298	0
1299	0
1300	0
1301	0
1302	0
1303	0
1304	0
1305	0
1306	0
1307	0
1308	0
1309	0
1310	0
1311	0
1312	0
1313	0
1314	0
1315	0
1316	0
1317	0
1318	0
1319	0
1320	0
1321	0
1322	0
1323	0
1324	0
1325	0
1326	0
1327	0
1328	0
1329	0
1330	0
1331	0
1332	0
1333	0
1334	0
1335	0
1336	0
1337	0
1338	0
1339	0
1340	0
1341	0
1342	0
1343	0
1344	0
1345	0
1346	0
1347	0
1348	0
1349	0
1350	0
1351	0
1352	0
1353	0
1354	0
1355	0
1356	0
1357	0
1358	0
1359	0
1360	0
1361	0
1362	0
1363	0
1364	0
1365	0
1366	0
1367	0
1368	0
1369	0
1370	0
1371	0
1372	0
1373	0
1374	0
1375	0
1376	0
1377	0
1378	0
1379	0
1380	0
1381	0
1382	0
1383	0
1384	0
1385	0
1386	0
1387	0
1388	0
1389	0
1390	0
1391	0
1392	0
1393	0
1394	0
1395	0
1396	0
1397	0
1398	0
1399	0
1400	0
1401	0
1402	0
1403	0
1404	0
1405	0
1406	0
1407	0
1408	0
1409	0
1410	0
1411	0
1412	0
1413	0
1414	0
1415	0
1416	0
1417	0
1418	0
1419	0
1420	0
1421	0
1422	0
1423	0
1424	0
1425	0
1426	0
1427	0
1428	0
1429	0
1430	0
1431	0
1432	0
1433	0
1434	0
1435	0
1436	0
1437	0
1438	0
1439	0
1440	0
1441	0
1442	0
1443	0
1444	0
1445	0
1446	0
1447	0
1448	0
1449	0
1450	0
1451	0
1452	0
1453	0
1454	0
1455	0
1456	0
1457	0
1458	0
1459	0
1460	0
1461	0
1462	0
1463	0
1464	0
1465	0
1466	0
1467	0
1468	0
1469	0
1470	0
1471	0
1472	0
1473	0
1474	0
1475	0
1476	0
1477	0
1478	0
1479	0
1480	0
1481	0
1482	0
1483	0
1484	0
1485	0
1486	0
1487	0
1488	0
1489	0
1490	0
1491	0
1492	0
1493	0
1494	0
1495	0
1496	0
1497	0
1498	0
1499	0
1500	0
1501	0
1502	0
1503	0
1504	0
1505	0
1506	0
1507	0
1508	0
1509	0
1510	0
1511	0
1512	0
1513	0
1514	0
1515	0
1516	0
1517	0
1518	0
1519	0
1520	0
1521	0
1522	0
1523	0
1524	0
1525	0
1526	0
1527	0
1528	0
1529	0
1530	0
1531	0
1532	0
1533	0
1534	0
1535	0
1536	0
1537	0
1538	0
1539	0
1540	0
1541	0
1542	0
1543	0
1544	0
1545	0
1546	0
1547	0
1548	0
1549	0
1550	0
1551	0
1552	0
1553	0
1554	0
1555	0
1556	0
1557	0
1558	0
1559	0
1560	0
1561	0
1562	0
1563	0
1564	0
1565	0
1566	0
1567	0
1568	0
1569	0
1570	0
1571	0
1572	0
1573	0
1574	0
1575	0
1576	0
1577	0
1578	0
1579	0
1580	0
1581	0
1582	0
1583	0
1584	0
1585	0
1586	0
1587	0
1588	0
1589	0
1590	0
1591	0
1592	0
1593	0
1594	0
1595	0
1596	0
1597	0
1598	0
1599	0
1600	0
1601	0
1602	0
1603	0
1604	0
1605	0
1606	0
1607	0
1608	0
1609	0
1610	0
1611	0
1612	0
1613	0
1614	0
1615	0
1616	0
1617	0
1618	0
1619	0
1620	0
1621	0
1622	0
1623	0
1624	0
1625	0
1626	0
1627	0
1628	0
1629	0
1630	0
1631	0
1632	0
1633	0
1634	0
1635	0
1636	0
1637	0
1638	0
1639	0
1640	0
1641	0
1642	0
1643	0
1644	0
1645	0
1646	0
1647	0
1648	0
1649	0
1650	0
1651	0
1652	0
1653	0
1654	0
1655	0
1656	0
1657	0
1658	0
1659	0
1660	0
1661	0
1662	0
1663	0
1664	0
1665	0
1666	0
1667	0
1668	0
1669	0
1670	0
1671	0
1672	0
1673	0
1674	0
1675	0
1676	0
1677	0
1678	0
1679	0
1680	0
1681	0
1682	0
1683	0
1684	0
1685	0
1686	0
1687	0
1688	0
1689	0
1690	0
1691	0
1692	0
1693	0
1694	0
1695	0
1696	0
1697	0
1698	0
1699	0
1700	0
1701	0
1702	0
1703	0
1704	0
1705	0
1706	0
1707	0
1708	0
1709	0
1710	0
1711	0
1712	0
1713	0
1714	0
1715	0
1716	0
1717	0
1718	0
1719	0
1720	0
1721	0
1722	0
1723	0
1724	0
1725	0
1726	0
1727	0
1728	0
1729	0
1730	0
1731	0
1732	0
1733	0
1734	0
1735	0
1736	0
1737	0
1738	0
1739	0
1740	0
1741	0
1742	0
1743	0
1744	0
1745	0
1746	0
1747	0
1748	0
1749	0
1750	0
1751	0
1752	0
1753	0
1754	0
1755	0
1756	0
1757	0
1758	0
1759	0
1760	0
1761	0
1762	0
1763	0
1764	0
1765	0
1766	0
1767	0
1768	0
1769	0
1770	0
1771	0
1772	0
1773	0
1774	0
1775	0
1776	0
1777	0
1778	0
1779	0
1780	0
1781	0
1782	0
1783	0
1784	0
1785	0
1786	0
1787	0
1788	0
1789	0
1790	0
1791	0
1792	0
1793	0
1794	0
1795	0
1796	0
1797	0
1798	0
1799	0
1800	0
1801	0
1802	0
1803	0
1804	0
1805	0
1806	0
1807	0
1808	0
1809	0
1810	0
1811	0
1812	0
1813	0
1814	0
1815	0
1816	0
1817	0
1818	0
1819	0
1820	0
1821	0
1822	0
1823	0
1824	0
1825	0
1826	0
1827	0
1828	0
1829	0
1830	0
1831	0
1832	0
1833	0
1834	0
1835	0
1836	0
1837	0
1838	0
1839	0
1840	0
1841	0
1842	0
1843	0
1844	0
1845	0
1846	0
1847	0
1848	0
1849	0
1850	0
1851	0
1852	0
1853	0
1854	0
1855	0
1856	0
1857	0
1858	0
1859	0
1860	0
1861	0
1862	0
1863	0
1864	0
1865	0
1866	0
1867	0
1868	0
1869	0
1870	0
1871	0
1872	0
1873	0
1874	0
1875	0
1876	0
1877	0
1878	0
1879	0
1880	0
1881	0
1882	0
1883	0
1884	0
1885	0
1886	0
1887	0
1888	0
1889	0
1890	0
1891	0
1892	0
1893	0
1894	0
1895	0
1896	0
1897	0
1898	0
1899	0
1900	0
1901	0
1902	0
1903	0
1904	0
1905	0
1906	0
1907	0
1908	0
1909	0
1910	0
1911	0
1912	0
1913	0
1914	0
1915	0
1916	0
1917	0
1918	0
1919	0
1920	0
1921	0
1922	0
1923	0
1924	0
1925	0
1926	0
1927	0
1928	0
1929	0
1930	0
1931	0
1932	0
1933	0
1934	0
1935	0
1936	0
1937	0
1938	0
1939	0
1940	0
1941	0
1942	0
1943	0
1944	0
1945	0
1946	0
1947	0
1948	0
1949	0
1950	0
1951	0
1952	0
1953	0
1954	0
1955	0
1956	0
1957	0
1958	0
1959	0
1960	0
1961	0
1962	0
1963	0
1964	0
1965	0
1966	0
1967	0
1968	0
1969	0
1970	0
1971	0
1972	0
1973	0
1974	0
1975	0
1976	0
1977	0
1978	0
1979	0
1980	0
1981	0
1982	0
1983	0
1984	0
1985	0
1986	0
1987	0
1988	0
1989	0
1990	0
1991	0
1992	0
1993	0
1994	0
1995	0
1996	0
1997	0
1998	0
1999	0
2000	0
2001	0
2002	0
2003	0
2004	0
2005	0
2006	0
2007	0
2008	0
2009	0
2010	0
2011	0
2012	0
2013	0
2014	0
2015	0
2016	0
2017	0
2018	0
2019	0
2020	0
2021	0
2022	0
2023	0
2024	0
2025	0
2026	0
2027	0
2028	0
2029	0
2030	0
2031	0
2032	0
2033	0
2034	0
2035	0
2036	0
2037	0
2038	0
2039	0
2040	0
2041	0
2042	0
2043	0
2044	0
2045	0
2046	0
2047	0
2048	0
2049	0
2050	0
2051	0
2052	0
2053	0
2054	0
2055	0
2056	0
2057	0
2058	0
2059	0
2060	0
2061	0
2062	0
2063	0
2064	0
2065	0
2066	0
2067	0
2068	0
2069	0
2070	0
2071	0
2072	0
2073	0
2074	0
2075	0
2076	0
2077	0
2078	0
2079	0
2080	0
2081	0
2082	0
2083	0
2084	0
2085	0
2086	0
2087	0
2088	0
2089	0
2090	0
2091	0
2092	0
2093	0
2094	0
2095	0
2096	0
2097	0
2098	0
2099	0
2100	0
2101	0
2102	0
2103	0
2104	0
2105	0
2106	0
2107	0
2108	0
2109	0
2110	0
2111	0
2112	0
2113	0
2114	0
2115	0
2116	0
2117	0
2118	0
2119	0
2120	0
2121	0
2122	0
2123	0
2124	0
2125	0
2126	0
2127	0
2128	0
2129	0
2130	0
2131	0
2132	0
2133	0
2134	0
2135	0
2136	0
2137	0
2138	0
2139	0
2140	0
2141	0
2142	0
2143	0
2144	0
2145	0
2146	0
2147	0
2148	0
2149	0
2150	0
2151	0
2152	0
2153	0
2154	0
2155	0
2156	0
2157	0
2158	0
2159	0
2160	0
2161	0
2162	0
2163	0
2164	0
2165	0
2166	0
2167	0
2168	0
2169	0
2170	0
2171	0
2172	0
2173	0
2174	0
2175	0
2176	0
2177	0
2178	0
2179	0
2180	0
2181	0
2182	0
2183	0
2184	0
2185	0
2186	0
2187	0
2188	0
2189	0
2190	0
2191	0
2192	0
2193	0
2194	0
2195	0
2196	0
2197	0
2198	0
2199	0
2200	0
2201	0
2202	0
2203	0
2204	0
2205	0
2206	0
2207	0
2208	0
2209	0
2210	0
2211	0
2212	0
2213	0
2214	0
2215	0
2216	0
2217	0
2218	0
2219	0
2220	0
2221	0
2222	0
2223	0
2224	0
2225	0
2226	0
2227	0
2228	0
2229	0
2230	0
2231	0
2232	0
2233	0
2234	0
2235	0
2236	0
2237	0
2238	0
2239	0
2240	0
2241	0
2242	0
2243	0
2244	0
2245	0
2246	0
2247	0
2248	0
2249	0
2250	0
2251	0
2252	0
2253	0
2254	0
2255	0
2256	0
2257	0
2258	0
2259	0
2260	0
2261	0
2262	0
2263	0
2264	0
2265	0
2266	0
2267	0
2268	0
2269	0
2270	0
2271	0
2272	0
2273	0
2274	0
2275	0
2276	0
2277	0
2278	0
2279	0
2280	0
2281	0
2282	0
2283	0
2284	0
2285	0
2286	0
2287	0
2288	0
2289	0
2290	0
2291	0
2292	0
2293	0
2294	0
2295	0
2296	0
2297	0
2298	0
2299	0
2300	0
2301	0
2302	0
2303	0
2304	0
2305	0
2306	0
2307	0
2308	0
2309	0
2310	0
2311	0
2312	0
2313	0
2314	0
2315	0
2316	0
2317	0
2318	0
2319	0
2320	0
2321	0
2322	0
2323	0
2324	0
2325	0
2326	0
2327	0
2328	0
2329	0
2330	0
2331	0
2332	0
2333	0
2334	0
2335	0
2336	0
2337	0
2338	0
2339	0
2340	0
2341	0
2342	0
2343	0
2344	0
2345	0
2346	0
2347	0
2348	0
2349	0
2350	0
2351	0
2352	0
2353	0
2354	0
2355	0
2356	0
2357	0
2358	0
2359	0
2360	0
2361	0
2362	0
2363	0
2364	0
2365	0
2366	0
2367	0
2368	0
2369	0
2370	0
2371	0
2372	0
2373	0
2374	0
2375	0
2376	0
2377	0
2378	0
2379	0
2380	0
2381	0
2382	0
2383	0
2384	0
2385	0
2386	0
2387	0
2388	0
2389	0
2390	0
2391	0
2392	0
2393	0
2394	0
2395	0
2396	0
2397	0
2398	0
2399	0
2400	0
2401	0
2402	0
2403	0
2404	0
2405	0
2406	0
2407	0
2408	0
2409	0
2410	0
2411	0
2412	0
2413	0
2414	0
2415	0
2416	0
2417	0
2418	0
2419	0
2420	0
2421	0
2422	0
2423	0
2424	0
2425	0
2426	0
2427	0
2428	0
2429	0
2430	0
2431	0
2432	0
2433	0
2434	0
2435	0
2436	0
2437	0
2438	0
2439	0
2440	0
2441	0
2442	0
2443	0
2444	0
2445	0
2446	0
2447	0
2448	0
2449	0
2450	0
2451	0
2452	0
2453	0
2454	0
2455	0
2456	0
2457	0
2458	0
2459	0
2460	0
2461	0
2462	0
2463	0
2464	0
2465	0
2466	0
2467	0
2468	0
2469	0
2470	0
2471	0
2472	0
2473	0
2474	0
2475	0
2476	0
2477	0
2478	0
2479	0
2480	0
2481	0
2482	0
2483	0
2484	0
2485	0
2486	0
2487	0
2488	0
2489	0
2490	0
2491	0
2492	0
2493	0
2494	0
2495	0
2496	0
2497	0
2498	0
2499	0
2500	0
2501	0
2502	0
2503	0
2504	0
2505	0
2506	0
2507	0
2508	0
2509	0
2510	0
2511	0
2512	0
2513	0
2514	0
2515	0
2516	0
2517	0
2518	0
2519	0
2520	0
2521	0
2522	0
2523	0
2524	0
2525	0
2526	0
2527	0
2528	0
2529	0
2530	0
2531	0
2532	0
2533	0
2534	0
2535	0
2536	0
2537	0
2538	0
2539	0
2540	0
2541	0
2542	0
2543	0
2544	0
2545	0
2546	0
2547	0
2548	0
2549	0
2550	0
2551	0
2552	0
2553	0
2554	0
2555	0
2556	0
2557	0
2558	0
2559	0
2560	0
2561	0
2562	0
2563	0
2564	0
2565	0
2566	0
2567	0
2568	0
2569	0
2570	0
2571	0
2572	0
2573	0
2574	0
2575	0
2576	0
2577	0
2578	0
2579	0
2580	0
2581	0
2582	0
2583	0
2584	0
2585	0
2586	0
2587	0
2588	0
2589	0
2590	0
2591	0
2592	0
2593	0
2594	0
2595	0
2596	0
2597	0
2598	0
2599	0
2600	0
2601	0
2602	0
2603	0
2604	0
2605	0
2606	0
2607	0
2608	0
2609	0
2610	0
2611	0
2612	0
2613	0
2614	0
2615	0
2616	0
2617	0
2618	0
2619	0
2620	0
2621	0
2622	0
2623	0
2624	0
2625	0
2626	0
2627	0
2628	0
2629	0
2630	0
2631	0
2632	0
2633	0
2634	0
2635	0
2636	0
2637	0
2638	0
2639	0
2640	0
2641	0
2642	0
2643	0
2644	0
2645	0
2646	0
2647	0
2648	0
2649	0
2650	0
2651	0
2652	0
2653	0
2654	0
2655	0
2656	0
2657	0
2658	0
2659	0
2660	0
2661	0
2662	0
2663	0
2664	0
2665	0
2666	0
2667	0
2668	0
2669	0
2670	0
2671	0
2672	0
2673	0
2674	0
2675	0
2676	0
2677	0
2678	0
2679	0
2680	0
2681	0
2682	0
2683	0
2684	0
2685	0
2686	0
2687	0
2688	0
2689	0
2690	0
2691	0
2692	0
2693	0
2694	0
2695	0
2696	0
2697	0
2698	0
2699	0
2700	0
2701	0
2702	0
2703	0
2704	0
2705	0
2706	0
2707	0
2708	0
2709	0
2710	0
2711	0
2712	0
2713	0
2714	0
2715	0
2716	0
2717	0
2718	0
2719	0
2720	0
2721	0
2722	0
2723	0
2724	0
2725	0
2726	0
2727	0
2728	0
2729	0
2730	0
2731	0
2732	0
2733	0
2734	0
2735	0
2736	0
2737	0
2738	0
2739	0
2740	0
2741	0
2742	0
2743	0
2744	0
2745	0
2746	0
2747	0
2748	0
2749	0
2750	0
2751	0
2752	0
2753	0
2754	0
2755	0
2756	0
2757	0
2758	0
2759	0
2760	0
2761	0
2762	0
2763	0
2764	0
2765	0
2766	0
2767	0
2768	0
2769	0
2770	0
2771	0
2772	0
2773	0
2774	0
2775	0
2776	0
2777	0
2778	0
2779	0
2780	0
2781	0
2782	0
2783	0
2784	0
2785	0
2786	0
2787	0
2788	0
2789	0
2790	0
2791	0
2792	0
2793	0
2794	0
2795	0
2796	0
2797	0
2798	0
2799	0
2800	0
2801	0
2802	0
2803	0
2804	0
2805	0
2806	0
2807	0
2808	0
2809	0
2810	0
2811	0
2812	0
2813	0
2814	0
2815	0
2816	0
2817	0
2818	0
2819	0
2820	0
2821	0
2822	0
2823	0
2824	0
2825	0
2826	0
2827	0
2828	0
2829	0
2830	0
2831	0
2832	0
2833	0
2834	0
2835	0
2836	0
2837	0
2838	0
2839	0
2840	0
2841	0
2842	0
2843	0
2844	0
2845	0
2846	0
2847	0
2848	0
2849	0
2850	0
2851	0
2852	0
2853	0
2854	0
2855	0
2856	0
2857	0
2858	0
2859	0
2860	0
2861	0
2862	0
2863	0
2864	0
2865	0
2866	0
2867	0
2868	0
2869	0
2870	0
2871	0
2872	0
2873	0
2874	0
2875	0
2876	0
2877	0
2878	0
2879	0
2880	0
2881	0
2882	0
2883	0
2884	0
2885	0
2886	0
2887	0
2888	0
2889	0
2890	0
2891	0
2892	0
2893	0
2894	0
2895	0
2896	0
2897	0
2898	0
2899	0
2900	0
2901	0
2902	0
2903	0
2904	0
2905	0
2906	0
2907	0
2908	0
2909	0
2910	0
2911	0
2912	0
2913	0
2914	0
2915	0
2916	0
2917	0
2918	0
2919	0
2920	0
2921	0
2922	0
2923	0
2924	0
2925	0
2926	0
2927	0
2928	0
2929	0
2930	0
2931	0
2932	0
2933	0
2934	0
2935	0
2936	0
2937	0
2938	0
2939	0
2940	0
2941	0
2942	0
2943	0
2944	0
2945	0
2946	0
2947	0
2948	0
2949	0
2950	0
2951	0
2952	0
2953	0
2954	0
2955	0
2956	0
2957	0
2958	0
2959	0
2960	0
2961	0
2962	0
2963	0
2964	0
2965	0
2966	0
2967	0
2968	0
2969	0
2970	0
2971	0
2972	0
2973	0
2974	0
2975	0
2976	0
2977	0
2978	0
2979	0
2980	0
2981	0
2982	0
2983	0
2984	0
2985	0
2986	0
2987	0
2988	0
2989	0
2990	0
2991	0
2992	0
2993	0
2994	0
2995	0
2996	0
2997	0
2998	0
2999	0
3000	0
3001	0
3002	0
3003	0
3004	0
3005	0
3006	0
3007	0
3008	0
3009	0
3010	0
3011	0
3012	0
3013	0
3014	0
3015	0
3016	0
3017	0
3018	0
3019	0
3020	0
3021	0
3022	0
3023	0
3024	0
3025	0
3026	0
3027	0
3028	0
3029	0
3030	0
3031	0
3032	0
3033	0
3034	0
3035	0
3036	0
3037	0
3038	0
3039	0
3040	0
3041	0
3042	0
3043	0
3044	0
3045	0
3046	0
3047	0
3048	0
3049	0
3050	0
3051	0
3052	0
3053	0
3054	0
3055	0
3056	0
3057	0
3058	0
3059	0
3060	0
3061	0
3062	0
3063	0
3064	0
3065	0
3066	0
3067	0
3068	0
3069	0
3070	0
3071	0
3072	0
3073	0
3074	0
3075	0
3076	0
3077	0
3078	0
3079	0
3080	0
3081	0
3082	0
3083	0
3084	0
3085	0
3086	0
3087	0
3088	0
3089	0
3090	0
3091	0
3092	0
3093	0
3094	0
3095	0
3096	0
3097	0
3098	0
3099	0
3100	0
3101	0
3102	0
3103	0
3104	0
3105	0
3106	0
3107	0
3108	0
3109	0
3110	0
3111	0
3112	0
3113	0
3114	0
3115	0
3116	0
3117	0
3118	0
3119	0
3120	0
3121	0
3122	0
3123	0
3124	0
3125	0
3126	0
3127	0
3128	0
3129	0
3130	0
3131	0
3132	0
3133	0
3134	0
3135	0
3136	0
3137	0
3138	0
3139	0
3140	0
3141	0
3142	0
3143	0
3144	0
3145	0
3146	0
3147	0
3148	0
3149	0
3150	0
3151	0
3152	0
3153	0
3154	0
3155	0
3156	0
3157	0
3158	0
3159	0
3160	0
3161	0
3162	0
3163	0
3164	0
3165	0
3166	0
3167	0
3168	0
3169	0
3170	0
3171	0
3172	0
3173	0
3174	0
3175	0
3176	0
3177	0
3178	0
3179	0
3180	0
3181	0
3182	0
3183	0
3184	0
3185	0
3186	0
3187	0
3188	0
3189	0
3190	0
3191	0
3192	0
3193	0
3194	0
3195	0
3196	0
3197	0
3198	0
3199	0
3200	0
3201	0
3202	0
3203	0
3204	0
3205	0
3206	0
3207	0
3208	0
3209	0
3210	0
3211	0
3212	0
3213	0
3214	0
3215	0
3216	0
3217	0
3218	0
3219	0
3220	0
3221	0
3222	0
3223	0
3224	0
3225	0
3226	0
3227	0
3228	0
3229	0
3230	0
3231	0
3232	0
3233	0
3234	0
3235	0
3236	0
3237	0
3238	0
3239	0
3240	0
3241	0
3242	0
3243	0
3244	0
3245	0
3246	0
3247	0
3248	0
3249	0
3250	0
3251	0
3252	0
3253	0
3254	0
3255	0
3256	0
3257	0
3258	0
3259	0
3260	0
3261	0
3262	0
3263	0
3264	0
3265	0
3266	0
3267	0
3268	0
3269	0
3270	0
3271	0
3272	0
3273	0
3274	0
3275	0
3276	0
3277	0
3278	0
3279	0
3280	0
3281	0
3282	0
3283	0
3284	0
3285	0
3286	0
3287	0
3288	0
3289	0
3290	0
3291	0
3292	0
3293	0
3294	0
3295	0
3296	0
3297	0
3298	0
3299	0
3300	0
3301	0
3302	0
3303	0
3304	0
3305	0
3306	0
3307	0
3308	0
3309	0
3310	0
3311	0
3312	0
3313	0
3314	0
3315	0
3316	0
3317	0
3318	0
3319	0
3320	0
3321	0
3322	0
3323	0
3324	0
3325	0
3326	0
3327	0
3328	0
3329	0
3330	0
3331	0
3332	0
3333	0
3334	0
3335	0
3336	0
3337	0
3338	0
3339	0
3340	0
3341	0
3342	0
3343	0
3344	0
3345	0
3346	0
3347	0
3348	0
3349	0
3350	0
3351	0
3352	0
3353	0
3354	0
3355	0
3356	0
3357	0
3358	0
3359	0
3360	0
3361	0
3362	0
3363	0
3364	0
3365	0
3366	0
3367	0
3368	0
3369	0
3370	0
3371	0
3372	0
3373	0
3374	0
3375	0
3376	0
3377	0
3378	0
3379	0
3380	0
3381	0
3382	0
3383	0
3384	0
3385	0
3386	0
3387	0
3388	0
3389	0
3390	0
3391	0
3392	0
3393	0
3394	0
3395	0
3396	0
3397	0
3398	0
3399	0
3400	0
3401	0
3402	0
3403	0
3404	0
3405	0
3406	0
3407	0
3408	0
3409	0
3410	0
3411	0
3412	0
3413	0
3414	0
3415	0
3416	0
3417	0
3418	0
3419	0
3420	0
3421	0
3422	0
3423	0
3424	0
3425	0
3426	0
3427	0
3428	0
3429	0
3430	0
3431	0
3432	0
3433	0
3434	0
3435	0
3436	0
3437	0
3438	0
3439	0
3440	0
3441	0
3442	0
3443	0
3444	0
3445	0
3446	0
3447	0
3448	0
3449	0
3450	0
3451	0
3452	0
3453	0
3454	0
3455	0
3456	0
3457	0
3458	0
3459	0
3460	0
3461	0
3462	0
3463	0
3464	0
3465	0
3466	0
3467	0
3468	0
3469	0
3470	0
3471	0
3472	0
3473	0
3474	0
3475	0
3476	0
3477	0
3478	0
3479	0
3480	0
3481	0
3482	0
3483	0
3484	0
3485	0
3486	0
3487	0
3488	0
3489	0
3490	0
3491	0
3492	0
3493	0
3494	0
3495	0
3496	0
3497	0
3498	0
3499	0
3500	0
3501	0
3502	0
3503	0
3504	0
3505	0
3506	0
3507	0
3508	0
3509	0
3510	0
3511	0
3512	0
3513	0
3514	0
3515	0
3516	0
3517	0
3518	0
3519	0
3520	0
3521	0
3522	0
3523	0
3524	0
3525	0
3526	0
3527	0
3528	0
3529	0
3530	0
3531	0
3532	0
3533	0
3534	0
3535	0
3536	0
3537	0
3538	0
3539	0
3540	0
3541	0
3542	0
3543	0
3544	0
3545	0
3546	0
3547	0
3548	0
3549	0
3550	0
3551	0
3552	0
3553	0
3554	0
3555	0
3556	0
3557	0
3558	0
3559	0
3560	0
3561	0
3562	0
3563	0
3564	0
3565	0
3566	0
3567	0
3568	0
3569	0
3570	0
3571	0
3572	0
3573	0
3574	0
3575	0
3576	0
3577	0
3578	0
3579	0
3580	0
3581	0
3582	0
3583	0
3584	0
3585	0
3586	0
3587	0
3588	0
3589	0
3590	0
3591	0
3592	0
3593	0
3594	0
3595	0
3596	0
3597	0
3598	0
3599	0
3600	0
3601	0
3602	0
3603	0
3604	0
3605	0
3606	0
3607	0
3608	0
3609	0
3610	0
3611	0
3612	0
3613	0
3614	0
3615	0
3616	0
3617	0
3618	0
3619	0
3620	0
3621	0
3622	0
3623	0
3624	0
3625	0
3626	0
3627	0
3628	0
3629	0
3630	0
3631	0
3632	0
3633	0
3634	0
3635	0
3636	0
3637	0
3638	0
3639	0
3640	0
3641	0
3642	0
3643	0
3644	0
3645	0
3646	0
3647	0
3648	0
3649	0
3650	0
3651	0
3652	0
3653	0
3654	0
3655	0
3656	0
3657	0
3658	0
3659	0
3660	0
3661	0
3662	0
3663	0
3664	0
3665	0
3666	0
3667	0
3668	0
3669	0
3670	0
3671	0
3672	0
3673	0
3674	0
3675	0
3676	0
3677	0
3678	0
3679	0
3680	0
3681	0
3682	0
3683	0
3684	0
3685	0
3686	0
3687	0
3688	0
3689	0
3690	0
3691	0
3692	0
3693	0
3694	0
3695	0
3696	0
3697	0
3698	0
3699	0
3700	0
3701	0
3702	0
3703	0
3704	0
3705	0
3706	0
3707	0
3708	0
3709	0
3710	0
3711	0
3712	0
3713	0
3714	0
3715	0
3716	0
3717	0
3718	0
3719	0
3720	0
3721	0
3722	0
3723	0
3724	0
3725	0
3726	0
3727	0
3728	0
3729	0
3730	0
3731	0
3732	0
3733	0
3734	0
3735	0
3736	0
3737	0
3738	0
3739	0
3740	0
3741	0
3742	0
3743	0
3744	0
3745	0
3746	0
3747	0
3748	0
3749	0
3750	0
3751	0
3752	0
3753	0
3754	0
3755	0
3756	0
3757	0
3758	0
3759	0
3760	0
3761	0
3762	0
3763	0
3764	0
3765	0
3766	0
3767	0
3768	0
3769	0
3770	0
3771	0
3772	0
3773	0
3774	0
3775	0
3776	0
3777	0
3778	0
3779	0
3780	0
3781	0
3782	0
3783	0
3784	0
3785	0
3786	0
3787	0
3788	0
3789	0
3790	0
3791	0
3792	0
3793	0
3794	0
3795	0
3796	0
3797	0
3798	0
3799	0
3800	0
3801	0
3802	0
3803	0
3804	0
3805	0
3806	0
3807	0
3808	0
3809	0
3810	0
3811	0
3812	0
3813	0
3814	0
3815	0
3816	0
3817	0
3818	0
3819	0
3820	0
3821	0
3822	0
3823	0
3824	0
3825	0
3826	0
3827	0
3828	0
3829	0
3830	0
3831	0
3832	0
3833	0
3834	0
3835	0
3836	0
3837	0
3838	0
3839	0
3840	0
3841	0
3842	0
3843	0
3844	0
3845	0
3846	0
3847	0
3848	0
3849	0
3850	0
3851	0
3852	0
3853	0
3854	0
3855	0
3856	0
3857	0
3858	0
3859	0
3860	0
3861	0
3862	0
3863	0
3864	0
3865	0
3866	0
3867	0
3868	0
3869	0
3870	0
3871	0
3872	0
3873	0
3874	0
3875	0
3876	0
3877	0
3878	0
3879	0
3880	0
3881	0
3882	0
3883	0
3884	0
3885	0
3886	0
3887	0
3888	0
3889	0
3890	0
3891	0
3892	0
3893	0
3894	0
3895	0
3896	0
3897	0
3898	0
3899	0
3900	0
3901	0
3902	0
3903	0
3904	0
3905	0
3906	0
3907	0
3908	0
3909	0
3910	0
3911	0
3912	0
3913	0
3914	0
3915	0
3916	0
3917	0
3918	0
3919	0
3920	0
3921	0
3922	0
3923	0
3924	0
3925	0
3926	0
3927	0
3928	0
3929	0
3930	0
3931	0
3932	0
3933	0
3934	0
3935	0
3936	0
3937	0
3938	0
3939	0
3940	0
3941	0
3942	0
3943	0
3944	0
3945	0
3946	0
3947	0
3948	0
3949	0
3950	0
3951	0
3952	0
3953	0
3954	0
3955	0
3956	0
3957	0
3958	0
3959	0
3960	0
3961	0
3962	0
3963	0
3964	0
3965	0
3966	0
3967	0
3968	0
3969	0
3970	0
3971	0
3972	0
3973	0
3974	0
3975	0
3976	0
3977	0
3978	0
3979	0
3980	0
3981	0
3982	0
3983	0
3984	0
3985	0
3986	0
3987	0
3988	0
3989	0
3990	0
3991	0
3992	0
3993	0
3994	0
3995	0
3996	0
3997	0
3998	0
3999	0
4000	0
4001	0
4002	0
4003	0
4004	0
4005	0
4006	0
4007	0
4008	0
4009	0
4010	0
4011	0
4012	0
4013	0
4014	0
4015	0
4016	0
4017	0
4018	0
4019	0
4020	0
4021	0
4022	0
4023	0
4024	0
4025	0
4026	0
4027	0
4028	0
4029	0
4030	0
4031	0
4032	0
4033	0
4034	0
4035	0
4036	0
4037	0
4038	0
4039	0
4040	0
4041	0
4042	0
4043	0
4044	0
4045	0
4046	0
4047	0
4048	0
4049	0
4050	0
4051	0
4052	0
4053	0
4054	0
4055	0
4056	0
4057	0
4058	0
4059	0
4060	0
4061	0
4062	0
4063	0
4064	0
4065	0
4066	0
4067	0
4068	0
4069	0
4070	0
4071	0
4072	0
4073	0
4074	0
4075	0
4076	0
4077	0
4078	0
4079	0
4080	0
4081	0
4082	0
4083	0
4084	0
4085	0
4086	0
4087	0
4088	0
4089	0
4090	0
4091	0
4092	0
4093	0
4094	0
4095	0
4096	0
4097	0
4098	0
4099	0
4100	0
4101	0
4102	0
4103	0
4104	0
4105	0
4106	0
4107	0
4108	0
4109	0
4110	0
4111	0
4112	0
4113	0
4114	0
4115	0
4116	0
4117	0
4118	0
4119	0
4120	0
4121	0
4122	0
4123	0
4124	0
4125	0
4126	0
4127	0
4128	0
4129	0
4130	0
4131	0
4132	0
4133	0
4134	0
4135	0
4136	0
4137	0
4138	0
4139	0
4140	0
4141	0
4142	0
4143	0
4144	0
4145	0
4146	0
4147	0
4148	0
4149	0
4150	0
4151	0
4152	0
4153	0
4154	0
4155	0
4156	0
4157	0
4158	0
4159	0
4160	0
4161	0
4162	0
4163	0
4164	0
4165	0
4166	0
4167	0
4168	0
4169	0
4170	0
4171	0
4172	0
4173	0
4174	0
4175	0
4176	0
4177	0
4178	0
4179	0
4180	0
4181	0
4182	0
4183	0
4184	0
4185	0
4186	0
4187	0
4188	0
4189	0
4190	0
4191	0
4192	0
4193	0
4194	0
4195	0
4196	0
4197	0
4198	0
4199	0
4200	0
4201	0
4202	0
4203	0
4204	0
4205	0
4206	0
4207	0
4208	0
4209	0
4210	0
4211	0
4212	0
4213	0
4214	0
4215	0
4216	0
4217	0
4218	0
4219	0
4220	0
4221	0
4222	0
4223	0
4224	0
4225	0
4226	0
4227	0
4228	0
4229	0
4230	0
4231	0
4232	0
4233	0
4234	0
4235	0
4236	0
4237	0
4238	0
4239	0
4240	0
4241	0
4242	0
4243	0
4244	0
4245	0
4246	0
4247	0
4248	0
4249	0
4250	0
4251	0
4252	0
4253	0
4254	0
4255	0
4256	0
4257	0
4258	0
4259	0
4260	0
4261	0
4262	0
4263	0
4264	0
4265	0
4266	0
4267	0
4268	0
4269	0
4270	0
4271	0
4272	0
4273	0
4274	0
4275	0
4276	0
4277	0
4278	0
4279	0
4280	0
4281	0
4282	0
4283	0
4284	0
4285	0
4286	0
4287	0
4288	0
4289	0
4290	0
4291	0
4292	0
4293	0
4294	0
4295	0
4296	0
4297	0
4298	0
4299	0
4300	0
4301	0
4302	0
4303	0
4304	0
4305	0
4306	0
4307	0
4308	0
4309	0
4310	0
4311	0
4312	0
4313	0
4314	0
4315	0
4316	0
4317	0
4318	0
4319	0
4320	0
4321	0
4322	0
4323	0
4324	0
4325	0
4326	0
4327	0
4328	0
4329	0
4330	0
4331	0
4332	0
4333	0
4334	0
4335	0
4336	0
4337	0
4338	0
4339	0
4340	0
4341	0
4342	0
4343	0
4344	0
4345	0
4346	0
4347	0
4348	0
4349	0
4350	0
4351	0
4352	0
4353	0
4354	0
4355	0
4356	0
4357	0
4358	0
4359	0
4360	0
4361	0
4362	0
4363	0
4364	0
4365	0
4366	0
4367	0
4368	0
4369	0
4370	0
4371	0
4372	0
4373	0
4374	0
4375	0
4376	0
4377	0
4378	0
4379	0
4380	0
4381	0
4382	0
4383	0
4384	0
4385	0
4386	0
4387	0
4388	0
4389	0
4390	0
4391	0
4392	0
4393	0
4394	0
4395	0
4396	0
4397	0
4398	0
4399	0
4400	0
4401	0
4402	0
4403	0
4404	0
4405	0
4406	0
4407	0
4408	0
4409	0
4410	0
4411	0
4412	0
4413	0
4414	0
4415	0
4416	0
4417	0
4418	0
4419	0
4420	0
4421	0
4422	0
4423	0
4424	0
4425	0
4426	0
4427	0
4428	0
4429	0
4430	0
4431	0
4432	0
4433	0
4434	0
4435	0
4436	0
4437	0
4438	0
4439	0
4440	0
4441	0
4442	0
4443	0
4444	0
4445	0
4446	0
4447	0
4448	0
4449	0
4450	0
4451	0
4452	0
4453	0
4454	0
4455	0
4456	0
4457	0
4458	0
4459	0
4460	0
4461	0
4462	0
4463	0
4464	0
4465	0
4466	0
4467	0
4468	0
4469	0
4470	0
4471	0
4472	0
4473	0
4474	0
4475	0
4476	0
4477	0
4478	0
4479	0
4480	0
4481	0
4482	0
4483	0
4484	0
4485	0
4486	0
4487	0
4488	0
4489	0
4490	0
4491	0
4492	0
4493	0
4494	0
4495	0
4496	0
4497	0
4498	0
4499	0
4500	0
4501	0
4502	0
4503	0
4504	0
4505	0
4506	0
4507	0
4508	0
4509	0
4510	0
4511	0
4512	0
4513	0
4514	0
4515	0
4516	0
4517	0
4518	0
4519	0
4520	0
4521	0
4522	0
4523	0
4524	0
4525	0
4526	0
4527	0
4528	0
4529	0
4530	0
4531	0
4532	0
4533	0
4534	0
4535	0
4536	0
4537	0
4538	0
4539	0
4540	0
4541	0
4542	0
4543	0
4544	0
4545	0
4546	0
4547	1
4548	1
4549	1
4550	1
4551	1
4552	1
4553	1
4554	1
4555	1
4556	1
4557	1
4558	1
4559	1
4560	1
4561	1
4562	1
4563	1
4564	1
4565	1
4566	1
4567	1
4568	1
4569	1
4570	1
4571	1
4572	1
4573	1
4574	1
4575	1
4576	1
4577	1
4578	1
4579	1
4580	1
4581	1
4582	1
4583	1
4584	1
4585	1
4586	1
4587	1
4588	1
4589	1
4590	1
4591	1
4592	1
4593	1
4594	1
4595	1
4596	1
4597	1
4598	1
4599	1
4600	1
4601	1
4602	1
4603	1
4604	1
4605	1
4606	1
4607	1
4608	1
4609	1
4610	1
4611	1
4612	1
4613	1
4614	1
4615	1
4616	1
4617	1
4618	1
4619	1
4620	1
4621	1
4622	1
4623	1
4624	1
4625	1
4626	1
4627	1
4628	1
4629	1
4630	1
4631	1
4632	1
4633	1
4634	1
4635	1
4636	1
4637	1
4638	1
4639	1
4640	1
4641	1
4642	1
4643	1
4644	1
4645	1
4646	1
4647	1
4648	1
4649	1
4650	1
4651	1
4652	1
4653	1
4654	1
4655	1
4656	1
4657	1
4658	1
4659	1
4660	1
4661	1
4662	1
4663	1
4664	1
4665	1
4666	1
4667	1
4668	1
4669	1
4670	1
4671	1
4672	1
4673	1
4674	1
4675	1
4676	1
4677	1
4678	1
4679	1
4680	1
4681	1
4682	1
4683	1
4684	1
4685	1
4686	1
4687	1
4688	1
4689	1
4690	1
4691	1
4692	1
4693	1
4694	1
4695	1
4696	1
4697	1
4698	1
4699	1
4700	1
4701	1
4702	1
4703	1
4704	1
4705	1
4706	1
4707	1
4708	1
4709	1
4710	1
4711	1
4712	1
4713	1
4714	1
4715	1
4716	1
4717	1
4718	1
4719	1
4720	1
4721	1
4722	1
4723	1
4724	1
4725	1
4726	1
4727	1
4728	1
4729	1
4730	1
4731	1
4732	1
4733	1
4734	1
4735	1
4736	1
4737	1
4738	1
4739	1
4740	1
4741	1
4742	1
4743	1
4744	1
4745	1
4746	1
4747	1
4748	1
4749	1
4750	1
4751	1
4752	1
4753	1
4754	1
4755	1
4756	1
4757	1
4758	1
4759	1
4760	1
4761	1
4762	1
4763	1
4764	1
4765	1
4766	1
4767	1
4768	1
4769	1
4770	1
4771	1
4772	1
4773	1
4774	1
4775	1
4776	1
4777	1
4778	1
4779	1
4780	1
4781	1
4782	1
4783	1
4784	1
4785	1
4786	1
4787	1
4788	1
4789	1
4790	1
4791	1
4792	1
4793	1
4794	1
4795	1
4796	1
4797	1
4798	1
4799	1
4800	1
4801	1
4802	1
4803	1
4804	1
4805	1
4806	1
4807	1
4808	1
4809	1
4810	1
4811	1
4812	1
4813	1
4814	1
4815	1
4816	1
4817	1
4818	1
4819	1
4820	1
4821	1
4822	1
4823	1
4824	1
4825	1
4826	1
4827	1
4828	1
4829	1
4830	1
4831	1
4832	1
4833	1
4834	1
4835	1
4836	1
4837	1
4838	1
4839	1
4840	1
4841	1
4842	1
4843	1
4844	1
4845	1
4846	1
4847	1
4848	1
4849	1
4850	1
4851	1
4852	1
4853	1
4854	1
4855	1
4856	1
4857	1
4858	1
4859	1
4860	1
4861	1
4862	1
4863	1
4864	1
4865	1
4866	1
4867	1
4868	1
4869	1
4870	1
4871	1
4872	1
4873	1
4874	1
4875	1
4876	1
4877	1
4878	1
4879	1
4880	1
4881	1
4882	1
4883	1
4884	1
4885	1
4886	1
4887	1
4888	1
4889	1
4890	1
4891	1
4892	1
4893	1
4894	1
4895	1
4896	1
4897	1
4898	1
4899	1
4900	1
4901	1
4902	1
4903	1
4904	1
4905	1
4906	1
4907	1
4908	1
4909	1
4910	1
4911	1
4912	1
4913	1
4914	1
4915	1
4916	1
4917	1
4918	1
4919	1
4920	1
4921	1
4922	1
4923	1
4924	1
4925	1
4926	1
4927	1
4928	1
4929	1
4930	1
4931	1
4932	1
4933	1
4934	1
4935	1
4936	1
4937	1
4938	1
4939	1
4940	1
4941	1
4942	1
4943	1
4944	1
4945	1
4946	1
4947	1
4948	1
4949	1
4950	1
4951	1
4952	1
4953	1
4954	1
4955	1
4956	1
4957	1
4958	1
4959	1
4960	1
4961	1
4962	1
4963	1
4964	1
4965	1
4966	1
4967	1
4968	1
4969	1
4970	1
4971	1
4972	1
4973	1
4974	1
4975	1
4976	1
4977	1
4978	1
4979	1
4980	1
4981	1
4982	1
4983	1
4984	1
4985	1
4986	1
4987	1
4988	1
4989	1
4990	1
4991	1
4992	1
4993	1
4994	1
4995	1
4996	1
4997	1
4998	1
4999	1
5000	1
5001	1
5002	1
5003	1
5004	1
5005	1
5006	1
5007	1
5008	1
5009	1
5010	1
5011	1
5012	1
5013	1
5014	1
5015	1
5016	1
5017	1
5018	1
5019	1
5020	1
5021	1
5022	1
5023	1
5024	1
5025	1
5026	1
5027	1
5028	1
5029	1
5030	1
5031	1
5032	1
5033	1
5034	1
5035	1
5036	1
5037	1
5038	1
5039	1
5040	1
5041	1
5042	1
5043	1
5044	1
5045	1
5046	1
5047	1
5048	1
5049	1
5050	1
5051	1
5052	1
5053	1
5054	1
5055	1
5056	1
5057	1
5058	1
5059	1
5060	1
5061	1
5062	1
5063	1
5064	1
5065	1
5066	1
5067	1
5068	1
5069	1
5070	1
5071	1
5072	1
5073	1
5074	1
5075	1
5076	1
5077	1
5078	1
5079	1
5080	1
5081	1
5082	1
5083	1
5084	1
5085	1
5086	1
5087	1
5088	1
5089	1
5090	1
5091	1
5092	1
5093	1
5094	1
5095	1
5096	1
5097	1
5098	1
5099	1
5100	1
5101	1
5102	1
5103	1
5104	1
5105	1
5106	1
5107	1
5108	1
5109	1
5110	1
5111	1
5112	1
5113	1
5114	1
5115	1
5116	1
5117	1
5118	1
5119	1
5120	1
5121	1
5122	1
5123	1
5124	1
5125	1
5126	1
5127	1
5128	1
5129	1
5130	1
5131	1
5132	1
5133	1
5134	1
5135	1
5136	1
5137	1
5138	1
5139	1
5140	1
5141	1
5142	1
5143	1
5144	1
5145	1
5146	1
5147	1
5148	1
5149	1
5150	1
5151	1
5152	1
5153	1
5154	1
5155	1
5156	2
5157	2
5158	2
5159	2
5160	2
5161	2
5162	2
5163	2
5164	2
5165	2
5166	2
5167	2
5168	2
5169	2
5170	2
5171	2
5172	2
5173	2
5174	2
5175	2
5176	2
5177	2
5178	2
5179	2
5180	2
5181	2
5182	2
5183	2
5184	2
5185	2
5186	2
5187	2
5188	2
5189	2
5190	2
5191	2
5192	2
5193	2
5194	2
5195	2
5196	2
5197	2
5198	2
5199	2
5200	2
5201	2
5202	2
5203	2
5204	2
5205	2
5206	2
5207	2
5208	2
5209	2
5210	2
5211	2
5212	2
5213	2
5214	2
5215	2
5216	2
5217	2
5218	2
5219	2
5220	2
5221	2
5222	2
5223	2
5224	2
5225	2
5226	2
5227	2
5228	2
5229	2
5230	2
5231	2
5232	2
5233	2
5234	2
5235	2
5236	2
5237	2
5238	2
5239	2
5240	2
5241	2
5242	2
5243	2
5244	2
5245	2
5246	2
5247	2
5248	2
5249	2
5250	2
5251	2
5252	2
5253	2
5254	2
5255	2
5256	2
5257	2
5258	2
5259	2
5260	2
5261	2
5262	2
5263	2
5264	2
5265	2
5266	2
5267	2
5268	3
5269	3
5270	3
5271	3
5272	3
5273	3
5274	3
5275	3
5276	3
5277	3
5278	3
5279	3
5280	3
5281	3
5282	3
5283	3
5284	3
5285	3
5286	3
5287	3
5288	3
5289	3
5290	3
5291	3
5292	3
5293	3
5294	3
5295	3
5296	3
5297	3
5298	3
5299	3
5300	3
5301	3
5302	3
5303	3
5304	3
5305	3
5306	3
5307	3
5308	3
5309	3
5310	3
5311	3
5312	3
5313	3
5314	3
5315	3
5316	3
5317	3
5318	3
5319	3
5320	3
5321	3
5322	3
5323	3
5324	3
5325	3
5326	3
5327	3
5328	3
5329	3
5330	3
5331	3
5332	3
5333	3
5334	3
5335	3
5336	3
5337	3
5338	3
5339	3
5340	3
5341	3
5342	3
5343	3
5344	3
5345	3
5346	3
5347	3
5348	3
5349	3
5350	3
5351	3
5352	3
5353	3
5354	3
5355	3
5356	3
5357	3
5358	3
5359	3
5360	3
5361	3
5362	3
5363	3
5364	3
5365	3
5366	3
5367	3
5368	3
5369	3
5370	3
5371	3
5372	3
5373	3
5374	3
5375	3
5376	3
5377	3
5378	3
5379	3
5380	3
5381	3
5382	3
5383	3
5384	3
5385	3
5386	3
5387	3
5388	3
5389	3
5390	3
5391	3
5392	3
5393	3
5394	3
5395	3
5396	3
5397	3
5398	3
5399	3
5400	3
5401	3
5402	3
5403	3
5404	3
5405	3
5406	3
5407	4
5408	4
5409	4
5410	4
5411	4
5412	4
5413	4
5414	4
5415	4
5416	4
5417	4
5418	4
5419	4
5420	4
5421	4
5422	4
5423	4
5424	4
5425	4
5426	4
5427	4
5428	4
5429	4
5430	4
5431	4
5432	4
5433	4
5434	4
5435	4
5436	4
5437	4
5438	4
5439	4
5440	4
5441	4
5442	4
5443	4
5444	4
5445	4
5446	4
5447	4
5448	4
5449	4
5450	4
5451	4
5452	4
5453	4
5454	4
5455	4
5456	4
5457	4
5458	4
5459	4
5460	4
5461	4
5462	4
5463	4
5464	4
5465	4
5466	4
5467	4
5468	4
5469	4
5470	4
5471	4
5472	4
5473	4
5474	4
5475	4
5476	4
5477	4
5478	4
5479	4
5480	4
5481	4
5482	4
5483	4
5484	4
5485	4
5486	4
5487	4
5488	4
5489	4
5490	4
5491	4
5492	4
5493	4
5494	4
5495	4
5496	4
5497	4
5498	4
5499	4
5500	4
5501	4
5502	4
5503	4
5504	4
5505	4
5506	4
5507	4
5508	4
5509	4
5510	4
5511	4
5512	4
5513	4
5514	4
5515	4
5516	4
5517	4
5518	4
5519	4
5520	4
5521	4
5522	4
5523	4
5524	4
5525	4
5526	4
5527	4
5528	4
5529	4
5530	4
5531	4
5532	4
5533	4
5534	4
5535	4
5536	4
5537	4
5538	4
5539	4
5540	4
5541	4
5542	4
5543	4
5544	4
5545	4
5546	4
5547	4
5548	4
5549	4
5550	4
5551	4
5552	4
5553	4
5554	4
5555	4
5556	4
5557	4
5558	4
5559	4
5560	4
5561	4
5562	4
5563	4
5564	4
5565	4
5566	4
5567	4
5568	4
5569	4
5570	4
5571	4
5572	4
5573	4
5574	4
5575	4
5576	4
5577	4
5578	4
5579	4
5580	4
5581	4
5582	4
5583	4
5584	4
5585	4
5586	4
5587	4
5588	4
5589	4
5590	4
5591	4
5592	4
5593	4
5594	4
5595	4
5596	4
5597	4
5598	4
5599	4
5600	4
5601	4
5602	4
5603	4
5604	4
5605	4
5606	4
5607	4
5608	4
5609	4
5610	4
5611	4
5612	4
5613	4
5614	4
5615	4
5616	4
5617	4
5618	4
5619	4
5620	4
5621	4
5622	4
5623	4
5624	4
5625	4
5626	4
5627	4
5628	4
5629	4
5630	4
5631	4
5632	4
5633	4
5634	4
5635	4
5636	4
5637	4
5638	4
5639	4
5640	4
5641	4
5642	4
5643	4
5644	4
5645	4
5646	4
5647	4
5648	4
5649	4
5650	4
5651	4
5652	4
5653	4
5654	4
5655	4
5656	4
5657	4
5658	4
5659	4
5660	4
5661	4
5662	4
5663	4
5664	4
5665	4
5666	4
5667	4
5668	4
5669	4
5670	4
5671	4
5672	4
5673	4
5674	4
5675	4
5676	4
5677	4
5678	4
5679	4
5680	4
5681	4
5682	4
5683	4
5684	4
5685	4
5686	4
5687	4
5688	4
5689	4
5690	4
5691	4
5692	4
5693	4
5694	4
5695	4
5696	4
5697	4
5698	4
5699	4
5700	4
5701	4
5702	4
5703	4
5704	4
5705	4
5706	4
5707	4
5708	4
5709	4
5710	4
5711	4
5712	4
5713	4
5714	4
5715	4
5716	4
5717	4
5718	4
5719	4
5720	4
5721	4
5722	4
5723	4
5724	4
5725	4
5726	4
5727	4
5728	4
5729	4
5730	4
5731	4
5732	4
5733	4
5734	4
5735	4
5736	4
5737	4
5738	4
5739	4
5740	4
5741	4
5742	4
5743	4
5744	4
5745	4
5746	4
5747	4
5748	4
5749	4
5750	4
5751	4
5752	4
5753	4
5754	4
5755	4
5756	4
5757	4
5758	4
5759	4
5760	4
5761	4
5762	4
5763	4
5764	4
5765	4
5766	4
5767	4
5768	4
5769	4
5770	4
5771	4
5772	4
5773	4
5774	4
5775	4
5776	4
5777	4
5778	4
5779	4
5780	4
5781	4
5782	4
5783	4
5784	4
5785	4
5786	4
5787	4
5788	4
5789	4
5790	4
5791	4
5792	4
5793	4
5794	4
5795	4
5796	4
5797	4
5798	4
5799	4
5800	4
5801	4
5802	4
5803	4
5804	4
5805	4
5806	4
5807	4
5808	4
5809	4
5810	4
5811	4
5812	4
5813	4
5814	4
5815	4
5816	4
5817	4
5818	4
5819	4
5820	4
5821	4
5822	4
5823	4
5824	4
5825	4
5826	5
5827	5
5828	5
5829	5
5830	5
5831	5
5832	5
5833	5
5834	5
5835	5
5836	5
5837	5
5838	5
5839	5
5840	5
5841	5
5842	5
5843	5
5844	5
5845	5
5846	5
5847	5
5848	5
5849	5
5850	5
5851	5
5852	5
5853	5
5854	5
5855	5
5856	5
5857	5
5858	5
5859	5
5860	5
5861	5
5862	5
5863	5
5864	5
5865	5
5866	5
5867	5
5868	5
5869	5
5870	5
5871	5
5872	5
5873	5
5874	5
5875	5
5876	5
5877	5
5878	5
5879	5
5880	5
5881	5
5882	5
5883	5
5884	5
5885	5
5886	5
5887	5
5888	5
5889	5
5890	5
5891	5
5892	5
5893	5
5894	5
5895	5
5896	5
5897	5
5898	5
5899	5
5900	5
5901	5
5902	5
5903	5
5904	5
5905	5
5906	5
5907	5
5908	5
5909	5
5910	5
5911	5
5912	5
5913	5
5914	5
5915	5
5916	5
5917	5
5918	5
5919	5
5920	5
5921	5
5922	5
5923	5
5924	5
5925	5
5926	5
5927	5
5928	5
5929	5
5930	5
5931	5
5932	5
5933	5
5934	5
5935	5
5936	5
5937	5
5938	5
5939	5
5940	5
5941	5
5942	5
5943	5
5944	5
5945	5
5946	5
5947	5
5948	5
5949	5
5950	5
5951	5
5952	5
5953	5
5954	5
5955	5
5956	5
5957	5
5958	5
5959	5
5960	5
5961	5
5962	5
5963	5
5964	5
5965	5
5966	5
5967	5
5968	5
5969	5
5970	5
5971	6
5972	6
5973	6
5974	6
5975	6
5976	6
5977	6
5978	6
5979	6
5980	6
5981	6
5982	6
5983	6
5984	6
5985	6
5986	6
5987	6
5988	6
5989	6
5990	6
5991	6
5992	6
5993	6
5994	6
5995	6
5996	6
5997	6
5998	6
5999	6
6000	6
6001	6
6002	6
6003	6
6004	6
6005	6
6006	6
6007	6
6008	6
6009	6
6010	6
6011	6
6012	6
6013	6
6014	6
6015	6
6016	6
6017	6
6018	6
6019	6
6020	6
6021	6
6022	6
6023	6
6024	6
6025	6
6026	6
6027	6
6028	6
6029	6
6030	6
6031	6
6032	6
6033	6
6034	6
6035	6
6036	6
6037	6
6038	6
6039	6
6040	6
6041	6
6042	6
6043	6
6044	6
6045	6
6046	6
6047	6
6048	6
6049	6
6050	6
6051	6
6052	6
6053	6
6054	6
6055	6
6056	6
6057	6
6058	6
6059	6
6060	6
6061	6
6062	6
6063	6
6064	6
6065	6
6066	6
6067	6
6068	6
6069	6
6070	6
6071	6
6072	6
6073	6
6074	6
6075	6
6076	6
6077	6
6078	6
6079	6
6080	6
6081	6
6082	6
6083	6
6084	6
6085	6
6086	6
6087	6
6088	6
6089	6
6090	6
6091	6
6092	6
6093	6
6094	6
6095	6
6096	6
6097	6
6098	6
6099	6
6100	6
6101	6
6102	6
6103	6
6104	6
6105	6
6106	6
6107	6
6108	6
6109	6
6110	6
6111	6
6112	6
6113	6
6114	6
6115	6
6116	6
6117	6
6118	6
6119	6
6120	6
6121	6
6122	6
6123	6
6124	6
6125	6
6126	6
6127	6
6128	6
6129	6
6130	6
6131	6
6132	6
6133	6
6134	6
6135	6
6136	6
6137	6
6138	6
6139	6
6140	6
6141	6
6142	6
6143	6
6144	6
6145	6
6146	6
6147	6
6148	6
6149	6
6150	6
6151	6
6152	6
6153	6
6154	6
6155	6
6156	6
6157	6
6158	6
6159	6
6160	6
6161	6
6162	6
6163	6
6164	6
6165	6
6166	6
6167	6
6168	6
6169	6
6170	6
6171	6
6172	6
6173	6
6174	6
6175	6
6176	6
6177	6
6178	6
6179	6
6180	6
6181	6
6182	6
6183	6
6184	6
6185	6
6186	6
6187	6
6188	6
6189	6
6190	6
6191	6
6192	6
6193	6
6194	6
6195	6
6196	6
6197	6
6198	6
6199	6
6200	6
6201	6
6202	6
6203	6
6204	6
6205	6
6206	6
6207	6
6208	6
6209	6
6210	6
6211	6
6212	6
6213	6
6214	6
6215	6
6216	6
6217	6
6218	6
6219	6
6220	6
6221	6
6222	6
6223	6
6224	6
6225	6
6226	6
6227	6
6228	6
6229	6
6230	6
6231	6
6232	6
6233	6
6234	6
6235	6
6236	6
6237	6
6238	6
6239	6
6240	6
6241	6
6242	6
6243	6
6244	6
6245	6
6246	6
6247	6
6248	6
6249	6
6250	6
6251	6
6252	6
6253	6
6254	6
6255	6
6256	6
6257	6
6258	6
6259	6
6260	6
6261	6
6262	6
6263	6
6264	6
6265	6
6266	6
6267	6
6268	6
6269	6
6270	6
6271	6
6272	6
6273	6
6274	6
6275	6
6276	6
6277	6
6278	6
6279	6
6280	6
6281	6
6282	6
6283	6
6284	6
6285	7
6286	7
6287	7
6288	7
6289	7
6290	7
6291	7
6292	7
6293	7
6294	7
6295	7
6296	7
6297	7
6298	7
6299	7
6300	7
6301	7
6302	7
6303	7
6304	7
6305	7
6306	7
6307	7
6308	7
6309	7
6310	7
6311	7
6312	7
6313	7
6314	7
6315	7
6316	7
6317	7
6318	7
6319	7
6320	7
6321	7
6322	7
6323	7
6324	7
6325	7
6326	7
6327	7
6328	7
6329	7
6330	7
6331	7
6332	7
6333	7
6334	7
6335	7
6336	7
6337	7
6338	7
6339	7
6340	7
6341	7
6342	7
6343	7
6344	7
6345	7
6346	7
6347	7
6348	7
6349	7
6350	7
6351	7
6352	7
6353	7
6354	7
6355	7
6356	7
6357	7
6358	7
6359	7
6360	7
6361	7
6362	7
6363	7
6364	7
6365	7
6366	7
6367	7
6368	7
6369	7
6370	7
6371	7
6372	7
6373	7
6374	7
6375	7
6376	7
6377	7
6378	7
6379	7
6380	7
6381	7
6382	7
6383	7
6384	7
6385	7
6386	7
6387	7
6388	7
6389	7
6390	7
6391	7
6392	7
6393	7
6394	7
6395	7
6396	7
6397	7
6398	7
6399	7
6400	7
6401	7
6402	7
6403	7
6404	7
6405	7
6406	7
6407	7
6408	7
6409	7
6410	7
6411	7
6412	7
6413	7
6414	7
6415	7
6416	7
6417	7
6418	7
6419	7
6420	7
6421	7
6422	7
6423	7
6424	7
6425	7
6426	7
6427	7
6428	7
6429	7
6430	7
6431	7
6432	7
6433	7
6434	7
6435	7
6436	7
6437	7
6438	7
6439	7
6440	7
6441	7
6442	7
6443	8
6444	8
6445	8
6446	8
6447	8
6448	8
6449	8
6450	8
6451	8
6452	8
6453	8
6454	8
6455	8
6456	8
6457	8
6458	8
6459	8
6460	8
6461	8
6462	8
6463	8
6464	8
6465	8
6466	8
6467	8
6468	8
6469	8
6470	8
6471	8
6472	8
6473	8
6474	8
6475	8
6476	8
6477	8
6478	8
6479	8
6480	8
6481	8
6482	8
6483	8
6484	8
6485	8
6486	8
6487	8
6488	8
6489	8
6490	8
6491	8
6492	8
6493	8
6494	8
6495	8
6496	8
6497	8
6498	8
6499	8
6500	8
6501	8
6502	8
6503	8
6504	8
6505	8
6506	8
6507	8
6508	8
6509	8
6510	8
6511	8
6512	8
6513	8
6514	8
6515	8
6516	8
6517	8
6518	8
6519	8
6520	8
6521	8
6522	8
6523	8
6524	8
6525	8
6526	8
6527	8
6528	8
6529	8
6530	8
6531	8
6532	8
6533	8
6534	8
6535	8
6536	8
6537	8
6538	8
6539	8
6540	8
6541	8
6542	8
6543	8
6544	8
6545	8
6546	8
6547	8
6548	8
6549	8
6550	8
6551	8
6552	8
6553	8
6554	8
6555	8
6556	8
6557	8
6558	8
6559	8
6560	8
6561	8
6562	8
6563	8
6564	8
6565	8
6566	8
6567	8
6568	8
6569	8
6570	8
6571	8
6572	8
6573	8
6574	8
6575	8
6576	8
6577	8
6578	8
6579	8
6580	8
6581	8
6582	8
6583	8
6584	8
6585	8
6586	8
6587	8
6588	8
6589	8
6590	8
6591	8
6592	8
6593	8
6594	8
6595	8
6596	8
6597	8
6598	8
6599	8
6600	8
6601	8
6602	8
6603	8
6604	8
6605	8
6606	8
6607	8
6608	8
6609	8
6610	8
6611	8
6612	8
6613	8
6614	8
6615	8
6616	8
6617	8
6618	8
6619	8
6620	8
6621	8
6622	8
6623	8
6624	8
6625	8
6626	8
6627	8
6628	8
6629	8
6630	8
6631	8
6632	8
6633	8
6634	8
6635	8
6636	8
6637	8
6638	8
6639	8
6640	8
6641	8
6642	8
6643	8
6644	8
6645	8
6646	8
6647	8
6648	8
6649	8
6650	8
6651	8
6652	8
6653	8
6654	8
6655	8
6656	8
6657	8
6658	8
6659	8
6660	8
6661	8
6662	8
6663	8
6664	8
6665	8
6666	8
6667	8
6668	8
6669	8
6670	8
6671	8
6672	8
6673	8
6674	8
6675	8
6676	8
6677	8
6678	8
6679	8
6680	8
6681	8
6682	8
6683	8
6684	8
6685	8
6686	8
6687	8
6688	8
6689	8
6690	8
6691	8
6692	8
6693	8
6694	8
6695	8
6696	8
6697	8
6698	8
6699	8
6700	8
6701	8
6702	8
6703	8
6704	8
6705	8
6706	8
6707	8
6708	8
6709	8
6710	8
6711	8
6712	8
6713	8
6714	8
6715	8
6716	8
6717	8
6718	8
6719	8
6720	8
6721	8
6722	8
6723	8
6724	8
6725	8
6726	8
6727	8
6728	8
6729	8
6730	8
6731	8
6732	8
6733	8
6734	8
6735	8
6736	8
6737	8
6738	8
6739	8
6740	8
6741	8
6742	8
6743	8
6744	8
6745	8
6746	8
6747	8
6748	8
6749	8
6750	8
6751	8
6752	8
6753	8
6754	8
6755	8
6756	8
6757	8
6758	8
6759	8
6760	8
6761	8
6762	8
6763	8
6764	8
6765	8
6766	8
6767	8
6768	8
6769	8
6770	8
6771	8
6772	8
6773	8
6774	8
6775	8
6776	8
6777	8
6778	8
6779	8
6780	8
6781	9
6782	9
6783	9
6784	9
6785	9
6786	9
6787	9
6788	9
6789	9
6790	9
6791	9
6792	9
6793	9
6794	9
6795	9
6796	9
6797	9
6798	9
6799	9
6800	9
6801	9
6802	9
6803	10
6804	10
6805	10
6806	10
6807	10
6808	10
6809	10
6810	10
6811	10
6812	10
6813	10
6814	10
6815	10
6816	10
6817	10
6818	10
6819	10
6820	10
6821	10
6822	10
6823	10
6824	10
6825	10
6826	10
6827	10
6828	10
6829	10
6830	10
6831	10
6832	10
6833	10
6834	10
6835	10
6836	10
6837	10
6838	10
6839	10
6840	10
6841	10
6842	10
6843	10
6844	10
6845	10
6846	10
6847	10
6848	10
6849	10
6850	10
6851	10
6852	10
6853	10
6854	10
6855	10
6856	10
6857	10
6858	10
6859	10
6860	10
6861	10
6862	10
6863	10
6864	10
6865	10
6866	10
6867	10
6868	10
6869	10
6870	10
6871	10
6872	10
6873	10
6874	10
6875	10
6876	10
6877	10
6878	10
6879	10
6880	10
6881	10
6882	10
6883	10
6884	10
6885	10
6886	10
6887	10
6888	10
6889	10
6890	10
6891	10
6892	10
6893	10
6894	10
6895	10
6896	10
6897	10
6898	10
6899	10
6900	10
6901	10
6902	10
6903	10
6904	10
6905	10
6906	10
6907	10
6908	10
6909	10
6910	10
6911	10
6912	10
6913	10
6914	10
6915	10
6916	10
6917	10
6918	10
6919	10
6920	10
6921	10
6922	10
6923	10
6924	10
6925	10
6926	10
6927	10
6928	10
6929	10
6930	10
6931	10
6932	10
6933	10
6934	10
6935	10
6936	10
6937	10
6938	10
6939	10
6940	10
6941	10
6942	10
6943	10
6944	10
6945	10
6946	10
6947	10
6948	10
6949	10
6950	10
6951	10
6952	10
6953	10
6954	10
6955	10
6956	10
6957	10
6958	10
6959	10
6960	10
6961	10
6962	10
6963	10
6964	10
6965	10
6966	10
6967	10
6968	10
6969	10
6970	10
6971	10
6972	10
6973	10
6974	10
6975	10
6976	10
6977	10
6978	10
6979	10
6980	10
6981	10
6982	10
6983	10
6984	10
6985	10
6986	10
6987	10
6988	10
6989	10
6990	10
6991	10
6992	10
6993	10
6994	10
6995	10
6996	10
6997	10
6998	10
6999	10
7000	10
7001	10
7002	10
7003	10
7004	10
7005	10
7006	10
7007	10
7008	10
7009	10
7010	10
7011	10
7012	10
7013	10
7014	10
7015	10
7016	10
7017	10
7018	10
7019	10
7020	10
7021	10
7022	10
7023	10
7024	10
7025	10
7026	10
7027	10
7028	10
7029	10
7030	10
7031	10
7032	10
7033	10
7034	10
7035	10
7036	10
7037	10
7038	10
7039	10
7040	10
7041	10
7042	10
7043	10
7044	10
7045	10
7046	10
7047	10
7048	10
7049	10
7050	10
7051	10
7052	10
7053	10
7054	10
7055	10
7056	10
7057	10
7058	10
7059	10
7060	10
7061	10
7062	10
7063	10
7064	10
7065	10
7066	10
7067	10
7068	10
7069	10
7070	10
7071	10
7072	10
7073	10
7074	10
7075	10
7076	10
7077	10
7078	10
7079	10
7080	10
7081	10
7082	10
7083	10
7084	10
7085	10
7086	10
7087	10
7088	10
7089	10
7090	10
7091	10
7092	10
7093	10
7094	10
7095	10
7096	10
7097	10
7098	10
7099	10
7100	10
7101	10
7102	10
7103	10
7104	10
7105	10
7106	10
7107	10
7108	10
7109	10
7110	10
7111	10
7112	10
7113	10
7114	10
7115	10
7116	10
7117	10
7118	10
7119	10
7120	10
7121	10
7122	10
7123	10
7124	10
7125	10
7126	10
7127	10
7128	10
7129	10
7130	10
7131	10
7132	10
7133	10
7134	10
7135	10
7136	10
7137	10
7138	10
7139	10
7140	10
7141	10
7142	10
7143	10
7144	10
7145	10
7146	10
7147	10
7148	10
7149	10
7150	10
7151	10
7152	10
7153	10
7154	10
7155	10
7156	10
7157	10
7158	10
7159	10
7160	10
7161	10
7162	10
7163	10
7164	10
7165	10
7166	10
7167	10
7168	10
7169	10
7170	10
7171	10
7172	10
7173	10
7174	10
7175	10
7176	10
7177	10
7178	10
7179	10
7180	10
7181	10
7182	10
7183	10
7184	10
7185	10
7186	10
7187	10
7188	10
7189	10
7190	10
7191	10
7192	10
7193	10
7194	10
7195	10
7196	10
7197	10
7198	10
7199	10
7200	10
7201	10
7202	10
7203	10
7204	10
7205	10
7206	11
7207	11
7208	11
7209	11
7210	11
7211	11
7212	11
7213	11
7214	11
7215	11
7216	11
7217	11
7218	11
7219	11
7220	11
7221	11
7222	11
7223	11
7224	11
7225	11
7226	11
7227	11
7228	11
7229	11
7230	11
7231	11
7232	11
7233	11
7234	11
7235	11
7236	11
7237	11
7238	11
7239	11
7240	11
7241	11
7242	11
7243	11
7244	11
7245	11
7246	11
7247	11
7248	11
7249	11
7250	11
7251	11
7252	11
7253	11
7254	11
7255	11
7256	11
7257	11
7258	11
7259	11
7260	11
7261	11
7262	11
7263	11
7264	11
7265	11
7266	11
7267	11
7268	11
7269	11
7270	11
7271	11
7272	11
7273	11
7274	11
7275	11
7276	11
7277	11
7278	11
7279	11
7280	11
7281	11
7282	11
7283	11
7284	11
7285	11
7286	11
7287	11
7288	11
7289	11
7290	11
7291	11
7292	11
7293	11
7294	11
7295	11
7296	11
7297	11
7298	11
7299	11
7300	11
7301	11
7302	11
7303	11
7304	11
7305	11
7306	11
7307	11
7308	11
7309	11
7310	11
7311	11
7312	11
7313	11
7314	11
7315	11
7316	11
7317	11
7318	11
7319	11
7320	11
7321	11
7322	11
7323	11
7324	11
7325	11
7326	11
7327	11
7328	12
7329	12
7330	12
7331	12
7332	12
7333	12
7334	12
7335	12
7336	12
7337	12
7338	12
7339	12
7340	12
7341	12
7342	12
7343	12
7344	12
7345	12
7346	12
7347	12
7348	12
7349	12
7350	12
7351	12
7352	12
7353	12
7354	12
7355	12
7356	12
7357	12
7358	12
7359	12
7360	12
7361	12
7362	12
7363	12
7364	12
7365	12
7366	12
7367	12
7368	12
7369	12
7370	12
7371	12
7372	12
7373	12
7374	12
7375	12
7376	12
7377	12
7378	12
7379	12
7380	12
7381	12
7382	12
7383	12
7384	12
7385	12
7386	12
7387	12
7388	12
7389	12
7390	12
7391	12
7392	12
7393	12
7394	12
7395	12
7396	12
7397	12
7398	12
7399	12
7400	12
7401	12
7402	12
7403	12
7404	12
7405	12
7406	12
7407	12
7408	12
7409	12
7410	12
7411	12
7412	12
7413	12
7414	12
7415	12
7416	12
7417	12
7418	12
7419	12
7420	12
7421	12
7422	12
7423	12
7424	12
7425	12
7426	12
7427	12
7428	12
7429	12
7430	12
7431	12
7432	12
7433	12
7434	12
7435	12
7436	12
7437	12
7438	12
7439	12
7440	12
7441	12
7442	12
7443	12
7444	12
7445	12
7446	12
7447	12
7448	12
7449	12
7450	12
7451	12
7452	12
7453	12
7454	12
7455	12
7456	12
7457	12
7458	13
7459	13
7460	13
7461	13
7462	13
7463	13
7464	13
7465	13
7466	13
7467	13
7468	13
7469	13
7470	13
7471	13
7472	13
7473	13
7474	13
7475	13
7476	13
7477	13
7478	13
7479	13
7480	13
7481	13
7482	13
7483	13
7484	13
7485	13
7486	13
7487	13
7488	13
7489	13
7490	13
7491	13
7492	13
7493	13
7494	13
7495	13
7496	13
7497	13
7498	13
7499	13
7500	13
7501	13
7502	13
7503	13
7504	13
7505	13
7506	13
7507	13
7508	13
7509	13
7510	13
7511	13
7512	13
7513	13
7514	13
7515	13
7516	13
7517	13
7518	13
7519	13
7520	13
7521	13
7522	13
7523	13
7524	13
7525	13
7526	13
7527	13
7528	13
7529	13
7530	13
7531	13
7532	13
7533	13
7534	13
7535	13
7536	13
7537	13
7538	13
7539	13
7540	13
7541	13
7542	13
7543	13
7544	13
7545	13
7546	13
7547	13
7548	13
7549	13
7550	13
7551	13
7552	13
7553	13
7554	13
7555	13
7556	13
7557	13
7558	13
7559	13
7560	13
7561	13
7562	13
7563	13
7564	13
7565	13
7566	13
7567	13
7568	13
7569	13
7570	13
7571	13
7572	13
7573	13
7574	13
7575	13
7576	13
7577	13
7578	13
7579	13
7580	13
7581	13
7582	13
7583	13
7584	13
7585	13
7586	13
7587	13
7588	13
7589	13
7590	13
7591	13
7592	13
7593	13
7594	13
7595	13
7596	13
7597	13
7598	13
7599	13
7600	13
7601	13
7602	13
7603	13
7604	13
7605	13
7606	13
7607	13
7608	13
7609	13
7610	13
7611	13
7612	13
7613	13
7614	13
7615	13
7616	13
7617	13
7618	13
7619	13
7620	13
7621	13
7622	13
7623	13
7624	13
7625	13
7626	13
7627	13
7628	13
7629	13
7630	13
7631	13
7632	13
7633	13
7634	13
7635	13
7636	13
7637	13
7638	13
7639	13
7640	13
7641	13
7642	13
7643	13
7644	13
7645	13
7646	13
7647	13
7648	13
7649	13
7650	13
7651	13
7652	13
7653	13
7654	13
7655	13
7656	13
7657	13
7658	13
7659	13
7660	13
7661	13
7662	13
7663	13
7664	13
7665	13
7666	13
7667	13
7668	13
7669	13
7670	13
7671	13
7672	13
7673	13
7674	13
7675	13
7676	13
7677	13
7678	13
7679	13
7680	13
7681	13
7682	13
7683	13
7684	13
7685	13
7686	13
7687	13
7688	13
7689	13
7690	13
7691	13
7692	13
7693	13
7694	13
7695	13
7696	13
7697	13
7698	13
7699	13
7700	13
7701	13
7702	13
7703	13
7704	13
7705	13
7706	13
7707	13
7708	13
7709	13
7710	13
7711	13
7712	13
7713	13
7714	13
7715	13
7716	13
7717	13
7718	13
7719	13
7720	13
7721	13
7722	13
7723	13
7724	13
7725	13
7726	13
7727	13
7728	13
7729	13
7730	13
7731	13
7732	13
7733	13
7734	13
7735	13
7736	13
7737	13
7738	13
7739	13
7740	13
7741	14
7742	14
7743	14
7744	14
7745	14
7746	14
7747	14
7748	14
7749	14
7750	14
7751	14
7752	14
7753	14
7754	14
7755	14
7756	14
7757	14
7758	14
7759	14
7760	14
7761	14
7762	14
7763	14
7764	14
7765	14
7766	14
7767	14
7768	14
7769	14
7770	14
7771	14
7772	14
7773	14
7774	14
7775	14
7776	14
7777	14
7778	14
7779	14
7780	14
7781	14
7782	14
7783	14
7784	14
7785	14
7786	14
7787	14
7788	14
7789	14
7790	14
7791	14
7792	14
7793	14
7794	14
7795	14
7796	14
7797	14
7798	14
7799	14
7800	14
7801	14
7802	14
7803	14
7804	14
7805	14
7806	14
7807	14
7808	14
7809	14
7810	14
7811	14
7812	14
7813	14
7814	14
7815	14
7816	14
7817	14
7818	14
7819	14
7820	14
7821	14
7822	14
7823	14
7824	14
7825	14
7826	14
7827	14
7828	14
7829	15
7830	15
7831	15
7832	15
7833	15
7834	15
7835	15
7836	15
7837	15
7838	15
7839	15
7840	15
7841	15
7842	15
7843	15
7844	15
7845	15
7846	15
7847	15
7848	15
7849	15
7850	15
7851	15
7852	15
7853	15
7854	15
7855	15
7856	15
7857	15
7858	15
7859	15
7860	15
7861	15
7862	15
7863	15
7864	15
7865	15
7866	15
7867	15
7868	15
7869	15
7870	15
7871	15
7872	15
7873	15
7874	15
7875	15
7876	15
7877	15
7878	15
7879	15
7880	15
7881	15
7882	15
7883	15
7884	15
7885	15
7886	15
7887	15
7888	15
7889	15
7890	15
7891	15
7892	15
7893	15
7894	15
7895	15
7896	15
7897	15
7898	15
7899	15
7900	15
7901	15
7902	15
7903	15
7904	15
7905	15
7906	15
7907	15
7908	15
7909	15
7910	15
7911	15
7912	15
7913	15
7914	15
7915	15
7916	15
7917	15
7918	15
7919	15
7920	15
7921	15
7922	15
7923	15
7924	15
7925	15
7926	15
7927	15
7928	15
7929	15
7930	15
7931	15
7932	15
7933	15
7934	15
7935	15
7936	15
7937	15
7938	15
7939	15
7940	15
7941	15
7942	15
7943	15
7944	15
7945	15
7946	15
7947	15
7948	15
7949	15
7950	15
7951	15
7952	15
7953	15
7954	15
7955	15
7956	15
7957	15
7958	15
7959	15
7960	15
7961	15
7962	15
7963	15
7964	15
7965	15
7966	15
7967	15
7968	15
7969	15
7970	15
7971	15
7972	15
7973	15
7974	15
7975	15
7976	15
7977	15
7978	15
7979	15
7980	15
7981	15
7982	15
7983	15
7984	15
7985	15
7986	15
7987	15
7988	15
7989	15
7990	15
7991	15
7992	15
7993	15
7994	15
7995	16
7996	16
7997	16
7998	16
7999	16
8000	16
8001	16
8002	16
8003	16
8004	16
8005	16
8006	16
8007	16
8008	16
8009	16
8010	16
8011	16
8012	16
8013	16
8014	16
8015	16
8016	16
8017	16
8018	16
8019	16
8020	16
8021	16
8022	16
8023	16
8024	16
8025	16
8026	16
8027	16
8028	16
8029	16
8030	16
8031	16
8032	16
8033	16
8034	16
8035	16
8036	16
8037	16
8038	16
8039	16
8040	16
8041	16
8042	16
8043	16
8044	16
8045	16
8046	16
8047	16
8048	16
8049	16
8050	16
8051	16
8052	16
8053	16
8054	16
8055	16
8056	16
8057	16
8058	16
8059	16
8060	16
8061	16
8062	16
8063	16
8064	16
8065	16
8066	16
8067	16
8068	16
8069	16
8070	16
8071	16
8072	16
8073	16
8074	16
8075	16
8076	16
8077	16
8078	16
8079	16
8080	16
8081	16
8082	16
8083	16
8084	16
8085	16
8086	16
8087	16
8088	16
8089	16
8090	16
8091	16
8092	17
8093	17
8094	17
8095	17
8096	17
8097	17
8098	17
8099	17
8100	18
8101	18
8102	18
8103	18
8104	18
8105	18
8106	18
8107	18
8108	18
8109	18
8110	18
8111	18
8112	18
8113	18
8114	18
8115	18
8116	18
8117	18
8118	18
8119	18
8120	18
8121	18
8122	18
8123	18
8124	18
8125	18
8126	18
8127	18
8128	18
8129	18
8130	18
8131	18
8132	18
8133	18
8134	18
8135	18
8136	18
8137	18
8138	18
8139	18
8140	18
8141	18
8142	18
8143	18
8144	18
8145	18
8146	18
8147	18
8148	18
8149	18
8150	18
8151	18
8152	18
8153	18
8154	18
8155	18
8156	18
8157	18
8158	18
8159	18
8160	18
8161	18
8162	18
8163	18
8164	18
8165	18
8166	18
8167	18
8168	18
8169	18
8170	18
8171	18
8172	18
8173	18
8174	18
8175	18
8176	18
8177	18
8178	18
8179	18
8180	18
8181	18
8182	18
8183	18
8184	18
8185	18
8186	18
8187	18
8188	18
8189	18
8190	18
8191	18
8192	18
8193	18
8194	18
8195	18
8196	18
8197	18
8198	18
8199	18
8200	18
8201	18
8202	18
8203	18
8204	18
8205	18
8206	18
8207	18
8208	18
8209	18
8210	18
8211	18
8212	18
8213	18
8214	18
8215	18
8216	18
8217	18
8218	18
8219	18
8220	18
8221	18
8222	18
8223	18
8224	18
8225	18
8226	18
8227	18
8228	18
8229	18
8230	18
8231	18
8232	18
8233	18
8234	18
8235	18
8236	18
8237	18
8238	18
8239	18
8240	18
8241	18
8242	18
8243	18
8244	18
8245	18
8246	18
8247	18
8248	18
8249	18
8250	18
8251	18
8252	18
8253	18
8254	18
8255	18
8256	18
8257	18
8258	18
8259	18
8260	18
8261	18
8262	18
8263	18
8264	18
8265	18
8266	18
8267	18
8268	18
8269	18
8270	18
8271	18
8272	18
8273	18
8274	18
8275	18
8276	18
8277	18
8278	18
8279	18
8280	18
8281	18
8282	18
8283	18
8284	18
8285	18
8286	18
8287	18
8288	18
8289	18
8290	18
8291	18
8292	18
8293	18
8294	18
8295	18
8296	18
8297	18
8298	18
8299	18
8300	18
8301	18
8302	18
8303	18
8304	18
8305	18
8306	18
8307	18
8308	18
8309	18
8310	18
8311	18
8312	18
8313	18
8314	18
8315	18
8316	18
8317	18
8318	18
8319	18
8320	18
8321	18
8322	18
8323	18
8324	18
8325	18
8326	18
8327	18
8328	18
8329	18
8330	18
8331	18
8332	18
8333	18
8334	18
8335	18
8336	18
8337	18
8338	18
8339	18
8340	18
8341	18
8342	18
8343	18
8344	18
8345	18
8346	18
8347	18
8348	18
8349	18
8350	18
8351	18
8352	18
8353	18
8354	18
8355	18
8356	18
8357	18
8358	18
8359	18
8360	18
8361	18
8362	18
8363	18
8364	18
8365	18
8366	18
8367	18
8368	18
8369	18
8370	18
8371	18
8372	18
8373	18
8374	18
8375	18
8376	18
8377	18
8378	18
8379	18
8380	18
8381	18
8382	18
8383	18
8384	18
8385	18
8386	18
8387	18
8388	18
8389	18
8390	18
8391	18
8392	18
8393	18
8394	18
8395	18
8396	18
8397	18
8398	18
8399	18
8400	18
8401	18
8402	18
8403	18
8404	18
8405	18
8406	18
8407	18
8408	18
8409	18
8410	18
8411	18
8412	18
8413	18
8414	18
8415	18
8416	18
8417	18
8418	18
8419	18
8420	18
8421	18
8422	18
8423	18
8424	18
8425	18
8426	18
8427	18
8428	18
8429	18
8430	18
8431	18
8432	18
8433	18
8434	18
8435	18
8436	18
8437	18
8438	18
8439	18
8440	18
8441	18
8442	18
8443	18
8444	18
8445	18
8446	18
8447	18
8448	18
8449	18
8450	18
8451	18
8452	18
8453	18
8454	18
8455	18
8456	18
8457	18
8458	18
8459	18
8460	18
8461	18
8462	18
8463	18
8464	18
8465	18
8466	18
8467	18
8468	18
8469	18
8470	18
8471	18
8472	18
8473	18
8474	18
8475	18
8476	18
8477	18
8478	18
8479	18
8480	18
8481	18
8482	18
8483	18
8484	18
8485	18
8486	18
8487	18
8488	19
8489	19
8490	19
8491	19
8492	19
8493	19
8494	19
8495	19
8496	19
8497	19
8498	19
8499	19
8500	19
8501	19
8502	19
8503	19
8504	19
8505	19
8506	19
8507	19
8508	19
8509	19
8510	19
8511	19
8512	19
8513	19
8514	19
8515	19
8516	19
8517	19
8518	19
8519	19
8520	19
8521	19
8522	19
8523	19
8524	19
8525	19
8526	19
8527	19
8528	19
8529	19
8530	19
8531	19
8532	19
8533	19
8534	19
8535	19
8536	19
8537	19
8538	19
8539	19
8540	19
8541	19
8542	19
8543	19
8544	19
8545	19
8546	19
8547	19
8548	19
8549	19
8550	19
8551	19
8552	19
8553	19
8554	19
8555	19
8556	19
8557	19
8558	19
8559	19
8560	19
8561	19
8562	19
8563	19
8564	19
8565	19
8566	19
8567	19
8568	19
8569	19
8570	19
8571	19
8572	19
8573	19
8574	19
8575	19
8576	19
8577	19
8578	19
8579	19
8580	19
8581	19
8582	19
8583	19
8584	19
8585	19
8586	19
8587	19
8588	19
8589	19
8590	19
8591	19
8592	19
8593	19
8594	19
8595	19
8596	19
8597	19
8598	19
8599	19
8600	19
8601	19
8602	19
8603	19
8604	19
8605	19
8606	19
8607	19
8608	19
8609	19
8610	19
8611	19
8612	19
8613	19
8614	19
8615	19
8616	19
8617	19
8618	19
8619	19
8620	19
8621	19
8622	19
8623	19
8624	19
8625	19
8626	19
8627	19
8628	19
8629	19
8630	19
8631	19
8632	19
8633	20
8634	20
8635	20
8636	20
8637	20
8638	20
8639	20
8640	20
8641	20
8642	20
8643	20
8644	20
8645	20
8646	20
8647	20
8648	20
8649	20
8650	20
8651	20
8652	20
8653	20
8654	20
8655	20
8656	20
8657	20
8658	20
8659	20
8660	20
8661	20
8662	20
8663	20
8664	20
8665	20
8666	20
8667	20
8668	20
8669	20
8670	20
8671	20
8672	20
8673	20
8674	20
8675	20
8676	20
8677	20
8678	20
8679	20
8680	20
8681	20
8682	20
8683	20
8684	20
8685	20
8686	20
8687	20
8688	20
8689	20
8690	20
8691	20
8692	20
8693	20
8694	20
8695	20
8696	20
8697	20
8698	20
8699	20
8700	20
8701	20
8702	20
8703	20
8704	20
8705	20
8706	20
8707	20
8708	20
8709	20
8710	20
8711	20
8712	20
8713	20
8714	20
8715	20
8716	20
8717	20
8718	20
8719	20
8720	20
8721	20
8722	20
8723	20
8724	20
8725	20
8726	20
8727	20
8728	20
8729	20
8730	20
8731	20
8732	20
8733	20
8734	20
8735	20
8736	20
8737	20
8738	20
8739	20
8740	20
8741	20
8742	20
8743	20
8744	20
8745	20
8746	20
8747	20
8748	20
8749	20
8750	20
8751	20
8752	20
8753	20
8754	20
8755	20
8756	20
8757	20
8758	20
8759	20
8760	20
8761	20
8762	20
8763	20
8764	20
8765	20
8766	20
8767	20
8768	20
8769	20
8770	20
8771	20
8772	20
8773	20
8774	20
8775	20
8776	20
8777	20
8778	20
8779	20
8780	20
8781	20
8782	20
8783	20
8784	20
8785	20
8786	20
8787	20
8788	20
8789	20
8790	20
8791	20
8792	20
8793	20
8794	20
8795	20
8796	20
8797	20
8798	20
8799	20
8800	20
8801	20
8802	20
8803	20
8804	20
8805	20
8806	20
8807	20
8808	20
8809	20
8810	20
8811	20
8812	20
8813	20
8814	20
8815	20
8816	20
8817	20
8818	20
8819	20
8820	20
8821	20
8822	20
8823	20
8824	20
8825	20
8826	20
8827	20
8828	20
8829	20
8830	20
8831	20
8832	20
8833	20
8834	20
8835	20
8836	20
8837	20
8838	20
8839	20
8840	20
8841	20
8842	20
8843	20
8844	20
8845	20
8846	20
8847	20
8848	20
8849	20
8850	20
8851	20
8852	20
8853	20
8854	20
8855	20
8856	20
8857	20
8858	20
8859	20
8860	20
8861	20
8862	20
8863	20
8864	20
8865	20
8866	20
8867	20
8868	20
8869	20
8870	20
8871	20
8872	20
8873	20
8874	20
8875	20
8876	20
8877	20
8878	20
8879	20
8880	20
8881	20
8882	20
8883	20
8884	20
8885	20
8886	20
8887	20
8888	20
8889	20
8890	20
8891	20
8892	20
8893	20
8894	20
8895	20
8896	20
8897	20
8898	20
8899	20
8900	20
8901	20
8902	20
8903	20
8904	20
8905	20
8906	20
8907	20
8908	20
8909	20
8910	20
8911	20
8912	20
8913	20
8914	20
8915	20
8916	20
8917	20
8918	20
8919	20
8920	20
8921	20
8922	20
8923	20
8924	20
8925	20
8926	20
8927	20
8928	20
8929	20
8930	20
8931	20
8932	20
8933	20
8934	20
8935	20
8936	20
8937	20
8938	20
8939	20
8940	20
8941	20
8942	20
8943	20
8944	20
8945	20
8946	20
8947	20
8948	20
8949	20
8950	20
8951	20
8952	20
8953	20
8954	20
8955	20
8956	20
8957	20
8958	20
8959	20
8960	20
8961	20
8962	20
8963	20
8964	20
8965	20
8966	20
8967	20
8968	20
8969	20
8970	20
8971	20
8972	20
8973	20
8974	20
8975	20
8976	20
8977	20
8978	20
8979	20
8980	20
8981	20
8982	20
8983	20
8984	20
8985	20
8986	20
8987	20
8988	20
8989	20
8990	20
8991	20
8992	20
8993	20
8994	20
8995	20
8996	20
8997	20
8998	20
8999	20
9000	20
9001	20
9002	20
9003	20
9004	20
9005	20
9006	20
9007	20
9008	20
9009	20
9010	20
9011	20
9012	20
9013	20
9014	20
9015	20
9016	20
9017	20
9018	20
9019	20
9020	20
9021	20
9022	20
9023	20
9024	20
9025	20
9026	20
9027	20
9028	20
9029	20
9030	20
9031	20
9032	20
9033	20
9034	20
9035	20
9036	20
9037	20
9038	20
9039	20
9040	20
9041	20
9042	20
9043	20
9044	20
9045	20
9046	20
9047	20
9048	20
9049	20
9050	20
9051	20
9052	20
9053	20
9054	20
9055	20
9056	20
9057	20
9058	20
9059	20
9060	20
9061	20
9062	20
9063	20
9064	20
9065	20
9066	20
9067	20
9068	20
9069	20
9070	20
9071	20
9072	20
9073	20
9074	20
9075	20
9076	20
9077	20
9078	20
9079	20
9080	20
9081	20
9082	20
9083	20
9084	20
9085	20
9086	20
9087	20
9088	20
9089	20
9090	20
9091	20
9092	20
9093	20
9094	20
9095	20
9096	20
9097	20
9098	20
9099	20
9100	20
9101	20
9102	20
9103	20
9104	20
9105	20
9106	20
9107	20
9108	20
9109	20
9110	20
9111	20
9112	20
9113	20
9114	20
9115	20
9116	20
9117	20
9118	20
9119	20
9120	20
9121	20
9122	20
9123	20
9124	20
9125	20
9126	20
9127	20
9128	20
9129	20
9130	20
9131	20
9132	20
9133	20
9134	20
9135	20
9136	20
9137	20
9138	20
9139	20
9140	20
9141	20
9142	20
9143	20
9144	20
9145	20
9146	21
9147	21
9148	21
9149	21
9150	21
9151	21
9152	21
9153	21
9154	21
9155	21
9156	21
9157	21
9158	21
9159	21
9160	21
9161	21
9162	21
9163	21
9164	21
9165	21
9166	21
9167	21
9168	21
9169	21
9170	21
9171	21
9172	21
9173	21
9174	21
9175	21
9176	21
9177	21
9178	21
9179	21
9180	21
9181	21
9182	21
9183	21
9184	21
9185	21
9186	21
9187	21
9188	21
9189	21
9190	21
9191	21
9192	21
9193	21
9194	21
9195	21
9196	21
9197	21
9198	21
9199	21
9200	21
9201	21
9202	21
9203	21
9204	21
9205	21
9206	21
9207	21
9208	21
9209	21
9210	21
9211	21
9212	21
9213	21
9214	21
9215	21
9216	21
9217	21
9218	21
9219	21
9220	21
9221	21
9222	21
9223	21
9224	21
9225	21
9226	21
9227	21
9228	21
9229	21
9230	21
9231	21
9232	21
9233	21
9234	21
9235	21
9236	21
9237	21
9238	21
9239	21
9240	21
9241	21
9242	21
9243	21
9244	21
9245	21
9246	21
9247	21
9248	21
9249	21
9250	21
9251	21
9252	21
9253	21
9254	21
9255	21
9256	21
9257	21
9258	21
9259	21
9260	21
9261	21
9262	21
9263	21
9264	21
9265	21
9266	21
9267	21
9268	21
9269	21
9270	21
9271	21
9272	21
9273	21
9274	21
9275	21
9276	21
9277	21
9278	21
9279	21
9280	21
9281	21
9282	21
9283	21
9284	21
9285	21
9286	21
9287	21
9288	21
9289	21
9290	21
9291	21
9292	21
9293	21
9294	21
9295	21
9296	21
9297	21
9298	21
9299	21
9300	21
9301	21
9302	21
9303	21
9304	21
9305	21
9306	21
9307	21
9308	21
9309	21
9310	21
9311	21
9312	21
9313	21
9314	21
9315	21
9316	21
9317	21
9318	21
9319	21
9320	21
9321	21
9322	21
9323	21
9324	21
9325	21
9326	21
9327	21
9328	21
9329	21
9330	21
9331	21
9332	21
9333	21
9334	21
9335	21
9336	21
9337	21
9338	21
9339	21
9340	21
9341	21
9342	21
9343	21
9344	21
9345	21
9346	21
9347	21
9348	21
9349	21
9350	21
9351	21
9352	21
9353	21
9354	21
9355	21
9356	21
9357	21
9358	21
9359	21
9360	21
9361	21
9362	21
9363	21
9364	21
9365	21
9366	21
9367	21
9368	21
9369	21
9370	21
9371	21
9372	21
9373	21
9374	21
9375	21
9376	21
9377	21
9378	21
9379	21
9380	21
9381	21
9382	21
9383	21
9384	21
9385	21
9386	21
9387	21
9388	21
9389	21
9390	21
9391	21
9392	21
9393	21
9394	21
9395	21
9396	21
9397	22
9398	22
9399	22
9400	22
9401	22
9402	22
9403	22
9404	22
9405	22
9406	22
9407	22
9408	22
9409	22
9410	22
9411	22
9412	22
9413	22
9414	22
9415	22
9416	22
9417	22
9418	22
9419	22
9420	22
9421	22
9422	22
9423	22
9424	22
9425	22
9426	22
9427	22
9428	22
9429	22
9430	22
9431	22
9432	22
9433	22
9434	22
9435	22
9436	22
9437	22
9438	22
9439	22
9440	22
9441	22
9442	22
9443	23
9444	23
9445	23
9446	23
9447	23
9448	23
9449	23
9450	23
9451	23
9452	23
9453	23
9454	23
9455	23
9456	23
9457	23
9458	23
9459	23
9460	23
9461	23
9462	23
9463	23
9464	23
9465	23
9466	23
9467	23
9468	23
9469	24
9470	24
9471	24
9472	24
9473	24
9474	24
9475	24
9476	24
9477	24
9478	24
9479	24
9480	24
9481	24
9482	24
9483	24
9484	24
9485	24
9486	24
9487	24
9488	24
9489	24
9490	24
9491	24
9492	24
9493	24
9494	24
9495	24
9496	24
9497	24
9498	24
9499	24
9500	24
9501	24
9502	24
9503	24
9504	24
9505	24
9506	24
9507	24
9508	24
9509	24
9510	24
9511	24
9512	24
9513	24
9514	24
9515	24
9516	24
9517	24
9518	24
9519	24
9520	24
9521	24
9522	24
9523	24
9524	24
9525	24
9526	24
9527	24
9528	24
9529	24
9530	24
9531	24
9532	24
9533	24
9534	24
9535	24
9536	24
9537	24
9538	24
9539	24
9540	24
9541	24
9542	24
9543	24
9544	24
9545	24
9546	24
9547	24
9548	24
9549	24
9550	25
9551	25
9552	25
9553	25
9554	25
9555	26
9556	26
9557	26
9558	26
9559	26
9560	26
9561	26
9562	26
9563	26
9564	26
9565	26
9566	26
9567	26
9568	26
9569	26
9570	26
9571	26
9572	26
9573	26
9574	26
9575	26
9576	26
9577	26
9578	26
9579	26
9580	26
9581	26
9582	26
9583	26
9584	26
9585	26
9586	26
9587	26
9588	26
9589	26
9590	26
9591	26
9592	26
9593	26
9594	26
9595	26
9596	26
9597	26
9598	26
9599	26
9600	26
9601	26
9602	26
9603	26
9604	26
9605	26
9606	26
9607	26
9608	26
9609	26
9610	26
9611	26
9612	26
9613	26
9614	26
9615	26
9616	26
9617	26
9618	26
9619	26
9620	26
9621	26
9622	26
9623	26
9624	26
9625	26
9626	26
9627	26
9628	26
9629	26
9630	26
9631	26
9632	26
9633	26
9634	26
9635	26
9636	26
9637	26
9638	26
9639	26
9640	26
9641	26
9642	26
9643	26
9644	26
9645	26
9646	26
9647	26
9648	26
9649	26
9650	26
9651	26
9652	26
9653	26
9654	26
9655	26
9656	26
9657	26
9658	26
9659	26
9660	26
9661	26
9662	26
9663	26
9664	26
9665	26
9666	26
9667	26
9668	26
9669	26
9670	26
9671	26
9672	26
9673	26
9674	26
9675	26
9676	26
9677	26
9678	26
9679	26
9680	26
9681	26
9682	26
9683	26
9684	26
9685	26
9686	26
9687	26
9688	26
9689	26
9690	26
9691	26
9692	26
9693	26
9694	26
9695	26
9696	26
9697	26
9698	26
9699	26
9700	26
9701	26
9702	26
9703	26
9704	26
9705	26
9706	26
9707	26
9708	26
9709	26
9710	26
9711	26
9712	26
9713	26
9714	26
9715	26
9716	26
9717	26
9718	26
9719	26
9720	26
9721	26
9722	26
9723	26
9724	26
9725	26
9726	26
9727	26
9728	26
9729	26
9730	26
9731	26
9732	26
9733	26
9734	26
9735	26
9736	26
9737	26
9738	26
9739	26
9740	26
9741	26
9742	26
9743	27
9744	27
9745	27
9746	27
9747	27
9748	27
9749	27
9750	27
9751	27
9752	27
9753	27
9754	27
9755	27
9756	27
9757	27
9758	27
9759	27
9760	27
9761	27
9762	27
9763	27
9764	27
9765	27
9766	27
9767	27
9768	27
9769	27
9770	27
9771	27
9772	27
9773	27
9774	27
9775	27
9776	27
9777	27
9778	27
9779	27
9780	27
9781	27
9782	27
9783	27
9784	27
9785	27
9786	27
9787	27
9788	27
9789	27
9790	27
9791	27
9792	27
9793	27
9794	27
9795	27
9796	27
9797	27
9798	27
9799	27
9800	27
9801	27
9802	27
9803	27
9804	27
9805	27
9806	27
9807	27
9808	27
9809	27
9810	27
9811	27
9812	27
9813	27
9814	27
9815	27
9816	27
9817	27
9818	27
9819	27
9820	27
9821	27
9822	27
9823	27
9824	27
9825	27
9826	27
9827	27
9828	28
9829	28
9830	28
9831	28
9832	28
9833	28
9834	28
9835	28
9836	28
9837	28
9838	28
9839	28
9840	28
9841	28
9842	28
9843	28
9844	28
9845	28
9846	28
9847	28
9848	28
9849	28
9850	28
9851	28
9852	28
9853	28
9854	28
9855	28
9856	28
9857	28
9858	28
9859	28
9860	28
9861	28
9862	28
9863	28
9864	28
9865	28
9866	28
9867	28
9868	28
9869	28
9870	28
9871	28
9872	28
9873	28
9874	28
9875	28
9876	28
9877	28
9878	28
9879	28
9880	28
9881	28
9882	28
9883	28
9884	28
9885	28
9886	28
9887	28
9888	28
9889	28
9890	28
9891	28
9892	28
9893	28
9894	28
9895	28
9896	28
9897	28
9898	28
9899	28
9900	28
9901	28
9902	28
9903	28
9904	28
9905	28
9906	28
9907	28
9908	28
9909	28
9910	28
9911	28
9912	28
9913	28
9914	28
9915	28
9916	28
9917	28
9918	28
9919	28
9920	28
9921	29
9922	29
9923	29
9924	29
9925	29
9926	29
9927	29
9928	29
9929	29
9930	29
9931	29
9932	29
9933	29
9934	29
9935	29
9936	29
9937	29
9938	29
9939	29
9940	29
9941	29
9942	29
9943	29
9944	29
9945	29
9946	29
9947	29
9948	29
9949	29
9950	29
9951	29
9952	29
9953	29
9954	29
9955	29
9956	29
9957	29
9958	29
9959	29
9960	29
9961	29
9962	29
9963	29
9964	29
9965	29
9966	29
9967	29
9968	29
9969	29
9970	29
9971	29
9972	29
9973	29
9974	29
9975	29
9976	29
9977	29
9978	29
9979	29
9980	29
9981	29
9982	29
9983	29
9984	29
9985	29
9986	29
9987	29
9988	29
9989	29
9990	29
9991	29
9992	29
9993	29
9994	29
9995	29
9996	29
9997	29
9998	29
9999	29
10000	29
