#Clock	ItemsCollected
1	0
2	0
3	0
4	0
5	0
6	0
7	0
8	0
9	0
10	0
11	0
12	0
13	0
14	0
15	0
16	0
17	0
18	0
19	0
20	0
21	0
22	0
23	0
24	0
25	0
26	0
27	0
28	0
29	0
30	0
31	0
32	0
33	0
34	0
35	0
36	0
37	0
38	0
39	0
40	0
41	0
42	0
43	0
44	0
45	0
46	0
47	0
48	0
49	0
50	0
51	0
52	0
53	0
54	0
55	0
56	0
57	0
58	0
59	0
60	0
61	0
62	0
63	0
64	0
65	0
66	0
67	0
68	0
69	0
70	0
71	0
72	0
73	0
74	0
75	0
76	0
77	0
78	0
79	0
80	0
81	0
82	0
83	0
84	0
85	0
86	0
87	0
88	0
89	0
90	0
91	0
92	0
93	0
94	0
95	0
96	0
97	0
98	0
99	0
100	0
101	0
102	0
103	0
104	0
105	0
106	0
107	0
108	0
109	0
110	0
111	0
112	0
113	0
114	0
115	0
116	0
117	0
118	0
119	0
120	0
121	0
122	0
123	0
124	0
125	0
126	0
127	0
128	0
129	0
130	0
131	0
132	0
133	0
134	0
135	0
136	0
137	0
138	0
139	0
140	0
141	0
142	0
143	0
144	0
145	0
146	0
147	0
148	0
149	0
150	0
151	0
152	0
153	0
154	0
155	0
156	0
157	0
158	0
159	0
160	0
161	0
162	0
163	0
164	0
165	0
166	0
167	0
168	0
169	0
170	0
171	0
172	0
173	0
174	0
175	0
176	0
177	0
178	0
179	0
180	0
181	0
182	0
183	0
184	0
185	0
186	0
187	0
188	0
189	0
190	0
191	0
192	0
193	0
194	0
195	0
196	0
197	0
198	0
199	0
200	0
201	0
202	0
203	0
204	0
205	0
206	0
207	0
208	0
209	0
210	0
211	0
212	0
213	0
214	0
215	0
216	0
217	0
218	0
219	0
220	0
221	0
222	0
223	0
224	0
225	0
226	0
227	0
228	0
229	0
230	0
231	0
232	0
233	0
234	0
235	0
236	0
237	0
238	0
239	0
240	0
241	0
242	0
243	0
244	0
245	0
246	0
247	0
248	0
249	0
250	0
251	0
252	0
253	0
254	0
255	0
256	0
257	0
258	0
259	0
260	0
261	0
262	0
263	0
264	0
265	0
266	0
267	0
268	0
269	0
270	0
271	0
272	0
273	0
274	0
275	0
276	0
277	0
278	0
279	0
280	0
281	0
282	0
283	0
284	0
285	0
286	0
287	0
288	0
289	0
290	0
291	0
292	0
293	0
294	0
295	0
296	0
297	0
298	0
299	0
300	0
301	0
302	0
303	0
304	0
305	0
306	0
307	0
308	0
309	0
310	0
311	0
312	0
313	0
314	0
315	0
316	0
317	0
318	0
319	0
320	0
321	0
322	0
323	0
324	0
325	0
326	0
327	0
328	0
329	0
330	0
331	0
332	0
333	0
334	0
335	0
336	0
337	0
338	0
339	0
340	0
341	0
342	0
343	0
344	0
345	0
346	0
347	0
348	0
349	0
350	0
351	0
352	0
353	0
354	0
355	0
356	0
357	0
358	0
359	0
360	0
361	0
362	0
363	0
364	0
365	0
366	0
367	0
368	0
369	0
370	0
371	0
372	0
373	0
374	0
375	0
376	0
377	0
378	0
379	0
380	0
381	0
382	0
383	0
384	0
385	0
386	0
387	0
388	0
389	0
390	0
391	0
392	0
393	0
394	0
395	0
396	0
397	0
398	0
399	0
400	0
401	0
402	0
403	0
404	0
405	0
406	0
407	0
408	0
409	0
410	0
411	0
412	0
413	0
414	0
415	0
416	0
417	0
418	0
419	0
420	0
421	0
422	0
423	0
424	0
425	0
426	0
427	0
428	0
429	0
430	0
431	0
432	0
433	0
434	0
435	0
436	0
437	0
438	0
439	0
440	0
441	0
442	0
443	0
444	0
445	0
446	0
447	0
448	0
449	0
450	0
451	0
452	0
453	0
454	0
455	0
456	0
457	0
458	0
459	0
460	0
461	0
462	0
463	0
464	0
465	0
466	0
467	0
468	0
469	0
470	0
471	0
472	0
473	0
474	0
475	0
476	0
477	0
478	0
479	0
480	0
481	0
482	0
483	0
484	0
485	0
486	0
487	0
488	0
489	0
490	0
491	0
492	0
493	0
494	0
495	0
496	0
497	0
498	0
499	0
500	0
501	0
502	0
503	0
504	0
505	0
506	0
507	0
508	0
509	0
510	0
511	0
512	0
513	0
514	0
515	0
516	0
517	0
518	0
519	0
520	0
521	0
522	0
523	0
524	0
525	0
526	0
527	0
528	0
529	0
530	0
531	0
532	0
533	0
534	0
535	0
536	0
537	0
538	0
539	0
540	0
541	0
542	0
543	0
544	0
545	0
546	0
547	0
548	0
549	0
550	0
551	0
552	0
553	0
554	0
555	0
556	0
557	0
558	0
559	0
560	0
561	0
562	0
563	0
564	0
565	0
566	0
567	0
568	0
569	0
570	0
571	0
572	0
573	0
574	0
575	0
576	0
577	0
578	0
579	0
580	0
581	0
582	0
583	0
584	0
585	0
586	0
587	0
588	0
589	0
590	0
591	0
592	0
593	0
594	0
595	0
596	0
597	0
598	0
599	0
600	0
601	0
602	0
603	0
604	0
605	0
606	0
607	0
608	0
609	0
610	0
611	0
612	0
613	0
614	0
615	0
616	0
617	0
618	0
619	0
620	0
621	0
622	0
623	0
624	0
625	0
626	0
627	0
628	0
629	0
630	0
631	0
632	0
633	0
634	0
635	0
636	0
637	0
638	0
639	0
640	0
641	0
642	0
643	0
644	0
645	0
646	0
647	0
648	0
649	0
650	0
651	0
652	0
653	0
654	0
655	0
656	0
657	0
658	0
659	0
660	0
661	0
662	0
663	0
664	0
665	0
666	0
667	0
668	0
669	0
670	0
671	0
672	0
673	0
674	0
675	0
676	0
677	0
678	0
679	0
680	0
681	0
682	0
683	0
684	0
685	0
686	0
687	0
688	0
689	0
690	0
691	0
692	0
693	0
694	0
695	0
696	0
697	0
698	0
699	0
700	0
701	0
702	0
703	0
704	0
705	0
706	0
707	0
708	0
709	0
710	0
711	0
712	0
713	0
714	0
715	0
716	0
717	0
718	0
719	0
720	0
721	0
722	0
723	0
724	0
725	0
726	0
727	0
728	0
729	0
730	0
731	0
732	0
733	0
734	0
735	0
736	0
737	0
738	0
739	0
740	0
741	0
742	0
743	0
744	0
745	0
746	0
747	0
748	0
749	0
750	0
751	0
752	0
753	0
754	0
755	0
756	0
757	0
758	0
759	0
760	0
761	0
762	0
763	0
764	0
765	0
766	0
767	0
768	0
769	0
770	0
771	0
772	0
773	0
774	0
775	0
776	0
777	0
778	0
779	0
780	0
781	0
782	0
783	0
784	0
785	0
786	0
787	0
788	0
789	0
790	0
791	0
792	0
793	0
794	0
795	0
796	0
797	0
798	0
799	0
800	0
801	0
802	0
803	0
804	0
805	0
806	0
807	0
808	0
809	0
810	0
811	0
812	0
813	0
814	0
815	0
816	0
817	0
818	0
819	0
820	0
821	0
822	0
823	0
824	0
825	0
826	0
827	0
828	0
829	0
830	0
831	0
832	0
833	0
834	0
835	0
836	0
837	0
838	0
839	0
840	0
841	0
842	0
843	0
844	0
845	0
846	0
847	0
848	0
849	0
850	0
851	0
852	0
853	0
854	0
855	0
856	0
857	0
858	0
859	0
860	0
861	0
862	0
863	0
864	0
865	0
866	0
867	0
868	0
869	0
870	0
871	0
872	0
873	0
874	0
875	0
876	0
877	0
878	0
879	0
880	0
881	0
882	0
883	0
884	0
885	0
886	0
887	0
888	0
889	0
890	0
891	0
892	0
893	0
894	0
895	0
896	0
897	0
898	0
899	0
900	0
901	0
902	0
903	0
904	0
905	0
906	0
907	0
908	0
909	0
910	0
911	0
912	0
913	0
914	0
915	0
916	0
917	0
918	0
919	0
920	0
921	0
922	0
923	0
924	0
925	0
926	0
927	0
928	0
929	0
930	0
931	0
932	0
933	0
934	0
935	0
936	0
937	0
938	0
939	0
940	0
941	0
942	0
943	0
944	0
945	0
946	0
947	0
948	0
949	0
950	0
951	0
952	0
953	0
954	0
955	0
956	0
957	0
958	0
959	0
960	0
961	0
962	0
963	0
964	0
965	0
966	0
967	0
968	0
969	0
970	0
971	0
972	0
973	0
974	0
975	0
976	0
977	0
978	0
979	0
980	0
981	0
982	0
983	0
984	0
985	0
986	0
987	0
988	0
989	0
990	0
991	0
992	0
993	0
994	0
995	0
996	0
997	0
998	0
999	0
1000	0
1001	0
1002	0
1003	0
1004	0
1005	0
1006	0
1007	0
1008	0
1009	0
1010	0
1011	0
1012	0
1013	0
1014	0
1015	0
1016	0
1017	0
1018	0
1019	0
1020	0
1021	0
1022	0
1023	0
1024	0
1025	0
1026	0
1027	0
1028	0
1029	0
1030	0
1031	0
1032	0
1033	0
1034	0
1035	0
1036	0
1037	0
1038	0
1039	0
1040	0
1041	0
1042	0
1043	0
1044	0
1045	0
1046	0
1047	0
1048	0
1049	0
1050	0
1051	0
1052	0
1053	0
1054	0
1055	0
1056	0
1057	0
1058	0
1059	0
1060	0
1061	0
1062	0
1063	0
1064	0
1065	0
1066	0
1067	0
1068	0
1069	0
1070	0
1071	0
1072	0
1073	0
1074	0
1075	0
1076	0
1077	0
1078	0
1079	0
1080	0
1081	0
1082	0
1083	0
1084	0
1085	0
1086	0
1087	0
1088	0
1089	0
1090	0
1091	0
1092	0
1093	0
1094	0
1095	0
1096	0
1097	0
1098	0
1099	0
1100	0
1101	0
1102	0
1103	0
1104	0
1105	0
1106	0
1107	0
1108	0
1109	0
1110	0
1111	0
1112	0
1113	0
1114	0
1115	0
1116	0
1117	0
1118	0
1119	0
1120	0
1121	0
1122	0
1123	0
1124	0
1125	0
1126	0
1127	0
1128	0
1129	0
1130	0
1131	0
1132	0
1133	0
1134	0
1135	0
1136	0
1137	0
1138	0
1139	0
1140	0
1141	0
1142	0
1143	0
1144	0
1145	0
1146	0
1147	0
1148	0
1149	0
1150	0
1151	0
1152	0
1153	0
1154	0
1155	0
1156	0
1157	0
1158	0
1159	0
1160	0
1161	0
1162	0
1163	0
1164	0
1165	0
1166	0
1167	0
1168	0
1169	0
1170	0
1171	0
1172	0
1173	0
1174	0
1175	0
1176	0
1177	0
1178	0
1179	0
1180	0
1181	0
1182	0
1183	0
1184	0
1185	0
1186	0
1187	0
1188	0
1189	0
1190	0
1191	0
1192	0
1193	0
1194	0
1195	0
1196	0
1197	0
1198	0
1199	0
1200	0
1201	0
1202	0
1203	0
1204	0
1205	0
1206	0
1207	0
1208	0
1209	0
1210	0
1211	0
1212	0
1213	0
1214	0
1215	0
1216	0
1217	0
1218	0
1219	0
1220	0
1221	0
1222	0
1223	0
1224	0
1225	0
1226	0
1227	0
1228	0
1229	0
1230	0
1231	0
1232	0
1233	0
1234	0
1235	0
1236	0
1237	0
1238	0
1239	0
1240	0
1241	0
1242	0
1243	0
1244	0
1245	0
1246	0
1247	0
1248	0
1249	0
1250	0
1251	0
1252	0
1253	0
1254	0
1255	0
1256	0
1257	0
1258	0
1259	0
1260	0
1261	0
1262	0
1263	0
1264	0
1265	0
1266	0
1267	0
1268	0
1269	0
1270	0
1271	0
1272	0
1273	0
1274	0
1275	0
1276	0
1277	0
1278	0
1279	0
1280	0
1281	0
1282	0
1283	0
1284	0
1285	0
1286	0
1287	0
1288	0
1289	0
1290	0
1291	0
1292	0
1293	0
1294	0
1295	0
1296	0
1297	0
1298	0
1299	0
1300	0
1301	0
1302	0
1303	0
1304	0
1305	0
1306	0
1307	0
1308	0
1309	0
1310	0
1311	0
1312	0
1313	0
1314	0
1315	0
1316	0
1317	0
1318	0
1319	0
1320	0
1321	0
1322	0
1323	0
1324	0
1325	0
1326	0
1327	0
1328	0
1329	0
1330	0
1331	0
1332	0
1333	0
1334	0
1335	0
1336	0
1337	0
1338	0
1339	0
1340	0
1341	0
1342	0
1343	0
1344	0
1345	0
1346	0
1347	0
1348	0
1349	0
1350	0
1351	0
1352	0
1353	0
1354	0
1355	0
1356	0
1357	0
1358	0
1359	0
1360	0
1361	0
1362	0
1363	0
1364	0
1365	0
1366	0
1367	0
1368	0
1369	0
1370	0
1371	0
1372	0
1373	0
1374	0
1375	0
1376	0
1377	0
1378	0
1379	0
1380	0
1381	0
1382	0
1383	0
1384	0
1385	0
1386	0
1387	0
1388	0
1389	0
1390	0
1391	0
1392	0
1393	0
1394	0
1395	0
1396	0
1397	0
1398	0
1399	0
1400	0
1401	0
1402	0
1403	0
1404	0
1405	0
1406	0
1407	0
1408	0
1409	0
1410	0
1411	0
1412	0
1413	0
1414	0
1415	0
1416	0
1417	0
1418	0
1419	0
1420	0
1421	0
1422	0
1423	0
1424	0
1425	0
1426	0
1427	0
1428	0
1429	0
1430	0
1431	0
1432	0
1433	0
1434	0
1435	0
1436	0
1437	0
1438	0
1439	0
1440	0
1441	0
1442	0
1443	0
1444	0
1445	0
1446	0
1447	0
1448	0
1449	0
1450	0
1451	0
1452	0
1453	0
1454	0
1455	0
1456	0
1457	0
1458	0
1459	0
1460	0
1461	0
1462	0
1463	0
1464	0
1465	0
1466	0
1467	0
1468	0
1469	0
1470	0
1471	0
1472	0
1473	0
1474	0
1475	0
1476	0
1477	0
1478	0
1479	0
1480	0
1481	0
1482	0
1483	0
1484	0
1485	0
1486	0
1487	0
1488	0
1489	0
1490	0
1491	0
1492	0
1493	0
1494	0
1495	0
1496	0
1497	0
1498	0
1499	0
1500	0
1501	0
1502	0
1503	0
1504	0
1505	0
1506	0
1507	0
1508	0
1509	0
1510	0
1511	0
1512	0
1513	0
1514	0
1515	0
1516	0
1517	0
1518	0
1519	0
1520	0
1521	0
1522	0
1523	0
1524	0
1525	0
1526	0
1527	0
1528	0
1529	0
1530	0
1531	0
1532	0
1533	0
1534	0
1535	0
1536	0
1537	0
1538	0
1539	0
1540	0
1541	0
1542	0
1543	0
1544	0
1545	0
1546	0
1547	0
1548	0
1549	0
1550	0
1551	0
1552	0
1553	0
1554	0
1555	0
1556	0
1557	0
1558	0
1559	0
1560	0
1561	0
1562	0
1563	0
1564	0
1565	0
1566	0
1567	0
1568	0
1569	0
1570	0
1571	0
1572	0
1573	0
1574	0
1575	0
1576	0
1577	0
1578	0
1579	0
1580	0
1581	0
1582	0
1583	0
1584	0
1585	0
1586	0
1587	0
1588	0
1589	0
1590	0
1591	0
1592	0
1593	0
1594	0
1595	0
1596	0
1597	0
1598	0
1599	0
1600	0
1601	0
1602	0
1603	0
1604	0
1605	0
1606	0
1607	0
1608	0
1609	0
1610	0
1611	0
1612	0
1613	0
1614	0
1615	0
1616	0
1617	0
1618	0
1619	0
1620	0
1621	0
1622	0
1623	0
1624	0
1625	0
1626	0
1627	0
1628	0
1629	0
1630	0
1631	0
1632	0
1633	0
1634	0
1635	0
1636	0
1637	0
1638	0
1639	0
1640	0
1641	0
1642	0
1643	0
1644	0
1645	0
1646	0
1647	0
1648	0
1649	0
1650	0
1651	0
1652	0
1653	0
1654	0
1655	0
1656	0
1657	0
1658	0
1659	0
1660	0
1661	0
1662	0
1663	0
1664	0
1665	0
1666	0
1667	0
1668	0
1669	0
1670	0
1671	0
1672	0
1673	0
1674	0
1675	0
1676	0
1677	0
1678	0
1679	0
1680	0
1681	0
1682	0
1683	0
1684	0
1685	0
1686	0
1687	0
1688	0
1689	0
1690	0
1691	0
1692	0
1693	0
1694	0
1695	0
1696	0
1697	0
1698	0
1699	0
1700	0
1701	0
1702	0
1703	0
1704	0
1705	0
1706	0
1707	0
1708	0
1709	0
1710	0
1711	0
1712	0
1713	0
1714	0
1715	0
1716	0
1717	0
1718	0
1719	0
1720	0
1721	0
1722	0
1723	0
1724	0
1725	0
1726	0
1727	0
1728	0
1729	0
1730	0
1731	0
1732	0
1733	0
1734	0
1735	0
1736	0
1737	0
1738	0
1739	0
1740	0
1741	0
1742	0
1743	0
1744	0
1745	0
1746	0
1747	0
1748	0
1749	0
1750	0
1751	0
1752	0
1753	0
1754	0
1755	0
1756	0
1757	0
1758	0
1759	0
1760	0
1761	0
1762	0
1763	0
1764	0
1765	0
1766	0
1767	0
1768	0
1769	0
1770	0
1771	0
1772	0
1773	0
1774	0
1775	0
1776	0
1777	0
1778	0
1779	0
1780	0
1781	0
1782	0
1783	0
1784	0
1785	0
1786	0
1787	0
1788	0
1789	0
1790	0
1791	0
1792	0
1793	0
1794	0
1795	0
1796	0
1797	0
1798	0
1799	0
1800	0
1801	0
1802	0
1803	0
1804	0
1805	0
1806	0
1807	0
1808	0
1809	0
1810	0
1811	0
1812	0
1813	0
1814	0
1815	0
1816	0
1817	0
1818	0
1819	0
1820	0
1821	0
1822	0
1823	0
1824	0
1825	0
1826	0
1827	0
1828	0
1829	0
1830	0
1831	0
1832	0
1833	0
1834	0
1835	0
1836	0
1837	0
1838	0
1839	0
1840	0
1841	0
1842	0
1843	0
1844	0
1845	0
1846	0
1847	0
1848	0
1849	0
1850	0
1851	0
1852	0
1853	0
1854	0
1855	0
1856	0
1857	0
1858	0
1859	0
1860	0
1861	0
1862	0
1863	0
1864	0
1865	0
1866	0
1867	0
1868	0
1869	0
1870	0
1871	0
1872	0
1873	0
1874	0
1875	0
1876	0
1877	0
1878	0
1879	0
1880	0
1881	0
1882	0
1883	0
1884	0
1885	0
1886	0
1887	0
1888	0
1889	0
1890	0
1891	0
1892	0
1893	0
1894	0
1895	0
1896	0
1897	0
1898	0
1899	0
1900	0
1901	0
1902	0
1903	0
1904	0
1905	0
1906	0
1907	0
1908	0
1909	0
1910	0
1911	0
1912	0
1913	0
1914	0
1915	0
1916	0
1917	0
1918	0
1919	0
1920	0
1921	0
1922	0
1923	0
1924	0
1925	0
1926	0
1927	0
1928	0
1929	0
1930	0
1931	0
1932	0
1933	0
1934	0
1935	0
1936	0
1937	0
1938	0
1939	0
1940	0
1941	0
1942	0
1943	0
1944	0
1945	0
1946	0
1947	0
1948	0
1949	0
1950	0
1951	0
1952	0
1953	0
1954	0
1955	0
1956	0
1957	0
1958	0
1959	0
1960	0
1961	0
1962	0
1963	0
1964	0
1965	0
1966	0
1967	0
1968	0
1969	0
1970	0
1971	0
1972	0
1973	0
1974	0
1975	0
1976	0
1977	0
1978	0
1979	0
1980	0
1981	0
1982	0
1983	0
1984	0
1985	0
1986	0
1987	0
1988	0
1989	0
1990	0
1991	0
1992	0
1993	0
1994	0
1995	0
1996	0
1997	0
1998	0
1999	0
2000	0
2001	0
2002	0
2003	0
2004	0
2005	0
2006	0
2007	0
2008	0
2009	0
2010	0
2011	0
2012	0
2013	0
2014	0
2015	0
2016	0
2017	0
2018	0
2019	0
2020	0
2021	0
2022	0
2023	0
2024	0
2025	0
2026	0
2027	0
2028	0
2029	0
2030	0
2031	0
2032	0
2033	0
2034	0
2035	0
2036	0
2037	0
2038	0
2039	0
2040	0
2041	0
2042	0
2043	0
2044	0
2045	0
2046	0
2047	0
2048	0
2049	0
2050	0
2051	0
2052	0
2053	0
2054	0
2055	0
2056	0
2057	0
2058	0
2059	0
2060	0
2061	0
2062	0
2063	0
2064	0
2065	0
2066	0
2067	0
2068	0
2069	0
2070	0
2071	0
2072	0
2073	0
2074	0
2075	0
2076	0
2077	0
2078	0
2079	0
2080	0
2081	0
2082	0
2083	0
2084	0
2085	0
2086	0
2087	0
2088	0
2089	0
2090	0
2091	0
2092	0
2093	0
2094	0
2095	0
2096	0
2097	0
2098	0
2099	0
2100	0
2101	0
2102	0
2103	0
2104	0
2105	0
2106	0
2107	0
2108	0
2109	1
2110	1
2111	1
2112	1
2113	1
2114	1
2115	1
2116	1
2117	1
2118	1
2119	1
2120	1
2121	1
2122	1
2123	1
2124	1
2125	1
2126	1
2127	1
2128	1
2129	1
2130	1
2131	1
2132	1
2133	1
2134	1
2135	1
2136	1
2137	1
2138	1
2139	1
2140	1
2141	1
2142	1
2143	1
2144	1
2145	1
2146	1
2147	1
2148	1
2149	1
2150	1
2151	1
2152	1
2153	1
2154	1
2155	1
2156	1
2157	1
2158	1
2159	1
2160	1
2161	1
2162	1
2163	1
2164	1
2165	1
2166	1
2167	1
2168	1
2169	1
2170	1
2171	1
2172	1
2173	1
2174	1
2175	1
2176	1
2177	1
2178	1
2179	1
2180	1
2181	1
2182	1
2183	1
2184	1
2185	1
2186	1
2187	1
2188	1
2189	1
2190	1
2191	1
2192	1
2193	1
2194	1
2195	1
2196	1
2197	1
2198	1
2199	1
2200	1
2201	1
2202	1
2203	1
2204	1
2205	1
2206	1
2207	1
2208	1
2209	1
2210	1
2211	1
2212	1
2213	1
2214	1
2215	1
2216	1
2217	1
2218	1
2219	1
2220	1
2221	1
2222	1
2223	1
2224	1
2225	1
2226	1
2227	1
2228	1
2229	1
2230	1
2231	1
2232	1
2233	1
2234	1
2235	1
2236	1
2237	1
2238	1
2239	1
2240	1
2241	1
2242	1
2243	1
2244	1
2245	1
2246	1
2247	1
2248	1
2249	1
2250	1
2251	1
2252	1
2253	1
2254	1
2255	1
2256	1
2257	1
2258	1
2259	1
2260	1
2261	1
2262	1
2263	1
2264	1
2265	1
2266	1
2267	1
2268	1
2269	1
2270	1
2271	1
2272	1
2273	1
2274	1
2275	1
2276	1
2277	1
2278	1
2279	1
2280	1
2281	1
2282	1
2283	1
2284	1
2285	1
2286	1
2287	1
2288	1
2289	1
2290	1
2291	1
2292	1
2293	1
2294	1
2295	1
2296	1
2297	1
2298	1
2299	1
2300	1
2301	1
2302	1
2303	1
2304	1
2305	1
2306	1
2307	1
2308	1
2309	1
2310	1
2311	1
2312	1
2313	1
2314	1
2315	1
2316	1
2317	1
2318	1
2319	1
2320	1
2321	1
2322	1
2323	1
2324	1
2325	1
2326	1
2327	1
2328	1
2329	1
2330	1
2331	1
2332	1
2333	1
2334	1
2335	1
2336	1
2337	1
2338	1
2339	1
2340	1
2341	1
2342	1
2343	1
2344	1
2345	1
2346	1
2347	1
2348	1
2349	1
2350	1
2351	1
2352	1
2353	1
2354	1
2355	1
2356	1
2357	1
2358	1
2359	1
2360	1
2361	1
2362	1
2363	1
2364	1
2365	1
2366	1
2367	1
2368	1
2369	1
2370	1
2371	1
2372	1
2373	1
2374	1
2375	1
2376	1
2377	1
2378	1
2379	1
2380	1
2381	1
2382	1
2383	1
2384	1
2385	1
2386	1
2387	1
2388	1
2389	1
2390	1
2391	1
2392	1
2393	1
2394	1
2395	1
2396	1
2397	1
2398	1
2399	1
2400	1
2401	1
2402	1
2403	1
2404	1
2405	1
2406	1
2407	1
2408	1
2409	1
2410	1
2411	1
2412	1
2413	1
2414	1
2415	1
2416	1
2417	1
2418	1
2419	1
2420	1
2421	1
2422	1
2423	1
2424	1
2425	1
2426	1
2427	1
2428	1
2429	1
2430	1
2431	1
2432	1
2433	1
2434	1
2435	1
2436	1
2437	1
2438	1
2439	1
2440	1
2441	1
2442	1
2443	1
2444	1
2445	1
2446	1
2447	1
2448	1
2449	1
2450	1
2451	1
2452	1
2453	1
2454	1
2455	1
2456	1
2457	1
2458	1
2459	1
2460	1
2461	1
2462	1
2463	1
2464	1
2465	1
2466	1
2467	1
2468	1
2469	1
2470	1
2471	1
2472	1
2473	1
2474	1
2475	1
2476	1
2477	1
2478	1
2479	1
2480	1
2481	1
2482	1
2483	1
2484	1
2485	1
2486	1
2487	1
2488	1
2489	1
2490	1
2491	1
2492	1
2493	1
2494	1
2495	1
2496	1
2497	1
2498	1
2499	1
2500	1
2501	1
2502	1
2503	1
2504	1
2505	1
2506	1
2507	1
2508	1
2509	1
2510	1
2511	1
2512	1
2513	1
2514	1
2515	1
2516	1
2517	1
2518	1
2519	1
2520	1
2521	1
2522	1
2523	1
2524	1
2525	1
2526	1
2527	1
2528	1
2529	1
2530	1
2531	1
2532	1
2533	1
2534	1
2535	1
2536	1
2537	1
2538	1
2539	1
2540	1
2541	1
2542	1
2543	1
2544	1
2545	1
2546	1
2547	1
2548	1
2549	1
2550	1
2551	1
2552	1
2553	1
2554	1
2555	1
2556	1
2557	1
2558	1
2559	1
2560	1
2561	1
2562	1
2563	1
2564	1
2565	1
2566	1
2567	1
2568	1
2569	1
2570	1
2571	1
2572	1
2573	1
2574	1
2575	1
2576	1
2577	1
2578	1
2579	1
2580	1
2581	1
2582	1
2583	1
2584	1
2585	1
2586	1
2587	1
2588	1
2589	1
2590	1
2591	1
2592	1
2593	1
2594	1
2595	1
2596	1
2597	1
2598	1
2599	1
2600	1
2601	1
2602	1
2603	1
2604	1
2605	1
2606	1
2607	1
2608	1
2609	1
2610	1
2611	1
2612	1
2613	1
2614	1
2615	1
2616	1
2617	1
2618	1
2619	1
2620	1
2621	1
2622	1
2623	1
2624	1
2625	1
2626	1
2627	1
2628	1
2629	1
2630	1
2631	1
2632	1
2633	1
2634	1
2635	1
2636	1
2637	1
2638	1
2639	1
2640	1
2641	1
2642	1
2643	1
2644	1
2645	1
2646	1
2647	1
2648	1
2649	1
2650	1
2651	1
2652	1
2653	1
2654	1
2655	1
2656	1
2657	1
2658	1
2659	1
2660	1
2661	1
2662	1
2663	1
2664	1
2665	1
2666	1
2667	1
2668	1
2669	1
2670	1
2671	1
2672	1
2673	1
2674	1
2675	1
2676	1
2677	1
2678	1
2679	1
2680	1
2681	1
2682	1
2683	1
2684	1
2685	1
2686	1
2687	1
2688	1
2689	1
2690	1
2691	1
2692	1
2693	1
2694	1
2695	1
2696	1
2697	1
2698	1
2699	1
2700	1
2701	1
2702	1
2703	1
2704	1
2705	1
2706	1
2707	1
2708	1
2709	1
2710	1
2711	1
2712	1
2713	1
2714	1
2715	1
2716	1
2717	1
2718	1
2719	1
2720	1
2721	1
2722	1
2723	1
2724	1
2725	1
2726	1
2727	1
2728	1
2729	1
2730	1
2731	1
2732	1
2733	1
2734	1
2735	1
2736	1
2737	1
2738	1
2739	1
2740	1
2741	1
2742	1
2743	1
2744	1
2745	1
2746	1
2747	1
2748	1
2749	1
2750	1
2751	1
2752	1
2753	1
2754	1
2755	1
2756	1
2757	1
2758	1
2759	1
2760	1
2761	1
2762	1
2763	1
2764	1
2765	1
2766	1
2767	1
2768	1
2769	1
2770	1
2771	1
2772	1
2773	1
2774	1
2775	1
2776	1
2777	1
2778	1
2779	1
2780	1
2781	1
2782	1
2783	1
2784	1
2785	1
2786	1
2787	1
2788	1
2789	1
2790	1
2791	1
2792	1
2793	1
2794	1
2795	1
2796	1
2797	1
2798	1
2799	1
2800	1
2801	1
2802	1
2803	1
2804	1
2805	1
2806	1
2807	1
2808	1
2809	1
2810	1
2811	1
2812	1
2813	1
2814	1
2815	1
2816	1
2817	1
2818	1
2819	1
2820	1
2821	1
2822	1
2823	1
2824	1
2825	1
2826	1
2827	1
2828	1
2829	1
2830	1
2831	1
2832	1
2833	1
2834	1
2835	1
2836	1
2837	1
2838	1
2839	1
2840	1
2841	1
2842	1
2843	1
2844	1
2845	1
2846	1
2847	1
2848	1
2849	1
2850	1
2851	1
2852	1
2853	1
2854	1
2855	1
2856	1
2857	1
2858	1
2859	1
2860	1
2861	1
2862	1
2863	1
2864	1
2865	1
2866	1
2867	1
2868	1
2869	1
2870	1
2871	1
2872	1
2873	1
2874	1
2875	1
2876	1
2877	1
2878	1
2879	1
2880	1
2881	1
2882	1
2883	1
2884	1
2885	1
2886	1
2887	1
2888	1
2889	1
2890	1
2891	1
2892	1
2893	1
2894	1
2895	1
2896	1
2897	1
2898	1
2899	1
2900	1
2901	1
2902	1
2903	1
2904	1
2905	1
2906	1
2907	1
2908	1
2909	1
2910	1
2911	1
2912	1
2913	1
2914	1
2915	1
2916	1
2917	1
2918	1
2919	1
2920	1
2921	1
2922	1
2923	1
2924	1
2925	1
2926	1
2927	1
2928	1
2929	1
2930	1
2931	1
2932	1
2933	1
2934	1
2935	1
2936	1
2937	1
2938	1
2939	1
2940	1
2941	1
2942	1
2943	1
2944	1
2945	1
2946	1
2947	1
2948	1
2949	1
2950	1
2951	1
2952	1
2953	1
2954	1
2955	1
2956	1
2957	1
2958	1
2959	1
2960	1
2961	1
2962	1
2963	1
2964	1
2965	1
2966	1
2967	1
2968	1
2969	1
2970	1
2971	1
2972	1
2973	1
2974	1
2975	1
2976	1
2977	1
2978	1
2979	1
2980	1
2981	1
2982	1
2983	1
2984	1
2985	1
2986	1
2987	1
2988	1
2989	1
2990	1
2991	1
2992	1
2993	1
2994	1
2995	1
2996	1
2997	1
2998	1
2999	1
3000	1
3001	1
3002	1
3003	1
3004	1
3005	1
3006	1
3007	1
3008	1
3009	1
3010	1
3011	1
3012	1
3013	1
3014	1
3015	1
3016	1
3017	1
3018	1
3019	1
3020	1
3021	1
3022	1
3023	1
3024	1
3025	1
3026	1
3027	1
3028	1
3029	1
3030	1
3031	1
3032	1
3033	1
3034	1
3035	1
3036	1
3037	1
3038	1
3039	1
3040	1
3041	1
3042	1
3043	1
3044	1
3045	1
3046	1
3047	1
3048	1
3049	1
3050	1
3051	1
3052	1
3053	1
3054	1
3055	1
3056	1
3057	1
3058	1
3059	1
3060	1
3061	1
3062	1
3063	1
3064	1
3065	1
3066	1
3067	1
3068	1
3069	1
3070	1
3071	1
3072	1
3073	1
3074	1
3075	1
3076	1
3077	1
3078	1
3079	1
3080	1
3081	1
3082	1
3083	1
3084	1
3085	1
3086	1
3087	1
3088	1
3089	1
3090	1
3091	1
3092	1
3093	1
3094	1
3095	1
3096	1
3097	1
3098	1
3099	1
3100	1
3101	1
3102	1
3103	1
3104	1
3105	1
3106	1
3107	1
3108	1
3109	1
3110	1
3111	1
3112	1
3113	1
3114	1
3115	1
3116	1
3117	1
3118	1
3119	1
3120	1
3121	1
3122	1
3123	1
3124	1
3125	1
3126	1
3127	1
3128	1
3129	1
3130	1
3131	1
3132	1
3133	1
3134	1
3135	1
3136	1
3137	1
3138	1
3139	1
3140	1
3141	1
3142	1
3143	1
3144	1
3145	1
3146	1
3147	1
3148	1
3149	1
3150	1
3151	1
3152	1
3153	1
3154	1
3155	1
3156	1
3157	1
3158	1
3159	1
3160	1
3161	1
3162	1
3163	1
3164	1
3165	1
3166	1
3167	1
3168	1
3169	1
3170	1
3171	1
3172	1
3173	1
3174	1
3175	1
3176	1
3177	1
3178	1
3179	1
3180	1
3181	1
3182	1
3183	1
3184	1
3185	1
3186	1
3187	1
3188	1
3189	1
3190	1
3191	1
3192	1
3193	1
3194	1
3195	1
3196	1
3197	1
3198	1
3199	1
3200	1
3201	1
3202	1
3203	1
3204	1
3205	1
3206	1
3207	1
3208	1
3209	1
3210	1
3211	1
3212	1
3213	1
3214	1
3215	1
3216	1
3217	1
3218	1
3219	1
3220	1
3221	1
3222	1
3223	1
3224	1
3225	1
3226	1
3227	1
3228	1
3229	1
3230	1
3231	1
3232	1
3233	1
3234	1
3235	1
3236	1
3237	1
3238	1
3239	1
3240	1
3241	1
3242	1
3243	1
3244	1
3245	1
3246	1
3247	1
3248	1
3249	1
3250	1
3251	1
3252	1
3253	1
3254	1
3255	1
3256	1
3257	1
3258	1
3259	1
3260	1
3261	1
3262	1
3263	1
3264	1
3265	1
3266	1
3267	1
3268	1
3269	1
3270	1
3271	1
3272	1
3273	1
3274	1
3275	1
3276	1
3277	1
3278	1
3279	1
3280	1
3281	1
3282	1
3283	1
3284	1
3285	1
3286	1
3287	1
3288	1
3289	1
3290	1
3291	1
3292	1
3293	1
3294	1
3295	1
3296	1
3297	1
3298	1
3299	1
3300	1
3301	1
3302	1
3303	1
3304	1
3305	1
3306	1
3307	1
3308	1
3309	1
3310	1
3311	1
3312	1
3313	1
3314	1
3315	1
3316	1
3317	1
3318	1
3319	1
3320	1
3321	1
3322	1
3323	1
3324	1
3325	1
3326	1
3327	1
3328	1
3329	1
3330	1
3331	1
3332	1
3333	1
3334	1
3335	1
3336	1
3337	1
3338	1
3339	1
3340	1
3341	1
3342	1
3343	1
3344	1
3345	1
3346	1
3347	1
3348	1
3349	1
3350	1
3351	1
3352	1
3353	1
3354	1
3355	1
3356	1
3357	1
3358	1
3359	1
3360	1
3361	1
3362	1
3363	1
3364	1
3365	1
3366	1
3367	1
3368	1
3369	1
3370	1
3371	1
3372	1
3373	1
3374	1
3375	1
3376	1
3377	1
3378	1
3379	1
3380	1
3381	1
3382	1
3383	1
3384	1
3385	1
3386	1
3387	1
3388	1
3389	1
3390	1
3391	1
3392	1
3393	1
3394	1
3395	1
3396	1
3397	1
3398	1
3399	1
3400	1
3401	1
3402	1
3403	1
3404	1
3405	1
3406	1
3407	1
3408	1
3409	1
3410	1
3411	1
3412	1
3413	1
3414	1
3415	1
3416	1
3417	1
3418	1
3419	1
3420	1
3421	1
3422	1
3423	1
3424	1
3425	1
3426	1
3427	1
3428	1
3429	1
3430	1
3431	1
3432	1
3433	1
3434	1
3435	1
3436	1
3437	1
3438	1
3439	1
3440	1
3441	1
3442	1
3443	1
3444	1
3445	1
3446	1
3447	1
3448	1
3449	1
3450	1
3451	1
3452	1
3453	1
3454	1
3455	1
3456	1
3457	1
3458	1
3459	1
3460	1
3461	1
3462	1
3463	1
3464	1
3465	1
3466	1
3467	1
3468	1
3469	1
3470	1
3471	1
3472	1
3473	1
3474	1
3475	1
3476	1
3477	1
3478	1
3479	1
3480	1
3481	1
3482	1
3483	1
3484	1
3485	1
3486	1
3487	1
3488	1
3489	1
3490	1
3491	1
3492	1
3493	1
3494	1
3495	1
3496	1
3497	1
3498	1
3499	1
3500	1
3501	1
3502	1
3503	1
3504	1
3505	1
3506	1
3507	1
3508	1
3509	1
3510	1
3511	1
3512	1
3513	1
3514	1
3515	1
3516	1
3517	1
3518	1
3519	1
3520	1
3521	1
3522	1
3523	1
3524	1
3525	1
3526	1
3527	1
3528	1
3529	1
3530	1
3531	1
3532	1
3533	1
3534	1
3535	1
3536	1
3537	1
3538	1
3539	1
3540	1
3541	1
3542	1
3543	1
3544	1
3545	1
3546	1
3547	1
3548	1
3549	1
3550	1
3551	1
3552	1
3553	1
3554	1
3555	1
3556	1
3557	1
3558	1
3559	1
3560	1
3561	1
3562	1
3563	1
3564	1
3565	1
3566	1
3567	1
3568	1
3569	1
3570	1
3571	1
3572	1
3573	1
3574	1
3575	1
3576	1
3577	1
3578	1
3579	1
3580	1
3581	1
3582	1
3583	1
3584	1
3585	1
3586	1
3587	1
3588	1
3589	1
3590	1
3591	1
3592	1
3593	1
3594	1
3595	1
3596	1
3597	1
3598	1
3599	1
3600	2
3601	2
3602	2
3603	2
3604	2
3605	2
3606	2
3607	2
3608	2
3609	2
3610	2
3611	2
3612	2
3613	2
3614	2
3615	2
3616	2
3617	2
3618	2
3619	2
3620	2
3621	2
3622	2
3623	2
3624	2
3625	2
3626	2
3627	2
3628	2
3629	2
3630	2
3631	2
3632	2
3633	2
3634	2
3635	2
3636	2
3637	2
3638	2
3639	2
3640	2
3641	2
3642	2
3643	2
3644	2
3645	2
3646	2
3647	2
3648	2
3649	2
3650	2
3651	2
3652	2
3653	2
3654	2
3655	2
3656	2
3657	2
3658	2
3659	2
3660	2
3661	2
3662	2
3663	2
3664	2
3665	2
3666	2
3667	2
3668	2
3669	2
3670	2
3671	2
3672	2
3673	2
3674	2
3675	2
3676	2
3677	2
3678	2
3679	2
3680	2
3681	2
3682	2
3683	2
3684	2
3685	2
3686	2
3687	2
3688	2
3689	2
3690	2
3691	2
3692	2
3693	2
3694	2
3695	2
3696	2
3697	2
3698	2
3699	2
3700	2
3701	2
3702	2
3703	2
3704	2
3705	2
3706	2
3707	2
3708	2
3709	2
3710	2
3711	2
3712	2
3713	2
3714	2
3715	2
3716	2
3717	2
3718	2
3719	2
3720	2
3721	2
3722	2
3723	2
3724	2
3725	2
3726	2
3727	2
3728	2
3729	2
3730	2
3731	2
3732	2
3733	2
3734	2
3735	2
3736	2
3737	2
3738	2
3739	2
3740	2
3741	2
3742	2
3743	2
3744	2
3745	2
3746	2
3747	2
3748	2
3749	2
3750	2
3751	2
3752	2
3753	2
3754	2
3755	2
3756	2
3757	2
3758	2
3759	2
3760	2
3761	2
3762	2
3763	2
3764	2
3765	2
3766	2
3767	2
3768	2
3769	2
3770	2
3771	2
3772	2
3773	2
3774	2
3775	2
3776	2
3777	2
3778	2
3779	2
3780	2
3781	2
3782	2
3783	2
3784	2
3785	2
3786	2
3787	2
3788	2
3789	2
3790	2
3791	2
3792	2
3793	2
3794	2
3795	2
3796	2
3797	2
3798	2
3799	2
3800	2
3801	2
3802	2
3803	2
3804	2
3805	2
3806	2
3807	2
3808	2
3809	2
3810	2
3811	2
3812	2
3813	2
3814	2
3815	2
3816	2
3817	2
3818	2
3819	2
3820	2
3821	2
3822	2
3823	2
3824	2
3825	2
3826	2
3827	2
3828	2
3829	2
3830	2
3831	2
3832	2
3833	2
3834	2
3835	2
3836	2
3837	2
3838	2
3839	2
3840	2
3841	2
3842	2
3843	2
3844	2
3845	2
3846	2
3847	2
3848	2
3849	2
3850	2
3851	2
3852	2
3853	2
3854	2
3855	2
3856	2
3857	2
3858	2
3859	2
3860	2
3861	2
3862	2
3863	2
3864	2
3865	2
3866	2
3867	2
3868	2
3869	2
3870	2
3871	2
3872	2
3873	2
3874	2
3875	2
3876	2
3877	2
3878	2
3879	2
3880	2
3881	2
3882	2
3883	2
3884	2
3885	2
3886	2
3887	2
3888	2
3889	2
3890	2
3891	2
3892	2
3893	2
3894	2
3895	2
3896	2
3897	2
3898	2
3899	2
3900	2
3901	2
3902	2
3903	2
3904	2
3905	2
3906	2
3907	2
3908	2
3909	2
3910	2
3911	2
3912	2
3913	2
3914	2
3915	2
3916	2
3917	2
3918	2
3919	2
3920	2
3921	2
3922	2
3923	2
3924	2
3925	2
3926	2
3927	2
3928	2
3929	2
3930	2
3931	2
3932	2
3933	2
3934	2
3935	2
3936	2
3937	2
3938	2
3939	2
3940	2
3941	2
3942	2
3943	2
3944	2
3945	2
3946	2
3947	2
3948	2
3949	2
3950	2
3951	2
3952	2
3953	2
3954	2
3955	2
3956	2
3957	2
3958	2
3959	2
3960	2
3961	2
3962	2
3963	2
3964	2
3965	2
3966	2
3967	2
3968	2
3969	2
3970	2
3971	2
3972	2
3973	2
3974	2
3975	2
3976	2
3977	2
3978	2
3979	2
3980	2
3981	2
3982	2
3983	2
3984	2
3985	2
3986	2
3987	2
3988	2
3989	2
3990	2
3991	2
3992	2
3993	2
3994	2
3995	2
3996	2
3997	2
3998	2
3999	2
4000	2
4001	2
4002	2
4003	2
4004	2
4005	2
4006	2
4007	2
4008	2
4009	2
4010	2
4011	2
4012	2
4013	2
4014	2
4015	2
4016	2
4017	2
4018	2
4019	2
4020	2
4021	2
4022	2
4023	2
4024	2
4025	2
4026	2
4027	2
4028	2
4029	2
4030	2
4031	2
4032	2
4033	2
4034	2
4035	2
4036	2
4037	2
4038	2
4039	2
4040	2
4041	2
4042	2
4043	2
4044	2
4045	2
4046	2
4047	2
4048	2
4049	2
4050	2
4051	2
4052	2
4053	2
4054	2
4055	2
4056	2
4057	2
4058	2
4059	2
4060	2
4061	2
4062	2
4063	2
4064	2
4065	2
4066	2
4067	2
4068	2
4069	2
4070	2
4071	2
4072	2
4073	2
4074	2
4075	2
4076	2
4077	2
4078	2
4079	2
4080	2
4081	2
4082	2
4083	2
4084	2
4085	2
4086	2
4087	2
4088	2
4089	2
4090	2
4091	2
4092	2
4093	2
4094	2
4095	2
4096	2
4097	2
4098	2
4099	2
4100	2
4101	2
4102	2
4103	2
4104	2
4105	2
4106	2
4107	2
4108	2
4109	2
4110	2
4111	2
4112	2
4113	2
4114	2
4115	2
4116	2
4117	2
4118	2
4119	2
4120	2
4121	2
4122	2
4123	2
4124	2
4125	2
4126	2
4127	2
4128	2
4129	2
4130	2
4131	2
4132	2
4133	2
4134	2
4135	2
4136	2
4137	2
4138	2
4139	2
4140	2
4141	2
4142	2
4143	2
4144	2
4145	2
4146	2
4147	2
4148	2
4149	2
4150	2
4151	2
4152	2
4153	2
4154	2
4155	2
4156	2
4157	2
4158	2
4159	2
4160	2
4161	2
4162	2
4163	2
4164	2
4165	2
4166	2
4167	2
4168	2
4169	2
4170	2
4171	2
4172	2
4173	2
4174	2
4175	2
4176	2
4177	2
4178	2
4179	2
4180	2
4181	2
4182	2
4183	2
4184	2
4185	2
4186	2
4187	2
4188	2
4189	2
4190	2
4191	2
4192	2
4193	2
4194	2
4195	2
4196	2
4197	2
4198	2
4199	2
4200	2
4201	2
4202	2
4203	2
4204	2
4205	2
4206	2
4207	2
4208	2
4209	2
4210	2
4211	2
4212	2
4213	2
4214	2
4215	2
4216	2
4217	2
4218	2
4219	2
4220	2
4221	2
4222	2
4223	2
4224	2
4225	2
4226	2
4227	2
4228	2
4229	2
4230	2
4231	2
4232	2
4233	2
4234	2
4235	2
4236	2
4237	2
4238	2
4239	2
4240	2
4241	2
4242	2
4243	2
4244	2
4245	2
4246	2
4247	2
4248	2
4249	2
4250	2
4251	2
4252	2
4253	2
4254	2
4255	2
4256	2
4257	2
4258	2
4259	2
4260	2
4261	2
4262	2
4263	2
4264	2
4265	2
4266	2
4267	2
4268	2
4269	2
4270	2
4271	2
4272	2
4273	2
4274	2
4275	2
4276	2
4277	2
4278	2
4279	2
4280	2
4281	2
4282	2
4283	2
4284	2
4285	2
4286	2
4287	2
4288	2
4289	2
4290	2
4291	2
4292	3
4293	3
4294	3
4295	3
4296	3
4297	3
4298	3
4299	3
4300	3
4301	3
4302	3
4303	3
4304	3
4305	3
4306	3
4307	3
4308	3
4309	3
4310	3
4311	3
4312	3
4313	3
4314	3
4315	3
4316	3
4317	3
4318	3
4319	3
4320	3
4321	3
4322	3
4323	3
4324	3
4325	3
4326	3
4327	3
4328	3
4329	3
4330	3
4331	3
4332	3
4333	3
4334	3
4335	3
4336	3
4337	3
4338	3
4339	3
4340	3
4341	3
4342	3
4343	3
4344	3
4345	3
4346	3
4347	3
4348	3
4349	3
4350	3
4351	3
4352	3
4353	3
4354	3
4355	3
4356	3
4357	3
4358	3
4359	3
4360	3
4361	3
4362	3
4363	3
4364	3
4365	3
4366	3
4367	3
4368	3
4369	3
4370	3
4371	3
4372	3
4373	3
4374	3
4375	3
4376	3
4377	3
4378	3
4379	3
4380	3
4381	3
4382	3
4383	3
4384	3
4385	3
4386	3
4387	3
4388	3
4389	3
4390	3
4391	3
4392	3
4393	3
4394	3
4395	3
4396	3
4397	3
4398	3
4399	3
4400	3
4401	3
4402	3
4403	3
4404	3
4405	3
4406	3
4407	3
4408	3
4409	3
4410	3
4411	3
4412	3
4413	3
4414	3
4415	3
4416	3
4417	3
4418	3
4419	3
4420	3
4421	3
4422	3
4423	3
4424	3
4425	3
4426	3
4427	3
4428	3
4429	3
4430	3
4431	3
4432	3
4433	3
4434	3
4435	3
4436	3
4437	3
4438	3
4439	3
4440	3
4441	3
4442	3
4443	3
4444	3
4445	3
4446	3
4447	3
4448	3
4449	3
4450	3
4451	3
4452	3
4453	3
4454	3
4455	3
4456	3
4457	3
4458	3
4459	3
4460	3
4461	3
4462	3
4463	3
4464	3
4465	3
4466	3
4467	3
4468	3
4469	3
4470	3
4471	3
4472	3
4473	3
4474	3
4475	3
4476	3
4477	3
4478	3
4479	3
4480	3
4481	3
4482	3
4483	3
4484	3
4485	3
4486	3
4487	3
4488	3
4489	3
4490	3
4491	3
4492	3
4493	3
4494	3
4495	3
4496	3
4497	3
4498	3
4499	3
4500	3
4501	3
4502	3
4503	3
4504	3
4505	3
4506	3
4507	3
4508	3
4509	3
4510	3
4511	3
4512	3
4513	3
4514	3
4515	3
4516	3
4517	3
4518	3
4519	3
4520	3
4521	3
4522	3
4523	3
4524	3
4525	3
4526	3
4527	3
4528	3
4529	3
4530	3
4531	3
4532	3
4533	3
4534	3
4535	3
4536	3
4537	3
4538	3
4539	3
4540	3
4541	3
4542	3
4543	3
4544	3
4545	3
4546	3
4547	3
4548	3
4549	3
4550	3
4551	3
4552	3
4553	3
4554	4
4555	4
4556	4
4557	4
4558	4
4559	4
4560	4
4561	4
4562	4
4563	4
4564	4
4565	4
4566	4
4567	4
4568	4
4569	4
4570	4
4571	4
4572	4
4573	4
4574	4
4575	4
4576	4
4577	4
4578	4
4579	4
4580	4
4581	4
4582	4
4583	4
4584	4
4585	4
4586	4
4587	4
4588	4
4589	4
4590	4
4591	4
4592	4
4593	4
4594	4
4595	4
4596	4
4597	4
4598	4
4599	4
4600	4
4601	4
4602	4
4603	4
4604	4
4605	4
4606	4
4607	4
4608	4
4609	4
4610	4
4611	4
4612	4
4613	4
4614	4
4615	4
4616	4
4617	4
4618	4
4619	4
4620	4
4621	4
4622	4
4623	4
4624	4
4625	4
4626	4
4627	4
4628	4
4629	4
4630	4
4631	4
4632	4
4633	4
4634	4
4635	4
4636	4
4637	4
4638	4
4639	4
4640	4
4641	4
4642	4
4643	4
4644	4
4645	4
4646	4
4647	4
4648	4
4649	4
4650	4
4651	4
4652	4
4653	4
4654	4
4655	4
4656	4
4657	4
4658	4
4659	4
4660	4
4661	4
4662	4
4663	4
4664	4
4665	4
4666	4
4667	4
4668	4
4669	4
4670	4
4671	4
4672	4
4673	4
4674	4
4675	4
4676	4
4677	4
4678	4
4679	4
4680	4
4681	4
4682	4
4683	4
4684	4
4685	4
4686	4
4687	4
4688	4
4689	4
4690	4
4691	4
4692	4
4693	4
4694	4
4695	4
4696	4
4697	4
4698	4
4699	4
4700	4
4701	4
4702	4
4703	4
4704	4
4705	4
4706	4
4707	4
4708	4
4709	4
4710	4
4711	4
4712	4
4713	4
4714	4
4715	4
4716	4
4717	4
4718	4
4719	4
4720	4
4721	4
4722	4
4723	4
4724	4
4725	4
4726	4
4727	4
4728	4
4729	4
4730	4
4731	4
4732	4
4733	4
4734	4
4735	4
4736	4
4737	4
4738	4
4739	4
4740	4
4741	4
4742	4
4743	4
4744	4
4745	4
4746	4
4747	4
4748	4
4749	4
4750	4
4751	4
4752	4
4753	4
4754	4
4755	4
4756	4
4757	4
4758	4
4759	4
4760	4
4761	4
4762	4
4763	4
4764	4
4765	4
4766	4
4767	4
4768	4
4769	4
4770	4
4771	4
4772	4
4773	4
4774	4
4775	4
4776	4
4777	4
4778	4
4779	4
4780	4
4781	4
4782	4
4783	4
4784	4
4785	4
4786	4
4787	4
4788	4
4789	4
4790	4
4791	4
4792	4
4793	4
4794	4
4795	4
4796	4
4797	4
4798	4
4799	4
4800	4
4801	4
4802	4
4803	4
4804	4
4805	4
4806	4
4807	4
4808	4
4809	4
4810	4
4811	4
4812	4
4813	4
4814	4
4815	4
4816	4
4817	4
4818	4
4819	4
4820	4
4821	4
4822	4
4823	4
4824	4
4825	4
4826	4
4827	4
4828	4
4829	4
4830	4
4831	4
4832	4
4833	4
4834	4
4835	4
4836	4
4837	4
4838	4
4839	4
4840	4
4841	4
4842	4
4843	4
4844	4
4845	4
4846	4
4847	4
4848	4
4849	4
4850	4
4851	4
4852	4
4853	4
4854	4
4855	4
4856	4
4857	4
4858	4
4859	4
4860	4
4861	4
4862	4
4863	4
4864	4
4865	4
4866	4
4867	4
4868	4
4869	4
4870	4
4871	4
4872	4
4873	4
4874	4
4875	4
4876	4
4877	4
4878	4
4879	4
4880	4
4881	4
4882	4
4883	4
4884	4
4885	4
4886	4
4887	4
4888	4
4889	4
4890	4
4891	4
4892	4
4893	4
4894	4
4895	4
4896	4
4897	4
4898	4
4899	4
4900	4
4901	4
4902	4
4903	4
4904	4
4905	4
4906	4
4907	4
4908	4
4909	4
4910	4
4911	4
4912	4
4913	4
4914	4
4915	4
4916	4
4917	4
4918	4
4919	4
4920	4
4921	4
4922	4
4923	4
4924	4
4925	4
4926	4
4927	4
4928	4
4929	4
4930	4
4931	4
4932	4
4933	4
4934	4
4935	4
4936	4
4937	4
4938	4
4939	4
4940	4
4941	4
4942	4
4943	4
4944	4
4945	4
4946	4
4947	4
4948	4
4949	4
4950	4
4951	4
4952	4
4953	4
4954	4
4955	4
4956	4
4957	4
4958	4
4959	4
4960	4
4961	4
4962	4
4963	4
4964	4
4965	4
4966	4
4967	4
4968	4
4969	4
4970	4
4971	4
4972	4
4973	4
4974	4
4975	4
4976	4
4977	4
4978	4
4979	4
4980	4
4981	4
4982	4
4983	4
4984	4
4985	4
4986	4
4987	4
4988	4
4989	4
4990	4
4991	4
4992	4
4993	4
4994	4
4995	4
4996	4
4997	4
4998	4
4999	4
5000	4
5001	4
5002	4
5003	4
5004	4
5005	4
5006	4
5007	4
5008	4
5009	4
5010	4
5011	4
5012	4
5013	4
5014	4
5015	4
5016	4
5017	4
5018	4
5019	4
5020	4
5021	4
5022	4
5023	4
5024	4
5025	4
5026	4
5027	4
5028	4
5029	4
5030	4
5031	4
5032	4
5033	4
5034	4
5035	4
5036	4
5037	4
5038	4
5039	4
5040	4
5041	4
5042	4
5043	4
5044	4
5045	4
5046	4
5047	4
5048	4
5049	4
5050	4
5051	4
5052	4
5053	4
5054	4
5055	4
5056	4
5057	4
5058	4
5059	4
5060	4
5061	4
5062	4
5063	4
5064	4
5065	4
5066	4
5067	4
5068	4
5069	4
5070	4
5071	4
5072	4
5073	4
5074	4
5075	4
5076	4
5077	4
5078	4
5079	4
5080	4
5081	4
5082	4
5083	4
5084	4
5085	4
5086	4
5087	4
5088	4
5089	4
5090	4
5091	4
5092	4
5093	4
5094	4
5095	4
5096	4
5097	4
5098	4
5099	4
5100	4
5101	4
5102	4
5103	4
5104	4
5105	4
5106	4
5107	4
5108	4
5109	4
5110	4
5111	4
5112	4
5113	4
5114	4
5115	4
5116	4
5117	4
5118	4
5119	4
5120	4
5121	4
5122	4
5123	4
5124	4
5125	4
5126	4
5127	4
5128	4
5129	4
5130	4
5131	4
5132	4
5133	4
5134	4
5135	4
5136	4
5137	4
5138	4
5139	4
5140	4
5141	4
5142	4
5143	4
5144	4
5145	4
5146	4
5147	4
5148	4
5149	4
5150	4
5151	4
5152	4
5153	4
5154	4
5155	4
5156	4
5157	4
5158	4
5159	4
5160	4
5161	4
5162	4
5163	4
5164	4
5165	4
5166	4
5167	4
5168	4
5169	4
5170	4
5171	4
5172	4
5173	4
5174	4
5175	4
5176	4
5177	4
5178	4
5179	4
5180	4
5181	4
5182	4
5183	4
5184	4
5185	4
5186	4
5187	4
5188	4
5189	4
5190	4
5191	4
5192	4
5193	4
5194	4
5195	4
5196	4
5197	4
5198	4
5199	4
5200	4
5201	4
5202	4
5203	4
5204	4
5205	4
5206	4
5207	4
5208	4
5209	4
5210	4
5211	4
5212	4
5213	4
5214	4
5215	4
5216	4
5217	4
5218	4
5219	4
5220	4
5221	4
5222	4
5223	4
5224	4
5225	4
5226	4
5227	4
5228	4
5229	4
5230	4
5231	4
5232	4
5233	4
5234	4
5235	4
5236	4
5237	4
5238	4
5239	4
5240	4
5241	4
5242	4
5243	4
5244	4
5245	4
5246	4
5247	4
5248	4
5249	4
5250	4
5251	4
5252	4
5253	4
5254	4
5255	4
5256	4
5257	4
5258	4
5259	4
5260	4
5261	4
5262	4
5263	4
5264	4
5265	4
5266	4
5267	4
5268	4
5269	4
5270	4
5271	4
5272	4
5273	4
5274	4
5275	4
5276	4
5277	4
5278	4
5279	4
5280	4
5281	4
5282	4
5283	4
5284	4
5285	4
5286	4
5287	4
5288	4
5289	4
5290	4
5291	4
5292	4
5293	4
5294	4
5295	4
5296	4
5297	4
5298	4
5299	4
5300	4
5301	4
5302	5
5303	5
5304	5
5305	5
5306	5
5307	5
5308	5
5309	5
5310	5
5311	5
5312	5
5313	5
5314	5
5315	5
5316	5
5317	5
5318	5
5319	5
5320	5
5321	5
5322	5
5323	5
5324	5
5325	5
5326	5
5327	5
5328	5
5329	5
5330	5
5331	5
5332	5
5333	5
5334	5
5335	5
5336	5
5337	5
5338	5
5339	5
5340	5
5341	5
5342	5
5343	5
5344	5
5345	5
5346	5
5347	5
5348	5
5349	5
5350	5
5351	5
5352	5
5353	6
5354	6
5355	6
5356	6
5357	6
5358	6
5359	6
5360	6
5361	6
5362	6
5363	6
5364	6
5365	6
5366	6
5367	6
5368	6
5369	6
5370	6
5371	6
5372	6
5373	6
5374	6
5375	6
5376	6
5377	6
5378	6
5379	6
5380	6
5381	6
5382	6
5383	6
5384	6
5385	6
5386	6
5387	6
5388	6
5389	6
5390	6
5391	6
5392	6
5393	6
5394	6
5395	6
5396	6
5397	6
5398	6
5399	6
5400	6
5401	6
5402	6
5403	6
5404	6
5405	6
5406	6
5407	6
5408	6
5409	6
5410	6
5411	6
5412	6
5413	6
5414	6
5415	6
5416	6
5417	6
5418	6
5419	6
5420	6
5421	6
5422	6
5423	6
5424	6
5425	6
5426	6
5427	6
5428	6
5429	6
5430	6
5431	6
5432	6
5433	6
5434	6
5435	6
5436	6
5437	6
5438	6
5439	6
5440	6
5441	6
5442	6
5443	6
5444	6
5445	6
5446	6
5447	6
5448	6
5449	6
5450	6
5451	6
5452	6
5453	6
5454	6
5455	6
5456	6
5457	6
5458	6
5459	6
5460	6
5461	6
5462	6
5463	6
5464	6
5465	6
5466	6
5467	6
5468	6
5469	6
5470	6
5471	6
5472	6
5473	6
5474	6
5475	6
5476	6
5477	6
5478	6
5479	6
5480	7
5481	7
5482	7
5483	7
5484	7
5485	7
5486	7
5487	7
5488	7
5489	7
5490	7
5491	7
5492	7
5493	8
5494	8
5495	8
5496	8
5497	8
5498	8
5499	8
5500	8
5501	8
5502	8
5503	8
5504	8
5505	8
5506	8
5507	8
5508	8
5509	8
5510	8
5511	8
5512	8
5513	8
5514	8
5515	8
5516	8
5517	8
5518	8
5519	8
5520	8
5521	8
5522	8
5523	8
5524	8
5525	8
5526	8
5527	8
5528	8
5529	8
5530	8
5531	8
5532	8
5533	8
5534	8
5535	8
5536	8
5537	8
5538	8
5539	8
5540	8
5541	8
5542	8
5543	8
5544	8
5545	8
5546	8
5547	8
5548	8
5549	8
5550	8
5551	8
5552	8
5553	8
5554	8
5555	8
5556	8
5557	8
5558	8
5559	8
5560	8
5561	8
5562	8
5563	8
5564	8
5565	8
5566	8
5567	8
5568	8
5569	8
5570	8
5571	8
5572	9
5573	9
5574	9
5575	9
5576	9
5577	9
5578	9
5579	9
5580	9
5581	9
5582	9
5583	9
5584	9
5585	9
5586	9
5587	9
5588	9
5589	9
5590	9
5591	9
5592	9
5593	9
5594	9
5595	9
5596	9
5597	9
5598	9
5599	9
5600	9
5601	9
5602	9
5603	9
5604	9
5605	9
5606	9
5607	9
5608	9
5609	9
5610	9
5611	9
5612	9
5613	9
5614	9
5615	9
5616	9
5617	9
5618	9
5619	9
5620	9
5621	9
5622	9
5623	9
5624	10
5625	10
5626	10
5627	10
5628	10
5629	10
5630	10
5631	10
5632	10
5633	10
5634	10
5635	10
5636	10
5637	10
5638	10
5639	10
5640	10
5641	10
5642	10
5643	10
5644	10
5645	10
5646	10
5647	10
5648	10
5649	10
5650	10
5651	10
5652	10
5653	10
5654	10
5655	10
5656	10
5657	10
5658	10
5659	10
5660	10
5661	10
5662	10
5663	10
5664	10
5665	10
5666	10
5667	10
5668	10
5669	10
5670	10
5671	10
5672	10
5673	10
5674	10
5675	10
5676	10
5677	10
5678	10
5679	10
5680	10
5681	10
5682	10
5683	10
5684	10
5685	10
5686	10
5687	10
5688	10
5689	10
5690	10
5691	10
5692	10
5693	10
5694	10
5695	10
5696	10
5697	10
5698	10
5699	10
5700	10
5701	10
5702	10
5703	10
5704	10
5705	10
5706	10
5707	10
5708	10
5709	10
5710	10
5711	10
5712	10
5713	10
5714	10
5715	10
5716	10
5717	10
5718	10
5719	10
5720	10
5721	10
5722	10
5723	10
5724	10
5725	10
5726	10
5727	10
5728	10
5729	10
5730	10
5731	10
5732	10
5733	10
5734	10
5735	10
5736	10
5737	10
5738	10
5739	10
5740	10
5741	10
5742	10
5743	11
5744	11
5745	11
5746	11
5747	11
5748	11
5749	11
5750	11
5751	11
5752	11
5753	11
5754	11
5755	11
5756	11
5757	11
5758	11
5759	11
5760	11
5761	11
5762	11
5763	11
5764	11
5765	11
5766	11
5767	11
5768	11
5769	11
5770	11
5771	11
5772	11
5773	11
5774	11
5775	11
5776	11
5777	11
5778	11
5779	11
5780	11
5781	11
5782	11
5783	11
5784	11
5785	11
5786	11
5787	11
5788	11
5789	11
5790	11
5791	11
5792	11
5793	11
5794	11
5795	11
5796	11
5797	11
5798	11
5799	11
5800	11
5801	11
5802	11
5803	11
5804	11
5805	11
5806	11
5807	11
5808	11
5809	11
5810	11
5811	11
5812	11
5813	11
5814	11
5815	11
5816	11
5817	11
5818	11
5819	11
5820	11
5821	11
5822	11
5823	11
5824	11
5825	11
5826	11
5827	11
5828	11
5829	11
5830	11
5831	11
5832	11
5833	11
5834	11
5835	11
5836	11
5837	11
5838	11
5839	11
5840	11
5841	11
5842	11
5843	11
5844	11
5845	11
5846	11
5847	11
5848	11
5849	11
5850	11
5851	11
5852	11
5853	11
5854	11
5855	11
5856	11
5857	11
5858	11
5859	11
5860	11
5861	11
5862	11
5863	11
5864	11
5865	11
5866	11
5867	11
5868	11
5869	11
5870	11
5871	11
5872	11
5873	11
5874	11
5875	11
5876	11
5877	11
5878	11
5879	11
5880	11
5881	11
5882	11
5883	11
5884	11
5885	11
5886	11
5887	11
5888	11
5889	11
5890	11
5891	11
5892	11
5893	11
5894	11
5895	11
5896	11
5897	11
5898	11
5899	11
5900	11
5901	11
5902	11
5903	11
5904	11
5905	11
5906	11
5907	11
5908	11
5909	11
5910	11
5911	11
5912	11
5913	11
5914	11
5915	11
5916	11
5917	11
5918	11
5919	11
5920	11
5921	11
5922	11
5923	11
5924	11
5925	11
5926	11
5927	11
5928	11
5929	11
5930	11
5931	11
5932	11
5933	11
5934	11
5935	11
5936	11
5937	11
5938	11
5939	11
5940	11
5941	11
5942	11
5943	11
5944	11
5945	11
5946	11
5947	11
5948	11
5949	11
5950	11
5951	11
5952	11
5953	11
5954	11
5955	11
5956	11
5957	11
5958	11
5959	11
5960	11
5961	11
5962	11
5963	11
5964	11
5965	11
5966	11
5967	11
5968	11
5969	11
5970	11
5971	11
5972	11
5973	11
5974	11
5975	11
5976	11
5977	11
5978	11
5979	11
5980	11
5981	11
5982	11
5983	11
5984	11
5985	11
5986	11
5987	11
5988	11
5989	11
5990	11
5991	11
5992	11
5993	11
5994	11
5995	11
5996	11
5997	11
5998	11
5999	11
6000	11
6001	11
6002	11
6003	11
6004	11
6005	11
6006	11
6007	11
6008	11
6009	11
6010	11
6011	11
6012	11
6013	11
6014	11
6015	11
6016	11
6017	11
6018	11
6019	11
6020	11
6021	11
6022	11
6023	11
6024	11
6025	11
6026	11
6027	11
6028	11
6029	11
6030	11
6031	11
6032	11
6033	11
6034	11
6035	11
6036	11
6037	11
6038	11
6039	11
6040	11
6041	11
6042	11
6043	11
6044	11
6045	11
6046	11
6047	11
6048	11
6049	11
6050	11
6051	11
6052	11
6053	11
6054	11
6055	11
6056	11
6057	11
6058	11
6059	11
6060	11
6061	11
6062	11
6063	11
6064	11
6065	11
6066	11
6067	11
6068	11
6069	11
6070	11
6071	11
6072	11
6073	11
6074	11
6075	11
6076	11
6077	11
6078	11
6079	11
6080	11
6081	11
6082	11
6083	11
6084	11
6085	11
6086	11
6087	11
6088	11
6089	11
6090	11
6091	11
6092	11
6093	11
6094	11
6095	11
6096	11
6097	11
6098	11
6099	11
6100	11
6101	11
6102	11
6103	11
6104	11
6105	11
6106	11
6107	11
6108	11
6109	11
6110	11
6111	11
6112	11
6113	11
6114	11
6115	11
6116	11
6117	11
6118	11
6119	11
6120	11
6121	11
6122	11
6123	11
6124	11
6125	11
6126	11
6127	11
6128	11
6129	11
6130	11
6131	11
6132	11
6133	11
6134	11
6135	11
6136	11
6137	11
6138	11
6139	11
6140	11
6141	11
6142	11
6143	11
6144	11
6145	11
6146	11
6147	11
6148	11
6149	11
6150	11
6151	11
6152	11
6153	11
6154	11
6155	11
6156	11
6157	11
6158	11
6159	11
6160	11
6161	11
6162	11
6163	11
6164	11
6165	11
6166	11
6167	11
6168	11
6169	11
6170	11
6171	11
6172	11
6173	11
6174	11
6175	11
6176	11
6177	11
6178	11
6179	11
6180	11
6181	11
6182	11
6183	11
6184	11
6185	11
6186	11
6187	11
6188	11
6189	11
6190	11
6191	11
6192	11
6193	11
6194	11
6195	11
6196	11
6197	11
6198	11
6199	11
6200	11
6201	11
6202	11
6203	11
6204	11
6205	11
6206	11
6207	11
6208	11
6209	11
6210	11
6211	11
6212	11
6213	11
6214	11
6215	11
6216	11
6217	11
6218	11
6219	11
6220	11
6221	11
6222	11
6223	11
6224	11
6225	11
6226	11
6227	11
6228	11
6229	11
6230	11
6231	11
6232	11
6233	11
6234	11
6235	11
6236	11
6237	11
6238	11
6239	11
6240	11
6241	11
6242	11
6243	11
6244	11
6245	11
6246	11
6247	11
6248	11
6249	11
6250	11
6251	11
6252	11
6253	11
6254	11
6255	11
6256	11
6257	11
6258	11
6259	11
6260	11
6261	11
6262	11
6263	11
6264	11
6265	11
6266	11
6267	11
6268	11
6269	11
6270	11
6271	11
6272	11
6273	11
6274	11
6275	11
6276	11
6277	11
6278	11
6279	11
6280	11
6281	11
6282	11
6283	11
6284	11
6285	11
6286	11
6287	11
6288	11
6289	11
6290	11
6291	11
6292	11
6293	11
6294	11
6295	11
6296	11
6297	11
6298	11
6299	11
6300	11
6301	11
6302	11
6303	11
6304	11
6305	11
6306	11
6307	11
6308	11
6309	11
6310	11
6311	11
6312	11
6313	11
6314	11
6315	11
6316	11
6317	11
6318	11
6319	11
6320	11
6321	11
6322	11
6323	11
6324	11
6325	11
6326	11
6327	11
6328	11
6329	11
6330	11
6331	11
6332	11
6333	11
6334	11
6335	11
6336	11
6337	11
6338	11
6339	11
6340	11
6341	11
6342	11
6343	11
6344	11
6345	11
6346	11
6347	11
6348	11
6349	11
6350	11
6351	11
6352	11
6353	11
6354	11
6355	11
6356	11
6357	11
6358	11
6359	11
6360	11
6361	11
6362	11
6363	11
6364	11
6365	11
6366	11
6367	11
6368	11
6369	11
6370	11
6371	11
6372	11
6373	11
6374	11
6375	11
6376	11
6377	11
6378	11
6379	11
6380	11
6381	11
6382	11
6383	11
6384	11
6385	11
6386	11
6387	11
6388	11
6389	11
6390	11
6391	11
6392	11
6393	11
6394	11
6395	11
6396	11
6397	11
6398	11
6399	11
6400	11
6401	11
6402	11
6403	11
6404	11
6405	11
6406	11
6407	11
6408	11
6409	11
6410	11
6411	11
6412	11
6413	11
6414	11
6415	11
6416	11
6417	11
6418	11
6419	11
6420	11
6421	11
6422	11
6423	11
6424	11
6425	11
6426	11
6427	11
6428	11
6429	11
6430	11
6431	11
6432	11
6433	11
6434	11
6435	11
6436	11
6437	11
6438	11
6439	11
6440	11
6441	11
6442	11
6443	11
6444	11
6445	11
6446	11
6447	11
6448	11
6449	11
6450	11
6451	11
6452	11
6453	11
6454	11
6455	11
6456	11
6457	11
6458	11
6459	11
6460	11
6461	11
6462	11
6463	11
6464	11
6465	11
6466	11
6467	11
6468	11
6469	11
6470	11
6471	11
6472	11
6473	11
6474	11
6475	11
6476	11
6477	11
6478	11
6479	11
6480	11
6481	11
6482	11
6483	11
6484	11
6485	11
6486	11
6487	11
6488	11
6489	11
6490	11
6491	11
6492	11
6493	11
6494	11
6495	11
6496	11
6497	11
6498	11
6499	11
6500	11
6501	11
6502	11
6503	11
6504	11
6505	11
6506	11
6507	11
6508	11
6509	11
6510	11
6511	11
6512	11
6513	11
6514	11
6515	11
6516	11
6517	11
6518	11
6519	11
6520	11
6521	11
6522	11
6523	11
6524	12
6525	12
6526	12
6527	12
6528	12
6529	12
6530	12
6531	12
6532	12
6533	12
6534	12
6535	12
6536	12
6537	12
6538	12
6539	12
6540	12
6541	12
6542	12
6543	12
6544	12
6545	12
6546	12
6547	12
6548	12
6549	12
6550	12
6551	12
6552	12
6553	12
6554	12
6555	12
6556	12
6557	12
6558	12
6559	12
6560	12
6561	12
6562	12
6563	12
6564	12
6565	12
6566	12
6567	12
6568	12
6569	12
6570	12
6571	12
6572	12
6573	12
6574	12
6575	12
6576	12
6577	12
6578	12
6579	12
6580	12
6581	12
6582	12
6583	12
6584	12
6585	13
6586	13
6587	13
6588	13
6589	13
6590	13
6591	13
6592	13
6593	13
6594	13
6595	13
6596	13
6597	13
6598	13
6599	13
6600	13
6601	13
6602	13
6603	13
6604	14
6605	14
6606	14
6607	14
6608	14
6609	14
6610	14
6611	14
6612	14
6613	14
6614	14
6615	14
6616	14
6617	14
6618	14
6619	14
6620	14
6621	14
6622	14
6623	14
6624	14
6625	14
6626	14
6627	14
6628	14
6629	14
6630	14
6631	14
6632	14
6633	14
6634	14
6635	14
6636	14
6637	14
6638	14
6639	14
6640	14
6641	14
6642	14
6643	14
6644	14
6645	14
6646	14
6647	14
6648	14
6649	14
6650	14
6651	14
6652	14
6653	14
6654	14
6655	14
6656	14
6657	14
6658	14
6659	14
6660	14
6661	14
6662	14
6663	14
6664	14
6665	14
6666	14
6667	14
6668	14
6669	14
6670	14
6671	14
6672	14
6673	14
6674	14
6675	14
6676	15
6677	15
6678	15
6679	15
6680	15
6681	15
6682	15
6683	15
6684	15
6685	15
6686	15
6687	15
6688	15
6689	15
6690	15
6691	15
6692	15
6693	15
6694	15
6695	15
6696	15
6697	15
6698	15
6699	15
6700	15
6701	15
6702	15
6703	15
6704	15
6705	15
6706	15
6707	15
6708	15
6709	15
6710	15
6711	15
6712	15
6713	15
6714	15
6715	15
6716	15
6717	15
6718	15
6719	15
6720	15
6721	15
6722	15
6723	15
6724	15
6725	15
6726	15
6727	15
6728	15
6729	15
6730	15
6731	15
6732	15
6733	15
6734	15
6735	15
6736	15
6737	15
6738	15
6739	15
6740	15
6741	15
6742	15
6743	15
6744	15
6745	15
6746	15
6747	15
6748	15
6749	15
6750	15
6751	15
6752	15
6753	15
6754	15
6755	15
6756	15
6757	15
6758	15
6759	15
6760	15
6761	15
6762	15
6763	15
6764	15
6765	15
6766	15
6767	16
6768	16
6769	16
6770	16
6771	16
6772	16
6773	16
6774	16
6775	16
6776	16
6777	16
6778	16
6779	16
6780	16
6781	16
6782	16
6783	16
6784	16
6785	16
6786	16
6787	16
6788	16
6789	16
6790	16
6791	16
6792	16
6793	16
6794	16
6795	16
6796	16
6797	16
6798	16
6799	16
6800	16
6801	16
6802	16
6803	16
6804	16
6805	16
6806	16
6807	16
6808	16
6809	16
6810	16
6811	16
6812	16
6813	16
6814	16
6815	16
6816	16
6817	16
6818	16
6819	16
6820	16
6821	16
6822	16
6823	16
6824	16
6825	16
6826	16
6827	16
6828	16
6829	16
6830	16
6831	16
6832	16
6833	16
6834	16
6835	16
6836	16
6837	16
6838	16
6839	16
6840	16
6841	16
6842	16
6843	16
6844	16
6845	16
6846	16
6847	16
6848	16
6849	16
6850	16
6851	16
6852	16
6853	16
6854	16
6855	16
6856	16
6857	16
6858	16
6859	16
6860	16
6861	16
6862	16
6863	16
6864	16
6865	16
6866	16
6867	16
6868	16
6869	16
6870	16
6871	16
6872	16
6873	16
6874	16
6875	16
6876	16
6877	16
6878	16
6879	16
6880	16
6881	16
6882	16
6883	16
6884	16
6885	16
6886	16
6887	16
6888	16
6889	16
6890	16
6891	16
6892	16
6893	16
6894	16
6895	16
6896	16
6897	16
6898	16
6899	16
6900	16
6901	16
6902	16
6903	16
6904	16
6905	16
6906	16
6907	16
6908	16
6909	16
6910	16
6911	16
6912	16
6913	16
6914	16
6915	16
6916	16
6917	16
6918	16
6919	16
6920	16
6921	16
6922	16
6923	16
6924	16
6925	16
6926	16
6927	16
6928	16
6929	16
6930	16
6931	16
6932	16
6933	16
6934	16
6935	16
6936	16
6937	16
6938	17
6939	17
6940	17
6941	17
6942	17
6943	17
6944	17
6945	17
6946	17
6947	17
6948	17
6949	17
6950	17
6951	17
6952	17
6953	17
6954	17
6955	17
6956	17
6957	17
6958	17
6959	17
6960	17
6961	17
6962	17
6963	17
6964	17
6965	17
6966	17
6967	17
6968	17
6969	17
6970	17
6971	17
6972	17
6973	17
6974	17
6975	17
6976	17
6977	17
6978	17
6979	17
6980	17
6981	17
6982	17
6983	17
6984	17
6985	17
6986	17
6987	17
6988	17
6989	17
6990	17
6991	17
6992	17
6993	17
6994	17
6995	17
6996	17
6997	17
6998	17
6999	17
7000	17
7001	17
7002	17
7003	17
7004	17
7005	17
7006	17
7007	17
7008	17
7009	17
7010	17
7011	17
7012	17
7013	17
7014	17
7015	17
7016	17
7017	17
7018	17
7019	17
7020	17
7021	17
7022	17
7023	17
7024	17
7025	17
7026	17
7027	17
7028	17
7029	17
7030	17
7031	17
7032	17
7033	17
7034	17
7035	17
7036	17
7037	17
7038	17
7039	17
7040	17
7041	17
7042	17
7043	17
7044	17
7045	17
7046	17
7047	17
7048	17
7049	17
7050	17
7051	17
7052	17
7053	17
7054	17
7055	17
7056	17
7057	17
7058	17
7059	17
7060	17
7061	17
7062	17
7063	17
7064	17
7065	17
7066	17
7067	17
7068	17
7069	17
7070	17
7071	17
7072	17
7073	17
7074	17
7075	17
7076	17
7077	17
7078	17
7079	17
7080	17
7081	17
7082	17
7083	17
7084	17
7085	17
7086	17
7087	17
7088	17
7089	17
7090	17
7091	17
7092	17
7093	17
7094	17
7095	17
7096	17
7097	17
7098	17
7099	17
7100	17
7101	17
7102	17
7103	17
7104	17
7105	17
7106	17
7107	17
7108	17
7109	17
7110	17
7111	17
7112	17
7113	17
7114	17
7115	17
7116	17
7117	17
7118	17
7119	17
7120	17
7121	17
7122	17
7123	17
7124	17
7125	17
7126	17
7127	17
7128	17
7129	17
7130	17
7131	17
7132	17
7133	17
7134	18
7135	18
7136	18
7137	18
7138	18
7139	18
7140	18
7141	18
7142	18
7143	18
7144	18
7145	18
7146	18
7147	18
7148	18
7149	18
7150	18
7151	18
7152	18
7153	18
7154	18
7155	18
7156	18
7157	18
7158	18
7159	18
7160	18
7161	18
7162	18
7163	18
7164	18
7165	18
7166	18
7167	18
7168	18
7169	18
7170	18
7171	18
7172	18
7173	18
7174	18
7175	18
7176	18
7177	18
7178	18
7179	18
7180	18
7181	18
7182	18
7183	18
7184	18
7185	18
7186	18
7187	18
7188	18
7189	18
7190	18
7191	18
7192	18
7193	18
7194	18
7195	18
7196	18
7197	18
7198	18
7199	18
7200	18
7201	18
7202	18
7203	18
7204	18
7205	18
7206	18
7207	18
7208	18
7209	18
7210	18
7211	18
7212	18
7213	18
7214	18
7215	18
7216	18
7217	18
7218	18
7219	18
7220	18
7221	18
7222	18
7223	18
7224	18
7225	18
7226	18
7227	18
7228	18
7229	18
7230	18
7231	18
7232	18
7233	18
7234	18
7235	18
7236	18
7237	18
7238	18
7239	18
7240	18
7241	18
7242	18
7243	18
7244	18
7245	18
7246	18
7247	18
7248	18
7249	18
7250	18
7251	18
7252	18
7253	18
7254	18
7255	18
7256	18
7257	18
7258	18
7259	18
7260	18
7261	18
7262	18
7263	18
7264	18
7265	18
7266	18
7267	18
7268	18
7269	18
7270	18
7271	18
7272	18
7273	18
7274	18
7275	18
7276	18
7277	18
7278	18
7279	18
7280	18
7281	18
7282	18
7283	18
7284	18
7285	18
7286	18
7287	18
7288	18
7289	18
7290	18
7291	18
7292	18
7293	18
7294	18
7295	18
7296	18
7297	18
7298	18
7299	18
7300	18
7301	18
7302	18
7303	18
7304	18
7305	18
7306	18
7307	18
7308	18
7309	18
7310	18
7311	18
7312	18
7313	18
7314	18
7315	18
7316	18
7317	18
7318	18
7319	18
7320	18
7321	18
7322	18
7323	18
7324	18
7325	18
7326	18
7327	18
7328	18
7329	18
7330	18
7331	18
7332	18
7333	18
7334	18
7335	18
7336	18
7337	18
7338	18
7339	18
7340	18
7341	18
7342	18
7343	18
7344	18
7345	18
7346	18
7347	18
7348	18
7349	18
7350	18
7351	18
7352	18
7353	18
7354	18
7355	18
7356	18
7357	18
7358	18
7359	18
7360	18
7361	18
7362	18
7363	18
7364	18
7365	18
7366	18
7367	18
7368	18
7369	18
7370	18
7371	18
7372	18
7373	18
7374	18
7375	18
7376	18
7377	18
7378	18
7379	18
7380	18
7381	18
7382	18
7383	18
7384	18
7385	18
7386	18
7387	18
7388	18
7389	18
7390	18
7391	18
7392	18
7393	18
7394	18
7395	18
7396	18
7397	18
7398	18
7399	18
7400	18
7401	18
7402	18
7403	18
7404	18
7405	18
7406	18
7407	18
7408	18
7409	18
7410	18
7411	18
7412	18
7413	18
7414	18
7415	18
7416	18
7417	18
7418	18
7419	18
7420	18
7421	18
7422	18
7423	18
7424	18
7425	18
7426	18
7427	18
7428	18
7429	18
7430	18
7431	18
7432	18
7433	18
7434	18
7435	18
7436	18
7437	18
7438	18
7439	18
7440	18
7441	18
7442	18
7443	18
7444	18
7445	18
7446	18
7447	18
7448	18
7449	18
7450	18
7451	18
7452	18
7453	18
7454	18
7455	18
7456	18
7457	18
7458	18
7459	18
7460	18
7461	18
7462	18
7463	18
7464	18
7465	18
7466	18
7467	18
7468	18
7469	18
7470	18
7471	18
7472	18
7473	18
7474	18
7475	18
7476	18
7477	18
7478	18
7479	18
7480	18
7481	18
7482	18
7483	19
7484	19
7485	19
7486	19
7487	19
7488	19
7489	19
7490	19
7491	19
7492	19
7493	19
7494	19
7495	19
7496	19
7497	19
7498	19
7499	19
7500	19
7501	19
7502	19
7503	19
7504	19
7505	19
7506	19
7507	19
7508	19
7509	19
7510	19
7511	19
7512	19
7513	19
7514	19
7515	19
7516	19
7517	19
7518	19
7519	19
7520	19
7521	19
7522	19
7523	19
7524	19
7525	19
7526	19
7527	19
7528	19
7529	19
7530	19
7531	19
7532	19
7533	19
7534	19
7535	19
7536	19
7537	19
7538	19
7539	19
7540	19
7541	19
7542	19
7543	19
7544	19
7545	19
7546	19
7547	19
7548	19
7549	19
7550	19
7551	19
7552	19
7553	19
7554	19
7555	19
7556	19
7557	19
7558	19
7559	19
7560	19
7561	19
7562	19
7563	19
7564	19
7565	19
7566	19
7567	19
7568	19
7569	19
7570	19
7571	19
7572	19
7573	19
7574	19
7575	19
7576	19
7577	20
7578	20
7579	20
7580	20
7581	20
7582	20
7583	20
7584	20
7585	20
7586	20
7587	20
7588	20
7589	20
7590	20
7591	20
7592	20
7593	20
7594	20
7595	20
7596	20
7597	20
7598	20
7599	20
7600	20
7601	20
7602	20
7603	20
7604	20
7605	20
7606	20
7607	20
7608	20
7609	20
7610	20
7611	20
7612	20
7613	20
7614	20
7615	20
7616	20
7617	20
7618	20
7619	20
7620	20
7621	20
7622	20
7623	20
7624	20
7625	20
7626	20
7627	20
7628	20
7629	20
7630	20
7631	20
7632	20
7633	20
7634	20
7635	20
7636	20
7637	20
7638	20
7639	20
7640	20
7641	20
7642	20
7643	20
7644	20
7645	20
7646	20
7647	20
7648	20
7649	20
7650	20
7651	20
7652	20
7653	20
7654	20
7655	20
7656	20
7657	20
7658	20
7659	20
7660	20
7661	20
7662	20
7663	20
7664	20
7665	20
7666	20
7667	20
7668	20
7669	20
7670	20
7671	20
7672	20
7673	20
7674	20
7675	20
7676	20
7677	20
7678	20
7679	20
7680	20
7681	20
7682	20
7683	20
7684	20
7685	20
7686	20
7687	20
7688	20
7689	20
7690	20
7691	20
7692	20
7693	20
7694	20
7695	20
7696	20
7697	20
7698	20
7699	20
7700	20
7701	20
7702	20
7703	20
7704	20
7705	20
7706	20
7707	20
7708	20
7709	20
7710	20
7711	20
7712	20
7713	20
7714	20
7715	20
7716	20
7717	20
7718	20
7719	20
7720	20
7721	20
7722	20
7723	20
7724	20
7725	20
7726	20
7727	20
7728	20
7729	20
7730	20
7731	20
7732	20
7733	20
7734	21
7735	21
7736	21
7737	21
7738	21
7739	21
7740	21
7741	21
7742	21
7743	21
7744	21
7745	21
7746	21
7747	21
7748	21
7749	21
7750	21
7751	21
7752	21
7753	21
7754	21
7755	21
7756	21
7757	21
7758	21
7759	21
7760	21
7761	21
7762	21
7763	21
7764	21
7765	21
7766	21
7767	21
7768	21
7769	21
7770	21
7771	21
7772	21
7773	21
7774	21
7775	21
7776	21
7777	21
7778	21
7779	21
7780	21
7781	21
7782	21
7783	21
7784	21
7785	21
7786	21
7787	21
7788	21
7789	21
7790	21
7791	21
7792	21
7793	21
7794	21
7795	21
7796	21
7797	21
7798	21
7799	21
7800	21
7801	21
7802	21
7803	21
7804	21
7805	21
7806	21
7807	21
7808	21
7809	21
7810	21
7811	21
7812	21
7813	21
7814	21
7815	21
7816	21
7817	21
7818	21
7819	21
7820	21
7821	21
7822	21
7823	21
7824	21
7825	21
7826	21
7827	21
7828	21
7829	21
7830	21
7831	21
7832	21
7833	21
7834	21
7835	21
7836	21
7837	21
7838	21
7839	21
7840	21
7841	21
7842	21
7843	21
7844	21
7845	21
7846	21
7847	21
7848	21
7849	21
7850	21
7851	21
7852	21
7853	21
7854	21
7855	21
7856	21
7857	21
7858	21
7859	21
7860	21
7861	21
7862	21
7863	21
7864	21
7865	21
7866	21
7867	21
7868	21
7869	21
7870	21
7871	21
7872	21
7873	21
7874	21
7875	21
7876	21
7877	21
7878	21
7879	21
7880	21
7881	21
7882	21
7883	21
7884	21
7885	21
7886	21
7887	21
7888	21
7889	21
7890	21
7891	21
7892	21
7893	21
7894	21
7895	21
7896	21
7897	21
7898	21
7899	21
7900	21
7901	21
7902	21
7903	21
7904	21
7905	21
7906	21
7907	21
7908	21
7909	21
7910	21
7911	21
7912	21
7913	21
7914	21
7915	21
7916	21
7917	21
7918	21
7919	21
7920	21
7921	21
7922	21
7923	21
7924	21
7925	21
7926	21
7927	21
7928	21
7929	21
7930	21
7931	21
7932	21
7933	21
7934	21
7935	21
7936	21
7937	21
7938	21
7939	21
7940	21
7941	21
7942	21
7943	21
7944	21
7945	21
7946	21
7947	21
7948	21
7949	21
7950	21
7951	21
7952	21
7953	21
7954	21
7955	21
7956	21
7957	21
7958	21
7959	21
7960	21
7961	21
7962	21
7963	21
7964	21
7965	21
7966	21
7967	21
7968	21
7969	21
7970	21
7971	21
7972	21
7973	21
7974	21
7975	21
7976	21
7977	21
7978	21
7979	21
7980	21
7981	21
7982	21
7983	21
7984	21
7985	21
7986	21
7987	21
7988	21
7989	21
7990	21
7991	21
7992	21
7993	21
7994	21
7995	21
7996	21
7997	21
7998	21
7999	21
8000	21
8001	21
8002	21
8003	21
8004	21
8005	21
8006	21
8007	21
8008	21
8009	21
8010	21
8011	21
8012	21
8013	21
8014	21
8015	21
8016	21
8017	21
8018	21
8019	21
8020	21
8021	21
8022	21
8023	21
8024	21
8025	21
8026	21
8027	21
8028	21
8029	21
8030	21
8031	21
8032	21
8033	22
8034	22
8035	22
8036	22
8037	22
8038	22
8039	22
8040	22
8041	22
8042	22
8043	22
8044	22
8045	22
8046	22
8047	22
8048	22
8049	22
8050	22
8051	22
8052	22
8053	22
8054	22
8055	22
8056	22
8057	22
8058	22
8059	22
8060	22
8061	22
8062	22
8063	22
8064	22
8065	22
8066	22
8067	22
8068	22
8069	22
8070	22
8071	22
8072	22
8073	22
8074	22
8075	22
8076	22
8077	22
8078	22
8079	22
8080	22
8081	22
8082	22
8083	22
8084	22
8085	22
8086	22
8087	22
8088	22
8089	22
8090	22
8091	22
8092	22
8093	22
8094	22
8095	22
8096	22
8097	22
8098	22
8099	22
8100	22
8101	22
8102	22
8103	22
8104	22
8105	22
8106	22
8107	22
8108	22
8109	22
8110	22
8111	22
8112	22
8113	22
8114	22
8115	22
8116	22
8117	22
8118	22
8119	22
8120	22
8121	22
8122	22
8123	22
8124	22
8125	22
8126	22
8127	22
8128	22
8129	22
8130	22
8131	22
8132	22
8133	22
8134	22
8135	22
8136	22
8137	22
8138	22
8139	22
8140	22
8141	22
8142	22
8143	22
8144	22
8145	22
8146	22
8147	22
8148	22
8149	22
8150	22
8151	22
8152	22
8153	22
8154	22
8155	22
8156	22
8157	22
8158	22
8159	22
8160	22
8161	22
8162	22
8163	22
8164	22
8165	22
8166	22
8167	22
8168	22
8169	22
8170	22
8171	22
8172	22
8173	22
8174	22
8175	22
8176	22
8177	22
8178	22
8179	22
8180	22
8181	22
8182	22
8183	22
8184	22
8185	22
8186	22
8187	22
8188	22
8189	22
8190	22
8191	22
8192	22
8193	22
8194	22
8195	22
8196	22
8197	22
8198	22
8199	22
8200	22
8201	22
8202	22
8203	22
8204	22
8205	22
8206	22
8207	22
8208	22
8209	22
8210	22
8211	22
8212	22
8213	22
8214	22
8215	22
8216	22
8217	22
8218	22
8219	22
8220	22
8221	22
8222	22
8223	22
8224	22
8225	22
8226	22
8227	22
8228	22
8229	22
8230	22
8231	22
8232	22
8233	22
8234	22
8235	22
8236	22
8237	22
8238	22
8239	22
8240	22
8241	22
8242	22
8243	22
8244	22
8245	22
8246	22
8247	22
8248	22
8249	22
8250	22
8251	22
8252	22
8253	22
8254	22
8255	22
8256	22
8257	22
8258	22
8259	22
8260	22
8261	22
8262	22
8263	22
8264	22
8265	22
8266	22
8267	22
8268	22
8269	22
8270	22
8271	22
8272	22
8273	22
8274	22
8275	22
8276	22
8277	22
8278	22
8279	22
8280	22
8281	22
8282	22
8283	22
8284	22
8285	22
8286	22
8287	22
8288	22
8289	22
8290	22
8291	22
8292	22
8293	22
8294	22
8295	22
8296	22
8297	22
8298	22
8299	22
8300	22
8301	22
8302	22
8303	22
8304	22
8305	22
8306	22
8307	22
8308	22
8309	22
8310	22
8311	22
8312	22
8313	22
8314	22
8315	22
8316	22
8317	22
8318	22
8319	22
8320	22
8321	22
8322	22
8323	22
8324	22
8325	22
8326	22
8327	22
8328	22
8329	22
8330	22
8331	22
8332	22
8333	22
8334	22
8335	22
8336	22
8337	22
8338	22
8339	22
8340	22
8341	22
8342	22
8343	22
8344	22
8345	22
8346	22
8347	22
8348	22
8349	22
8350	22
8351	22
8352	22
8353	22
8354	22
8355	22
8356	22
8357	22
8358	22
8359	22
8360	22
8361	22
8362	22
8363	22
8364	22
8365	22
8366	22
8367	22
8368	22
8369	22
8370	22
8371	22
8372	22
8373	22
8374	22
8375	22
8376	22
8377	22
8378	22
8379	22
8380	22
8381	22
8382	22
8383	22
8384	22
8385	22
8386	22
8387	22
8388	22
8389	22
8390	22
8391	22
8392	22
8393	22
8394	22
8395	22
8396	22
8397	22
8398	22
8399	22
8400	22
8401	22
8402	22
8403	22
8404	22
8405	22
8406	22
8407	22
8408	22
8409	22
8410	22
8411	22
8412	22
8413	22
8414	22
8415	22
8416	22
8417	22
8418	22
8419	22
8420	22
8421	22
8422	22
8423	22
8424	22
8425	22
8426	22
8427	22
8428	22
8429	22
8430	22
8431	22
8432	22
8433	22
8434	22
8435	22
8436	22
8437	22
8438	22
8439	22
8440	22
8441	22
8442	22
8443	22
8444	22
8445	22
8446	22
8447	22
8448	22
8449	22
8450	22
8451	22
8452	22
8453	22
8454	22
8455	22
8456	22
8457	22
8458	22
8459	22
8460	22
8461	22
8462	22
8463	22
8464	22
8465	22
8466	22
8467	22
8468	22
8469	22
8470	22
8471	22
8472	22
8473	22
8474	22
8475	22
8476	22
8477	22
8478	22
8479	22
8480	22
8481	22
8482	22
8483	22
8484	22
8485	22
8486	22
8487	22
8488	22
8489	22
8490	22
8491	22
8492	22
8493	22
8494	22
8495	22
8496	22
8497	22
8498	22
8499	22
8500	22
8501	22
8502	22
8503	22
8504	22
8505	22
8506	22
8507	22
8508	22
8509	22
8510	22
8511	22
8512	22
8513	22
8514	22
8515	22
8516	22
8517	22
8518	22
8519	22
8520	22
8521	22
8522	22
8523	22
8524	22
8525	22
8526	22
8527	22
8528	22
8529	22
8530	22
8531	22
8532	22
8533	22
8534	22
8535	22
8536	22
8537	22
8538	22
8539	22
8540	22
8541	22
8542	22
8543	22
8544	22
8545	22
8546	22
8547	22
8548	22
8549	22
8550	22
8551	22
8552	22
8553	22
8554	22
8555	22
8556	22
8557	22
8558	22
8559	22
8560	22
8561	22
8562	22
8563	22
8564	22
8565	22
8566	22
8567	22
8568	22
8569	22
8570	22
8571	22
8572	22
8573	22
8574	22
8575	22
8576	22
8577	22
8578	22
8579	22
8580	22
8581	22
8582	22
8583	22
8584	22
8585	22
8586	22
8587	22
8588	22
8589	22
8590	22
8591	22
8592	22
8593	22
8594	22
8595	22
8596	22
8597	22
8598	22
8599	22
8600	22
8601	23
8602	23
8603	23
8604	23
8605	23
8606	23
8607	23
8608	23
8609	23
8610	23
8611	23
8612	23
8613	23
8614	23
8615	23
8616	23
8617	23
8618	23
8619	23
8620	23
8621	23
8622	23
8623	23
8624	23
8625	23
8626	23
8627	23
8628	23
8629	23
8630	23
8631	23
8632	23
8633	23
8634	23
8635	23
8636	23
8637	23
8638	23
8639	23
8640	23
8641	23
8642	23
8643	23
8644	23
8645	23
8646	23
8647	23
8648	23
8649	23
8650	23
8651	23
8652	23
8653	23
8654	23
8655	23
8656	23
8657	23
8658	23
8659	23
8660	23
8661	23
8662	23
8663	23
8664	23
8665	23
8666	23
8667	23
8668	23
8669	23
8670	23
8671	23
8672	23
8673	23
8674	23
8675	23
8676	23
8677	23
8678	23
8679	23
8680	23
8681	23
8682	23
8683	23
8684	23
8685	23
8686	23
8687	23
8688	23
8689	23
8690	23
8691	23
8692	23
8693	23
8694	23
8695	23
8696	23
8697	23
8698	23
8699	23
8700	23
8701	23
8702	23
8703	23
8704	23
8705	23
8706	23
8707	23
8708	23
8709	23
8710	23
8711	23
8712	23
8713	23
8714	23
8715	23
8716	23
8717	23
8718	23
8719	23
8720	23
8721	23
8722	23
8723	23
8724	23
8725	23
8726	23
8727	23
8728	23
8729	23
8730	23
8731	23
8732	23
8733	23
8734	23
8735	23
8736	23
8737	23
8738	23
8739	23
8740	23
8741	23
8742	23
8743	23
8744	23
8745	23
8746	23
8747	23
8748	23
8749	23
8750	23
8751	23
8752	24
8753	24
8754	24
8755	24
8756	24
8757	24
8758	24
8759	24
8760	24
8761	24
8762	24
8763	24
8764	24
8765	24
8766	24
8767	24
8768	24
8769	24
8770	24
8771	24
8772	24
8773	24
8774	24
8775	24
8776	24
8777	24
8778	24
8779	24
8780	24
8781	24
8782	24
8783	24
8784	24
8785	24
8786	24
8787	24
8788	24
8789	24
8790	24
8791	24
8792	24
8793	24
8794	24
8795	24
8796	24
8797	24
8798	24
8799	24
8800	24
8801	24
8802	24
8803	24
8804	24
8805	24
8806	24
8807	24
8808	24
8809	24
8810	24
8811	24
8812	24
8813	24
8814	24
8815	24
8816	24
8817	24
8818	24
8819	24
8820	24
8821	24
8822	24
8823	24
8824	24
8825	24
8826	24
8827	24
8828	24
8829	24
8830	24
8831	24
8832	24
8833	24
8834	24
8835	24
8836	24
8837	24
8838	24
8839	24
8840	24
8841	24
8842	24
8843	24
8844	24
8845	24
8846	24
8847	24
8848	24
8849	24
8850	24
8851	24
8852	24
8853	24
8854	24
8855	24
8856	24
8857	24
8858	24
8859	24
8860	24
8861	24
8862	24
8863	24
8864	24
8865	24
8866	24
8867	24
8868	24
8869	24
8870	24
8871	24
8872	24
8873	24
8874	24
8875	24
8876	24
8877	24
8878	24
8879	24
8880	24
8881	24
8882	24
8883	24
8884	24
8885	24
8886	24
8887	24
8888	24
8889	24
8890	24
8891	24
8892	24
8893	24
8894	24
8895	24
8896	24
8897	24
8898	24
8899	24
8900	24
8901	24
8902	24
8903	24
8904	24
8905	24
8906	24
8907	24
8908	24
8909	24
8910	24
8911	25
8912	25
8913	25
8914	25
8915	25
8916	25
8917	25
8918	25
8919	25
8920	25
8921	25
8922	25
8923	25
8924	25
8925	25
8926	25
8927	25
8928	25
8929	25
8930	25
8931	25
8932	25
8933	25
8934	25
8935	25
8936	25
8937	25
8938	25
8939	25
8940	25
8941	25
8942	25
8943	25
8944	25
8945	25
8946	25
8947	25
8948	25
8949	25
8950	25
8951	25
8952	25
8953	25
8954	25
8955	25
8956	25
8957	25
8958	25
8959	25
8960	25
8961	25
8962	25
8963	25
8964	25
8965	25
8966	25
8967	25
8968	25
8969	25
8970	25
8971	25
8972	25
8973	25
8974	25
8975	25
8976	25
8977	25
8978	25
8979	25
8980	25
8981	25
8982	25
8983	25
8984	25
8985	25
8986	25
8987	25
8988	25
8989	25
8990	25
8991	25
8992	25
8993	25
8994	25
8995	25
8996	25
8997	25
8998	25
8999	25
9000	25
9001	25
9002	25
9003	25
9004	25
9005	25
9006	25
9007	25
9008	25
9009	25
9010	25
9011	25
9012	25
9013	25
9014	25
9015	25
9016	25
9017	25
9018	25
9019	25
9020	25
9021	25
9022	25
9023	25
9024	25
9025	25
9026	25
9027	25
9028	25
9029	25
9030	25
9031	25
9032	25
9033	25
9034	25
9035	25
9036	25
9037	25
9038	25
9039	25
9040	25
9041	25
9042	25
9043	25
9044	25
9045	25
9046	25
9047	25
9048	25
9049	25
9050	25
9051	25
9052	25
9053	25
9054	25
9055	25
9056	25
9057	25
9058	25
9059	25
9060	25
9061	25
9062	25
9063	25
9064	25
9065	25
9066	25
9067	25
9068	25
9069	25
9070	25
9071	25
9072	25
9073	25
9074	25
9075	25
9076	25
9077	25
9078	25
9079	25
9080	25
9081	25
9082	25
9083	25
9084	25
9085	25
9086	25
9087	25
9088	25
9089	25
9090	25
9091	25
9092	25
9093	25
9094	25
9095	25
9096	25
9097	25
9098	25
9099	25
9100	25
9101	25
9102	25
9103	25
9104	25
9105	25
9106	25
9107	25
9108	25
9109	25
9110	25
9111	25
9112	25
9113	25
9114	25
9115	25
9116	25
9117	25
9118	25
9119	25
9120	25
9121	25
9122	25
9123	25
9124	25
9125	25
9126	25
9127	25
9128	25
9129	25
9130	25
9131	25
9132	25
9133	25
9134	25
9135	25
9136	25
9137	25
9138	25
9139	25
9140	25
9141	25
9142	25
9143	25
9144	25
9145	25
9146	25
9147	25
9148	25
9149	25
9150	25
9151	25
9152	25
9153	25
9154	25
9155	25
9156	25
9157	25
9158	25
9159	25
9160	25
9161	25
9162	25
9163	25
9164	25
9165	25
9166	25
9167	25
9168	25
9169	25
9170	25
9171	25
9172	25
9173	25
9174	25
9175	25
9176	25
9177	25
9178	25
9179	25
9180	25
9181	25
9182	25
9183	25
9184	25
9185	25
9186	25
9187	25
9188	25
9189	25
9190	25
9191	25
9192	25
9193	25
9194	25
9195	25
9196	25
9197	25
9198	25
9199	25
9200	25
9201	25
9202	25
9203	25
9204	25
9205	25
9206	25
9207	25
9208	25
9209	25
9210	25
9211	25
9212	25
9213	25
9214	25
9215	25
9216	25
9217	25
9218	25
9219	25
9220	25
9221	25
9222	25
9223	25
9224	25
9225	25
9226	25
9227	25
9228	25
9229	25
9230	25
9231	25
9232	25
9233	25
9234	25
9235	25
9236	25
9237	25
9238	25
9239	25
9240	25
9241	25
9242	25
9243	25
9244	25
9245	25
9246	25
9247	25
9248	25
9249	25
9250	25
9251	25
9252	25
9253	25
9254	25
9255	25
9256	25
9257	25
9258	25
9259	25
9260	25
9261	25
9262	25
9263	25
9264	25
9265	25
9266	25
9267	25
9268	25
9269	25
9270	25
9271	25
9272	25
9273	25
9274	25
9275	25
9276	25
9277	25
9278	25
9279	25
9280	25
9281	25
9282	25
9283	25
9284	25
9285	25
9286	25
9287	25
9288	25
9289	25
9290	25
9291	25
9292	25
9293	25
9294	25
9295	25
9296	25
9297	25
9298	25
9299	25
9300	25
9301	25
9302	25
9303	25
9304	25
9305	25
9306	25
9307	25
9308	25
9309	25
9310	25
9311	25
9312	25
9313	25
9314	25
9315	25
9316	25
9317	25
9318	25
9319	25
9320	25
9321	25
9322	25
9323	25
9324	25
9325	25
9326	25
9327	25
9328	25
9329	25
9330	25
9331	25
9332	25
9333	25
9334	25
9335	25
9336	25
9337	25
9338	25
9339	25
9340	25
9341	25
9342	25
9343	25
9344	25
9345	25
9346	25
9347	25
9348	25
9349	25
9350	25
9351	25
9352	25
9353	25
9354	25
9355	25
9356	25
9357	25
9358	25
9359	25
9360	25
9361	25
9362	25
9363	25
9364	25
9365	25
9366	25
9367	25
9368	25
9369	25
9370	25
9371	25
9372	25
9373	25
9374	25
9375	25
9376	25
9377	25
9378	25
9379	25
9380	25
9381	25
9382	25
9383	25
9384	25
9385	25
9386	25
9387	25
9388	25
9389	25
9390	25
9391	25
9392	25
9393	25
9394	25
9395	25
9396	25
9397	25
9398	25
9399	25
9400	25
9401	25
9402	25
9403	25
9404	25
9405	25
9406	25
9407	25
9408	25
9409	25
9410	25
9411	25
9412	25
9413	25
9414	25
9415	25
9416	25
9417	25
9418	25
9419	25
9420	25
9421	25
9422	25
9423	25
9424	25
9425	25
9426	25
9427	25
9428	25
9429	25
9430	25
9431	25
9432	25
9433	25
9434	25
9435	25
9436	25
9437	25
9438	25
9439	25
9440	25
9441	25
9442	25
9443	25
9444	25
9445	25
9446	25
9447	25
9448	25
9449	25
9450	25
9451	25
9452	25
9453	25
9454	25
9455	25
9456	25
9457	25
9458	25
9459	25
9460	25
9461	25
9462	25
9463	25
9464	25
9465	25
9466	25
9467	25
9468	25
9469	25
9470	25
9471	25
9472	25
9473	25
9474	25
9475	25
9476	25
9477	25
9478	25
9479	25
9480	25
9481	25
9482	25
9483	25
9484	25
9485	25
9486	25
9487	25
9488	25
9489	25
9490	25
9491	25
9492	25
9493	25
9494	25
9495	25
9496	25
9497	26
9498	26
9499	26
9500	26
9501	26
9502	26
9503	26
9504	26
9505	26
9506	26
9507	26
9508	26
9509	26
9510	26
9511	26
9512	26
9513	26
9514	26
9515	26
9516	26
9517	26
9518	26
9519	26
9520	26
9521	26
9522	26
9523	26
9524	26
9525	26
9526	26
9527	26
9528	26
9529	26
9530	26
9531	26
9532	26
9533	26
9534	26
9535	26
9536	26
9537	26
9538	26
9539	26
9540	26
9541	26
9542	26
9543	26
9544	26
9545	26
9546	26
9547	26
9548	26
9549	26
9550	26
9551	26
9552	26
9553	26
9554	26
9555	26
9556	26
9557	26
9558	26
9559	26
9560	26
9561	26
9562	26
9563	26
9564	26
9565	26
9566	26
9567	26
9568	26
9569	26
9570	26
9571	26
9572	26
9573	26
9574	26
9575	26
9576	26
9577	26
9578	26
9579	26
9580	26
9581	26
9582	26
9583	26
9584	26
9585	26
9586	26
9587	26
9588	26
9589	26
9590	26
9591	26
9592	26
9593	26
9594	26
9595	26
9596	26
9597	26
9598	26
9599	26
9600	26
9601	26
9602	26
9603	26
9604	26
9605	26
9606	26
9607	26
9608	26
9609	26
9610	26
9611	26
9612	26
9613	26
9614	26
9615	26
9616	26
9617	26
9618	26
9619	26
9620	26
9621	26
9622	26
9623	26
9624	26
9625	26
9626	26
9627	26
9628	26
9629	26
9630	26
9631	26
9632	26
9633	26
9634	26
9635	26
9636	26
9637	26
9638	26
9639	26
9640	26
9641	26
9642	26
9643	26
9644	26
9645	26
9646	26
9647	26
9648	26
9649	26
9650	26
9651	26
9652	26
9653	26
9654	26
9655	26
9656	26
9657	26
9658	26
9659	26
9660	26
9661	26
9662	26
9663	26
9664	26
9665	26
9666	26
9667	26
9668	26
9669	26
9670	26
9671	26
9672	26
9673	26
9674	26
9675	26
9676	26
9677	26
9678	26
9679	26
9680	26
9681	26
9682	26
9683	26
9684	26
9685	26
9686	26
9687	26
9688	26
9689	26
9690	26
9691	26
9692	26
9693	26
9694	26
9695	26
9696	26
9697	26
9698	26
9699	26
9700	26
9701	26
9702	26
9703	26
9704	26
9705	26
9706	26
9707	26
9708	26
9709	26
9710	26
9711	26
9712	26
9713	26
9714	26
9715	26
9716	26
9717	26
9718	26
9719	26
9720	26
9721	26
9722	26
9723	26
9724	26
9725	26
9726	26
9727	26
9728	26
9729	26
9730	26
9731	26
9732	26
9733	26
9734	26
9735	26
9736	26
9737	26
9738	26
9739	26
9740	26
9741	26
9742	26
9743	26
9744	26
9745	26
9746	26
9747	26
9748	26
9749	26
9750	26
9751	26
9752	26
9753	26
9754	26
9755	26
9756	26
9757	26
9758	26
9759	26
9760	26
9761	26
9762	26
9763	26
9764	26
9765	26
9766	26
9767	26
9768	26
9769	27
9770	27
9771	27
9772	27
9773	27
9774	27
9775	27
9776	27
9777	27
9778	27
9779	27
9780	27
9781	27
9782	27
9783	27
9784	27
9785	27
9786	27
9787	27
9788	27
9789	27
9790	27
9791	27
9792	27
9793	27
9794	27
9795	27
9796	27
9797	27
9798	27
9799	27
9800	27
9801	27
9802	27
9803	27
9804	27
9805	27
9806	27
9807	27
9808	27
9809	27
9810	27
9811	27
9812	27
9813	27
9814	27
9815	27
9816	27
9817	27
9818	27
9819	27
9820	28
9821	28
9822	28
9823	28
9824	28
9825	28
9826	28
9827	28
9828	28
9829	28
9830	29
9831	29
9832	29
9833	29
9834	29
9835	29
9836	29
9837	29
9838	29
9839	29
9840	29
9841	29
9842	29
9843	29
9844	29
9845	29
9846	29
9847	29
9848	29
9849	29
9850	29
9851	29
9852	29
9853	29
9854	29
9855	29
9856	29
9857	29
9858	29
9859	29
9860	29
9861	29
9862	29
9863	29
9864	29
9865	29
9866	29
9867	29
9868	29
9869	29
9870	29
9871	29
9872	29
9873	29
9874	29
9875	29
9876	29
9877	29
9878	29
9879	29
9880	29
9881	29
9882	29
9883	29
9884	29
9885	29
9886	29
9887	29
9888	29
9889	29
9890	29
9891	29
9892	29
9893	29
9894	29
9895	29
9896	29
9897	29
9898	29
9899	29
9900	29
9901	29
9902	30
9903	30
9904	30
9905	30
9906	30
9907	30
9908	30
9909	30
9910	30
9911	30
9912	30
9913	30
9914	30
9915	30
9916	30
9917	30
9918	30
9919	30
9920	30
9921	30
9922	30
9923	30
9924	30
9925	30
9926	30
9927	30
9928	30
9929	30
9930	30
9931	30
9932	30
9933	30
9934	30
9935	30
9936	30
9937	30
9938	30
9939	30
9940	30
9941	30
9942	30
9943	30
9944	30
9945	30
9946	30
9947	30
9948	30
9949	30
9950	30
9951	30
9952	30
9953	30
9954	30
9955	30
9956	30
9957	30
9958	30
9959	30
9960	30
9961	30
9962	30
9963	30
9964	30
9965	30
9966	30
9967	30
9968	30
9969	30
9970	30
9971	30
9972	30
9973	30
9974	30
9975	30
9976	30
9977	30
9978	30
9979	30
9980	30
9981	30
9982	30
9983	30
9984	30
9985	30
9986	30
9987	30
9988	30
9989	30
9990	30
9991	30
9992	30
9993	30
9994	30
9995	30
9996	30
9997	30
9998	30
9999	30
10000	30
