#Clock	ItemsCollected
1	0
2	0
3	0
4	0
5	0
6	0
7	0
8	0
9	0
10	0
11	0
12	0
13	0
14	0
15	0
16	0
17	0
18	0
19	0
20	0
21	0
22	0
23	0
24	0
25	0
26	0
27	0
28	0
29	0
30	0
31	0
32	0
33	0
34	0
35	0
36	0
37	0
38	0
39	0
40	0
41	0
42	0
43	0
44	0
45	0
46	0
47	0
48	0
49	0
50	0
51	0
52	0
53	0
54	0
55	0
56	0
57	0
58	0
59	0
60	0
61	0
62	0
63	0
64	0
65	0
66	0
67	0
68	0
69	0
70	0
71	0
72	0
73	0
74	0
75	0
76	0
77	0
78	0
79	0
80	0
81	0
82	0
83	0
84	0
85	0
86	0
87	0
88	0
89	0
90	0
91	0
92	0
93	0
94	0
95	0
96	0
97	0
98	0
99	0
100	0
101	0
102	0
103	0
104	0
105	0
106	0
107	0
108	0
109	0
110	0
111	0
112	0
113	0
114	0
115	0
116	0
117	0
118	0
119	0
120	0
121	0
122	0
123	0
124	0
125	0
126	0
127	0
128	0
129	0
130	0
131	0
132	0
133	0
134	0
135	0
136	0
137	0
138	0
139	0
140	0
141	0
142	0
143	0
144	0
145	0
146	0
147	0
148	0
149	0
150	0
151	0
152	0
153	0
154	0
155	0
156	0
157	0
158	0
159	0
160	0
161	0
162	0
163	0
164	0
165	0
166	0
167	0
168	0
169	0
170	0
171	0
172	0
173	0
174	0
175	0
176	0
177	0
178	0
179	0
180	0
181	0
182	0
183	0
184	0
185	0
186	0
187	0
188	0
189	0
190	0
191	0
192	0
193	0
194	0
195	0
196	0
197	0
198	0
199	0
200	0
201	0
202	0
203	0
204	0
205	0
206	0
207	0
208	0
209	0
210	0
211	0
212	0
213	0
214	0
215	0
216	0
217	0
218	0
219	0
220	0
221	0
222	0
223	0
224	0
225	0
226	0
227	0
228	0
229	0
230	0
231	0
232	0
233	0
234	0
235	0
236	0
237	0
238	0
239	0
240	0
241	0
242	0
243	0
244	0
245	0
246	0
247	0
248	0
249	0
250	0
251	0
252	0
253	0
254	0
255	0
256	0
257	0
258	0
259	0
260	0
261	0
262	0
263	0
264	0
265	0
266	0
267	0
268	0
269	0
270	0
271	0
272	0
273	0
274	0
275	0
276	0
277	0
278	0
279	0
280	0
281	0
282	0
283	0
284	0
285	0
286	0
287	0
288	0
289	0
290	0
291	0
292	0
293	0
294	0
295	0
296	0
297	0
298	0
299	0
300	0
301	0
302	0
303	0
304	0
305	0
306	0
307	0
308	0
309	0
310	0
311	0
312	0
313	0
314	0
315	0
316	0
317	0
318	0
319	0
320	0
321	0
322	0
323	0
324	0
325	0
326	0
327	0
328	0
329	0
330	0
331	0
332	0
333	0
334	0
335	0
336	0
337	0
338	0
339	0
340	0
341	0
342	0
343	0
344	0
345	0
346	0
347	0
348	0
349	0
350	0
351	0
352	0
353	0
354	0
355	0
356	0
357	0
358	0
359	0
360	0
361	0
362	0
363	0
364	0
365	0
366	0
367	0
368	0
369	0
370	0
371	0
372	0
373	0
374	0
375	0
376	0
377	0
378	0
379	0
380	0
381	0
382	0
383	0
384	0
385	0
386	0
387	0
388	0
389	0
390	0
391	0
392	0
393	0
394	0
395	0
396	0
397	0
398	0
399	0
400	0
401	0
402	0
403	0
404	0
405	0
406	0
407	0
408	0
409	0
410	0
411	0
412	0
413	0
414	0
415	0
416	0
417	0
418	0
419	0
420	0
421	0
422	0
423	0
424	0
425	0
426	0
427	0
428	0
429	0
430	0
431	0
432	0
433	0
434	0
435	0
436	0
437	0
438	0
439	0
440	0
441	0
442	0
443	0
444	0
445	0
446	0
447	0
448	0
449	0
450	0
451	0
452	0
453	0
454	0
455	0
456	0
457	0
458	0
459	0
460	0
461	0
462	0
463	0
464	0
465	0
466	0
467	0
468	0
469	0
470	0
471	0
472	0
473	0
474	0
475	0
476	0
477	0
478	0
479	0
480	0
481	0
482	0
483	0
484	0
485	0
486	0
487	0
488	0
489	0
490	0
491	0
492	0
493	0
494	0
495	0
496	0
497	0
498	0
499	0
500	0
501	0
502	0
503	0
504	0
505	0
506	0
507	0
508	0
509	0
510	0
511	0
512	0
513	0
514	0
515	0
516	0
517	0
518	0
519	0
520	0
521	0
522	0
523	0
524	0
525	0
526	0
527	0
528	0
529	0
530	0
531	0
532	0
533	0
534	0
535	0
536	0
537	0
538	0
539	0
540	0
541	0
542	0
543	0
544	0
545	0
546	0
547	0
548	0
549	0
550	0
551	0
552	0
553	0
554	0
555	0
556	0
557	0
558	0
559	0
560	0
561	0
562	0
563	0
564	0
565	0
566	0
567	0
568	0
569	0
570	0
571	0
572	0
573	0
574	0
575	0
576	0
577	0
578	0
579	0
580	0
581	0
582	0
583	0
584	0
585	0
586	0
587	0
588	0
589	0
590	0
591	0
592	0
593	0
594	0
595	0
596	0
597	0
598	0
599	0
600	0
601	0
602	0
603	0
604	0
605	0
606	0
607	0
608	0
609	0
610	0
611	0
612	0
613	0
614	0
615	0
616	0
617	0
618	0
619	0
620	0
621	0
622	0
623	0
624	0
625	0
626	0
627	0
628	0
629	0
630	0
631	0
632	0
633	0
634	0
635	0
636	0
637	0
638	0
639	0
640	0
641	0
642	0
643	0
644	0
645	0
646	0
647	0
648	0
649	0
650	0
651	0
652	0
653	0
654	0
655	0
656	0
657	0
658	0
659	0
660	0
661	0
662	0
663	0
664	0
665	0
666	0
667	0
668	0
669	0
670	0
671	0
672	0
673	0
674	0
675	0
676	0
677	0
678	0
679	0
680	0
681	0
682	0
683	0
684	0
685	0
686	0
687	0
688	0
689	0
690	0
691	0
692	0
693	0
694	0
695	0
696	0
697	0
698	0
699	0
700	0
701	0
702	0
703	0
704	0
705	0
706	0
707	0
708	0
709	0
710	0
711	0
712	0
713	0
714	0
715	0
716	0
717	0
718	0
719	0
720	0
721	0
722	0
723	0
724	0
725	0
726	0
727	0
728	0
729	0
730	0
731	0
732	0
733	0
734	0
735	0
736	0
737	0
738	0
739	0
740	0
741	0
742	0
743	0
744	0
745	0
746	0
747	0
748	0
749	0
750	0
751	0
752	0
753	0
754	0
755	0
756	0
757	0
758	0
759	0
760	0
761	0
762	0
763	0
764	0
765	0
766	0
767	0
768	0
769	0
770	0
771	0
772	0
773	0
774	0
775	0
776	0
777	0
778	0
779	0
780	0
781	0
782	0
783	0
784	0
785	0
786	0
787	0
788	0
789	0
790	0
791	0
792	0
793	0
794	0
795	0
796	0
797	0
798	0
799	0
800	0
801	0
802	0
803	0
804	0
805	0
806	0
807	0
808	0
809	0
810	0
811	0
812	0
813	0
814	0
815	0
816	0
817	0
818	0
819	0
820	0
821	0
822	0
823	0
824	0
825	0
826	0
827	0
828	0
829	0
830	0
831	0
832	0
833	0
834	0
835	0
836	0
837	0
838	0
839	0
840	0
841	0
842	0
843	0
844	0
845	0
846	0
847	0
848	0
849	0
850	0
851	0
852	0
853	0
854	0
855	0
856	0
857	0
858	0
859	0
860	0
861	0
862	0
863	0
864	0
865	0
866	0
867	0
868	0
869	0
870	0
871	0
872	0
873	0
874	0
875	0
876	0
877	0
878	0
879	0
880	0
881	0
882	0
883	0
884	0
885	0
886	0
887	0
888	0
889	0
890	0
891	0
892	0
893	0
894	0
895	0
896	0
897	0
898	0
899	0
900	0
901	0
902	0
903	0
904	0
905	0
906	0
907	0
908	0
909	0
910	0
911	0
912	0
913	0
914	0
915	0
916	0
917	0
918	0
919	0
920	0
921	0
922	0
923	0
924	0
925	0
926	0
927	0
928	0
929	0
930	0
931	0
932	0
933	0
934	0
935	0
936	0
937	0
938	0
939	0
940	0
941	0
942	0
943	0
944	0
945	0
946	0
947	0
948	0
949	0
950	0
951	0
952	0
953	0
954	0
955	0
956	0
957	0
958	0
959	0
960	0
961	0
962	0
963	0
964	0
965	0
966	0
967	0
968	0
969	0
970	0
971	0
972	0
973	0
974	0
975	0
976	0
977	0
978	0
979	0
980	0
981	0
982	0
983	0
984	0
985	0
986	0
987	0
988	0
989	0
990	0
991	0
992	0
993	0
994	0
995	0
996	0
997	0
998	0
999	0
1000	0
1001	0
1002	0
1003	0
1004	0
1005	0
1006	0
1007	0
1008	0
1009	0
1010	0
1011	0
1012	0
1013	0
1014	0
1015	0
1016	0
1017	0
1018	0
1019	0
1020	0
1021	0
1022	0
1023	0
1024	0
1025	0
1026	0
1027	0
1028	0
1029	0
1030	0
1031	0
1032	0
1033	0
1034	0
1035	0
1036	0
1037	0
1038	0
1039	0
1040	0
1041	0
1042	0
1043	0
1044	0
1045	0
1046	0
1047	0
1048	0
1049	0
1050	0
1051	0
1052	0
1053	0
1054	0
1055	0
1056	0
1057	0
1058	0
1059	0
1060	0
1061	0
1062	0
1063	0
1064	0
1065	0
1066	0
1067	0
1068	0
1069	0
1070	0
1071	0
1072	0
1073	0
1074	0
1075	0
1076	0
1077	0
1078	0
1079	0
1080	0
1081	0
1082	0
1083	0
1084	0
1085	0
1086	0
1087	0
1088	0
1089	0
1090	0
1091	0
1092	0
1093	0
1094	0
1095	0
1096	0
1097	0
1098	0
1099	0
1100	0
1101	0
1102	0
1103	0
1104	0
1105	0
1106	0
1107	0
1108	0
1109	0
1110	0
1111	0
1112	0
1113	0
1114	0
1115	0
1116	0
1117	0
1118	0
1119	0
1120	0
1121	0
1122	0
1123	0
1124	0
1125	0
1126	0
1127	0
1128	0
1129	0
1130	0
1131	0
1132	0
1133	0
1134	0
1135	0
1136	0
1137	0
1138	0
1139	0
1140	0
1141	0
1142	0
1143	0
1144	0
1145	0
1146	0
1147	0
1148	0
1149	0
1150	0
1151	0
1152	0
1153	0
1154	0
1155	0
1156	0
1157	0
1158	0
1159	0
1160	0
1161	0
1162	0
1163	0
1164	0
1165	0
1166	0
1167	0
1168	0
1169	0
1170	0
1171	0
1172	0
1173	0
1174	0
1175	0
1176	0
1177	0
1178	0
1179	0
1180	0
1181	0
1182	0
1183	0
1184	0
1185	0
1186	0
1187	0
1188	0
1189	0
1190	0
1191	0
1192	0
1193	0
1194	0
1195	0
1196	0
1197	0
1198	0
1199	0
1200	0
1201	0
1202	0
1203	0
1204	0
1205	0
1206	0
1207	0
1208	0
1209	0
1210	0
1211	0
1212	0
1213	0
1214	0
1215	0
1216	0
1217	0
1218	0
1219	0
1220	0
1221	0
1222	0
1223	0
1224	0
1225	0
1226	0
1227	0
1228	0
1229	0
1230	0
1231	0
1232	0
1233	0
1234	0
1235	0
1236	0
1237	0
1238	0
1239	0
1240	0
1241	0
1242	0
1243	0
1244	0
1245	0
1246	0
1247	0
1248	0
1249	0
1250	0
1251	0
1252	0
1253	0
1254	0
1255	0
1256	0
1257	0
1258	0
1259	0
1260	0
1261	0
1262	0
1263	0
1264	0
1265	0
1266	0
1267	0
1268	0
1269	0
1270	0
1271	0
1272	0
1273	0
1274	0
1275	0
1276	0
1277	0
1278	0
1279	0
1280	0
1281	0
1282	0
1283	0
1284	0
1285	0
1286	0
1287	0
1288	0
1289	0
1290	0
1291	0
1292	0
1293	0
1294	0
1295	0
1296	0
1297	0
1298	0
1299	0
1300	0
1301	0
1302	0
1303	0
1304	0
1305	0
1306	0
1307	0
1308	0
1309	0
1310	0
1311	0
1312	0
1313	0
1314	0
1315	0
1316	0
1317	0
1318	0
1319	0
1320	0
1321	0
1322	0
1323	0
1324	0
1325	0
1326	0
1327	0
1328	0
1329	0
1330	0
1331	0
1332	0
1333	0
1334	0
1335	0
1336	0
1337	0
1338	0
1339	0
1340	0
1341	0
1342	0
1343	0
1344	0
1345	0
1346	0
1347	0
1348	0
1349	0
1350	0
1351	0
1352	0
1353	0
1354	0
1355	0
1356	0
1357	0
1358	0
1359	0
1360	0
1361	0
1362	0
1363	0
1364	0
1365	0
1366	0
1367	0
1368	0
1369	0
1370	0
1371	0
1372	0
1373	0
1374	0
1375	0
1376	0
1377	0
1378	0
1379	0
1380	0
1381	0
1382	0
1383	0
1384	0
1385	0
1386	0
1387	0
1388	0
1389	0
1390	0
1391	0
1392	0
1393	0
1394	0
1395	0
1396	0
1397	0
1398	0
1399	0
1400	0
1401	0
1402	0
1403	0
1404	0
1405	0
1406	0
1407	0
1408	0
1409	0
1410	0
1411	0
1412	0
1413	0
1414	0
1415	0
1416	0
1417	0
1418	0
1419	0
1420	0
1421	0
1422	0
1423	0
1424	0
1425	0
1426	0
1427	0
1428	0
1429	0
1430	0
1431	0
1432	0
1433	0
1434	0
1435	0
1436	0
1437	0
1438	0
1439	0
1440	0
1441	0
1442	0
1443	0
1444	0
1445	0
1446	0
1447	0
1448	0
1449	0
1450	0
1451	0
1452	0
1453	0
1454	0
1455	0
1456	0
1457	0
1458	0
1459	0
1460	0
1461	0
1462	0
1463	0
1464	0
1465	0
1466	0
1467	0
1468	0
1469	0
1470	0
1471	0
1472	0
1473	0
1474	0
1475	0
1476	0
1477	0
1478	0
1479	0
1480	0
1481	0
1482	0
1483	0
1484	0
1485	0
1486	0
1487	0
1488	0
1489	0
1490	0
1491	0
1492	0
1493	0
1494	0
1495	0
1496	0
1497	0
1498	0
1499	0
1500	0
1501	0
1502	0
1503	0
1504	0
1505	0
1506	0
1507	0
1508	0
1509	0
1510	0
1511	0
1512	0
1513	0
1514	0
1515	0
1516	0
1517	0
1518	0
1519	0
1520	0
1521	0
1522	0
1523	0
1524	0
1525	0
1526	0
1527	0
1528	0
1529	0
1530	0
1531	0
1532	0
1533	0
1534	0
1535	0
1536	0
1537	0
1538	0
1539	0
1540	0
1541	0
1542	0
1543	0
1544	0
1545	0
1546	0
1547	0
1548	0
1549	0
1550	0
1551	0
1552	0
1553	0
1554	0
1555	0
1556	0
1557	0
1558	0
1559	0
1560	0
1561	0
1562	0
1563	0
1564	0
1565	0
1566	0
1567	0
1568	0
1569	0
1570	0
1571	0
1572	0
1573	0
1574	0
1575	0
1576	0
1577	0
1578	0
1579	0
1580	0
1581	0
1582	0
1583	0
1584	0
1585	0
1586	0
1587	0
1588	0
1589	0
1590	0
1591	0
1592	0
1593	0
1594	0
1595	0
1596	0
1597	0
1598	0
1599	0
1600	0
1601	0
1602	0
1603	0
1604	0
1605	0
1606	0
1607	0
1608	0
1609	0
1610	0
1611	0
1612	0
1613	0
1614	0
1615	0
1616	0
1617	0
1618	0
1619	0
1620	0
1621	0
1622	0
1623	0
1624	0
1625	0
1626	0
1627	0
1628	0
1629	0
1630	0
1631	0
1632	0
1633	0
1634	0
1635	0
1636	0
1637	0
1638	0
1639	0
1640	0
1641	0
1642	0
1643	0
1644	0
1645	0
1646	0
1647	0
1648	0
1649	0
1650	0
1651	0
1652	0
1653	0
1654	0
1655	0
1656	0
1657	0
1658	0
1659	0
1660	0
1661	0
1662	0
1663	0
1664	0
1665	0
1666	0
1667	0
1668	0
1669	0
1670	0
1671	0
1672	0
1673	0
1674	0
1675	0
1676	0
1677	0
1678	0
1679	0
1680	0
1681	0
1682	0
1683	0
1684	0
1685	0
1686	0
1687	0
1688	0
1689	0
1690	0
1691	0
1692	0
1693	0
1694	0
1695	0
1696	0
1697	0
1698	0
1699	0
1700	0
1701	0
1702	0
1703	0
1704	0
1705	0
1706	0
1707	0
1708	0
1709	0
1710	0
1711	0
1712	0
1713	0
1714	0
1715	0
1716	0
1717	0
1718	0
1719	0
1720	0
1721	0
1722	0
1723	0
1724	0
1725	0
1726	0
1727	0
1728	0
1729	0
1730	0
1731	0
1732	0
1733	0
1734	0
1735	0
1736	0
1737	0
1738	0
1739	0
1740	0
1741	0
1742	0
1743	0
1744	0
1745	0
1746	0
1747	0
1748	0
1749	0
1750	0
1751	0
1752	0
1753	0
1754	0
1755	0
1756	0
1757	0
1758	0
1759	0
1760	0
1761	0
1762	0
1763	0
1764	0
1765	0
1766	0
1767	0
1768	0
1769	0
1770	0
1771	0
1772	0
1773	0
1774	0
1775	0
1776	0
1777	0
1778	0
1779	0
1780	0
1781	0
1782	0
1783	0
1784	0
1785	0
1786	0
1787	0
1788	0
1789	0
1790	0
1791	0
1792	0
1793	0
1794	0
1795	0
1796	0
1797	0
1798	0
1799	0
1800	0
1801	0
1802	0
1803	0
1804	0
1805	0
1806	0
1807	0
1808	0
1809	0
1810	0
1811	0
1812	0
1813	0
1814	0
1815	0
1816	0
1817	0
1818	0
1819	0
1820	0
1821	0
1822	0
1823	0
1824	0
1825	0
1826	0
1827	0
1828	0
1829	0
1830	0
1831	0
1832	0
1833	0
1834	0
1835	0
1836	0
1837	0
1838	0
1839	0
1840	0
1841	0
1842	0
1843	0
1844	0
1845	0
1846	0
1847	0
1848	0
1849	0
1850	0
1851	0
1852	0
1853	0
1854	0
1855	0
1856	0
1857	0
1858	0
1859	0
1860	0
1861	0
1862	0
1863	0
1864	0
1865	0
1866	0
1867	0
1868	0
1869	0
1870	0
1871	0
1872	0
1873	0
1874	0
1875	0
1876	0
1877	0
1878	0
1879	0
1880	0
1881	0
1882	0
1883	0
1884	0
1885	0
1886	0
1887	0
1888	0
1889	0
1890	0
1891	0
1892	0
1893	0
1894	0
1895	0
1896	0
1897	0
1898	0
1899	0
1900	0
1901	0
1902	0
1903	0
1904	0
1905	0
1906	0
1907	0
1908	0
1909	0
1910	0
1911	0
1912	0
1913	0
1914	0
1915	0
1916	0
1917	0
1918	0
1919	0
1920	0
1921	0
1922	0
1923	0
1924	0
1925	0
1926	0
1927	0
1928	0
1929	0
1930	0
1931	0
1932	0
1933	0
1934	0
1935	0
1936	0
1937	0
1938	0
1939	0
1940	0
1941	0
1942	0
1943	0
1944	0
1945	0
1946	0
1947	0
1948	0
1949	0
1950	0
1951	0
1952	0
1953	0
1954	0
1955	0
1956	0
1957	0
1958	0
1959	0
1960	0
1961	0
1962	0
1963	0
1964	0
1965	0
1966	0
1967	0
1968	0
1969	0
1970	0
1971	0
1972	0
1973	0
1974	0
1975	0
1976	0
1977	0
1978	0
1979	0
1980	0
1981	0
1982	0
1983	0
1984	0
1985	0
1986	0
1987	0
1988	0
1989	0
1990	0
1991	0
1992	0
1993	0
1994	0
1995	0
1996	0
1997	0
1998	0
1999	0
2000	0
2001	0
2002	0
2003	0
2004	0
2005	0
2006	0
2007	0
2008	0
2009	0
2010	0
2011	0
2012	0
2013	0
2014	0
2015	0
2016	0
2017	0
2018	0
2019	0
2020	0
2021	0
2022	0
2023	0
2024	0
2025	0
2026	0
2027	0
2028	0
2029	0
2030	0
2031	0
2032	0
2033	0
2034	0
2035	0
2036	0
2037	0
2038	0
2039	0
2040	0
2041	0
2042	0
2043	0
2044	0
2045	0
2046	0
2047	0
2048	0
2049	0
2050	0
2051	0
2052	0
2053	0
2054	0
2055	0
2056	0
2057	0
2058	0
2059	0
2060	0
2061	0
2062	0
2063	0
2064	0
2065	0
2066	0
2067	0
2068	0
2069	0
2070	0
2071	0
2072	0
2073	0
2074	0
2075	0
2076	0
2077	0
2078	0
2079	0
2080	0
2081	0
2082	0
2083	0
2084	0
2085	0
2086	0
2087	0
2088	0
2089	0
2090	0
2091	0
2092	0
2093	0
2094	0
2095	0
2096	0
2097	0
2098	0
2099	0
2100	0
2101	0
2102	0
2103	0
2104	0
2105	0
2106	0
2107	0
2108	0
2109	0
2110	0
2111	0
2112	0
2113	0
2114	0
2115	0
2116	0
2117	0
2118	0
2119	0
2120	0
2121	0
2122	0
2123	0
2124	0
2125	0
2126	0
2127	0
2128	0
2129	0
2130	0
2131	0
2132	0
2133	0
2134	0
2135	0
2136	0
2137	0
2138	0
2139	0
2140	0
2141	0
2142	0
2143	0
2144	0
2145	0
2146	0
2147	0
2148	0
2149	0
2150	0
2151	0
2152	0
2153	0
2154	0
2155	0
2156	0
2157	0
2158	0
2159	0
2160	0
2161	0
2162	0
2163	0
2164	0
2165	0
2166	0
2167	0
2168	0
2169	0
2170	0
2171	0
2172	0
2173	0
2174	0
2175	0
2176	0
2177	0
2178	0
2179	0
2180	0
2181	0
2182	0
2183	0
2184	0
2185	0
2186	0
2187	0
2188	0
2189	0
2190	0
2191	0
2192	0
2193	0
2194	0
2195	0
2196	0
2197	0
2198	0
2199	0
2200	0
2201	0
2202	0
2203	0
2204	0
2205	0
2206	0
2207	0
2208	0
2209	0
2210	0
2211	0
2212	0
2213	0
2214	0
2215	0
2216	0
2217	0
2218	0
2219	0
2220	0
2221	0
2222	0
2223	0
2224	0
2225	0
2226	0
2227	0
2228	0
2229	0
2230	0
2231	0
2232	0
2233	0
2234	0
2235	0
2236	0
2237	0
2238	0
2239	0
2240	0
2241	0
2242	0
2243	0
2244	0
2245	0
2246	0
2247	0
2248	0
2249	0
2250	0
2251	0
2252	0
2253	0
2254	0
2255	0
2256	0
2257	0
2258	0
2259	0
2260	0
2261	0
2262	0
2263	0
2264	0
2265	0
2266	0
2267	0
2268	0
2269	0
2270	0
2271	0
2272	0
2273	0
2274	0
2275	0
2276	0
2277	0
2278	0
2279	0
2280	0
2281	0
2282	0
2283	0
2284	0
2285	0
2286	0
2287	0
2288	0
2289	0
2290	0
2291	0
2292	0
2293	0
2294	0
2295	0
2296	0
2297	0
2298	0
2299	0
2300	0
2301	0
2302	0
2303	0
2304	0
2305	0
2306	0
2307	0
2308	0
2309	0
2310	0
2311	0
2312	0
2313	0
2314	0
2315	0
2316	0
2317	0
2318	0
2319	0
2320	0
2321	0
2322	0
2323	0
2324	0
2325	0
2326	0
2327	0
2328	0
2329	0
2330	0
2331	0
2332	0
2333	0
2334	0
2335	0
2336	0
2337	0
2338	0
2339	0
2340	0
2341	0
2342	0
2343	0
2344	0
2345	0
2346	0
2347	0
2348	0
2349	0
2350	0
2351	0
2352	0
2353	0
2354	0
2355	0
2356	0
2357	0
2358	0
2359	0
2360	0
2361	0
2362	0
2363	0
2364	0
2365	0
2366	0
2367	0
2368	0
2369	0
2370	0
2371	0
2372	0
2373	0
2374	0
2375	0
2376	0
2377	0
2378	0
2379	0
2380	0
2381	0
2382	0
2383	0
2384	0
2385	0
2386	0
2387	0
2388	0
2389	0
2390	0
2391	0
2392	0
2393	0
2394	0
2395	0
2396	0
2397	0
2398	0
2399	0
2400	0
2401	0
2402	0
2403	0
2404	0
2405	0
2406	0
2407	0
2408	0
2409	0
2410	0
2411	0
2412	0
2413	0
2414	0
2415	0
2416	0
2417	0
2418	0
2419	0
2420	0
2421	0
2422	0
2423	0
2424	0
2425	0
2426	0
2427	0
2428	0
2429	0
2430	0
2431	0
2432	0
2433	0
2434	0
2435	0
2436	0
2437	0
2438	0
2439	0
2440	0
2441	0
2442	0
2443	0
2444	0
2445	0
2446	0
2447	0
2448	0
2449	0
2450	0
2451	0
2452	0
2453	0
2454	0
2455	0
2456	0
2457	0
2458	0
2459	0
2460	0
2461	0
2462	0
2463	0
2464	0
2465	0
2466	0
2467	0
2468	0
2469	0
2470	0
2471	0
2472	0
2473	0
2474	0
2475	0
2476	0
2477	0
2478	0
2479	0
2480	0
2481	0
2482	0
2483	0
2484	0
2485	0
2486	0
2487	0
2488	0
2489	0
2490	0
2491	0
2492	0
2493	0
2494	0
2495	0
2496	0
2497	0
2498	0
2499	0
2500	0
2501	0
2502	0
2503	0
2504	0
2505	0
2506	0
2507	0
2508	0
2509	0
2510	0
2511	0
2512	0
2513	0
2514	0
2515	0
2516	0
2517	0
2518	0
2519	0
2520	0
2521	0
2522	0
2523	0
2524	0
2525	0
2526	0
2527	0
2528	0
2529	0
2530	0
2531	0
2532	0
2533	0
2534	0
2535	0
2536	0
2537	0
2538	0
2539	0
2540	0
2541	0
2542	0
2543	0
2544	0
2545	0
2546	0
2547	0
2548	0
2549	0
2550	0
2551	0
2552	0
2553	0
2554	0
2555	0
2556	0
2557	0
2558	0
2559	0
2560	0
2561	0
2562	0
2563	0
2564	0
2565	0
2566	0
2567	0
2568	0
2569	0
2570	0
2571	0
2572	0
2573	0
2574	0
2575	0
2576	0
2577	0
2578	0
2579	0
2580	0
2581	0
2582	0
2583	0
2584	0
2585	0
2586	0
2587	0
2588	0
2589	0
2590	0
2591	0
2592	0
2593	0
2594	0
2595	0
2596	0
2597	0
2598	0
2599	0
2600	0
2601	0
2602	0
2603	0
2604	0
2605	0
2606	0
2607	0
2608	0
2609	0
2610	0
2611	0
2612	0
2613	0
2614	0
2615	0
2616	0
2617	0
2618	0
2619	0
2620	0
2621	0
2622	0
2623	0
2624	0
2625	0
2626	0
2627	0
2628	0
2629	0
2630	0
2631	0
2632	0
2633	0
2634	0
2635	0
2636	0
2637	0
2638	0
2639	0
2640	0
2641	0
2642	0
2643	0
2644	0
2645	0
2646	0
2647	0
2648	0
2649	0
2650	0
2651	0
2652	0
2653	0
2654	0
2655	0
2656	0
2657	0
2658	0
2659	0
2660	0
2661	0
2662	0
2663	0
2664	0
2665	0
2666	0
2667	0
2668	0
2669	0
2670	0
2671	0
2672	0
2673	0
2674	0
2675	0
2676	0
2677	0
2678	0
2679	0
2680	0
2681	0
2682	0
2683	0
2684	0
2685	0
2686	0
2687	0
2688	0
2689	0
2690	0
2691	0
2692	0
2693	0
2694	0
2695	0
2696	0
2697	0
2698	0
2699	0
2700	0
2701	0
2702	0
2703	0
2704	0
2705	0
2706	0
2707	0
2708	0
2709	0
2710	0
2711	0
2712	0
2713	0
2714	0
2715	0
2716	0
2717	0
2718	0
2719	0
2720	0
2721	0
2722	0
2723	0
2724	0
2725	0
2726	0
2727	0
2728	0
2729	0
2730	0
2731	0
2732	0
2733	0
2734	0
2735	0
2736	0
2737	0
2738	0
2739	0
2740	0
2741	0
2742	0
2743	0
2744	0
2745	0
2746	0
2747	0
2748	0
2749	0
2750	0
2751	0
2752	0
2753	0
2754	0
2755	0
2756	0
2757	0
2758	0
2759	0
2760	0
2761	0
2762	0
2763	0
2764	0
2765	0
2766	0
2767	0
2768	0
2769	0
2770	0
2771	0
2772	0
2773	0
2774	0
2775	0
2776	0
2777	0
2778	0
2779	0
2780	0
2781	0
2782	0
2783	0
2784	0
2785	0
2786	0
2787	0
2788	0
2789	0
2790	0
2791	0
2792	0
2793	0
2794	0
2795	0
2796	0
2797	0
2798	0
2799	0
2800	0
2801	0
2802	0
2803	0
2804	0
2805	0
2806	0
2807	0
2808	0
2809	0
2810	0
2811	0
2812	0
2813	0
2814	0
2815	0
2816	0
2817	0
2818	0
2819	0
2820	0
2821	0
2822	0
2823	0
2824	0
2825	0
2826	0
2827	0
2828	0
2829	0
2830	0
2831	0
2832	0
2833	0
2834	0
2835	0
2836	0
2837	0
2838	0
2839	0
2840	0
2841	0
2842	0
2843	0
2844	0
2845	0
2846	0
2847	0
2848	0
2849	0
2850	0
2851	0
2852	0
2853	0
2854	0
2855	0
2856	0
2857	0
2858	0
2859	0
2860	0
2861	0
2862	0
2863	0
2864	0
2865	0
2866	0
2867	0
2868	0
2869	0
2870	0
2871	0
2872	0
2873	0
2874	0
2875	0
2876	0
2877	0
2878	0
2879	0
2880	0
2881	0
2882	0
2883	0
2884	0
2885	0
2886	0
2887	0
2888	0
2889	0
2890	0
2891	0
2892	0
2893	0
2894	0
2895	0
2896	0
2897	0
2898	0
2899	0
2900	0
2901	0
2902	0
2903	0
2904	0
2905	0
2906	0
2907	0
2908	0
2909	0
2910	0
2911	0
2912	0
2913	0
2914	0
2915	0
2916	0
2917	0
2918	0
2919	0
2920	0
2921	0
2922	0
2923	0
2924	0
2925	0
2926	0
2927	0
2928	0
2929	0
2930	0
2931	0
2932	0
2933	0
2934	0
2935	0
2936	0
2937	0
2938	0
2939	0
2940	0
2941	0
2942	0
2943	0
2944	0
2945	0
2946	0
2947	0
2948	0
2949	0
2950	0
2951	0
2952	0
2953	0
2954	0
2955	0
2956	0
2957	0
2958	0
2959	0
2960	0
2961	0
2962	0
2963	0
2964	0
2965	0
2966	0
2967	0
2968	0
2969	0
2970	0
2971	0
2972	0
2973	0
2974	0
2975	0
2976	0
2977	0
2978	0
2979	0
2980	0
2981	0
2982	0
2983	0
2984	0
2985	0
2986	0
2987	0
2988	0
2989	0
2990	0
2991	0
2992	0
2993	0
2994	0
2995	0
2996	0
2997	0
2998	0
2999	0
3000	0
3001	0
3002	0
3003	0
3004	0
3005	0
3006	0
3007	0
3008	0
3009	0
3010	0
3011	0
3012	0
3013	0
3014	0
3015	0
3016	0
3017	0
3018	0
3019	0
3020	0
3021	0
3022	0
3023	0
3024	0
3025	0
3026	0
3027	0
3028	0
3029	0
3030	0
3031	0
3032	0
3033	0
3034	0
3035	0
3036	0
3037	0
3038	0
3039	0
3040	0
3041	0
3042	0
3043	0
3044	0
3045	0
3046	0
3047	0
3048	0
3049	0
3050	0
3051	0
3052	0
3053	0
3054	0
3055	0
3056	0
3057	0
3058	0
3059	0
3060	0
3061	0
3062	0
3063	0
3064	0
3065	0
3066	0
3067	0
3068	0
3069	0
3070	0
3071	0
3072	0
3073	0
3074	0
3075	0
3076	0
3077	0
3078	0
3079	0
3080	0
3081	0
3082	0
3083	0
3084	0
3085	0
3086	0
3087	0
3088	0
3089	0
3090	0
3091	0
3092	0
3093	0
3094	0
3095	0
3096	0
3097	0
3098	0
3099	0
3100	0
3101	0
3102	0
3103	0
3104	0
3105	0
3106	0
3107	0
3108	0
3109	0
3110	0
3111	0
3112	0
3113	0
3114	0
3115	0
3116	0
3117	0
3118	0
3119	0
3120	0
3121	0
3122	0
3123	0
3124	0
3125	0
3126	0
3127	0
3128	0
3129	0
3130	0
3131	0
3132	0
3133	0
3134	0
3135	0
3136	0
3137	0
3138	0
3139	0
3140	0
3141	0
3142	0
3143	0
3144	0
3145	0
3146	0
3147	0
3148	0
3149	0
3150	0
3151	0
3152	0
3153	0
3154	0
3155	0
3156	0
3157	0
3158	0
3159	0
3160	0
3161	0
3162	0
3163	0
3164	0
3165	0
3166	0
3167	0
3168	0
3169	0
3170	0
3171	0
3172	0
3173	0
3174	0
3175	0
3176	0
3177	0
3178	0
3179	0
3180	0
3181	0
3182	0
3183	0
3184	0
3185	0
3186	0
3187	0
3188	0
3189	0
3190	0
3191	0
3192	0
3193	0
3194	0
3195	0
3196	0
3197	0
3198	0
3199	0
3200	0
3201	0
3202	0
3203	0
3204	0
3205	0
3206	0
3207	0
3208	0
3209	0
3210	0
3211	0
3212	0
3213	0
3214	0
3215	0
3216	0
3217	0
3218	0
3219	0
3220	0
3221	0
3222	0
3223	0
3224	0
3225	0
3226	0
3227	0
3228	1
3229	1
3230	1
3231	1
3232	1
3233	1
3234	1
3235	1
3236	1
3237	1
3238	1
3239	1
3240	1
3241	1
3242	1
3243	1
3244	1
3245	1
3246	1
3247	1
3248	1
3249	1
3250	1
3251	1
3252	1
3253	1
3254	1
3255	1
3256	1
3257	1
3258	1
3259	1
3260	1
3261	1
3262	1
3263	1
3264	1
3265	1
3266	1
3267	1
3268	1
3269	1
3270	1
3271	1
3272	1
3273	1
3274	1
3275	1
3276	1
3277	1
3278	1
3279	1
3280	1
3281	1
3282	1
3283	1
3284	1
3285	1
3286	1
3287	1
3288	1
3289	1
3290	1
3291	1
3292	1
3293	1
3294	1
3295	1
3296	1
3297	1
3298	1
3299	1
3300	1
3301	1
3302	1
3303	1
3304	1
3305	1
3306	1
3307	1
3308	1
3309	1
3310	1
3311	1
3312	1
3313	1
3314	1
3315	1
3316	1
3317	1
3318	1
3319	1
3320	1
3321	1
3322	1
3323	1
3324	1
3325	1
3326	1
3327	1
3328	1
3329	1
3330	1
3331	1
3332	1
3333	1
3334	1
3335	1
3336	1
3337	1
3338	1
3339	1
3340	1
3341	1
3342	1
3343	1
3344	1
3345	1
3346	1
3347	1
3348	1
3349	1
3350	1
3351	1
3352	1
3353	1
3354	1
3355	1
3356	1
3357	1
3358	1
3359	1
3360	1
3361	1
3362	1
3363	1
3364	1
3365	1
3366	1
3367	1
3368	1
3369	1
3370	1
3371	1
3372	1
3373	1
3374	1
3375	1
3376	1
3377	1
3378	1
3379	1
3380	1
3381	1
3382	1
3383	1
3384	1
3385	1
3386	1
3387	1
3388	1
3389	1
3390	1
3391	1
3392	1
3393	1
3394	1
3395	1
3396	1
3397	1
3398	1
3399	1
3400	1
3401	1
3402	1
3403	1
3404	1
3405	1
3406	1
3407	1
3408	1
3409	1
3410	1
3411	1
3412	1
3413	1
3414	1
3415	1
3416	1
3417	1
3418	1
3419	1
3420	1
3421	1
3422	1
3423	1
3424	1
3425	1
3426	1
3427	1
3428	1
3429	1
3430	1
3431	1
3432	1
3433	1
3434	1
3435	1
3436	1
3437	1
3438	1
3439	1
3440	1
3441	1
3442	1
3443	1
3444	1
3445	1
3446	1
3447	1
3448	1
3449	1
3450	1
3451	1
3452	1
3453	1
3454	1
3455	1
3456	1
3457	1
3458	1
3459	1
3460	1
3461	1
3462	1
3463	1
3464	1
3465	1
3466	1
3467	1
3468	1
3469	1
3470	1
3471	1
3472	1
3473	1
3474	1
3475	1
3476	1
3477	1
3478	1
3479	1
3480	1
3481	1
3482	1
3483	1
3484	1
3485	1
3486	1
3487	1
3488	1
3489	1
3490	1
3491	1
3492	1
3493	1
3494	1
3495	1
3496	1
3497	1
3498	1
3499	1
3500	1
3501	1
3502	1
3503	1
3504	1
3505	1
3506	1
3507	1
3508	1
3509	1
3510	1
3511	1
3512	1
3513	1
3514	1
3515	1
3516	1
3517	1
3518	1
3519	1
3520	1
3521	1
3522	1
3523	1
3524	1
3525	1
3526	1
3527	1
3528	1
3529	1
3530	1
3531	1
3532	1
3533	1
3534	1
3535	1
3536	1
3537	1
3538	1
3539	1
3540	1
3541	1
3542	1
3543	1
3544	1
3545	1
3546	1
3547	1
3548	1
3549	1
3550	1
3551	1
3552	1
3553	1
3554	1
3555	1
3556	1
3557	1
3558	1
3559	1
3560	1
3561	1
3562	1
3563	1
3564	1
3565	1
3566	1
3567	1
3568	1
3569	1
3570	1
3571	1
3572	1
3573	1
3574	1
3575	1
3576	1
3577	1
3578	1
3579	1
3580	1
3581	1
3582	1
3583	1
3584	1
3585	1
3586	1
3587	1
3588	1
3589	1
3590	1
3591	1
3592	1
3593	1
3594	1
3595	1
3596	1
3597	1
3598	1
3599	1
3600	1
3601	1
3602	1
3603	1
3604	1
3605	1
3606	1
3607	1
3608	1
3609	1
3610	1
3611	1
3612	1
3613	1
3614	1
3615	1
3616	1
3617	1
3618	1
3619	1
3620	1
3621	1
3622	1
3623	1
3624	1
3625	1
3626	1
3627	1
3628	1
3629	1
3630	1
3631	1
3632	1
3633	1
3634	1
3635	1
3636	1
3637	1
3638	1
3639	1
3640	1
3641	1
3642	1
3643	1
3644	1
3645	1
3646	1
3647	1
3648	1
3649	1
3650	1
3651	1
3652	1
3653	1
3654	1
3655	1
3656	1
3657	1
3658	1
3659	1
3660	1
3661	1
3662	1
3663	1
3664	1
3665	1
3666	1
3667	1
3668	1
3669	1
3670	1
3671	1
3672	1
3673	1
3674	1
3675	1
3676	1
3677	1
3678	1
3679	1
3680	1
3681	1
3682	1
3683	1
3684	1
3685	1
3686	1
3687	1
3688	1
3689	1
3690	1
3691	1
3692	1
3693	1
3694	1
3695	1
3696	1
3697	1
3698	1
3699	1
3700	1
3701	1
3702	1
3703	1
3704	1
3705	1
3706	1
3707	1
3708	1
3709	1
3710	1
3711	1
3712	1
3713	1
3714	1
3715	1
3716	1
3717	1
3718	1
3719	1
3720	1
3721	1
3722	1
3723	1
3724	1
3725	1
3726	1
3727	1
3728	1
3729	1
3730	1
3731	1
3732	1
3733	1
3734	1
3735	1
3736	1
3737	1
3738	1
3739	1
3740	1
3741	1
3742	1
3743	1
3744	1
3745	1
3746	1
3747	1
3748	1
3749	1
3750	1
3751	1
3752	1
3753	1
3754	1
3755	1
3756	1
3757	1
3758	1
3759	1
3760	1
3761	1
3762	1
3763	1
3764	1
3765	1
3766	1
3767	1
3768	1
3769	1
3770	1
3771	1
3772	1
3773	1
3774	1
3775	1
3776	1
3777	1
3778	1
3779	1
3780	1
3781	1
3782	1
3783	1
3784	1
3785	1
3786	1
3787	1
3788	1
3789	1
3790	1
3791	1
3792	1
3793	1
3794	1
3795	1
3796	1
3797	1
3798	1
3799	1
3800	1
3801	1
3802	1
3803	1
3804	1
3805	1
3806	1
3807	1
3808	1
3809	1
3810	1
3811	1
3812	1
3813	1
3814	1
3815	1
3816	1
3817	1
3818	1
3819	1
3820	1
3821	1
3822	1
3823	1
3824	1
3825	1
3826	1
3827	1
3828	1
3829	1
3830	1
3831	1
3832	1
3833	1
3834	1
3835	1
3836	1
3837	1
3838	1
3839	1
3840	1
3841	1
3842	1
3843	1
3844	1
3845	1
3846	1
3847	1
3848	1
3849	1
3850	1
3851	1
3852	1
3853	1
3854	1
3855	1
3856	1
3857	1
3858	1
3859	1
3860	1
3861	1
3862	1
3863	1
3864	1
3865	1
3866	1
3867	1
3868	1
3869	1
3870	1
3871	1
3872	1
3873	1
3874	1
3875	1
3876	1
3877	1
3878	1
3879	1
3880	1
3881	1
3882	1
3883	1
3884	1
3885	1
3886	1
3887	1
3888	1
3889	1
3890	1
3891	1
3892	1
3893	1
3894	1
3895	1
3896	1
3897	1
3898	1
3899	1
3900	1
3901	1
3902	1
3903	1
3904	1
3905	1
3906	1
3907	1
3908	1
3909	1
3910	1
3911	1
3912	1
3913	1
3914	1
3915	1
3916	1
3917	1
3918	1
3919	1
3920	1
3921	1
3922	1
3923	1
3924	1
3925	1
3926	1
3927	1
3928	1
3929	1
3930	1
3931	1
3932	1
3933	1
3934	1
3935	1
3936	1
3937	1
3938	1
3939	1
3940	1
3941	1
3942	1
3943	1
3944	1
3945	1
3946	1
3947	1
3948	1
3949	1
3950	1
3951	1
3952	1
3953	1
3954	1
3955	1
3956	1
3957	1
3958	1
3959	1
3960	1
3961	1
3962	1
3963	1
3964	1
3965	1
3966	1
3967	1
3968	1
3969	1
3970	1
3971	1
3972	1
3973	1
3974	1
3975	1
3976	1
3977	1
3978	1
3979	1
3980	1
3981	1
3982	1
3983	1
3984	1
3985	1
3986	1
3987	1
3988	1
3989	1
3990	1
3991	1
3992	1
3993	1
3994	1
3995	1
3996	1
3997	1
3998	1
3999	1
4000	1
4001	1
4002	1
4003	1
4004	1
4005	1
4006	1
4007	1
4008	1
4009	1
4010	1
4011	1
4012	1
4013	1
4014	1
4015	1
4016	1
4017	1
4018	1
4019	1
4020	1
4021	1
4022	1
4023	1
4024	1
4025	1
4026	1
4027	1
4028	1
4029	1
4030	1
4031	1
4032	1
4033	1
4034	1
4035	1
4036	1
4037	1
4038	1
4039	1
4040	1
4041	1
4042	1
4043	1
4044	1
4045	1
4046	1
4047	1
4048	1
4049	1
4050	1
4051	1
4052	1
4053	1
4054	1
4055	1
4056	1
4057	1
4058	1
4059	1
4060	1
4061	1
4062	1
4063	1
4064	1
4065	1
4066	1
4067	1
4068	1
4069	1
4070	1
4071	1
4072	1
4073	1
4074	1
4075	1
4076	1
4077	1
4078	1
4079	1
4080	1
4081	1
4082	1
4083	1
4084	1
4085	1
4086	1
4087	1
4088	1
4089	1
4090	1
4091	1
4092	1
4093	1
4094	1
4095	1
4096	1
4097	1
4098	1
4099	1
4100	1
4101	1
4102	1
4103	1
4104	1
4105	1
4106	1
4107	1
4108	1
4109	1
4110	1
4111	1
4112	1
4113	1
4114	1
4115	1
4116	1
4117	1
4118	1
4119	1
4120	1
4121	1
4122	1
4123	1
4124	1
4125	1
4126	1
4127	1
4128	1
4129	1
4130	1
4131	1
4132	1
4133	1
4134	1
4135	1
4136	1
4137	1
4138	1
4139	1
4140	1
4141	1
4142	1
4143	1
4144	1
4145	1
4146	1
4147	1
4148	1
4149	1
4150	1
4151	1
4152	1
4153	1
4154	1
4155	1
4156	1
4157	1
4158	1
4159	1
4160	1
4161	1
4162	1
4163	1
4164	1
4165	1
4166	1
4167	1
4168	1
4169	1
4170	1
4171	1
4172	1
4173	1
4174	1
4175	1
4176	1
4177	1
4178	1
4179	1
4180	1
4181	1
4182	1
4183	1
4184	1
4185	1
4186	1
4187	1
4188	1
4189	1
4190	1
4191	1
4192	1
4193	1
4194	1
4195	1
4196	1
4197	1
4198	1
4199	1
4200	1
4201	1
4202	1
4203	1
4204	1
4205	1
4206	1
4207	1
4208	1
4209	1
4210	1
4211	1
4212	1
4213	1
4214	1
4215	1
4216	1
4217	1
4218	1
4219	1
4220	1
4221	1
4222	1
4223	1
4224	1
4225	1
4226	1
4227	1
4228	1
4229	1
4230	1
4231	1
4232	1
4233	1
4234	1
4235	1
4236	1
4237	1
4238	1
4239	1
4240	1
4241	1
4242	1
4243	1
4244	1
4245	1
4246	1
4247	1
4248	1
4249	1
4250	1
4251	1
4252	1
4253	1
4254	1
4255	1
4256	1
4257	1
4258	1
4259	1
4260	2
4261	2
4262	2
4263	2
4264	2
4265	2
4266	2
4267	2
4268	2
4269	2
4270	2
4271	2
4272	2
4273	2
4274	2
4275	2
4276	2
4277	2
4278	2
4279	2
4280	2
4281	2
4282	2
4283	2
4284	2
4285	2
4286	2
4287	2
4288	2
4289	2
4290	2
4291	2
4292	2
4293	2
4294	2
4295	2
4296	2
4297	2
4298	2
4299	2
4300	2
4301	2
4302	2
4303	2
4304	2
4305	2
4306	2
4307	2
4308	2
4309	2
4310	2
4311	2
4312	2
4313	2
4314	2
4315	2
4316	2
4317	2
4318	2
4319	2
4320	2
4321	2
4322	2
4323	2
4324	2
4325	2
4326	2
4327	2
4328	2
4329	2
4330	2
4331	2
4332	2
4333	2
4334	2
4335	2
4336	2
4337	2
4338	2
4339	2
4340	2
4341	2
4342	2
4343	2
4344	2
4345	2
4346	2
4347	2
4348	2
4349	2
4350	2
4351	2
4352	2
4353	2
4354	2
4355	2
4356	2
4357	2
4358	2
4359	2
4360	2
4361	2
4362	2
4363	2
4364	2
4365	2
4366	2
4367	2
4368	2
4369	2
4370	2
4371	2
4372	2
4373	2
4374	2
4375	2
4376	2
4377	2
4378	2
4379	2
4380	2
4381	2
4382	2
4383	2
4384	2
4385	2
4386	2
4387	2
4388	2
4389	2
4390	2
4391	2
4392	2
4393	2
4394	2
4395	2
4396	2
4397	2
4398	2
4399	2
4400	2
4401	2
4402	2
4403	2
4404	2
4405	2
4406	2
4407	2
4408	2
4409	2
4410	2
4411	2
4412	2
4413	2
4414	2
4415	2
4416	2
4417	2
4418	2
4419	2
4420	2
4421	2
4422	2
4423	2
4424	2
4425	2
4426	2
4427	2
4428	2
4429	2
4430	2
4431	2
4432	2
4433	2
4434	2
4435	2
4436	2
4437	2
4438	2
4439	2
4440	2
4441	2
4442	2
4443	2
4444	2
4445	2
4446	2
4447	2
4448	2
4449	2
4450	2
4451	2
4452	2
4453	2
4454	2
4455	2
4456	2
4457	2
4458	2
4459	2
4460	2
4461	2
4462	2
4463	2
4464	2
4465	2
4466	2
4467	2
4468	2
4469	2
4470	2
4471	2
4472	2
4473	2
4474	2
4475	2
4476	2
4477	2
4478	2
4479	2
4480	2
4481	2
4482	2
4483	2
4484	2
4485	2
4486	2
4487	2
4488	2
4489	2
4490	2
4491	2
4492	2
4493	2
4494	2
4495	2
4496	2
4497	2
4498	2
4499	2
4500	2
4501	2
4502	2
4503	2
4504	2
4505	2
4506	2
4507	2
4508	2
4509	2
4510	2
4511	2
4512	2
4513	2
4514	2
4515	2
4516	2
4517	2
4518	2
4519	2
4520	2
4521	2
4522	2
4523	2
4524	2
4525	2
4526	2
4527	2
4528	2
4529	2
4530	2
4531	2
4532	2
4533	2
4534	2
4535	2
4536	2
4537	2
4538	2
4539	2
4540	2
4541	2
4542	2
4543	2
4544	2
4545	2
4546	2
4547	2
4548	2
4549	2
4550	2
4551	2
4552	2
4553	2
4554	2
4555	2
4556	2
4557	2
4558	2
4559	2
4560	2
4561	2
4562	2
4563	2
4564	2
4565	2
4566	2
4567	2
4568	2
4569	2
4570	2
4571	2
4572	2
4573	2
4574	2
4575	2
4576	2
4577	2
4578	2
4579	2
4580	2
4581	2
4582	2
4583	2
4584	2
4585	2
4586	2
4587	2
4588	2
4589	2
4590	2
4591	2
4592	2
4593	2
4594	2
4595	2
4596	2
4597	2
4598	2
4599	2
4600	2
4601	2
4602	2
4603	2
4604	2
4605	2
4606	2
4607	2
4608	2
4609	2
4610	2
4611	2
4612	2
4613	2
4614	2
4615	2
4616	2
4617	2
4618	2
4619	2
4620	2
4621	2
4622	2
4623	2
4624	2
4625	2
4626	2
4627	2
4628	2
4629	2
4630	2
4631	2
4632	2
4633	2
4634	2
4635	2
4636	2
4637	2
4638	2
4639	2
4640	2
4641	2
4642	2
4643	2
4644	2
4645	2
4646	2
4647	2
4648	2
4649	2
4650	2
4651	2
4652	2
4653	2
4654	2
4655	2
4656	2
4657	2
4658	2
4659	2
4660	2
4661	2
4662	2
4663	2
4664	2
4665	2
4666	2
4667	2
4668	2
4669	2
4670	2
4671	2
4672	2
4673	2
4674	2
4675	2
4676	2
4677	2
4678	2
4679	2
4680	2
4681	2
4682	2
4683	2
4684	2
4685	2
4686	2
4687	2
4688	2
4689	2
4690	2
4691	2
4692	2
4693	2
4694	2
4695	2
4696	2
4697	2
4698	2
4699	2
4700	2
4701	2
4702	2
4703	2
4704	2
4705	2
4706	2
4707	2
4708	2
4709	2
4710	2
4711	2
4712	2
4713	2
4714	2
4715	2
4716	2
4717	2
4718	2
4719	2
4720	2
4721	2
4722	2
4723	2
4724	2
4725	2
4726	2
4727	2
4728	2
4729	2
4730	2
4731	2
4732	2
4733	2
4734	2
4735	2
4736	2
4737	2
4738	2
4739	2
4740	2
4741	2
4742	2
4743	2
4744	2
4745	2
4746	2
4747	2
4748	2
4749	2
4750	2
4751	2
4752	2
4753	2
4754	2
4755	2
4756	2
4757	2
4758	2
4759	2
4760	2
4761	2
4762	2
4763	2
4764	2
4765	2
4766	2
4767	2
4768	2
4769	2
4770	2
4771	2
4772	2
4773	2
4774	2
4775	2
4776	2
4777	2
4778	2
4779	2
4780	2
4781	2
4782	2
4783	2
4784	2
4785	2
4786	2
4787	2
4788	2
4789	2
4790	2
4791	2
4792	2
4793	2
4794	2
4795	2
4796	2
4797	2
4798	2
4799	2
4800	2
4801	2
4802	2
4803	2
4804	2
4805	2
4806	2
4807	2
4808	2
4809	2
4810	2
4811	2
4812	2
4813	2
4814	2
4815	2
4816	2
4817	2
4818	2
4819	2
4820	2
4821	2
4822	2
4823	2
4824	2
4825	2
4826	2
4827	2
4828	2
4829	2
4830	2
4831	2
4832	2
4833	2
4834	2
4835	2
4836	2
4837	2
4838	2
4839	2
4840	2
4841	2
4842	2
4843	2
4844	2
4845	2
4846	2
4847	2
4848	2
4849	2
4850	2
4851	2
4852	2
4853	2
4854	2
4855	2
4856	2
4857	2
4858	2
4859	2
4860	2
4861	2
4862	2
4863	2
4864	2
4865	2
4866	2
4867	2
4868	2
4869	2
4870	2
4871	2
4872	2
4873	2
4874	2
4875	2
4876	2
4877	2
4878	2
4879	2
4880	2
4881	2
4882	2
4883	2
4884	2
4885	2
4886	2
4887	2
4888	2
4889	2
4890	2
4891	2
4892	2
4893	2
4894	2
4895	2
4896	2
4897	2
4898	2
4899	2
4900	2
4901	2
4902	2
4903	2
4904	2
4905	2
4906	2
4907	2
4908	2
4909	2
4910	2
4911	2
4912	2
4913	2
4914	2
4915	2
4916	2
4917	2
4918	2
4919	2
4920	2
4921	2
4922	2
4923	2
4924	2
4925	2
4926	2
4927	2
4928	2
4929	2
4930	2
4931	2
4932	2
4933	2
4934	2
4935	2
4936	2
4937	2
4938	2
4939	2
4940	2
4941	2
4942	2
4943	2
4944	2
4945	2
4946	2
4947	2
4948	2
4949	2
4950	2
4951	2
4952	2
4953	2
4954	2
4955	2
4956	2
4957	2
4958	2
4959	2
4960	2
4961	2
4962	2
4963	2
4964	2
4965	2
4966	2
4967	2
4968	2
4969	2
4970	2
4971	2
4972	2
4973	2
4974	2
4975	2
4976	2
4977	2
4978	2
4979	2
4980	2
4981	2
4982	2
4983	2
4984	2
4985	2
4986	2
4987	2
4988	2
4989	2
4990	2
4991	2
4992	2
4993	2
4994	2
4995	2
4996	2
4997	2
4998	2
4999	2
5000	2
5001	2
5002	2
5003	2
5004	2
5005	2
5006	2
5007	2
5008	2
5009	2
5010	2
5011	2
5012	2
5013	2
5014	2
5015	2
5016	2
5017	2
5018	2
5019	2
5020	2
5021	2
5022	2
5023	2
5024	2
5025	2
5026	2
5027	2
5028	2
5029	2
5030	2
5031	2
5032	2
5033	2
5034	2
5035	2
5036	2
5037	2
5038	2
5039	2
5040	2
5041	2
5042	2
5043	2
5044	2
5045	2
5046	2
5047	2
5048	2
5049	2
5050	2
5051	2
5052	2
5053	2
5054	2
5055	2
5056	2
5057	2
5058	2
5059	2
5060	2
5061	2
5062	2
5063	2
5064	2
5065	2
5066	2
5067	2
5068	2
5069	2
5070	2
5071	2
5072	2
5073	2
5074	2
5075	2
5076	2
5077	2
5078	2
5079	2
5080	2
5081	2
5082	2
5083	2
5084	2
5085	2
5086	2
5087	2
5088	2
5089	2
5090	2
5091	2
5092	2
5093	2
5094	2
5095	2
5096	2
5097	2
5098	2
5099	2
5100	2
5101	2
5102	2
5103	2
5104	2
5105	2
5106	2
5107	2
5108	2
5109	2
5110	2
5111	2
5112	2
5113	2
5114	2
5115	2
5116	2
5117	2
5118	2
5119	2
5120	2
5121	2
5122	2
5123	2
5124	2
5125	2
5126	2
5127	2
5128	2
5129	2
5130	2
5131	2
5132	2
5133	2
5134	2
5135	2
5136	2
5137	2
5138	2
5139	2
5140	2
5141	2
5142	2
5143	2
5144	2
5145	2
5146	2
5147	2
5148	2
5149	2
5150	2
5151	2
5152	2
5153	2
5154	2
5155	2
5156	2
5157	2
5158	2
5159	2
5160	2
5161	2
5162	2
5163	2
5164	2
5165	2
5166	2
5167	2
5168	2
5169	2
5170	2
5171	2
5172	2
5173	2
5174	2
5175	2
5176	2
5177	2
5178	2
5179	2
5180	2
5181	2
5182	2
5183	2
5184	2
5185	2
5186	2
5187	2
5188	2
5189	2
5190	2
5191	2
5192	2
5193	2
5194	2
5195	2
5196	2
5197	2
5198	2
5199	2
5200	2
5201	2
5202	2
5203	2
5204	2
5205	2
5206	2
5207	2
5208	2
5209	2
5210	2
5211	2
5212	2
5213	2
5214	2
5215	2
5216	2
5217	2
5218	2
5219	2
5220	2
5221	2
5222	2
5223	2
5224	2
5225	2
5226	2
5227	2
5228	2
5229	2
5230	2
5231	2
5232	2
5233	2
5234	2
5235	2
5236	2
5237	2
5238	2
5239	2
5240	2
5241	2
5242	2
5243	2
5244	2
5245	2
5246	2
5247	2
5248	2
5249	2
5250	2
5251	2
5252	2
5253	2
5254	2
5255	2
5256	2
5257	2
5258	2
5259	2
5260	2
5261	2
5262	2
5263	2
5264	2
5265	2
5266	2
5267	2
5268	2
5269	2
5270	2
5271	2
5272	2
5273	2
5274	2
5275	2
5276	2
5277	2
5278	2
5279	2
5280	2
5281	2
5282	2
5283	2
5284	2
5285	2
5286	2
5287	2
5288	2
5289	2
5290	2
5291	2
5292	2
5293	2
5294	2
5295	2
5296	2
5297	2
5298	2
5299	2
5300	2
5301	2
5302	2
5303	2
5304	2
5305	2
5306	2
5307	2
5308	2
5309	2
5310	2
5311	2
5312	2
5313	2
5314	2
5315	2
5316	2
5317	2
5318	2
5319	2
5320	2
5321	2
5322	2
5323	2
5324	2
5325	2
5326	2
5327	2
5328	2
5329	2
5330	2
5331	2
5332	2
5333	2
5334	2
5335	2
5336	2
5337	2
5338	2
5339	2
5340	2
5341	2
5342	2
5343	2
5344	2
5345	2
5346	2
5347	2
5348	2
5349	2
5350	2
5351	2
5352	2
5353	2
5354	2
5355	2
5356	2
5357	2
5358	2
5359	2
5360	2
5361	2
5362	2
5363	2
5364	2
5365	2
5366	2
5367	2
5368	2
5369	2
5370	2
5371	2
5372	2
5373	2
5374	2
5375	2
5376	2
5377	2
5378	2
5379	2
5380	2
5381	2
5382	2
5383	2
5384	2
5385	2
5386	2
5387	2
5388	2
5389	2
5390	2
5391	2
5392	2
5393	2
5394	2
5395	2
5396	2
5397	2
5398	2
5399	2
5400	2
5401	2
5402	2
5403	2
5404	2
5405	2
5406	2
5407	2
5408	2
5409	2
5410	2
5411	2
5412	2
5413	2
5414	2
5415	2
5416	2
5417	2
5418	2
5419	2
5420	2
5421	2
5422	2
5423	2
5424	2
5425	2
5426	2
5427	2
5428	2
5429	2
5430	2
5431	2
5432	2
5433	2
5434	2
5435	2
5436	2
5437	2
5438	2
5439	2
5440	2
5441	2
5442	2
5443	2
5444	2
5445	2
5446	2
5447	2
5448	2
5449	2
5450	2
5451	2
5452	2
5453	2
5454	2
5455	2
5456	2
5457	2
5458	2
5459	2
5460	2
5461	2
5462	2
5463	2
5464	2
5465	2
5466	2
5467	2
5468	2
5469	2
5470	2
5471	2
5472	2
5473	2
5474	2
5475	2
5476	2
5477	2
5478	2
5479	2
5480	2
5481	2
5482	2
5483	2
5484	2
5485	2
5486	2
5487	2
5488	2
5489	2
5490	2
5491	2
5492	2
5493	2
5494	2
5495	2
5496	2
5497	2
5498	2
5499	2
5500	2
5501	2
5502	2
5503	2
5504	3
5505	3
5506	3
5507	3
5508	3
5509	3
5510	3
5511	3
5512	3
5513	3
5514	3
5515	3
5516	3
5517	3
5518	3
5519	3
5520	3
5521	3
5522	3
5523	3
5524	3
5525	3
5526	3
5527	3
5528	3
5529	3
5530	3
5531	3
5532	3
5533	3
5534	3
5535	3
5536	3
5537	3
5538	3
5539	3
5540	3
5541	3
5542	3
5543	3
5544	3
5545	3
5546	3
5547	3
5548	3
5549	3
5550	3
5551	3
5552	3
5553	3
5554	3
5555	3
5556	3
5557	3
5558	3
5559	3
5560	3
5561	3
5562	3
5563	3
5564	3
5565	3
5566	3
5567	3
5568	3
5569	3
5570	3
5571	3
5572	3
5573	3
5574	3
5575	3
5576	3
5577	3
5578	3
5579	3
5580	3
5581	3
5582	3
5583	3
5584	3
5585	3
5586	3
5587	3
5588	3
5589	3
5590	3
5591	3
5592	3
5593	3
5594	3
5595	3
5596	3
5597	3
5598	3
5599	3
5600	3
5601	3
5602	3
5603	3
5604	3
5605	3
5606	3
5607	3
5608	3
5609	3
5610	3
5611	3
5612	3
5613	3
5614	3
5615	3
5616	3
5617	3
5618	3
5619	3
5620	3
5621	3
5622	3
5623	3
5624	3
5625	3
5626	3
5627	3
5628	3
5629	3
5630	3
5631	3
5632	3
5633	3
5634	3
5635	3
5636	3
5637	3
5638	3
5639	3
5640	3
5641	3
5642	3
5643	3
5644	3
5645	3
5646	3
5647	3
5648	3
5649	3
5650	3
5651	3
5652	3
5653	3
5654	3
5655	3
5656	3
5657	3
5658	3
5659	3
5660	3
5661	3
5662	3
5663	3
5664	3
5665	3
5666	3
5667	3
5668	3
5669	3
5670	3
5671	3
5672	3
5673	3
5674	3
5675	3
5676	3
5677	3
5678	3
5679	3
5680	3
5681	3
5682	3
5683	3
5684	3
5685	3
5686	3
5687	3
5688	3
5689	3
5690	3
5691	3
5692	3
5693	3
5694	3
5695	3
5696	3
5697	3
5698	3
5699	3
5700	3
5701	3
5702	3
5703	3
5704	3
5705	3
5706	3
5707	3
5708	3
5709	3
5710	3
5711	3
5712	3
5713	3
5714	3
5715	3
5716	3
5717	3
5718	3
5719	3
5720	3
5721	3
5722	3
5723	3
5724	3
5725	3
5726	3
5727	3
5728	3
5729	3
5730	3
5731	3
5732	3
5733	3
5734	3
5735	3
5736	3
5737	3
5738	3
5739	3
5740	3
5741	3
5742	3
5743	3
5744	3
5745	3
5746	3
5747	3
5748	3
5749	3
5750	3
5751	3
5752	3
5753	3
5754	3
5755	3
5756	3
5757	3
5758	3
5759	3
5760	3
5761	3
5762	3
5763	3
5764	3
5765	3
5766	3
5767	3
5768	3
5769	3
5770	3
5771	3
5772	3
5773	3
5774	3
5775	3
5776	3
5777	3
5778	3
5779	3
5780	3
5781	3
5782	3
5783	3
5784	3
5785	3
5786	3
5787	3
5788	3
5789	3
5790	3
5791	3
5792	3
5793	3
5794	3
5795	3
5796	3
5797	3
5798	3
5799	3
5800	3
5801	3
5802	3
5803	3
5804	3
5805	3
5806	3
5807	3
5808	3
5809	3
5810	3
5811	3
5812	3
5813	3
5814	3
5815	3
5816	3
5817	3
5818	3
5819	3
5820	3
5821	3
5822	3
5823	3
5824	3
5825	3
5826	3
5827	3
5828	3
5829	3
5830	3
5831	3
5832	3
5833	3
5834	3
5835	3
5836	3
5837	3
5838	3
5839	3
5840	3
5841	3
5842	3
5843	3
5844	3
5845	3
5846	3
5847	3
5848	3
5849	3
5850	3
5851	3
5852	3
5853	3
5854	3
5855	3
5856	3
5857	3
5858	3
5859	3
5860	3
5861	3
5862	3
5863	3
5864	3
5865	3
5866	3
5867	3
5868	3
5869	3
5870	3
5871	3
5872	3
5873	3
5874	3
5875	3
5876	3
5877	3
5878	3
5879	3
5880	3
5881	3
5882	3
5883	3
5884	3
5885	3
5886	3
5887	3
5888	3
5889	3
5890	3
5891	3
5892	3
5893	3
5894	3
5895	3
5896	3
5897	3
5898	3
5899	3
5900	3
5901	3
5902	3
5903	3
5904	3
5905	3
5906	3
5907	3
5908	3
5909	3
5910	3
5911	3
5912	3
5913	3
5914	3
5915	3
5916	3
5917	3
5918	3
5919	3
5920	3
5921	3
5922	3
5923	3
5924	3
5925	3
5926	3
5927	3
5928	3
5929	3
5930	3
5931	3
5932	3
5933	3
5934	3
5935	3
5936	3
5937	3
5938	3
5939	3
5940	3
5941	3
5942	3
5943	3
5944	3
5945	3
5946	3
5947	3
5948	3
5949	3
5950	3
5951	3
5952	3
5953	3
5954	3
5955	3
5956	3
5957	3
5958	3
5959	3
5960	3
5961	3
5962	3
5963	3
5964	3
5965	3
5966	3
5967	3
5968	3
5969	3
5970	3
5971	3
5972	3
5973	3
5974	3
5975	3
5976	3
5977	3
5978	3
5979	3
5980	3
5981	3
5982	3
5983	3
5984	3
5985	3
5986	3
5987	3
5988	3
5989	3
5990	3
5991	3
5992	3
5993	3
5994	3
5995	3
5996	3
5997	3
5998	3
5999	3
6000	3
6001	3
6002	3
6003	3
6004	3
6005	3
6006	3
6007	3
6008	3
6009	3
6010	3
6011	3
6012	3
6013	3
6014	3
6015	3
6016	3
6017	3
6018	3
6019	3
6020	3
6021	3
6022	3
6023	3
6024	3
6025	3
6026	3
6027	3
6028	3
6029	3
6030	3
6031	3
6032	3
6033	3
6034	3
6035	3
6036	3
6037	3
6038	3
6039	3
6040	3
6041	3
6042	3
6043	3
6044	3
6045	3
6046	3
6047	3
6048	3
6049	3
6050	3
6051	3
6052	3
6053	3
6054	3
6055	3
6056	3
6057	3
6058	3
6059	3
6060	3
6061	3
6062	3
6063	3
6064	3
6065	3
6066	3
6067	3
6068	3
6069	3
6070	3
6071	3
6072	3
6073	3
6074	3
6075	3
6076	3
6077	3
6078	3
6079	3
6080	3
6081	3
6082	3
6083	3
6084	3
6085	3
6086	3
6087	3
6088	3
6089	3
6090	3
6091	3
6092	3
6093	3
6094	3
6095	3
6096	3
6097	3
6098	3
6099	3
6100	3
6101	3
6102	3
6103	3
6104	3
6105	3
6106	3
6107	3
6108	3
6109	3
6110	3
6111	3
6112	3
6113	3
6114	3
6115	3
6116	3
6117	3
6118	3
6119	3
6120	3
6121	3
6122	3
6123	3
6124	3
6125	3
6126	3
6127	3
6128	3
6129	3
6130	3
6131	3
6132	3
6133	3
6134	3
6135	3
6136	3
6137	3
6138	3
6139	3
6140	3
6141	3
6142	3
6143	3
6144	3
6145	3
6146	3
6147	3
6148	3
6149	3
6150	3
6151	3
6152	3
6153	3
6154	3
6155	3
6156	3
6157	3
6158	3
6159	3
6160	3
6161	3
6162	3
6163	3
6164	3
6165	3
6166	3
6167	3
6168	3
6169	3
6170	3
6171	3
6172	3
6173	3
6174	3
6175	3
6176	3
6177	3
6178	3
6179	3
6180	3
6181	3
6182	3
6183	3
6184	3
6185	3
6186	3
6187	3
6188	3
6189	3
6190	3
6191	3
6192	3
6193	3
6194	3
6195	3
6196	3
6197	3
6198	3
6199	3
6200	3
6201	3
6202	3
6203	3
6204	3
6205	3
6206	3
6207	3
6208	3
6209	3
6210	3
6211	3
6212	3
6213	3
6214	3
6215	3
6216	3
6217	3
6218	3
6219	3
6220	3
6221	3
6222	3
6223	3
6224	3
6225	3
6226	3
6227	3
6228	3
6229	3
6230	3
6231	3
6232	3
6233	3
6234	3
6235	3
6236	3
6237	3
6238	3
6239	3
6240	3
6241	3
6242	3
6243	3
6244	3
6245	3
6246	3
6247	3
6248	3
6249	3
6250	3
6251	3
6252	3
6253	3
6254	3
6255	3
6256	3
6257	3
6258	3
6259	3
6260	3
6261	3
6262	3
6263	3
6264	3
6265	3
6266	3
6267	3
6268	3
6269	3
6270	3
6271	3
6272	3
6273	3
6274	3
6275	3
6276	3
6277	3
6278	3
6279	3
6280	3
6281	3
6282	3
6283	3
6284	3
6285	3
6286	3
6287	3
6288	3
6289	3
6290	3
6291	3
6292	3
6293	3
6294	3
6295	3
6296	3
6297	3
6298	3
6299	3
6300	3
6301	3
6302	3
6303	3
6304	3
6305	3
6306	3
6307	3
6308	3
6309	3
6310	3
6311	3
6312	3
6313	3
6314	3
6315	3
6316	3
6317	3
6318	3
6319	3
6320	3
6321	3
6322	3
6323	3
6324	3
6325	3
6326	3
6327	3
6328	3
6329	3
6330	3
6331	3
6332	3
6333	3
6334	3
6335	3
6336	3
6337	3
6338	3
6339	3
6340	3
6341	3
6342	3
6343	3
6344	3
6345	3
6346	3
6347	3
6348	3
6349	3
6350	3
6351	3
6352	3
6353	3
6354	3
6355	3
6356	3
6357	3
6358	3
6359	3
6360	3
6361	3
6362	3
6363	3
6364	3
6365	3
6366	3
6367	3
6368	3
6369	3
6370	3
6371	3
6372	3
6373	3
6374	3
6375	3
6376	3
6377	3
6378	3
6379	3
6380	3
6381	3
6382	3
6383	3
6384	3
6385	3
6386	3
6387	3
6388	3
6389	3
6390	3
6391	3
6392	3
6393	3
6394	3
6395	3
6396	3
6397	3
6398	3
6399	3
6400	3
6401	3
6402	3
6403	3
6404	3
6405	3
6406	3
6407	3
6408	3
6409	3
6410	3
6411	3
6412	3
6413	3
6414	3
6415	3
6416	3
6417	3
6418	3
6419	3
6420	3
6421	3
6422	3
6423	3
6424	3
6425	3
6426	3
6427	3
6428	3
6429	3
6430	3
6431	3
6432	3
6433	3
6434	3
6435	3
6436	3
6437	3
6438	3
6439	3
6440	3
6441	3
6442	3
6443	3
6444	3
6445	3
6446	3
6447	3
6448	3
6449	3
6450	3
6451	3
6452	3
6453	3
6454	3
6455	3
6456	3
6457	3
6458	3
6459	3
6460	3
6461	3
6462	3
6463	3
6464	3
6465	3
6466	3
6467	3
6468	3
6469	3
6470	3
6471	3
6472	3
6473	3
6474	3
6475	3
6476	3
6477	3
6478	3
6479	3
6480	3
6481	3
6482	3
6483	3
6484	3
6485	3
6486	3
6487	3
6488	3
6489	3
6490	3
6491	3
6492	3
6493	3
6494	3
6495	3
6496	3
6497	3
6498	3
6499	3
6500	3
6501	3
6502	3
6503	3
6504	3
6505	3
6506	3
6507	3
6508	3
6509	3
6510	3
6511	3
6512	3
6513	3
6514	3
6515	3
6516	3
6517	3
6518	3
6519	3
6520	3
6521	3
6522	3
6523	3
6524	3
6525	3
6526	3
6527	3
6528	3
6529	3
6530	3
6531	3
6532	3
6533	3
6534	3
6535	3
6536	3
6537	3
6538	3
6539	3
6540	3
6541	3
6542	3
6543	3
6544	3
6545	3
6546	3
6547	3
6548	3
6549	3
6550	3
6551	3
6552	3
6553	3
6554	3
6555	3
6556	3
6557	3
6558	3
6559	3
6560	3
6561	3
6562	3
6563	3
6564	3
6565	3
6566	3
6567	3
6568	3
6569	3
6570	3
6571	3
6572	3
6573	3
6574	3
6575	3
6576	3
6577	3
6578	3
6579	3
6580	3
6581	3
6582	3
6583	3
6584	3
6585	3
6586	3
6587	3
6588	3
6589	3
6590	3
6591	3
6592	3
6593	3
6594	3
6595	3
6596	3
6597	3
6598	3
6599	3
6600	3
6601	3
6602	3
6603	3
6604	3
6605	3
6606	3
6607	3
6608	3
6609	3
6610	3
6611	3
6612	3
6613	3
6614	3
6615	3
6616	3
6617	3
6618	3
6619	3
6620	3
6621	3
6622	3
6623	3
6624	3
6625	3
6626	3
6627	3
6628	3
6629	3
6630	3
6631	3
6632	3
6633	3
6634	3
6635	3
6636	3
6637	3
6638	3
6639	3
6640	3
6641	3
6642	3
6643	3
6644	3
6645	3
6646	3
6647	3
6648	3
6649	3
6650	3
6651	3
6652	3
6653	3
6654	3
6655	3
6656	3
6657	3
6658	3
6659	3
6660	3
6661	3
6662	3
6663	3
6664	3
6665	3
6666	3
6667	3
6668	3
6669	3
6670	3
6671	3
6672	3
6673	3
6674	3
6675	3
6676	3
6677	3
6678	3
6679	3
6680	3
6681	3
6682	3
6683	3
6684	3
6685	3
6686	3
6687	3
6688	3
6689	3
6690	3
6691	3
6692	3
6693	3
6694	3
6695	3
6696	3
6697	3
6698	3
6699	3
6700	3
6701	3
6702	3
6703	3
6704	3
6705	3
6706	3
6707	3
6708	3
6709	3
6710	3
6711	3
6712	3
6713	3
6714	3
6715	3
6716	3
6717	3
6718	3
6719	3
6720	3
6721	3
6722	3
6723	3
6724	3
6725	3
6726	3
6727	3
6728	3
6729	3
6730	3
6731	3
6732	3
6733	3
6734	3
6735	3
6736	3
6737	3
6738	3
6739	3
6740	3
6741	3
6742	3
6743	3
6744	3
6745	3
6746	3
6747	3
6748	3
6749	3
6750	3
6751	3
6752	3
6753	3
6754	3
6755	3
6756	3
6757	3
6758	3
6759	3
6760	3
6761	3
6762	3
6763	3
6764	3
6765	3
6766	3
6767	3
6768	3
6769	3
6770	3
6771	3
6772	3
6773	3
6774	3
6775	3
6776	3
6777	3
6778	3
6779	3
6780	3
6781	3
6782	3
6783	3
6784	3
6785	3
6786	3
6787	3
6788	3
6789	3
6790	3
6791	3
6792	3
6793	3
6794	3
6795	3
6796	3
6797	3
6798	3
6799	3
6800	3
6801	3
6802	3
6803	3
6804	3
6805	3
6806	3
6807	3
6808	3
6809	3
6810	3
6811	3
6812	3
6813	3
6814	3
6815	3
6816	3
6817	3
6818	3
6819	3
6820	3
6821	3
6822	3
6823	3
6824	3
6825	3
6826	3
6827	3
6828	3
6829	3
6830	3
6831	3
6832	3
6833	3
6834	3
6835	3
6836	3
6837	3
6838	3
6839	3
6840	3
6841	3
6842	3
6843	3
6844	3
6845	3
6846	3
6847	3
6848	3
6849	3
6850	3
6851	3
6852	3
6853	3
6854	3
6855	3
6856	3
6857	3
6858	3
6859	3
6860	3
6861	3
6862	3
6863	3
6864	3
6865	3
6866	3
6867	3
6868	3
6869	3
6870	3
6871	3
6872	3
6873	3
6874	3
6875	3
6876	3
6877	3
6878	3
6879	3
6880	3
6881	3
6882	3
6883	3
6884	3
6885	3
6886	3
6887	3
6888	3
6889	3
6890	3
6891	3
6892	3
6893	3
6894	3
6895	3
6896	3
6897	3
6898	3
6899	3
6900	3
6901	3
6902	3
6903	3
6904	3
6905	3
6906	3
6907	3
6908	3
6909	3
6910	3
6911	3
6912	3
6913	3
6914	3
6915	3
6916	3
6917	3
6918	3
6919	3
6920	3
6921	3
6922	3
6923	3
6924	3
6925	3
6926	3
6927	3
6928	3
6929	3
6930	3
6931	3
6932	3
6933	3
6934	3
6935	3
6936	3
6937	3
6938	3
6939	3
6940	3
6941	3
6942	3
6943	3
6944	3
6945	3
6946	3
6947	3
6948	3
6949	3
6950	3
6951	3
6952	3
6953	3
6954	3
6955	3
6956	3
6957	3
6958	3
6959	3
6960	3
6961	3
6962	3
6963	3
6964	3
6965	3
6966	3
6967	3
6968	3
6969	3
6970	3
6971	3
6972	3
6973	3
6974	3
6975	3
6976	3
6977	3
6978	3
6979	3
6980	3
6981	3
6982	3
6983	3
6984	3
6985	3
6986	3
6987	3
6988	3
6989	3
6990	3
6991	3
6992	3
6993	3
6994	3
6995	3
6996	3
6997	3
6998	3
6999	3
7000	3
7001	3
7002	3
7003	3
7004	3
7005	3
7006	3
7007	3
7008	3
7009	3
7010	3
7011	3
7012	3
7013	3
7014	3
7015	3
7016	3
7017	3
7018	3
7019	3
7020	3
7021	3
7022	3
7023	3
7024	3
7025	3
7026	3
7027	3
7028	3
7029	3
7030	3
7031	3
7032	3
7033	3
7034	3
7035	3
7036	3
7037	3
7038	3
7039	3
7040	3
7041	3
7042	3
7043	3
7044	3
7045	3
7046	3
7047	3
7048	3
7049	3
7050	3
7051	3
7052	3
7053	3
7054	3
7055	3
7056	3
7057	3
7058	3
7059	3
7060	3
7061	3
7062	3
7063	3
7064	3
7065	3
7066	3
7067	3
7068	3
7069	3
7070	3
7071	3
7072	3
7073	3
7074	3
7075	3
7076	3
7077	3
7078	3
7079	3
7080	3
7081	3
7082	3
7083	3
7084	3
7085	3
7086	3
7087	3
7088	3
7089	3
7090	3
7091	3
7092	3
7093	3
7094	3
7095	3
7096	3
7097	3
7098	3
7099	3
7100	3
7101	3
7102	3
7103	3
7104	3
7105	3
7106	3
7107	3
7108	3
7109	3
7110	3
7111	3
7112	3
7113	3
7114	3
7115	3
7116	3
7117	3
7118	3
7119	3
7120	3
7121	3
7122	3
7123	3
7124	3
7125	3
7126	3
7127	3
7128	3
7129	3
7130	3
7131	3
7132	3
7133	3
7134	3
7135	3
7136	3
7137	3
7138	3
7139	3
7140	3
7141	3
7142	3
7143	3
7144	3
7145	3
7146	3
7147	3
7148	3
7149	3
7150	3
7151	3
7152	3
7153	3
7154	3
7155	3
7156	3
7157	3
7158	3
7159	3
7160	3
7161	3
7162	3
7163	3
7164	3
7165	3
7166	3
7167	3
7168	3
7169	3
7170	3
7171	3
7172	3
7173	3
7174	3
7175	3
7176	3
7177	3
7178	3
7179	3
7180	3
7181	3
7182	3
7183	3
7184	3
7185	3
7186	3
7187	3
7188	3
7189	3
7190	3
7191	3
7192	3
7193	3
7194	3
7195	3
7196	3
7197	3
7198	3
7199	3
7200	3
7201	3
7202	3
7203	3
7204	3
7205	3
7206	3
7207	3
7208	3
7209	3
7210	3
7211	3
7212	3
7213	3
7214	3
7215	3
7216	3
7217	3
7218	3
7219	3
7220	3
7221	3
7222	3
7223	3
7224	3
7225	3
7226	3
7227	3
7228	3
7229	3
7230	3
7231	3
7232	3
7233	3
7234	3
7235	3
7236	3
7237	3
7238	3
7239	3
7240	3
7241	3
7242	3
7243	3
7244	3
7245	3
7246	3
7247	3
7248	3
7249	3
7250	3
7251	3
7252	3
7253	3
7254	3
7255	3
7256	3
7257	3
7258	3
7259	3
7260	3
7261	3
7262	3
7263	3
7264	3
7265	3
7266	3
7267	3
7268	3
7269	3
7270	3
7271	3
7272	3
7273	3
7274	3
7275	3
7276	3
7277	3
7278	3
7279	3
7280	3
7281	3
7282	3
7283	3
7284	3
7285	3
7286	3
7287	3
7288	3
7289	3
7290	3
7291	3
7292	3
7293	3
7294	3
7295	3
7296	3
7297	3
7298	3
7299	3
7300	3
7301	3
7302	3
7303	3
7304	3
7305	3
7306	3
7307	3
7308	3
7309	3
7310	3
7311	3
7312	3
7313	3
7314	3
7315	3
7316	3
7317	3
7318	3
7319	3
7320	3
7321	3
7322	3
7323	3
7324	3
7325	3
7326	3
7327	3
7328	3
7329	3
7330	3
7331	3
7332	3
7333	3
7334	3
7335	3
7336	3
7337	3
7338	3
7339	3
7340	3
7341	3
7342	3
7343	3
7344	3
7345	3
7346	3
7347	3
7348	3
7349	3
7350	3
7351	3
7352	3
7353	3
7354	3
7355	3
7356	3
7357	3
7358	3
7359	3
7360	3
7361	3
7362	3
7363	3
7364	3
7365	3
7366	3
7367	3
7368	3
7369	3
7370	3
7371	3
7372	3
7373	3
7374	3
7375	3
7376	3
7377	3
7378	3
7379	3
7380	3
7381	3
7382	3
7383	3
7384	3
7385	3
7386	3
7387	3
7388	3
7389	3
7390	3
7391	3
7392	3
7393	3
7394	3
7395	3
7396	3
7397	3
7398	3
7399	3
7400	3
7401	3
7402	3
7403	3
7404	3
7405	3
7406	3
7407	3
7408	3
7409	3
7410	3
7411	3
7412	3
7413	3
7414	3
7415	3
7416	3
7417	3
7418	3
7419	3
7420	3
7421	3
7422	3
7423	3
7424	3
7425	3
7426	3
7427	3
7428	3
7429	3
7430	3
7431	3
7432	3
7433	3
7434	3
7435	3
7436	3
7437	3
7438	3
7439	3
7440	3
7441	3
7442	3
7443	3
7444	3
7445	3
7446	3
7447	3
7448	3
7449	3
7450	3
7451	3
7452	3
7453	3
7454	3
7455	3
7456	3
7457	3
7458	3
7459	3
7460	3
7461	3
7462	3
7463	3
7464	3
7465	3
7466	3
7467	3
7468	3
7469	3
7470	3
7471	3
7472	3
7473	3
7474	3
7475	3
7476	3
7477	3
7478	3
7479	3
7480	3
7481	3
7482	3
7483	3
7484	3
7485	3
7486	3
7487	3
7488	3
7489	3
7490	3
7491	3
7492	3
7493	3
7494	3
7495	3
7496	3
7497	3
7498	3
7499	3
7500	3
7501	3
7502	3
7503	3
7504	3
7505	3
7506	3
7507	3
7508	3
7509	3
7510	3
7511	3
7512	3
7513	3
7514	3
7515	3
7516	3
7517	3
7518	3
7519	3
7520	3
7521	3
7522	3
7523	3
7524	3
7525	3
7526	3
7527	3
7528	3
7529	3
7530	3
7531	3
7532	3
7533	3
7534	3
7535	3
7536	3
7537	3
7538	3
7539	3
7540	3
7541	3
7542	3
7543	3
7544	3
7545	3
7546	3
7547	3
7548	3
7549	3
7550	3
7551	3
7552	3
7553	3
7554	3
7555	3
7556	3
7557	3
7558	3
7559	3
7560	3
7561	3
7562	3
7563	3
7564	3
7565	3
7566	3
7567	3
7568	3
7569	3
7570	3
7571	3
7572	3
7573	3
7574	3
7575	3
7576	3
7577	3
7578	3
7579	3
7580	3
7581	3
7582	3
7583	3
7584	3
7585	3
7586	3
7587	3
7588	3
7589	3
7590	3
7591	3
7592	3
7593	3
7594	3
7595	3
7596	3
7597	3
7598	3
7599	3
7600	3
7601	3
7602	3
7603	3
7604	3
7605	3
7606	3
7607	3
7608	3
7609	3
7610	3
7611	3
7612	3
7613	4
7614	4
7615	4
7616	4
7617	4
7618	4
7619	4
7620	4
7621	4
7622	4
7623	4
7624	4
7625	4
7626	4
7627	4
7628	4
7629	4
7630	4
7631	4
7632	4
7633	4
7634	4
7635	4
7636	4
7637	4
7638	4
7639	4
7640	4
7641	4
7642	4
7643	4
7644	4
7645	4
7646	4
7647	4
7648	4
7649	4
7650	4
7651	4
7652	4
7653	4
7654	4
7655	4
7656	4
7657	4
7658	4
7659	4
7660	4
7661	4
7662	4
7663	4
7664	4
7665	4
7666	4
7667	4
7668	4
7669	4
7670	4
7671	4
7672	4
7673	4
7674	4
7675	4
7676	4
7677	4
7678	4
7679	4
7680	4
7681	4
7682	4
7683	4
7684	4
7685	4
7686	4
7687	4
7688	4
7689	4
7690	4
7691	4
7692	4
7693	4
7694	4
7695	4
7696	4
7697	4
7698	4
7699	4
7700	4
7701	4
7702	4
7703	4
7704	4
7705	4
7706	4
7707	4
7708	4
7709	4
7710	4
7711	4
7712	4
7713	4
7714	4
7715	4
7716	4
7717	4
7718	4
7719	4
7720	4
7721	4
7722	4
7723	4
7724	4
7725	4
7726	4
7727	4
7728	4
7729	4
7730	4
7731	4
7732	4
7733	4
7734	4
7735	4
7736	4
7737	4
7738	4
7739	4
7740	4
7741	4
7742	4
7743	4
7744	4
7745	4
7746	4
7747	4
7748	4
7749	4
7750	4
7751	4
7752	4
7753	4
7754	4
7755	4
7756	4
7757	4
7758	4
7759	4
7760	4
7761	4
7762	4
7763	4
7764	4
7765	4
7766	4
7767	4
7768	4
7769	4
7770	4
7771	4
7772	4
7773	4
7774	4
7775	4
7776	4
7777	4
7778	4
7779	4
7780	4
7781	4
7782	4
7783	4
7784	4
7785	4
7786	4
7787	4
7788	4
7789	4
7790	4
7791	4
7792	4
7793	4
7794	4
7795	4
7796	4
7797	4
7798	4
7799	4
7800	4
7801	4
7802	4
7803	4
7804	4
7805	4
7806	4
7807	4
7808	4
7809	4
7810	4
7811	4
7812	4
7813	4
7814	4
7815	4
7816	4
7817	4
7818	4
7819	4
7820	4
7821	4
7822	4
7823	4
7824	4
7825	4
7826	4
7827	4
7828	4
7829	4
7830	4
7831	4
7832	4
7833	4
7834	4
7835	4
7836	4
7837	4
7838	4
7839	4
7840	4
7841	4
7842	4
7843	4
7844	4
7845	4
7846	4
7847	4
7848	4
7849	4
7850	4
7851	4
7852	4
7853	4
7854	4
7855	4
7856	4
7857	4
7858	4
7859	4
7860	4
7861	4
7862	4
7863	4
7864	4
7865	4
7866	4
7867	4
7868	4
7869	4
7870	4
7871	4
7872	4
7873	4
7874	4
7875	4
7876	4
7877	4
7878	4
7879	4
7880	4
7881	4
7882	4
7883	4
7884	4
7885	4
7886	4
7887	4
7888	4
7889	4
7890	4
7891	4
7892	4
7893	4
7894	4
7895	4
7896	4
7897	4
7898	4
7899	4
7900	4
7901	4
7902	4
7903	4
7904	4
7905	4
7906	4
7907	4
7908	4
7909	4
7910	4
7911	4
7912	4
7913	4
7914	4
7915	4
7916	4
7917	4
7918	4
7919	4
7920	4
7921	4
7922	4
7923	4
7924	4
7925	4
7926	4
7927	4
7928	4
7929	4
7930	4
7931	4
7932	4
7933	4
7934	4
7935	4
7936	4
7937	4
7938	4
7939	4
7940	4
7941	4
7942	4
7943	4
7944	4
7945	4
7946	4
7947	4
7948	4
7949	4
7950	4
7951	4
7952	4
7953	4
7954	4
7955	4
7956	4
7957	4
7958	4
7959	4
7960	4
7961	4
7962	4
7963	4
7964	4
7965	4
7966	4
7967	4
7968	4
7969	4
7970	4
7971	4
7972	4
7973	4
7974	4
7975	4
7976	4
7977	4
7978	4
7979	4
7980	4
7981	4
7982	4
7983	4
7984	4
7985	4
7986	4
7987	4
7988	4
7989	4
7990	4
7991	4
7992	4
7993	4
7994	4
7995	4
7996	4
7997	4
7998	4
7999	4
8000	4
8001	4
8002	4
8003	4
8004	4
8005	4
8006	4
8007	4
8008	4
8009	4
8010	4
8011	4
8012	4
8013	4
8014	4
8015	4
8016	4
8017	4
8018	4
8019	4
8020	4
8021	4
8022	4
8023	4
8024	4
8025	4
8026	4
8027	4
8028	4
8029	4
8030	4
8031	4
8032	4
8033	4
8034	4
8035	4
8036	4
8037	4
8038	4
8039	4
8040	4
8041	4
8042	4
8043	4
8044	4
8045	4
8046	4
8047	4
8048	4
8049	4
8050	4
8051	4
8052	4
8053	4
8054	4
8055	4
8056	4
8057	4
8058	4
8059	4
8060	4
8061	4
8062	4
8063	4
8064	4
8065	4
8066	4
8067	4
8068	4
8069	4
8070	4
8071	4
8072	4
8073	4
8074	4
8075	4
8076	4
8077	4
8078	4
8079	4
8080	4
8081	4
8082	4
8083	4
8084	4
8085	4
8086	4
8087	4
8088	4
8089	4
8090	4
8091	4
8092	4
8093	4
8094	4
8095	4
8096	4
8097	4
8098	4
8099	4
8100	4
8101	4
8102	4
8103	4
8104	4
8105	4
8106	4
8107	4
8108	4
8109	4
8110	4
8111	4
8112	4
8113	4
8114	4
8115	4
8116	4
8117	4
8118	4
8119	4
8120	4
8121	4
8122	4
8123	4
8124	4
8125	4
8126	4
8127	4
8128	4
8129	4
8130	4
8131	4
8132	4
8133	4
8134	4
8135	4
8136	4
8137	4
8138	4
8139	4
8140	4
8141	4
8142	4
8143	4
8144	4
8145	4
8146	4
8147	4
8148	4
8149	4
8150	4
8151	4
8152	4
8153	4
8154	4
8155	4
8156	4
8157	4
8158	4
8159	4
8160	4
8161	4
8162	4
8163	4
8164	4
8165	4
8166	4
8167	4
8168	4
8169	4
8170	4
8171	4
8172	4
8173	4
8174	4
8175	4
8176	4
8177	4
8178	4
8179	4
8180	4
8181	4
8182	4
8183	4
8184	4
8185	4
8186	4
8187	4
8188	4
8189	4
8190	4
8191	4
8192	4
8193	4
8194	4
8195	4
8196	4
8197	4
8198	4
8199	4
8200	4
8201	4
8202	4
8203	4
8204	4
8205	4
8206	4
8207	4
8208	4
8209	4
8210	4
8211	4
8212	4
8213	4
8214	4
8215	4
8216	4
8217	4
8218	4
8219	4
8220	4
8221	4
8222	4
8223	4
8224	4
8225	4
8226	4
8227	4
8228	4
8229	4
8230	4
8231	4
8232	4
8233	4
8234	4
8235	4
8236	4
8237	4
8238	4
8239	4
8240	4
8241	4
8242	4
8243	4
8244	4
8245	4
8246	4
8247	4
8248	4
8249	4
8250	4
8251	4
8252	4
8253	4
8254	4
8255	4
8256	4
8257	4
8258	4
8259	4
8260	4
8261	4
8262	4
8263	4
8264	4
8265	4
8266	4
8267	4
8268	4
8269	4
8270	4
8271	4
8272	4
8273	4
8274	4
8275	4
8276	4
8277	4
8278	4
8279	4
8280	4
8281	4
8282	4
8283	4
8284	4
8285	4
8286	4
8287	4
8288	4
8289	4
8290	4
8291	4
8292	4
8293	4
8294	4
8295	4
8296	4
8297	4
8298	4
8299	4
8300	4
8301	4
8302	4
8303	4
8304	4
8305	4
8306	4
8307	4
8308	4
8309	4
8310	4
8311	4
8312	4
8313	4
8314	4
8315	4
8316	4
8317	4
8318	4
8319	4
8320	4
8321	4
8322	4
8323	4
8324	4
8325	4
8326	4
8327	4
8328	4
8329	4
8330	4
8331	4
8332	4
8333	4
8334	4
8335	4
8336	4
8337	4
8338	4
8339	4
8340	4
8341	4
8342	4
8343	4
8344	4
8345	4
8346	4
8347	4
8348	4
8349	4
8350	4
8351	4
8352	4
8353	4
8354	4
8355	4
8356	4
8357	4
8358	4
8359	4
8360	4
8361	4
8362	4
8363	4
8364	4
8365	4
8366	4
8367	4
8368	4
8369	4
8370	4
8371	4
8372	4
8373	4
8374	4
8375	4
8376	4
8377	4
8378	4
8379	4
8380	4
8381	4
8382	4
8383	4
8384	4
8385	4
8386	4
8387	4
8388	4
8389	4
8390	4
8391	4
8392	4
8393	4
8394	4
8395	4
8396	4
8397	4
8398	4
8399	4
8400	4
8401	4
8402	4
8403	4
8404	4
8405	4
8406	4
8407	4
8408	4
8409	4
8410	4
8411	4
8412	4
8413	4
8414	4
8415	4
8416	4
8417	4
8418	4
8419	4
8420	4
8421	4
8422	4
8423	4
8424	4
8425	4
8426	4
8427	4
8428	4
8429	4
8430	4
8431	4
8432	4
8433	4
8434	4
8435	4
8436	4
8437	4
8438	4
8439	4
8440	4
8441	4
8442	4
8443	4
8444	4
8445	4
8446	4
8447	4
8448	4
8449	4
8450	4
8451	4
8452	4
8453	4
8454	4
8455	4
8456	4
8457	4
8458	4
8459	4
8460	4
8461	4
8462	4
8463	4
8464	4
8465	4
8466	4
8467	4
8468	4
8469	4
8470	4
8471	4
8472	4
8473	4
8474	4
8475	4
8476	4
8477	4
8478	4
8479	4
8480	4
8481	4
8482	4
8483	4
8484	4
8485	4
8486	4
8487	4
8488	4
8489	4
8490	4
8491	4
8492	4
8493	4
8494	4
8495	4
8496	4
8497	4
8498	4
8499	4
8500	4
8501	4
8502	4
8503	4
8504	4
8505	4
8506	4
8507	4
8508	4
8509	4
8510	4
8511	4
8512	4
8513	4
8514	4
8515	4
8516	4
8517	4
8518	4
8519	4
8520	4
8521	4
8522	4
8523	4
8524	4
8525	4
8526	4
8527	4
8528	4
8529	4
8530	4
8531	4
8532	4
8533	4
8534	4
8535	4
8536	4
8537	4
8538	4
8539	4
8540	4
8541	4
8542	4
8543	4
8544	4
8545	4
8546	4
8547	4
8548	4
8549	4
8550	4
8551	4
8552	4
8553	4
8554	4
8555	4
8556	4
8557	4
8558	4
8559	4
8560	4
8561	4
8562	4
8563	4
8564	4
8565	4
8566	4
8567	4
8568	4
8569	4
8570	4
8571	4
8572	4
8573	4
8574	4
8575	4
8576	4
8577	4
8578	4
8579	4
8580	4
8581	4
8582	4
8583	4
8584	4
8585	4
8586	4
8587	4
8588	4
8589	4
8590	4
8591	4
8592	4
8593	4
8594	4
8595	4
8596	4
8597	4
8598	4
8599	4
8600	4
8601	4
8602	4
8603	4
8604	4
8605	4
8606	4
8607	4
8608	4
8609	4
8610	4
8611	4
8612	4
8613	4
8614	4
8615	4
8616	4
8617	4
8618	4
8619	4
8620	4
8621	4
8622	4
8623	4
8624	4
8625	4
8626	4
8627	4
8628	4
8629	4
8630	4
8631	4
8632	4
8633	4
8634	4
8635	4
8636	4
8637	4
8638	4
8639	4
8640	4
8641	4
8642	4
8643	4
8644	4
8645	4
8646	4
8647	4
8648	4
8649	4
8650	4
8651	4
8652	4
8653	4
8654	4
8655	4
8656	4
8657	5
8658	5
8659	5
8660	5
8661	5
8662	5
8663	5
8664	5
8665	5
8666	5
8667	5
8668	5
8669	5
8670	5
8671	5
8672	5
8673	5
8674	5
8675	5
8676	5
8677	5
8678	6
8679	6
8680	6
8681	6
8682	6
8683	6
8684	6
8685	6
8686	6
8687	6
8688	6
8689	6
8690	6
8691	6
8692	6
8693	6
8694	6
8695	6
8696	6
8697	6
8698	6
8699	6
8700	6
8701	6
8702	6
8703	6
8704	6
8705	6
8706	6
8707	6
8708	6
8709	6
8710	6
8711	6
8712	6
8713	6
8714	6
8715	6
8716	6
8717	6
8718	6
8719	6
8720	6
8721	6
8722	6
8723	6
8724	6
8725	6
8726	6
8727	6
8728	6
8729	6
8730	6
8731	6
8732	6
8733	6
8734	6
8735	6
8736	6
8737	6
8738	6
8739	6
8740	6
8741	6
8742	6
8743	6
8744	6
8745	6
8746	6
8747	6
8748	6
8749	6
8750	6
8751	6
8752	6
8753	6
8754	6
8755	6
8756	6
8757	6
8758	6
8759	6
8760	6
8761	6
8762	6
8763	6
8764	6
8765	6
8766	6
8767	6
8768	6
8769	6
8770	6
8771	6
8772	6
8773	6
8774	6
8775	6
8776	6
8777	6
8778	6
8779	6
8780	6
8781	6
8782	6
8783	6
8784	6
8785	6
8786	6
8787	6
8788	6
8789	6
8790	6
8791	6
8792	6
8793	6
8794	6
8795	6
8796	6
8797	6
8798	6
8799	6
8800	6
8801	6
8802	6
8803	6
8804	6
8805	6
8806	6
8807	6
8808	6
8809	7
8810	7
8811	7
8812	7
8813	7
8814	7
8815	7
8816	7
8817	7
8818	7
8819	7
8820	7
8821	7
8822	7
8823	8
8824	8
8825	8
8826	8
8827	8
8828	8
8829	8
8830	8
8831	8
8832	8
8833	8
8834	8
8835	8
8836	8
8837	8
8838	8
8839	8
8840	8
8841	8
8842	8
8843	8
8844	8
8845	8
8846	8
8847	8
8848	8
8849	8
8850	8
8851	8
8852	8
8853	8
8854	8
8855	8
8856	8
8857	8
8858	8
8859	8
8860	8
8861	8
8862	8
8863	8
8864	8
8865	8
8866	8
8867	8
8868	8
8869	8
8870	8
8871	8
8872	8
8873	8
8874	8
8875	8
8876	8
8877	8
8878	8
8879	8
8880	8
8881	8
8882	8
8883	8
8884	8
8885	8
8886	8
8887	8
8888	8
8889	8
8890	8
8891	8
8892	8
8893	8
8894	8
8895	8
8896	8
8897	8
8898	8
8899	8
8900	8
8901	8
8902	8
8903	8
8904	8
8905	8
8906	8
8907	8
8908	8
8909	8
8910	8
8911	8
8912	8
8913	8
8914	8
8915	8
8916	8
8917	8
8918	8
8919	8
8920	8
8921	8
8922	8
8923	8
8924	8
8925	8
8926	8
8927	8
8928	8
8929	8
8930	8
8931	8
8932	8
8933	8
8934	8
8935	8
8936	8
8937	8
8938	8
8939	8
8940	8
8941	8
8942	8
8943	8
8944	8
8945	8
8946	8
8947	8
8948	8
8949	8
8950	8
8951	8
8952	8
8953	8
8954	8
8955	8
8956	8
8957	8
8958	8
8959	8
8960	8
8961	8
8962	8
8963	8
8964	8
8965	8
8966	8
8967	8
8968	8
8969	8
8970	8
8971	8
8972	8
8973	8
8974	8
8975	8
8976	8
8977	8
8978	8
8979	8
8980	8
8981	8
8982	8
8983	8
8984	8
8985	8
8986	8
8987	8
8988	8
8989	8
8990	8
8991	8
8992	8
8993	8
8994	8
8995	8
8996	8
8997	8
8998	8
8999	8
9000	8
9001	8
9002	8
9003	8
9004	8
9005	8
9006	8
9007	8
9008	8
9009	8
9010	8
9011	8
9012	8
9013	8
9014	8
9015	8
9016	8
9017	8
9018	8
9019	8
9020	8
9021	8
9022	8
9023	8
9024	8
9025	8
9026	8
9027	8
9028	8
9029	8
9030	8
9031	8
9032	8
9033	8
9034	8
9035	8
9036	8
9037	8
9038	8
9039	8
9040	8
9041	8
9042	8
9043	8
9044	8
9045	8
9046	8
9047	8
9048	8
9049	8
9050	8
9051	8
9052	8
9053	8
9054	8
9055	8
9056	8
9057	8
9058	8
9059	8
9060	8
9061	8
9062	8
9063	8
9064	8
9065	8
9066	8
9067	8
9068	8
9069	8
9070	8
9071	8
9072	8
9073	8
9074	8
9075	8
9076	8
9077	8
9078	8
9079	8
9080	8
9081	8
9082	8
9083	8
9084	8
9085	8
9086	8
9087	8
9088	8
9089	8
9090	8
9091	8
9092	8
9093	8
9094	8
9095	8
9096	8
9097	8
9098	8
9099	8
9100	8
9101	8
9102	8
9103	8
9104	8
9105	8
9106	8
9107	8
9108	8
9109	8
9110	8
9111	8
9112	8
9113	8
9114	8
9115	8
9116	8
9117	8
9118	8
9119	8
9120	8
9121	8
9122	8
9123	8
9124	8
9125	8
9126	8
9127	8
9128	8
9129	8
9130	8
9131	8
9132	8
9133	8
9134	8
9135	8
9136	8
9137	8
9138	8
9139	8
9140	8
9141	8
9142	8
9143	8
9144	8
9145	8
9146	8
9147	8
9148	8
9149	8
9150	8
9151	8
9152	8
9153	8
9154	8
9155	8
9156	8
9157	8
9158	8
9159	8
9160	8
9161	8
9162	8
9163	8
9164	8
9165	8
9166	8
9167	8
9168	8
9169	8
9170	8
9171	8
9172	8
9173	8
9174	8
9175	8
9176	8
9177	8
9178	8
9179	8
9180	8
9181	8
9182	8
9183	8
9184	8
9185	8
9186	8
9187	8
9188	8
9189	8
9190	8
9191	8
9192	8
9193	8
9194	8
9195	8
9196	8
9197	8
9198	8
9199	8
9200	8
9201	8
9202	8
9203	8
9204	8
9205	8
9206	8
9207	8
9208	8
9209	8
9210	8
9211	8
9212	8
9213	8
9214	8
9215	8
9216	8
9217	8
9218	8
9219	8
9220	8
9221	8
9222	8
9223	8
9224	8
9225	8
9226	8
9227	8
9228	8
9229	8
9230	8
9231	8
9232	8
9233	8
9234	8
9235	8
9236	8
9237	8
9238	8
9239	8
9240	8
9241	8
9242	8
9243	8
9244	8
9245	8
9246	8
9247	8
9248	8
9249	8
9250	8
9251	8
9252	8
9253	8
9254	8
9255	8
9256	8
9257	8
9258	8
9259	8
9260	8
9261	8
9262	8
9263	8
9264	8
9265	8
9266	8
9267	8
9268	8
9269	8
9270	8
9271	8
9272	8
9273	8
9274	8
9275	8
9276	8
9277	8
9278	8
9279	8
9280	8
9281	8
9282	8
9283	8
9284	8
9285	8
9286	8
9287	8
9288	8
9289	8
9290	8
9291	8
9292	8
9293	8
9294	8
9295	8
9296	8
9297	8
9298	8
9299	8
9300	8
9301	8
9302	8
9303	8
9304	8
9305	8
9306	8
9307	8
9308	8
9309	8
9310	8
9311	8
9312	8
9313	8
9314	8
9315	8
9316	8
9317	8
9318	8
9319	8
9320	8
9321	8
9322	8
9323	8
9324	8
9325	8
9326	8
9327	8
9328	8
9329	8
9330	8
9331	8
9332	8
9333	8
9334	8
9335	8
9336	8
9337	8
9338	8
9339	8
9340	8
9341	8
9342	8
9343	8
9344	8
9345	8
9346	8
9347	8
9348	8
9349	8
9350	8
9351	8
9352	8
9353	8
9354	8
9355	8
9356	8
9357	8
9358	8
9359	8
9360	8
9361	8
9362	8
9363	8
9364	8
9365	8
9366	8
9367	8
9368	8
9369	8
9370	8
9371	8
9372	8
9373	8
9374	8
9375	8
9376	8
9377	8
9378	8
9379	8
9380	8
9381	8
9382	8
9383	8
9384	8
9385	8
9386	8
9387	8
9388	8
9389	8
9390	8
9391	8
9392	8
9393	8
9394	8
9395	8
9396	8
9397	8
9398	8
9399	8
9400	8
9401	8
9402	8
9403	8
9404	8
9405	8
9406	8
9407	8
9408	8
9409	8
9410	8
9411	8
9412	8
9413	8
9414	8
9415	8
9416	8
9417	8
9418	8
9419	8
9420	8
9421	8
9422	8
9423	8
9424	8
9425	8
9426	8
9427	8
9428	8
9429	8
9430	8
9431	8
9432	8
9433	8
9434	8
9435	8
9436	8
9437	8
9438	8
9439	8
9440	8
9441	8
9442	8
9443	8
9444	8
9445	8
9446	8
9447	8
9448	8
9449	8
9450	8
9451	8
9452	8
9453	8
9454	8
9455	8
9456	8
9457	8
9458	8
9459	8
9460	8
9461	8
9462	8
9463	8
9464	8
9465	8
9466	8
9467	8
9468	8
9469	8
9470	8
9471	8
9472	8
9473	8
9474	8
9475	8
9476	8
9477	8
9478	8
9479	8
9480	8
9481	8
9482	8
9483	8
9484	8
9485	8
9486	8
9487	8
9488	8
9489	8
9490	8
9491	8
9492	8
9493	8
9494	8
9495	8
9496	8
9497	8
9498	8
9499	8
9500	8
9501	8
9502	8
9503	8
9504	8
9505	8
9506	8
9507	8
9508	8
9509	8
9510	8
9511	8
9512	8
9513	8
9514	8
9515	8
9516	8
9517	8
9518	8
9519	8
9520	8
9521	8
9522	8
9523	8
9524	8
9525	8
9526	8
9527	8
9528	8
9529	8
9530	8
9531	8
9532	8
9533	8
9534	8
9535	8
9536	8
9537	8
9538	8
9539	8
9540	8
9541	8
9542	8
9543	8
9544	8
9545	8
9546	8
9547	8
9548	8
9549	8
9550	8
9551	8
9552	8
9553	8
9554	8
9555	8
9556	8
9557	8
9558	8
9559	8
9560	8
9561	8
9562	8
9563	8
9564	8
9565	8
9566	8
9567	8
9568	8
9569	8
9570	8
9571	8
9572	8
9573	8
9574	8
9575	8
9576	8
9577	8
9578	8
9579	8
9580	8
9581	8
9582	8
9583	8
9584	8
9585	8
9586	8
9587	8
9588	8
9589	8
9590	8
9591	8
9592	8
9593	8
9594	8
9595	8
9596	8
9597	8
9598	8
9599	8
9600	8
9601	8
9602	8
9603	8
9604	8
9605	8
9606	8
9607	8
9608	8
9609	8
9610	8
9611	8
9612	8
9613	8
9614	8
9615	8
9616	8
9617	8
9618	8
9619	8
9620	8
9621	8
9622	8
9623	8
9624	8
9625	8
9626	8
9627	8
9628	8
9629	8
9630	8
9631	8
9632	8
9633	8
9634	8
9635	8
9636	8
9637	8
9638	8
9639	8
9640	8
9641	8
9642	8
9643	8
9644	8
9645	8
9646	8
9647	8
9648	8
9649	8
9650	8
9651	8
9652	8
9653	8
9654	8
9655	8
9656	8
9657	8
9658	8
9659	8
9660	8
9661	8
9662	8
9663	8
9664	8
9665	8
9666	8
9667	8
9668	8
9669	8
9670	8
9671	8
9672	8
9673	8
9674	8
9675	8
9676	8
9677	8
9678	8
9679	8
9680	8
9681	8
9682	8
9683	8
9684	8
9685	8
9686	8
9687	8
9688	8
9689	8
9690	8
9691	8
9692	8
9693	8
9694	8
9695	8
9696	8
9697	8
9698	8
9699	8
9700	8
9701	8
9702	8
9703	8
9704	8
9705	8
9706	8
9707	8
9708	8
9709	8
9710	8
9711	8
9712	8
9713	8
9714	8
9715	8
9716	8
9717	8
9718	8
9719	8
9720	8
9721	8
9722	8
9723	8
9724	8
9725	8
9726	8
9727	8
9728	8
9729	8
9730	8
9731	8
9732	8
9733	8
9734	8
9735	8
9736	8
9737	8
9738	8
9739	8
9740	8
9741	8
9742	8
9743	8
9744	8
9745	8
9746	8
9747	8
9748	8
9749	8
9750	8
9751	8
9752	8
9753	8
9754	8
9755	8
9756	8
9757	8
9758	8
9759	8
9760	8
9761	8
9762	8
9763	8
9764	8
9765	8
9766	8
9767	8
9768	8
9769	8
9770	8
9771	8
9772	8
9773	8
9774	8
9775	8
9776	8
9777	8
9778	8
9779	8
9780	8
9781	8
9782	8
9783	8
9784	8
9785	8
9786	8
9787	8
9788	8
9789	8
9790	8
9791	8
9792	8
9793	8
9794	8
9795	8
9796	8
9797	8
9798	8
9799	8
9800	8
9801	8
9802	8
9803	8
9804	8
9805	8
9806	8
9807	8
9808	8
9809	8
9810	8
9811	8
9812	8
9813	8
9814	8
9815	8
9816	8
9817	8
9818	8
9819	8
9820	8
9821	8
9822	8
9823	8
9824	8
9825	8
9826	8
9827	8
9828	8
9829	8
9830	8
9831	8
9832	8
9833	8
9834	8
9835	8
9836	8
9837	8
9838	8
9839	8
9840	8
9841	8
9842	8
9843	8
9844	8
9845	8
9846	8
9847	8
9848	8
9849	8
9850	8
9851	8
9852	8
9853	8
9854	8
9855	8
9856	8
9857	8
9858	8
9859	8
9860	8
9861	8
9862	8
9863	8
9864	8
9865	8
9866	8
9867	8
9868	8
9869	8
9870	8
9871	8
9872	8
9873	8
9874	8
9875	8
9876	8
9877	8
9878	8
9879	8
9880	8
9881	8
9882	8
9883	8
9884	8
9885	8
9886	8
9887	8
9888	8
9889	8
9890	8
9891	8
9892	8
9893	8
9894	8
9895	8
9896	8
9897	8
9898	8
9899	8
9900	8
9901	8
9902	8
9903	8
9904	8
9905	8
9906	8
9907	8
9908	8
9909	8
9910	8
9911	8
9912	8
9913	8
9914	8
9915	8
9916	8
9917	8
9918	8
9919	8
9920	8
9921	8
9922	8
9923	8
9924	8
9925	8
9926	8
9927	8
9928	8
9929	8
9930	8
9931	8
9932	8
9933	8
9934	8
9935	8
9936	8
9937	8
9938	8
9939	8
9940	8
9941	8
9942	8
9943	8
9944	8
9945	8
9946	8
9947	8
9948	8
9949	8
9950	8
9951	8
9952	8
9953	8
9954	8
9955	8
9956	8
9957	8
9958	8
9959	8
9960	8
9961	8
9962	8
9963	8
9964	8
9965	8
9966	8
9967	8
9968	8
9969	8
9970	8
9971	8
9972	8
9973	8
9974	8
9975	8
9976	8
9977	8
9978	8
9979	8
9980	8
9981	8
9982	8
9983	8
9984	8
9985	8
9986	8
9987	8
9988	8
9989	8
9990	8
9991	8
9992	8
9993	8
9994	8
9995	8
9996	8
9997	8
9998	8
9999	8
10000	8
