#Clock	ItemsCollected
1	0
2	0
3	0
4	0
5	0
6	0
7	0
8	0
9	0
10	0
11	0
12	0
13	0
14	0
15	0
16	0
17	0
18	0
19	0
20	0
21	0
22	0
23	0
24	0
25	0
26	0
27	0
28	0
29	0
30	0
31	0
32	0
33	0
34	0
35	0
36	0
37	0
38	0
39	0
40	0
41	0
42	0
43	0
44	0
45	0
46	0
47	0
48	0
49	0
50	0
51	0
52	0
53	0
54	0
55	0
56	0
57	0
58	0
59	0
60	0
61	0
62	0
63	0
64	0
65	0
66	0
67	0
68	0
69	0
70	0
71	0
72	0
73	0
74	0
75	0
76	0
77	0
78	0
79	0
80	0
81	0
82	0
83	0
84	0
85	0
86	0
87	0
88	0
89	0
90	0
91	0
92	0
93	0
94	0
95	0
96	0
97	0
98	0
99	0
100	0
101	0
102	0
103	0
104	0
105	0
106	0
107	0
108	0
109	0
110	0
111	0
112	0
113	0
114	0
115	0
116	0
117	0
118	0
119	0
120	0
121	0
122	0
123	0
124	0
125	0
126	0
127	0
128	0
129	0
130	0
131	0
132	0
133	0
134	0
135	0
136	0
137	0
138	0
139	0
140	0
141	0
142	0
143	0
144	0
145	0
146	0
147	0
148	0
149	0
150	0
151	0
152	0
153	0
154	0
155	0
156	0
157	0
158	0
159	0
160	0
161	0
162	0
163	0
164	0
165	0
166	0
167	0
168	0
169	0
170	0
171	0
172	0
173	0
174	0
175	0
176	0
177	0
178	0
179	0
180	0
181	0
182	0
183	0
184	0
185	0
186	0
187	0
188	0
189	0
190	0
191	0
192	0
193	0
194	0
195	0
196	0
197	0
198	0
199	0
200	0
201	0
202	0
203	0
204	0
205	0
206	0
207	0
208	0
209	0
210	0
211	0
212	0
213	0
214	0
215	0
216	0
217	0
218	0
219	0
220	0
221	0
222	0
223	0
224	0
225	0
226	0
227	0
228	0
229	0
230	0
231	0
232	0
233	0
234	0
235	0
236	0
237	0
238	0
239	0
240	0
241	0
242	0
243	0
244	0
245	0
246	0
247	0
248	0
249	0
250	0
251	0
252	0
253	0
254	0
255	0
256	0
257	0
258	0
259	0
260	0
261	0
262	0
263	0
264	0
265	0
266	0
267	0
268	0
269	0
270	0
271	0
272	0
273	0
274	0
275	0
276	0
277	0
278	0
279	0
280	0
281	0
282	0
283	0
284	0
285	0
286	0
287	0
288	0
289	0
290	0
291	0
292	0
293	0
294	0
295	0
296	0
297	0
298	0
299	0
300	0
301	0
302	0
303	0
304	0
305	0
306	0
307	0
308	0
309	0
310	0
311	0
312	0
313	0
314	0
315	0
316	0
317	0
318	0
319	0
320	0
321	0
322	0
323	0
324	0
325	0
326	0
327	0
328	0
329	0
330	0
331	0
332	0
333	0
334	0
335	0
336	0
337	0
338	0
339	0
340	0
341	0
342	0
343	0
344	0
345	0
346	0
347	0
348	0
349	0
350	0
351	0
352	0
353	0
354	0
355	0
356	0
357	0
358	0
359	0
360	0
361	0
362	0
363	0
364	0
365	0
366	0
367	0
368	0
369	0
370	0
371	0
372	0
373	0
374	0
375	0
376	0
377	0
378	0
379	0
380	0
381	0
382	0
383	0
384	0
385	0
386	0
387	0
388	0
389	0
390	0
391	0
392	0
393	0
394	0
395	0
396	0
397	0
398	0
399	0
400	0
401	0
402	0
403	0
404	0
405	0
406	0
407	0
408	0
409	0
410	0
411	0
412	0
413	0
414	0
415	0
416	0
417	0
418	0
419	0
420	0
421	0
422	0
423	0
424	0
425	0
426	0
427	0
428	0
429	0
430	0
431	0
432	0
433	0
434	0
435	0
436	0
437	0
438	0
439	0
440	0
441	0
442	0
443	0
444	0
445	0
446	0
447	0
448	0
449	0
450	0
451	0
452	0
453	0
454	0
455	0
456	0
457	0
458	0
459	0
460	0
461	0
462	0
463	0
464	0
465	0
466	0
467	0
468	0
469	0
470	0
471	0
472	0
473	0
474	0
475	0
476	0
477	0
478	0
479	0
480	0
481	0
482	0
483	0
484	0
485	0
486	0
487	0
488	0
489	0
490	0
491	0
492	0
493	0
494	0
495	0
496	0
497	0
498	0
499	0
500	0
501	0
502	0
503	0
504	0
505	0
506	0
507	0
508	0
509	0
510	0
511	0
512	0
513	0
514	0
515	0
516	0
517	0
518	0
519	0
520	0
521	0
522	0
523	0
524	0
525	0
526	0
527	0
528	0
529	0
530	0
531	0
532	0
533	0
534	0
535	0
536	0
537	0
538	0
539	0
540	0
541	0
542	0
543	0
544	0
545	0
546	0
547	0
548	0
549	0
550	0
551	0
552	0
553	0
554	0
555	0
556	0
557	0
558	0
559	0
560	0
561	0
562	0
563	0
564	0
565	0
566	0
567	0
568	0
569	0
570	0
571	0
572	0
573	0
574	0
575	0
576	0
577	0
578	0
579	0
580	0
581	0
582	0
583	0
584	0
585	0
586	0
587	0
588	0
589	0
590	0
591	0
592	0
593	0
594	0
595	0
596	0
597	0
598	0
599	0
600	0
601	0
602	0
603	0
604	0
605	0
606	0
607	0
608	0
609	0
610	0
611	0
612	0
613	0
614	0
615	0
616	0
617	0
618	0
619	0
620	0
621	0
622	0
623	0
624	0
625	0
626	0
627	0
628	0
629	0
630	0
631	0
632	0
633	0
634	0
635	0
636	0
637	0
638	0
639	0
640	0
641	0
642	0
643	0
644	0
645	0
646	0
647	0
648	0
649	0
650	0
651	0
652	0
653	0
654	0
655	0
656	0
657	0
658	0
659	0
660	0
661	0
662	0
663	0
664	0
665	0
666	0
667	0
668	0
669	0
670	0
671	0
672	0
673	0
674	0
675	0
676	0
677	0
678	0
679	0
680	0
681	0
682	0
683	0
684	0
685	0
686	0
687	0
688	0
689	0
690	0
691	0
692	0
693	0
694	0
695	0
696	0
697	0
698	0
699	0
700	0
701	0
702	0
703	0
704	0
705	0
706	0
707	0
708	0
709	0
710	0
711	0
712	0
713	0
714	0
715	0
716	0
717	0
718	0
719	0
720	0
721	0
722	0
723	0
724	0
725	0
726	0
727	0
728	0
729	0
730	0
731	0
732	0
733	0
734	0
735	0
736	0
737	0
738	0
739	0
740	0
741	0
742	0
743	0
744	0
745	0
746	0
747	0
748	0
749	0
750	0
751	0
752	0
753	0
754	0
755	0
756	0
757	0
758	0
759	0
760	0
761	0
762	0
763	0
764	0
765	0
766	0
767	0
768	0
769	0
770	0
771	0
772	0
773	0
774	0
775	0
776	0
777	0
778	0
779	0
780	0
781	0
782	0
783	0
784	0
785	0
786	0
787	0
788	0
789	0
790	0
791	0
792	0
793	0
794	0
795	0
796	0
797	0
798	0
799	0
800	0
801	0
802	0
803	0
804	0
805	0
806	0
807	0
808	0
809	0
810	0
811	0
812	0
813	0
814	0
815	0
816	0
817	0
818	0
819	0
820	0
821	0
822	0
823	0
824	0
825	0
826	0
827	0
828	0
829	0
830	0
831	0
832	0
833	0
834	0
835	0
836	0
837	0
838	0
839	0
840	0
841	0
842	0
843	0
844	0
845	0
846	0
847	0
848	0
849	0
850	0
851	0
852	0
853	0
854	0
855	0
856	0
857	0
858	0
859	0
860	0
861	0
862	0
863	0
864	0
865	0
866	0
867	0
868	0
869	0
870	0
871	0
872	0
873	0
874	0
875	0
876	0
877	0
878	0
879	0
880	0
881	0
882	0
883	0
884	0
885	0
886	0
887	0
888	0
889	0
890	0
891	0
892	0
893	0
894	0
895	0
896	0
897	0
898	0
899	0
900	0
901	0
902	0
903	0
904	0
905	0
906	0
907	0
908	0
909	0
910	0
911	0
912	0
913	0
914	0
915	0
916	0
917	0
918	0
919	0
920	0
921	0
922	0
923	0
924	0
925	0
926	0
927	0
928	0
929	0
930	0
931	0
932	0
933	0
934	0
935	0
936	0
937	0
938	0
939	0
940	0
941	0
942	0
943	0
944	0
945	0
946	0
947	0
948	0
949	0
950	0
951	0
952	0
953	0
954	0
955	0
956	0
957	0
958	0
959	0
960	0
961	0
962	0
963	0
964	0
965	0
966	0
967	0
968	0
969	0
970	0
971	0
972	0
973	0
974	0
975	0
976	0
977	0
978	0
979	0
980	0
981	0
982	0
983	0
984	0
985	0
986	0
987	0
988	0
989	0
990	0
991	0
992	0
993	0
994	0
995	0
996	0
997	0
998	0
999	0
1000	0
1001	0
1002	0
1003	0
1004	0
1005	0
1006	0
1007	0
1008	0
1009	0
1010	0
1011	0
1012	0
1013	0
1014	0
1015	0
1016	0
1017	0
1018	0
1019	0
1020	0
1021	0
1022	0
1023	0
1024	0
1025	0
1026	0
1027	0
1028	0
1029	0
1030	0
1031	0
1032	0
1033	0
1034	0
1035	0
1036	0
1037	0
1038	0
1039	0
1040	0
1041	0
1042	0
1043	0
1044	0
1045	0
1046	0
1047	0
1048	0
1049	0
1050	0
1051	0
1052	0
1053	0
1054	0
1055	0
1056	0
1057	0
1058	0
1059	0
1060	0
1061	0
1062	0
1063	0
1064	0
1065	0
1066	0
1067	0
1068	0
1069	0
1070	0
1071	0
1072	0
1073	0
1074	0
1075	0
1076	0
1077	0
1078	0
1079	0
1080	0
1081	0
1082	0
1083	0
1084	0
1085	0
1086	0
1087	0
1088	0
1089	0
1090	0
1091	0
1092	0
1093	0
1094	0
1095	0
1096	0
1097	0
1098	0
1099	0
1100	0
1101	0
1102	0
1103	0
1104	0
1105	0
1106	0
1107	0
1108	0
1109	0
1110	0
1111	0
1112	0
1113	0
1114	0
1115	0
1116	0
1117	0
1118	0
1119	0
1120	0
1121	0
1122	0
1123	0
1124	0
1125	0
1126	0
1127	0
1128	0
1129	0
1130	0
1131	0
1132	0
1133	0
1134	0
1135	0
1136	0
1137	0
1138	0
1139	0
1140	0
1141	0
1142	0
1143	0
1144	0
1145	0
1146	0
1147	0
1148	0
1149	0
1150	0
1151	0
1152	0
1153	0
1154	0
1155	0
1156	0
1157	0
1158	0
1159	0
1160	0
1161	0
1162	0
1163	0
1164	0
1165	0
1166	0
1167	0
1168	0
1169	0
1170	0
1171	0
1172	0
1173	0
1174	0
1175	0
1176	0
1177	0
1178	0
1179	0
1180	0
1181	0
1182	0
1183	0
1184	0
1185	0
1186	0
1187	0
1188	0
1189	0
1190	0
1191	0
1192	0
1193	0
1194	0
1195	0
1196	0
1197	0
1198	0
1199	0
1200	0
1201	0
1202	0
1203	0
1204	0
1205	0
1206	0
1207	0
1208	0
1209	0
1210	0
1211	0
1212	0
1213	0
1214	0
1215	0
1216	0
1217	0
1218	0
1219	0
1220	0
1221	0
1222	0
1223	0
1224	0
1225	0
1226	0
1227	0
1228	0
1229	0
1230	0
1231	0
1232	0
1233	0
1234	0
1235	0
1236	0
1237	0
1238	0
1239	0
1240	0
1241	0
1242	0
1243	0
1244	0
1245	0
1246	0
1247	0
1248	0
1249	0
1250	0
1251	0
1252	0
1253	0
1254	0
1255	0
1256	0
1257	0
1258	0
1259	0
1260	0
1261	0
1262	0
1263	0
1264	0
1265	0
1266	0
1267	0
1268	0
1269	0
1270	0
1271	0
1272	0
1273	0
1274	0
1275	0
1276	0
1277	0
1278	0
1279	0
1280	0
1281	0
1282	0
1283	0
1284	0
1285	0
1286	0
1287	0
1288	0
1289	0
1290	0
1291	0
1292	0
1293	0
1294	0
1295	0
1296	0
1297	0
1298	0
1299	0
1300	0
1301	0
1302	0
1303	0
1304	0
1305	0
1306	0
1307	0
1308	0
1309	0
1310	0
1311	0
1312	0
1313	0
1314	0
1315	0
1316	0
1317	0
1318	0
1319	0
1320	0
1321	0
1322	0
1323	0
1324	0
1325	0
1326	0
1327	0
1328	0
1329	0
1330	0
1331	0
1332	0
1333	0
1334	0
1335	0
1336	0
1337	0
1338	0
1339	0
1340	0
1341	0
1342	0
1343	0
1344	0
1345	0
1346	0
1347	0
1348	0
1349	0
1350	0
1351	0
1352	0
1353	0
1354	0
1355	0
1356	0
1357	0
1358	0
1359	0
1360	0
1361	0
1362	0
1363	0
1364	0
1365	0
1366	0
1367	0
1368	0
1369	0
1370	0
1371	0
1372	0
1373	0
1374	0
1375	0
1376	0
1377	0
1378	0
1379	0
1380	0
1381	0
1382	0
1383	0
1384	0
1385	0
1386	0
1387	0
1388	0
1389	0
1390	0
1391	0
1392	0
1393	0
1394	0
1395	0
1396	0
1397	0
1398	0
1399	0
1400	0
1401	0
1402	0
1403	0
1404	0
1405	0
1406	0
1407	0
1408	0
1409	0
1410	0
1411	0
1412	0
1413	0
1414	0
1415	0
1416	0
1417	0
1418	0
1419	0
1420	0
1421	0
1422	0
1423	0
1424	0
1425	0
1426	0
1427	0
1428	0
1429	0
1430	0
1431	0
1432	0
1433	0
1434	0
1435	0
1436	0
1437	0
1438	0
1439	0
1440	0
1441	0
1442	0
1443	0
1444	0
1445	0
1446	0
1447	0
1448	0
1449	0
1450	0
1451	0
1452	0
1453	0
1454	0
1455	0
1456	0
1457	0
1458	0
1459	0
1460	0
1461	0
1462	0
1463	0
1464	0
1465	0
1466	0
1467	0
1468	0
1469	0
1470	0
1471	0
1472	0
1473	0
1474	0
1475	0
1476	0
1477	0
1478	0
1479	0
1480	0
1481	0
1482	0
1483	0
1484	0
1485	0
1486	0
1487	0
1488	0
1489	0
1490	0
1491	0
1492	0
1493	0
1494	0
1495	0
1496	0
1497	0
1498	0
1499	0
1500	0
1501	0
1502	0
1503	0
1504	0
1505	0
1506	0
1507	0
1508	0
1509	0
1510	0
1511	0
1512	0
1513	0
1514	0
1515	0
1516	0
1517	0
1518	0
1519	0
1520	0
1521	0
1522	0
1523	0
1524	0
1525	0
1526	0
1527	0
1528	0
1529	0
1530	0
1531	0
1532	0
1533	0
1534	0
1535	0
1536	0
1537	0
1538	0
1539	0
1540	0
1541	0
1542	0
1543	0
1544	0
1545	0
1546	0
1547	0
1548	0
1549	0
1550	0
1551	0
1552	0
1553	0
1554	0
1555	0
1556	0
1557	0
1558	0
1559	0
1560	0
1561	0
1562	0
1563	0
1564	0
1565	0
1566	0
1567	0
1568	0
1569	0
1570	0
1571	0
1572	0
1573	0
1574	0
1575	0
1576	0
1577	0
1578	0
1579	0
1580	0
1581	0
1582	0
1583	0
1584	0
1585	0
1586	0
1587	0
1588	0
1589	0
1590	0
1591	0
1592	0
1593	0
1594	0
1595	0
1596	0
1597	0
1598	0
1599	0
1600	0
1601	0
1602	0
1603	0
1604	0
1605	0
1606	0
1607	0
1608	0
1609	0
1610	0
1611	0
1612	0
1613	0
1614	0
1615	0
1616	0
1617	0
1618	0
1619	0
1620	0
1621	0
1622	0
1623	0
1624	0
1625	0
1626	0
1627	0
1628	0
1629	0
1630	0
1631	0
1632	0
1633	0
1634	0
1635	0
1636	0
1637	0
1638	0
1639	0
1640	0
1641	0
1642	0
1643	0
1644	0
1645	0
1646	0
1647	0
1648	0
1649	0
1650	0
1651	0
1652	0
1653	0
1654	0
1655	0
1656	0
1657	0
1658	0
1659	0
1660	0
1661	0
1662	0
1663	0
1664	0
1665	0
1666	0
1667	0
1668	0
1669	0
1670	0
1671	0
1672	0
1673	0
1674	0
1675	0
1676	0
1677	0
1678	0
1679	0
1680	0
1681	0
1682	0
1683	0
1684	0
1685	0
1686	0
1687	0
1688	0
1689	0
1690	0
1691	0
1692	0
1693	0
1694	0
1695	0
1696	0
1697	0
1698	0
1699	0
1700	0
1701	0
1702	0
1703	0
1704	0
1705	0
1706	0
1707	0
1708	0
1709	0
1710	0
1711	0
1712	0
1713	0
1714	0
1715	0
1716	0
1717	0
1718	0
1719	0
1720	0
1721	0
1722	0
1723	0
1724	0
1725	0
1726	0
1727	0
1728	0
1729	0
1730	0
1731	0
1732	0
1733	0
1734	0
1735	0
1736	0
1737	0
1738	0
1739	0
1740	0
1741	0
1742	0
1743	0
1744	0
1745	0
1746	0
1747	0
1748	0
1749	0
1750	0
1751	0
1752	0
1753	0
1754	0
1755	0
1756	0
1757	0
1758	0
1759	0
1760	0
1761	0
1762	0
1763	0
1764	0
1765	0
1766	0
1767	0
1768	0
1769	0
1770	0
1771	0
1772	0
1773	0
1774	0
1775	0
1776	0
1777	0
1778	0
1779	0
1780	0
1781	0
1782	0
1783	0
1784	0
1785	0
1786	0
1787	0
1788	0
1789	0
1790	0
1791	0
1792	0
1793	0
1794	0
1795	0
1796	0
1797	0
1798	0
1799	0
1800	0
1801	0
1802	0
1803	0
1804	0
1805	0
1806	0
1807	0
1808	0
1809	0
1810	0
1811	0
1812	0
1813	0
1814	0
1815	0
1816	0
1817	0
1818	0
1819	0
1820	0
1821	0
1822	0
1823	0
1824	0
1825	0
1826	0
1827	0
1828	0
1829	0
1830	0
1831	0
1832	0
1833	0
1834	0
1835	0
1836	0
1837	0
1838	0
1839	0
1840	0
1841	0
1842	0
1843	0
1844	0
1845	0
1846	0
1847	0
1848	0
1849	0
1850	0
1851	0
1852	0
1853	0
1854	0
1855	0
1856	0
1857	0
1858	0
1859	0
1860	0
1861	0
1862	0
1863	0
1864	0
1865	0
1866	0
1867	0
1868	0
1869	0
1870	0
1871	0
1872	0
1873	0
1874	0
1875	0
1876	0
1877	0
1878	0
1879	0
1880	0
1881	0
1882	0
1883	0
1884	0
1885	0
1886	0
1887	0
1888	0
1889	0
1890	0
1891	0
1892	0
1893	0
1894	0
1895	0
1896	0
1897	0
1898	0
1899	0
1900	0
1901	0
1902	0
1903	0
1904	0
1905	0
1906	0
1907	0
1908	0
1909	0
1910	0
1911	0
1912	0
1913	0
1914	0
1915	0
1916	0
1917	0
1918	0
1919	0
1920	0
1921	0
1922	0
1923	0
1924	0
1925	0
1926	0
1927	0
1928	0
1929	0
1930	0
1931	0
1932	0
1933	0
1934	0
1935	0
1936	0
1937	0
1938	0
1939	0
1940	0
1941	0
1942	0
1943	0
1944	0
1945	0
1946	0
1947	0
1948	0
1949	0
1950	0
1951	0
1952	0
1953	0
1954	0
1955	0
1956	0
1957	0
1958	0
1959	0
1960	0
1961	0
1962	0
1963	0
1964	0
1965	0
1966	0
1967	0
1968	0
1969	0
1970	0
1971	0
1972	0
1973	0
1974	0
1975	0
1976	0
1977	0
1978	0
1979	0
1980	0
1981	0
1982	0
1983	0
1984	0
1985	0
1986	0
1987	0
1988	0
1989	0
1990	0
1991	0
1992	0
1993	0
1994	0
1995	0
1996	0
1997	0
1998	0
1999	0
2000	0
2001	0
2002	0
2003	0
2004	0
2005	0
2006	0
2007	0
2008	0
2009	0
2010	0
2011	0
2012	0
2013	0
2014	0
2015	0
2016	0
2017	0
2018	0
2019	0
2020	0
2021	0
2022	0
2023	0
2024	0
2025	0
2026	0
2027	0
2028	0
2029	0
2030	0
2031	0
2032	0
2033	0
2034	0
2035	0
2036	0
2037	0
2038	0
2039	0
2040	0
2041	0
2042	0
2043	0
2044	0
2045	0
2046	0
2047	0
2048	0
2049	0
2050	0
2051	0
2052	0
2053	0
2054	0
2055	0
2056	0
2057	0
2058	0
2059	0
2060	0
2061	0
2062	0
2063	0
2064	0
2065	0
2066	0
2067	0
2068	0
2069	0
2070	0
2071	0
2072	0
2073	0
2074	0
2075	0
2076	0
2077	0
2078	0
2079	0
2080	0
2081	0
2082	0
2083	0
2084	0
2085	0
2086	0
2087	0
2088	0
2089	0
2090	0
2091	0
2092	0
2093	0
2094	0
2095	0
2096	0
2097	0
2098	0
2099	0
2100	0
2101	0
2102	0
2103	0
2104	0
2105	0
2106	0
2107	0
2108	0
2109	0
2110	0
2111	0
2112	0
2113	0
2114	0
2115	0
2116	0
2117	0
2118	0
2119	0
2120	0
2121	0
2122	0
2123	0
2124	0
2125	0
2126	0
2127	0
2128	0
2129	0
2130	0
2131	0
2132	0
2133	0
2134	0
2135	0
2136	0
2137	0
2138	0
2139	0
2140	0
2141	0
2142	0
2143	0
2144	0
2145	0
2146	0
2147	0
2148	0
2149	0
2150	0
2151	0
2152	0
2153	0
2154	0
2155	0
2156	0
2157	0
2158	0
2159	0
2160	0
2161	0
2162	0
2163	0
2164	0
2165	0
2166	0
2167	0
2168	0
2169	0
2170	0
2171	0
2172	0
2173	0
2174	0
2175	0
2176	0
2177	0
2178	0
2179	0
2180	0
2181	0
2182	0
2183	0
2184	0
2185	0
2186	0
2187	0
2188	0
2189	0
2190	0
2191	0
2192	0
2193	0
2194	0
2195	0
2196	0
2197	0
2198	0
2199	0
2200	0
2201	0
2202	0
2203	0
2204	0
2205	0
2206	0
2207	0
2208	0
2209	0
2210	0
2211	0
2212	0
2213	0
2214	0
2215	0
2216	0
2217	0
2218	0
2219	0
2220	0
2221	0
2222	0
2223	0
2224	0
2225	0
2226	0
2227	0
2228	0
2229	0
2230	0
2231	0
2232	0
2233	0
2234	0
2235	0
2236	0
2237	0
2238	0
2239	0
2240	0
2241	0
2242	0
2243	0
2244	0
2245	0
2246	0
2247	0
2248	0
2249	0
2250	0
2251	0
2252	0
2253	0
2254	0
2255	0
2256	0
2257	0
2258	0
2259	0
2260	0
2261	0
2262	0
2263	0
2264	0
2265	0
2266	0
2267	0
2268	0
2269	0
2270	0
2271	0
2272	0
2273	0
2274	0
2275	0
2276	0
2277	0
2278	0
2279	0
2280	0
2281	0
2282	0
2283	0
2284	0
2285	0
2286	0
2287	0
2288	0
2289	0
2290	0
2291	0
2292	0
2293	0
2294	0
2295	0
2296	0
2297	0
2298	0
2299	0
2300	0
2301	0
2302	0
2303	0
2304	0
2305	0
2306	0
2307	0
2308	0
2309	0
2310	0
2311	0
2312	0
2313	0
2314	0
2315	0
2316	0
2317	0
2318	0
2319	0
2320	0
2321	0
2322	0
2323	0
2324	0
2325	0
2326	0
2327	0
2328	0
2329	0
2330	0
2331	0
2332	0
2333	0
2334	0
2335	0
2336	0
2337	0
2338	0
2339	0
2340	0
2341	0
2342	0
2343	0
2344	0
2345	0
2346	0
2347	0
2348	0
2349	0
2350	0
2351	0
2352	0
2353	0
2354	0
2355	0
2356	0
2357	0
2358	0
2359	0
2360	0
2361	0
2362	0
2363	0
2364	0
2365	0
2366	0
2367	0
2368	0
2369	0
2370	0
2371	0
2372	0
2373	0
2374	0
2375	0
2376	0
2377	0
2378	0
2379	0
2380	0
2381	0
2382	0
2383	0
2384	0
2385	0
2386	0
2387	0
2388	0
2389	0
2390	0
2391	0
2392	0
2393	0
2394	0
2395	0
2396	0
2397	0
2398	0
2399	0
2400	0
2401	0
2402	0
2403	0
2404	0
2405	0
2406	0
2407	0
2408	0
2409	0
2410	0
2411	0
2412	0
2413	0
2414	0
2415	0
2416	0
2417	0
2418	0
2419	0
2420	0
2421	0
2422	0
2423	0
2424	0
2425	0
2426	0
2427	0
2428	0
2429	0
2430	0
2431	0
2432	0
2433	0
2434	0
2435	0
2436	0
2437	0
2438	0
2439	0
2440	0
2441	0
2442	0
2443	0
2444	0
2445	0
2446	0
2447	0
2448	0
2449	0
2450	0
2451	0
2452	0
2453	0
2454	0
2455	0
2456	0
2457	0
2458	0
2459	0
2460	0
2461	0
2462	0
2463	0
2464	0
2465	0
2466	0
2467	0
2468	0
2469	0
2470	0
2471	0
2472	0
2473	0
2474	0
2475	0
2476	0
2477	0
2478	0
2479	0
2480	0
2481	0
2482	0
2483	0
2484	0
2485	0
2486	0
2487	0
2488	0
2489	0
2490	0
2491	0
2492	0
2493	0
2494	0
2495	0
2496	0
2497	0
2498	0
2499	0
2500	0
2501	0
2502	0
2503	0
2504	0
2505	0
2506	0
2507	0
2508	0
2509	0
2510	0
2511	0
2512	0
2513	0
2514	0
2515	0
2516	0
2517	0
2518	0
2519	0
2520	0
2521	0
2522	0
2523	0
2524	0
2525	0
2526	0
2527	0
2528	0
2529	0
2530	0
2531	0
2532	0
2533	0
2534	0
2535	0
2536	0
2537	0
2538	0
2539	0
2540	0
2541	0
2542	0
2543	0
2544	0
2545	0
2546	0
2547	0
2548	0
2549	0
2550	0
2551	0
2552	0
2553	0
2554	0
2555	0
2556	0
2557	0
2558	0
2559	0
2560	0
2561	0
2562	0
2563	0
2564	0
2565	0
2566	0
2567	0
2568	0
2569	0
2570	0
2571	0
2572	0
2573	0
2574	0
2575	0
2576	0
2577	0
2578	0
2579	0
2580	0
2581	0
2582	0
2583	0
2584	0
2585	0
2586	0
2587	0
2588	0
2589	0
2590	0
2591	0
2592	0
2593	0
2594	0
2595	0
2596	0
2597	0
2598	0
2599	0
2600	0
2601	0
2602	0
2603	0
2604	0
2605	0
2606	0
2607	0
2608	0
2609	0
2610	0
2611	0
2612	0
2613	0
2614	0
2615	0
2616	0
2617	0
2618	0
2619	0
2620	0
2621	0
2622	0
2623	0
2624	0
2625	0
2626	0
2627	0
2628	0
2629	0
2630	0
2631	0
2632	0
2633	0
2634	0
2635	0
2636	0
2637	0
2638	0
2639	0
2640	0
2641	0
2642	0
2643	0
2644	0
2645	0
2646	0
2647	0
2648	0
2649	0
2650	0
2651	0
2652	0
2653	0
2654	0
2655	0
2656	0
2657	0
2658	0
2659	0
2660	0
2661	0
2662	0
2663	0
2664	0
2665	0
2666	0
2667	0
2668	0
2669	0
2670	0
2671	0
2672	0
2673	0
2674	0
2675	0
2676	0
2677	0
2678	0
2679	0
2680	0
2681	0
2682	0
2683	0
2684	0
2685	0
2686	0
2687	0
2688	0
2689	0
2690	0
2691	0
2692	0
2693	0
2694	0
2695	0
2696	0
2697	0
2698	0
2699	0
2700	0
2701	0
2702	0
2703	0
2704	0
2705	0
2706	0
2707	0
2708	0
2709	0
2710	0
2711	0
2712	0
2713	0
2714	0
2715	0
2716	0
2717	0
2718	0
2719	0
2720	0
2721	0
2722	0
2723	0
2724	0
2725	0
2726	0
2727	0
2728	0
2729	0
2730	0
2731	0
2732	0
2733	0
2734	0
2735	0
2736	0
2737	0
2738	0
2739	0
2740	0
2741	0
2742	0
2743	0
2744	0
2745	0
2746	0
2747	0
2748	0
2749	0
2750	0
2751	0
2752	0
2753	0
2754	0
2755	0
2756	0
2757	0
2758	0
2759	0
2760	0
2761	0
2762	0
2763	0
2764	0
2765	0
2766	0
2767	0
2768	0
2769	0
2770	0
2771	0
2772	0
2773	0
2774	0
2775	0
2776	0
2777	0
2778	0
2779	0
2780	0
2781	0
2782	0
2783	0
2784	0
2785	0
2786	0
2787	0
2788	0
2789	0
2790	0
2791	0
2792	0
2793	0
2794	0
2795	0
2796	0
2797	0
2798	0
2799	0
2800	0
2801	0
2802	0
2803	0
2804	0
2805	0
2806	0
2807	0
2808	0
2809	0
2810	0
2811	0
2812	0
2813	0
2814	0
2815	0
2816	0
2817	0
2818	0
2819	0
2820	0
2821	0
2822	0
2823	0
2824	0
2825	0
2826	0
2827	0
2828	0
2829	0
2830	0
2831	0
2832	0
2833	0
2834	0
2835	0
2836	0
2837	0
2838	0
2839	0
2840	0
2841	0
2842	0
2843	0
2844	0
2845	0
2846	0
2847	0
2848	0
2849	0
2850	0
2851	0
2852	0
2853	0
2854	0
2855	0
2856	0
2857	0
2858	0
2859	0
2860	0
2861	0
2862	0
2863	0
2864	0
2865	0
2866	0
2867	0
2868	0
2869	0
2870	0
2871	0
2872	0
2873	0
2874	0
2875	0
2876	0
2877	0
2878	0
2879	0
2880	0
2881	1
2882	1
2883	1
2884	1
2885	1
2886	1
2887	1
2888	1
2889	1
2890	1
2891	1
2892	1
2893	1
2894	1
2895	1
2896	1
2897	1
2898	1
2899	1
2900	1
2901	1
2902	1
2903	1
2904	1
2905	1
2906	1
2907	1
2908	1
2909	1
2910	1
2911	1
2912	1
2913	1
2914	1
2915	1
2916	1
2917	1
2918	1
2919	1
2920	1
2921	1
2922	1
2923	1
2924	1
2925	1
2926	1
2927	1
2928	1
2929	1
2930	1
2931	1
2932	1
2933	1
2934	1
2935	1
2936	1
2937	1
2938	1
2939	1
2940	1
2941	1
2942	1
2943	1
2944	1
2945	1
2946	1
2947	1
2948	1
2949	1
2950	1
2951	1
2952	1
2953	1
2954	1
2955	1
2956	1
2957	1
2958	1
2959	1
2960	1
2961	1
2962	1
2963	1
2964	1
2965	1
2966	1
2967	1
2968	1
2969	1
2970	1
2971	1
2972	1
2973	1
2974	1
2975	1
2976	1
2977	1
2978	1
2979	1
2980	1
2981	1
2982	1
2983	1
2984	1
2985	1
2986	1
2987	1
2988	1
2989	1
2990	1
2991	1
2992	1
2993	1
2994	1
2995	1
2996	1
2997	1
2998	1
2999	1
3000	1
3001	1
3002	1
3003	1
3004	1
3005	1
3006	1
3007	1
3008	1
3009	1
3010	1
3011	1
3012	1
3013	1
3014	1
3015	1
3016	1
3017	1
3018	1
3019	1
3020	1
3021	1
3022	1
3023	1
3024	1
3025	1
3026	1
3027	1
3028	1
3029	1
3030	1
3031	1
3032	1
3033	1
3034	1
3035	1
3036	1
3037	1
3038	1
3039	1
3040	1
3041	1
3042	1
3043	1
3044	1
3045	1
3046	1
3047	1
3048	1
3049	1
3050	1
3051	1
3052	1
3053	1
3054	1
3055	1
3056	1
3057	1
3058	1
3059	1
3060	1
3061	1
3062	1
3063	1
3064	1
3065	1
3066	1
3067	1
3068	1
3069	1
3070	1
3071	1
3072	1
3073	1
3074	1
3075	1
3076	1
3077	1
3078	1
3079	1
3080	1
3081	1
3082	1
3083	1
3084	1
3085	1
3086	1
3087	1
3088	1
3089	1
3090	1
3091	1
3092	1
3093	1
3094	1
3095	1
3096	1
3097	1
3098	1
3099	1
3100	1
3101	1
3102	1
3103	1
3104	1
3105	1
3106	1
3107	1
3108	1
3109	1
3110	1
3111	1
3112	1
3113	1
3114	1
3115	1
3116	1
3117	1
3118	1
3119	1
3120	1
3121	1
3122	1
3123	1
3124	1
3125	1
3126	1
3127	1
3128	1
3129	1
3130	1
3131	1
3132	1
3133	1
3134	1
3135	1
3136	1
3137	1
3138	1
3139	1
3140	1
3141	1
3142	1
3143	1
3144	1
3145	1
3146	1
3147	1
3148	1
3149	1
3150	1
3151	1
3152	1
3153	1
3154	1
3155	1
3156	1
3157	1
3158	1
3159	1
3160	1
3161	1
3162	1
3163	1
3164	1
3165	1
3166	1
3167	1
3168	1
3169	1
3170	1
3171	1
3172	1
3173	1
3174	1
3175	1
3176	1
3177	1
3178	1
3179	1
3180	1
3181	1
3182	1
3183	1
3184	1
3185	1
3186	1
3187	1
3188	1
3189	1
3190	1
3191	1
3192	1
3193	1
3194	1
3195	1
3196	1
3197	1
3198	1
3199	1
3200	1
3201	1
3202	1
3203	1
3204	1
3205	1
3206	1
3207	1
3208	1
3209	1
3210	1
3211	1
3212	1
3213	1
3214	1
3215	1
3216	1
3217	1
3218	1
3219	1
3220	1
3221	1
3222	1
3223	1
3224	1
3225	1
3226	1
3227	1
3228	1
3229	1
3230	1
3231	1
3232	1
3233	1
3234	1
3235	1
3236	1
3237	1
3238	1
3239	1
3240	1
3241	1
3242	1
3243	1
3244	1
3245	1
3246	1
3247	1
3248	1
3249	1
3250	1
3251	1
3252	1
3253	1
3254	1
3255	1
3256	1
3257	1
3258	1
3259	1
3260	1
3261	1
3262	1
3263	1
3264	1
3265	1
3266	1
3267	1
3268	1
3269	1
3270	1
3271	1
3272	1
3273	1
3274	1
3275	1
3276	1
3277	1
3278	1
3279	1
3280	1
3281	1
3282	1
3283	1
3284	1
3285	1
3286	1
3287	1
3288	1
3289	1
3290	1
3291	1
3292	1
3293	1
3294	1
3295	1
3296	1
3297	1
3298	1
3299	1
3300	1
3301	1
3302	1
3303	1
3304	1
3305	1
3306	1
3307	1
3308	1
3309	1
3310	1
3311	1
3312	1
3313	1
3314	1
3315	1
3316	1
3317	1
3318	1
3319	1
3320	1
3321	1
3322	1
3323	1
3324	1
3325	1
3326	1
3327	1
3328	1
3329	1
3330	1
3331	1
3332	1
3333	1
3334	1
3335	1
3336	1
3337	1
3338	1
3339	1
3340	1
3341	1
3342	1
3343	1
3344	1
3345	1
3346	1
3347	1
3348	1
3349	1
3350	1
3351	1
3352	1
3353	1
3354	1
3355	1
3356	1
3357	1
3358	1
3359	1
3360	1
3361	1
3362	1
3363	1
3364	1
3365	1
3366	1
3367	1
3368	1
3369	1
3370	1
3371	1
3372	1
3373	1
3374	1
3375	1
3376	1
3377	1
3378	1
3379	1
3380	1
3381	1
3382	1
3383	1
3384	1
3385	1
3386	1
3387	1
3388	1
3389	1
3390	1
3391	1
3392	1
3393	1
3394	1
3395	1
3396	1
3397	1
3398	1
3399	1
3400	1
3401	1
3402	1
3403	1
3404	1
3405	1
3406	1
3407	1
3408	1
3409	1
3410	1
3411	1
3412	1
3413	1
3414	1
3415	1
3416	1
3417	1
3418	1
3419	1
3420	1
3421	1
3422	1
3423	1
3424	1
3425	1
3426	1
3427	1
3428	1
3429	1
3430	1
3431	1
3432	1
3433	1
3434	1
3435	1
3436	1
3437	1
3438	1
3439	1
3440	1
3441	1
3442	1
3443	1
3444	1
3445	1
3446	1
3447	1
3448	1
3449	1
3450	1
3451	1
3452	1
3453	1
3454	1
3455	1
3456	1
3457	1
3458	1
3459	1
3460	1
3461	1
3462	1
3463	1
3464	1
3465	1
3466	1
3467	1
3468	1
3469	1
3470	1
3471	1
3472	1
3473	1
3474	1
3475	1
3476	1
3477	1
3478	1
3479	1
3480	1
3481	1
3482	1
3483	1
3484	1
3485	1
3486	1
3487	1
3488	1
3489	1
3490	1
3491	1
3492	1
3493	1
3494	1
3495	1
3496	1
3497	1
3498	1
3499	1
3500	1
3501	1
3502	1
3503	1
3504	1
3505	1
3506	1
3507	1
3508	1
3509	1
3510	1
3511	1
3512	1
3513	1
3514	1
3515	1
3516	1
3517	1
3518	1
3519	1
3520	1
3521	1
3522	1
3523	1
3524	1
3525	1
3526	1
3527	1
3528	1
3529	1
3530	1
3531	1
3532	1
3533	1
3534	1
3535	1
3536	1
3537	1
3538	1
3539	1
3540	1
3541	1
3542	1
3543	1
3544	1
3545	1
3546	1
3547	1
3548	1
3549	1
3550	1
3551	1
3552	1
3553	1
3554	1
3555	1
3556	1
3557	1
3558	1
3559	1
3560	1
3561	1
3562	1
3563	1
3564	1
3565	1
3566	1
3567	1
3568	1
3569	1
3570	1
3571	1
3572	1
3573	1
3574	1
3575	1
3576	1
3577	1
3578	1
3579	1
3580	1
3581	1
3582	1
3583	1
3584	1
3585	1
3586	1
3587	1
3588	1
3589	1
3590	1
3591	1
3592	1
3593	1
3594	1
3595	1
3596	1
3597	1
3598	1
3599	1
3600	1
3601	1
3602	1
3603	1
3604	1
3605	1
3606	1
3607	1
3608	1
3609	1
3610	1
3611	1
3612	1
3613	1
3614	1
3615	1
3616	1
3617	1
3618	1
3619	1
3620	1
3621	1
3622	1
3623	1
3624	1
3625	1
3626	1
3627	1
3628	1
3629	1
3630	1
3631	1
3632	1
3633	1
3634	1
3635	1
3636	1
3637	1
3638	1
3639	1
3640	1
3641	1
3642	1
3643	1
3644	1
3645	1
3646	1
3647	1
3648	1
3649	1
3650	1
3651	1
3652	1
3653	1
3654	1
3655	1
3656	1
3657	1
3658	1
3659	1
3660	1
3661	1
3662	1
3663	1
3664	1
3665	1
3666	1
3667	1
3668	1
3669	1
3670	1
3671	1
3672	1
3673	1
3674	1
3675	1
3676	1
3677	1
3678	1
3679	1
3680	1
3681	1
3682	1
3683	1
3684	1
3685	1
3686	1
3687	1
3688	1
3689	1
3690	1
3691	1
3692	1
3693	1
3694	1
3695	1
3696	1
3697	1
3698	1
3699	1
3700	1
3701	1
3702	1
3703	1
3704	1
3705	1
3706	1
3707	1
3708	1
3709	1
3710	1
3711	1
3712	1
3713	1
3714	1
3715	1
3716	1
3717	1
3718	1
3719	1
3720	1
3721	1
3722	1
3723	1
3724	1
3725	1
3726	1
3727	1
3728	1
3729	1
3730	1
3731	1
3732	1
3733	1
3734	1
3735	1
3736	1
3737	1
3738	1
3739	1
3740	1
3741	1
3742	1
3743	1
3744	1
3745	1
3746	1
3747	1
3748	1
3749	1
3750	1
3751	1
3752	1
3753	1
3754	1
3755	1
3756	1
3757	1
3758	1
3759	1
3760	1
3761	1
3762	1
3763	1
3764	1
3765	1
3766	1
3767	1
3768	1
3769	1
3770	1
3771	1
3772	1
3773	1
3774	1
3775	1
3776	1
3777	1
3778	1
3779	1
3780	1
3781	1
3782	1
3783	1
3784	1
3785	1
3786	1
3787	1
3788	1
3789	1
3790	1
3791	1
3792	1
3793	1
3794	1
3795	1
3796	1
3797	1
3798	1
3799	1
3800	1
3801	1
3802	1
3803	1
3804	1
3805	1
3806	1
3807	1
3808	1
3809	1
3810	1
3811	1
3812	1
3813	1
3814	1
3815	1
3816	1
3817	1
3818	1
3819	1
3820	1
3821	1
3822	1
3823	1
3824	1
3825	1
3826	1
3827	1
3828	1
3829	1
3830	1
3831	1
3832	1
3833	1
3834	1
3835	1
3836	1
3837	1
3838	1
3839	1
3840	1
3841	1
3842	1
3843	1
3844	1
3845	1
3846	1
3847	1
3848	1
3849	1
3850	1
3851	1
3852	1
3853	1
3854	1
3855	1
3856	1
3857	1
3858	1
3859	1
3860	1
3861	1
3862	1
3863	1
3864	1
3865	1
3866	1
3867	1
3868	1
3869	1
3870	1
3871	1
3872	1
3873	1
3874	1
3875	1
3876	1
3877	1
3878	1
3879	1
3880	1
3881	1
3882	1
3883	1
3884	1
3885	1
3886	1
3887	1
3888	1
3889	1
3890	1
3891	1
3892	1
3893	1
3894	1
3895	1
3896	1
3897	1
3898	1
3899	1
3900	1
3901	1
3902	1
3903	1
3904	1
3905	1
3906	1
3907	1
3908	1
3909	1
3910	1
3911	1
3912	1
3913	1
3914	1
3915	1
3916	1
3917	1
3918	1
3919	1
3920	1
3921	1
3922	1
3923	1
3924	1
3925	1
3926	1
3927	1
3928	1
3929	1
3930	1
3931	1
3932	1
3933	1
3934	1
3935	1
3936	1
3937	1
3938	1
3939	1
3940	1
3941	1
3942	1
3943	1
3944	1
3945	1
3946	1
3947	1
3948	1
3949	1
3950	1
3951	1
3952	1
3953	1
3954	1
3955	1
3956	1
3957	1
3958	1
3959	1
3960	1
3961	1
3962	1
3963	1
3964	1
3965	1
3966	1
3967	1
3968	1
3969	1
3970	1
3971	1
3972	1
3973	1
3974	1
3975	1
3976	1
3977	1
3978	1
3979	1
3980	1
3981	1
3982	1
3983	1
3984	1
3985	1
3986	1
3987	1
3988	1
3989	1
3990	1
3991	1
3992	1
3993	1
3994	1
3995	1
3996	1
3997	1
3998	1
3999	1
4000	1
4001	1
4002	1
4003	1
4004	1
4005	1
4006	1
4007	1
4008	1
4009	1
4010	1
4011	1
4012	1
4013	1
4014	1
4015	1
4016	1
4017	1
4018	1
4019	1
4020	1
4021	2
4022	2
4023	2
4024	2
4025	2
4026	2
4027	2
4028	2
4029	2
4030	2
4031	2
4032	2
4033	2
4034	2
4035	2
4036	2
4037	2
4038	2
4039	2
4040	2
4041	2
4042	2
4043	2
4044	2
4045	2
4046	2
4047	2
4048	2
4049	2
4050	2
4051	2
4052	2
4053	2
4054	2
4055	2
4056	2
4057	2
4058	2
4059	2
4060	2
4061	2
4062	2
4063	2
4064	2
4065	2
4066	2
4067	2
4068	2
4069	2
4070	2
4071	2
4072	2
4073	2
4074	2
4075	2
4076	2
4077	2
4078	2
4079	2
4080	2
4081	2
4082	2
4083	2
4084	2
4085	2
4086	2
4087	2
4088	2
4089	2
4090	2
4091	2
4092	2
4093	2
4094	2
4095	2
4096	2
4097	2
4098	2
4099	2
4100	2
4101	2
4102	2
4103	2
4104	2
4105	2
4106	2
4107	2
4108	2
4109	2
4110	2
4111	2
4112	2
4113	2
4114	2
4115	2
4116	2
4117	2
4118	2
4119	2
4120	2
4121	2
4122	2
4123	2
4124	2
4125	2
4126	3
4127	3
4128	3
4129	3
4130	3
4131	3
4132	3
4133	3
4134	3
4135	3
4136	3
4137	3
4138	3
4139	3
4140	3
4141	3
4142	3
4143	3
4144	3
4145	3
4146	3
4147	3
4148	3
4149	3
4150	3
4151	3
4152	3
4153	3
4154	3
4155	3
4156	3
4157	3
4158	3
4159	3
4160	3
4161	3
4162	3
4163	3
4164	3
4165	3
4166	3
4167	3
4168	3
4169	3
4170	3
4171	3
4172	3
4173	3
4174	3
4175	3
4176	3
4177	3
4178	3
4179	3
4180	3
4181	3
4182	3
4183	3
4184	3
4185	3
4186	3
4187	3
4188	3
4189	3
4190	3
4191	3
4192	3
4193	3
4194	3
4195	3
4196	3
4197	3
4198	3
4199	3
4200	3
4201	3
4202	3
4203	3
4204	3
4205	3
4206	3
4207	3
4208	3
4209	3
4210	3
4211	3
4212	3
4213	3
4214	3
4215	3
4216	3
4217	3
4218	3
4219	3
4220	3
4221	3
4222	3
4223	3
4224	3
4225	3
4226	3
4227	3
4228	3
4229	3
4230	3
4231	3
4232	3
4233	3
4234	3
4235	3
4236	3
4237	3
4238	3
4239	3
4240	3
4241	3
4242	3
4243	3
4244	3
4245	3
4246	3
4247	3
4248	3
4249	3
4250	3
4251	3
4252	3
4253	3
4254	3
4255	3
4256	3
4257	3
4258	3
4259	3
4260	3
4261	3
4262	3
4263	3
4264	3
4265	3
4266	3
4267	3
4268	3
4269	3
4270	3
4271	3
4272	3
4273	3
4274	3
4275	3
4276	3
4277	3
4278	3
4279	3
4280	3
4281	3
4282	3
4283	3
4284	3
4285	3
4286	3
4287	3
4288	3
4289	3
4290	3
4291	3
4292	3
4293	3
4294	3
4295	3
4296	3
4297	3
4298	3
4299	3
4300	3
4301	3
4302	3
4303	3
4304	3
4305	3
4306	3
4307	3
4308	3
4309	3
4310	3
4311	3
4312	3
4313	3
4314	3
4315	3
4316	3
4317	3
4318	3
4319	3
4320	3
4321	3
4322	3
4323	3
4324	3
4325	3
4326	3
4327	3
4328	3
4329	3
4330	3
4331	3
4332	3
4333	3
4334	3
4335	3
4336	3
4337	3
4338	3
4339	3
4340	3
4341	3
4342	3
4343	3
4344	3
4345	3
4346	3
4347	3
4348	3
4349	3
4350	3
4351	3
4352	3
4353	3
4354	3
4355	3
4356	3
4357	3
4358	3
4359	3
4360	3
4361	3
4362	3
4363	3
4364	3
4365	3
4366	3
4367	3
4368	3
4369	3
4370	3
4371	3
4372	3
4373	3
4374	3
4375	3
4376	3
4377	3
4378	3
4379	3
4380	3
4381	3
4382	3
4383	3
4384	3
4385	3
4386	3
4387	3
4388	3
4389	3
4390	3
4391	3
4392	3
4393	3
4394	3
4395	3
4396	3
4397	3
4398	3
4399	3
4400	3
4401	3
4402	3
4403	3
4404	3
4405	3
4406	3
4407	3
4408	3
4409	3
4410	3
4411	3
4412	3
4413	3
4414	3
4415	3
4416	3
4417	3
4418	3
4419	3
4420	3
4421	3
4422	3
4423	3
4424	3
4425	3
4426	3
4427	3
4428	3
4429	3
4430	3
4431	3
4432	3
4433	3
4434	3
4435	3
4436	3
4437	3
4438	3
4439	3
4440	3
4441	3
4442	3
4443	3
4444	3
4445	3
4446	3
4447	3
4448	3
4449	3
4450	3
4451	3
4452	3
4453	3
4454	3
4455	3
4456	3
4457	3
4458	3
4459	3
4460	3
4461	3
4462	3
4463	3
4464	3
4465	3
4466	3
4467	3
4468	3
4469	3
4470	3
4471	3
4472	3
4473	3
4474	3
4475	3
4476	3
4477	3
4478	3
4479	3
4480	3
4481	3
4482	3
4483	3
4484	3
4485	3
4486	3
4487	3
4488	3
4489	3
4490	3
4491	3
4492	3
4493	3
4494	3
4495	3
4496	3
4497	3
4498	3
4499	3
4500	3
4501	3
4502	3
4503	3
4504	3
4505	3
4506	3
4507	3
4508	3
4509	3
4510	3
4511	3
4512	3
4513	3
4514	3
4515	3
4516	3
4517	3
4518	3
4519	3
4520	3
4521	3
4522	3
4523	3
4524	3
4525	3
4526	3
4527	3
4528	3
4529	3
4530	3
4531	3
4532	3
4533	3
4534	3
4535	3
4536	3
4537	3
4538	3
4539	3
4540	3
4541	3
4542	3
4543	3
4544	3
4545	3
4546	3
4547	3
4548	3
4549	3
4550	3
4551	3
4552	3
4553	3
4554	3
4555	3
4556	3
4557	3
4558	3
4559	3
4560	3
4561	3
4562	3
4563	3
4564	3
4565	3
4566	3
4567	3
4568	3
4569	3
4570	3
4571	3
4572	3
4573	3
4574	3
4575	3
4576	3
4577	3
4578	3
4579	3
4580	3
4581	3
4582	3
4583	3
4584	3
4585	3
4586	3
4587	3
4588	3
4589	3
4590	3
4591	3
4592	3
4593	3
4594	3
4595	3
4596	3
4597	3
4598	3
4599	3
4600	3
4601	3
4602	3
4603	3
4604	3
4605	3
4606	3
4607	3
4608	3
4609	3
4610	3
4611	3
4612	3
4613	3
4614	3
4615	3
4616	3
4617	3
4618	3
4619	3
4620	3
4621	3
4622	3
4623	3
4624	3
4625	3
4626	3
4627	3
4628	3
4629	3
4630	3
4631	3
4632	3
4633	3
4634	3
4635	3
4636	3
4637	3
4638	3
4639	3
4640	3
4641	3
4642	3
4643	3
4644	3
4645	3
4646	3
4647	3
4648	3
4649	3
4650	3
4651	3
4652	3
4653	3
4654	3
4655	3
4656	3
4657	3
4658	3
4659	3
4660	3
4661	3
4662	3
4663	3
4664	3
4665	3
4666	3
4667	3
4668	3
4669	3
4670	3
4671	3
4672	3
4673	3
4674	3
4675	3
4676	3
4677	3
4678	3
4679	3
4680	3
4681	3
4682	3
4683	3
4684	3
4685	3
4686	3
4687	3
4688	3
4689	3
4690	3
4691	3
4692	3
4693	3
4694	3
4695	3
4696	3
4697	3
4698	3
4699	3
4700	3
4701	3
4702	3
4703	3
4704	3
4705	3
4706	3
4707	3
4708	3
4709	3
4710	3
4711	3
4712	3
4713	3
4714	3
4715	3
4716	3
4717	3
4718	3
4719	3
4720	3
4721	3
4722	3
4723	3
4724	3
4725	3
4726	3
4727	3
4728	3
4729	3
4730	3
4731	3
4732	3
4733	3
4734	3
4735	3
4736	3
4737	3
4738	3
4739	3
4740	3
4741	3
4742	3
4743	3
4744	3
4745	3
4746	3
4747	3
4748	3
4749	3
4750	3
4751	3
4752	3
4753	3
4754	3
4755	3
4756	3
4757	3
4758	3
4759	3
4760	3
4761	3
4762	3
4763	3
4764	3
4765	3
4766	3
4767	3
4768	3
4769	3
4770	3
4771	3
4772	3
4773	3
4774	3
4775	3
4776	3
4777	3
4778	3
4779	3
4780	3
4781	3
4782	3
4783	3
4784	3
4785	3
4786	3
4787	3
4788	3
4789	3
4790	3
4791	3
4792	3
4793	3
4794	3
4795	3
4796	3
4797	3
4798	3
4799	3
4800	3
4801	3
4802	3
4803	3
4804	3
4805	3
4806	3
4807	3
4808	3
4809	3
4810	3
4811	3
4812	3
4813	3
4814	3
4815	3
4816	3
4817	3
4818	3
4819	3
4820	3
4821	3
4822	3
4823	3
4824	3
4825	3
4826	3
4827	3
4828	3
4829	3
4830	3
4831	3
4832	3
4833	3
4834	3
4835	3
4836	3
4837	3
4838	3
4839	3
4840	3
4841	3
4842	3
4843	3
4844	3
4845	3
4846	3
4847	3
4848	3
4849	3
4850	3
4851	3
4852	3
4853	3
4854	3
4855	3
4856	3
4857	3
4858	3
4859	3
4860	3
4861	3
4862	3
4863	3
4864	3
4865	3
4866	3
4867	3
4868	3
4869	3
4870	3
4871	3
4872	3
4873	3
4874	3
4875	3
4876	3
4877	3
4878	3
4879	3
4880	3
4881	3
4882	3
4883	3
4884	3
4885	3
4886	3
4887	3
4888	3
4889	3
4890	3
4891	3
4892	3
4893	3
4894	3
4895	3
4896	3
4897	3
4898	3
4899	3
4900	3
4901	3
4902	3
4903	3
4904	3
4905	3
4906	3
4907	3
4908	3
4909	3
4910	3
4911	3
4912	3
4913	3
4914	3
4915	3
4916	3
4917	3
4918	3
4919	3
4920	3
4921	3
4922	3
4923	3
4924	3
4925	3
4926	3
4927	3
4928	3
4929	3
4930	3
4931	3
4932	3
4933	3
4934	3
4935	3
4936	3
4937	3
4938	3
4939	3
4940	3
4941	3
4942	3
4943	3
4944	3
4945	3
4946	3
4947	3
4948	3
4949	3
4950	3
4951	3
4952	3
4953	3
4954	3
4955	3
4956	3
4957	3
4958	3
4959	3
4960	3
4961	3
4962	3
4963	3
4964	3
4965	3
4966	3
4967	3
4968	3
4969	3
4970	3
4971	3
4972	3
4973	3
4974	3
4975	3
4976	3
4977	3
4978	3
4979	3
4980	3
4981	3
4982	3
4983	3
4984	3
4985	3
4986	3
4987	3
4988	3
4989	3
4990	3
4991	3
4992	3
4993	3
4994	3
4995	3
4996	3
4997	3
4998	3
4999	3
5000	3
5001	3
5002	3
5003	3
5004	3
5005	3
5006	3
5007	3
5008	3
5009	3
5010	3
5011	3
5012	3
5013	3
5014	3
5015	3
5016	3
5017	3
5018	3
5019	3
5020	3
5021	3
5022	3
5023	3
5024	3
5025	3
5026	3
5027	3
5028	3
5029	3
5030	3
5031	3
5032	3
5033	3
5034	3
5035	3
5036	3
5037	3
5038	3
5039	3
5040	3
5041	3
5042	3
5043	3
5044	3
5045	3
5046	3
5047	3
5048	3
5049	3
5050	3
5051	3
5052	3
5053	3
5054	3
5055	3
5056	3
5057	3
5058	3
5059	3
5060	3
5061	3
5062	3
5063	3
5064	3
5065	3
5066	3
5067	3
5068	3
5069	3
5070	3
5071	3
5072	3
5073	3
5074	3
5075	3
5076	3
5077	3
5078	3
5079	3
5080	3
5081	3
5082	3
5083	3
5084	3
5085	3
5086	3
5087	3
5088	3
5089	3
5090	3
5091	3
5092	3
5093	3
5094	3
5095	3
5096	3
5097	3
5098	3
5099	3
5100	3
5101	3
5102	3
5103	3
5104	3
5105	3
5106	3
5107	3
5108	3
5109	3
5110	3
5111	3
5112	3
5113	3
5114	3
5115	3
5116	3
5117	3
5118	3
5119	3
5120	3
5121	3
5122	3
5123	3
5124	3
5125	3
5126	3
5127	3
5128	3
5129	3
5130	3
5131	3
5132	3
5133	3
5134	3
5135	3
5136	3
5137	3
5138	3
5139	3
5140	3
5141	3
5142	3
5143	3
5144	3
5145	3
5146	3
5147	3
5148	3
5149	3
5150	3
5151	3
5152	3
5153	3
5154	3
5155	3
5156	3
5157	3
5158	3
5159	3
5160	3
5161	3
5162	3
5163	3
5164	3
5165	3
5166	3
5167	3
5168	3
5169	3
5170	3
5171	3
5172	3
5173	3
5174	3
5175	3
5176	3
5177	3
5178	3
5179	3
5180	3
5181	3
5182	3
5183	3
5184	3
5185	3
5186	3
5187	3
5188	3
5189	3
5190	3
5191	3
5192	3
5193	3
5194	3
5195	3
5196	3
5197	3
5198	3
5199	3
5200	3
5201	3
5202	3
5203	3
5204	3
5205	3
5206	3
5207	3
5208	3
5209	3
5210	3
5211	3
5212	3
5213	3
5214	3
5215	3
5216	3
5217	3
5218	3
5219	3
5220	3
5221	3
5222	3
5223	3
5224	3
5225	3
5226	3
5227	3
5228	3
5229	3
5230	3
5231	3
5232	3
5233	3
5234	3
5235	3
5236	3
5237	3
5238	3
5239	3
5240	3
5241	3
5242	3
5243	3
5244	3
5245	3
5246	3
5247	3
5248	3
5249	3
5250	3
5251	3
5252	3
5253	3
5254	3
5255	3
5256	3
5257	3
5258	3
5259	3
5260	3
5261	3
5262	3
5263	3
5264	3
5265	3
5266	3
5267	3
5268	3
5269	3
5270	3
5271	3
5272	3
5273	3
5274	3
5275	3
5276	3
5277	3
5278	3
5279	3
5280	3
5281	3
5282	3
5283	3
5284	3
5285	3
5286	3
5287	3
5288	3
5289	3
5290	3
5291	3
5292	3
5293	3
5294	3
5295	3
5296	3
5297	3
5298	3
5299	3
5300	3
5301	3
5302	3
5303	3
5304	3
5305	3
5306	3
5307	3
5308	3
5309	3
5310	3
5311	3
5312	3
5313	3
5314	3
5315	3
5316	3
5317	3
5318	3
5319	3
5320	3
5321	3
5322	3
5323	3
5324	3
5325	3
5326	3
5327	3
5328	3
5329	3
5330	3
5331	3
5332	3
5333	3
5334	3
5335	3
5336	3
5337	3
5338	3
5339	3
5340	3
5341	3
5342	3
5343	3
5344	3
5345	3
5346	3
5347	3
5348	3
5349	3
5350	3
5351	3
5352	3
5353	3
5354	3
5355	3
5356	3
5357	3
5358	3
5359	3
5360	3
5361	3
5362	3
5363	3
5364	3
5365	3
5366	3
5367	3
5368	3
5369	3
5370	3
5371	3
5372	3
5373	3
5374	3
5375	3
5376	3
5377	3
5378	3
5379	3
5380	3
5381	3
5382	3
5383	3
5384	3
5385	3
5386	3
5387	3
5388	3
5389	3
5390	3
5391	3
5392	3
5393	3
5394	3
5395	3
5396	3
5397	3
5398	3
5399	3
5400	3
5401	3
5402	3
5403	3
5404	3
5405	3
5406	3
5407	3
5408	3
5409	3
5410	3
5411	3
5412	3
5413	3
5414	3
5415	3
5416	3
5417	3
5418	3
5419	3
5420	3
5421	3
5422	3
5423	3
5424	3
5425	3
5426	3
5427	3
5428	3
5429	3
5430	3
5431	3
5432	3
5433	3
5434	3
5435	3
5436	3
5437	3
5438	3
5439	3
5440	3
5441	3
5442	3
5443	3
5444	3
5445	3
5446	3
5447	3
5448	3
5449	3
5450	3
5451	3
5452	3
5453	3
5454	3
5455	3
5456	3
5457	3
5458	3
5459	3
5460	3
5461	3
5462	3
5463	3
5464	3
5465	3
5466	3
5467	3
5468	3
5469	3
5470	3
5471	3
5472	3
5473	3
5474	3
5475	3
5476	3
5477	3
5478	3
5479	3
5480	3
5481	3
5482	3
5483	3
5484	3
5485	3
5486	3
5487	3
5488	3
5489	3
5490	3
5491	3
5492	3
5493	3
5494	3
5495	3
5496	3
5497	3
5498	3
5499	3
5500	3
5501	3
5502	3
5503	3
5504	3
5505	3
5506	3
5507	3
5508	3
5509	3
5510	3
5511	3
5512	3
5513	3
5514	3
5515	3
5516	3
5517	3
5518	3
5519	3
5520	3
5521	3
5522	3
5523	3
5524	3
5525	3
5526	3
5527	3
5528	3
5529	3
5530	3
5531	3
5532	3
5533	3
5534	3
5535	3
5536	3
5537	3
5538	3
5539	3
5540	3
5541	3
5542	3
5543	3
5544	3
5545	3
5546	3
5547	3
5548	3
5549	3
5550	3
5551	3
5552	3
5553	3
5554	3
5555	3
5556	3
5557	3
5558	3
5559	3
5560	3
5561	3
5562	3
5563	3
5564	3
5565	3
5566	3
5567	3
5568	3
5569	3
5570	3
5571	3
5572	3
5573	3
5574	3
5575	3
5576	3
5577	3
5578	3
5579	3
5580	3
5581	3
5582	3
5583	3
5584	3
5585	3
5586	3
5587	3
5588	3
5589	3
5590	3
5591	3
5592	3
5593	3
5594	3
5595	3
5596	3
5597	3
5598	3
5599	3
5600	3
5601	3
5602	3
5603	3
5604	3
5605	3
5606	3
5607	3
5608	3
5609	3
5610	3
5611	3
5612	3
5613	3
5614	3
5615	3
5616	3
5617	3
5618	3
5619	3
5620	3
5621	3
5622	3
5623	3
5624	3
5625	3
5626	3
5627	3
5628	3
5629	3
5630	3
5631	3
5632	3
5633	3
5634	3
5635	3
5636	3
5637	3
5638	3
5639	3
5640	3
5641	3
5642	3
5643	3
5644	3
5645	3
5646	3
5647	3
5648	3
5649	3
5650	3
5651	3
5652	3
5653	3
5654	3
5655	3
5656	3
5657	3
5658	3
5659	3
5660	3
5661	3
5662	3
5663	3
5664	3
5665	3
5666	3
5667	3
5668	3
5669	3
5670	3
5671	3
5672	3
5673	3
5674	3
5675	3
5676	3
5677	3
5678	3
5679	3
5680	3
5681	3
5682	3
5683	3
5684	3
5685	3
5686	3
5687	3
5688	3
5689	3
5690	3
5691	3
5692	3
5693	3
5694	3
5695	3
5696	3
5697	3
5698	3
5699	3
5700	3
5701	3
5702	3
5703	3
5704	3
5705	3
5706	3
5707	3
5708	3
5709	3
5710	3
5711	3
5712	3
5713	3
5714	3
5715	3
5716	3
5717	3
5718	3
5719	3
5720	3
5721	3
5722	3
5723	3
5724	3
5725	3
5726	3
5727	3
5728	3
5729	3
5730	3
5731	3
5732	3
5733	3
5734	3
5735	3
5736	3
5737	3
5738	3
5739	3
5740	3
5741	3
5742	3
5743	3
5744	3
5745	3
5746	3
5747	3
5748	3
5749	3
5750	3
5751	3
5752	3
5753	3
5754	3
5755	3
5756	3
5757	3
5758	3
5759	3
5760	3
5761	3
5762	3
5763	3
5764	3
5765	3
5766	3
5767	3
5768	3
5769	3
5770	3
5771	3
5772	3
5773	3
5774	3
5775	3
5776	3
5777	3
5778	3
5779	3
5780	3
5781	3
5782	3
5783	3
5784	3
5785	3
5786	3
5787	3
5788	3
5789	3
5790	3
5791	3
5792	3
5793	3
5794	3
5795	3
5796	3
5797	3
5798	3
5799	3
5800	3
5801	3
5802	3
5803	3
5804	3
5805	3
5806	3
5807	3
5808	3
5809	3
5810	3
5811	3
5812	3
5813	3
5814	3
5815	3
5816	3
5817	3
5818	3
5819	3
5820	3
5821	3
5822	3
5823	3
5824	3
5825	3
5826	3
5827	3
5828	3
5829	3
5830	3
5831	3
5832	3
5833	3
5834	3
5835	3
5836	3
5837	3
5838	3
5839	3
5840	3
5841	3
5842	3
5843	3
5844	3
5845	3
5846	3
5847	3
5848	3
5849	3
5850	3
5851	3
5852	3
5853	3
5854	3
5855	3
5856	3
5857	3
5858	3
5859	3
5860	3
5861	3
5862	3
5863	3
5864	3
5865	3
5866	3
5867	3
5868	3
5869	3
5870	3
5871	3
5872	3
5873	3
5874	3
5875	3
5876	3
5877	3
5878	3
5879	3
5880	3
5881	3
5882	3
5883	3
5884	3
5885	3
5886	3
5887	3
5888	3
5889	3
5890	3
5891	3
5892	3
5893	3
5894	3
5895	3
5896	3
5897	3
5898	3
5899	3
5900	3
5901	3
5902	3
5903	3
5904	3
5905	3
5906	3
5907	3
5908	3
5909	3
5910	3
5911	3
5912	3
5913	3
5914	3
5915	3
5916	3
5917	3
5918	3
5919	3
5920	3
5921	3
5922	3
5923	3
5924	3
5925	3
5926	3
5927	3
5928	3
5929	3
5930	3
5931	3
5932	3
5933	3
5934	3
5935	3
5936	3
5937	3
5938	3
5939	3
5940	3
5941	3
5942	3
5943	3
5944	3
5945	3
5946	3
5947	3
5948	3
5949	3
5950	3
5951	3
5952	3
5953	3
5954	3
5955	3
5956	3
5957	3
5958	3
5959	3
5960	3
5961	3
5962	3
5963	3
5964	3
5965	3
5966	3
5967	3
5968	3
5969	3
5970	3
5971	3
5972	3
5973	3
5974	3
5975	3
5976	3
5977	3
5978	3
5979	3
5980	3
5981	3
5982	3
5983	3
5984	3
5985	3
5986	3
5987	3
5988	3
5989	3
5990	3
5991	3
5992	3
5993	3
5994	3
5995	3
5996	3
5997	3
5998	3
5999	3
6000	3
6001	3
6002	3
6003	3
6004	3
6005	3
6006	3
6007	3
6008	3
6009	3
6010	3
6011	3
6012	3
6013	3
6014	3
6015	3
6016	3
6017	3
6018	3
6019	3
6020	3
6021	3
6022	3
6023	3
6024	3
6025	3
6026	3
6027	3
6028	3
6029	3
6030	3
6031	3
6032	3
6033	3
6034	3
6035	3
6036	3
6037	3
6038	3
6039	3
6040	3
6041	3
6042	3
6043	3
6044	3
6045	3
6046	3
6047	3
6048	3
6049	3
6050	3
6051	3
6052	3
6053	3
6054	3
6055	3
6056	3
6057	3
6058	3
6059	3
6060	3
6061	3
6062	3
6063	3
6064	3
6065	3
6066	3
6067	3
6068	3
6069	3
6070	3
6071	3
6072	3
6073	3
6074	3
6075	3
6076	3
6077	3
6078	3
6079	3
6080	3
6081	3
6082	3
6083	3
6084	3
6085	3
6086	3
6087	3
6088	3
6089	3
6090	3
6091	3
6092	3
6093	3
6094	3
6095	3
6096	3
6097	3
6098	3
6099	3
6100	3
6101	3
6102	3
6103	3
6104	3
6105	3
6106	3
6107	3
6108	3
6109	3
6110	3
6111	3
6112	3
6113	3
6114	3
6115	3
6116	3
6117	3
6118	3
6119	3
6120	3
6121	3
6122	3
6123	3
6124	3
6125	3
6126	3
6127	3
6128	3
6129	3
6130	3
6131	3
6132	3
6133	3
6134	3
6135	3
6136	3
6137	3
6138	3
6139	3
6140	3
6141	3
6142	3
6143	3
6144	3
6145	3
6146	3
6147	3
6148	3
6149	3
6150	3
6151	3
6152	3
6153	3
6154	3
6155	3
6156	3
6157	3
6158	3
6159	3
6160	3
6161	3
6162	3
6163	3
6164	3
6165	3
6166	3
6167	3
6168	3
6169	3
6170	3
6171	3
6172	3
6173	3
6174	3
6175	3
6176	3
6177	3
6178	3
6179	3
6180	3
6181	3
6182	3
6183	3
6184	3
6185	3
6186	3
6187	3
6188	3
6189	3
6190	3
6191	3
6192	3
6193	3
6194	3
6195	3
6196	3
6197	3
6198	3
6199	3
6200	3
6201	3
6202	3
6203	3
6204	3
6205	3
6206	3
6207	3
6208	3
6209	3
6210	3
6211	3
6212	3
6213	3
6214	3
6215	3
6216	3
6217	3
6218	3
6219	3
6220	3
6221	3
6222	3
6223	3
6224	3
6225	3
6226	3
6227	3
6228	3
6229	3
6230	3
6231	3
6232	3
6233	3
6234	3
6235	3
6236	3
6237	3
6238	3
6239	3
6240	3
6241	3
6242	3
6243	3
6244	3
6245	3
6246	3
6247	3
6248	3
6249	3
6250	3
6251	3
6252	4
6253	4
6254	4
6255	4
6256	4
6257	4
6258	4
6259	4
6260	4
6261	4
6262	4
6263	4
6264	4
6265	4
6266	4
6267	4
6268	4
6269	4
6270	4
6271	4
6272	4
6273	4
6274	4
6275	4
6276	4
6277	4
6278	4
6279	4
6280	4
6281	4
6282	4
6283	4
6284	4
6285	4
6286	4
6287	4
6288	4
6289	4
6290	4
6291	4
6292	4
6293	4
6294	4
6295	4
6296	4
6297	4
6298	4
6299	4
6300	4
6301	4
6302	4
6303	4
6304	4
6305	4
6306	4
6307	4
6308	4
6309	4
6310	4
6311	4
6312	4
6313	4
6314	4
6315	4
6316	4
6317	4
6318	4
6319	4
6320	4
6321	4
6322	4
6323	4
6324	4
6325	4
6326	4
6327	4
6328	4
6329	4
6330	4
6331	4
6332	4
6333	4
6334	4
6335	4
6336	4
6337	4
6338	4
6339	4
6340	4
6341	4
6342	4
6343	4
6344	4
6345	4
6346	4
6347	4
6348	4
6349	4
6350	4
6351	4
6352	4
6353	4
6354	4
6355	4
6356	4
6357	4
6358	4
6359	4
6360	4
6361	4
6362	4
6363	4
6364	4
6365	4
6366	4
6367	4
6368	4
6369	4
6370	4
6371	4
6372	4
6373	4
6374	4
6375	4
6376	4
6377	4
6378	4
6379	4
6380	4
6381	4
6382	4
6383	4
6384	4
6385	4
6386	4
6387	4
6388	4
6389	4
6390	4
6391	4
6392	4
6393	4
6394	4
6395	4
6396	4
6397	4
6398	4
6399	4
6400	4
6401	4
6402	4
6403	4
6404	4
6405	4
6406	4
6407	4
6408	4
6409	4
6410	4
6411	4
6412	4
6413	4
6414	4
6415	4
6416	4
6417	4
6418	4
6419	4
6420	4
6421	4
6422	4
6423	4
6424	4
6425	4
6426	4
6427	4
6428	4
6429	4
6430	4
6431	4
6432	4
6433	4
6434	4
6435	4
6436	4
6437	4
6438	4
6439	4
6440	4
6441	4
6442	4
6443	4
6444	4
6445	4
6446	4
6447	4
6448	4
6449	4
6450	4
6451	4
6452	4
6453	4
6454	4
6455	4
6456	4
6457	4
6458	4
6459	4
6460	4
6461	4
6462	4
6463	4
6464	4
6465	4
6466	4
6467	4
6468	4
6469	4
6470	4
6471	4
6472	4
6473	5
6474	5
6475	5
6476	5
6477	5
6478	5
6479	5
6480	5
6481	5
6482	5
6483	5
6484	5
6485	5
6486	5
6487	5
6488	5
6489	5
6490	5
6491	5
6492	5
6493	5
6494	5
6495	5
6496	5
6497	5
6498	5
6499	5
6500	5
6501	5
6502	5
6503	5
6504	5
6505	5
6506	5
6507	5
6508	5
6509	5
6510	5
6511	5
6512	5
6513	5
6514	5
6515	5
6516	5
6517	5
6518	5
6519	5
6520	5
6521	5
6522	5
6523	5
6524	5
6525	5
6526	5
6527	5
6528	5
6529	5
6530	5
6531	5
6532	5
6533	5
6534	5
6535	5
6536	5
6537	5
6538	5
6539	5
6540	5
6541	5
6542	5
6543	5
6544	5
6545	5
6546	5
6547	5
6548	5
6549	5
6550	5
6551	5
6552	5
6553	5
6554	5
6555	5
6556	5
6557	5
6558	5
6559	5
6560	5
6561	5
6562	5
6563	5
6564	5
6565	5
6566	5
6567	5
6568	5
6569	5
6570	5
6571	5
6572	5
6573	5
6574	5
6575	5
6576	5
6577	5
6578	5
6579	5
6580	5
6581	5
6582	5
6583	5
6584	5
6585	5
6586	5
6587	5
6588	5
6589	5
6590	5
6591	5
6592	5
6593	5
6594	5
6595	5
6596	5
6597	5
6598	5
6599	5
6600	5
6601	5
6602	5
6603	5
6604	5
6605	5
6606	5
6607	5
6608	5
6609	5
6610	5
6611	5
6612	5
6613	5
6614	5
6615	5
6616	5
6617	5
6618	5
6619	5
6620	5
6621	5
6622	5
6623	5
6624	5
6625	5
6626	5
6627	5
6628	5
6629	5
6630	5
6631	5
6632	5
6633	5
6634	5
6635	5
6636	5
6637	5
6638	5
6639	5
6640	5
6641	5
6642	5
6643	5
6644	5
6645	5
6646	5
6647	5
6648	5
6649	5
6650	5
6651	5
6652	5
6653	5
6654	5
6655	5
6656	5
6657	5
6658	5
6659	5
6660	5
6661	5
6662	5
6663	5
6664	5
6665	5
6666	5
6667	5
6668	5
6669	5
6670	5
6671	5
6672	5
6673	5
6674	5
6675	5
6676	5
6677	5
6678	5
6679	5
6680	5
6681	5
6682	5
6683	5
6684	5
6685	5
6686	5
6687	5
6688	5
6689	5
6690	5
6691	5
6692	5
6693	5
6694	5
6695	5
6696	5
6697	5
6698	5
6699	5
6700	5
6701	5
6702	5
6703	5
6704	5
6705	5
6706	5
6707	5
6708	5
6709	5
6710	5
6711	5
6712	5
6713	5
6714	5
6715	5
6716	5
6717	5
6718	5
6719	5
6720	5
6721	5
6722	5
6723	5
6724	5
6725	5
6726	5
6727	5
6728	5
6729	5
6730	5
6731	5
6732	5
6733	5
6734	5
6735	5
6736	5
6737	5
6738	5
6739	5
6740	5
6741	5
6742	5
6743	5
6744	5
6745	5
6746	5
6747	5
6748	5
6749	5
6750	5
6751	5
6752	5
6753	5
6754	5
6755	5
6756	5
6757	5
6758	5
6759	5
6760	5
6761	5
6762	5
6763	5
6764	5
6765	5
6766	5
6767	5
6768	5
6769	5
6770	5
6771	5
6772	5
6773	5
6774	5
6775	5
6776	5
6777	5
6778	5
6779	5
6780	5
6781	5
6782	5
6783	5
6784	5
6785	5
6786	5
6787	5
6788	5
6789	5
6790	5
6791	5
6792	5
6793	5
6794	6
6795	6
6796	6
6797	6
6798	6
6799	6
6800	6
6801	6
6802	6
6803	6
6804	6
6805	6
6806	6
6807	6
6808	6
6809	6
6810	6
6811	6
6812	6
6813	6
6814	6
6815	6
6816	6
6817	6
6818	6
6819	6
6820	6
6821	6
6822	6
6823	6
6824	6
6825	6
6826	6
6827	6
6828	6
6829	6
6830	6
6831	6
6832	6
6833	6
6834	6
6835	6
6836	6
6837	6
6838	6
6839	6
6840	6
6841	6
6842	6
6843	6
6844	6
6845	6
6846	6
6847	6
6848	6
6849	6
6850	6
6851	6
6852	6
6853	6
6854	6
6855	6
6856	6
6857	6
6858	6
6859	6
6860	6
6861	6
6862	6
6863	6
6864	6
6865	6
6866	6
6867	6
6868	6
6869	6
6870	6
6871	6
6872	6
6873	6
6874	6
6875	6
6876	6
6877	6
6878	6
6879	6
6880	6
6881	6
6882	6
6883	6
6884	6
6885	6
6886	6
6887	6
6888	6
6889	6
6890	6
6891	6
6892	6
6893	6
6894	6
6895	6
6896	6
6897	6
6898	6
6899	6
6900	6
6901	6
6902	6
6903	6
6904	6
6905	6
6906	6
6907	6
6908	6
6909	6
6910	6
6911	6
6912	6
6913	6
6914	6
6915	6
6916	6
6917	6
6918	6
6919	6
6920	6
6921	6
6922	6
6923	6
6924	6
6925	6
6926	6
6927	6
6928	6
6929	6
6930	6
6931	6
6932	6
6933	6
6934	6
6935	6
6936	6
6937	6
6938	6
6939	6
6940	6
6941	6
6942	6
6943	6
6944	6
6945	6
6946	6
6947	6
6948	6
6949	6
6950	6
6951	6
6952	6
6953	6
6954	6
6955	6
6956	6
6957	6
6958	6
6959	6
6960	6
6961	6
6962	6
6963	6
6964	6
6965	6
6966	6
6967	6
6968	6
6969	6
6970	6
6971	6
6972	6
6973	6
6974	6
6975	6
6976	6
6977	6
6978	6
6979	6
6980	6
6981	6
6982	6
6983	6
6984	6
6985	6
6986	6
6987	6
6988	6
6989	6
6990	6
6991	6
6992	6
6993	6
6994	6
6995	6
6996	6
6997	6
6998	6
6999	6
7000	6
7001	6
7002	6
7003	6
7004	6
7005	6
7006	6
7007	6
7008	6
7009	6
7010	6
7011	6
7012	6
7013	6
7014	6
7015	6
7016	6
7017	6
7018	6
7019	6
7020	6
7021	6
7022	6
7023	6
7024	6
7025	6
7026	6
7027	6
7028	6
7029	6
7030	6
7031	6
7032	6
7033	6
7034	6
7035	6
7036	6
7037	6
7038	6
7039	6
7040	6
7041	6
7042	6
7043	6
7044	6
7045	6
7046	6
7047	6
7048	6
7049	6
7050	6
7051	6
7052	6
7053	6
7054	6
7055	6
7056	6
7057	6
7058	6
7059	6
7060	6
7061	6
7062	6
7063	6
7064	6
7065	6
7066	6
7067	6
7068	6
7069	6
7070	6
7071	6
7072	6
7073	6
7074	6
7075	6
7076	6
7077	6
7078	6
7079	6
7080	6
7081	6
7082	6
7083	6
7084	6
7085	6
7086	6
7087	6
7088	6
7089	6
7090	6
7091	6
7092	6
7093	6
7094	6
7095	6
7096	6
7097	6
7098	6
7099	6
7100	6
7101	6
7102	6
7103	6
7104	6
7105	6
7106	6
7107	6
7108	6
7109	6
7110	6
7111	6
7112	6
7113	6
7114	6
7115	6
7116	6
7117	6
7118	6
7119	6
7120	6
7121	6
7122	6
7123	6
7124	6
7125	6
7126	6
7127	6
7128	6
7129	6
7130	6
7131	6
7132	6
7133	6
7134	6
7135	6
7136	6
7137	6
7138	6
7139	6
7140	6
7141	6
7142	6
7143	6
7144	6
7145	6
7146	6
7147	6
7148	6
7149	6
7150	6
7151	6
7152	6
7153	6
7154	6
7155	6
7156	6
7157	6
7158	6
7159	6
7160	6
7161	6
7162	6
7163	6
7164	6
7165	6
7166	6
7167	6
7168	6
7169	6
7170	6
7171	6
7172	6
7173	6
7174	6
7175	6
7176	6
7177	6
7178	6
7179	6
7180	6
7181	6
7182	6
7183	6
7184	6
7185	6
7186	6
7187	6
7188	6
7189	6
7190	6
7191	6
7192	6
7193	6
7194	6
7195	6
7196	6
7197	6
7198	6
7199	6
7200	6
7201	6
7202	6
7203	6
7204	6
7205	6
7206	6
7207	6
7208	6
7209	6
7210	6
7211	6
7212	6
7213	6
7214	6
7215	6
7216	6
7217	6
7218	6
7219	6
7220	6
7221	6
7222	6
7223	6
7224	6
7225	6
7226	6
7227	6
7228	6
7229	6
7230	6
7231	6
7232	6
7233	6
7234	6
7235	6
7236	6
7237	6
7238	6
7239	6
7240	6
7241	6
7242	6
7243	6
7244	6
7245	6
7246	6
7247	6
7248	6
7249	6
7250	6
7251	6
7252	6
7253	6
7254	6
7255	6
7256	6
7257	6
7258	6
7259	6
7260	6
7261	6
7262	6
7263	6
7264	6
7265	6
7266	6
7267	6
7268	6
7269	6
7270	6
7271	6
7272	6
7273	6
7274	6
7275	6
7276	6
7277	6
7278	6
7279	6
7280	6
7281	6
7282	6
7283	6
7284	6
7285	6
7286	6
7287	6
7288	6
7289	6
7290	6
7291	6
7292	6
7293	6
7294	6
7295	6
7296	6
7297	6
7298	6
7299	6
7300	6
7301	6
7302	6
7303	6
7304	6
7305	6
7306	6
7307	6
7308	6
7309	6
7310	6
7311	6
7312	6
7313	6
7314	6
7315	6
7316	6
7317	6
7318	6
7319	7
7320	7
7321	7
7322	7
7323	7
7324	7
7325	7
7326	7
7327	7
7328	7
7329	7
7330	7
7331	7
7332	7
7333	7
7334	7
7335	7
7336	7
7337	7
7338	7
7339	7
7340	7
7341	7
7342	7
7343	7
7344	7
7345	7
7346	7
7347	7
7348	7
7349	7
7350	7
7351	7
7352	7
7353	7
7354	7
7355	7
7356	7
7357	7
7358	7
7359	7
7360	7
7361	7
7362	7
7363	7
7364	7
7365	7
7366	7
7367	7
7368	7
7369	7
7370	7
7371	7
7372	7
7373	7
7374	7
7375	7
7376	7
7377	7
7378	7
7379	7
7380	7
7381	7
7382	7
7383	7
7384	7
7385	7
7386	7
7387	7
7388	7
7389	7
7390	7
7391	7
7392	7
7393	7
7394	7
7395	7
7396	7
7397	7
7398	7
7399	7
7400	7
7401	7
7402	7
7403	7
7404	7
7405	7
7406	7
7407	7
7408	7
7409	7
7410	7
7411	8
7412	8
7413	8
7414	8
7415	8
7416	8
7417	8
7418	8
7419	8
7420	8
7421	8
7422	8
7423	8
7424	8
7425	8
7426	8
7427	8
7428	8
7429	8
7430	8
7431	8
7432	8
7433	8
7434	8
7435	8
7436	8
7437	8
7438	8
7439	8
7440	8
7441	8
7442	8
7443	8
7444	8
7445	8
7446	8
7447	8
7448	8
7449	8
7450	8
7451	8
7452	8
7453	8
7454	8
7455	8
7456	8
7457	8
7458	8
7459	8
7460	8
7461	8
7462	8
7463	8
7464	8
7465	8
7466	8
7467	8
7468	8
7469	8
7470	8
7471	8
7472	8
7473	8
7474	8
7475	8
7476	8
7477	8
7478	8
7479	8
7480	8
7481	8
7482	8
7483	8
7484	8
7485	8
7486	8
7487	8
7488	8
7489	8
7490	8
7491	8
7492	8
7493	8
7494	8
7495	8
7496	8
7497	8
7498	8
7499	8
7500	8
7501	8
7502	8
7503	8
7504	8
7505	8
7506	8
7507	8
7508	8
7509	8
7510	8
7511	8
7512	8
7513	8
7514	8
7515	8
7516	8
7517	8
7518	8
7519	8
7520	8
7521	8
7522	8
7523	8
7524	8
7525	8
7526	8
7527	8
7528	8
7529	8
7530	8
7531	8
7532	8
7533	8
7534	8
7535	8
7536	8
7537	8
7538	8
7539	8
7540	8
7541	8
7542	8
7543	8
7544	8
7545	8
7546	8
7547	8
7548	8
7549	8
7550	8
7551	8
7552	8
7553	8
7554	8
7555	8
7556	8
7557	8
7558	8
7559	8
7560	8
7561	8
7562	8
7563	8
7564	8
7565	8
7566	8
7567	8
7568	8
7569	8
7570	8
7571	8
7572	8
7573	8
7574	8
7575	8
7576	8
7577	8
7578	8
7579	8
7580	8
7581	8
7582	8
7583	8
7584	8
7585	8
7586	8
7587	8
7588	8
7589	8
7590	8
7591	8
7592	8
7593	8
7594	8
7595	8
7596	8
7597	8
7598	8
7599	8
7600	8
7601	8
7602	8
7603	8
7604	8
7605	8
7606	8
7607	8
7608	8
7609	8
7610	8
7611	8
7612	8
7613	8
7614	8
7615	8
7616	8
7617	8
7618	8
7619	8
7620	8
7621	8
7622	8
7623	8
7624	8
7625	8
7626	8
7627	8
7628	8
7629	8
7630	8
7631	8
7632	8
7633	8
7634	8
7635	8
7636	8
7637	8
7638	8
7639	8
7640	8
7641	8
7642	8
7643	8
7644	8
7645	8
7646	8
7647	8
7648	8
7649	8
7650	8
7651	8
7652	8
7653	8
7654	8
7655	8
7656	8
7657	8
7658	8
7659	8
7660	8
7661	8
7662	8
7663	8
7664	8
7665	8
7666	8
7667	8
7668	8
7669	8
7670	8
7671	8
7672	8
7673	8
7674	8
7675	8
7676	8
7677	8
7678	8
7679	8
7680	8
7681	8
7682	8
7683	8
7684	8
7685	8
7686	8
7687	8
7688	8
7689	8
7690	8
7691	8
7692	8
7693	8
7694	8
7695	8
7696	8
7697	8
7698	8
7699	8
7700	8
7701	8
7702	8
7703	8
7704	8
7705	8
7706	8
7707	8
7708	8
7709	8
7710	8
7711	8
7712	8
7713	8
7714	8
7715	8
7716	8
7717	8
7718	8
7719	8
7720	8
7721	8
7722	8
7723	8
7724	8
7725	8
7726	8
7727	8
7728	8
7729	8
7730	8
7731	8
7732	8
7733	8
7734	8
7735	8
7736	8
7737	8
7738	8
7739	8
7740	8
7741	8
7742	8
7743	8
7744	8
7745	8
7746	8
7747	8
7748	8
7749	8
7750	8
7751	8
7752	8
7753	8
7754	8
7755	8
7756	8
7757	8
7758	8
7759	8
7760	8
7761	8
7762	8
7763	8
7764	8
7765	8
7766	8
7767	8
7768	8
7769	8
7770	8
7771	8
7772	8
7773	8
7774	8
7775	8
7776	8
7777	8
7778	8
7779	8
7780	8
7781	8
7782	8
7783	8
7784	8
7785	8
7786	8
7787	8
7788	8
7789	8
7790	8
7791	8
7792	8
7793	8
7794	8
7795	8
7796	8
7797	8
7798	8
7799	8
7800	8
7801	8
7802	8
7803	8
7804	8
7805	8
7806	8
7807	8
7808	8
7809	8
7810	8
7811	8
7812	8
7813	8
7814	8
7815	8
7816	8
7817	8
7818	8
7819	8
7820	8
7821	8
7822	8
7823	8
7824	8
7825	8
7826	8
7827	8
7828	8
7829	8
7830	8
7831	8
7832	8
7833	8
7834	8
7835	8
7836	8
7837	8
7838	8
7839	8
7840	8
7841	8
7842	8
7843	8
7844	8
7845	8
7846	8
7847	8
7848	8
7849	8
7850	8
7851	8
7852	8
7853	8
7854	8
7855	8
7856	8
7857	8
7858	8
7859	8
7860	8
7861	8
7862	8
7863	8
7864	8
7865	8
7866	8
7867	8
7868	8
7869	8
7870	8
7871	8
7872	8
7873	8
7874	8
7875	8
7876	8
7877	8
7878	8
7879	8
7880	8
7881	8
7882	8
7883	8
7884	8
7885	8
7886	8
7887	8
7888	8
7889	8
7890	8
7891	8
7892	8
7893	8
7894	8
7895	8
7896	8
7897	8
7898	8
7899	8
7900	8
7901	8
7902	8
7903	8
7904	8
7905	8
7906	8
7907	8
7908	8
7909	8
7910	8
7911	8
7912	8
7913	8
7914	8
7915	8
7916	8
7917	8
7918	8
7919	8
7920	8
7921	8
7922	8
7923	8
7924	8
7925	8
7926	8
7927	8
7928	8
7929	8
7930	8
7931	8
7932	8
7933	8
7934	8
7935	8
7936	8
7937	8
7938	8
7939	8
7940	8
7941	8
7942	8
7943	8
7944	8
7945	8
7946	8
7947	8
7948	8
7949	8
7950	8
7951	8
7952	8
7953	8
7954	8
7955	8
7956	8
7957	8
7958	8
7959	8
7960	8
7961	8
7962	8
7963	8
7964	8
7965	8
7966	8
7967	8
7968	8
7969	8
7970	8
7971	8
7972	8
7973	8
7974	8
7975	8
7976	8
7977	8
7978	8
7979	8
7980	8
7981	8
7982	8
7983	8
7984	8
7985	8
7986	8
7987	8
7988	8
7989	8
7990	8
7991	8
7992	8
7993	8
7994	8
7995	8
7996	8
7997	8
7998	8
7999	8
8000	8
8001	8
8002	8
8003	8
8004	8
8005	8
8006	8
8007	8
8008	8
8009	8
8010	8
8011	8
8012	8
8013	8
8014	8
8015	8
8016	8
8017	8
8018	8
8019	8
8020	8
8021	8
8022	8
8023	8
8024	8
8025	8
8026	8
8027	8
8028	8
8029	8
8030	8
8031	8
8032	8
8033	8
8034	8
8035	8
8036	8
8037	8
8038	8
8039	8
8040	8
8041	8
8042	8
8043	8
8044	8
8045	8
8046	8
8047	8
8048	8
8049	8
8050	8
8051	8
8052	8
8053	8
8054	8
8055	8
8056	8
8057	8
8058	8
8059	8
8060	8
8061	8
8062	8
8063	8
8064	8
8065	8
8066	8
8067	8
8068	8
8069	8
8070	8
8071	8
8072	8
8073	8
8074	8
8075	8
8076	8
8077	8
8078	8
8079	8
8080	8
8081	8
8082	8
8083	8
8084	8
8085	8
8086	8
8087	8
8088	8
8089	8
8090	8
8091	8
8092	8
8093	8
8094	8
8095	8
8096	8
8097	8
8098	8
8099	8
8100	8
8101	8
8102	8
8103	8
8104	8
8105	8
8106	8
8107	8
8108	8
8109	8
8110	8
8111	8
8112	8
8113	8
8114	8
8115	8
8116	8
8117	8
8118	8
8119	8
8120	8
8121	8
8122	8
8123	8
8124	8
8125	8
8126	8
8127	8
8128	8
8129	8
8130	8
8131	8
8132	8
8133	8
8134	8
8135	8
8136	8
8137	8
8138	8
8139	8
8140	8
8141	8
8142	8
8143	8
8144	8
8145	8
8146	8
8147	8
8148	8
8149	8
8150	8
8151	8
8152	8
8153	8
8154	8
8155	8
8156	8
8157	8
8158	8
8159	8
8160	8
8161	8
8162	8
8163	8
8164	8
8165	8
8166	8
8167	8
8168	8
8169	8
8170	8
8171	8
8172	8
8173	8
8174	8
8175	8
8176	8
8177	8
8178	8
8179	8
8180	8
8181	8
8182	8
8183	8
8184	8
8185	8
8186	8
8187	8
8188	8
8189	8
8190	8
8191	8
8192	8
8193	8
8194	8
8195	8
8196	8
8197	8
8198	8
8199	8
8200	8
8201	8
8202	8
8203	8
8204	9
8205	9
8206	9
8207	9
8208	9
8209	9
8210	9
8211	9
8212	9
8213	9
8214	9
8215	9
8216	9
8217	9
8218	9
8219	9
8220	9
8221	9
8222	9
8223	9
8224	9
8225	9
8226	9
8227	9
8228	9
8229	9
8230	9
8231	9
8232	9
8233	9
8234	9
8235	9
8236	9
8237	9
8238	9
8239	9
8240	9
8241	9
8242	9
8243	9
8244	9
8245	9
8246	9
8247	9
8248	9
8249	9
8250	9
8251	9
8252	9
8253	9
8254	9
8255	9
8256	9
8257	9
8258	9
8259	9
8260	9
8261	9
8262	9
8263	9
8264	9
8265	9
8266	9
8267	9
8268	9
8269	9
8270	9
8271	9
8272	9
8273	9
8274	9
8275	9
8276	9
8277	9
8278	9
8279	9
8280	9
8281	9
8282	9
8283	9
8284	9
8285	9
8286	9
8287	9
8288	9
8289	9
8290	9
8291	9
8292	9
8293	9
8294	9
8295	9
8296	9
8297	9
8298	9
8299	9
8300	9
8301	9
8302	9
8303	9
8304	9
8305	9
8306	9
8307	9
8308	9
8309	9
8310	9
8311	9
8312	9
8313	9
8314	9
8315	9
8316	9
8317	9
8318	9
8319	9
8320	9
8321	9
8322	9
8323	9
8324	9
8325	9
8326	9
8327	9
8328	9
8329	9
8330	9
8331	9
8332	9
8333	9
8334	9
8335	9
8336	9
8337	9
8338	9
8339	9
8340	9
8341	9
8342	9
8343	9
8344	9
8345	9
8346	9
8347	9
8348	9
8349	9
8350	9
8351	9
8352	9
8353	9
8354	9
8355	9
8356	9
8357	9
8358	9
8359	9
8360	9
8361	9
8362	9
8363	9
8364	9
8365	9
8366	9
8367	9
8368	9
8369	9
8370	9
8371	9
8372	9
8373	9
8374	9
8375	9
8376	9
8377	9
8378	9
8379	9
8380	9
8381	9
8382	9
8383	9
8384	9
8385	9
8386	9
8387	9
8388	9
8389	9
8390	9
8391	9
8392	9
8393	9
8394	9
8395	9
8396	9
8397	9
8398	9
8399	9
8400	9
8401	9
8402	9
8403	9
8404	9
8405	9
8406	9
8407	9
8408	9
8409	9
8410	9
8411	9
8412	9
8413	9
8414	9
8415	9
8416	9
8417	9
8418	9
8419	9
8420	9
8421	9
8422	9
8423	9
8424	9
8425	9
8426	9
8427	9
8428	9
8429	9
8430	9
8431	9
8432	9
8433	9
8434	9
8435	9
8436	9
8437	9
8438	9
8439	9
8440	9
8441	9
8442	9
8443	9
8444	9
8445	9
8446	9
8447	9
8448	9
8449	9
8450	9
8451	9
8452	9
8453	9
8454	9
8455	9
8456	9
8457	9
8458	9
8459	9
8460	9
8461	9
8462	9
8463	9
8464	9
8465	9
8466	9
8467	9
8468	9
8469	9
8470	9
8471	9
8472	9
8473	9
8474	9
8475	9
8476	9
8477	9
8478	9
8479	9
8480	9
8481	9
8482	9
8483	9
8484	9
8485	9
8486	9
8487	9
8488	9
8489	9
8490	9
8491	9
8492	9
8493	9
8494	9
8495	9
8496	9
8497	9
8498	9
8499	9
8500	9
8501	9
8502	9
8503	9
8504	9
8505	9
8506	9
8507	9
8508	9
8509	9
8510	9
8511	9
8512	9
8513	9
8514	9
8515	9
8516	9
8517	9
8518	9
8519	9
8520	9
8521	9
8522	9
8523	9
8524	9
8525	9
8526	9
8527	9
8528	9
8529	9
8530	9
8531	9
8532	9
8533	9
8534	9
8535	9
8536	9
8537	9
8538	9
8539	9
8540	9
8541	9
8542	9
8543	9
8544	9
8545	9
8546	9
8547	9
8548	9
8549	9
8550	9
8551	9
8552	9
8553	9
8554	9
8555	9
8556	9
8557	9
8558	9
8559	9
8560	9
8561	9
8562	9
8563	9
8564	9
8565	9
8566	9
8567	9
8568	9
8569	9
8570	9
8571	9
8572	9
8573	9
8574	9
8575	9
8576	9
8577	9
8578	9
8579	9
8580	9
8581	9
8582	9
8583	9
8584	9
8585	9
8586	9
8587	9
8588	9
8589	9
8590	9
8591	9
8592	9
8593	9
8594	9
8595	9
8596	9
8597	9
8598	9
8599	9
8600	9
8601	9
8602	9
8603	9
8604	9
8605	9
8606	9
8607	9
8608	9
8609	9
8610	9
8611	9
8612	9
8613	9
8614	9
8615	9
8616	9
8617	9
8618	9
8619	9
8620	9
8621	9
8622	9
8623	9
8624	9
8625	9
8626	9
8627	9
8628	9
8629	9
8630	9
8631	9
8632	9
8633	9
8634	9
8635	9
8636	9
8637	9
8638	9
8639	9
8640	9
8641	9
8642	9
8643	9
8644	9
8645	9
8646	9
8647	9
8648	9
8649	9
8650	9
8651	9
8652	9
8653	9
8654	9
8655	9
8656	9
8657	9
8658	9
8659	9
8660	9
8661	9
8662	9
8663	9
8664	9
8665	9
8666	9
8667	9
8668	9
8669	9
8670	9
8671	9
8672	9
8673	9
8674	9
8675	9
8676	9
8677	9
8678	9
8679	9
8680	9
8681	9
8682	9
8683	9
8684	9
8685	9
8686	9
8687	9
8688	9
8689	9
8690	9
8691	9
8692	9
8693	9
8694	9
8695	9
8696	9
8697	9
8698	9
8699	9
8700	9
8701	9
8702	9
8703	9
8704	9
8705	9
8706	9
8707	9
8708	9
8709	9
8710	9
8711	9
8712	9
8713	9
8714	9
8715	9
8716	9
8717	9
8718	9
8719	9
8720	9
8721	9
8722	9
8723	9
8724	9
8725	9
8726	9
8727	9
8728	9
8729	9
8730	9
8731	9
8732	9
8733	9
8734	9
8735	9
8736	9
8737	9
8738	9
8739	9
8740	9
8741	10
8742	10
8743	10
8744	10
8745	10
8746	10
8747	10
8748	10
8749	10
8750	10
8751	10
8752	10
8753	10
8754	10
8755	10
8756	10
8757	10
8758	10
8759	10
8760	10
8761	10
8762	10
8763	10
8764	10
8765	10
8766	10
8767	10
8768	10
8769	10
8770	10
8771	10
8772	10
8773	10
8774	10
8775	10
8776	10
8777	10
8778	10
8779	10
8780	10
8781	10
8782	10
8783	10
8784	10
8785	10
8786	10
8787	10
8788	10
8789	10
8790	10
8791	10
8792	10
8793	10
8794	10
8795	10
8796	10
8797	10
8798	10
8799	10
8800	10
8801	10
8802	10
8803	10
8804	10
8805	10
8806	10
8807	10
8808	10
8809	10
8810	10
8811	10
8812	10
8813	10
8814	10
8815	10
8816	10
8817	10
8818	10
8819	10
8820	10
8821	10
8822	10
8823	10
8824	10
8825	10
8826	10
8827	10
8828	10
8829	10
8830	10
8831	10
8832	10
8833	10
8834	10
8835	10
8836	10
8837	10
8838	10
8839	10
8840	10
8841	10
8842	10
8843	10
8844	10
8845	11
8846	11
8847	11
8848	11
8849	11
8850	11
8851	11
8852	11
8853	12
8854	12
8855	12
8856	12
8857	12
8858	12
8859	12
8860	12
8861	12
8862	12
8863	12
8864	12
8865	12
8866	12
8867	12
8868	12
8869	13
8870	13
8871	13
8872	13
8873	13
8874	13
8875	13
8876	13
8877	13
8878	13
8879	13
8880	13
8881	13
8882	13
8883	13
8884	13
8885	13
8886	13
8887	13
8888	13
8889	13
8890	13
8891	13
8892	13
8893	13
8894	13
8895	13
8896	13
8897	13
8898	13
8899	13
8900	13
8901	13
8902	13
8903	13
8904	13
8905	13
8906	13
8907	13
8908	13
8909	13
8910	13
8911	13
8912	13
8913	13
8914	13
8915	13
8916	13
8917	13
8918	13
8919	13
8920	13
8921	13
8922	13
8923	13
8924	13
8925	13
8926	13
8927	13
8928	13
8929	13
8930	13
8931	13
8932	13
8933	13
8934	13
8935	13
8936	13
8937	13
8938	13
8939	13
8940	13
8941	13
8942	13
8943	13
8944	13
8945	13
8946	13
8947	13
8948	13
8949	13
8950	13
8951	13
8952	13
8953	13
8954	13
8955	13
8956	13
8957	13
8958	13
8959	13
8960	13
8961	13
8962	13
8963	13
8964	13
8965	13
8966	13
8967	13
8968	13
8969	13
8970	13
8971	13
8972	13
8973	13
8974	13
8975	13
8976	13
8977	13
8978	13
8979	13
8980	13
8981	13
8982	13
8983	13
8984	13
8985	13
8986	13
8987	13
8988	13
8989	13
8990	13
8991	13
8992	13
8993	13
8994	13
8995	13
8996	13
8997	13
8998	13
8999	13
9000	13
9001	13
9002	13
9003	13
9004	13
9005	13
9006	13
9007	13
9008	13
9009	13
9010	13
9011	13
9012	13
9013	13
9014	13
9015	13
9016	13
9017	13
9018	13
9019	13
9020	13
9021	13
9022	13
9023	13
9024	13
9025	13
9026	13
9027	13
9028	13
9029	13
9030	13
9031	13
9032	13
9033	13
9034	13
9035	13
9036	13
9037	13
9038	13
9039	13
9040	13
9041	13
9042	13
9043	13
9044	13
9045	14
9046	14
9047	14
9048	14
9049	14
9050	14
9051	14
9052	14
9053	14
9054	14
9055	14
9056	14
9057	14
9058	14
9059	14
9060	14
9061	14
9062	14
9063	14
9064	14
9065	14
9066	14
9067	14
9068	14
9069	14
9070	14
9071	14
9072	14
9073	14
9074	14
9075	14
9076	14
9077	14
9078	14
9079	14
9080	14
9081	14
9082	14
9083	14
9084	14
9085	14
9086	14
9087	14
9088	14
9089	14
9090	14
9091	14
9092	14
9093	14
9094	14
9095	14
9096	14
9097	14
9098	14
9099	14
9100	14
9101	14
9102	14
9103	14
9104	14
9105	14
9106	14
9107	14
9108	14
9109	14
9110	14
9111	14
9112	14
9113	14
9114	14
9115	14
9116	14
9117	14
9118	14
9119	14
9120	14
9121	14
9122	14
9123	14
9124	14
9125	14
9126	14
9127	14
9128	14
9129	14
9130	14
9131	14
9132	14
9133	14
9134	14
9135	14
9136	14
9137	14
9138	14
9139	14
9140	14
9141	14
9142	14
9143	14
9144	14
9145	14
9146	14
9147	14
9148	14
9149	14
9150	14
9151	14
9152	14
9153	14
9154	14
9155	14
9156	14
9157	14
9158	14
9159	14
9160	14
9161	14
9162	14
9163	14
9164	14
9165	14
9166	14
9167	14
9168	14
9169	14
9170	14
9171	14
9172	14
9173	14
9174	14
9175	14
9176	14
9177	14
9178	14
9179	14
9180	14
9181	14
9182	14
9183	14
9184	14
9185	14
9186	14
9187	14
9188	14
9189	14
9190	14
9191	14
9192	14
9193	14
9194	14
9195	14
9196	14
9197	14
9198	14
9199	14
9200	14
9201	14
9202	14
9203	14
9204	14
9205	14
9206	14
9207	14
9208	14
9209	14
9210	14
9211	14
9212	14
9213	14
9214	14
9215	14
9216	14
9217	14
9218	14
9219	14
9220	14
9221	14
9222	14
9223	14
9224	14
9225	14
9226	14
9227	14
9228	14
9229	14
9230	14
9231	14
9232	14
9233	14
9234	14
9235	14
9236	14
9237	14
9238	14
9239	14
9240	14
9241	14
9242	14
9243	14
9244	14
9245	14
9246	14
9247	14
9248	14
9249	14
9250	14
9251	14
9252	14
9253	14
9254	14
9255	14
9256	14
9257	14
9258	14
9259	14
9260	14
9261	14
9262	14
9263	14
9264	14
9265	14
9266	14
9267	14
9268	14
9269	14
9270	14
9271	14
9272	14
9273	14
9274	14
9275	14
9276	14
9277	14
9278	14
9279	14
9280	14
9281	14
9282	14
9283	14
9284	14
9285	14
9286	14
9287	14
9288	14
9289	14
9290	14
9291	14
9292	14
9293	14
9294	14
9295	14
9296	14
9297	14
9298	14
9299	14
9300	14
9301	14
9302	14
9303	14
9304	14
9305	14
9306	14
9307	14
9308	14
9309	14
9310	14
9311	14
9312	14
9313	14
9314	14
9315	14
9316	14
9317	14
9318	14
9319	14
9320	14
9321	14
9322	14
9323	14
9324	14
9325	14
9326	14
9327	14
9328	14
9329	14
9330	14
9331	14
9332	14
9333	14
9334	14
9335	14
9336	14
9337	14
9338	14
9339	14
9340	14
9341	14
9342	14
9343	14
9344	14
9345	14
9346	14
9347	14
9348	14
9349	14
9350	14
9351	14
9352	14
9353	14
9354	14
9355	14
9356	14
9357	14
9358	14
9359	14
9360	14
9361	14
9362	14
9363	14
9364	14
9365	14
9366	14
9367	14
9368	14
9369	14
9370	14
9371	14
9372	14
9373	14
9374	14
9375	14
9376	14
9377	14
9378	14
9379	14
9380	14
9381	14
9382	14
9383	14
9384	14
9385	14
9386	14
9387	14
9388	14
9389	14
9390	14
9391	14
9392	14
9393	14
9394	14
9395	14
9396	14
9397	14
9398	14
9399	14
9400	14
9401	14
9402	14
9403	14
9404	14
9405	14
9406	14
9407	14
9408	14
9409	14
9410	14
9411	14
9412	14
9413	14
9414	14
9415	14
9416	14
9417	14
9418	14
9419	14
9420	14
9421	14
9422	14
9423	14
9424	14
9425	14
9426	14
9427	14
9428	14
9429	14
9430	14
9431	14
9432	14
9433	14
9434	14
9435	14
9436	14
9437	14
9438	14
9439	14
9440	14
9441	14
9442	14
9443	14
9444	14
9445	14
9446	14
9447	14
9448	14
9449	14
9450	14
9451	14
9452	14
9453	14
9454	14
9455	14
9456	14
9457	14
9458	14
9459	14
9460	14
9461	14
9462	14
9463	14
9464	14
9465	14
9466	14
9467	14
9468	14
9469	14
9470	14
9471	14
9472	14
9473	14
9474	14
9475	14
9476	14
9477	14
9478	14
9479	14
9480	14
9481	14
9482	14
9483	14
9484	14
9485	14
9486	14
9487	14
9488	14
9489	14
9490	14
9491	14
9492	14
9493	14
9494	14
9495	14
9496	14
9497	14
9498	14
9499	14
9500	14
9501	14
9502	14
9503	14
9504	14
9505	14
9506	14
9507	14
9508	14
9509	14
9510	14
9511	14
9512	14
9513	14
9514	14
9515	14
9516	14
9517	14
9518	14
9519	14
9520	14
9521	14
9522	14
9523	14
9524	14
9525	14
9526	14
9527	14
9528	14
9529	14
9530	14
9531	14
9532	14
9533	14
9534	14
9535	14
9536	14
9537	14
9538	14
9539	14
9540	14
9541	14
9542	14
9543	14
9544	14
9545	14
9546	14
9547	14
9548	14
9549	14
9550	14
9551	14
9552	14
9553	14
9554	14
9555	14
9556	14
9557	14
9558	14
9559	14
9560	14
9561	14
9562	14
9563	14
9564	14
9565	14
9566	14
9567	14
9568	14
9569	14
9570	14
9571	14
9572	14
9573	14
9574	14
9575	14
9576	14
9577	14
9578	14
9579	14
9580	14
9581	14
9582	14
9583	14
9584	14
9585	14
9586	14
9587	14
9588	14
9589	14
9590	14
9591	14
9592	14
9593	14
9594	14
9595	14
9596	14
9597	14
9598	14
9599	14
9600	14
9601	14
9602	14
9603	14
9604	14
9605	14
9606	14
9607	14
9608	14
9609	14
9610	14
9611	14
9612	14
9613	14
9614	14
9615	14
9616	14
9617	14
9618	14
9619	14
9620	14
9621	14
9622	14
9623	14
9624	14
9625	14
9626	14
9627	14
9628	14
9629	14
9630	14
9631	14
9632	14
9633	14
9634	14
9635	14
9636	14
9637	14
9638	14
9639	14
9640	14
9641	14
9642	14
9643	14
9644	14
9645	14
9646	14
9647	14
9648	14
9649	14
9650	14
9651	14
9652	14
9653	14
9654	14
9655	14
9656	14
9657	14
9658	14
9659	14
9660	14
9661	14
9662	14
9663	14
9664	14
9665	14
9666	14
9667	14
9668	14
9669	14
9670	14
9671	14
9672	14
9673	14
9674	14
9675	14
9676	14
9677	14
9678	14
9679	14
9680	14
9681	14
9682	14
9683	14
9684	14
9685	14
9686	14
9687	14
9688	14
9689	14
9690	14
9691	14
9692	14
9693	14
9694	14
9695	14
9696	14
9697	14
9698	14
9699	14
9700	14
9701	14
9702	14
9703	14
9704	14
9705	14
9706	14
9707	14
9708	14
9709	14
9710	14
9711	14
9712	14
9713	14
9714	14
9715	14
9716	14
9717	14
9718	14
9719	14
9720	14
9721	14
9722	14
9723	14
9724	14
9725	14
9726	14
9727	14
9728	14
9729	14
9730	14
9731	14
9732	14
9733	14
9734	14
9735	14
9736	14
9737	14
9738	14
9739	14
9740	14
9741	14
9742	14
9743	14
9744	14
9745	14
9746	14
9747	14
9748	14
9749	14
9750	14
9751	14
9752	14
9753	14
9754	14
9755	14
9756	14
9757	14
9758	14
9759	14
9760	14
9761	14
9762	14
9763	14
9764	14
9765	14
9766	14
9767	14
9768	14
9769	14
9770	14
9771	14
9772	14
9773	14
9774	14
9775	14
9776	14
9777	14
9778	14
9779	14
9780	14
9781	14
9782	14
9783	14
9784	14
9785	14
9786	14
9787	14
9788	14
9789	14
9790	14
9791	14
9792	14
9793	14
9794	14
9795	14
9796	14
9797	14
9798	14
9799	14
9800	14
9801	14
9802	14
9803	14
9804	14
9805	14
9806	14
9807	14
9808	14
9809	14
9810	14
9811	14
9812	14
9813	14
9814	14
9815	14
9816	14
9817	14
9818	14
9819	14
9820	14
9821	14
9822	14
9823	14
9824	14
9825	14
9826	14
9827	14
9828	14
9829	14
9830	14
9831	14
9832	14
9833	14
9834	14
9835	14
9836	14
9837	14
9838	14
9839	14
9840	14
9841	14
9842	14
9843	14
9844	14
9845	14
9846	14
9847	14
9848	14
9849	14
9850	14
9851	14
9852	14
9853	14
9854	14
9855	14
9856	14
9857	14
9858	14
9859	14
9860	14
9861	14
9862	14
9863	14
9864	14
9865	14
9866	14
9867	14
9868	14
9869	14
9870	14
9871	14
9872	14
9873	14
9874	14
9875	14
9876	14
9877	14
9878	14
9879	14
9880	14
9881	14
9882	14
9883	14
9884	14
9885	14
9886	14
9887	14
9888	14
9889	14
9890	14
9891	14
9892	14
9893	14
9894	14
9895	14
9896	14
9897	14
9898	14
9899	14
9900	14
9901	14
9902	14
9903	14
9904	14
9905	14
9906	14
9907	14
9908	14
9909	14
9910	14
9911	14
9912	14
9913	14
9914	14
9915	14
9916	14
9917	14
9918	14
9919	14
9920	14
9921	14
9922	14
9923	14
9924	14
9925	14
9926	14
9927	14
9928	14
9929	14
9930	14
9931	14
9932	14
9933	14
9934	14
9935	14
9936	14
9937	14
9938	14
9939	14
9940	14
9941	14
9942	14
9943	14
9944	14
9945	14
9946	14
9947	14
9948	14
9949	14
9950	14
9951	14
9952	14
9953	14
9954	14
9955	14
9956	14
9957	14
9958	14
9959	14
9960	14
9961	14
9962	14
9963	14
9964	14
9965	14
9966	14
9967	14
9968	14
9969	14
9970	14
9971	14
9972	14
9973	14
9974	14
9975	14
9976	14
9977	14
9978	14
9979	14
9980	14
9981	14
9982	14
9983	14
9984	14
9985	14
9986	14
9987	14
9988	14
9989	14
9990	14
9991	14
9992	14
9993	14
9994	14
9995	14
9996	14
9997	14
9998	14
9999	14
10000	14
