#Clock	ItemsCollected
1	0
2	0
3	0
4	0
5	0
6	0
7	0
8	0
9	0
10	0
11	0
12	0
13	0
14	0
15	0
16	0
17	0
18	0
19	0
20	0
21	0
22	0
23	0
24	0
25	0
26	0
27	0
28	0
29	0
30	0
31	0
32	0
33	0
34	0
35	0
36	0
37	0
38	0
39	0
40	0
41	0
42	0
43	0
44	0
45	0
46	0
47	0
48	0
49	0
50	0
51	0
52	0
53	0
54	0
55	0
56	0
57	0
58	0
59	0
60	0
61	0
62	0
63	0
64	0
65	0
66	0
67	0
68	0
69	0
70	0
71	0
72	0
73	0
74	0
75	0
76	0
77	0
78	0
79	0
80	0
81	0
82	0
83	0
84	0
85	0
86	0
87	0
88	0
89	0
90	0
91	0
92	0
93	0
94	0
95	0
96	0
97	0
98	0
99	0
100	0
101	0
102	0
103	0
104	0
105	0
106	0
107	0
108	0
109	0
110	0
111	0
112	0
113	0
114	0
115	0
116	0
117	0
118	0
119	0
120	0
121	0
122	0
123	0
124	0
125	0
126	0
127	0
128	0
129	0
130	0
131	0
132	0
133	0
134	0
135	0
136	0
137	0
138	0
139	0
140	0
141	0
142	0
143	0
144	0
145	0
146	0
147	0
148	0
149	0
150	0
151	0
152	0
153	0
154	0
155	0
156	0
157	0
158	0
159	0
160	0
161	0
162	0
163	0
164	0
165	0
166	0
167	0
168	0
169	0
170	0
171	0
172	0
173	0
174	0
175	0
176	0
177	0
178	0
179	0
180	0
181	0
182	0
183	0
184	0
185	0
186	0
187	0
188	0
189	0
190	0
191	0
192	0
193	0
194	0
195	0
196	0
197	0
198	0
199	0
200	0
201	0
202	0
203	0
204	0
205	0
206	0
207	0
208	0
209	0
210	0
211	0
212	0
213	0
214	0
215	0
216	0
217	0
218	0
219	0
220	0
221	0
222	0
223	0
224	0
225	0
226	0
227	0
228	0
229	0
230	0
231	0
232	0
233	0
234	0
235	0
236	0
237	0
238	0
239	0
240	0
241	0
242	0
243	0
244	0
245	0
246	0
247	0
248	0
249	0
250	0
251	0
252	0
253	0
254	0
255	0
256	0
257	0
258	0
259	0
260	0
261	0
262	0
263	0
264	0
265	0
266	0
267	0
268	0
269	0
270	0
271	0
272	0
273	0
274	0
275	0
276	0
277	0
278	0
279	0
280	0
281	0
282	0
283	0
284	0
285	0
286	0
287	0
288	0
289	0
290	0
291	0
292	0
293	0
294	0
295	0
296	0
297	0
298	0
299	0
300	0
301	0
302	0
303	0
304	0
305	0
306	0
307	0
308	0
309	0
310	0
311	0
312	0
313	0
314	0
315	0
316	0
317	0
318	0
319	0
320	0
321	0
322	0
323	0
324	0
325	0
326	0
327	0
328	0
329	0
330	0
331	0
332	0
333	0
334	0
335	0
336	0
337	0
338	0
339	0
340	0
341	0
342	0
343	0
344	0
345	0
346	0
347	0
348	0
349	0
350	0
351	0
352	0
353	0
354	0
355	0
356	0
357	0
358	0
359	0
360	0
361	0
362	0
363	0
364	0
365	0
366	0
367	0
368	0
369	0
370	0
371	0
372	0
373	0
374	0
375	0
376	0
377	0
378	0
379	0
380	0
381	0
382	0
383	0
384	0
385	0
386	0
387	0
388	0
389	0
390	0
391	0
392	0
393	0
394	0
395	0
396	0
397	0
398	0
399	0
400	0
401	0
402	0
403	0
404	0
405	0
406	0
407	0
408	0
409	0
410	0
411	0
412	0
413	0
414	0
415	0
416	0
417	0
418	0
419	0
420	0
421	0
422	0
423	0
424	0
425	0
426	0
427	0
428	0
429	0
430	0
431	0
432	0
433	0
434	0
435	0
436	0
437	0
438	0
439	0
440	0
441	0
442	0
443	0
444	0
445	0
446	0
447	0
448	0
449	0
450	0
451	0
452	0
453	0
454	0
455	0
456	0
457	0
458	0
459	0
460	0
461	0
462	0
463	0
464	0
465	0
466	0
467	0
468	0
469	0
470	0
471	0
472	0
473	0
474	0
475	0
476	0
477	0
478	0
479	0
480	0
481	0
482	0
483	0
484	0
485	0
486	0
487	0
488	0
489	0
490	0
491	0
492	0
493	0
494	0
495	0
496	0
497	0
498	0
499	0
500	0
501	0
502	0
503	0
504	0
505	0
506	0
507	0
508	0
509	0
510	0
511	0
512	0
513	0
514	0
515	0
516	0
517	0
518	0
519	0
520	0
521	0
522	0
523	0
524	0
525	0
526	0
527	0
528	0
529	0
530	0
531	0
532	0
533	0
534	0
535	0
536	0
537	0
538	0
539	0
540	0
541	0
542	0
543	0
544	0
545	0
546	0
547	0
548	0
549	0
550	0
551	0
552	0
553	0
554	0
555	0
556	0
557	0
558	0
559	0
560	0
561	0
562	0
563	0
564	0
565	0
566	0
567	0
568	0
569	0
570	0
571	0
572	0
573	0
574	0
575	0
576	0
577	0
578	0
579	0
580	0
581	0
582	0
583	0
584	0
585	0
586	0
587	0
588	0
589	0
590	0
591	0
592	0
593	0
594	0
595	0
596	0
597	0
598	0
599	0
600	0
601	0
602	0
603	0
604	0
605	0
606	0
607	0
608	0
609	0
610	0
611	0
612	0
613	0
614	0
615	0
616	0
617	0
618	0
619	0
620	0
621	0
622	0
623	0
624	0
625	0
626	0
627	0
628	0
629	0
630	0
631	0
632	0
633	0
634	0
635	0
636	0
637	0
638	0
639	0
640	0
641	0
642	0
643	0
644	0
645	0
646	0
647	0
648	0
649	0
650	0
651	0
652	0
653	0
654	0
655	0
656	0
657	0
658	0
659	0
660	0
661	0
662	0
663	0
664	0
665	0
666	0
667	0
668	0
669	0
670	0
671	0
672	0
673	0
674	0
675	0
676	0
677	0
678	0
679	0
680	0
681	0
682	0
683	0
684	0
685	0
686	0
687	0
688	0
689	0
690	0
691	0
692	0
693	0
694	0
695	0
696	0
697	0
698	0
699	0
700	0
701	0
702	0
703	0
704	0
705	0
706	0
707	0
708	0
709	0
710	0
711	0
712	0
713	0
714	0
715	0
716	0
717	0
718	0
719	0
720	0
721	0
722	0
723	0
724	0
725	0
726	0
727	0
728	0
729	0
730	0
731	0
732	0
733	0
734	0
735	0
736	0
737	0
738	0
739	0
740	0
741	0
742	0
743	0
744	0
745	0
746	0
747	0
748	0
749	0
750	0
751	0
752	0
753	0
754	0
755	0
756	0
757	0
758	0
759	0
760	0
761	0
762	0
763	0
764	0
765	0
766	0
767	0
768	0
769	0
770	0
771	0
772	0
773	0
774	0
775	0
776	0
777	0
778	0
779	0
780	0
781	0
782	0
783	0
784	0
785	0
786	0
787	0
788	0
789	0
790	0
791	0
792	0
793	0
794	0
795	0
796	0
797	0
798	0
799	0
800	0
801	0
802	0
803	0
804	0
805	0
806	0
807	0
808	0
809	0
810	0
811	0
812	0
813	0
814	0
815	0
816	0
817	0
818	0
819	0
820	0
821	0
822	0
823	0
824	0
825	0
826	0
827	0
828	0
829	0
830	0
831	0
832	0
833	0
834	0
835	0
836	0
837	0
838	0
839	0
840	0
841	0
842	0
843	0
844	0
845	0
846	0
847	0
848	0
849	0
850	0
851	0
852	0
853	0
854	0
855	0
856	0
857	0
858	0
859	0
860	0
861	0
862	0
863	0
864	0
865	0
866	0
867	0
868	0
869	0
870	0
871	0
872	0
873	0
874	0
875	0
876	0
877	0
878	0
879	0
880	0
881	0
882	0
883	0
884	0
885	0
886	0
887	0
888	0
889	0
890	0
891	0
892	0
893	0
894	0
895	0
896	0
897	0
898	0
899	0
900	0
901	0
902	0
903	0
904	0
905	0
906	0
907	0
908	0
909	0
910	0
911	0
912	0
913	0
914	0
915	0
916	0
917	0
918	0
919	0
920	0
921	0
922	0
923	0
924	0
925	0
926	0
927	0
928	0
929	0
930	0
931	0
932	0
933	0
934	0
935	0
936	0
937	0
938	0
939	0
940	0
941	0
942	0
943	0
944	0
945	0
946	0
947	0
948	0
949	0
950	0
951	0
952	0
953	0
954	0
955	0
956	0
957	0
958	0
959	0
960	0
961	0
962	0
963	0
964	0
965	0
966	0
967	0
968	0
969	0
970	0
971	0
972	0
973	0
974	0
975	0
976	0
977	0
978	0
979	0
980	0
981	0
982	0
983	0
984	0
985	0
986	0
987	0
988	0
989	0
990	0
991	0
992	0
993	0
994	0
995	0
996	0
997	0
998	0
999	0
1000	0
1001	0
1002	0
1003	0
1004	0
1005	0
1006	0
1007	0
1008	0
1009	0
1010	0
1011	0
1012	0
1013	0
1014	0
1015	0
1016	0
1017	0
1018	0
1019	0
1020	0
1021	0
1022	0
1023	0
1024	0
1025	0
1026	0
1027	0
1028	0
1029	0
1030	0
1031	0
1032	0
1033	0
1034	0
1035	0
1036	0
1037	0
1038	0
1039	0
1040	0
1041	0
1042	0
1043	0
1044	0
1045	0
1046	0
1047	0
1048	0
1049	0
1050	0
1051	0
1052	0
1053	0
1054	0
1055	0
1056	0
1057	0
1058	0
1059	0
1060	0
1061	0
1062	0
1063	0
1064	0
1065	0
1066	0
1067	0
1068	0
1069	0
1070	0
1071	0
1072	0
1073	0
1074	0
1075	0
1076	0
1077	0
1078	0
1079	0
1080	0
1081	0
1082	0
1083	0
1084	0
1085	0
1086	0
1087	0
1088	0
1089	0
1090	0
1091	0
1092	0
1093	0
1094	0
1095	0
1096	0
1097	0
1098	0
1099	0
1100	0
1101	0
1102	0
1103	0
1104	0
1105	0
1106	0
1107	0
1108	0
1109	0
1110	0
1111	0
1112	0
1113	0
1114	0
1115	0
1116	0
1117	0
1118	0
1119	0
1120	0
1121	0
1122	0
1123	0
1124	0
1125	0
1126	0
1127	0
1128	0
1129	0
1130	0
1131	0
1132	0
1133	0
1134	0
1135	0
1136	0
1137	0
1138	0
1139	0
1140	0
1141	0
1142	0
1143	0
1144	0
1145	0
1146	0
1147	0
1148	0
1149	0
1150	0
1151	0
1152	0
1153	0
1154	0
1155	0
1156	0
1157	0
1158	0
1159	0
1160	0
1161	0
1162	0
1163	0
1164	0
1165	0
1166	0
1167	0
1168	0
1169	0
1170	0
1171	0
1172	0
1173	0
1174	0
1175	0
1176	0
1177	0
1178	0
1179	0
1180	0
1181	0
1182	0
1183	0
1184	0
1185	0
1186	0
1187	0
1188	0
1189	0
1190	0
1191	0
1192	0
1193	0
1194	0
1195	0
1196	0
1197	0
1198	0
1199	0
1200	0
1201	0
1202	0
1203	0
1204	0
1205	0
1206	0
1207	0
1208	0
1209	0
1210	0
1211	0
1212	0
1213	0
1214	0
1215	0
1216	0
1217	0
1218	0
1219	0
1220	0
1221	0
1222	0
1223	0
1224	0
1225	0
1226	0
1227	0
1228	0
1229	0
1230	0
1231	0
1232	0
1233	0
1234	0
1235	0
1236	0
1237	0
1238	0
1239	0
1240	0
1241	0
1242	0
1243	0
1244	0
1245	0
1246	0
1247	0
1248	0
1249	0
1250	0
1251	0
1252	0
1253	0
1254	0
1255	0
1256	0
1257	0
1258	0
1259	0
1260	0
1261	0
1262	0
1263	0
1264	0
1265	0
1266	0
1267	0
1268	0
1269	0
1270	0
1271	0
1272	0
1273	0
1274	0
1275	0
1276	0
1277	0
1278	0
1279	0
1280	0
1281	0
1282	0
1283	0
1284	0
1285	0
1286	0
1287	0
1288	0
1289	0
1290	0
1291	0
1292	0
1293	0
1294	0
1295	0
1296	0
1297	0
1298	0
1299	0
1300	0
1301	0
1302	0
1303	0
1304	0
1305	0
1306	0
1307	0
1308	0
1309	0
1310	0
1311	0
1312	0
1313	0
1314	0
1315	0
1316	0
1317	0
1318	0
1319	0
1320	0
1321	0
1322	0
1323	0
1324	0
1325	0
1326	0
1327	0
1328	0
1329	0
1330	0
1331	0
1332	0
1333	0
1334	0
1335	0
1336	0
1337	0
1338	0
1339	0
1340	0
1341	0
1342	0
1343	0
1344	0
1345	0
1346	0
1347	0
1348	0
1349	0
1350	0
1351	0
1352	0
1353	0
1354	0
1355	0
1356	0
1357	0
1358	0
1359	0
1360	0
1361	0
1362	0
1363	0
1364	0
1365	0
1366	0
1367	0
1368	0
1369	0
1370	0
1371	0
1372	0
1373	0
1374	0
1375	0
1376	0
1377	0
1378	0
1379	0
1380	0
1381	0
1382	0
1383	0
1384	0
1385	0
1386	0
1387	0
1388	0
1389	0
1390	0
1391	0
1392	0
1393	0
1394	0
1395	0
1396	0
1397	0
1398	0
1399	0
1400	0
1401	0
1402	0
1403	0
1404	0
1405	0
1406	0
1407	0
1408	0
1409	0
1410	0
1411	0
1412	0
1413	0
1414	0
1415	0
1416	0
1417	0
1418	0
1419	0
1420	0
1421	0
1422	0
1423	0
1424	0
1425	0
1426	0
1427	0
1428	0
1429	0
1430	0
1431	0
1432	0
1433	0
1434	0
1435	0
1436	0
1437	0
1438	0
1439	0
1440	0
1441	0
1442	0
1443	0
1444	0
1445	0
1446	0
1447	0
1448	0
1449	0
1450	0
1451	0
1452	0
1453	0
1454	0
1455	0
1456	0
1457	0
1458	0
1459	0
1460	0
1461	0
1462	0
1463	0
1464	0
1465	0
1466	0
1467	0
1468	0
1469	0
1470	0
1471	0
1472	0
1473	0
1474	0
1475	0
1476	0
1477	0
1478	0
1479	0
1480	0
1481	0
1482	0
1483	0
1484	0
1485	0
1486	0
1487	0
1488	0
1489	0
1490	0
1491	0
1492	0
1493	0
1494	0
1495	0
1496	0
1497	0
1498	0
1499	0
1500	0
1501	0
1502	0
1503	0
1504	0
1505	0
1506	0
1507	0
1508	0
1509	0
1510	0
1511	0
1512	0
1513	0
1514	0
1515	0
1516	0
1517	0
1518	0
1519	0
1520	0
1521	0
1522	0
1523	0
1524	0
1525	0
1526	0
1527	0
1528	0
1529	0
1530	0
1531	0
1532	0
1533	0
1534	0
1535	0
1536	0
1537	0
1538	0
1539	0
1540	0
1541	0
1542	0
1543	0
1544	0
1545	0
1546	0
1547	0
1548	0
1549	0
1550	0
1551	0
1552	0
1553	0
1554	0
1555	0
1556	0
1557	0
1558	0
1559	0
1560	0
1561	0
1562	0
1563	0
1564	0
1565	0
1566	0
1567	0
1568	0
1569	0
1570	0
1571	0
1572	0
1573	0
1574	0
1575	0
1576	0
1577	0
1578	0
1579	0
1580	0
1581	0
1582	0
1583	0
1584	0
1585	0
1586	0
1587	0
1588	0
1589	0
1590	0
1591	0
1592	0
1593	0
1594	0
1595	0
1596	0
1597	0
1598	0
1599	0
1600	0
1601	0
1602	0
1603	0
1604	0
1605	0
1606	0
1607	0
1608	0
1609	0
1610	0
1611	0
1612	0
1613	0
1614	0
1615	0
1616	0
1617	0
1618	0
1619	0
1620	0
1621	0
1622	0
1623	0
1624	0
1625	0
1626	0
1627	0
1628	0
1629	0
1630	0
1631	0
1632	0
1633	0
1634	0
1635	0
1636	0
1637	0
1638	0
1639	0
1640	0
1641	0
1642	0
1643	0
1644	0
1645	0
1646	0
1647	0
1648	0
1649	0
1650	0
1651	0
1652	0
1653	0
1654	0
1655	0
1656	0
1657	0
1658	0
1659	0
1660	0
1661	0
1662	0
1663	0
1664	0
1665	0
1666	0
1667	0
1668	0
1669	0
1670	0
1671	0
1672	0
1673	0
1674	0
1675	0
1676	0
1677	0
1678	0
1679	0
1680	0
1681	0
1682	0
1683	0
1684	0
1685	0
1686	0
1687	0
1688	0
1689	0
1690	0
1691	0
1692	0
1693	0
1694	0
1695	0
1696	0
1697	0
1698	0
1699	0
1700	0
1701	0
1702	0
1703	0
1704	0
1705	0
1706	0
1707	0
1708	0
1709	0
1710	0
1711	0
1712	0
1713	0
1714	0
1715	0
1716	0
1717	0
1718	0
1719	0
1720	0
1721	0
1722	0
1723	0
1724	0
1725	0
1726	0
1727	0
1728	0
1729	0
1730	0
1731	0
1732	0
1733	0
1734	0
1735	0
1736	0
1737	0
1738	0
1739	0
1740	0
1741	0
1742	0
1743	0
1744	0
1745	0
1746	0
1747	0
1748	0
1749	0
1750	0
1751	0
1752	0
1753	0
1754	0
1755	0
1756	0
1757	0
1758	0
1759	0
1760	0
1761	0
1762	0
1763	0
1764	0
1765	0
1766	0
1767	0
1768	0
1769	0
1770	0
1771	0
1772	0
1773	0
1774	0
1775	0
1776	0
1777	0
1778	0
1779	0
1780	0
1781	0
1782	0
1783	0
1784	0
1785	0
1786	0
1787	0
1788	0
1789	0
1790	0
1791	0
1792	0
1793	0
1794	0
1795	0
1796	0
1797	0
1798	0
1799	0
1800	0
1801	0
1802	0
1803	0
1804	0
1805	0
1806	0
1807	0
1808	0
1809	0
1810	0
1811	0
1812	0
1813	0
1814	0
1815	0
1816	0
1817	0
1818	0
1819	0
1820	0
1821	0
1822	0
1823	0
1824	0
1825	0
1826	0
1827	0
1828	0
1829	0
1830	0
1831	0
1832	0
1833	0
1834	0
1835	0
1836	0
1837	0
1838	0
1839	0
1840	0
1841	0
1842	0
1843	0
1844	0
1845	0
1846	0
1847	0
1848	0
1849	0
1850	0
1851	0
1852	0
1853	0
1854	0
1855	0
1856	0
1857	0
1858	0
1859	0
1860	0
1861	0
1862	0
1863	0
1864	0
1865	0
1866	0
1867	0
1868	0
1869	0
1870	0
1871	0
1872	0
1873	0
1874	0
1875	0
1876	0
1877	0
1878	0
1879	0
1880	0
1881	0
1882	0
1883	0
1884	0
1885	0
1886	0
1887	0
1888	0
1889	0
1890	0
1891	0
1892	0
1893	0
1894	0
1895	0
1896	0
1897	0
1898	0
1899	0
1900	0
1901	0
1902	0
1903	0
1904	0
1905	0
1906	0
1907	0
1908	0
1909	0
1910	0
1911	0
1912	0
1913	0
1914	0
1915	0
1916	0
1917	0
1918	0
1919	0
1920	0
1921	0
1922	0
1923	0
1924	0
1925	0
1926	0
1927	0
1928	0
1929	0
1930	0
1931	0
1932	0
1933	0
1934	0
1935	0
1936	0
1937	0
1938	0
1939	0
1940	0
1941	0
1942	0
1943	0
1944	0
1945	0
1946	0
1947	0
1948	0
1949	0
1950	0
1951	0
1952	0
1953	0
1954	0
1955	0
1956	0
1957	0
1958	0
1959	0
1960	0
1961	0
1962	0
1963	0
1964	0
1965	0
1966	0
1967	0
1968	0
1969	0
1970	0
1971	0
1972	0
1973	0
1974	0
1975	0
1976	0
1977	0
1978	0
1979	0
1980	0
1981	0
1982	0
1983	0
1984	0
1985	0
1986	0
1987	0
1988	0
1989	0
1990	0
1991	0
1992	0
1993	0
1994	0
1995	0
1996	0
1997	0
1998	0
1999	0
2000	0
2001	0
2002	0
2003	0
2004	0
2005	0
2006	0
2007	0
2008	0
2009	0
2010	0
2011	0
2012	0
2013	0
2014	0
2015	0
2016	0
2017	0
2018	0
2019	0
2020	0
2021	0
2022	0
2023	0
2024	0
2025	0
2026	0
2027	0
2028	0
2029	0
2030	0
2031	0
2032	0
2033	0
2034	0
2035	0
2036	0
2037	0
2038	0
2039	0
2040	0
2041	0
2042	0
2043	0
2044	0
2045	0
2046	0
2047	0
2048	0
2049	0
2050	0
2051	0
2052	0
2053	0
2054	0
2055	0
2056	0
2057	0
2058	0
2059	0
2060	0
2061	0
2062	0
2063	0
2064	0
2065	0
2066	0
2067	0
2068	0
2069	0
2070	0
2071	0
2072	0
2073	0
2074	0
2075	0
2076	0
2077	0
2078	0
2079	0
2080	0
2081	0
2082	0
2083	0
2084	0
2085	0
2086	0
2087	0
2088	0
2089	0
2090	0
2091	0
2092	0
2093	0
2094	0
2095	0
2096	0
2097	0
2098	0
2099	0
2100	0
2101	0
2102	0
2103	0
2104	0
2105	0
2106	0
2107	0
2108	0
2109	0
2110	0
2111	0
2112	0
2113	0
2114	0
2115	0
2116	0
2117	0
2118	0
2119	0
2120	0
2121	0
2122	0
2123	0
2124	0
2125	0
2126	0
2127	0
2128	0
2129	0
2130	0
2131	0
2132	0
2133	0
2134	0
2135	0
2136	0
2137	0
2138	0
2139	0
2140	0
2141	0
2142	0
2143	0
2144	0
2145	0
2146	0
2147	0
2148	0
2149	0
2150	0
2151	0
2152	0
2153	0
2154	0
2155	0
2156	0
2157	0
2158	0
2159	0
2160	0
2161	0
2162	0
2163	0
2164	0
2165	0
2166	0
2167	0
2168	0
2169	0
2170	0
2171	0
2172	0
2173	0
2174	0
2175	0
2176	0
2177	0
2178	0
2179	0
2180	0
2181	0
2182	0
2183	0
2184	0
2185	0
2186	0
2187	0
2188	0
2189	0
2190	0
2191	0
2192	0
2193	0
2194	0
2195	0
2196	0
2197	0
2198	0
2199	0
2200	0
2201	0
2202	0
2203	0
2204	0
2205	0
2206	0
2207	0
2208	0
2209	0
2210	0
2211	0
2212	0
2213	0
2214	0
2215	0
2216	0
2217	0
2218	0
2219	0
2220	0
2221	0
2222	0
2223	0
2224	0
2225	0
2226	0
2227	0
2228	0
2229	0
2230	0
2231	0
2232	0
2233	0
2234	0
2235	0
2236	0
2237	0
2238	0
2239	0
2240	0
2241	0
2242	0
2243	0
2244	0
2245	0
2246	0
2247	0
2248	0
2249	0
2250	0
2251	0
2252	0
2253	0
2254	0
2255	0
2256	0
2257	0
2258	0
2259	0
2260	0
2261	0
2262	0
2263	0
2264	0
2265	0
2266	0
2267	0
2268	0
2269	0
2270	0
2271	0
2272	0
2273	0
2274	0
2275	0
2276	0
2277	0
2278	0
2279	0
2280	0
2281	0
2282	0
2283	0
2284	0
2285	0
2286	0
2287	0
2288	0
2289	0
2290	0
2291	0
2292	0
2293	0
2294	0
2295	0
2296	0
2297	0
2298	0
2299	0
2300	0
2301	0
2302	0
2303	0
2304	0
2305	0
2306	0
2307	0
2308	0
2309	0
2310	0
2311	0
2312	0
2313	0
2314	0
2315	0
2316	0
2317	0
2318	0
2319	0
2320	0
2321	0
2322	0
2323	0
2324	0
2325	0
2326	0
2327	0
2328	0
2329	0
2330	0
2331	0
2332	0
2333	0
2334	0
2335	0
2336	0
2337	0
2338	0
2339	0
2340	0
2341	0
2342	0
2343	0
2344	0
2345	0
2346	0
2347	0
2348	0
2349	0
2350	0
2351	0
2352	0
2353	0
2354	0
2355	0
2356	0
2357	0
2358	0
2359	0
2360	0
2361	0
2362	0
2363	0
2364	0
2365	0
2366	0
2367	0
2368	0
2369	0
2370	0
2371	0
2372	0
2373	0
2374	0
2375	0
2376	0
2377	0
2378	0
2379	0
2380	0
2381	0
2382	0
2383	0
2384	0
2385	0
2386	0
2387	0
2388	0
2389	0
2390	0
2391	0
2392	0
2393	0
2394	0
2395	0
2396	0
2397	0
2398	0
2399	0
2400	0
2401	0
2402	0
2403	0
2404	0
2405	0
2406	0
2407	0
2408	0
2409	0
2410	0
2411	0
2412	0
2413	0
2414	0
2415	0
2416	0
2417	0
2418	0
2419	0
2420	0
2421	0
2422	0
2423	0
2424	0
2425	0
2426	0
2427	0
2428	0
2429	0
2430	0
2431	0
2432	0
2433	0
2434	0
2435	0
2436	0
2437	0
2438	0
2439	0
2440	0
2441	0
2442	0
2443	0
2444	0
2445	0
2446	0
2447	0
2448	0
2449	0
2450	0
2451	0
2452	0
2453	0
2454	0
2455	0
2456	0
2457	0
2458	0
2459	0
2460	0
2461	0
2462	0
2463	0
2464	0
2465	0
2466	0
2467	0
2468	0
2469	0
2470	0
2471	0
2472	0
2473	0
2474	0
2475	0
2476	0
2477	0
2478	0
2479	0
2480	0
2481	0
2482	0
2483	0
2484	0
2485	0
2486	0
2487	0
2488	0
2489	0
2490	1
2491	1
2492	1
2493	1
2494	1
2495	1
2496	1
2497	1
2498	1
2499	1
2500	1
2501	1
2502	1
2503	1
2504	1
2505	1
2506	1
2507	1
2508	1
2509	1
2510	1
2511	1
2512	1
2513	1
2514	1
2515	1
2516	1
2517	1
2518	1
2519	1
2520	1
2521	1
2522	1
2523	1
2524	1
2525	1
2526	1
2527	1
2528	1
2529	1
2530	1
2531	1
2532	1
2533	1
2534	1
2535	1
2536	1
2537	1
2538	1
2539	1
2540	1
2541	1
2542	1
2543	1
2544	1
2545	1
2546	1
2547	1
2548	1
2549	1
2550	1
2551	1
2552	1
2553	1
2554	1
2555	1
2556	1
2557	1
2558	1
2559	1
2560	1
2561	1
2562	1
2563	1
2564	1
2565	1
2566	1
2567	1
2568	1
2569	1
2570	1
2571	1
2572	1
2573	1
2574	1
2575	1
2576	1
2577	1
2578	1
2579	1
2580	1
2581	1
2582	1
2583	1
2584	1
2585	1
2586	1
2587	1
2588	1
2589	1
2590	1
2591	1
2592	1
2593	1
2594	1
2595	1
2596	1
2597	1
2598	1
2599	1
2600	1
2601	1
2602	1
2603	1
2604	1
2605	1
2606	1
2607	1
2608	1
2609	1
2610	1
2611	1
2612	1
2613	1
2614	1
2615	1
2616	1
2617	1
2618	1
2619	1
2620	1
2621	1
2622	1
2623	1
2624	1
2625	1
2626	1
2627	1
2628	1
2629	1
2630	1
2631	1
2632	1
2633	1
2634	1
2635	1
2636	1
2637	1
2638	1
2639	1
2640	1
2641	1
2642	1
2643	1
2644	1
2645	1
2646	1
2647	1
2648	1
2649	1
2650	1
2651	1
2652	1
2653	1
2654	1
2655	1
2656	1
2657	1
2658	1
2659	1
2660	1
2661	1
2662	1
2663	1
2664	1
2665	1
2666	1
2667	1
2668	1
2669	1
2670	1
2671	1
2672	1
2673	1
2674	1
2675	1
2676	1
2677	1
2678	1
2679	1
2680	1
2681	1
2682	1
2683	1
2684	1
2685	1
2686	1
2687	1
2688	1
2689	1
2690	1
2691	1
2692	1
2693	1
2694	1
2695	1
2696	1
2697	1
2698	1
2699	1
2700	1
2701	1
2702	1
2703	1
2704	1
2705	1
2706	1
2707	1
2708	1
2709	1
2710	1
2711	1
2712	1
2713	1
2714	1
2715	1
2716	1
2717	1
2718	1
2719	1
2720	1
2721	1
2722	1
2723	1
2724	1
2725	1
2726	1
2727	1
2728	1
2729	1
2730	1
2731	1
2732	1
2733	1
2734	1
2735	1
2736	1
2737	1
2738	1
2739	1
2740	1
2741	1
2742	1
2743	1
2744	1
2745	1
2746	1
2747	1
2748	1
2749	1
2750	1
2751	1
2752	1
2753	1
2754	1
2755	1
2756	1
2757	1
2758	1
2759	1
2760	1
2761	1
2762	1
2763	1
2764	1
2765	1
2766	1
2767	1
2768	1
2769	1
2770	1
2771	1
2772	1
2773	1
2774	1
2775	1
2776	1
2777	1
2778	1
2779	1
2780	1
2781	1
2782	1
2783	1
2784	1
2785	1
2786	1
2787	1
2788	1
2789	1
2790	1
2791	1
2792	1
2793	1
2794	1
2795	1
2796	1
2797	1
2798	1
2799	1
2800	1
2801	1
2802	1
2803	1
2804	1
2805	1
2806	1
2807	1
2808	1
2809	1
2810	1
2811	1
2812	1
2813	1
2814	1
2815	1
2816	1
2817	1
2818	1
2819	1
2820	1
2821	1
2822	1
2823	1
2824	1
2825	1
2826	1
2827	1
2828	1
2829	1
2830	1
2831	1
2832	1
2833	1
2834	1
2835	1
2836	1
2837	1
2838	1
2839	1
2840	1
2841	1
2842	1
2843	1
2844	1
2845	1
2846	1
2847	1
2848	1
2849	1
2850	1
2851	1
2852	1
2853	1
2854	1
2855	1
2856	1
2857	1
2858	1
2859	1
2860	1
2861	1
2862	1
2863	1
2864	1
2865	1
2866	1
2867	1
2868	1
2869	1
2870	1
2871	1
2872	1
2873	1
2874	1
2875	1
2876	1
2877	1
2878	1
2879	1
2880	1
2881	1
2882	1
2883	1
2884	1
2885	1
2886	1
2887	1
2888	1
2889	1
2890	1
2891	1
2892	1
2893	1
2894	1
2895	1
2896	1
2897	1
2898	1
2899	1
2900	1
2901	1
2902	1
2903	1
2904	1
2905	1
2906	1
2907	1
2908	1
2909	1
2910	1
2911	1
2912	1
2913	1
2914	1
2915	1
2916	1
2917	1
2918	1
2919	1
2920	1
2921	1
2922	1
2923	1
2924	1
2925	1
2926	1
2927	1
2928	1
2929	1
2930	1
2931	1
2932	1
2933	1
2934	1
2935	1
2936	1
2937	1
2938	1
2939	1
2940	1
2941	1
2942	1
2943	1
2944	1
2945	1
2946	1
2947	1
2948	1
2949	1
2950	1
2951	1
2952	1
2953	1
2954	1
2955	1
2956	1
2957	1
2958	1
2959	1
2960	1
2961	1
2962	1
2963	1
2964	1
2965	1
2966	1
2967	1
2968	1
2969	1
2970	1
2971	1
2972	1
2973	1
2974	1
2975	1
2976	1
2977	1
2978	1
2979	1
2980	1
2981	1
2982	1
2983	1
2984	1
2985	1
2986	1
2987	1
2988	1
2989	1
2990	1
2991	1
2992	1
2993	1
2994	1
2995	1
2996	1
2997	1
2998	1
2999	1
3000	1
3001	1
3002	1
3003	1
3004	1
3005	1
3006	1
3007	1
3008	1
3009	1
3010	1
3011	1
3012	1
3013	1
3014	1
3015	1
3016	1
3017	1
3018	1
3019	1
3020	1
3021	1
3022	1
3023	1
3024	1
3025	1
3026	1
3027	1
3028	1
3029	1
3030	1
3031	1
3032	1
3033	1
3034	1
3035	1
3036	1
3037	1
3038	1
3039	1
3040	1
3041	1
3042	1
3043	1
3044	1
3045	1
3046	1
3047	1
3048	1
3049	1
3050	1
3051	1
3052	1
3053	1
3054	1
3055	1
3056	1
3057	1
3058	1
3059	1
3060	1
3061	1
3062	1
3063	1
3064	1
3065	1
3066	1
3067	1
3068	1
3069	1
3070	1
3071	1
3072	1
3073	1
3074	1
3075	1
3076	1
3077	1
3078	1
3079	1
3080	1
3081	1
3082	1
3083	1
3084	1
3085	1
3086	1
3087	1
3088	1
3089	1
3090	1
3091	1
3092	1
3093	1
3094	1
3095	1
3096	1
3097	1
3098	1
3099	1
3100	1
3101	1
3102	1
3103	1
3104	1
3105	1
3106	1
3107	1
3108	1
3109	1
3110	1
3111	1
3112	1
3113	1
3114	1
3115	1
3116	1
3117	1
3118	1
3119	1
3120	1
3121	1
3122	1
3123	1
3124	1
3125	1
3126	1
3127	1
3128	1
3129	1
3130	1
3131	1
3132	1
3133	1
3134	1
3135	1
3136	1
3137	1
3138	1
3139	1
3140	1
3141	1
3142	1
3143	1
3144	1
3145	1
3146	1
3147	1
3148	1
3149	1
3150	1
3151	1
3152	1
3153	1
3154	1
3155	1
3156	1
3157	1
3158	1
3159	1
3160	1
3161	1
3162	1
3163	1
3164	1
3165	1
3166	1
3167	1
3168	1
3169	1
3170	1
3171	1
3172	1
3173	1
3174	1
3175	1
3176	1
3177	1
3178	1
3179	1
3180	1
3181	1
3182	1
3183	1
3184	1
3185	1
3186	1
3187	1
3188	1
3189	1
3190	1
3191	1
3192	1
3193	1
3194	1
3195	1
3196	1
3197	1
3198	1
3199	1
3200	1
3201	1
3202	1
3203	1
3204	1
3205	1
3206	1
3207	1
3208	1
3209	1
3210	1
3211	1
3212	1
3213	1
3214	1
3215	1
3216	1
3217	1
3218	1
3219	1
3220	1
3221	1
3222	1
3223	1
3224	1
3225	1
3226	1
3227	1
3228	1
3229	1
3230	1
3231	1
3232	1
3233	1
3234	1
3235	1
3236	1
3237	1
3238	1
3239	1
3240	1
3241	1
3242	1
3243	1
3244	1
3245	1
3246	1
3247	1
3248	1
3249	1
3250	1
3251	1
3252	1
3253	1
3254	1
3255	1
3256	1
3257	1
3258	1
3259	1
3260	1
3261	1
3262	1
3263	1
3264	1
3265	1
3266	1
3267	1
3268	1
3269	1
3270	1
3271	1
3272	1
3273	1
3274	1
3275	1
3276	1
3277	1
3278	1
3279	1
3280	1
3281	1
3282	1
3283	1
3284	1
3285	1
3286	1
3287	1
3288	1
3289	1
3290	1
3291	1
3292	1
3293	1
3294	1
3295	1
3296	1
3297	1
3298	1
3299	1
3300	1
3301	1
3302	1
3303	1
3304	1
3305	1
3306	1
3307	1
3308	1
3309	1
3310	1
3311	1
3312	1
3313	1
3314	1
3315	1
3316	1
3317	1
3318	1
3319	1
3320	1
3321	1
3322	1
3323	1
3324	1
3325	1
3326	1
3327	1
3328	1
3329	1
3330	1
3331	1
3332	1
3333	1
3334	1
3335	1
3336	1
3337	1
3338	1
3339	1
3340	1
3341	1
3342	1
3343	1
3344	1
3345	1
3346	1
3347	1
3348	1
3349	1
3350	1
3351	1
3352	1
3353	1
3354	1
3355	1
3356	1
3357	1
3358	1
3359	1
3360	1
3361	1
3362	1
3363	1
3364	1
3365	1
3366	1
3367	1
3368	1
3369	1
3370	1
3371	1
3372	1
3373	1
3374	1
3375	1
3376	1
3377	1
3378	1
3379	1
3380	1
3381	1
3382	1
3383	1
3384	1
3385	1
3386	1
3387	1
3388	1
3389	1
3390	1
3391	1
3392	1
3393	1
3394	1
3395	1
3396	1
3397	1
3398	1
3399	1
3400	1
3401	1
3402	1
3403	1
3404	1
3405	1
3406	1
3407	1
3408	1
3409	1
3410	1
3411	1
3412	1
3413	1
3414	1
3415	1
3416	1
3417	1
3418	1
3419	1
3420	1
3421	1
3422	1
3423	1
3424	1
3425	1
3426	1
3427	1
3428	1
3429	1
3430	1
3431	1
3432	1
3433	1
3434	1
3435	1
3436	1
3437	1
3438	1
3439	1
3440	1
3441	1
3442	1
3443	1
3444	1
3445	1
3446	1
3447	1
3448	1
3449	1
3450	1
3451	1
3452	1
3453	1
3454	1
3455	1
3456	1
3457	1
3458	1
3459	1
3460	1
3461	1
3462	1
3463	1
3464	1
3465	1
3466	1
3467	1
3468	1
3469	1
3470	1
3471	1
3472	1
3473	1
3474	1
3475	1
3476	1
3477	1
3478	1
3479	1
3480	1
3481	1
3482	1
3483	1
3484	1
3485	1
3486	1
3487	1
3488	1
3489	1
3490	1
3491	1
3492	1
3493	1
3494	1
3495	1
3496	1
3497	1
3498	1
3499	1
3500	1
3501	1
3502	1
3503	1
3504	1
3505	1
3506	1
3507	1
3508	1
3509	1
3510	1
3511	1
3512	1
3513	1
3514	1
3515	1
3516	1
3517	1
3518	1
3519	1
3520	1
3521	1
3522	1
3523	1
3524	1
3525	1
3526	1
3527	1
3528	1
3529	1
3530	1
3531	1
3532	1
3533	1
3534	1
3535	1
3536	1
3537	1
3538	1
3539	1
3540	1
3541	1
3542	1
3543	1
3544	1
3545	1
3546	1
3547	1
3548	1
3549	1
3550	1
3551	1
3552	1
3553	1
3554	1
3555	1
3556	1
3557	1
3558	1
3559	1
3560	1
3561	1
3562	1
3563	1
3564	1
3565	1
3566	1
3567	1
3568	1
3569	1
3570	1
3571	1
3572	1
3573	1
3574	1
3575	1
3576	1
3577	1
3578	1
3579	1
3580	1
3581	1
3582	1
3583	1
3584	1
3585	1
3586	1
3587	1
3588	1
3589	1
3590	1
3591	1
3592	1
3593	1
3594	1
3595	1
3596	1
3597	1
3598	1
3599	1
3600	1
3601	1
3602	1
3603	1
3604	1
3605	1
3606	1
3607	1
3608	1
3609	1
3610	1
3611	1
3612	1
3613	1
3614	1
3615	1
3616	1
3617	1
3618	1
3619	1
3620	1
3621	1
3622	1
3623	1
3624	1
3625	1
3626	1
3627	1
3628	1
3629	1
3630	1
3631	1
3632	1
3633	1
3634	1
3635	1
3636	1
3637	1
3638	1
3639	1
3640	1
3641	1
3642	1
3643	1
3644	1
3645	1
3646	1
3647	1
3648	1
3649	1
3650	1
3651	1
3652	1
3653	1
3654	1
3655	1
3656	1
3657	1
3658	1
3659	1
3660	1
3661	1
3662	1
3663	1
3664	1
3665	1
3666	1
3667	1
3668	1
3669	1
3670	1
3671	1
3672	1
3673	1
3674	1
3675	1
3676	1
3677	1
3678	1
3679	1
3680	1
3681	1
3682	1
3683	1
3684	1
3685	1
3686	1
3687	1
3688	1
3689	1
3690	1
3691	1
3692	1
3693	1
3694	1
3695	1
3696	1
3697	1
3698	1
3699	1
3700	1
3701	1
3702	1
3703	1
3704	1
3705	1
3706	1
3707	1
3708	1
3709	1
3710	1
3711	1
3712	1
3713	1
3714	1
3715	1
3716	1
3717	1
3718	1
3719	1
3720	1
3721	1
3722	1
3723	1
3724	1
3725	1
3726	1
3727	1
3728	1
3729	1
3730	1
3731	1
3732	1
3733	1
3734	1
3735	1
3736	1
3737	1
3738	1
3739	1
3740	1
3741	1
3742	1
3743	1
3744	1
3745	1
3746	1
3747	1
3748	1
3749	1
3750	1
3751	1
3752	1
3753	1
3754	1
3755	1
3756	1
3757	1
3758	1
3759	1
3760	1
3761	1
3762	1
3763	1
3764	1
3765	1
3766	1
3767	1
3768	1
3769	1
3770	1
3771	1
3772	1
3773	1
3774	1
3775	1
3776	1
3777	1
3778	1
3779	1
3780	1
3781	1
3782	1
3783	1
3784	1
3785	1
3786	1
3787	1
3788	1
3789	1
3790	1
3791	1
3792	1
3793	1
3794	1
3795	1
3796	1
3797	1
3798	1
3799	1
3800	1
3801	1
3802	1
3803	1
3804	1
3805	1
3806	1
3807	1
3808	1
3809	1
3810	1
3811	1
3812	1
3813	1
3814	1
3815	1
3816	1
3817	1
3818	1
3819	1
3820	1
3821	1
3822	1
3823	1
3824	1
3825	1
3826	1
3827	1
3828	1
3829	1
3830	1
3831	1
3832	1
3833	1
3834	1
3835	1
3836	1
3837	1
3838	1
3839	1
3840	1
3841	1
3842	1
3843	1
3844	1
3845	1
3846	1
3847	1
3848	1
3849	1
3850	1
3851	1
3852	1
3853	1
3854	1
3855	1
3856	1
3857	1
3858	1
3859	1
3860	1
3861	1
3862	1
3863	1
3864	1
3865	1
3866	1
3867	1
3868	1
3869	1
3870	1
3871	1
3872	1
3873	1
3874	1
3875	1
3876	1
3877	1
3878	1
3879	1
3880	1
3881	1
3882	1
3883	1
3884	1
3885	1
3886	1
3887	1
3888	1
3889	1
3890	1
3891	1
3892	1
3893	1
3894	1
3895	1
3896	1
3897	1
3898	1
3899	1
3900	1
3901	1
3902	1
3903	1
3904	1
3905	1
3906	1
3907	1
3908	1
3909	1
3910	1
3911	1
3912	1
3913	1
3914	1
3915	1
3916	1
3917	1
3918	1
3919	1
3920	1
3921	1
3922	1
3923	1
3924	1
3925	1
3926	1
3927	1
3928	1
3929	1
3930	1
3931	1
3932	1
3933	1
3934	1
3935	1
3936	1
3937	1
3938	1
3939	1
3940	1
3941	1
3942	1
3943	1
3944	1
3945	1
3946	1
3947	1
3948	1
3949	1
3950	1
3951	1
3952	1
3953	1
3954	1
3955	1
3956	1
3957	1
3958	1
3959	1
3960	1
3961	1
3962	1
3963	1
3964	1
3965	1
3966	1
3967	1
3968	1
3969	1
3970	1
3971	1
3972	1
3973	1
3974	1
3975	1
3976	1
3977	1
3978	1
3979	1
3980	1
3981	1
3982	1
3983	1
3984	1
3985	1
3986	1
3987	1
3988	1
3989	1
3990	1
3991	1
3992	1
3993	1
3994	1
3995	1
3996	1
3997	1
3998	1
3999	1
4000	1
4001	1
4002	1
4003	1
4004	1
4005	1
4006	1
4007	1
4008	1
4009	1
4010	1
4011	1
4012	1
4013	1
4014	1
4015	1
4016	1
4017	1
4018	1
4019	1
4020	1
4021	1
4022	1
4023	1
4024	1
4025	1
4026	1
4027	1
4028	1
4029	1
4030	1
4031	1
4032	1
4033	1
4034	1
4035	1
4036	1
4037	1
4038	1
4039	1
4040	1
4041	1
4042	1
4043	1
4044	1
4045	1
4046	1
4047	1
4048	1
4049	1
4050	1
4051	1
4052	1
4053	1
4054	1
4055	1
4056	1
4057	1
4058	1
4059	1
4060	1
4061	1
4062	1
4063	1
4064	1
4065	1
4066	1
4067	1
4068	1
4069	1
4070	1
4071	1
4072	1
4073	1
4074	1
4075	1
4076	1
4077	1
4078	1
4079	1
4080	1
4081	1
4082	1
4083	1
4084	1
4085	1
4086	1
4087	1
4088	1
4089	1
4090	1
4091	1
4092	1
4093	1
4094	1
4095	1
4096	1
4097	1
4098	1
4099	1
4100	1
4101	1
4102	1
4103	1
4104	1
4105	1
4106	1
4107	1
4108	1
4109	1
4110	1
4111	1
4112	1
4113	1
4114	1
4115	1
4116	1
4117	1
4118	1
4119	1
4120	1
4121	1
4122	1
4123	1
4124	1
4125	1
4126	1
4127	1
4128	1
4129	1
4130	1
4131	1
4132	1
4133	1
4134	1
4135	1
4136	1
4137	1
4138	1
4139	1
4140	1
4141	1
4142	1
4143	1
4144	1
4145	1
4146	1
4147	1
4148	1
4149	1
4150	1
4151	1
4152	1
4153	1
4154	1
4155	1
4156	1
4157	1
4158	1
4159	1
4160	1
4161	1
4162	1
4163	1
4164	1
4165	1
4166	1
4167	1
4168	1
4169	1
4170	1
4171	1
4172	1
4173	1
4174	1
4175	1
4176	1
4177	1
4178	1
4179	1
4180	1
4181	1
4182	1
4183	1
4184	1
4185	1
4186	1
4187	1
4188	1
4189	1
4190	1
4191	1
4192	1
4193	1
4194	1
4195	1
4196	1
4197	1
4198	1
4199	1
4200	1
4201	1
4202	1
4203	1
4204	1
4205	1
4206	1
4207	1
4208	1
4209	1
4210	1
4211	1
4212	1
4213	1
4214	1
4215	1
4216	1
4217	1
4218	1
4219	1
4220	1
4221	1
4222	1
4223	1
4224	1
4225	1
4226	1
4227	1
4228	1
4229	1
4230	1
4231	1
4232	1
4233	1
4234	1
4235	1
4236	1
4237	1
4238	1
4239	1
4240	1
4241	1
4242	1
4243	1
4244	1
4245	1
4246	1
4247	1
4248	1
4249	1
4250	1
4251	1
4252	1
4253	1
4254	1
4255	1
4256	1
4257	1
4258	1
4259	1
4260	1
4261	1
4262	1
4263	1
4264	1
4265	1
4266	1
4267	1
4268	1
4269	1
4270	1
4271	1
4272	1
4273	1
4274	1
4275	1
4276	1
4277	1
4278	1
4279	1
4280	1
4281	1
4282	1
4283	1
4284	1
4285	1
4286	1
4287	1
4288	1
4289	1
4290	1
4291	1
4292	1
4293	1
4294	1
4295	1
4296	1
4297	1
4298	1
4299	1
4300	1
4301	1
4302	1
4303	1
4304	1
4305	1
4306	1
4307	1
4308	1
4309	1
4310	1
4311	1
4312	1
4313	1
4314	1
4315	1
4316	1
4317	1
4318	1
4319	1
4320	1
4321	1
4322	1
4323	1
4324	1
4325	1
4326	1
4327	1
4328	1
4329	1
4330	1
4331	1
4332	1
4333	1
4334	1
4335	1
4336	1
4337	1
4338	1
4339	1
4340	1
4341	1
4342	1
4343	1
4344	1
4345	1
4346	1
4347	1
4348	1
4349	1
4350	1
4351	1
4352	1
4353	1
4354	1
4355	1
4356	1
4357	1
4358	1
4359	1
4360	1
4361	1
4362	1
4363	1
4364	1
4365	1
4366	1
4367	1
4368	1
4369	1
4370	1
4371	1
4372	1
4373	1
4374	1
4375	1
4376	1
4377	1
4378	1
4379	1
4380	1
4381	1
4382	1
4383	1
4384	1
4385	1
4386	1
4387	1
4388	1
4389	1
4390	1
4391	1
4392	1
4393	1
4394	1
4395	1
4396	1
4397	1
4398	1
4399	1
4400	1
4401	1
4402	1
4403	1
4404	1
4405	1
4406	1
4407	1
4408	1
4409	1
4410	1
4411	1
4412	1
4413	1
4414	1
4415	1
4416	1
4417	1
4418	1
4419	1
4420	1
4421	1
4422	1
4423	1
4424	1
4425	1
4426	1
4427	1
4428	1
4429	1
4430	1
4431	1
4432	1
4433	1
4434	1
4435	1
4436	1
4437	1
4438	1
4439	1
4440	1
4441	1
4442	1
4443	1
4444	1
4445	1
4446	1
4447	1
4448	1
4449	1
4450	1
4451	1
4452	1
4453	1
4454	1
4455	1
4456	1
4457	1
4458	1
4459	1
4460	1
4461	1
4462	1
4463	1
4464	1
4465	1
4466	1
4467	1
4468	1
4469	1
4470	1
4471	1
4472	1
4473	1
4474	1
4475	1
4476	1
4477	1
4478	1
4479	1
4480	1
4481	1
4482	1
4483	1
4484	1
4485	1
4486	1
4487	1
4488	1
4489	1
4490	1
4491	1
4492	1
4493	1
4494	1
4495	1
4496	1
4497	1
4498	1
4499	1
4500	1
4501	1
4502	1
4503	1
4504	1
4505	1
4506	1
4507	1
4508	1
4509	1
4510	1
4511	1
4512	1
4513	1
4514	1
4515	1
4516	1
4517	1
4518	1
4519	1
4520	1
4521	1
4522	1
4523	1
4524	1
4525	1
4526	1
4527	1
4528	1
4529	1
4530	1
4531	1
4532	1
4533	1
4534	1
4535	1
4536	1
4537	1
4538	1
4539	1
4540	1
4541	1
4542	1
4543	1
4544	1
4545	1
4546	1
4547	1
4548	1
4549	1
4550	1
4551	1
4552	1
4553	1
4554	1
4555	1
4556	1
4557	1
4558	1
4559	1
4560	1
4561	1
4562	1
4563	1
4564	1
4565	1
4566	1
4567	1
4568	1
4569	1
4570	1
4571	1
4572	1
4573	1
4574	1
4575	1
4576	1
4577	1
4578	1
4579	1
4580	1
4581	1
4582	1
4583	1
4584	1
4585	1
4586	1
4587	1
4588	1
4589	1
4590	1
4591	1
4592	1
4593	1
4594	1
4595	1
4596	1
4597	1
4598	1
4599	1
4600	1
4601	1
4602	1
4603	1
4604	1
4605	1
4606	1
4607	1
4608	1
4609	1
4610	1
4611	1
4612	1
4613	1
4614	1
4615	1
4616	1
4617	1
4618	1
4619	1
4620	1
4621	1
4622	1
4623	1
4624	1
4625	1
4626	1
4627	1
4628	1
4629	1
4630	1
4631	1
4632	1
4633	1
4634	1
4635	1
4636	1
4637	1
4638	1
4639	1
4640	1
4641	1
4642	1
4643	1
4644	1
4645	1
4646	1
4647	1
4648	1
4649	1
4650	1
4651	1
4652	1
4653	1
4654	1
4655	1
4656	1
4657	1
4658	1
4659	1
4660	1
4661	1
4662	1
4663	1
4664	1
4665	1
4666	1
4667	1
4668	1
4669	1
4670	1
4671	1
4672	1
4673	1
4674	1
4675	1
4676	1
4677	1
4678	1
4679	1
4680	1
4681	1
4682	1
4683	1
4684	1
4685	1
4686	1
4687	1
4688	1
4689	1
4690	1
4691	1
4692	1
4693	1
4694	1
4695	1
4696	1
4697	1
4698	1
4699	1
4700	1
4701	1
4702	1
4703	1
4704	1
4705	1
4706	1
4707	1
4708	1
4709	1
4710	1
4711	1
4712	1
4713	1
4714	1
4715	1
4716	1
4717	1
4718	1
4719	1
4720	1
4721	1
4722	1
4723	1
4724	1
4725	1
4726	1
4727	1
4728	1
4729	1
4730	1
4731	1
4732	1
4733	1
4734	1
4735	1
4736	1
4737	1
4738	1
4739	1
4740	1
4741	1
4742	1
4743	1
4744	1
4745	1
4746	1
4747	1
4748	1
4749	1
4750	1
4751	1
4752	1
4753	1
4754	1
4755	1
4756	1
4757	1
4758	1
4759	1
4760	1
4761	1
4762	1
4763	1
4764	1
4765	1
4766	1
4767	1
4768	1
4769	1
4770	1
4771	1
4772	1
4773	1
4774	1
4775	1
4776	1
4777	1
4778	1
4779	1
4780	1
4781	1
4782	1
4783	1
4784	1
4785	1
4786	1
4787	1
4788	1
4789	1
4790	1
4791	1
4792	1
4793	1
4794	1
4795	1
4796	1
4797	1
4798	1
4799	1
4800	1
4801	1
4802	1
4803	1
4804	1
4805	1
4806	1
4807	1
4808	1
4809	1
4810	1
4811	1
4812	1
4813	1
4814	1
4815	1
4816	1
4817	1
4818	1
4819	1
4820	1
4821	1
4822	1
4823	1
4824	1
4825	1
4826	1
4827	1
4828	1
4829	1
4830	1
4831	1
4832	1
4833	1
4834	1
4835	1
4836	1
4837	1
4838	1
4839	1
4840	1
4841	1
4842	1
4843	1
4844	1
4845	1
4846	1
4847	1
4848	1
4849	1
4850	1
4851	1
4852	1
4853	1
4854	1
4855	1
4856	1
4857	1
4858	1
4859	1
4860	1
4861	1
4862	1
4863	1
4864	1
4865	1
4866	1
4867	1
4868	1
4869	1
4870	1
4871	1
4872	1
4873	1
4874	1
4875	1
4876	1
4877	1
4878	1
4879	1
4880	1
4881	1
4882	1
4883	1
4884	1
4885	1
4886	1
4887	1
4888	1
4889	1
4890	1
4891	1
4892	1
4893	1
4894	1
4895	1
4896	1
4897	1
4898	1
4899	1
4900	1
4901	1
4902	1
4903	1
4904	1
4905	1
4906	1
4907	1
4908	1
4909	1
4910	1
4911	1
4912	1
4913	1
4914	1
4915	1
4916	1
4917	1
4918	1
4919	1
4920	1
4921	1
4922	1
4923	1
4924	1
4925	1
4926	1
4927	1
4928	1
4929	1
4930	1
4931	1
4932	1
4933	1
4934	1
4935	1
4936	1
4937	1
4938	1
4939	1
4940	1
4941	1
4942	1
4943	1
4944	1
4945	1
4946	1
4947	1
4948	1
4949	1
4950	1
4951	1
4952	1
4953	1
4954	1
4955	1
4956	1
4957	1
4958	1
4959	1
4960	1
4961	1
4962	1
4963	1
4964	1
4965	1
4966	1
4967	1
4968	1
4969	1
4970	1
4971	1
4972	1
4973	1
4974	1
4975	1
4976	1
4977	1
4978	1
4979	1
4980	1
4981	1
4982	1
4983	1
4984	1
4985	1
4986	1
4987	1
4988	1
4989	1
4990	1
4991	1
4992	1
4993	1
4994	1
4995	1
4996	1
4997	1
4998	1
4999	1
5000	1
5001	1
5002	1
5003	1
5004	1
5005	1
5006	1
5007	1
5008	1
5009	1
5010	1
5011	1
5012	1
5013	1
5014	1
5015	1
5016	1
5017	1
5018	1
5019	1
5020	1
5021	1
5022	1
5023	1
5024	1
5025	1
5026	1
5027	1
5028	1
5029	1
5030	1
5031	1
5032	1
5033	1
5034	1
5035	1
5036	1
5037	1
5038	1
5039	1
5040	1
5041	1
5042	1
5043	1
5044	1
5045	1
5046	1
5047	1
5048	1
5049	1
5050	1
5051	1
5052	1
5053	1
5054	1
5055	1
5056	1
5057	1
5058	1
5059	1
5060	1
5061	1
5062	1
5063	1
5064	1
5065	1
5066	1
5067	1
5068	1
5069	1
5070	1
5071	1
5072	1
5073	1
5074	1
5075	1
5076	1
5077	1
5078	1
5079	1
5080	1
5081	1
5082	1
5083	1
5084	1
5085	1
5086	1
5087	1
5088	1
5089	1
5090	1
5091	1
5092	1
5093	1
5094	1
5095	1
5096	1
5097	1
5098	1
5099	1
5100	1
5101	1
5102	1
5103	1
5104	1
5105	1
5106	1
5107	1
5108	1
5109	1
5110	1
5111	1
5112	1
5113	1
5114	1
5115	1
5116	1
5117	1
5118	1
5119	1
5120	1
5121	1
5122	1
5123	1
5124	1
5125	1
5126	1
5127	1
5128	1
5129	1
5130	1
5131	1
5132	1
5133	1
5134	1
5135	1
5136	1
5137	1
5138	1
5139	1
5140	1
5141	1
5142	1
5143	1
5144	1
5145	1
5146	1
5147	1
5148	1
5149	1
5150	1
5151	1
5152	1
5153	1
5154	1
5155	1
5156	1
5157	1
5158	1
5159	1
5160	1
5161	1
5162	1
5163	1
5164	1
5165	1
5166	1
5167	1
5168	1
5169	1
5170	1
5171	1
5172	1
5173	1
5174	1
5175	1
5176	1
5177	1
5178	1
5179	1
5180	1
5181	1
5182	1
5183	1
5184	1
5185	1
5186	1
5187	1
5188	1
5189	1
5190	1
5191	1
5192	1
5193	1
5194	1
5195	1
5196	1
5197	1
5198	1
5199	1
5200	1
5201	1
5202	1
5203	1
5204	1
5205	1
5206	1
5207	1
5208	1
5209	1
5210	1
5211	1
5212	1
5213	1
5214	1
5215	1
5216	1
5217	1
5218	1
5219	1
5220	1
5221	1
5222	1
5223	1
5224	1
5225	1
5226	1
5227	1
5228	1
5229	1
5230	1
5231	1
5232	1
5233	1
5234	1
5235	1
5236	1
5237	1
5238	1
5239	1
5240	1
5241	1
5242	1
5243	1
5244	1
5245	1
5246	1
5247	1
5248	1
5249	1
5250	1
5251	1
5252	1
5253	1
5254	1
5255	1
5256	1
5257	1
5258	1
5259	1
5260	1
5261	1
5262	1
5263	1
5264	1
5265	1
5266	1
5267	1
5268	1
5269	1
5270	1
5271	1
5272	1
5273	1
5274	1
5275	1
5276	1
5277	1
5278	1
5279	1
5280	1
5281	1
5282	1
5283	1
5284	1
5285	1
5286	1
5287	1
5288	1
5289	1
5290	1
5291	1
5292	1
5293	1
5294	1
5295	1
5296	1
5297	1
5298	1
5299	1
5300	1
5301	1
5302	1
5303	1
5304	1
5305	1
5306	1
5307	1
5308	1
5309	1
5310	1
5311	1
5312	1
5313	1
5314	1
5315	1
5316	1
5317	1
5318	1
5319	1
5320	1
5321	1
5322	1
5323	1
5324	1
5325	1
5326	1
5327	1
5328	1
5329	1
5330	1
5331	1
5332	1
5333	1
5334	1
5335	1
5336	1
5337	1
5338	1
5339	1
5340	1
5341	1
5342	1
5343	1
5344	1
5345	1
5346	1
5347	1
5348	1
5349	1
5350	1
5351	1
5352	1
5353	1
5354	1
5355	1
5356	1
5357	1
5358	1
5359	1
5360	1
5361	1
5362	1
5363	1
5364	1
5365	1
5366	1
5367	1
5368	1
5369	1
5370	1
5371	1
5372	1
5373	1
5374	1
5375	1
5376	1
5377	1
5378	1
5379	1
5380	1
5381	1
5382	1
5383	1
5384	1
5385	1
5386	1
5387	1
5388	1
5389	1
5390	1
5391	1
5392	1
5393	1
5394	1
5395	1
5396	1
5397	1
5398	1
5399	1
5400	1
5401	1
5402	1
5403	1
5404	1
5405	1
5406	1
5407	1
5408	1
5409	1
5410	1
5411	1
5412	1
5413	1
5414	1
5415	1
5416	1
5417	1
5418	1
5419	1
5420	1
5421	1
5422	1
5423	1
5424	1
5425	1
5426	1
5427	1
5428	1
5429	1
5430	1
5431	1
5432	1
5433	1
5434	1
5435	1
5436	1
5437	1
5438	1
5439	1
5440	1
5441	1
5442	1
5443	1
5444	1
5445	1
5446	1
5447	1
5448	1
5449	1
5450	1
5451	1
5452	1
5453	1
5454	1
5455	1
5456	1
5457	1
5458	1
5459	1
5460	1
5461	1
5462	1
5463	1
5464	1
5465	1
5466	1
5467	1
5468	1
5469	1
5470	1
5471	1
5472	1
5473	1
5474	1
5475	1
5476	1
5477	1
5478	1
5479	1
5480	1
5481	1
5482	1
5483	1
5484	1
5485	1
5486	1
5487	1
5488	1
5489	1
5490	1
5491	1
5492	1
5493	1
5494	1
5495	1
5496	1
5497	1
5498	1
5499	1
5500	1
5501	1
5502	1
5503	1
5504	1
5505	1
5506	1
5507	1
5508	1
5509	1
5510	1
5511	1
5512	1
5513	1
5514	1
5515	1
5516	1
5517	1
5518	1
5519	1
5520	1
5521	1
5522	1
5523	1
5524	1
5525	1
5526	1
5527	1
5528	1
5529	1
5530	1
5531	1
5532	1
5533	1
5534	1
5535	1
5536	1
5537	1
5538	1
5539	1
5540	1
5541	1
5542	1
5543	1
5544	1
5545	1
5546	1
5547	1
5548	1
5549	1
5550	1
5551	1
5552	1
5553	1
5554	1
5555	1
5556	1
5557	1
5558	1
5559	1
5560	1
5561	1
5562	1
5563	1
5564	1
5565	1
5566	1
5567	1
5568	1
5569	1
5570	1
5571	1
5572	1
5573	1
5574	1
5575	1
5576	1
5577	1
5578	1
5579	1
5580	1
5581	1
5582	1
5583	1
5584	1
5585	1
5586	1
5587	1
5588	1
5589	1
5590	1
5591	1
5592	1
5593	1
5594	1
5595	1
5596	1
5597	1
5598	1
5599	1
5600	1
5601	1
5602	1
5603	1
5604	1
5605	1
5606	1
5607	1
5608	1
5609	1
5610	1
5611	1
5612	1
5613	1
5614	1
5615	1
5616	1
5617	1
5618	1
5619	1
5620	1
5621	1
5622	1
5623	1
5624	1
5625	1
5626	1
5627	1
5628	1
5629	1
5630	1
5631	1
5632	1
5633	1
5634	1
5635	1
5636	1
5637	1
5638	1
5639	1
5640	1
5641	1
5642	1
5643	1
5644	1
5645	1
5646	1
5647	1
5648	1
5649	1
5650	1
5651	1
5652	1
5653	1
5654	1
5655	1
5656	1
5657	1
5658	1
5659	1
5660	1
5661	1
5662	1
5663	1
5664	1
5665	1
5666	1
5667	1
5668	1
5669	1
5670	1
5671	1
5672	1
5673	1
5674	1
5675	1
5676	1
5677	1
5678	1
5679	1
5680	1
5681	1
5682	1
5683	1
5684	1
5685	1
5686	1
5687	1
5688	1
5689	1
5690	1
5691	1
5692	1
5693	1
5694	1
5695	1
5696	1
5697	1
5698	1
5699	1
5700	1
5701	1
5702	1
5703	1
5704	1
5705	1
5706	1
5707	1
5708	1
5709	1
5710	1
5711	1
5712	1
5713	1
5714	1
5715	1
5716	1
5717	1
5718	1
5719	1
5720	1
5721	1
5722	1
5723	1
5724	1
5725	1
5726	1
5727	1
5728	1
5729	1
5730	1
5731	1
5732	1
5733	1
5734	1
5735	1
5736	1
5737	1
5738	1
5739	1
5740	1
5741	1
5742	1
5743	1
5744	1
5745	1
5746	1
5747	1
5748	1
5749	1
5750	1
5751	1
5752	1
5753	1
5754	1
5755	1
5756	1
5757	1
5758	1
5759	1
5760	1
5761	1
5762	1
5763	1
5764	1
5765	1
5766	1
5767	1
5768	1
5769	1
5770	1
5771	1
5772	1
5773	1
5774	1
5775	1
5776	1
5777	1
5778	1
5779	1
5780	1
5781	1
5782	1
5783	1
5784	1
5785	1
5786	1
5787	1
5788	1
5789	1
5790	1
5791	1
5792	1
5793	1
5794	1
5795	1
5796	1
5797	1
5798	1
5799	1
5800	1
5801	1
5802	1
5803	1
5804	1
5805	1
5806	1
5807	1
5808	1
5809	1
5810	1
5811	1
5812	1
5813	1
5814	1
5815	1
5816	1
5817	1
5818	1
5819	1
5820	1
5821	1
5822	1
5823	1
5824	1
5825	1
5826	1
5827	1
5828	1
5829	1
5830	1
5831	1
5832	1
5833	1
5834	1
5835	1
5836	1
5837	1
5838	1
5839	1
5840	1
5841	1
5842	1
5843	1
5844	1
5845	1
5846	1
5847	1
5848	1
5849	1
5850	1
5851	1
5852	1
5853	1
5854	1
5855	1
5856	1
5857	1
5858	1
5859	1
5860	1
5861	1
5862	1
5863	1
5864	1
5865	1
5866	1
5867	1
5868	1
5869	1
5870	1
5871	1
5872	1
5873	1
5874	1
5875	1
5876	1
5877	1
5878	1
5879	1
5880	1
5881	1
5882	1
5883	1
5884	1
5885	1
5886	1
5887	1
5888	1
5889	1
5890	1
5891	1
5892	1
5893	1
5894	1
5895	1
5896	1
5897	1
5898	1
5899	1
5900	1
5901	1
5902	1
5903	1
5904	1
5905	1
5906	1
5907	1
5908	1
5909	1
5910	1
5911	1
5912	1
5913	1
5914	1
5915	1
5916	1
5917	1
5918	1
5919	1
5920	1
5921	1
5922	1
5923	1
5924	1
5925	1
5926	1
5927	1
5928	1
5929	1
5930	1
5931	1
5932	1
5933	1
5934	1
5935	1
5936	1
5937	1
5938	1
5939	1
5940	1
5941	1
5942	1
5943	1
5944	1
5945	1
5946	1
5947	1
5948	1
5949	1
5950	1
5951	1
5952	1
5953	1
5954	1
5955	1
5956	1
5957	1
5958	1
5959	1
5960	1
5961	1
5962	1
5963	1
5964	1
5965	1
5966	1
5967	1
5968	1
5969	1
5970	1
5971	1
5972	1
5973	1
5974	1
5975	1
5976	1
5977	1
5978	1
5979	1
5980	1
5981	1
5982	1
5983	1
5984	1
5985	1
5986	1
5987	1
5988	1
5989	1
5990	1
5991	1
5992	1
5993	1
5994	1
5995	1
5996	1
5997	1
5998	1
5999	1
6000	1
6001	1
6002	1
6003	1
6004	1
6005	1
6006	1
6007	1
6008	1
6009	1
6010	1
6011	1
6012	1
6013	1
6014	1
6015	1
6016	1
6017	1
6018	1
6019	1
6020	1
6021	1
6022	1
6023	1
6024	1
6025	1
6026	1
6027	1
6028	1
6029	1
6030	1
6031	1
6032	1
6033	1
6034	1
6035	1
6036	1
6037	1
6038	1
6039	1
6040	1
6041	1
6042	1
6043	1
6044	1
6045	1
6046	1
6047	1
6048	1
6049	1
6050	1
6051	1
6052	1
6053	1
6054	1
6055	1
6056	1
6057	1
6058	1
6059	1
6060	1
6061	1
6062	1
6063	1
6064	1
6065	1
6066	1
6067	1
6068	1
6069	1
6070	1
6071	1
6072	1
6073	1
6074	1
6075	1
6076	1
6077	1
6078	1
6079	1
6080	1
6081	1
6082	1
6083	1
6084	1
6085	1
6086	1
6087	1
6088	1
6089	1
6090	1
6091	1
6092	1
6093	1
6094	1
6095	1
6096	1
6097	1
6098	1
6099	1
6100	1
6101	1
6102	1
6103	1
6104	1
6105	1
6106	1
6107	1
6108	1
6109	1
6110	1
6111	1
6112	1
6113	1
6114	1
6115	1
6116	1
6117	1
6118	1
6119	1
6120	1
6121	1
6122	1
6123	1
6124	1
6125	1
6126	1
6127	1
6128	1
6129	1
6130	1
6131	1
6132	1
6133	1
6134	1
6135	1
6136	1
6137	1
6138	1
6139	1
6140	1
6141	1
6142	1
6143	1
6144	1
6145	1
6146	1
6147	1
6148	1
6149	1
6150	1
6151	1
6152	1
6153	1
6154	1
6155	1
6156	1
6157	1
6158	1
6159	1
6160	1
6161	1
6162	1
6163	1
6164	1
6165	1
6166	1
6167	1
6168	1
6169	1
6170	1
6171	1
6172	1
6173	1
6174	1
6175	1
6176	1
6177	1
6178	1
6179	1
6180	1
6181	1
6182	1
6183	1
6184	1
6185	1
6186	1
6187	1
6188	1
6189	1
6190	1
6191	1
6192	1
6193	1
6194	1
6195	1
6196	1
6197	1
6198	1
6199	1
6200	1
6201	1
6202	1
6203	1
6204	1
6205	1
6206	1
6207	1
6208	1
6209	1
6210	1
6211	1
6212	1
6213	1
6214	1
6215	1
6216	1
6217	1
6218	1
6219	1
6220	1
6221	1
6222	1
6223	1
6224	1
6225	1
6226	1
6227	1
6228	1
6229	1
6230	1
6231	1
6232	1
6233	1
6234	1
6235	1
6236	1
6237	1
6238	1
6239	1
6240	1
6241	1
6242	1
6243	1
6244	1
6245	1
6246	1
6247	1
6248	1
6249	1
6250	1
6251	1
6252	1
6253	1
6254	1
6255	1
6256	1
6257	1
6258	1
6259	1
6260	1
6261	1
6262	1
6263	1
6264	1
6265	1
6266	1
6267	1
6268	1
6269	1
6270	1
6271	1
6272	1
6273	1
6274	1
6275	1
6276	1
6277	1
6278	1
6279	1
6280	1
6281	1
6282	1
6283	1
6284	1
6285	1
6286	1
6287	1
6288	1
6289	1
6290	1
6291	1
6292	1
6293	1
6294	1
6295	1
6296	1
6297	1
6298	1
6299	1
6300	1
6301	1
6302	1
6303	1
6304	1
6305	1
6306	1
6307	1
6308	1
6309	1
6310	1
6311	1
6312	1
6313	1
6314	1
6315	1
6316	1
6317	1
6318	1
6319	1
6320	1
6321	1
6322	1
6323	1
6324	1
6325	1
6326	1
6327	1
6328	1
6329	1
6330	1
6331	1
6332	1
6333	1
6334	1
6335	1
6336	1
6337	1
6338	1
6339	1
6340	1
6341	1
6342	1
6343	1
6344	1
6345	1
6346	1
6347	1
6348	1
6349	1
6350	1
6351	1
6352	1
6353	1
6354	1
6355	1
6356	1
6357	1
6358	1
6359	1
6360	1
6361	1
6362	1
6363	1
6364	1
6365	1
6366	1
6367	1
6368	1
6369	1
6370	1
6371	1
6372	1
6373	1
6374	1
6375	1
6376	1
6377	1
6378	1
6379	1
6380	1
6381	1
6382	1
6383	1
6384	1
6385	1
6386	1
6387	1
6388	1
6389	1
6390	1
6391	1
6392	1
6393	1
6394	1
6395	1
6396	1
6397	1
6398	1
6399	1
6400	1
6401	1
6402	1
6403	1
6404	1
6405	1
6406	1
6407	1
6408	1
6409	1
6410	1
6411	1
6412	1
6413	1
6414	1
6415	1
6416	1
6417	1
6418	1
6419	1
6420	1
6421	1
6422	1
6423	1
6424	1
6425	1
6426	1
6427	1
6428	1
6429	1
6430	1
6431	1
6432	1
6433	1
6434	1
6435	1
6436	1
6437	1
6438	1
6439	1
6440	1
6441	1
6442	1
6443	1
6444	1
6445	1
6446	1
6447	1
6448	1
6449	1
6450	1
6451	1
6452	1
6453	1
6454	1
6455	1
6456	1
6457	1
6458	1
6459	1
6460	1
6461	1
6462	1
6463	1
6464	1
6465	1
6466	1
6467	1
6468	1
6469	1
6470	1
6471	1
6472	1
6473	1
6474	1
6475	1
6476	1
6477	1
6478	1
6479	1
6480	1
6481	1
6482	1
6483	1
6484	1
6485	1
6486	1
6487	1
6488	1
6489	1
6490	1
6491	1
6492	1
6493	1
6494	1
6495	1
6496	1
6497	1
6498	1
6499	1
6500	1
6501	1
6502	1
6503	1
6504	1
6505	1
6506	1
6507	1
6508	1
6509	1
6510	1
6511	1
6512	1
6513	1
6514	1
6515	1
6516	1
6517	1
6518	1
6519	1
6520	1
6521	1
6522	1
6523	1
6524	1
6525	1
6526	1
6527	1
6528	1
6529	1
6530	1
6531	1
6532	1
6533	1
6534	1
6535	1
6536	1
6537	1
6538	1
6539	1
6540	1
6541	1
6542	1
6543	1
6544	1
6545	1
6546	1
6547	1
6548	1
6549	1
6550	1
6551	1
6552	1
6553	1
6554	1
6555	1
6556	1
6557	1
6558	1
6559	1
6560	1
6561	1
6562	1
6563	1
6564	1
6565	1
6566	1
6567	1
6568	1
6569	1
6570	1
6571	1
6572	1
6573	1
6574	1
6575	1
6576	1
6577	1
6578	1
6579	1
6580	1
6581	1
6582	1
6583	1
6584	1
6585	1
6586	1
6587	1
6588	1
6589	1
6590	1
6591	1
6592	1
6593	1
6594	1
6595	1
6596	1
6597	1
6598	1
6599	1
6600	1
6601	1
6602	1
6603	1
6604	1
6605	1
6606	1
6607	1
6608	1
6609	1
6610	1
6611	1
6612	1
6613	1
6614	1
6615	1
6616	1
6617	1
6618	1
6619	1
6620	1
6621	1
6622	1
6623	1
6624	1
6625	1
6626	1
6627	1
6628	1
6629	1
6630	1
6631	1
6632	1
6633	1
6634	1
6635	1
6636	1
6637	1
6638	1
6639	1
6640	1
6641	1
6642	1
6643	1
6644	1
6645	1
6646	1
6647	1
6648	1
6649	1
6650	1
6651	1
6652	1
6653	1
6654	1
6655	1
6656	1
6657	1
6658	1
6659	1
6660	1
6661	1
6662	1
6663	1
6664	1
6665	1
6666	1
6667	1
6668	1
6669	1
6670	1
6671	1
6672	1
6673	1
6674	1
6675	1
6676	1
6677	1
6678	1
6679	1
6680	1
6681	1
6682	1
6683	1
6684	1
6685	1
6686	1
6687	1
6688	1
6689	1
6690	1
6691	1
6692	1
6693	1
6694	1
6695	1
6696	1
6697	1
6698	1
6699	1
6700	1
6701	1
6702	1
6703	1
6704	1
6705	1
6706	1
6707	1
6708	1
6709	1
6710	1
6711	1
6712	1
6713	1
6714	1
6715	1
6716	1
6717	1
6718	1
6719	1
6720	1
6721	1
6722	1
6723	1
6724	1
6725	1
6726	1
6727	1
6728	1
6729	1
6730	1
6731	1
6732	1
6733	1
6734	1
6735	1
6736	1
6737	1
6738	1
6739	1
6740	1
6741	1
6742	1
6743	1
6744	1
6745	1
6746	1
6747	1
6748	1
6749	1
6750	1
6751	1
6752	1
6753	1
6754	1
6755	1
6756	1
6757	1
6758	1
6759	1
6760	1
6761	1
6762	1
6763	1
6764	1
6765	1
6766	1
6767	1
6768	1
6769	1
6770	1
6771	1
6772	1
6773	1
6774	1
6775	1
6776	1
6777	1
6778	1
6779	1
6780	1
6781	1
6782	1
6783	1
6784	1
6785	1
6786	1
6787	1
6788	1
6789	1
6790	1
6791	1
6792	1
6793	1
6794	1
6795	1
6796	1
6797	1
6798	2
6799	2
6800	2
6801	2
6802	2
6803	2
6804	2
6805	2
6806	2
6807	2
6808	2
6809	2
6810	2
6811	2
6812	2
6813	2
6814	2
6815	2
6816	2
6817	2
6818	2
6819	2
6820	2
6821	2
6822	2
6823	2
6824	2
6825	2
6826	2
6827	2
6828	2
6829	2
6830	2
6831	2
6832	2
6833	2
6834	2
6835	2
6836	2
6837	2
6838	2
6839	2
6840	2
6841	2
6842	2
6843	2
6844	2
6845	2
6846	2
6847	2
6848	2
6849	2
6850	2
6851	2
6852	2
6853	2
6854	2
6855	2
6856	2
6857	2
6858	2
6859	2
6860	2
6861	2
6862	2
6863	2
6864	2
6865	2
6866	2
6867	2
6868	2
6869	2
6870	2
6871	2
6872	2
6873	2
6874	2
6875	2
6876	2
6877	2
6878	2
6879	2
6880	2
6881	2
6882	2
6883	2
6884	2
6885	2
6886	2
6887	2
6888	2
6889	2
6890	2
6891	2
6892	2
6893	2
6894	2
6895	2
6896	2
6897	2
6898	2
6899	2
6900	2
6901	2
6902	2
6903	2
6904	2
6905	2
6906	2
6907	2
6908	2
6909	2
6910	2
6911	2
6912	2
6913	2
6914	2
6915	2
6916	2
6917	2
6918	2
6919	2
6920	2
6921	2
6922	2
6923	2
6924	3
6925	3
6926	3
6927	3
6928	3
6929	3
6930	3
6931	3
6932	3
6933	3
6934	3
6935	3
6936	3
6937	3
6938	3
6939	3
6940	3
6941	3
6942	3
6943	3
6944	3
6945	3
6946	3
6947	3
6948	3
6949	3
6950	3
6951	3
6952	3
6953	3
6954	3
6955	3
6956	3
6957	3
6958	3
6959	3
6960	3
6961	3
6962	3
6963	3
6964	3
6965	3
6966	3
6967	3
6968	3
6969	3
6970	3
6971	3
6972	3
6973	3
6974	3
6975	3
6976	3
6977	3
6978	3
6979	3
6980	3
6981	3
6982	3
6983	3
6984	3
6985	3
6986	3
6987	3
6988	3
6989	3
6990	3
6991	3
6992	3
6993	3
6994	3
6995	3
6996	3
6997	3
6998	3
6999	3
7000	3
7001	3
7002	3
7003	3
7004	3
7005	3
7006	3
7007	3
7008	3
7009	3
7010	3
7011	3
7012	3
7013	3
7014	3
7015	3
7016	3
7017	3
7018	3
7019	3
7020	3
7021	3
7022	3
7023	3
7024	3
7025	3
7026	3
7027	3
7028	3
7029	3
7030	3
7031	3
7032	3
7033	3
7034	3
7035	3
7036	3
7037	3
7038	3
7039	3
7040	3
7041	3
7042	3
7043	3
7044	3
7045	3
7046	3
7047	3
7048	3
7049	3
7050	3
7051	3
7052	3
7053	3
7054	3
7055	3
7056	3
7057	3
7058	3
7059	3
7060	3
7061	3
7062	3
7063	3
7064	3
7065	3
7066	3
7067	3
7068	4
7069	4
7070	4
7071	4
7072	4
7073	4
7074	4
7075	4
7076	4
7077	4
7078	4
7079	4
7080	4
7081	4
7082	4
7083	4
7084	4
7085	4
7086	4
7087	4
7088	4
7089	4
7090	4
7091	4
7092	4
7093	4
7094	4
7095	4
7096	4
7097	4
7098	4
7099	4
7100	4
7101	4
7102	4
7103	4
7104	4
7105	4
7106	4
7107	4
7108	4
7109	4
7110	4
7111	4
7112	4
7113	4
7114	4
7115	4
7116	4
7117	4
7118	4
7119	4
7120	4
7121	4
7122	4
7123	4
7124	4
7125	4
7126	4
7127	4
7128	4
7129	4
7130	4
7131	4
7132	4
7133	4
7134	4
7135	4
7136	4
7137	4
7138	4
7139	4
7140	4
7141	4
7142	4
7143	4
7144	4
7145	4
7146	4
7147	4
7148	4
7149	4
7150	4
7151	4
7152	4
7153	4
7154	4
7155	4
7156	4
7157	4
7158	4
7159	4
7160	4
7161	4
7162	4
7163	4
7164	4
7165	4
7166	4
7167	4
7168	4
7169	4
7170	4
7171	4
7172	4
7173	4
7174	4
7175	4
7176	4
7177	4
7178	4
7179	4
7180	4
7181	4
7182	4
7183	4
7184	4
7185	4
7186	4
7187	4
7188	4
7189	4
7190	4
7191	4
7192	4
7193	4
7194	4
7195	4
7196	4
7197	4
7198	4
7199	4
7200	4
7201	4
7202	4
7203	4
7204	4
7205	4
7206	4
7207	4
7208	4
7209	4
7210	4
7211	4
7212	4
7213	4
7214	4
7215	4
7216	4
7217	4
7218	4
7219	4
7220	4
7221	4
7222	4
7223	4
7224	4
7225	4
7226	4
7227	4
7228	4
7229	4
7230	4
7231	4
7232	4
7233	4
7234	4
7235	4
7236	4
7237	4
7238	4
7239	4
7240	4
7241	4
7242	4
7243	4
7244	4
7245	4
7246	4
7247	4
7248	4
7249	4
7250	4
7251	4
7252	4
7253	4
7254	4
7255	4
7256	4
7257	4
7258	4
7259	4
7260	4
7261	4
7262	4
7263	4
7264	4
7265	4
7266	4
7267	4
7268	4
7269	4
7270	4
7271	4
7272	4
7273	4
7274	4
7275	4
7276	4
7277	4
7278	4
7279	4
7280	4
7281	4
7282	4
7283	4
7284	4
7285	4
7286	4
7287	4
7288	4
7289	4
7290	4
7291	4
7292	4
7293	4
7294	4
7295	4
7296	4
7297	4
7298	4
7299	4
7300	4
7301	4
7302	4
7303	4
7304	4
7305	4
7306	4
7307	4
7308	4
7309	4
7310	4
7311	4
7312	4
7313	4
7314	4
7315	4
7316	4
7317	4
7318	4
7319	4
7320	4
7321	4
7322	4
7323	4
7324	4
7325	4
7326	4
7327	4
7328	4
7329	4
7330	4
7331	4
7332	4
7333	4
7334	4
7335	4
7336	4
7337	4
7338	4
7339	4
7340	4
7341	4
7342	4
7343	4
7344	4
7345	4
7346	4
7347	4
7348	4
7349	4
7350	4
7351	4
7352	4
7353	5
7354	5
7355	5
7356	5
7357	5
7358	5
7359	5
7360	5
7361	5
7362	5
7363	5
7364	5
7365	5
7366	5
7367	5
7368	5
7369	5
7370	5
7371	5
7372	5
7373	5
7374	5
7375	5
7376	5
7377	5
7378	5
7379	5
7380	5
7381	5
7382	5
7383	5
7384	5
7385	5
7386	5
7387	5
7388	5
7389	5
7390	5
7391	5
7392	5
7393	5
7394	5
7395	5
7396	5
7397	5
7398	5
7399	5
7400	5
7401	5
7402	5
7403	5
7404	5
7405	5
7406	5
7407	5
7408	5
7409	5
7410	5
7411	5
7412	5
7413	5
7414	5
7415	5
7416	5
7417	5
7418	5
7419	5
7420	5
7421	5
7422	5
7423	5
7424	5
7425	5
7426	5
7427	5
7428	5
7429	5
7430	5
7431	5
7432	5
7433	5
7434	5
7435	5
7436	5
7437	5
7438	5
7439	5
7440	5
7441	5
7442	5
7443	5
7444	5
7445	5
7446	5
7447	5
7448	5
7449	5
7450	5
7451	5
7452	5
7453	5
7454	5
7455	5
7456	5
7457	5
7458	5
7459	5
7460	5
7461	5
7462	5
7463	5
7464	5
7465	5
7466	5
7467	5
7468	5
7469	5
7470	5
7471	5
7472	5
7473	5
7474	5
7475	5
7476	5
7477	5
7478	5
7479	5
7480	5
7481	5
7482	5
7483	5
7484	5
7485	5
7486	5
7487	5
7488	5
7489	5
7490	5
7491	5
7492	5
7493	5
7494	5
7495	5
7496	5
7497	5
7498	5
7499	5
7500	5
7501	5
7502	5
7503	5
7504	5
7505	5
7506	5
7507	5
7508	5
7509	5
7510	5
7511	5
7512	5
7513	5
7514	5
7515	5
7516	5
7517	5
7518	5
7519	5
7520	5
7521	5
7522	5
7523	5
7524	5
7525	5
7526	5
7527	5
7528	5
7529	5
7530	5
7531	5
7532	5
7533	5
7534	5
7535	5
7536	5
7537	5
7538	5
7539	5
7540	5
7541	5
7542	5
7543	5
7544	5
7545	5
7546	5
7547	5
7548	5
7549	5
7550	5
7551	5
7552	5
7553	5
7554	5
7555	5
7556	5
7557	5
7558	5
7559	5
7560	5
7561	5
7562	5
7563	5
7564	5
7565	5
7566	5
7567	5
7568	5
7569	5
7570	5
7571	5
7572	5
7573	5
7574	5
7575	5
7576	5
7577	5
7578	5
7579	5
7580	5
7581	5
7582	5
7583	5
7584	5
7585	5
7586	5
7587	5
7588	5
7589	5
7590	5
7591	5
7592	5
7593	5
7594	5
7595	5
7596	5
7597	5
7598	5
7599	5
7600	5
7601	5
7602	5
7603	5
7604	5
7605	5
7606	5
7607	5
7608	5
7609	5
7610	5
7611	5
7612	5
7613	5
7614	5
7615	5
7616	5
7617	5
7618	5
7619	5
7620	5
7621	5
7622	5
7623	5
7624	5
7625	5
7626	5
7627	5
7628	5
7629	5
7630	5
7631	5
7632	5
7633	5
7634	5
7635	5
7636	5
7637	5
7638	5
7639	5
7640	5
7641	5
7642	5
7643	5
7644	5
7645	5
7646	5
7647	5
7648	5
7649	5
7650	5
7651	5
7652	5
7653	5
7654	5
7655	5
7656	5
7657	5
7658	5
7659	5
7660	5
7661	5
7662	5
7663	5
7664	5
7665	5
7666	5
7667	5
7668	5
7669	5
7670	5
7671	5
7672	5
7673	5
7674	5
7675	5
7676	5
7677	5
7678	5
7679	5
7680	5
7681	5
7682	5
7683	5
7684	5
7685	5
7686	5
7687	5
7688	5
7689	5
7690	5
7691	5
7692	5
7693	5
7694	5
7695	5
7696	5
7697	5
7698	5
7699	5
7700	5
7701	5
7702	5
7703	5
7704	5
7705	5
7706	5
7707	5
7708	5
7709	5
7710	5
7711	5
7712	5
7713	5
7714	5
7715	5
7716	5
7717	5
7718	5
7719	5
7720	5
7721	5
7722	5
7723	5
7724	5
7725	5
7726	5
7727	5
7728	5
7729	5
7730	5
7731	5
7732	5
7733	5
7734	5
7735	5
7736	5
7737	5
7738	5
7739	5
7740	5
7741	5
7742	5
7743	5
7744	5
7745	5
7746	5
7747	5
7748	5
7749	5
7750	5
7751	5
7752	5
7753	5
7754	5
7755	5
7756	5
7757	5
7758	5
7759	5
7760	5
7761	5
7762	5
7763	5
7764	5
7765	5
7766	5
7767	5
7768	5
7769	5
7770	5
7771	5
7772	5
7773	5
7774	5
7775	5
7776	5
7777	5
7778	5
7779	5
7780	5
7781	5
7782	5
7783	5
7784	5
7785	5
7786	5
7787	5
7788	5
7789	5
7790	5
7791	5
7792	5
7793	5
7794	5
7795	5
7796	5
7797	5
7798	5
7799	5
7800	5
7801	5
7802	5
7803	5
7804	5
7805	5
7806	5
7807	5
7808	5
7809	5
7810	5
7811	5
7812	5
7813	5
7814	5
7815	5
7816	5
7817	5
7818	5
7819	5
7820	5
7821	5
7822	5
7823	5
7824	5
7825	5
7826	5
7827	5
7828	5
7829	5
7830	5
7831	5
7832	5
7833	5
7834	5
7835	5
7836	5
7837	5
7838	5
7839	5
7840	5
7841	5
7842	5
7843	5
7844	5
7845	5
7846	5
7847	5
7848	5
7849	5
7850	5
7851	5
7852	5
7853	5
7854	5
7855	5
7856	5
7857	5
7858	5
7859	5
7860	5
7861	5
7862	5
7863	5
7864	5
7865	5
7866	5
7867	5
7868	5
7869	5
7870	5
7871	5
7872	5
7873	5
7874	5
7875	5
7876	5
7877	5
7878	5
7879	5
7880	5
7881	5
7882	5
7883	5
7884	5
7885	5
7886	5
7887	5
7888	5
7889	5
7890	5
7891	5
7892	5
7893	5
7894	5
7895	5
7896	5
7897	5
7898	5
7899	5
7900	5
7901	5
7902	5
7903	5
7904	5
7905	5
7906	5
7907	5
7908	5
7909	5
7910	5
7911	5
7912	5
7913	5
7914	5
7915	5
7916	5
7917	5
7918	5
7919	5
7920	5
7921	5
7922	5
7923	5
7924	5
7925	5
7926	5
7927	5
7928	5
7929	5
7930	5
7931	5
7932	5
7933	5
7934	5
7935	5
7936	5
7937	5
7938	5
7939	5
7940	5
7941	5
7942	5
7943	5
7944	5
7945	5
7946	5
7947	5
7948	5
7949	5
7950	5
7951	5
7952	5
7953	5
7954	5
7955	5
7956	5
7957	5
7958	5
7959	5
7960	5
7961	5
7962	5
7963	5
7964	5
7965	5
7966	5
7967	5
7968	5
7969	5
7970	5
7971	5
7972	5
7973	5
7974	5
7975	5
7976	5
7977	5
7978	5
7979	5
7980	5
7981	5
7982	5
7983	5
7984	5
7985	5
7986	5
7987	5
7988	5
7989	5
7990	5
7991	5
7992	5
7993	5
7994	5
7995	5
7996	5
7997	5
7998	5
7999	5
8000	5
8001	5
8002	5
8003	5
8004	5
8005	5
8006	5
8007	5
8008	5
8009	5
8010	5
8011	5
8012	5
8013	5
8014	5
8015	5
8016	5
8017	5
8018	5
8019	5
8020	5
8021	5
8022	5
8023	5
8024	5
8025	5
8026	5
8027	5
8028	5
8029	5
8030	5
8031	5
8032	5
8033	5
8034	5
8035	5
8036	5
8037	5
8038	5
8039	5
8040	5
8041	5
8042	5
8043	5
8044	5
8045	5
8046	5
8047	5
8048	5
8049	5
8050	5
8051	5
8052	5
8053	5
8054	5
8055	5
8056	5
8057	5
8058	5
8059	5
8060	5
8061	5
8062	5
8063	5
8064	5
8065	5
8066	5
8067	5
8068	5
8069	5
8070	5
8071	5
8072	5
8073	5
8074	5
8075	5
8076	5
8077	5
8078	5
8079	5
8080	5
8081	5
8082	5
8083	5
8084	5
8085	5
8086	5
8087	5
8088	5
8089	6
8090	6
8091	6
8092	6
8093	6
8094	6
8095	6
8096	6
8097	6
8098	6
8099	6
8100	6
8101	6
8102	6
8103	6
8104	6
8105	6
8106	6
8107	6
8108	6
8109	6
8110	6
8111	6
8112	6
8113	6
8114	6
8115	6
8116	6
8117	6
8118	6
8119	6
8120	6
8121	6
8122	6
8123	6
8124	6
8125	6
8126	6
8127	6
8128	6
8129	6
8130	6
8131	6
8132	6
8133	6
8134	6
8135	6
8136	6
8137	6
8138	6
8139	6
8140	6
8141	6
8142	6
8143	6
8144	6
8145	6
8146	6
8147	6
8148	6
8149	6
8150	6
8151	6
8152	6
8153	6
8154	6
8155	6
8156	6
8157	6
8158	6
8159	6
8160	6
8161	6
8162	6
8163	6
8164	6
8165	6
8166	6
8167	6
8168	6
8169	6
8170	6
8171	6
8172	6
8173	6
8174	6
8175	6
8176	6
8177	6
8178	6
8179	6
8180	6
8181	6
8182	6
8183	6
8184	6
8185	6
8186	6
8187	6
8188	6
8189	6
8190	6
8191	6
8192	6
8193	6
8194	6
8195	6
8196	6
8197	6
8198	6
8199	6
8200	6
8201	6
8202	6
8203	6
8204	6
8205	6
8206	6
8207	6
8208	6
8209	6
8210	6
8211	6
8212	6
8213	6
8214	6
8215	6
8216	6
8217	6
8218	6
8219	6
8220	6
8221	6
8222	6
8223	6
8224	6
8225	6
8226	6
8227	6
8228	6
8229	6
8230	6
8231	6
8232	6
8233	6
8234	6
8235	6
8236	6
8237	6
8238	6
8239	6
8240	6
8241	6
8242	6
8243	6
8244	6
8245	6
8246	6
8247	6
8248	6
8249	6
8250	6
8251	6
8252	6
8253	6
8254	6
8255	6
8256	6
8257	6
8258	6
8259	6
8260	6
8261	6
8262	6
8263	6
8264	6
8265	6
8266	6
8267	6
8268	6
8269	6
8270	6
8271	6
8272	6
8273	6
8274	6
8275	6
8276	6
8277	6
8278	6
8279	6
8280	6
8281	6
8282	6
8283	6
8284	6
8285	6
8286	6
8287	6
8288	6
8289	6
8290	6
8291	6
8292	6
8293	6
8294	6
8295	6
8296	6
8297	6
8298	6
8299	6
8300	6
8301	6
8302	6
8303	6
8304	6
8305	6
8306	6
8307	6
8308	6
8309	6
8310	6
8311	6
8312	6
8313	6
8314	6
8315	6
8316	6
8317	6
8318	6
8319	6
8320	6
8321	6
8322	6
8323	6
8324	6
8325	6
8326	6
8327	6
8328	6
8329	6
8330	6
8331	6
8332	6
8333	6
8334	6
8335	6
8336	6
8337	6
8338	6
8339	6
8340	6
8341	6
8342	6
8343	6
8344	6
8345	6
8346	6
8347	6
8348	6
8349	6
8350	6
8351	6
8352	6
8353	6
8354	6
8355	6
8356	6
8357	6
8358	6
8359	6
8360	6
8361	6
8362	6
8363	6
8364	6
8365	6
8366	6
8367	6
8368	6
8369	6
8370	6
8371	6
8372	6
8373	6
8374	6
8375	6
8376	6
8377	6
8378	6
8379	6
8380	6
8381	6
8382	6
8383	6
8384	6
8385	6
8386	6
8387	6
8388	6
8389	6
8390	6
8391	6
8392	6
8393	6
8394	6
8395	6
8396	6
8397	6
8398	6
8399	6
8400	6
8401	6
8402	6
8403	6
8404	6
8405	6
8406	6
8407	6
8408	6
8409	6
8410	6
8411	6
8412	6
8413	6
8414	6
8415	6
8416	6
8417	6
8418	6
8419	6
8420	6
8421	6
8422	6
8423	6
8424	6
8425	6
8426	6
8427	6
8428	6
8429	6
8430	6
8431	6
8432	6
8433	6
8434	6
8435	6
8436	6
8437	6
8438	6
8439	6
8440	6
8441	6
8442	6
8443	6
8444	6
8445	6
8446	6
8447	6
8448	6
8449	6
8450	6
8451	6
8452	6
8453	6
8454	6
8455	6
8456	6
8457	6
8458	6
8459	6
8460	6
8461	6
8462	6
8463	6
8464	6
8465	6
8466	6
8467	6
8468	6
8469	6
8470	6
8471	6
8472	6
8473	6
8474	6
8475	6
8476	6
8477	6
8478	6
8479	6
8480	6
8481	6
8482	6
8483	6
8484	6
8485	6
8486	6
8487	6
8488	6
8489	6
8490	6
8491	6
8492	6
8493	6
8494	6
8495	6
8496	6
8497	6
8498	6
8499	6
8500	6
8501	6
8502	6
8503	6
8504	6
8505	6
8506	6
8507	6
8508	6
8509	6
8510	6
8511	6
8512	6
8513	6
8514	6
8515	6
8516	6
8517	6
8518	6
8519	6
8520	6
8521	6
8522	6
8523	6
8524	6
8525	6
8526	6
8527	6
8528	6
8529	6
8530	6
8531	6
8532	6
8533	6
8534	6
8535	6
8536	6
8537	6
8538	6
8539	6
8540	6
8541	6
8542	6
8543	6
8544	6
8545	6
8546	6
8547	6
8548	6
8549	6
8550	6
8551	6
8552	6
8553	6
8554	6
8555	6
8556	6
8557	6
8558	6
8559	6
8560	6
8561	6
8562	6
8563	6
8564	6
8565	6
8566	6
8567	6
8568	6
8569	6
8570	6
8571	6
8572	6
8573	6
8574	6
8575	6
8576	6
8577	6
8578	6
8579	6
8580	6
8581	6
8582	6
8583	6
8584	6
8585	6
8586	6
8587	6
8588	6
8589	6
8590	6
8591	6
8592	6
8593	6
8594	6
8595	6
8596	6
8597	6
8598	6
8599	6
8600	6
8601	6
8602	6
8603	6
8604	6
8605	6
8606	6
8607	6
8608	6
8609	6
8610	6
8611	6
8612	6
8613	6
8614	6
8615	6
8616	6
8617	6
8618	6
8619	6
8620	6
8621	6
8622	6
8623	6
8624	6
8625	6
8626	6
8627	6
8628	6
8629	6
8630	6
8631	6
8632	6
8633	6
8634	6
8635	6
8636	6
8637	6
8638	6
8639	6
8640	6
8641	6
8642	6
8643	6
8644	6
8645	6
8646	6
8647	6
8648	6
8649	6
8650	6
8651	6
8652	6
8653	6
8654	6
8655	6
8656	6
8657	6
8658	6
8659	6
8660	6
8661	6
8662	6
8663	6
8664	6
8665	6
8666	6
8667	6
8668	6
8669	6
8670	6
8671	6
8672	6
8673	6
8674	6
8675	6
8676	6
8677	6
8678	6
8679	6
8680	6
8681	6
8682	6
8683	6
8684	6
8685	6
8686	6
8687	6
8688	6
8689	6
8690	6
8691	6
8692	6
8693	6
8694	6
8695	6
8696	6
8697	6
8698	6
8699	6
8700	6
8701	6
8702	6
8703	6
8704	6
8705	6
8706	6
8707	6
8708	6
8709	6
8710	6
8711	6
8712	6
8713	6
8714	6
8715	6
8716	6
8717	6
8718	6
8719	6
8720	6
8721	6
8722	6
8723	6
8724	6
8725	6
8726	6
8727	6
8728	6
8729	6
8730	6
8731	6
8732	6
8733	6
8734	6
8735	6
8736	6
8737	6
8738	6
8739	6
8740	6
8741	6
8742	6
8743	6
8744	6
8745	6
8746	6
8747	6
8748	6
8749	6
8750	6
8751	6
8752	6
8753	6
8754	6
8755	6
8756	6
8757	6
8758	6
8759	6
8760	6
8761	6
8762	6
8763	6
8764	6
8765	6
8766	6
8767	6
8768	6
8769	6
8770	6
8771	6
8772	6
8773	6
8774	6
8775	6
8776	6
8777	6
8778	6
8779	6
8780	6
8781	6
8782	6
8783	6
8784	6
8785	6
8786	6
8787	6
8788	6
8789	6
8790	6
8791	6
8792	6
8793	6
8794	6
8795	6
8796	6
8797	6
8798	6
8799	6
8800	6
8801	6
8802	6
8803	6
8804	6
8805	6
8806	6
8807	6
8808	6
8809	6
8810	6
8811	6
8812	6
8813	6
8814	6
8815	6
8816	6
8817	6
8818	6
8819	6
8820	6
8821	6
8822	6
8823	6
8824	6
8825	6
8826	6
8827	6
8828	6
8829	6
8830	6
8831	6
8832	6
8833	6
8834	6
8835	6
8836	6
8837	6
8838	6
8839	6
8840	6
8841	6
8842	6
8843	6
8844	6
8845	6
8846	6
8847	6
8848	6
8849	6
8850	6
8851	6
8852	6
8853	6
8854	6
8855	6
8856	6
8857	6
8858	7
8859	7
8860	7
8861	7
8862	7
8863	7
8864	7
8865	7
8866	7
8867	7
8868	7
8869	7
8870	7
8871	7
8872	7
8873	7
8874	7
8875	7
8876	7
8877	7
8878	7
8879	7
8880	7
8881	7
8882	7
8883	7
8884	7
8885	7
8886	7
8887	7
8888	7
8889	7
8890	7
8891	7
8892	7
8893	7
8894	7
8895	7
8896	7
8897	7
8898	7
8899	7
8900	7
8901	7
8902	7
8903	7
8904	7
8905	7
8906	7
8907	7
8908	7
8909	7
8910	7
8911	7
8912	7
8913	7
8914	7
8915	7
8916	7
8917	7
8918	7
8919	7
8920	7
8921	7
8922	7
8923	7
8924	7
8925	7
8926	7
8927	7
8928	7
8929	7
8930	7
8931	7
8932	7
8933	7
8934	7
8935	7
8936	7
8937	7
8938	7
8939	7
8940	7
8941	7
8942	7
8943	7
8944	7
8945	7
8946	7
8947	7
8948	7
8949	7
8950	7
8951	7
8952	7
8953	7
8954	7
8955	7
8956	7
8957	7
8958	7
8959	7
8960	7
8961	7
8962	7
8963	7
8964	7
8965	7
8966	7
8967	7
8968	7
8969	7
8970	7
8971	7
8972	7
8973	7
8974	7
8975	7
8976	7
8977	7
8978	7
8979	7
8980	7
8981	7
8982	7
8983	7
8984	7
8985	7
8986	7
8987	7
8988	7
8989	7
8990	7
8991	7
8992	7
8993	7
8994	7
8995	7
8996	7
8997	7
8998	7
8999	7
9000	7
9001	7
9002	7
9003	7
9004	7
9005	7
9006	7
9007	7
9008	7
9009	7
9010	7
9011	7
9012	7
9013	7
9014	7
9015	7
9016	7
9017	7
9018	7
9019	7
9020	7
9021	7
9022	7
9023	7
9024	7
9025	7
9026	7
9027	7
9028	7
9029	7
9030	7
9031	7
9032	7
9033	7
9034	7
9035	7
9036	7
9037	7
9038	7
9039	7
9040	7
9041	7
9042	7
9043	7
9044	7
9045	7
9046	7
9047	7
9048	7
9049	8
9050	8
9051	8
9052	8
9053	8
9054	8
9055	8
9056	8
9057	8
9058	8
9059	8
9060	8
9061	8
9062	8
9063	8
9064	8
9065	8
9066	8
9067	8
9068	8
9069	8
9070	8
9071	8
9072	8
9073	8
9074	8
9075	8
9076	8
9077	8
9078	8
9079	8
9080	8
9081	8
9082	8
9083	8
9084	8
9085	8
9086	8
9087	8
9088	8
9089	8
9090	8
9091	8
9092	8
9093	8
9094	8
9095	8
9096	8
9097	8
9098	8
9099	8
9100	8
9101	8
9102	8
9103	8
9104	8
9105	8
9106	8
9107	8
9108	8
9109	8
9110	8
9111	9
9112	9
9113	9
9114	9
9115	9
9116	9
9117	9
9118	9
9119	9
9120	9
9121	9
9122	9
9123	9
9124	9
9125	9
9126	9
9127	9
9128	9
9129	9
9130	9
9131	9
9132	9
9133	9
9134	9
9135	9
9136	9
9137	9
9138	9
9139	9
9140	9
9141	9
9142	9
9143	9
9144	9
9145	9
9146	9
9147	9
9148	9
9149	9
9150	9
9151	9
9152	9
9153	9
9154	9
9155	9
9156	9
9157	9
9158	9
9159	9
9160	9
9161	9
9162	9
9163	9
9164	9
9165	9
9166	9
9167	9
9168	9
9169	9
9170	9
9171	9
9172	9
9173	9
9174	9
9175	9
9176	9
9177	9
9178	9
9179	9
9180	9
9181	9
9182	9
9183	9
9184	9
9185	9
9186	9
9187	9
9188	9
9189	9
9190	9
9191	9
9192	9
9193	9
9194	9
9195	9
9196	9
9197	9
9198	9
9199	9
9200	9
9201	9
9202	9
9203	9
9204	9
9205	9
9206	9
9207	9
9208	9
9209	9
9210	9
9211	9
9212	9
9213	9
9214	9
9215	9
9216	9
9217	9
9218	9
9219	9
9220	9
9221	9
9222	9
9223	9
9224	9
9225	9
9226	9
9227	9
9228	9
9229	9
9230	9
9231	9
9232	9
9233	9
9234	9
9235	9
9236	9
9237	9
9238	9
9239	9
9240	9
9241	9
9242	9
9243	9
9244	9
9245	9
9246	9
9247	9
9248	9
9249	9
9250	9
9251	9
9252	9
9253	9
9254	9
9255	9
9256	9
9257	9
9258	9
9259	9
9260	9
9261	9
9262	9
9263	9
9264	9
9265	9
9266	9
9267	9
9268	9
9269	9
9270	9
9271	9
9272	9
9273	9
9274	9
9275	9
9276	9
9277	9
9278	9
9279	9
9280	9
9281	9
9282	9
9283	9
9284	9
9285	9
9286	9
9287	9
9288	9
9289	9
9290	9
9291	9
9292	9
9293	9
9294	9
9295	9
9296	9
9297	9
9298	9
9299	9
9300	9
9301	9
9302	9
9303	9
9304	9
9305	9
9306	9
9307	9
9308	9
9309	9
9310	9
9311	9
9312	9
9313	9
9314	9
9315	9
9316	9
9317	9
9318	9
9319	9
9320	9
9321	9
9322	9
9323	9
9324	9
9325	9
9326	9
9327	9
9328	9
9329	9
9330	9
9331	9
9332	9
9333	9
9334	9
9335	9
9336	9
9337	9
9338	9
9339	9
9340	9
9341	9
9342	9
9343	9
9344	9
9345	9
9346	9
9347	9
9348	9
9349	9
9350	9
9351	9
9352	9
9353	9
9354	9
9355	9
9356	9
9357	9
9358	9
9359	9
9360	9
9361	9
9362	9
9363	9
9364	9
9365	9
9366	9
9367	9
9368	9
9369	9
9370	9
9371	9
9372	9
9373	9
9374	9
9375	9
9376	9
9377	9
9378	9
9379	9
9380	9
9381	9
9382	9
9383	9
9384	9
9385	9
9386	9
9387	9
9388	9
9389	9
9390	9
9391	9
9392	9
9393	9
9394	9
9395	9
9396	9
9397	9
9398	9
9399	9
9400	9
9401	9
9402	9
9403	9
9404	9
9405	9
9406	9
9407	9
9408	9
9409	9
9410	9
9411	9
9412	9
9413	9
9414	9
9415	9
9416	9
9417	9
9418	9
9419	9
9420	9
9421	9
9422	9
9423	9
9424	9
9425	9
9426	9
9427	9
9428	9
9429	9
9430	9
9431	9
9432	9
9433	9
9434	9
9435	9
9436	9
9437	9
9438	9
9439	9
9440	9
9441	9
9442	9
9443	9
9444	9
9445	9
9446	9
9447	9
9448	9
9449	9
9450	9
9451	9
9452	9
9453	9
9454	9
9455	9
9456	9
9457	9
9458	9
9459	9
9460	9
9461	9
9462	9
9463	9
9464	9
9465	9
9466	9
9467	9
9468	9
9469	9
9470	9
9471	9
9472	9
9473	9
9474	9
9475	9
9476	9
9477	9
9478	9
9479	9
9480	9
9481	9
9482	9
9483	9
9484	9
9485	9
9486	9
9487	9
9488	9
9489	9
9490	9
9491	9
9492	9
9493	9
9494	9
9495	9
9496	9
9497	9
9498	9
9499	9
9500	9
9501	9
9502	9
9503	9
9504	9
9505	9
9506	9
9507	9
9508	9
9509	9
9510	9
9511	9
9512	9
9513	9
9514	9
9515	9
9516	9
9517	9
9518	9
9519	9
9520	9
9521	9
9522	9
9523	9
9524	9
9525	9
9526	9
9527	9
9528	9
9529	9
9530	9
9531	9
9532	9
9533	9
9534	9
9535	9
9536	9
9537	9
9538	9
9539	9
9540	9
9541	9
9542	9
9543	9
9544	9
9545	9
9546	9
9547	9
9548	9
9549	9
9550	9
9551	9
9552	9
9553	9
9554	9
9555	9
9556	9
9557	9
9558	9
9559	9
9560	9
9561	9
9562	9
9563	9
9564	9
9565	9
9566	9
9567	9
9568	9
9569	9
9570	9
9571	9
9572	9
9573	9
9574	9
9575	9
9576	9
9577	9
9578	9
9579	9
9580	9
9581	9
9582	9
9583	9
9584	9
9585	9
9586	9
9587	9
9588	9
9589	10
9590	10
9591	10
9592	10
9593	10
9594	10
9595	10
9596	10
9597	10
9598	10
9599	10
9600	10
9601	10
9602	10
9603	10
9604	10
9605	10
9606	10
9607	10
9608	10
9609	10
9610	10
9611	10
9612	10
9613	10
9614	10
9615	10
9616	10
9617	10
9618	10
9619	10
9620	10
9621	10
9622	10
9623	10
9624	10
9625	10
9626	10
9627	10
9628	10
9629	10
9630	10
9631	10
9632	10
9633	10
9634	10
9635	10
9636	10
9637	10
9638	10
9639	10
9640	10
9641	10
9642	10
9643	10
9644	10
9645	10
9646	10
9647	10
9648	10
9649	10
9650	10
9651	10
9652	10
9653	10
9654	10
9655	10
9656	10
9657	10
9658	10
9659	10
9660	10
9661	10
9662	10
9663	10
9664	10
9665	10
9666	10
9667	10
9668	10
9669	10
9670	10
9671	10
9672	10
9673	10
9674	10
9675	10
9676	10
9677	10
9678	10
9679	10
9680	11
9681	11
9682	11
9683	11
9684	11
9685	11
9686	11
9687	11
9688	11
9689	11
9690	11
9691	11
9692	11
9693	11
9694	11
9695	11
9696	11
9697	11
9698	11
9699	11
9700	11
9701	11
9702	11
9703	11
9704	11
9705	11
9706	11
9707	11
9708	11
9709	11
9710	11
9711	11
9712	11
9713	11
9714	11
9715	11
9716	11
9717	11
9718	11
9719	11
9720	11
9721	12
9722	12
9723	12
9724	12
9725	12
9726	12
9727	12
9728	12
9729	12
9730	12
9731	12
9732	12
9733	12
9734	12
9735	12
9736	12
9737	12
9738	12
9739	12
9740	12
9741	12
9742	12
9743	12
9744	12
9745	12
9746	12
9747	12
9748	13
9749	13
9750	13
9751	13
9752	13
9753	13
9754	13
9755	13
9756	13
9757	13
9758	13
9759	13
9760	13
9761	13
9762	13
9763	13
9764	13
9765	13
9766	13
9767	13
9768	13
9769	13
9770	13
9771	13
9772	13
9773	13
9774	13
9775	13
9776	13
9777	13
9778	13
9779	13
9780	13
9781	13
9782	13
9783	13
9784	13
9785	13
9786	13
9787	13
9788	13
9789	13
9790	13
9791	13
9792	13
9793	13
9794	13
9795	13
9796	13
9797	13
9798	13
9799	13
9800	13
9801	13
9802	13
9803	13
9804	13
9805	13
9806	13
9807	13
9808	13
9809	13
9810	13
9811	13
9812	13
9813	13
9814	13
9815	13
9816	13
9817	13
9818	13
9819	13
9820	13
9821	13
9822	13
9823	13
9824	13
9825	13
9826	13
9827	13
9828	13
9829	13
9830	13
9831	13
9832	13
9833	13
9834	13
9835	13
9836	13
9837	13
9838	14
9839	14
9840	14
9841	14
9842	14
9843	14
9844	14
9845	14
9846	14
9847	14
9848	14
9849	14
9850	14
9851	14
9852	14
9853	14
9854	14
9855	14
9856	14
9857	14
9858	14
9859	14
9860	14
9861	14
9862	14
9863	14
9864	14
9865	14
9866	14
9867	14
9868	14
9869	14
9870	14
9871	14
9872	14
9873	14
9874	14
9875	14
9876	14
9877	14
9878	14
9879	14
9880	14
9881	14
9882	14
9883	14
9884	14
9885	14
9886	14
9887	14
9888	14
9889	14
9890	14
9891	14
9892	14
9893	14
9894	14
9895	14
9896	14
9897	14
9898	14
9899	14
9900	14
9901	14
9902	14
9903	14
9904	14
9905	14
9906	14
9907	14
9908	14
9909	14
9910	14
9911	14
9912	14
9913	14
9914	14
9915	14
9916	14
9917	14
9918	14
9919	14
9920	14
9921	14
9922	14
9923	14
9924	14
9925	14
9926	14
9927	14
9928	14
9929	14
9930	14
9931	14
9932	14
9933	14
9934	14
9935	14
9936	14
9937	14
9938	14
9939	14
9940	14
9941	14
9942	14
9943	14
9944	14
9945	14
9946	14
9947	14
9948	14
9949	14
9950	14
9951	14
9952	14
9953	14
9954	14
9955	14
9956	14
9957	14
9958	14
9959	14
9960	14
9961	14
9962	14
9963	14
9964	14
9965	14
9966	14
9967	14
9968	14
9969	14
9970	14
9971	14
9972	14
9973	14
9974	14
9975	14
9976	14
9977	14
9978	14
9979	14
9980	14
9981	14
9982	14
9983	14
9984	14
9985	14
9986	14
9987	14
9988	14
9989	14
9990	14
9991	14
9992	14
9993	14
9994	14
9995	14
9996	14
9997	14
9998	14
9999	14
10000	14
