#Clock	ItemsCollected
1	0
2	0
3	0
4	0
5	0
6	0
7	0
8	0
9	0
10	0
11	0
12	0
13	0
14	0
15	0
16	0
17	0
18	0
19	0
20	0
21	0
22	0
23	0
24	0
25	0
26	0
27	0
28	0
29	0
30	0
31	0
32	0
33	0
34	0
35	0
36	0
37	0
38	0
39	0
40	0
41	0
42	0
43	0
44	0
45	0
46	0
47	0
48	0
49	0
50	0
51	0
52	0
53	0
54	0
55	0
56	0
57	0
58	0
59	0
60	0
61	0
62	0
63	0
64	0
65	0
66	0
67	0
68	0
69	0
70	0
71	0
72	0
73	0
74	0
75	0
76	0
77	0
78	0
79	0
80	0
81	0
82	0
83	0
84	0
85	0
86	0
87	0
88	0
89	0
90	0
91	0
92	0
93	0
94	0
95	0
96	0
97	0
98	0
99	0
100	0
101	0
102	0
103	0
104	0
105	0
106	0
107	0
108	0
109	0
110	0
111	0
112	0
113	0
114	0
115	0
116	0
117	0
118	0
119	0
120	0
121	0
122	0
123	0
124	0
125	0
126	0
127	0
128	0
129	0
130	0
131	0
132	0
133	0
134	0
135	0
136	0
137	0
138	0
139	0
140	0
141	0
142	0
143	0
144	0
145	0
146	0
147	0
148	0
149	0
150	0
151	0
152	0
153	0
154	0
155	0
156	0
157	0
158	0
159	0
160	0
161	0
162	0
163	0
164	0
165	0
166	0
167	0
168	0
169	0
170	0
171	0
172	0
173	0
174	0
175	0
176	0
177	0
178	0
179	0
180	0
181	0
182	0
183	0
184	0
185	0
186	0
187	0
188	0
189	0
190	0
191	0
192	0
193	0
194	0
195	0
196	0
197	0
198	0
199	0
200	0
201	0
202	0
203	0
204	0
205	0
206	0
207	0
208	0
209	0
210	0
211	0
212	0
213	0
214	0
215	0
216	0
217	0
218	0
219	0
220	0
221	0
222	0
223	0
224	0
225	0
226	0
227	0
228	0
229	0
230	0
231	0
232	0
233	0
234	0
235	0
236	0
237	0
238	0
239	0
240	0
241	0
242	0
243	0
244	0
245	0
246	0
247	0
248	0
249	0
250	0
251	0
252	0
253	0
254	0
255	0
256	0
257	0
258	0
259	0
260	0
261	0
262	0
263	0
264	0
265	0
266	0
267	0
268	0
269	0
270	0
271	0
272	0
273	0
274	0
275	0
276	0
277	0
278	0
279	0
280	0
281	0
282	0
283	0
284	0
285	0
286	0
287	0
288	0
289	0
290	0
291	0
292	0
293	0
294	0
295	0
296	0
297	0
298	0
299	0
300	0
301	0
302	0
303	0
304	0
305	0
306	0
307	0
308	0
309	0
310	0
311	0
312	0
313	0
314	0
315	0
316	0
317	0
318	0
319	0
320	0
321	0
322	0
323	0
324	0
325	0
326	0
327	0
328	0
329	0
330	0
331	0
332	0
333	0
334	0
335	0
336	0
337	0
338	0
339	0
340	0
341	0
342	0
343	0
344	0
345	0
346	0
347	0
348	0
349	0
350	0
351	0
352	0
353	0
354	0
355	0
356	0
357	0
358	0
359	0
360	0
361	0
362	0
363	0
364	0
365	0
366	0
367	0
368	0
369	0
370	0
371	0
372	0
373	0
374	0
375	0
376	0
377	0
378	0
379	0
380	0
381	0
382	0
383	0
384	0
385	0
386	0
387	0
388	0
389	0
390	0
391	0
392	0
393	0
394	0
395	0
396	0
397	0
398	0
399	0
400	0
401	0
402	0
403	0
404	0
405	0
406	0
407	0
408	0
409	0
410	0
411	0
412	0
413	0
414	0
415	0
416	0
417	0
418	0
419	0
420	0
421	0
422	0
423	0
424	0
425	0
426	0
427	0
428	0
429	0
430	0
431	0
432	0
433	0
434	0
435	0
436	0
437	0
438	0
439	0
440	0
441	0
442	0
443	0
444	0
445	0
446	0
447	0
448	0
449	0
450	0
451	0
452	0
453	0
454	0
455	0
456	0
457	0
458	0
459	0
460	0
461	0
462	0
463	0
464	0
465	0
466	0
467	0
468	0
469	0
470	0
471	0
472	0
473	0
474	0
475	0
476	0
477	0
478	0
479	0
480	0
481	0
482	0
483	0
484	0
485	0
486	0
487	0
488	0
489	0
490	0
491	0
492	0
493	0
494	0
495	0
496	0
497	0
498	0
499	0
500	0
501	0
502	0
503	0
504	0
505	0
506	0
507	0
508	0
509	0
510	0
511	0
512	0
513	0
514	0
515	0
516	0
517	0
518	0
519	0
520	0
521	0
522	0
523	0
524	0
525	0
526	0
527	0
528	0
529	0
530	0
531	0
532	0
533	0
534	0
535	0
536	0
537	0
538	0
539	0
540	0
541	0
542	0
543	0
544	0
545	0
546	0
547	0
548	0
549	0
550	0
551	0
552	0
553	0
554	0
555	0
556	0
557	0
558	0
559	0
560	0
561	0
562	0
563	0
564	0
565	0
566	0
567	0
568	0
569	0
570	0
571	0
572	0
573	0
574	0
575	0
576	0
577	0
578	0
579	0
580	0
581	0
582	0
583	0
584	0
585	0
586	0
587	0
588	0
589	0
590	0
591	0
592	0
593	0
594	0
595	0
596	0
597	0
598	0
599	0
600	0
601	0
602	0
603	0
604	0
605	0
606	0
607	0
608	0
609	0
610	0
611	0
612	0
613	0
614	0
615	0
616	0
617	0
618	0
619	0
620	0
621	0
622	0
623	0
624	0
625	0
626	0
627	0
628	0
629	0
630	0
631	0
632	0
633	0
634	0
635	0
636	0
637	0
638	0
639	0
640	0
641	0
642	0
643	0
644	0
645	0
646	0
647	0
648	0
649	0
650	0
651	0
652	0
653	0
654	0
655	0
656	0
657	0
658	0
659	0
660	0
661	0
662	0
663	0
664	0
665	0
666	0
667	0
668	0
669	0
670	0
671	0
672	0
673	0
674	0
675	0
676	0
677	0
678	0
679	0
680	0
681	0
682	0
683	0
684	0
685	0
686	0
687	0
688	0
689	0
690	0
691	0
692	0
693	0
694	0
695	0
696	0
697	0
698	0
699	0
700	0
701	0
702	0
703	0
704	0
705	0
706	0
707	0
708	0
709	0
710	0
711	0
712	0
713	0
714	0
715	0
716	0
717	0
718	0
719	0
720	0
721	0
722	0
723	0
724	0
725	0
726	0
727	0
728	0
729	0
730	0
731	0
732	0
733	0
734	0
735	0
736	0
737	0
738	0
739	0
740	0
741	0
742	0
743	0
744	0
745	0
746	0
747	0
748	0
749	0
750	0
751	0
752	0
753	0
754	0
755	0
756	0
757	0
758	0
759	0
760	0
761	0
762	0
763	0
764	0
765	0
766	0
767	0
768	0
769	0
770	0
771	0
772	0
773	0
774	0
775	0
776	0
777	0
778	0
779	0
780	0
781	0
782	0
783	0
784	0
785	0
786	0
787	0
788	0
789	0
790	0
791	0
792	0
793	0
794	0
795	0
796	0
797	0
798	0
799	0
800	0
801	0
802	0
803	0
804	0
805	0
806	0
807	0
808	0
809	0
810	0
811	0
812	0
813	0
814	0
815	0
816	0
817	0
818	0
819	0
820	0
821	0
822	0
823	0
824	0
825	0
826	0
827	0
828	0
829	0
830	0
831	0
832	0
833	0
834	0
835	0
836	0
837	0
838	0
839	0
840	0
841	0
842	0
843	0
844	0
845	0
846	0
847	0
848	0
849	0
850	0
851	0
852	0
853	0
854	0
855	0
856	0
857	0
858	0
859	0
860	0
861	0
862	0
863	0
864	0
865	0
866	0
867	0
868	0
869	0
870	0
871	0
872	0
873	0
874	0
875	0
876	0
877	0
878	0
879	0
880	0
881	0
882	0
883	0
884	0
885	0
886	0
887	0
888	0
889	0
890	0
891	0
892	0
893	0
894	0
895	0
896	0
897	0
898	0
899	0
900	0
901	0
902	0
903	0
904	0
905	0
906	0
907	0
908	0
909	0
910	0
911	0
912	0
913	0
914	0
915	0
916	0
917	0
918	0
919	0
920	0
921	0
922	0
923	0
924	0
925	0
926	0
927	0
928	0
929	0
930	0
931	0
932	0
933	0
934	0
935	0
936	0
937	0
938	0
939	0
940	0
941	0
942	0
943	0
944	0
945	0
946	0
947	0
948	0
949	0
950	0
951	0
952	0
953	0
954	0
955	0
956	0
957	0
958	0
959	0
960	0
961	0
962	0
963	0
964	0
965	0
966	0
967	0
968	0
969	0
970	0
971	0
972	0
973	0
974	0
975	0
976	0
977	0
978	0
979	0
980	0
981	0
982	0
983	0
984	0
985	0
986	0
987	0
988	0
989	0
990	0
991	0
992	0
993	0
994	0
995	0
996	0
997	0
998	0
999	0
1000	0
1001	0
1002	0
1003	0
1004	0
1005	0
1006	0
1007	0
1008	0
1009	0
1010	0
1011	0
1012	0
1013	0
1014	0
1015	0
1016	0
1017	0
1018	0
1019	0
1020	0
1021	0
1022	0
1023	0
1024	0
1025	0
1026	0
1027	0
1028	0
1029	0
1030	0
1031	0
1032	0
1033	0
1034	0
1035	0
1036	0
1037	0
1038	0
1039	0
1040	0
1041	0
1042	0
1043	0
1044	0
1045	0
1046	0
1047	0
1048	0
1049	0
1050	0
1051	0
1052	0
1053	0
1054	0
1055	0
1056	0
1057	0
1058	0
1059	0
1060	0
1061	0
1062	0
1063	0
1064	0
1065	0
1066	0
1067	0
1068	0
1069	0
1070	0
1071	0
1072	0
1073	0
1074	0
1075	0
1076	0
1077	0
1078	0
1079	0
1080	0
1081	0
1082	0
1083	0
1084	0
1085	0
1086	0
1087	0
1088	0
1089	0
1090	0
1091	0
1092	0
1093	0
1094	0
1095	0
1096	0
1097	0
1098	0
1099	0
1100	0
1101	0
1102	0
1103	0
1104	0
1105	0
1106	0
1107	0
1108	0
1109	0
1110	0
1111	0
1112	0
1113	0
1114	0
1115	0
1116	0
1117	0
1118	0
1119	0
1120	0
1121	0
1122	0
1123	0
1124	0
1125	0
1126	0
1127	0
1128	0
1129	0
1130	0
1131	0
1132	0
1133	0
1134	0
1135	0
1136	0
1137	0
1138	0
1139	0
1140	0
1141	0
1142	0
1143	0
1144	0
1145	0
1146	0
1147	0
1148	0
1149	0
1150	0
1151	0
1152	0
1153	0
1154	0
1155	0
1156	0
1157	0
1158	0
1159	0
1160	0
1161	0
1162	0
1163	0
1164	0
1165	0
1166	0
1167	0
1168	0
1169	0
1170	0
1171	0
1172	0
1173	0
1174	0
1175	0
1176	0
1177	0
1178	0
1179	0
1180	0
1181	0
1182	0
1183	0
1184	0
1185	0
1186	0
1187	0
1188	0
1189	0
1190	0
1191	0
1192	0
1193	0
1194	0
1195	0
1196	0
1197	0
1198	0
1199	0
1200	0
1201	0
1202	0
1203	0
1204	0
1205	0
1206	0
1207	0
1208	0
1209	0
1210	0
1211	0
1212	0
1213	0
1214	0
1215	0
1216	0
1217	0
1218	0
1219	0
1220	0
1221	0
1222	0
1223	0
1224	0
1225	0
1226	0
1227	0
1228	0
1229	0
1230	0
1231	0
1232	0
1233	0
1234	0
1235	0
1236	0
1237	0
1238	0
1239	0
1240	0
1241	0
1242	0
1243	0
1244	0
1245	0
1246	0
1247	0
1248	0
1249	0
1250	0
1251	0
1252	0
1253	0
1254	0
1255	0
1256	0
1257	0
1258	0
1259	0
1260	0
1261	0
1262	0
1263	0
1264	0
1265	0
1266	0
1267	0
1268	0
1269	0
1270	0
1271	0
1272	0
1273	0
1274	0
1275	0
1276	0
1277	0
1278	0
1279	0
1280	0
1281	0
1282	0
1283	0
1284	0
1285	0
1286	0
1287	0
1288	0
1289	0
1290	0
1291	0
1292	0
1293	0
1294	0
1295	0
1296	0
1297	0
1298	0
1299	0
1300	0
1301	0
1302	0
1303	0
1304	0
1305	0
1306	0
1307	0
1308	0
1309	0
1310	0
1311	0
1312	0
1313	0
1314	0
1315	0
1316	0
1317	0
1318	0
1319	0
1320	0
1321	0
1322	0
1323	0
1324	0
1325	0
1326	0
1327	0
1328	0
1329	0
1330	0
1331	0
1332	0
1333	0
1334	0
1335	0
1336	0
1337	0
1338	0
1339	0
1340	0
1341	0
1342	0
1343	0
1344	0
1345	0
1346	0
1347	0
1348	0
1349	0
1350	0
1351	0
1352	0
1353	0
1354	0
1355	0
1356	0
1357	0
1358	0
1359	0
1360	0
1361	0
1362	0
1363	0
1364	0
1365	0
1366	0
1367	0
1368	0
1369	0
1370	0
1371	0
1372	0
1373	0
1374	0
1375	0
1376	0
1377	0
1378	0
1379	0
1380	0
1381	0
1382	0
1383	0
1384	0
1385	0
1386	0
1387	0
1388	0
1389	0
1390	0
1391	0
1392	0
1393	0
1394	0
1395	0
1396	0
1397	0
1398	0
1399	0
1400	0
1401	0
1402	0
1403	0
1404	0
1405	0
1406	0
1407	0
1408	0
1409	0
1410	0
1411	0
1412	0
1413	0
1414	0
1415	0
1416	0
1417	0
1418	0
1419	0
1420	0
1421	0
1422	0
1423	0
1424	0
1425	0
1426	0
1427	0
1428	0
1429	0
1430	0
1431	0
1432	0
1433	0
1434	0
1435	0
1436	0
1437	0
1438	0
1439	0
1440	0
1441	0
1442	0
1443	0
1444	0
1445	0
1446	0
1447	0
1448	0
1449	0
1450	0
1451	0
1452	0
1453	0
1454	0
1455	0
1456	0
1457	0
1458	0
1459	0
1460	0
1461	0
1462	0
1463	0
1464	0
1465	0
1466	0
1467	0
1468	0
1469	0
1470	0
1471	0
1472	0
1473	0
1474	0
1475	0
1476	0
1477	0
1478	0
1479	0
1480	0
1481	0
1482	0
1483	0
1484	0
1485	0
1486	0
1487	0
1488	0
1489	0
1490	0
1491	0
1492	0
1493	0
1494	0
1495	0
1496	0
1497	0
1498	0
1499	0
1500	0
1501	0
1502	0
1503	0
1504	0
1505	0
1506	0
1507	0
1508	0
1509	0
1510	0
1511	0
1512	0
1513	0
1514	0
1515	0
1516	0
1517	0
1518	0
1519	0
1520	0
1521	0
1522	0
1523	0
1524	0
1525	0
1526	0
1527	0
1528	0
1529	0
1530	0
1531	0
1532	0
1533	0
1534	0
1535	0
1536	0
1537	0
1538	0
1539	0
1540	0
1541	0
1542	0
1543	0
1544	0
1545	0
1546	0
1547	0
1548	0
1549	0
1550	0
1551	0
1552	0
1553	0
1554	0
1555	0
1556	0
1557	0
1558	0
1559	0
1560	0
1561	0
1562	0
1563	0
1564	0
1565	0
1566	0
1567	0
1568	0
1569	0
1570	0
1571	0
1572	0
1573	0
1574	0
1575	0
1576	0
1577	0
1578	0
1579	0
1580	0
1581	0
1582	0
1583	0
1584	0
1585	0
1586	0
1587	0
1588	0
1589	0
1590	0
1591	0
1592	0
1593	0
1594	0
1595	0
1596	0
1597	0
1598	0
1599	0
1600	0
1601	0
1602	0
1603	0
1604	0
1605	0
1606	0
1607	0
1608	0
1609	0
1610	0
1611	0
1612	0
1613	0
1614	0
1615	0
1616	0
1617	0
1618	0
1619	0
1620	0
1621	0
1622	0
1623	0
1624	0
1625	0
1626	0
1627	0
1628	0
1629	0
1630	0
1631	0
1632	0
1633	0
1634	0
1635	0
1636	0
1637	0
1638	0
1639	0
1640	0
1641	0
1642	0
1643	0
1644	0
1645	0
1646	0
1647	0
1648	0
1649	0
1650	0
1651	0
1652	0
1653	0
1654	0
1655	0
1656	0
1657	0
1658	0
1659	0
1660	0
1661	0
1662	0
1663	0
1664	0
1665	0
1666	0
1667	0
1668	0
1669	0
1670	0
1671	0
1672	0
1673	0
1674	0
1675	0
1676	0
1677	0
1678	0
1679	0
1680	0
1681	0
1682	0
1683	0
1684	0
1685	0
1686	0
1687	0
1688	0
1689	0
1690	0
1691	0
1692	0
1693	0
1694	0
1695	0
1696	0
1697	0
1698	0
1699	0
1700	0
1701	0
1702	0
1703	0
1704	0
1705	0
1706	0
1707	0
1708	0
1709	0
1710	0
1711	0
1712	0
1713	0
1714	0
1715	0
1716	0
1717	0
1718	0
1719	0
1720	0
1721	0
1722	0
1723	0
1724	0
1725	0
1726	0
1727	0
1728	0
1729	0
1730	0
1731	0
1732	0
1733	0
1734	0
1735	0
1736	0
1737	0
1738	0
1739	0
1740	0
1741	0
1742	0
1743	0
1744	0
1745	0
1746	0
1747	0
1748	0
1749	0
1750	0
1751	0
1752	0
1753	0
1754	0
1755	0
1756	0
1757	0
1758	0
1759	0
1760	0
1761	0
1762	0
1763	0
1764	0
1765	0
1766	0
1767	0
1768	0
1769	0
1770	0
1771	0
1772	0
1773	0
1774	0
1775	0
1776	0
1777	0
1778	0
1779	0
1780	0
1781	0
1782	0
1783	0
1784	0
1785	0
1786	0
1787	0
1788	0
1789	0
1790	0
1791	0
1792	0
1793	0
1794	0
1795	0
1796	0
1797	0
1798	0
1799	0
1800	0
1801	0
1802	0
1803	0
1804	0
1805	0
1806	0
1807	0
1808	0
1809	0
1810	0
1811	0
1812	0
1813	0
1814	0
1815	0
1816	0
1817	0
1818	0
1819	0
1820	0
1821	0
1822	0
1823	0
1824	0
1825	0
1826	0
1827	0
1828	0
1829	0
1830	0
1831	0
1832	0
1833	0
1834	0
1835	0
1836	0
1837	0
1838	0
1839	0
1840	0
1841	0
1842	0
1843	0
1844	0
1845	0
1846	0
1847	0
1848	0
1849	0
1850	0
1851	0
1852	0
1853	0
1854	0
1855	0
1856	0
1857	0
1858	0
1859	0
1860	0
1861	0
1862	0
1863	0
1864	0
1865	0
1866	0
1867	0
1868	0
1869	0
1870	0
1871	0
1872	0
1873	0
1874	0
1875	0
1876	0
1877	0
1878	0
1879	0
1880	0
1881	0
1882	0
1883	0
1884	0
1885	0
1886	0
1887	0
1888	0
1889	0
1890	0
1891	0
1892	0
1893	0
1894	0
1895	0
1896	0
1897	0
1898	0
1899	0
1900	0
1901	0
1902	0
1903	0
1904	0
1905	0
1906	0
1907	0
1908	0
1909	0
1910	0
1911	0
1912	0
1913	0
1914	0
1915	0
1916	0
1917	0
1918	0
1919	0
1920	0
1921	0
1922	0
1923	0
1924	0
1925	0
1926	0
1927	0
1928	0
1929	0
1930	0
1931	0
1932	0
1933	0
1934	0
1935	0
1936	0
1937	0
1938	0
1939	0
1940	0
1941	0
1942	0
1943	0
1944	0
1945	0
1946	0
1947	0
1948	0
1949	0
1950	0
1951	0
1952	0
1953	0
1954	0
1955	0
1956	0
1957	0
1958	0
1959	0
1960	0
1961	0
1962	0
1963	0
1964	0
1965	0
1966	0
1967	0
1968	0
1969	0
1970	0
1971	0
1972	0
1973	0
1974	0
1975	0
1976	0
1977	0
1978	0
1979	0
1980	0
1981	0
1982	0
1983	0
1984	0
1985	0
1986	0
1987	0
1988	0
1989	0
1990	0
1991	0
1992	0
1993	0
1994	0
1995	0
1996	0
1997	0
1998	0
1999	0
2000	0
2001	0
2002	0
2003	0
2004	0
2005	0
2006	0
2007	0
2008	0
2009	0
2010	0
2011	0
2012	0
2013	0
2014	0
2015	0
2016	0
2017	0
2018	0
2019	0
2020	0
2021	0
2022	0
2023	0
2024	0
2025	0
2026	0
2027	0
2028	0
2029	0
2030	0
2031	0
2032	0
2033	0
2034	0
2035	0
2036	0
2037	0
2038	0
2039	0
2040	0
2041	0
2042	0
2043	0
2044	0
2045	0
2046	0
2047	0
2048	0
2049	0
2050	0
2051	0
2052	0
2053	0
2054	0
2055	0
2056	0
2057	0
2058	0
2059	0
2060	0
2061	0
2062	0
2063	0
2064	0
2065	0
2066	0
2067	0
2068	0
2069	0
2070	0
2071	0
2072	0
2073	0
2074	0
2075	0
2076	0
2077	0
2078	0
2079	0
2080	0
2081	0
2082	0
2083	0
2084	0
2085	0
2086	0
2087	0
2088	0
2089	0
2090	0
2091	0
2092	0
2093	0
2094	0
2095	0
2096	0
2097	0
2098	0
2099	0
2100	0
2101	0
2102	0
2103	0
2104	0
2105	0
2106	0
2107	0
2108	0
2109	0
2110	0
2111	0
2112	0
2113	0
2114	0
2115	0
2116	0
2117	0
2118	0
2119	0
2120	0
2121	0
2122	0
2123	0
2124	0
2125	0
2126	0
2127	0
2128	0
2129	0
2130	0
2131	0
2132	0
2133	0
2134	0
2135	0
2136	0
2137	0
2138	0
2139	0
2140	0
2141	0
2142	0
2143	0
2144	0
2145	0
2146	0
2147	0
2148	0
2149	0
2150	0
2151	0
2152	0
2153	0
2154	0
2155	0
2156	0
2157	0
2158	0
2159	0
2160	0
2161	0
2162	0
2163	0
2164	0
2165	0
2166	0
2167	0
2168	0
2169	0
2170	0
2171	0
2172	0
2173	0
2174	0
2175	0
2176	0
2177	0
2178	0
2179	0
2180	0
2181	0
2182	0
2183	0
2184	0
2185	0
2186	0
2187	0
2188	0
2189	0
2190	0
2191	0
2192	0
2193	0
2194	0
2195	0
2196	0
2197	0
2198	0
2199	0
2200	0
2201	0
2202	0
2203	0
2204	0
2205	0
2206	0
2207	0
2208	0
2209	0
2210	0
2211	0
2212	0
2213	0
2214	0
2215	0
2216	0
2217	0
2218	0
2219	0
2220	0
2221	0
2222	0
2223	0
2224	0
2225	0
2226	0
2227	0
2228	0
2229	0
2230	0
2231	0
2232	0
2233	0
2234	0
2235	0
2236	0
2237	0
2238	0
2239	0
2240	0
2241	0
2242	0
2243	0
2244	0
2245	0
2246	0
2247	0
2248	0
2249	0
2250	0
2251	0
2252	0
2253	0
2254	0
2255	0
2256	0
2257	0
2258	0
2259	0
2260	0
2261	0
2262	0
2263	0
2264	0
2265	0
2266	0
2267	0
2268	0
2269	0
2270	0
2271	0
2272	0
2273	0
2274	0
2275	0
2276	0
2277	0
2278	0
2279	0
2280	0
2281	0
2282	0
2283	0
2284	0
2285	0
2286	0
2287	0
2288	0
2289	0
2290	0
2291	0
2292	0
2293	0
2294	0
2295	0
2296	0
2297	0
2298	0
2299	0
2300	0
2301	0
2302	0
2303	0
2304	0
2305	0
2306	0
2307	0
2308	0
2309	0
2310	0
2311	0
2312	0
2313	0
2314	0
2315	0
2316	0
2317	0
2318	0
2319	0
2320	0
2321	0
2322	0
2323	0
2324	0
2325	0
2326	0
2327	0
2328	0
2329	0
2330	0
2331	0
2332	0
2333	0
2334	0
2335	0
2336	0
2337	0
2338	0
2339	0
2340	0
2341	0
2342	0
2343	0
2344	0
2345	0
2346	0
2347	0
2348	0
2349	0
2350	0
2351	0
2352	0
2353	0
2354	0
2355	0
2356	0
2357	0
2358	0
2359	1
2360	1
2361	1
2362	1
2363	1
2364	1
2365	1
2366	1
2367	1
2368	1
2369	1
2370	1
2371	1
2372	1
2373	1
2374	1
2375	1
2376	1
2377	1
2378	1
2379	1
2380	1
2381	1
2382	1
2383	1
2384	1
2385	1
2386	1
2387	1
2388	1
2389	1
2390	1
2391	1
2392	1
2393	1
2394	1
2395	1
2396	1
2397	1
2398	1
2399	1
2400	1
2401	1
2402	1
2403	1
2404	1
2405	1
2406	1
2407	1
2408	1
2409	1
2410	1
2411	1
2412	1
2413	1
2414	1
2415	1
2416	1
2417	1
2418	1
2419	1
2420	1
2421	1
2422	1
2423	1
2424	1
2425	1
2426	1
2427	1
2428	1
2429	1
2430	1
2431	1
2432	1
2433	1
2434	1
2435	1
2436	1
2437	1
2438	1
2439	1
2440	1
2441	1
2442	1
2443	1
2444	1
2445	1
2446	1
2447	1
2448	1
2449	1
2450	1
2451	1
2452	1
2453	1
2454	1
2455	1
2456	1
2457	1
2458	1
2459	1
2460	1
2461	1
2462	1
2463	1
2464	1
2465	1
2466	1
2467	1
2468	1
2469	1
2470	1
2471	1
2472	1
2473	1
2474	1
2475	1
2476	1
2477	1
2478	1
2479	1
2480	1
2481	1
2482	1
2483	1
2484	1
2485	1
2486	1
2487	1
2488	1
2489	1
2490	1
2491	1
2492	1
2493	1
2494	1
2495	1
2496	1
2497	1
2498	1
2499	1
2500	1
2501	1
2502	1
2503	1
2504	1
2505	1
2506	1
2507	1
2508	1
2509	1
2510	1
2511	1
2512	1
2513	1
2514	1
2515	1
2516	1
2517	1
2518	1
2519	1
2520	1
2521	1
2522	1
2523	1
2524	1
2525	1
2526	1
2527	1
2528	1
2529	1
2530	1
2531	1
2532	1
2533	1
2534	1
2535	1
2536	1
2537	1
2538	1
2539	1
2540	1
2541	1
2542	1
2543	1
2544	1
2545	1
2546	1
2547	1
2548	1
2549	1
2550	1
2551	1
2552	1
2553	1
2554	1
2555	1
2556	1
2557	1
2558	1
2559	1
2560	1
2561	1
2562	1
2563	1
2564	1
2565	1
2566	1
2567	1
2568	1
2569	1
2570	1
2571	1
2572	1
2573	1
2574	1
2575	1
2576	1
2577	1
2578	1
2579	1
2580	1
2581	1
2582	1
2583	1
2584	1
2585	1
2586	1
2587	1
2588	1
2589	1
2590	1
2591	1
2592	1
2593	1
2594	1
2595	1
2596	1
2597	1
2598	1
2599	1
2600	1
2601	1
2602	1
2603	1
2604	1
2605	1
2606	1
2607	1
2608	1
2609	1
2610	1
2611	1
2612	1
2613	1
2614	1
2615	1
2616	1
2617	1
2618	1
2619	1
2620	1
2621	1
2622	1
2623	1
2624	1
2625	1
2626	1
2627	1
2628	1
2629	1
2630	1
2631	1
2632	1
2633	1
2634	1
2635	1
2636	1
2637	1
2638	1
2639	1
2640	1
2641	1
2642	1
2643	1
2644	1
2645	1
2646	1
2647	1
2648	1
2649	1
2650	1
2651	1
2652	1
2653	1
2654	1
2655	1
2656	1
2657	1
2658	1
2659	1
2660	1
2661	1
2662	1
2663	1
2664	1
2665	1
2666	1
2667	1
2668	1
2669	1
2670	1
2671	1
2672	1
2673	1
2674	1
2675	1
2676	1
2677	1
2678	1
2679	1
2680	1
2681	1
2682	1
2683	1
2684	1
2685	1
2686	1
2687	1
2688	1
2689	1
2690	1
2691	1
2692	1
2693	1
2694	1
2695	1
2696	1
2697	1
2698	1
2699	1
2700	1
2701	1
2702	1
2703	1
2704	1
2705	1
2706	1
2707	1
2708	1
2709	1
2710	1
2711	1
2712	1
2713	1
2714	1
2715	1
2716	1
2717	1
2718	1
2719	1
2720	1
2721	1
2722	1
2723	1
2724	1
2725	1
2726	1
2727	1
2728	1
2729	1
2730	1
2731	1
2732	1
2733	1
2734	1
2735	1
2736	1
2737	1
2738	1
2739	1
2740	1
2741	1
2742	1
2743	1
2744	1
2745	1
2746	1
2747	1
2748	1
2749	1
2750	1
2751	1
2752	1
2753	1
2754	1
2755	1
2756	1
2757	1
2758	1
2759	1
2760	1
2761	1
2762	1
2763	1
2764	1
2765	1
2766	1
2767	1
2768	1
2769	1
2770	1
2771	1
2772	1
2773	1
2774	1
2775	1
2776	1
2777	1
2778	1
2779	1
2780	1
2781	1
2782	1
2783	1
2784	1
2785	1
2786	1
2787	1
2788	1
2789	1
2790	1
2791	1
2792	1
2793	1
2794	1
2795	1
2796	1
2797	1
2798	1
2799	1
2800	1
2801	1
2802	1
2803	1
2804	1
2805	1
2806	1
2807	1
2808	1
2809	1
2810	1
2811	1
2812	1
2813	1
2814	1
2815	1
2816	1
2817	1
2818	1
2819	1
2820	1
2821	1
2822	1
2823	1
2824	1
2825	1
2826	1
2827	1
2828	1
2829	1
2830	1
2831	1
2832	1
2833	1
2834	1
2835	1
2836	1
2837	1
2838	1
2839	1
2840	1
2841	1
2842	1
2843	1
2844	1
2845	1
2846	1
2847	1
2848	1
2849	1
2850	1
2851	1
2852	1
2853	1
2854	1
2855	1
2856	1
2857	1
2858	1
2859	1
2860	1
2861	1
2862	1
2863	1
2864	1
2865	1
2866	1
2867	1
2868	1
2869	1
2870	1
2871	1
2872	1
2873	1
2874	1
2875	1
2876	1
2877	1
2878	1
2879	1
2880	1
2881	1
2882	1
2883	1
2884	1
2885	1
2886	1
2887	1
2888	1
2889	1
2890	1
2891	1
2892	1
2893	1
2894	1
2895	1
2896	1
2897	1
2898	1
2899	1
2900	1
2901	1
2902	1
2903	1
2904	1
2905	1
2906	1
2907	1
2908	1
2909	1
2910	1
2911	1
2912	1
2913	1
2914	1
2915	1
2916	1
2917	1
2918	1
2919	1
2920	1
2921	1
2922	1
2923	1
2924	1
2925	1
2926	1
2927	1
2928	1
2929	1
2930	1
2931	1
2932	1
2933	1
2934	1
2935	1
2936	1
2937	1
2938	1
2939	1
2940	1
2941	1
2942	1
2943	1
2944	1
2945	1
2946	1
2947	1
2948	1
2949	1
2950	1
2951	1
2952	1
2953	1
2954	1
2955	1
2956	1
2957	1
2958	1
2959	1
2960	1
2961	1
2962	1
2963	1
2964	1
2965	1
2966	1
2967	1
2968	1
2969	1
2970	1
2971	1
2972	1
2973	1
2974	1
2975	1
2976	1
2977	1
2978	1
2979	1
2980	1
2981	1
2982	1
2983	1
2984	1
2985	1
2986	1
2987	1
2988	1
2989	1
2990	1
2991	1
2992	1
2993	1
2994	1
2995	1
2996	1
2997	1
2998	1
2999	1
3000	1
3001	1
3002	1
3003	1
3004	1
3005	1
3006	1
3007	1
3008	1
3009	1
3010	1
3011	1
3012	1
3013	1
3014	1
3015	1
3016	1
3017	1
3018	1
3019	1
3020	1
3021	1
3022	1
3023	1
3024	1
3025	1
3026	1
3027	1
3028	1
3029	1
3030	1
3031	1
3032	1
3033	1
3034	1
3035	1
3036	1
3037	1
3038	1
3039	1
3040	1
3041	1
3042	1
3043	1
3044	1
3045	1
3046	1
3047	1
3048	1
3049	1
3050	1
3051	1
3052	1
3053	1
3054	1
3055	1
3056	1
3057	1
3058	1
3059	1
3060	1
3061	1
3062	1
3063	1
3064	1
3065	1
3066	1
3067	1
3068	1
3069	1
3070	1
3071	1
3072	1
3073	1
3074	1
3075	1
3076	1
3077	1
3078	1
3079	1
3080	1
3081	1
3082	1
3083	1
3084	1
3085	1
3086	1
3087	1
3088	1
3089	1
3090	1
3091	1
3092	2
3093	2
3094	2
3095	2
3096	2
3097	2
3098	2
3099	2
3100	2
3101	2
3102	2
3103	2
3104	2
3105	2
3106	2
3107	2
3108	2
3109	2
3110	2
3111	2
3112	2
3113	2
3114	2
3115	2
3116	2
3117	2
3118	2
3119	2
3120	2
3121	2
3122	2
3123	2
3124	2
3125	2
3126	2
3127	2
3128	2
3129	2
3130	2
3131	2
3132	2
3133	2
3134	2
3135	2
3136	3
3137	3
3138	3
3139	3
3140	3
3141	3
3142	3
3143	3
3144	3
3145	3
3146	3
3147	3
3148	3
3149	3
3150	3
3151	3
3152	3
3153	3
3154	3
3155	3
3156	3
3157	3
3158	3
3159	3
3160	3
3161	3
3162	3
3163	3
3164	3
3165	3
3166	3
3167	3
3168	3
3169	3
3170	3
3171	3
3172	3
3173	3
3174	3
3175	3
3176	3
3177	3
3178	3
3179	3
3180	3
3181	3
3182	3
3183	3
3184	3
3185	3
3186	3
3187	3
3188	3
3189	3
3190	3
3191	3
3192	3
3193	3
3194	3
3195	3
3196	3
3197	3
3198	3
3199	3
3200	3
3201	3
3202	3
3203	3
3204	3
3205	3
3206	3
3207	3
3208	3
3209	3
3210	3
3211	3
3212	3
3213	3
3214	3
3215	3
3216	3
3217	3
3218	3
3219	3
3220	3
3221	3
3222	3
3223	3
3224	3
3225	3
3226	3
3227	3
3228	3
3229	3
3230	3
3231	3
3232	3
3233	3
3234	3
3235	3
3236	3
3237	3
3238	3
3239	3
3240	3
3241	3
3242	3
3243	3
3244	3
3245	3
3246	3
3247	3
3248	3
3249	3
3250	3
3251	3
3252	3
3253	3
3254	3
3255	3
3256	3
3257	3
3258	3
3259	3
3260	3
3261	3
3262	3
3263	3
3264	3
3265	3
3266	3
3267	3
3268	3
3269	3
3270	3
3271	3
3272	3
3273	3
3274	3
3275	3
3276	3
3277	3
3278	3
3279	3
3280	3
3281	3
3282	3
3283	3
3284	3
3285	3
3286	3
3287	3
3288	3
3289	3
3290	3
3291	3
3292	3
3293	3
3294	3
3295	3
3296	3
3297	3
3298	3
3299	3
3300	3
3301	3
3302	3
3303	3
3304	3
3305	3
3306	3
3307	3
3308	3
3309	3
3310	3
3311	3
3312	3
3313	3
3314	3
3315	3
3316	3
3317	3
3318	3
3319	3
3320	3
3321	3
3322	3
3323	3
3324	3
3325	3
3326	3
3327	3
3328	3
3329	3
3330	3
3331	3
3332	3
3333	3
3334	3
3335	3
3336	3
3337	3
3338	3
3339	3
3340	3
3341	3
3342	3
3343	3
3344	3
3345	3
3346	3
3347	3
3348	3
3349	3
3350	3
3351	3
3352	3
3353	3
3354	3
3355	3
3356	3
3357	3
3358	3
3359	3
3360	3
3361	3
3362	3
3363	3
3364	3
3365	3
3366	3
3367	3
3368	3
3369	3
3370	3
3371	3
3372	3
3373	3
3374	3
3375	3
3376	3
3377	3
3378	3
3379	3
3380	3
3381	3
3382	3
3383	3
3384	3
3385	3
3386	3
3387	3
3388	3
3389	3
3390	3
3391	3
3392	3
3393	3
3394	3
3395	3
3396	3
3397	3
3398	3
3399	3
3400	3
3401	3
3402	3
3403	3
3404	3
3405	3
3406	3
3407	3
3408	3
3409	3
3410	3
3411	3
3412	3
3413	3
3414	3
3415	3
3416	3
3417	3
3418	3
3419	3
3420	3
3421	3
3422	3
3423	3
3424	3
3425	3
3426	3
3427	3
3428	3
3429	3
3430	3
3431	3
3432	3
3433	3
3434	3
3435	3
3436	3
3437	3
3438	3
3439	3
3440	3
3441	3
3442	3
3443	3
3444	3
3445	3
3446	3
3447	3
3448	3
3449	3
3450	3
3451	3
3452	3
3453	3
3454	3
3455	3
3456	3
3457	3
3458	3
3459	3
3460	3
3461	3
3462	3
3463	3
3464	3
3465	3
3466	3
3467	3
3468	3
3469	3
3470	3
3471	3
3472	3
3473	3
3474	3
3475	3
3476	3
3477	3
3478	3
3479	3
3480	3
3481	3
3482	3
3483	3
3484	3
3485	3
3486	3
3487	3
3488	3
3489	3
3490	3
3491	3
3492	3
3493	3
3494	3
3495	3
3496	3
3497	3
3498	3
3499	3
3500	3
3501	3
3502	3
3503	3
3504	3
3505	3
3506	3
3507	3
3508	3
3509	3
3510	3
3511	3
3512	3
3513	3
3514	3
3515	3
3516	3
3517	3
3518	3
3519	3
3520	3
3521	3
3522	3
3523	3
3524	3
3525	3
3526	3
3527	3
3528	3
3529	3
3530	3
3531	3
3532	3
3533	3
3534	3
3535	3
3536	3
3537	3
3538	3
3539	3
3540	3
3541	3
3542	3
3543	3
3544	3
3545	3
3546	3
3547	3
3548	3
3549	3
3550	3
3551	3
3552	3
3553	3
3554	3
3555	3
3556	3
3557	3
3558	3
3559	3
3560	3
3561	3
3562	3
3563	3
3564	3
3565	3
3566	3
3567	3
3568	3
3569	3
3570	3
3571	3
3572	3
3573	3
3574	3
3575	3
3576	3
3577	3
3578	3
3579	3
3580	3
3581	3
3582	3
3583	3
3584	3
3585	3
3586	3
3587	3
3588	3
3589	3
3590	3
3591	3
3592	3
3593	3
3594	3
3595	3
3596	3
3597	3
3598	3
3599	3
3600	3
3601	3
3602	3
3603	3
3604	3
3605	3
3606	3
3607	3
3608	3
3609	3
3610	3
3611	3
3612	3
3613	3
3614	3
3615	3
3616	3
3617	3
3618	3
3619	3
3620	3
3621	3
3622	3
3623	3
3624	3
3625	3
3626	3
3627	3
3628	3
3629	3
3630	3
3631	3
3632	3
3633	3
3634	3
3635	3
3636	3
3637	3
3638	3
3639	3
3640	3
3641	3
3642	3
3643	3
3644	3
3645	3
3646	3
3647	3
3648	3
3649	3
3650	3
3651	3
3652	3
3653	3
3654	3
3655	3
3656	3
3657	3
3658	3
3659	3
3660	3
3661	3
3662	3
3663	3
3664	3
3665	3
3666	3
3667	3
3668	3
3669	3
3670	3
3671	3
3672	3
3673	3
3674	3
3675	3
3676	3
3677	3
3678	3
3679	3
3680	3
3681	3
3682	3
3683	3
3684	3
3685	3
3686	3
3687	3
3688	3
3689	3
3690	3
3691	3
3692	3
3693	3
3694	3
3695	3
3696	3
3697	3
3698	3
3699	3
3700	3
3701	3
3702	3
3703	3
3704	3
3705	3
3706	3
3707	3
3708	3
3709	3
3710	3
3711	4
3712	4
3713	4
3714	4
3715	4
3716	4
3717	4
3718	4
3719	4
3720	4
3721	4
3722	4
3723	4
3724	4
3725	4
3726	4
3727	4
3728	4
3729	4
3730	4
3731	4
3732	4
3733	4
3734	4
3735	4
3736	4
3737	4
3738	4
3739	4
3740	4
3741	4
3742	4
3743	4
3744	4
3745	4
3746	4
3747	4
3748	4
3749	4
3750	4
3751	4
3752	4
3753	4
3754	4
3755	4
3756	4
3757	4
3758	4
3759	4
3760	4
3761	4
3762	4
3763	4
3764	4
3765	4
3766	4
3767	4
3768	4
3769	4
3770	4
3771	4
3772	4
3773	4
3774	4
3775	4
3776	4
3777	4
3778	4
3779	4
3780	4
3781	4
3782	4
3783	4
3784	4
3785	4
3786	4
3787	4
3788	4
3789	4
3790	4
3791	4
3792	4
3793	4
3794	4
3795	4
3796	4
3797	4
3798	4
3799	4
3800	4
3801	4
3802	4
3803	4
3804	4
3805	4
3806	4
3807	4
3808	4
3809	4
3810	4
3811	4
3812	4
3813	4
3814	4
3815	4
3816	4
3817	4
3818	4
3819	4
3820	4
3821	4
3822	4
3823	4
3824	4
3825	4
3826	4
3827	4
3828	4
3829	4
3830	4
3831	4
3832	4
3833	4
3834	4
3835	4
3836	4
3837	4
3838	4
3839	4
3840	4
3841	4
3842	4
3843	4
3844	4
3845	4
3846	4
3847	4
3848	4
3849	4
3850	4
3851	4
3852	4
3853	4
3854	4
3855	4
3856	4
3857	4
3858	4
3859	4
3860	4
3861	4
3862	4
3863	4
3864	4
3865	4
3866	4
3867	4
3868	4
3869	4
3870	4
3871	4
3872	4
3873	4
3874	4
3875	4
3876	4
3877	4
3878	4
3879	4
3880	4
3881	4
3882	4
3883	4
3884	4
3885	4
3886	4
3887	4
3888	4
3889	4
3890	4
3891	4
3892	4
3893	4
3894	4
3895	4
3896	4
3897	4
3898	4
3899	4
3900	4
3901	4
3902	4
3903	4
3904	4
3905	4
3906	4
3907	4
3908	4
3909	4
3910	4
3911	4
3912	4
3913	4
3914	4
3915	4
3916	4
3917	4
3918	4
3919	4
3920	4
3921	4
3922	4
3923	4
3924	4
3925	4
3926	4
3927	4
3928	4
3929	4
3930	4
3931	4
3932	4
3933	4
3934	4
3935	4
3936	4
3937	4
3938	4
3939	4
3940	4
3941	4
3942	4
3943	4
3944	4
3945	4
3946	4
3947	4
3948	4
3949	4
3950	4
3951	4
3952	4
3953	4
3954	4
3955	4
3956	4
3957	4
3958	4
3959	4
3960	4
3961	4
3962	4
3963	4
3964	4
3965	4
3966	4
3967	4
3968	4
3969	4
3970	4
3971	4
3972	4
3973	4
3974	4
3975	4
3976	4
3977	4
3978	4
3979	4
3980	4
3981	4
3982	4
3983	4
3984	4
3985	4
3986	4
3987	4
3988	4
3989	4
3990	4
3991	4
3992	4
3993	4
3994	4
3995	4
3996	4
3997	4
3998	4
3999	4
4000	4
4001	4
4002	4
4003	4
4004	4
4005	4
4006	4
4007	4
4008	4
4009	4
4010	4
4011	4
4012	4
4013	4
4014	4
4015	4
4016	4
4017	4
4018	4
4019	4
4020	4
4021	4
4022	4
4023	4
4024	4
4025	4
4026	4
4027	4
4028	4
4029	4
4030	4
4031	4
4032	4
4033	4
4034	4
4035	4
4036	4
4037	4
4038	4
4039	4
4040	4
4041	4
4042	4
4043	4
4044	4
4045	4
4046	4
4047	4
4048	4
4049	4
4050	4
4051	4
4052	4
4053	4
4054	4
4055	4
4056	4
4057	4
4058	4
4059	4
4060	4
4061	4
4062	4
4063	4
4064	4
4065	4
4066	4
4067	4
4068	4
4069	4
4070	4
4071	4
4072	4
4073	4
4074	4
4075	4
4076	4
4077	4
4078	4
4079	4
4080	4
4081	4
4082	4
4083	4
4084	4
4085	4
4086	4
4087	4
4088	4
4089	4
4090	4
4091	4
4092	4
4093	4
4094	4
4095	4
4096	4
4097	4
4098	4
4099	4
4100	4
4101	4
4102	4
4103	4
4104	4
4105	4
4106	4
4107	4
4108	4
4109	4
4110	4
4111	4
4112	4
4113	4
4114	4
4115	4
4116	4
4117	4
4118	4
4119	4
4120	4
4121	4
4122	4
4123	4
4124	4
4125	4
4126	4
4127	4
4128	4
4129	4
4130	4
4131	4
4132	4
4133	4
4134	4
4135	4
4136	4
4137	4
4138	4
4139	4
4140	4
4141	4
4142	4
4143	4
4144	4
4145	4
4146	4
4147	4
4148	4
4149	4
4150	4
4151	4
4152	4
4153	4
4154	4
4155	4
4156	4
4157	4
4158	4
4159	4
4160	4
4161	4
4162	4
4163	4
4164	4
4165	4
4166	4
4167	4
4168	4
4169	4
4170	4
4171	4
4172	4
4173	4
4174	4
4175	4
4176	4
4177	4
4178	4
4179	4
4180	4
4181	4
4182	4
4183	4
4184	4
4185	4
4186	4
4187	4
4188	4
4189	4
4190	4
4191	4
4192	4
4193	4
4194	4
4195	4
4196	4
4197	4
4198	4
4199	4
4200	4
4201	4
4202	4
4203	4
4204	4
4205	4
4206	4
4207	4
4208	4
4209	4
4210	4
4211	4
4212	4
4213	4
4214	4
4215	4
4216	4
4217	4
4218	4
4219	4
4220	4
4221	4
4222	4
4223	4
4224	4
4225	4
4226	4
4227	4
4228	4
4229	4
4230	4
4231	4
4232	4
4233	4
4234	4
4235	4
4236	4
4237	4
4238	4
4239	4
4240	4
4241	4
4242	4
4243	4
4244	4
4245	4
4246	4
4247	4
4248	4
4249	4
4250	4
4251	4
4252	4
4253	4
4254	4
4255	4
4256	4
4257	4
4258	4
4259	4
4260	4
4261	4
4262	4
4263	4
4264	4
4265	4
4266	4
4267	4
4268	4
4269	4
4270	4
4271	4
4272	4
4273	4
4274	4
4275	4
4276	4
4277	4
4278	4
4279	4
4280	4
4281	4
4282	4
4283	4
4284	4
4285	4
4286	4
4287	5
4288	5
4289	5
4290	5
4291	5
4292	5
4293	5
4294	5
4295	5
4296	5
4297	5
4298	5
4299	5
4300	5
4301	5
4302	5
4303	5
4304	5
4305	5
4306	5
4307	5
4308	5
4309	5
4310	5
4311	5
4312	5
4313	5
4314	5
4315	5
4316	5
4317	5
4318	5
4319	5
4320	5
4321	5
4322	5
4323	5
4324	5
4325	5
4326	5
4327	5
4328	5
4329	5
4330	5
4331	5
4332	5
4333	5
4334	5
4335	5
4336	5
4337	5
4338	5
4339	5
4340	5
4341	5
4342	5
4343	5
4344	5
4345	5
4346	5
4347	5
4348	5
4349	5
4350	5
4351	5
4352	5
4353	5
4354	5
4355	5
4356	5
4357	5
4358	5
4359	5
4360	5
4361	5
4362	5
4363	5
4364	5
4365	5
4366	5
4367	5
4368	5
4369	5
4370	5
4371	5
4372	5
4373	5
4374	5
4375	5
4376	5
4377	5
4378	5
4379	5
4380	5
4381	5
4382	5
4383	5
4384	5
4385	5
4386	5
4387	5
4388	5
4389	5
4390	5
4391	5
4392	5
4393	5
4394	5
4395	5
4396	5
4397	5
4398	5
4399	5
4400	5
4401	5
4402	5
4403	5
4404	5
4405	5
4406	5
4407	5
4408	5
4409	5
4410	5
4411	5
4412	5
4413	5
4414	5
4415	5
4416	5
4417	5
4418	5
4419	5
4420	5
4421	5
4422	5
4423	5
4424	5
4425	5
4426	5
4427	5
4428	5
4429	5
4430	5
4431	5
4432	5
4433	5
4434	5
4435	5
4436	5
4437	5
4438	5
4439	5
4440	5
4441	5
4442	5
4443	5
4444	5
4445	5
4446	5
4447	5
4448	5
4449	5
4450	5
4451	5
4452	5
4453	5
4454	5
4455	5
4456	5
4457	5
4458	5
4459	5
4460	5
4461	5
4462	5
4463	5
4464	5
4465	5
4466	5
4467	5
4468	5
4469	5
4470	5
4471	5
4472	5
4473	5
4474	5
4475	5
4476	5
4477	5
4478	5
4479	5
4480	5
4481	5
4482	5
4483	5
4484	5
4485	5
4486	5
4487	5
4488	5
4489	5
4490	5
4491	5
4492	5
4493	5
4494	5
4495	5
4496	5
4497	5
4498	5
4499	5
4500	5
4501	5
4502	5
4503	5
4504	5
4505	5
4506	5
4507	5
4508	5
4509	5
4510	5
4511	5
4512	5
4513	5
4514	5
4515	5
4516	5
4517	5
4518	5
4519	5
4520	5
4521	5
4522	5
4523	5
4524	5
4525	5
4526	5
4527	5
4528	5
4529	5
4530	5
4531	5
4532	5
4533	5
4534	5
4535	5
4536	5
4537	5
4538	5
4539	5
4540	5
4541	5
4542	5
4543	5
4544	5
4545	5
4546	5
4547	5
4548	5
4549	5
4550	5
4551	5
4552	5
4553	5
4554	5
4555	5
4556	5
4557	5
4558	5
4559	5
4560	5
4561	5
4562	5
4563	5
4564	5
4565	5
4566	5
4567	5
4568	5
4569	5
4570	5
4571	5
4572	5
4573	5
4574	5
4575	5
4576	5
4577	5
4578	5
4579	5
4580	5
4581	5
4582	5
4583	5
4584	5
4585	5
4586	5
4587	5
4588	5
4589	5
4590	5
4591	5
4592	5
4593	5
4594	5
4595	5
4596	5
4597	5
4598	5
4599	5
4600	5
4601	5
4602	5
4603	5
4604	5
4605	5
4606	5
4607	5
4608	5
4609	5
4610	5
4611	5
4612	5
4613	5
4614	5
4615	5
4616	5
4617	5
4618	5
4619	5
4620	5
4621	5
4622	5
4623	5
4624	5
4625	5
4626	5
4627	5
4628	5
4629	5
4630	5
4631	5
4632	5
4633	5
4634	5
4635	5
4636	5
4637	5
4638	5
4639	5
4640	5
4641	5
4642	5
4643	5
4644	5
4645	5
4646	5
4647	5
4648	5
4649	5
4650	5
4651	5
4652	5
4653	5
4654	5
4655	5
4656	5
4657	5
4658	5
4659	5
4660	5
4661	5
4662	5
4663	5
4664	5
4665	5
4666	5
4667	5
4668	5
4669	5
4670	5
4671	5
4672	5
4673	5
4674	5
4675	5
4676	5
4677	5
4678	5
4679	5
4680	5
4681	5
4682	5
4683	5
4684	5
4685	5
4686	5
4687	5
4688	5
4689	5
4690	5
4691	5
4692	5
4693	5
4694	5
4695	5
4696	5
4697	5
4698	5
4699	5
4700	5
4701	5
4702	5
4703	5
4704	5
4705	6
4706	6
4707	6
4708	6
4709	6
4710	6
4711	6
4712	6
4713	6
4714	6
4715	6
4716	6
4717	6
4718	6
4719	6
4720	6
4721	6
4722	6
4723	6
4724	6
4725	6
4726	6
4727	6
4728	6
4729	6
4730	6
4731	6
4732	6
4733	6
4734	6
4735	6
4736	6
4737	6
4738	6
4739	6
4740	6
4741	6
4742	6
4743	6
4744	6
4745	6
4746	6
4747	6
4748	6
4749	6
4750	6
4751	6
4752	6
4753	6
4754	6
4755	6
4756	6
4757	6
4758	6
4759	6
4760	6
4761	6
4762	6
4763	6
4764	6
4765	6
4766	6
4767	6
4768	6
4769	6
4770	6
4771	6
4772	6
4773	6
4774	6
4775	6
4776	6
4777	6
4778	6
4779	6
4780	6
4781	6
4782	6
4783	6
4784	6
4785	6
4786	6
4787	6
4788	6
4789	6
4790	6
4791	6
4792	6
4793	6
4794	6
4795	6
4796	6
4797	6
4798	6
4799	6
4800	6
4801	6
4802	6
4803	6
4804	6
4805	6
4806	6
4807	6
4808	6
4809	6
4810	6
4811	6
4812	6
4813	6
4814	6
4815	6
4816	6
4817	6
4818	6
4819	6
4820	6
4821	6
4822	6
4823	6
4824	6
4825	6
4826	6
4827	6
4828	6
4829	6
4830	6
4831	6
4832	6
4833	6
4834	6
4835	6
4836	6
4837	6
4838	6
4839	6
4840	6
4841	6
4842	6
4843	6
4844	6
4845	6
4846	6
4847	6
4848	6
4849	6
4850	6
4851	6
4852	6
4853	6
4854	6
4855	6
4856	6
4857	6
4858	6
4859	6
4860	6
4861	6
4862	6
4863	6
4864	6
4865	6
4866	6
4867	6
4868	6
4869	6
4870	6
4871	6
4872	6
4873	6
4874	6
4875	6
4876	6
4877	6
4878	6
4879	6
4880	6
4881	6
4882	6
4883	6
4884	6
4885	6
4886	6
4887	6
4888	6
4889	6
4890	6
4891	6
4892	6
4893	6
4894	6
4895	6
4896	6
4897	6
4898	6
4899	6
4900	6
4901	6
4902	6
4903	6
4904	6
4905	6
4906	6
4907	6
4908	6
4909	6
4910	6
4911	6
4912	6
4913	6
4914	6
4915	6
4916	6
4917	6
4918	6
4919	6
4920	6
4921	6
4922	6
4923	6
4924	6
4925	6
4926	6
4927	6
4928	6
4929	6
4930	6
4931	6
4932	6
4933	6
4934	6
4935	6
4936	6
4937	6
4938	6
4939	6
4940	6
4941	6
4942	6
4943	6
4944	6
4945	6
4946	6
4947	6
4948	6
4949	6
4950	6
4951	6
4952	6
4953	6
4954	6
4955	6
4956	6
4957	6
4958	6
4959	6
4960	6
4961	6
4962	6
4963	6
4964	6
4965	6
4966	6
4967	6
4968	6
4969	6
4970	6
4971	6
4972	6
4973	6
4974	6
4975	6
4976	6
4977	6
4978	6
4979	6
4980	6
4981	6
4982	6
4983	6
4984	6
4985	6
4986	6
4987	6
4988	6
4989	6
4990	6
4991	6
4992	6
4993	6
4994	6
4995	6
4996	6
4997	6
4998	6
4999	6
5000	6
5001	6
5002	6
5003	6
5004	6
5005	6
5006	6
5007	6
5008	6
5009	6
5010	6
5011	6
5012	6
5013	6
5014	6
5015	6
5016	6
5017	6
5018	6
5019	6
5020	6
5021	6
5022	6
5023	6
5024	6
5025	6
5026	6
5027	6
5028	6
5029	6
5030	6
5031	6
5032	6
5033	6
5034	6
5035	6
5036	6
5037	6
5038	6
5039	6
5040	6
5041	6
5042	6
5043	6
5044	6
5045	6
5046	6
5047	6
5048	6
5049	6
5050	6
5051	6
5052	6
5053	6
5054	6
5055	6
5056	6
5057	6
5058	6
5059	6
5060	6
5061	6
5062	6
5063	6
5064	6
5065	6
5066	6
5067	6
5068	6
5069	6
5070	6
5071	6
5072	6
5073	6
5074	6
5075	6
5076	6
5077	6
5078	6
5079	6
5080	6
5081	6
5082	6
5083	6
5084	6
5085	6
5086	6
5087	6
5088	6
5089	6
5090	6
5091	6
5092	6
5093	6
5094	6
5095	6
5096	6
5097	6
5098	6
5099	6
5100	6
5101	6
5102	6
5103	6
5104	6
5105	6
5106	6
5107	6
5108	6
5109	6
5110	6
5111	6
5112	6
5113	6
5114	6
5115	6
5116	6
5117	6
5118	6
5119	6
5120	6
5121	6
5122	6
5123	6
5124	6
5125	6
5126	6
5127	6
5128	6
5129	6
5130	6
5131	6
5132	6
5133	6
5134	6
5135	6
5136	6
5137	6
5138	6
5139	6
5140	6
5141	6
5142	6
5143	6
5144	6
5145	6
5146	6
5147	6
5148	6
5149	6
5150	6
5151	6
5152	6
5153	6
5154	6
5155	6
5156	6
5157	6
5158	6
5159	6
5160	6
5161	6
5162	6
5163	6
5164	6
5165	6
5166	6
5167	6
5168	6
5169	6
5170	6
5171	6
5172	6
5173	6
5174	6
5175	6
5176	6
5177	6
5178	6
5179	6
5180	6
5181	6
5182	6
5183	6
5184	6
5185	6
5186	6
5187	6
5188	6
5189	6
5190	6
5191	6
5192	6
5193	6
5194	6
5195	6
5196	6
5197	6
5198	6
5199	6
5200	6
5201	6
5202	6
5203	6
5204	6
5205	6
5206	6
5207	6
5208	6
5209	6
5210	6
5211	6
5212	6
5213	6
5214	6
5215	6
5216	6
5217	6
5218	6
5219	6
5220	6
5221	6
5222	6
5223	6
5224	6
5225	6
5226	6
5227	6
5228	6
5229	6
5230	6
5231	6
5232	6
5233	6
5234	6
5235	6
5236	6
5237	6
5238	6
5239	6
5240	6
5241	6
5242	6
5243	6
5244	6
5245	6
5246	6
5247	6
5248	6
5249	6
5250	6
5251	6
5252	6
5253	6
5254	6
5255	6
5256	6
5257	6
5258	6
5259	6
5260	6
5261	6
5262	6
5263	6
5264	6
5265	6
5266	6
5267	6
5268	6
5269	6
5270	6
5271	6
5272	6
5273	6
5274	6
5275	6
5276	6
5277	6
5278	6
5279	6
5280	6
5281	6
5282	6
5283	6
5284	6
5285	6
5286	6
5287	6
5288	6
5289	6
5290	6
5291	6
5292	6
5293	6
5294	6
5295	6
5296	6
5297	6
5298	6
5299	6
5300	6
5301	6
5302	6
5303	6
5304	6
5305	6
5306	6
5307	6
5308	6
5309	6
5310	6
5311	6
5312	6
5313	6
5314	6
5315	6
5316	6
5317	6
5318	6
5319	6
5320	6
5321	6
5322	6
5323	6
5324	6
5325	6
5326	6
5327	6
5328	6
5329	6
5330	6
5331	6
5332	6
5333	6
5334	6
5335	6
5336	6
5337	6
5338	6
5339	6
5340	6
5341	6
5342	6
5343	6
5344	6
5345	6
5346	6
5347	6
5348	6
5349	6
5350	6
5351	6
5352	6
5353	6
5354	6
5355	6
5356	6
5357	6
5358	6
5359	6
5360	6
5361	6
5362	6
5363	6
5364	6
5365	6
5366	6
5367	6
5368	6
5369	6
5370	6
5371	6
5372	6
5373	6
5374	6
5375	6
5376	6
5377	6
5378	6
5379	6
5380	6
5381	6
5382	6
5383	6
5384	6
5385	6
5386	6
5387	6
5388	6
5389	6
5390	6
5391	6
5392	6
5393	6
5394	6
5395	6
5396	6
5397	6
5398	6
5399	6
5400	6
5401	6
5402	6
5403	6
5404	6
5405	6
5406	6
5407	6
5408	6
5409	6
5410	6
5411	6
5412	6
5413	6
5414	6
5415	6
5416	6
5417	6
5418	6
5419	6
5420	6
5421	6
5422	6
5423	6
5424	6
5425	6
5426	6
5427	6
5428	6
5429	6
5430	6
5431	6
5432	6
5433	6
5434	6
5435	6
5436	6
5437	6
5438	6
5439	6
5440	6
5441	6
5442	6
5443	6
5444	6
5445	6
5446	6
5447	6
5448	6
5449	6
5450	6
5451	6
5452	6
5453	6
5454	6
5455	6
5456	6
5457	6
5458	6
5459	6
5460	6
5461	6
5462	6
5463	6
5464	6
5465	6
5466	6
5467	6
5468	6
5469	6
5470	6
5471	6
5472	6
5473	6
5474	6
5475	6
5476	6
5477	6
5478	6
5479	6
5480	6
5481	6
5482	6
5483	6
5484	6
5485	6
5486	6
5487	6
5488	6
5489	6
5490	6
5491	6
5492	6
5493	6
5494	6
5495	6
5496	6
5497	6
5498	6
5499	6
5500	6
5501	6
5502	6
5503	6
5504	6
5505	6
5506	6
5507	6
5508	6
5509	6
5510	6
5511	6
5512	6
5513	6
5514	6
5515	6
5516	6
5517	6
5518	6
5519	6
5520	6
5521	6
5522	6
5523	6
5524	6
5525	6
5526	6
5527	6
5528	6
5529	6
5530	6
5531	6
5532	6
5533	6
5534	6
5535	6
5536	6
5537	6
5538	6
5539	6
5540	6
5541	6
5542	6
5543	6
5544	6
5545	6
5546	6
5547	6
5548	6
5549	6
5550	6
5551	6
5552	6
5553	6
5554	6
5555	6
5556	6
5557	6
5558	6
5559	6
5560	6
5561	6
5562	6
5563	6
5564	6
5565	6
5566	6
5567	6
5568	6
5569	6
5570	6
5571	6
5572	6
5573	6
5574	6
5575	6
5576	6
5577	6
5578	6
5579	6
5580	6
5581	6
5582	6
5583	6
5584	6
5585	6
5586	6
5587	6
5588	6
5589	6
5590	6
5591	6
5592	6
5593	6
5594	6
5595	6
5596	6
5597	6
5598	6
5599	6
5600	6
5601	6
5602	6
5603	6
5604	6
5605	6
5606	6
5607	6
5608	6
5609	6
5610	6
5611	6
5612	6
5613	6
5614	6
5615	6
5616	6
5617	6
5618	6
5619	6
5620	6
5621	6
5622	6
5623	6
5624	6
5625	6
5626	6
5627	6
5628	6
5629	6
5630	6
5631	6
5632	6
5633	6
5634	6
5635	6
5636	6
5637	6
5638	6
5639	6
5640	6
5641	6
5642	6
5643	6
5644	6
5645	6
5646	6
5647	6
5648	6
5649	6
5650	6
5651	6
5652	6
5653	6
5654	6
5655	6
5656	6
5657	6
5658	6
5659	6
5660	6
5661	6
5662	6
5663	6
5664	6
5665	6
5666	6
5667	6
5668	6
5669	6
5670	6
5671	6
5672	6
5673	6
5674	6
5675	6
5676	6
5677	6
5678	6
5679	6
5680	6
5681	6
5682	6
5683	6
5684	6
5685	6
5686	6
5687	6
5688	6
5689	6
5690	6
5691	6
5692	6
5693	6
5694	6
5695	6
5696	6
5697	6
5698	6
5699	6
5700	6
5701	6
5702	6
5703	6
5704	6
5705	6
5706	6
5707	6
5708	6
5709	6
5710	6
5711	6
5712	6
5713	6
5714	6
5715	6
5716	6
5717	6
5718	6
5719	6
5720	6
5721	6
5722	6
5723	6
5724	6
5725	6
5726	6
5727	6
5728	6
5729	6
5730	6
5731	6
5732	6
5733	6
5734	6
5735	6
5736	6
5737	6
5738	6
5739	6
5740	6
5741	6
5742	6
5743	6
5744	6
5745	6
5746	6
5747	6
5748	6
5749	6
5750	6
5751	6
5752	6
5753	6
5754	6
5755	6
5756	6
5757	6
5758	6
5759	6
5760	6
5761	6
5762	6
5763	6
5764	6
5765	6
5766	6
5767	6
5768	6
5769	6
5770	6
5771	6
5772	6
5773	6
5774	6
5775	6
5776	6
5777	6
5778	6
5779	6
5780	6
5781	6
5782	6
5783	6
5784	6
5785	6
5786	6
5787	6
5788	6
5789	6
5790	6
5791	6
5792	6
5793	6
5794	6
5795	6
5796	6
5797	6
5798	6
5799	6
5800	6
5801	6
5802	6
5803	6
5804	6
5805	6
5806	6
5807	6
5808	6
5809	6
5810	6
5811	6
5812	6
5813	6
5814	6
5815	6
5816	6
5817	6
5818	6
5819	6
5820	6
5821	6
5822	6
5823	6
5824	6
5825	6
5826	6
5827	6
5828	6
5829	6
5830	6
5831	6
5832	6
5833	6
5834	6
5835	6
5836	6
5837	6
5838	6
5839	6
5840	6
5841	6
5842	6
5843	6
5844	6
5845	6
5846	6
5847	6
5848	6
5849	6
5850	6
5851	6
5852	6
5853	6
5854	6
5855	6
5856	6
5857	6
5858	6
5859	6
5860	6
5861	6
5862	6
5863	6
5864	6
5865	6
5866	6
5867	6
5868	6
5869	6
5870	6
5871	6
5872	6
5873	6
5874	6
5875	6
5876	6
5877	6
5878	6
5879	6
5880	6
5881	6
5882	6
5883	6
5884	6
5885	6
5886	6
5887	6
5888	6
5889	6
5890	6
5891	6
5892	6
5893	6
5894	6
5895	6
5896	6
5897	6
5898	6
5899	6
5900	6
5901	6
5902	6
5903	6
5904	6
5905	6
5906	6
5907	6
5908	6
5909	6
5910	6
5911	6
5912	6
5913	6
5914	6
5915	6
5916	6
5917	6
5918	6
5919	6
5920	6
5921	6
5922	6
5923	6
5924	6
5925	6
5926	6
5927	6
5928	6
5929	6
5930	6
5931	6
5932	6
5933	6
5934	6
5935	6
5936	6
5937	6
5938	6
5939	6
5940	6
5941	6
5942	6
5943	6
5944	6
5945	6
5946	6
5947	6
5948	6
5949	6
5950	6
5951	6
5952	6
5953	6
5954	6
5955	6
5956	6
5957	6
5958	6
5959	6
5960	6
5961	6
5962	6
5963	6
5964	6
5965	6
5966	6
5967	6
5968	6
5969	6
5970	6
5971	6
5972	6
5973	6
5974	6
5975	6
5976	6
5977	6
5978	6
5979	6
5980	6
5981	6
5982	6
5983	6
5984	6
5985	6
5986	6
5987	6
5988	6
5989	6
5990	6
5991	6
5992	6
5993	6
5994	6
5995	6
5996	6
5997	6
5998	6
5999	6
6000	6
6001	6
6002	6
6003	6
6004	6
6005	6
6006	6
6007	6
6008	6
6009	6
6010	6
6011	6
6012	6
6013	6
6014	6
6015	6
6016	6
6017	6
6018	6
6019	6
6020	6
6021	6
6022	6
6023	6
6024	6
6025	6
6026	6
6027	6
6028	6
6029	6
6030	6
6031	6
6032	6
6033	6
6034	6
6035	6
6036	6
6037	6
6038	6
6039	6
6040	6
6041	6
6042	6
6043	6
6044	6
6045	6
6046	6
6047	6
6048	6
6049	6
6050	6
6051	6
6052	6
6053	6
6054	6
6055	6
6056	6
6057	6
6058	6
6059	6
6060	6
6061	6
6062	6
6063	6
6064	6
6065	6
6066	6
6067	6
6068	6
6069	6
6070	6
6071	6
6072	6
6073	6
6074	6
6075	6
6076	6
6077	6
6078	6
6079	6
6080	6
6081	6
6082	6
6083	6
6084	6
6085	6
6086	6
6087	6
6088	6
6089	6
6090	6
6091	6
6092	6
6093	6
6094	6
6095	6
6096	6
6097	6
6098	6
6099	6
6100	6
6101	6
6102	6
6103	6
6104	6
6105	6
6106	6
6107	6
6108	6
6109	6
6110	6
6111	6
6112	6
6113	6
6114	6
6115	6
6116	6
6117	6
6118	6
6119	6
6120	6
6121	6
6122	6
6123	6
6124	6
6125	6
6126	6
6127	6
6128	6
6129	6
6130	6
6131	6
6132	6
6133	6
6134	6
6135	6
6136	6
6137	6
6138	6
6139	6
6140	6
6141	6
6142	6
6143	6
6144	6
6145	6
6146	6
6147	6
6148	6
6149	6
6150	6
6151	6
6152	6
6153	6
6154	6
6155	6
6156	6
6157	6
6158	6
6159	6
6160	6
6161	6
6162	6
6163	6
6164	6
6165	6
6166	6
6167	6
6168	6
6169	6
6170	6
6171	6
6172	6
6173	6
6174	6
6175	6
6176	6
6177	6
6178	6
6179	6
6180	6
6181	6
6182	6
6183	6
6184	6
6185	6
6186	6
6187	6
6188	6
6189	6
6190	6
6191	6
6192	6
6193	6
6194	6
6195	6
6196	6
6197	6
6198	6
6199	6
6200	6
6201	6
6202	6
6203	6
6204	6
6205	6
6206	6
6207	6
6208	6
6209	6
6210	6
6211	6
6212	6
6213	6
6214	6
6215	6
6216	6
6217	6
6218	6
6219	6
6220	6
6221	6
6222	6
6223	6
6224	6
6225	6
6226	6
6227	6
6228	6
6229	6
6230	6
6231	6
6232	6
6233	6
6234	6
6235	6
6236	6
6237	6
6238	6
6239	6
6240	6
6241	6
6242	6
6243	6
6244	6
6245	6
6246	6
6247	6
6248	6
6249	6
6250	6
6251	6
6252	6
6253	6
6254	6
6255	6
6256	6
6257	6
6258	6
6259	6
6260	6
6261	6
6262	6
6263	6
6264	6
6265	6
6266	6
6267	6
6268	6
6269	6
6270	6
6271	6
6272	6
6273	6
6274	6
6275	6
6276	6
6277	6
6278	6
6279	6
6280	6
6281	6
6282	6
6283	6
6284	6
6285	6
6286	6
6287	6
6288	6
6289	6
6290	6
6291	6
6292	6
6293	6
6294	6
6295	6
6296	6
6297	6
6298	6
6299	6
6300	6
6301	6
6302	6
6303	6
6304	6
6305	6
6306	6
6307	6
6308	6
6309	6
6310	6
6311	6
6312	6
6313	6
6314	6
6315	6
6316	6
6317	6
6318	6
6319	6
6320	6
6321	6
6322	6
6323	6
6324	6
6325	6
6326	6
6327	6
6328	6
6329	6
6330	6
6331	6
6332	6
6333	6
6334	6
6335	6
6336	6
6337	6
6338	6
6339	6
6340	6
6341	6
6342	6
6343	6
6344	6
6345	6
6346	6
6347	6
6348	6
6349	6
6350	6
6351	6
6352	6
6353	6
6354	6
6355	6
6356	6
6357	6
6358	6
6359	6
6360	6
6361	6
6362	6
6363	6
6364	6
6365	6
6366	6
6367	6
6368	6
6369	6
6370	6
6371	6
6372	6
6373	6
6374	6
6375	6
6376	6
6377	6
6378	6
6379	6
6380	6
6381	6
6382	6
6383	6
6384	6
6385	6
6386	6
6387	6
6388	6
6389	6
6390	6
6391	6
6392	6
6393	6
6394	6
6395	6
6396	6
6397	6
6398	6
6399	6
6400	6
6401	6
6402	6
6403	6
6404	6
6405	6
6406	6
6407	6
6408	6
6409	6
6410	6
6411	6
6412	6
6413	6
6414	6
6415	6
6416	6
6417	6
6418	6
6419	6
6420	6
6421	6
6422	6
6423	6
6424	6
6425	6
6426	6
6427	6
6428	6
6429	6
6430	6
6431	6
6432	6
6433	6
6434	6
6435	6
6436	6
6437	6
6438	6
6439	6
6440	6
6441	6
6442	6
6443	6
6444	6
6445	6
6446	6
6447	6
6448	6
6449	6
6450	6
6451	6
6452	6
6453	6
6454	6
6455	6
6456	6
6457	6
6458	6
6459	6
6460	6
6461	6
6462	6
6463	6
6464	6
6465	6
6466	6
6467	6
6468	6
6469	6
6470	6
6471	6
6472	6
6473	6
6474	6
6475	6
6476	6
6477	6
6478	6
6479	6
6480	6
6481	6
6482	6
6483	6
6484	6
6485	6
6486	6
6487	6
6488	6
6489	6
6490	6
6491	6
6492	6
6493	6
6494	6
6495	6
6496	6
6497	6
6498	6
6499	6
6500	6
6501	6
6502	6
6503	6
6504	6
6505	6
6506	6
6507	6
6508	6
6509	6
6510	6
6511	6
6512	6
6513	6
6514	6
6515	6
6516	6
6517	6
6518	6
6519	6
6520	6
6521	6
6522	6
6523	6
6524	6
6525	6
6526	6
6527	6
6528	6
6529	6
6530	6
6531	6
6532	6
6533	6
6534	6
6535	6
6536	6
6537	6
6538	6
6539	6
6540	6
6541	6
6542	6
6543	6
6544	6
6545	6
6546	6
6547	6
6548	6
6549	6
6550	6
6551	6
6552	6
6553	6
6554	6
6555	6
6556	6
6557	6
6558	6
6559	6
6560	6
6561	6
6562	6
6563	6
6564	6
6565	6
6566	6
6567	6
6568	6
6569	6
6570	6
6571	6
6572	6
6573	6
6574	6
6575	6
6576	6
6577	6
6578	6
6579	6
6580	6
6581	6
6582	6
6583	6
6584	6
6585	6
6586	6
6587	6
6588	6
6589	6
6590	6
6591	6
6592	6
6593	6
6594	6
6595	6
6596	6
6597	6
6598	6
6599	6
6600	6
6601	6
6602	6
6603	6
6604	6
6605	6
6606	6
6607	6
6608	6
6609	6
6610	6
6611	6
6612	6
6613	6
6614	6
6615	6
6616	6
6617	6
6618	6
6619	6
6620	6
6621	6
6622	6
6623	6
6624	6
6625	6
6626	6
6627	6
6628	6
6629	6
6630	6
6631	6
6632	6
6633	6
6634	6
6635	6
6636	6
6637	6
6638	6
6639	6
6640	6
6641	6
6642	6
6643	6
6644	6
6645	6
6646	6
6647	6
6648	6
6649	6
6650	6
6651	6
6652	6
6653	6
6654	6
6655	6
6656	6
6657	6
6658	6
6659	6
6660	6
6661	6
6662	6
6663	6
6664	6
6665	6
6666	6
6667	6
6668	6
6669	6
6670	6
6671	6
6672	6
6673	6
6674	6
6675	6
6676	6
6677	6
6678	6
6679	6
6680	6
6681	6
6682	6
6683	6
6684	6
6685	6
6686	6
6687	6
6688	6
6689	6
6690	6
6691	6
6692	6
6693	6
6694	6
6695	6
6696	6
6697	6
6698	6
6699	6
6700	6
6701	6
6702	6
6703	6
6704	6
6705	6
6706	6
6707	6
6708	6
6709	6
6710	6
6711	6
6712	6
6713	6
6714	6
6715	6
6716	6
6717	6
6718	6
6719	6
6720	6
6721	6
6722	6
6723	6
6724	6
6725	6
6726	6
6727	6
6728	6
6729	6
6730	6
6731	6
6732	6
6733	6
6734	6
6735	6
6736	6
6737	6
6738	6
6739	6
6740	6
6741	6
6742	6
6743	6
6744	6
6745	6
6746	6
6747	6
6748	6
6749	6
6750	6
6751	6
6752	6
6753	6
6754	6
6755	6
6756	6
6757	6
6758	6
6759	6
6760	6
6761	6
6762	6
6763	6
6764	6
6765	6
6766	6
6767	6
6768	6
6769	6
6770	6
6771	6
6772	6
6773	6
6774	6
6775	6
6776	6
6777	6
6778	6
6779	6
6780	6
6781	6
6782	6
6783	6
6784	6
6785	6
6786	6
6787	6
6788	6
6789	6
6790	6
6791	6
6792	6
6793	6
6794	6
6795	6
6796	6
6797	6
6798	6
6799	6
6800	6
6801	6
6802	6
6803	6
6804	6
6805	6
6806	6
6807	6
6808	6
6809	6
6810	6
6811	6
6812	6
6813	6
6814	6
6815	6
6816	6
6817	6
6818	6
6819	6
6820	6
6821	6
6822	6
6823	6
6824	6
6825	6
6826	6
6827	6
6828	6
6829	6
6830	6
6831	6
6832	6
6833	6
6834	6
6835	6
6836	6
6837	6
6838	6
6839	6
6840	6
6841	6
6842	6
6843	6
6844	6
6845	6
6846	6
6847	6
6848	6
6849	6
6850	6
6851	6
6852	6
6853	6
6854	6
6855	6
6856	6
6857	6
6858	6
6859	6
6860	6
6861	6
6862	6
6863	6
6864	6
6865	6
6866	6
6867	6
6868	6
6869	6
6870	6
6871	6
6872	6
6873	6
6874	6
6875	6
6876	6
6877	6
6878	6
6879	6
6880	6
6881	6
6882	6
6883	6
6884	6
6885	6
6886	6
6887	6
6888	6
6889	6
6890	6
6891	6
6892	6
6893	6
6894	6
6895	6
6896	6
6897	6
6898	6
6899	6
6900	6
6901	6
6902	6
6903	6
6904	6
6905	6
6906	6
6907	6
6908	6
6909	6
6910	6
6911	6
6912	6
6913	6
6914	6
6915	6
6916	6
6917	6
6918	6
6919	6
6920	6
6921	6
6922	6
6923	6
6924	6
6925	6
6926	6
6927	6
6928	6
6929	6
6930	6
6931	6
6932	6
6933	6
6934	6
6935	6
6936	6
6937	6
6938	6
6939	6
6940	6
6941	6
6942	6
6943	6
6944	6
6945	6
6946	6
6947	6
6948	6
6949	6
6950	6
6951	6
6952	6
6953	6
6954	6
6955	6
6956	6
6957	6
6958	6
6959	6
6960	6
6961	6
6962	6
6963	6
6964	6
6965	6
6966	6
6967	6
6968	6
6969	6
6970	6
6971	6
6972	6
6973	6
6974	6
6975	6
6976	6
6977	6
6978	6
6979	6
6980	6
6981	6
6982	6
6983	6
6984	6
6985	6
6986	6
6987	6
6988	6
6989	6
6990	6
6991	6
6992	6
6993	6
6994	6
6995	6
6996	6
6997	6
6998	6
6999	6
7000	6
7001	6
7002	6
7003	6
7004	6
7005	6
7006	6
7007	6
7008	6
7009	6
7010	6
7011	6
7012	6
7013	6
7014	6
7015	6
7016	6
7017	6
7018	6
7019	6
7020	6
7021	6
7022	6
7023	6
7024	6
7025	6
7026	6
7027	6
7028	6
7029	6
7030	6
7031	6
7032	6
7033	6
7034	6
7035	6
7036	6
7037	6
7038	6
7039	6
7040	6
7041	6
7042	6
7043	6
7044	6
7045	6
7046	6
7047	6
7048	6
7049	6
7050	6
7051	6
7052	6
7053	6
7054	6
7055	6
7056	6
7057	6
7058	6
7059	6
7060	6
7061	6
7062	6
7063	6
7064	6
7065	6
7066	6
7067	6
7068	6
7069	6
7070	6
7071	6
7072	6
7073	6
7074	6
7075	6
7076	6
7077	6
7078	6
7079	6
7080	6
7081	6
7082	6
7083	6
7084	6
7085	6
7086	6
7087	6
7088	6
7089	6
7090	6
7091	6
7092	6
7093	6
7094	6
7095	6
7096	6
7097	6
7098	6
7099	6
7100	6
7101	6
7102	6
7103	6
7104	6
7105	6
7106	6
7107	6
7108	6
7109	6
7110	6
7111	6
7112	6
7113	6
7114	6
7115	6
7116	6
7117	6
7118	6
7119	6
7120	6
7121	6
7122	6
7123	6
7124	6
7125	6
7126	6
7127	6
7128	6
7129	6
7130	6
7131	6
7132	6
7133	6
7134	6
7135	6
7136	6
7137	6
7138	6
7139	6
7140	6
7141	6
7142	6
7143	6
7144	6
7145	6
7146	6
7147	6
7148	6
7149	6
7150	6
7151	6
7152	6
7153	6
7154	6
7155	6
7156	6
7157	6
7158	6
7159	6
7160	6
7161	6
7162	6
7163	6
7164	6
7165	6
7166	6
7167	6
7168	6
7169	6
7170	6
7171	6
7172	6
7173	6
7174	6
7175	6
7176	6
7177	6
7178	6
7179	6
7180	6
7181	6
7182	6
7183	6
7184	6
7185	6
7186	6
7187	6
7188	6
7189	6
7190	6
7191	6
7192	6
7193	6
7194	6
7195	6
7196	6
7197	6
7198	6
7199	6
7200	6
7201	6
7202	6
7203	6
7204	6
7205	6
7206	6
7207	6
7208	6
7209	6
7210	6
7211	6
7212	6
7213	6
7214	6
7215	6
7216	6
7217	6
7218	6
7219	6
7220	6
7221	6
7222	6
7223	6
7224	6
7225	6
7226	6
7227	6
7228	6
7229	6
7230	6
7231	6
7232	6
7233	6
7234	6
7235	6
7236	6
7237	6
7238	6
7239	6
7240	6
7241	6
7242	6
7243	6
7244	6
7245	6
7246	6
7247	6
7248	6
7249	6
7250	6
7251	6
7252	6
7253	6
7254	6
7255	6
7256	6
7257	6
7258	6
7259	6
7260	6
7261	6
7262	6
7263	6
7264	6
7265	6
7266	6
7267	6
7268	6
7269	6
7270	6
7271	6
7272	6
7273	6
7274	6
7275	6
7276	6
7277	6
7278	6
7279	6
7280	6
7281	6
7282	6
7283	6
7284	6
7285	6
7286	6
7287	6
7288	6
7289	6
7290	6
7291	6
7292	6
7293	6
7294	6
7295	6
7296	6
7297	6
7298	6
7299	6
7300	6
7301	6
7302	6
7303	6
7304	6
7305	6
7306	6
7307	6
7308	6
7309	6
7310	6
7311	6
7312	6
7313	6
7314	6
7315	6
7316	6
7317	6
7318	6
7319	6
7320	6
7321	6
7322	6
7323	6
7324	6
7325	6
7326	6
7327	6
7328	6
7329	6
7330	6
7331	6
7332	6
7333	6
7334	6
7335	6
7336	6
7337	6
7338	6
7339	6
7340	6
7341	6
7342	6
7343	6
7344	6
7345	6
7346	6
7347	6
7348	6
7349	6
7350	6
7351	6
7352	6
7353	6
7354	6
7355	6
7356	6
7357	6
7358	6
7359	6
7360	6
7361	6
7362	6
7363	6
7364	6
7365	6
7366	6
7367	6
7368	6
7369	6
7370	6
7371	6
7372	6
7373	6
7374	6
7375	6
7376	6
7377	6
7378	6
7379	6
7380	6
7381	6
7382	6
7383	6
7384	6
7385	6
7386	6
7387	6
7388	6
7389	6
7390	6
7391	6
7392	6
7393	6
7394	6
7395	6
7396	6
7397	6
7398	6
7399	6
7400	6
7401	6
7402	6
7403	6
7404	6
7405	6
7406	6
7407	6
7408	6
7409	6
7410	6
7411	6
7412	6
7413	6
7414	6
7415	6
7416	6
7417	6
7418	6
7419	6
7420	6
7421	6
7422	6
7423	6
7424	6
7425	6
7426	6
7427	6
7428	6
7429	6
7430	6
7431	6
7432	6
7433	6
7434	6
7435	6
7436	6
7437	6
7438	6
7439	6
7440	6
7441	6
7442	6
7443	6
7444	6
7445	6
7446	6
7447	6
7448	6
7449	6
7450	6
7451	6
7452	6
7453	6
7454	6
7455	6
7456	6
7457	6
7458	6
7459	6
7460	6
7461	6
7462	6
7463	6
7464	6
7465	6
7466	6
7467	6
7468	6
7469	6
7470	6
7471	6
7472	6
7473	6
7474	6
7475	6
7476	6
7477	6
7478	6
7479	6
7480	6
7481	6
7482	6
7483	6
7484	6
7485	6
7486	6
7487	6
7488	6
7489	6
7490	6
7491	6
7492	6
7493	6
7494	6
7495	6
7496	6
7497	6
7498	6
7499	6
7500	6
7501	6
7502	6
7503	6
7504	6
7505	6
7506	6
7507	6
7508	6
7509	6
7510	6
7511	6
7512	6
7513	6
7514	6
7515	6
7516	6
7517	6
7518	6
7519	6
7520	6
7521	6
7522	6
7523	6
7524	6
7525	6
7526	6
7527	6
7528	6
7529	6
7530	6
7531	6
7532	6
7533	6
7534	7
7535	7
7536	7
7537	7
7538	7
7539	7
7540	7
7541	7
7542	7
7543	7
7544	7
7545	7
7546	7
7547	7
7548	7
7549	7
7550	7
7551	7
7552	7
7553	7
7554	7
7555	7
7556	7
7557	7
7558	7
7559	7
7560	7
7561	7
7562	7
7563	7
7564	7
7565	7
7566	7
7567	7
7568	7
7569	7
7570	7
7571	7
7572	7
7573	7
7574	7
7575	7
7576	7
7577	7
7578	7
7579	7
7580	7
7581	7
7582	7
7583	7
7584	7
7585	7
7586	7
7587	7
7588	7
7589	7
7590	7
7591	7
7592	7
7593	7
7594	7
7595	7
7596	7
7597	7
7598	7
7599	7
7600	7
7601	7
7602	7
7603	7
7604	7
7605	7
7606	7
7607	7
7608	7
7609	7
7610	7
7611	7
7612	7
7613	7
7614	7
7615	7
7616	7
7617	7
7618	7
7619	7
7620	7
7621	7
7622	7
7623	7
7624	7
7625	7
7626	7
7627	7
7628	7
7629	7
7630	7
7631	7
7632	7
7633	7
7634	7
7635	7
7636	7
7637	7
7638	7
7639	7
7640	7
7641	7
7642	7
7643	7
7644	7
7645	7
7646	7
7647	7
7648	7
7649	7
7650	7
7651	7
7652	7
7653	7
7654	7
7655	7
7656	7
7657	7
7658	7
7659	7
7660	7
7661	7
7662	7
7663	7
7664	7
7665	7
7666	7
7667	7
7668	7
7669	7
7670	7
7671	7
7672	7
7673	7
7674	7
7675	7
7676	7
7677	7
7678	7
7679	7
7680	7
7681	7
7682	7
7683	7
7684	7
7685	7
7686	7
7687	7
7688	7
7689	7
7690	7
7691	7
7692	7
7693	7
7694	7
7695	7
7696	7
7697	7
7698	7
7699	7
7700	7
7701	7
7702	7
7703	7
7704	7
7705	7
7706	7
7707	7
7708	7
7709	7
7710	7
7711	7
7712	7
7713	7
7714	7
7715	7
7716	7
7717	7
7718	7
7719	7
7720	7
7721	7
7722	7
7723	7
7724	7
7725	7
7726	7
7727	7
7728	7
7729	7
7730	7
7731	7
7732	7
7733	7
7734	7
7735	7
7736	7
7737	7
7738	7
7739	7
7740	7
7741	7
7742	7
7743	7
7744	7
7745	7
7746	7
7747	7
7748	7
7749	7
7750	7
7751	7
7752	7
7753	7
7754	7
7755	7
7756	7
7757	7
7758	7
7759	7
7760	7
7761	7
7762	7
7763	7
7764	7
7765	7
7766	7
7767	7
7768	7
7769	7
7770	7
7771	7
7772	7
7773	7
7774	7
7775	7
7776	7
7777	7
7778	7
7779	7
7780	7
7781	7
7782	7
7783	7
7784	7
7785	7
7786	7
7787	7
7788	7
7789	7
7790	7
7791	7
7792	7
7793	7
7794	7
7795	7
7796	7
7797	7
7798	7
7799	7
7800	7
7801	7
7802	7
7803	7
7804	7
7805	7
7806	7
7807	7
7808	7
7809	7
7810	7
7811	7
7812	7
7813	7
7814	7
7815	7
7816	7
7817	7
7818	7
7819	7
7820	7
7821	7
7822	7
7823	7
7824	7
7825	7
7826	7
7827	7
7828	7
7829	7
7830	7
7831	7
7832	7
7833	7
7834	7
7835	7
7836	7
7837	7
7838	7
7839	7
7840	7
7841	7
7842	7
7843	7
7844	7
7845	7
7846	7
7847	7
7848	7
7849	7
7850	7
7851	7
7852	7
7853	7
7854	7
7855	7
7856	7
7857	7
7858	7
7859	7
7860	7
7861	7
7862	7
7863	7
7864	7
7865	7
7866	7
7867	7
7868	7
7869	7
7870	7
7871	7
7872	7
7873	7
7874	7
7875	7
7876	7
7877	7
7878	7
7879	7
7880	7
7881	7
7882	7
7883	7
7884	7
7885	7
7886	7
7887	7
7888	7
7889	7
7890	7
7891	7
7892	7
7893	7
7894	7
7895	7
7896	7
7897	7
7898	7
7899	7
7900	7
7901	7
7902	7
7903	7
7904	7
7905	7
7906	7
7907	7
7908	7
7909	7
7910	7
7911	7
7912	7
7913	7
7914	7
7915	7
7916	7
7917	7
7918	7
7919	7
7920	7
7921	7
7922	7
7923	7
7924	7
7925	7
7926	7
7927	7
7928	7
7929	7
7930	7
7931	7
7932	7
7933	7
7934	7
7935	7
7936	7
7937	7
7938	7
7939	7
7940	7
7941	7
7942	7
7943	7
7944	7
7945	7
7946	7
7947	7
7948	7
7949	7
7950	7
7951	7
7952	7
7953	7
7954	7
7955	7
7956	7
7957	7
7958	7
7959	7
7960	7
7961	7
7962	7
7963	7
7964	7
7965	7
7966	7
7967	7
7968	7
7969	7
7970	7
7971	7
7972	7
7973	7
7974	7
7975	7
7976	7
7977	7
7978	7
7979	7
7980	7
7981	7
7982	7
7983	7
7984	7
7985	7
7986	7
7987	7
7988	7
7989	7
7990	7
7991	7
7992	7
7993	7
7994	7
7995	7
7996	7
7997	7
7998	7
7999	7
8000	7
8001	7
8002	7
8003	7
8004	7
8005	7
8006	7
8007	7
8008	7
8009	7
8010	7
8011	7
8012	7
8013	7
8014	7
8015	7
8016	7
8017	7
8018	7
8019	7
8020	7
8021	7
8022	7
8023	7
8024	7
8025	7
8026	7
8027	7
8028	7
8029	7
8030	7
8031	7
8032	7
8033	7
8034	7
8035	7
8036	7
8037	7
8038	7
8039	7
8040	7
8041	7
8042	7
8043	7
8044	7
8045	7
8046	7
8047	7
8048	7
8049	7
8050	7
8051	7
8052	7
8053	7
8054	7
8055	7
8056	7
8057	7
8058	7
8059	7
8060	7
8061	7
8062	7
8063	7
8064	7
8065	7
8066	7
8067	7
8068	7
8069	7
8070	7
8071	7
8072	7
8073	7
8074	7
8075	7
8076	7
8077	7
8078	7
8079	7
8080	7
8081	7
8082	7
8083	7
8084	7
8085	7
8086	7
8087	7
8088	7
8089	7
8090	7
8091	7
8092	7
8093	7
8094	7
8095	7
8096	7
8097	7
8098	7
8099	7
8100	7
8101	7
8102	7
8103	7
8104	7
8105	7
8106	7
8107	7
8108	7
8109	7
8110	7
8111	7
8112	7
8113	7
8114	7
8115	7
8116	7
8117	7
8118	7
8119	7
8120	7
8121	7
8122	7
8123	7
8124	7
8125	7
8126	8
8127	8
8128	8
8129	8
8130	8
8131	8
8132	8
8133	8
8134	8
8135	8
8136	8
8137	8
8138	8
8139	8
8140	8
8141	8
8142	8
8143	8
8144	8
8145	8
8146	8
8147	8
8148	8
8149	8
8150	8
8151	8
8152	8
8153	8
8154	8
8155	8
8156	8
8157	8
8158	8
8159	8
8160	8
8161	8
8162	8
8163	8
8164	8
8165	8
8166	8
8167	8
8168	8
8169	8
8170	8
8171	8
8172	8
8173	8
8174	8
8175	8
8176	8
8177	8
8178	8
8179	8
8180	8
8181	8
8182	8
8183	8
8184	8
8185	8
8186	8
8187	8
8188	8
8189	8
8190	8
8191	8
8192	8
8193	8
8194	8
8195	8
8196	8
8197	8
8198	8
8199	8
8200	8
8201	8
8202	8
8203	8
8204	8
8205	8
8206	8
8207	8
8208	8
8209	8
8210	8
8211	8
8212	8
8213	8
8214	8
8215	8
8216	8
8217	8
8218	8
8219	8
8220	8
8221	8
8222	8
8223	8
8224	8
8225	8
8226	8
8227	8
8228	8
8229	8
8230	8
8231	8
8232	8
8233	8
8234	8
8235	8
8236	8
8237	8
8238	8
8239	8
8240	8
8241	8
8242	8
8243	8
8244	8
8245	8
8246	8
8247	8
8248	8
8249	8
8250	8
8251	8
8252	8
8253	8
8254	8
8255	8
8256	8
8257	9
8258	9
8259	9
8260	9
8261	9
8262	9
8263	9
8264	9
8265	9
8266	9
8267	9
8268	9
8269	9
8270	9
8271	9
8272	9
8273	9
8274	9
8275	9
8276	9
8277	9
8278	9
8279	9
8280	9
8281	9
8282	9
8283	9
8284	9
8285	9
8286	9
8287	9
8288	9
8289	9
8290	9
8291	9
8292	9
8293	9
8294	9
8295	9
8296	9
8297	9
8298	9
8299	9
8300	9
8301	9
8302	9
8303	9
8304	9
8305	9
8306	9
8307	9
8308	9
8309	9
8310	9
8311	9
8312	9
8313	9
8314	9
8315	9
8316	9
8317	9
8318	9
8319	9
8320	9
8321	9
8322	9
8323	9
8324	9
8325	9
8326	9
8327	9
8328	9
8329	9
8330	9
8331	9
8332	9
8333	9
8334	9
8335	9
8336	9
8337	9
8338	9
8339	9
8340	9
8341	9
8342	9
8343	9
8344	9
8345	9
8346	9
8347	9
8348	9
8349	9
8350	9
8351	9
8352	9
8353	9
8354	9
8355	9
8356	9
8357	9
8358	9
8359	9
8360	9
8361	9
8362	9
8363	9
8364	9
8365	9
8366	9
8367	9
8368	9
8369	9
8370	9
8371	9
8372	9
8373	9
8374	9
8375	9
8376	9
8377	9
8378	9
8379	9
8380	9
8381	9
8382	9
8383	9
8384	9
8385	9
8386	9
8387	9
8388	9
8389	9
8390	9
8391	9
8392	9
8393	9
8394	9
8395	9
8396	9
8397	9
8398	9
8399	9
8400	9
8401	9
8402	9
8403	9
8404	9
8405	9
8406	9
8407	9
8408	9
8409	9
8410	9
8411	9
8412	9
8413	9
8414	9
8415	9
8416	9
8417	9
8418	9
8419	9
8420	9
8421	9
8422	9
8423	9
8424	9
8425	9
8426	9
8427	9
8428	9
8429	9
8430	9
8431	10
8432	10
8433	10
8434	10
8435	10
8436	10
8437	10
8438	10
8439	10
8440	10
8441	10
8442	10
8443	10
8444	10
8445	10
8446	10
8447	10
8448	10
8449	10
8450	10
8451	10
8452	10
8453	10
8454	10
8455	10
8456	10
8457	10
8458	10
8459	10
8460	10
8461	10
8462	10
8463	10
8464	10
8465	10
8466	10
8467	10
8468	10
8469	10
8470	10
8471	10
8472	10
8473	10
8474	10
8475	10
8476	10
8477	10
8478	10
8479	10
8480	10
8481	10
8482	10
8483	10
8484	10
8485	10
8486	10
8487	10
8488	10
8489	10
8490	10
8491	10
8492	10
8493	10
8494	10
8495	10
8496	10
8497	10
8498	10
8499	10
8500	10
8501	10
8502	10
8503	10
8504	10
8505	10
8506	10
8507	10
8508	10
8509	10
8510	10
8511	10
8512	10
8513	10
8514	10
8515	10
8516	10
8517	10
8518	10
8519	10
8520	10
8521	10
8522	10
8523	10
8524	10
8525	10
8526	10
8527	10
8528	10
8529	10
8530	10
8531	10
8532	10
8533	11
8534	11
8535	11
8536	11
8537	11
8538	11
8539	11
8540	11
8541	11
8542	11
8543	11
8544	11
8545	11
8546	11
8547	11
8548	11
8549	11
8550	11
8551	11
8552	11
8553	11
8554	11
8555	11
8556	11
8557	11
8558	11
8559	11
8560	11
8561	11
8562	11
8563	11
8564	11
8565	11
8566	11
8567	11
8568	11
8569	11
8570	11
8571	11
8572	11
8573	11
8574	11
8575	11
8576	11
8577	11
8578	11
8579	11
8580	11
8581	11
8582	11
8583	11
8584	11
8585	11
8586	11
8587	11
8588	11
8589	11
8590	11
8591	11
8592	11
8593	11
8594	11
8595	11
8596	11
8597	11
8598	11
8599	11
8600	11
8601	11
8602	11
8603	11
8604	11
8605	11
8606	11
8607	11
8608	11
8609	11
8610	11
8611	11
8612	11
8613	11
8614	11
8615	11
8616	11
8617	11
8618	11
8619	11
8620	11
8621	11
8622	11
8623	11
8624	11
8625	11
8626	11
8627	11
8628	11
8629	11
8630	11
8631	11
8632	11
8633	11
8634	11
8635	11
8636	11
8637	11
8638	11
8639	11
8640	11
8641	11
8642	11
8643	11
8644	11
8645	11
8646	11
8647	11
8648	11
8649	11
8650	11
8651	11
8652	11
8653	11
8654	11
8655	11
8656	11
8657	11
8658	11
8659	11
8660	11
8661	11
8662	11
8663	11
8664	11
8665	11
8666	11
8667	11
8668	11
8669	11
8670	11
8671	11
8672	11
8673	11
8674	11
8675	11
8676	11
8677	11
8678	11
8679	11
8680	11
8681	11
8682	11
8683	11
8684	11
8685	11
8686	11
8687	11
8688	11
8689	11
8690	11
8691	11
8692	11
8693	11
8694	11
8695	11
8696	11
8697	11
8698	11
8699	11
8700	11
8701	11
8702	11
8703	11
8704	11
8705	11
8706	11
8707	11
8708	11
8709	11
8710	11
8711	11
8712	11
8713	11
8714	11
8715	11
8716	11
8717	11
8718	11
8719	11
8720	11
8721	11
8722	11
8723	11
8724	11
8725	11
8726	11
8727	11
8728	11
8729	11
8730	11
8731	11
8732	11
8733	11
8734	11
8735	11
8736	11
8737	11
8738	11
8739	11
8740	11
8741	11
8742	11
8743	11
8744	11
8745	11
8746	11
8747	11
8748	11
8749	11
8750	11
8751	11
8752	11
8753	11
8754	11
8755	11
8756	11
8757	11
8758	11
8759	11
8760	11
8761	11
8762	11
8763	11
8764	11
8765	11
8766	11
8767	11
8768	11
8769	11
8770	11
8771	11
8772	11
8773	11
8774	12
8775	12
8776	12
8777	12
8778	12
8779	12
8780	12
8781	12
8782	12
8783	12
8784	12
8785	12
8786	12
8787	12
8788	12
8789	12
8790	12
8791	12
8792	12
8793	12
8794	12
8795	12
8796	13
8797	13
8798	13
8799	13
8800	13
8801	13
8802	13
8803	13
8804	13
8805	13
8806	13
8807	13
8808	13
8809	13
8810	13
8811	13
8812	13
8813	13
8814	13
8815	13
8816	13
8817	13
8818	13
8819	13
8820	13
8821	13
8822	13
8823	13
8824	13
8825	13
8826	13
8827	13
8828	13
8829	13
8830	13
8831	13
8832	13
8833	13
8834	13
8835	13
8836	13
8837	13
8838	13
8839	13
8840	13
8841	13
8842	13
8843	13
8844	13
8845	13
8846	13
8847	13
8848	13
8849	13
8850	13
8851	13
8852	13
8853	13
8854	13
8855	13
8856	13
8857	13
8858	13
8859	13
8860	13
8861	13
8862	13
8863	13
8864	13
8865	13
8866	13
8867	13
8868	13
8869	13
8870	13
8871	13
8872	13
8873	14
8874	14
8875	14
8876	14
8877	14
8878	14
8879	14
8880	14
8881	14
8882	14
8883	14
8884	14
8885	14
8886	14
8887	14
8888	14
8889	14
8890	14
8891	14
8892	14
8893	14
8894	14
8895	14
8896	14
8897	14
8898	14
8899	14
8900	14
8901	14
8902	14
8903	14
8904	14
8905	14
8906	14
8907	14
8908	14
8909	14
8910	14
8911	14
8912	14
8913	14
8914	14
8915	14
8916	14
8917	14
8918	14
8919	14
8920	14
8921	14
8922	14
8923	14
8924	14
8925	14
8926	14
8927	14
8928	14
8929	14
8930	14
8931	14
8932	14
8933	14
8934	14
8935	14
8936	14
8937	14
8938	14
8939	14
8940	14
8941	14
8942	14
8943	14
8944	14
8945	14
8946	14
8947	14
8948	14
8949	14
8950	14
8951	14
8952	14
8953	14
8954	14
8955	14
8956	14
8957	14
8958	14
8959	14
8960	14
8961	14
8962	14
8963	14
8964	14
8965	14
8966	14
8967	14
8968	14
8969	14
8970	14
8971	14
8972	14
8973	14
8974	14
8975	14
8976	14
8977	14
8978	14
8979	14
8980	14
8981	14
8982	14
8983	14
8984	14
8985	14
8986	14
8987	14
8988	14
8989	14
8990	14
8991	14
8992	14
8993	14
8994	14
8995	14
8996	14
8997	14
8998	14
8999	14
9000	14
9001	14
9002	14
9003	14
9004	14
9005	14
9006	14
9007	14
9008	14
9009	14
9010	14
9011	14
9012	14
9013	14
9014	14
9015	14
9016	14
9017	14
9018	14
9019	14
9020	14
9021	14
9022	14
9023	14
9024	14
9025	14
9026	14
9027	14
9028	14
9029	14
9030	14
9031	14
9032	14
9033	14
9034	14
9035	14
9036	14
9037	14
9038	14
9039	14
9040	14
9041	14
9042	14
9043	14
9044	14
9045	14
9046	14
9047	14
9048	14
9049	14
9050	14
9051	14
9052	14
9053	14
9054	14
9055	14
9056	14
9057	14
9058	14
9059	14
9060	14
9061	14
9062	14
9063	14
9064	14
9065	14
9066	14
9067	14
9068	14
9069	14
9070	14
9071	14
9072	14
9073	14
9074	14
9075	14
9076	14
9077	14
9078	14
9079	14
9080	14
9081	14
9082	14
9083	14
9084	14
9085	14
9086	14
9087	14
9088	14
9089	14
9090	14
9091	14
9092	14
9093	14
9094	14
9095	14
9096	14
9097	14
9098	14
9099	14
9100	14
9101	14
9102	14
9103	14
9104	14
9105	14
9106	14
9107	14
9108	14
9109	14
9110	14
9111	14
9112	14
9113	14
9114	14
9115	14
9116	14
9117	14
9118	14
9119	14
9120	14
9121	14
9122	14
9123	14
9124	14
9125	14
9126	14
9127	14
9128	14
9129	14
9130	14
9131	14
9132	14
9133	14
9134	14
9135	14
9136	14
9137	14
9138	14
9139	14
9140	14
9141	14
9142	14
9143	14
9144	14
9145	14
9146	14
9147	14
9148	14
9149	14
9150	14
9151	14
9152	14
9153	14
9154	14
9155	14
9156	14
9157	14
9158	14
9159	14
9160	14
9161	14
9162	14
9163	14
9164	14
9165	14
9166	14
9167	14
9168	14
9169	14
9170	14
9171	14
9172	14
9173	14
9174	14
9175	14
9176	14
9177	14
9178	14
9179	14
9180	14
9181	14
9182	14
9183	14
9184	14
9185	14
9186	14
9187	14
9188	14
9189	14
9190	14
9191	14
9192	14
9193	14
9194	14
9195	14
9196	14
9197	14
9198	14
9199	14
9200	14
9201	14
9202	14
9203	14
9204	14
9205	14
9206	14
9207	14
9208	14
9209	14
9210	14
9211	14
9212	14
9213	14
9214	14
9215	14
9216	14
9217	14
9218	14
9219	14
9220	14
9221	14
9222	14
9223	14
9224	14
9225	14
9226	14
9227	14
9228	14
9229	14
9230	14
9231	14
9232	14
9233	14
9234	14
9235	14
9236	14
9237	14
9238	14
9239	14
9240	14
9241	14
9242	14
9243	14
9244	14
9245	14
9246	14
9247	14
9248	14
9249	14
9250	14
9251	14
9252	14
9253	14
9254	14
9255	14
9256	14
9257	14
9258	14
9259	14
9260	14
9261	14
9262	14
9263	14
9264	14
9265	14
9266	14
9267	14
9268	14
9269	14
9270	14
9271	14
9272	14
9273	14
9274	14
9275	14
9276	14
9277	14
9278	14
9279	14
9280	14
9281	14
9282	14
9283	14
9284	14
9285	14
9286	14
9287	14
9288	14
9289	14
9290	14
9291	14
9292	14
9293	14
9294	14
9295	14
9296	14
9297	14
9298	14
9299	14
9300	14
9301	14
9302	14
9303	14
9304	14
9305	14
9306	14
9307	14
9308	14
9309	14
9310	14
9311	14
9312	14
9313	14
9314	14
9315	14
9316	14
9317	14
9318	14
9319	14
9320	14
9321	14
9322	14
9323	14
9324	14
9325	14
9326	14
9327	14
9328	14
9329	14
9330	14
9331	14
9332	14
9333	14
9334	14
9335	14
9336	14
9337	14
9338	14
9339	14
9340	14
9341	14
9342	14
9343	14
9344	14
9345	14
9346	14
9347	14
9348	14
9349	14
9350	14
9351	14
9352	14
9353	14
9354	14
9355	14
9356	14
9357	14
9358	14
9359	14
9360	14
9361	14
9362	14
9363	14
9364	14
9365	14
9366	14
9367	14
9368	14
9369	14
9370	14
9371	14
9372	14
9373	14
9374	14
9375	14
9376	14
9377	14
9378	14
9379	14
9380	14
9381	14
9382	14
9383	14
9384	14
9385	14
9386	14
9387	14
9388	14
9389	14
9390	14
9391	14
9392	14
9393	14
9394	14
9395	14
9396	14
9397	14
9398	14
9399	14
9400	14
9401	14
9402	14
9403	14
9404	14
9405	14
9406	14
9407	14
9408	14
9409	14
9410	14
9411	14
9412	14
9413	14
9414	14
9415	14
9416	14
9417	14
9418	14
9419	14
9420	14
9421	14
9422	14
9423	14
9424	14
9425	14
9426	14
9427	14
9428	14
9429	14
9430	14
9431	14
9432	14
9433	14
9434	14
9435	14
9436	14
9437	14
9438	14
9439	14
9440	14
9441	14
9442	14
9443	14
9444	14
9445	14
9446	14
9447	14
9448	14
9449	14
9450	14
9451	14
9452	14
9453	14
9454	14
9455	14
9456	15
9457	15
9458	15
9459	15
9460	15
9461	15
9462	15
9463	15
9464	15
9465	15
9466	15
9467	15
9468	15
9469	15
9470	15
9471	15
9472	15
9473	15
9474	15
9475	15
9476	15
9477	15
9478	15
9479	15
9480	15
9481	15
9482	15
9483	15
9484	15
9485	15
9486	15
9487	15
9488	15
9489	15
9490	15
9491	15
9492	15
9493	15
9494	15
9495	15
9496	16
9497	16
9498	16
9499	16
9500	16
9501	16
9502	16
9503	16
9504	16
9505	16
9506	16
9507	16
9508	16
9509	16
9510	16
9511	16
9512	16
9513	16
9514	16
9515	16
9516	16
9517	16
9518	16
9519	16
9520	16
9521	16
9522	16
9523	16
9524	16
9525	16
9526	16
9527	16
9528	16
9529	16
9530	16
9531	16
9532	16
9533	16
9534	16
9535	16
9536	16
9537	16
9538	16
9539	16
9540	16
9541	16
9542	16
9543	16
9544	16
9545	16
9546	16
9547	16
9548	16
9549	16
9550	16
9551	16
9552	16
9553	16
9554	16
9555	16
9556	16
9557	16
9558	16
9559	16
9560	16
9561	16
9562	16
9563	16
9564	16
9565	16
9566	16
9567	16
9568	16
9569	16
9570	16
9571	16
9572	16
9573	16
9574	16
9575	16
9576	16
9577	16
9578	16
9579	16
9580	16
9581	16
9582	16
9583	16
9584	16
9585	16
9586	16
9587	16
9588	16
9589	16
9590	16
9591	16
9592	16
9593	16
9594	16
9595	16
9596	16
9597	16
9598	16
9599	16
9600	16
9601	16
9602	16
9603	16
9604	16
9605	16
9606	16
9607	16
9608	16
9609	16
9610	16
9611	16
9612	16
9613	16
9614	16
9615	16
9616	16
9617	16
9618	16
9619	16
9620	16
9621	16
9622	16
9623	16
9624	16
9625	16
9626	16
9627	16
9628	16
9629	16
9630	16
9631	16
9632	16
9633	16
9634	16
9635	16
9636	16
9637	16
9638	16
9639	16
9640	16
9641	16
9642	16
9643	16
9644	16
9645	16
9646	16
9647	16
9648	16
9649	16
9650	16
9651	16
9652	16
9653	16
9654	16
9655	16
9656	16
9657	16
9658	16
9659	16
9660	16
9661	16
9662	16
9663	16
9664	16
9665	16
9666	16
9667	16
9668	16
9669	16
9670	16
9671	16
9672	16
9673	16
9674	16
9675	16
9676	16
9677	16
9678	16
9679	16
9680	16
9681	16
9682	16
9683	16
9684	16
9685	16
9686	16
9687	16
9688	16
9689	16
9690	16
9691	16
9692	16
9693	16
9694	16
9695	16
9696	16
9697	16
9698	16
9699	16
9700	16
9701	16
9702	16
9703	16
9704	16
9705	16
9706	16
9707	16
9708	16
9709	16
9710	16
9711	16
9712	16
9713	16
9714	16
9715	16
9716	16
9717	16
9718	16
9719	16
9720	16
9721	16
9722	16
9723	16
9724	16
9725	16
9726	16
9727	16
9728	16
9729	16
9730	16
9731	16
9732	16
9733	16
9734	16
9735	16
9736	16
9737	16
9738	16
9739	16
9740	16
9741	16
9742	16
9743	16
9744	16
9745	16
9746	16
9747	16
9748	16
9749	16
9750	16
9751	16
9752	16
9753	16
9754	16
9755	16
9756	16
9757	16
9758	16
9759	16
9760	16
9761	16
9762	16
9763	16
9764	16
9765	16
9766	16
9767	16
9768	16
9769	16
9770	16
9771	16
9772	16
9773	16
9774	16
9775	16
9776	16
9777	16
9778	16
9779	16
9780	16
9781	16
9782	16
9783	16
9784	16
9785	16
9786	16
9787	16
9788	16
9789	16
9790	16
9791	16
9792	16
9793	16
9794	16
9795	16
9796	16
9797	16
9798	16
9799	16
9800	16
9801	16
9802	16
9803	16
9804	16
9805	16
9806	16
9807	16
9808	16
9809	16
9810	16
9811	16
9812	16
9813	16
9814	16
9815	16
9816	16
9817	16
9818	16
9819	16
9820	16
9821	16
9822	16
9823	16
9824	16
9825	16
9826	16
9827	16
9828	16
9829	16
9830	16
9831	16
9832	16
9833	16
9834	16
9835	16
9836	16
9837	16
9838	16
9839	16
9840	16
9841	16
9842	16
9843	16
9844	16
9845	16
9846	16
9847	16
9848	16
9849	16
9850	16
9851	16
9852	16
9853	16
9854	16
9855	16
9856	16
9857	16
9858	16
9859	16
9860	16
9861	16
9862	16
9863	16
9864	16
9865	16
9866	16
9867	16
9868	16
9869	16
9870	16
9871	16
9872	16
9873	16
9874	16
9875	16
9876	16
9877	16
9878	16
9879	16
9880	16
9881	16
9882	16
9883	16
9884	16
9885	16
9886	16
9887	16
9888	16
9889	16
9890	16
9891	16
9892	16
9893	16
9894	16
9895	16
9896	16
9897	16
9898	16
9899	16
9900	16
9901	16
9902	16
9903	16
9904	16
9905	16
9906	16
9907	16
9908	16
9909	16
9910	16
9911	16
9912	16
9913	16
9914	16
9915	16
9916	16
9917	16
9918	16
9919	16
9920	16
9921	16
9922	16
9923	16
9924	16
9925	16
9926	16
9927	16
9928	16
9929	16
9930	16
9931	16
9932	16
9933	16
9934	16
9935	16
9936	16
9937	16
9938	16
9939	16
9940	16
9941	16
9942	16
9943	16
9944	16
9945	16
9946	16
9947	16
9948	16
9949	16
9950	16
9951	16
9952	16
9953	16
9954	16
9955	16
9956	16
9957	16
9958	16
9959	16
9960	16
9961	16
9962	16
9963	16
9964	16
9965	16
9966	16
9967	16
9968	16
9969	16
9970	16
9971	16
9972	16
9973	16
9974	16
9975	16
9976	16
9977	16
9978	16
9979	16
9980	16
9981	16
9982	16
9983	16
9984	16
9985	16
9986	16
9987	16
9988	16
9989	16
9990	16
9991	16
9992	16
9993	16
9994	16
9995	16
9996	16
9997	16
9998	16
9999	16
10000	16
