#Clock	ItemsCollected
1	0
2	0
3	0
4	0
5	0
6	0
7	0
8	0
9	0
10	0
11	0
12	0
13	0
14	0
15	0
16	0
17	0
18	0
19	0
20	0
21	0
22	0
23	0
24	0
25	0
26	0
27	0
28	0
29	0
30	0
31	0
32	0
33	0
34	0
35	0
36	0
37	0
38	0
39	0
40	0
41	0
42	0
43	0
44	0
45	0
46	0
47	0
48	0
49	0
50	0
51	0
52	0
53	0
54	0
55	0
56	0
57	0
58	0
59	0
60	0
61	0
62	0
63	0
64	0
65	0
66	0
67	0
68	0
69	0
70	0
71	0
72	0
73	0
74	0
75	0
76	0
77	0
78	0
79	0
80	0
81	0
82	0
83	0
84	0
85	0
86	0
87	0
88	0
89	0
90	0
91	0
92	0
93	0
94	0
95	0
96	0
97	0
98	0
99	0
100	0
101	0
102	0
103	0
104	0
105	0
106	0
107	0
108	0
109	0
110	0
111	0
112	0
113	0
114	0
115	0
116	0
117	0
118	0
119	0
120	0
121	0
122	0
123	0
124	0
125	0
126	0
127	0
128	0
129	0
130	0
131	0
132	0
133	0
134	0
135	0
136	0
137	0
138	0
139	0
140	0
141	0
142	0
143	0
144	0
145	0
146	0
147	0
148	0
149	0
150	0
151	0
152	0
153	0
154	0
155	0
156	0
157	0
158	0
159	0
160	0
161	0
162	0
163	0
164	0
165	0
166	0
167	0
168	0
169	0
170	0
171	0
172	0
173	0
174	0
175	0
176	0
177	0
178	0
179	0
180	0
181	0
182	0
183	0
184	0
185	0
186	0
187	0
188	0
189	0
190	0
191	0
192	0
193	0
194	0
195	0
196	0
197	0
198	0
199	0
200	0
201	0
202	0
203	0
204	0
205	0
206	0
207	0
208	0
209	0
210	0
211	0
212	0
213	0
214	0
215	0
216	0
217	0
218	0
219	0
220	0
221	0
222	0
223	0
224	0
225	0
226	0
227	0
228	0
229	0
230	0
231	0
232	0
233	0
234	0
235	0
236	0
237	0
238	0
239	0
240	0
241	0
242	0
243	0
244	0
245	0
246	0
247	0
248	0
249	0
250	0
251	0
252	0
253	0
254	0
255	0
256	0
257	0
258	0
259	0
260	0
261	0
262	0
263	0
264	0
265	0
266	0
267	0
268	0
269	0
270	0
271	0
272	0
273	0
274	0
275	0
276	0
277	0
278	0
279	0
280	0
281	0
282	0
283	0
284	0
285	0
286	0
287	0
288	0
289	0
290	0
291	0
292	0
293	0
294	0
295	0
296	0
297	0
298	0
299	0
300	0
301	0
302	0
303	0
304	0
305	0
306	0
307	0
308	0
309	0
310	0
311	0
312	0
313	0
314	0
315	0
316	0
317	0
318	0
319	0
320	0
321	0
322	0
323	0
324	0
325	0
326	0
327	0
328	0
329	0
330	0
331	0
332	0
333	0
334	0
335	0
336	0
337	0
338	0
339	0
340	0
341	0
342	0
343	0
344	0
345	0
346	0
347	0
348	0
349	0
350	0
351	0
352	0
353	0
354	0
355	0
356	0
357	0
358	0
359	0
360	0
361	0
362	0
363	0
364	0
365	0
366	0
367	0
368	0
369	0
370	0
371	0
372	0
373	0
374	0
375	0
376	0
377	0
378	0
379	0
380	0
381	0
382	0
383	0
384	0
385	0
386	0
387	0
388	0
389	0
390	0
391	0
392	0
393	0
394	0
395	0
396	0
397	0
398	0
399	0
400	0
401	0
402	0
403	0
404	0
405	0
406	0
407	0
408	0
409	0
410	0
411	0
412	0
413	0
414	0
415	0
416	0
417	0
418	0
419	0
420	0
421	0
422	0
423	0
424	0
425	0
426	0
427	0
428	0
429	0
430	0
431	0
432	0
433	0
434	0
435	0
436	0
437	0
438	0
439	0
440	0
441	0
442	0
443	0
444	0
445	0
446	0
447	0
448	0
449	0
450	0
451	0
452	0
453	0
454	0
455	0
456	0
457	0
458	0
459	0
460	0
461	0
462	0
463	0
464	0
465	0
466	0
467	0
468	0
469	0
470	0
471	0
472	0
473	0
474	0
475	0
476	0
477	0
478	0
479	0
480	0
481	0
482	0
483	0
484	0
485	0
486	0
487	0
488	0
489	0
490	0
491	0
492	0
493	0
494	0
495	0
496	0
497	0
498	0
499	0
500	0
501	0
502	0
503	0
504	0
505	0
506	0
507	0
508	0
509	0
510	0
511	0
512	0
513	0
514	0
515	0
516	0
517	0
518	0
519	0
520	0
521	0
522	0
523	0
524	0
525	0
526	0
527	0
528	0
529	0
530	0
531	0
532	0
533	0
534	0
535	0
536	0
537	0
538	0
539	0
540	0
541	0
542	0
543	0
544	0
545	0
546	0
547	0
548	0
549	0
550	0
551	0
552	0
553	0
554	0
555	0
556	0
557	0
558	0
559	0
560	0
561	0
562	0
563	0
564	0
565	0
566	0
567	0
568	0
569	0
570	0
571	0
572	0
573	0
574	0
575	0
576	0
577	0
578	0
579	0
580	0
581	0
582	0
583	0
584	0
585	0
586	0
587	0
588	0
589	0
590	0
591	0
592	0
593	0
594	0
595	0
596	0
597	0
598	0
599	0
600	0
601	0
602	0
603	0
604	0
605	0
606	0
607	0
608	0
609	0
610	0
611	0
612	0
613	0
614	0
615	0
616	0
617	0
618	0
619	0
620	0
621	0
622	0
623	0
624	0
625	0
626	0
627	0
628	0
629	0
630	0
631	0
632	0
633	0
634	0
635	0
636	0
637	0
638	0
639	0
640	0
641	0
642	0
643	0
644	0
645	0
646	0
647	0
648	0
649	0
650	0
651	0
652	0
653	0
654	0
655	0
656	0
657	0
658	0
659	0
660	0
661	0
662	0
663	0
664	0
665	0
666	0
667	0
668	0
669	0
670	0
671	0
672	0
673	0
674	0
675	0
676	0
677	0
678	0
679	0
680	0
681	0
682	0
683	0
684	0
685	0
686	0
687	0
688	0
689	0
690	0
691	0
692	0
693	0
694	0
695	0
696	0
697	0
698	0
699	0
700	0
701	0
702	0
703	0
704	0
705	0
706	0
707	0
708	0
709	0
710	0
711	0
712	0
713	0
714	0
715	0
716	0
717	0
718	0
719	0
720	0
721	0
722	0
723	0
724	0
725	0
726	0
727	0
728	0
729	0
730	0
731	0
732	0
733	0
734	0
735	0
736	0
737	0
738	0
739	0
740	0
741	0
742	0
743	0
744	0
745	0
746	0
747	0
748	0
749	0
750	0
751	0
752	0
753	0
754	0
755	0
756	0
757	0
758	0
759	0
760	0
761	0
762	0
763	0
764	0
765	0
766	0
767	0
768	0
769	0
770	0
771	0
772	0
773	0
774	0
775	0
776	0
777	0
778	0
779	0
780	0
781	0
782	0
783	0
784	0
785	0
786	0
787	0
788	0
789	0
790	0
791	0
792	0
793	0
794	0
795	0
796	0
797	0
798	0
799	0
800	0
801	0
802	0
803	0
804	0
805	0
806	0
807	0
808	0
809	0
810	0
811	0
812	0
813	0
814	0
815	0
816	0
817	0
818	0
819	0
820	0
821	0
822	0
823	0
824	0
825	0
826	0
827	0
828	0
829	0
830	0
831	0
832	0
833	0
834	0
835	0
836	0
837	0
838	0
839	0
840	0
841	0
842	0
843	0
844	0
845	0
846	0
847	0
848	0
849	0
850	0
851	0
852	0
853	0
854	0
855	0
856	0
857	0
858	0
859	0
860	0
861	0
862	0
863	0
864	0
865	0
866	0
867	0
868	0
869	0
870	0
871	0
872	0
873	0
874	0
875	0
876	0
877	0
878	0
879	0
880	0
881	0
882	0
883	0
884	0
885	0
886	0
887	0
888	0
889	0
890	0
891	0
892	0
893	0
894	0
895	0
896	0
897	0
898	0
899	0
900	0
901	0
902	0
903	0
904	0
905	0
906	0
907	0
908	0
909	0
910	0
911	0
912	0
913	0
914	0
915	0
916	0
917	0
918	0
919	0
920	0
921	0
922	0
923	0
924	0
925	0
926	0
927	0
928	0
929	0
930	0
931	0
932	0
933	0
934	0
935	0
936	0
937	0
938	0
939	0
940	0
941	0
942	0
943	0
944	0
945	0
946	0
947	0
948	0
949	0
950	0
951	0
952	0
953	0
954	0
955	0
956	0
957	0
958	0
959	0
960	0
961	0
962	0
963	0
964	0
965	0
966	0
967	0
968	0
969	0
970	0
971	0
972	0
973	0
974	0
975	0
976	0
977	0
978	0
979	0
980	0
981	0
982	0
983	0
984	0
985	0
986	0
987	0
988	0
989	0
990	0
991	0
992	0
993	0
994	0
995	0
996	0
997	0
998	0
999	0
1000	0
1001	0
1002	0
1003	0
1004	0
1005	0
1006	0
1007	0
1008	0
1009	0
1010	0
1011	0
1012	0
1013	0
1014	0
1015	0
1016	0
1017	0
1018	0
1019	0
1020	0
1021	0
1022	0
1023	0
1024	0
1025	0
1026	0
1027	0
1028	0
1029	0
1030	0
1031	0
1032	0
1033	0
1034	0
1035	0
1036	0
1037	0
1038	0
1039	0
1040	0
1041	0
1042	0
1043	0
1044	0
1045	0
1046	0
1047	0
1048	0
1049	0
1050	0
1051	0
1052	0
1053	0
1054	0
1055	0
1056	0
1057	0
1058	0
1059	0
1060	0
1061	0
1062	0
1063	0
1064	0
1065	0
1066	0
1067	0
1068	0
1069	0
1070	0
1071	0
1072	0
1073	0
1074	0
1075	0
1076	0
1077	0
1078	0
1079	0
1080	0
1081	0
1082	0
1083	0
1084	0
1085	0
1086	0
1087	0
1088	0
1089	0
1090	0
1091	0
1092	0
1093	0
1094	0
1095	0
1096	0
1097	0
1098	0
1099	0
1100	0
1101	0
1102	0
1103	0
1104	0
1105	0
1106	0
1107	0
1108	0
1109	0
1110	0
1111	0
1112	0
1113	0
1114	0
1115	0
1116	0
1117	0
1118	0
1119	0
1120	0
1121	0
1122	0
1123	0
1124	0
1125	0
1126	0
1127	0
1128	0
1129	0
1130	0
1131	0
1132	0
1133	0
1134	0
1135	0
1136	0
1137	0
1138	0
1139	0
1140	0
1141	0
1142	0
1143	0
1144	0
1145	0
1146	0
1147	0
1148	0
1149	0
1150	0
1151	0
1152	0
1153	0
1154	0
1155	0
1156	0
1157	0
1158	0
1159	0
1160	0
1161	0
1162	0
1163	0
1164	0
1165	0
1166	0
1167	0
1168	0
1169	0
1170	0
1171	0
1172	0
1173	0
1174	0
1175	0
1176	0
1177	0
1178	0
1179	0
1180	0
1181	0
1182	0
1183	0
1184	0
1185	0
1186	0
1187	0
1188	0
1189	0
1190	0
1191	0
1192	0
1193	0
1194	0
1195	0
1196	0
1197	0
1198	0
1199	0
1200	0
1201	0
1202	0
1203	0
1204	0
1205	0
1206	0
1207	0
1208	0
1209	0
1210	0
1211	0
1212	0
1213	0
1214	0
1215	0
1216	0
1217	0
1218	0
1219	0
1220	0
1221	0
1222	0
1223	0
1224	0
1225	0
1226	0
1227	0
1228	0
1229	0
1230	0
1231	0
1232	0
1233	0
1234	0
1235	0
1236	0
1237	0
1238	0
1239	0
1240	0
1241	0
1242	0
1243	0
1244	0
1245	0
1246	0
1247	0
1248	0
1249	0
1250	0
1251	0
1252	0
1253	0
1254	0
1255	0
1256	0
1257	0
1258	0
1259	0
1260	0
1261	0
1262	0
1263	0
1264	0
1265	0
1266	0
1267	0
1268	0
1269	0
1270	0
1271	0
1272	0
1273	0
1274	0
1275	0
1276	0
1277	0
1278	0
1279	0
1280	0
1281	0
1282	0
1283	0
1284	0
1285	0
1286	0
1287	0
1288	0
1289	0
1290	0
1291	0
1292	0
1293	0
1294	0
1295	0
1296	0
1297	0
1298	0
1299	0
1300	0
1301	0
1302	0
1303	0
1304	0
1305	0
1306	0
1307	0
1308	0
1309	0
1310	0
1311	0
1312	0
1313	0
1314	0
1315	0
1316	0
1317	0
1318	0
1319	0
1320	0
1321	0
1322	0
1323	0
1324	0
1325	0
1326	0
1327	0
1328	0
1329	0
1330	0
1331	0
1332	0
1333	0
1334	0
1335	0
1336	0
1337	0
1338	0
1339	0
1340	0
1341	0
1342	0
1343	0
1344	0
1345	0
1346	0
1347	0
1348	0
1349	0
1350	0
1351	0
1352	0
1353	0
1354	0
1355	0
1356	0
1357	0
1358	0
1359	0
1360	0
1361	0
1362	0
1363	0
1364	0
1365	0
1366	0
1367	0
1368	0
1369	0
1370	0
1371	0
1372	0
1373	0
1374	0
1375	0
1376	0
1377	0
1378	0
1379	0
1380	0
1381	0
1382	0
1383	0
1384	0
1385	0
1386	0
1387	0
1388	0
1389	0
1390	0
1391	0
1392	0
1393	0
1394	0
1395	0
1396	0
1397	0
1398	0
1399	0
1400	0
1401	0
1402	0
1403	0
1404	0
1405	0
1406	0
1407	0
1408	0
1409	0
1410	0
1411	0
1412	0
1413	0
1414	0
1415	0
1416	0
1417	0
1418	0
1419	0
1420	0
1421	0
1422	0
1423	0
1424	0
1425	0
1426	0
1427	0
1428	0
1429	0
1430	0
1431	0
1432	0
1433	0
1434	0
1435	0
1436	0
1437	0
1438	0
1439	0
1440	0
1441	0
1442	0
1443	0
1444	0
1445	0
1446	0
1447	0
1448	0
1449	0
1450	0
1451	0
1452	0
1453	0
1454	0
1455	0
1456	0
1457	0
1458	0
1459	0
1460	0
1461	0
1462	0
1463	0
1464	0
1465	0
1466	0
1467	0
1468	0
1469	0
1470	0
1471	0
1472	0
1473	0
1474	0
1475	0
1476	0
1477	0
1478	0
1479	0
1480	0
1481	0
1482	0
1483	0
1484	0
1485	0
1486	0
1487	0
1488	0
1489	0
1490	0
1491	0
1492	0
1493	0
1494	0
1495	0
1496	0
1497	0
1498	0
1499	0
1500	0
1501	0
1502	0
1503	0
1504	0
1505	0
1506	0
1507	0
1508	0
1509	0
1510	0
1511	0
1512	0
1513	0
1514	0
1515	0
1516	0
1517	0
1518	0
1519	0
1520	0
1521	0
1522	0
1523	0
1524	0
1525	0
1526	0
1527	0
1528	0
1529	0
1530	0
1531	0
1532	0
1533	0
1534	0
1535	0
1536	0
1537	0
1538	0
1539	0
1540	0
1541	0
1542	0
1543	0
1544	0
1545	0
1546	0
1547	0
1548	0
1549	0
1550	0
1551	0
1552	0
1553	0
1554	0
1555	0
1556	0
1557	0
1558	0
1559	0
1560	0
1561	0
1562	0
1563	0
1564	0
1565	0
1566	0
1567	0
1568	0
1569	0
1570	0
1571	0
1572	0
1573	0
1574	0
1575	0
1576	0
1577	0
1578	0
1579	0
1580	0
1581	0
1582	0
1583	0
1584	0
1585	0
1586	0
1587	0
1588	0
1589	0
1590	0
1591	0
1592	0
1593	0
1594	0
1595	0
1596	0
1597	0
1598	0
1599	0
1600	0
1601	0
1602	0
1603	0
1604	0
1605	0
1606	0
1607	0
1608	0
1609	0
1610	0
1611	0
1612	0
1613	0
1614	0
1615	0
1616	0
1617	0
1618	0
1619	0
1620	0
1621	0
1622	0
1623	0
1624	0
1625	0
1626	0
1627	0
1628	0
1629	0
1630	0
1631	0
1632	0
1633	0
1634	0
1635	0
1636	0
1637	0
1638	0
1639	0
1640	0
1641	0
1642	0
1643	0
1644	0
1645	0
1646	0
1647	0
1648	0
1649	0
1650	0
1651	0
1652	0
1653	0
1654	0
1655	0
1656	0
1657	0
1658	0
1659	0
1660	0
1661	0
1662	0
1663	0
1664	0
1665	0
1666	0
1667	0
1668	0
1669	0
1670	0
1671	0
1672	0
1673	0
1674	0
1675	0
1676	0
1677	0
1678	0
1679	0
1680	0
1681	0
1682	0
1683	0
1684	0
1685	0
1686	0
1687	0
1688	0
1689	0
1690	0
1691	0
1692	0
1693	0
1694	0
1695	0
1696	0
1697	0
1698	0
1699	0
1700	0
1701	0
1702	0
1703	0
1704	0
1705	0
1706	0
1707	0
1708	0
1709	0
1710	0
1711	0
1712	0
1713	0
1714	0
1715	0
1716	0
1717	0
1718	0
1719	0
1720	0
1721	0
1722	0
1723	0
1724	0
1725	0
1726	0
1727	0
1728	0
1729	0
1730	0
1731	0
1732	0
1733	0
1734	0
1735	0
1736	0
1737	0
1738	0
1739	0
1740	0
1741	0
1742	0
1743	0
1744	0
1745	0
1746	0
1747	0
1748	0
1749	0
1750	0
1751	0
1752	0
1753	0
1754	0
1755	0
1756	0
1757	0
1758	0
1759	0
1760	0
1761	0
1762	0
1763	0
1764	0
1765	0
1766	0
1767	0
1768	0
1769	0
1770	0
1771	0
1772	0
1773	0
1774	0
1775	0
1776	0
1777	0
1778	0
1779	0
1780	0
1781	0
1782	0
1783	0
1784	0
1785	0
1786	0
1787	0
1788	0
1789	0
1790	0
1791	0
1792	0
1793	0
1794	0
1795	0
1796	0
1797	0
1798	0
1799	0
1800	0
1801	0
1802	0
1803	0
1804	0
1805	0
1806	0
1807	0
1808	0
1809	0
1810	0
1811	0
1812	0
1813	0
1814	0
1815	0
1816	0
1817	0
1818	0
1819	0
1820	0
1821	0
1822	0
1823	0
1824	0
1825	0
1826	0
1827	0
1828	0
1829	0
1830	0
1831	0
1832	0
1833	0
1834	0
1835	0
1836	0
1837	0
1838	0
1839	0
1840	0
1841	0
1842	0
1843	0
1844	0
1845	0
1846	0
1847	0
1848	0
1849	0
1850	0
1851	0
1852	0
1853	0
1854	0
1855	0
1856	0
1857	0
1858	0
1859	0
1860	0
1861	0
1862	0
1863	0
1864	0
1865	0
1866	0
1867	0
1868	0
1869	0
1870	0
1871	0
1872	0
1873	0
1874	0
1875	0
1876	0
1877	0
1878	0
1879	0
1880	0
1881	0
1882	0
1883	0
1884	0
1885	0
1886	0
1887	0
1888	0
1889	0
1890	0
1891	0
1892	0
1893	0
1894	0
1895	0
1896	0
1897	0
1898	0
1899	0
1900	0
1901	0
1902	0
1903	0
1904	0
1905	0
1906	0
1907	0
1908	0
1909	0
1910	0
1911	0
1912	0
1913	0
1914	0
1915	0
1916	0
1917	0
1918	0
1919	0
1920	0
1921	0
1922	0
1923	0
1924	0
1925	0
1926	0
1927	0
1928	0
1929	0
1930	0
1931	0
1932	0
1933	0
1934	0
1935	0
1936	0
1937	0
1938	0
1939	0
1940	0
1941	0
1942	0
1943	0
1944	0
1945	0
1946	0
1947	0
1948	0
1949	0
1950	0
1951	0
1952	0
1953	0
1954	0
1955	0
1956	0
1957	0
1958	0
1959	0
1960	0
1961	0
1962	0
1963	0
1964	0
1965	0
1966	0
1967	0
1968	0
1969	0
1970	0
1971	0
1972	0
1973	0
1974	0
1975	0
1976	0
1977	0
1978	0
1979	0
1980	0
1981	0
1982	0
1983	0
1984	0
1985	0
1986	0
1987	0
1988	0
1989	0
1990	0
1991	0
1992	0
1993	0
1994	0
1995	0
1996	0
1997	0
1998	0
1999	0
2000	0
2001	0
2002	0
2003	0
2004	0
2005	0
2006	0
2007	0
2008	0
2009	0
2010	0
2011	0
2012	0
2013	0
2014	0
2015	0
2016	0
2017	0
2018	0
2019	0
2020	0
2021	0
2022	0
2023	0
2024	0
2025	0
2026	0
2027	0
2028	0
2029	0
2030	0
2031	0
2032	0
2033	0
2034	0
2035	0
2036	0
2037	0
2038	0
2039	0
2040	0
2041	0
2042	0
2043	0
2044	0
2045	0
2046	0
2047	0
2048	0
2049	0
2050	0
2051	0
2052	0
2053	0
2054	0
2055	0
2056	0
2057	0
2058	0
2059	0
2060	0
2061	0
2062	0
2063	0
2064	0
2065	0
2066	0
2067	0
2068	0
2069	0
2070	0
2071	0
2072	0
2073	0
2074	0
2075	0
2076	0
2077	0
2078	0
2079	0
2080	0
2081	0
2082	0
2083	0
2084	0
2085	0
2086	0
2087	0
2088	0
2089	0
2090	0
2091	0
2092	0
2093	0
2094	0
2095	0
2096	0
2097	0
2098	0
2099	0
2100	0
2101	0
2102	0
2103	0
2104	0
2105	0
2106	0
2107	0
2108	0
2109	0
2110	0
2111	0
2112	0
2113	0
2114	0
2115	0
2116	0
2117	0
2118	0
2119	0
2120	0
2121	0
2122	0
2123	0
2124	0
2125	0
2126	0
2127	0
2128	0
2129	0
2130	0
2131	0
2132	0
2133	0
2134	0
2135	0
2136	0
2137	0
2138	0
2139	0
2140	0
2141	0
2142	0
2143	0
2144	0
2145	0
2146	0
2147	0
2148	0
2149	0
2150	0
2151	0
2152	0
2153	0
2154	0
2155	0
2156	0
2157	0
2158	0
2159	0
2160	0
2161	0
2162	0
2163	0
2164	0
2165	0
2166	0
2167	0
2168	0
2169	0
2170	0
2171	0
2172	0
2173	0
2174	0
2175	0
2176	0
2177	0
2178	0
2179	0
2180	0
2181	0
2182	0
2183	0
2184	0
2185	0
2186	0
2187	0
2188	0
2189	0
2190	0
2191	0
2192	0
2193	0
2194	0
2195	0
2196	0
2197	0
2198	0
2199	0
2200	0
2201	0
2202	0
2203	0
2204	0
2205	0
2206	0
2207	0
2208	0
2209	0
2210	0
2211	0
2212	0
2213	0
2214	0
2215	0
2216	0
2217	0
2218	0
2219	0
2220	0
2221	0
2222	0
2223	0
2224	0
2225	0
2226	0
2227	0
2228	0
2229	0
2230	0
2231	0
2232	0
2233	0
2234	0
2235	0
2236	0
2237	0
2238	0
2239	0
2240	0
2241	0
2242	0
2243	0
2244	0
2245	0
2246	0
2247	0
2248	0
2249	0
2250	0
2251	0
2252	0
2253	0
2254	0
2255	0
2256	0
2257	0
2258	0
2259	0
2260	0
2261	0
2262	0
2263	0
2264	0
2265	0
2266	0
2267	0
2268	0
2269	0
2270	0
2271	0
2272	0
2273	0
2274	0
2275	0
2276	0
2277	0
2278	0
2279	0
2280	0
2281	0
2282	0
2283	0
2284	0
2285	0
2286	0
2287	0
2288	0
2289	0
2290	0
2291	0
2292	0
2293	0
2294	0
2295	0
2296	0
2297	0
2298	0
2299	0
2300	0
2301	0
2302	0
2303	0
2304	0
2305	0
2306	0
2307	0
2308	0
2309	0
2310	0
2311	0
2312	0
2313	0
2314	0
2315	0
2316	0
2317	0
2318	0
2319	0
2320	0
2321	0
2322	0
2323	0
2324	0
2325	0
2326	0
2327	0
2328	0
2329	0
2330	0
2331	0
2332	0
2333	0
2334	0
2335	0
2336	0
2337	0
2338	0
2339	0
2340	0
2341	0
2342	0
2343	0
2344	0
2345	0
2346	0
2347	0
2348	0
2349	0
2350	0
2351	0
2352	0
2353	0
2354	0
2355	0
2356	0
2357	0
2358	0
2359	0
2360	0
2361	0
2362	0
2363	0
2364	0
2365	0
2366	0
2367	0
2368	0
2369	0
2370	0
2371	0
2372	0
2373	0
2374	0
2375	0
2376	0
2377	0
2378	0
2379	0
2380	0
2381	0
2382	0
2383	0
2384	0
2385	0
2386	0
2387	0
2388	0
2389	0
2390	0
2391	0
2392	0
2393	0
2394	0
2395	0
2396	0
2397	0
2398	0
2399	0
2400	0
2401	0
2402	0
2403	0
2404	0
2405	0
2406	0
2407	0
2408	0
2409	0
2410	0
2411	0
2412	0
2413	0
2414	0
2415	0
2416	0
2417	0
2418	0
2419	0
2420	0
2421	0
2422	0
2423	0
2424	0
2425	0
2426	0
2427	0
2428	0
2429	0
2430	0
2431	0
2432	0
2433	0
2434	0
2435	0
2436	0
2437	0
2438	0
2439	0
2440	0
2441	0
2442	0
2443	0
2444	0
2445	0
2446	0
2447	0
2448	0
2449	0
2450	0
2451	0
2452	0
2453	0
2454	0
2455	0
2456	0
2457	0
2458	0
2459	0
2460	0
2461	0
2462	0
2463	0
2464	0
2465	0
2466	0
2467	0
2468	0
2469	0
2470	0
2471	0
2472	0
2473	0
2474	0
2475	0
2476	0
2477	0
2478	0
2479	0
2480	0
2481	0
2482	0
2483	0
2484	0
2485	0
2486	0
2487	0
2488	0
2489	0
2490	0
2491	0
2492	0
2493	0
2494	0
2495	0
2496	0
2497	0
2498	0
2499	0
2500	0
2501	0
2502	0
2503	0
2504	0
2505	0
2506	0
2507	0
2508	0
2509	0
2510	0
2511	0
2512	0
2513	0
2514	0
2515	0
2516	0
2517	0
2518	0
2519	0
2520	0
2521	0
2522	0
2523	0
2524	0
2525	0
2526	0
2527	0
2528	0
2529	0
2530	0
2531	0
2532	0
2533	0
2534	0
2535	0
2536	0
2537	0
2538	0
2539	0
2540	0
2541	0
2542	0
2543	0
2544	0
2545	0
2546	0
2547	0
2548	0
2549	0
2550	0
2551	0
2552	0
2553	0
2554	0
2555	0
2556	0
2557	0
2558	0
2559	0
2560	0
2561	0
2562	0
2563	0
2564	0
2565	0
2566	0
2567	0
2568	0
2569	0
2570	0
2571	0
2572	0
2573	0
2574	0
2575	0
2576	0
2577	0
2578	0
2579	0
2580	0
2581	0
2582	0
2583	0
2584	0
2585	0
2586	0
2587	0
2588	0
2589	0
2590	0
2591	0
2592	0
2593	0
2594	0
2595	0
2596	0
2597	0
2598	0
2599	0
2600	0
2601	0
2602	0
2603	0
2604	0
2605	0
2606	0
2607	0
2608	0
2609	0
2610	0
2611	0
2612	0
2613	0
2614	0
2615	0
2616	0
2617	0
2618	0
2619	0
2620	0
2621	0
2622	0
2623	0
2624	0
2625	0
2626	0
2627	0
2628	0
2629	0
2630	0
2631	0
2632	0
2633	0
2634	0
2635	0
2636	0
2637	0
2638	0
2639	0
2640	0
2641	0
2642	0
2643	0
2644	0
2645	0
2646	0
2647	0
2648	0
2649	0
2650	0
2651	0
2652	0
2653	0
2654	0
2655	0
2656	0
2657	0
2658	0
2659	0
2660	0
2661	0
2662	0
2663	0
2664	0
2665	0
2666	0
2667	0
2668	0
2669	0
2670	0
2671	0
2672	0
2673	0
2674	0
2675	0
2676	0
2677	0
2678	0
2679	0
2680	0
2681	0
2682	0
2683	0
2684	0
2685	0
2686	0
2687	0
2688	0
2689	0
2690	0
2691	0
2692	0
2693	0
2694	0
2695	0
2696	0
2697	0
2698	0
2699	0
2700	0
2701	0
2702	0
2703	0
2704	0
2705	0
2706	0
2707	0
2708	0
2709	0
2710	0
2711	0
2712	0
2713	0
2714	0
2715	0
2716	0
2717	0
2718	0
2719	0
2720	0
2721	0
2722	0
2723	0
2724	0
2725	0
2726	0
2727	0
2728	0
2729	0
2730	0
2731	0
2732	0
2733	0
2734	0
2735	0
2736	0
2737	0
2738	0
2739	0
2740	0
2741	0
2742	0
2743	0
2744	0
2745	0
2746	0
2747	0
2748	0
2749	0
2750	0
2751	0
2752	0
2753	0
2754	0
2755	0
2756	0
2757	0
2758	0
2759	0
2760	0
2761	0
2762	0
2763	0
2764	0
2765	0
2766	0
2767	0
2768	0
2769	0
2770	0
2771	0
2772	0
2773	0
2774	0
2775	0
2776	0
2777	0
2778	0
2779	0
2780	0
2781	0
2782	0
2783	0
2784	0
2785	0
2786	0
2787	0
2788	0
2789	0
2790	0
2791	0
2792	0
2793	0
2794	0
2795	0
2796	0
2797	0
2798	0
2799	0
2800	0
2801	0
2802	0
2803	0
2804	0
2805	0
2806	0
2807	0
2808	0
2809	0
2810	0
2811	0
2812	0
2813	0
2814	0
2815	0
2816	0
2817	0
2818	0
2819	0
2820	0
2821	0
2822	0
2823	0
2824	0
2825	0
2826	0
2827	0
2828	0
2829	0
2830	0
2831	0
2832	0
2833	0
2834	0
2835	0
2836	0
2837	0
2838	0
2839	0
2840	0
2841	0
2842	0
2843	0
2844	0
2845	0
2846	0
2847	0
2848	0
2849	0
2850	0
2851	0
2852	0
2853	0
2854	0
2855	0
2856	0
2857	0
2858	0
2859	0
2860	0
2861	0
2862	0
2863	0
2864	0
2865	0
2866	0
2867	0
2868	0
2869	0
2870	0
2871	0
2872	0
2873	0
2874	0
2875	0
2876	0
2877	0
2878	0
2879	0
2880	0
2881	0
2882	0
2883	0
2884	0
2885	0
2886	0
2887	0
2888	0
2889	0
2890	0
2891	0
2892	0
2893	0
2894	0
2895	0
2896	0
2897	0
2898	0
2899	0
2900	0
2901	0
2902	0
2903	0
2904	0
2905	0
2906	0
2907	0
2908	0
2909	0
2910	0
2911	0
2912	0
2913	0
2914	0
2915	0
2916	0
2917	0
2918	0
2919	0
2920	0
2921	0
2922	0
2923	0
2924	0
2925	0
2926	0
2927	0
2928	0
2929	0
2930	0
2931	0
2932	0
2933	0
2934	0
2935	0
2936	0
2937	0
2938	0
2939	0
2940	0
2941	0
2942	0
2943	0
2944	0
2945	0
2946	0
2947	0
2948	0
2949	0
2950	0
2951	0
2952	0
2953	0
2954	0
2955	0
2956	0
2957	0
2958	0
2959	0
2960	0
2961	0
2962	0
2963	0
2964	0
2965	0
2966	0
2967	0
2968	0
2969	0
2970	0
2971	0
2972	0
2973	0
2974	0
2975	0
2976	0
2977	0
2978	0
2979	0
2980	0
2981	0
2982	0
2983	0
2984	0
2985	1
2986	1
2987	1
2988	1
2989	1
2990	1
2991	1
2992	1
2993	1
2994	1
2995	1
2996	1
2997	1
2998	1
2999	1
3000	1
3001	1
3002	1
3003	1
3004	1
3005	1
3006	1
3007	1
3008	1
3009	1
3010	1
3011	1
3012	1
3013	1
3014	1
3015	1
3016	1
3017	1
3018	1
3019	1
3020	1
3021	1
3022	1
3023	1
3024	1
3025	1
3026	1
3027	1
3028	1
3029	1
3030	1
3031	1
3032	1
3033	1
3034	1
3035	1
3036	1
3037	1
3038	1
3039	1
3040	1
3041	1
3042	1
3043	1
3044	1
3045	1
3046	1
3047	1
3048	1
3049	1
3050	1
3051	1
3052	1
3053	1
3054	1
3055	1
3056	1
3057	1
3058	1
3059	1
3060	1
3061	1
3062	1
3063	1
3064	1
3065	1
3066	1
3067	1
3068	1
3069	1
3070	1
3071	1
3072	1
3073	1
3074	1
3075	1
3076	1
3077	1
3078	1
3079	1
3080	1
3081	1
3082	1
3083	1
3084	1
3085	1
3086	1
3087	1
3088	1
3089	1
3090	1
3091	1
3092	1
3093	1
3094	1
3095	1
3096	1
3097	1
3098	1
3099	1
3100	1
3101	1
3102	1
3103	1
3104	1
3105	1
3106	1
3107	1
3108	1
3109	1
3110	1
3111	1
3112	1
3113	1
3114	1
3115	1
3116	1
3117	1
3118	1
3119	1
3120	1
3121	1
3122	1
3123	1
3124	1
3125	1
3126	1
3127	1
3128	1
3129	1
3130	1
3131	1
3132	1
3133	1
3134	1
3135	1
3136	1
3137	1
3138	1
3139	1
3140	1
3141	1
3142	1
3143	1
3144	1
3145	1
3146	1
3147	1
3148	1
3149	1
3150	1
3151	1
3152	1
3153	1
3154	1
3155	1
3156	1
3157	1
3158	1
3159	1
3160	1
3161	1
3162	1
3163	1
3164	1
3165	1
3166	1
3167	1
3168	1
3169	1
3170	1
3171	1
3172	1
3173	1
3174	1
3175	1
3176	1
3177	1
3178	1
3179	1
3180	1
3181	1
3182	1
3183	1
3184	1
3185	1
3186	1
3187	1
3188	1
3189	1
3190	1
3191	1
3192	1
3193	1
3194	1
3195	1
3196	1
3197	1
3198	1
3199	1
3200	1
3201	1
3202	1
3203	1
3204	1
3205	1
3206	1
3207	1
3208	1
3209	1
3210	1
3211	1
3212	1
3213	1
3214	1
3215	1
3216	1
3217	1
3218	1
3219	1
3220	1
3221	1
3222	1
3223	1
3224	1
3225	1
3226	1
3227	1
3228	1
3229	1
3230	1
3231	1
3232	1
3233	1
3234	1
3235	1
3236	1
3237	1
3238	1
3239	1
3240	1
3241	1
3242	1
3243	1
3244	1
3245	1
3246	1
3247	1
3248	1
3249	1
3250	1
3251	1
3252	1
3253	1
3254	1
3255	1
3256	1
3257	1
3258	1
3259	1
3260	1
3261	1
3262	1
3263	1
3264	1
3265	1
3266	1
3267	1
3268	1
3269	1
3270	1
3271	1
3272	1
3273	1
3274	1
3275	1
3276	1
3277	1
3278	1
3279	1
3280	1
3281	1
3282	1
3283	1
3284	1
3285	1
3286	1
3287	1
3288	1
3289	1
3290	1
3291	1
3292	1
3293	1
3294	1
3295	1
3296	1
3297	1
3298	1
3299	1
3300	1
3301	1
3302	1
3303	1
3304	1
3305	1
3306	1
3307	1
3308	1
3309	1
3310	1
3311	1
3312	1
3313	1
3314	1
3315	1
3316	1
3317	1
3318	1
3319	1
3320	1
3321	1
3322	1
3323	1
3324	1
3325	1
3326	1
3327	1
3328	1
3329	1
3330	1
3331	1
3332	1
3333	1
3334	1
3335	1
3336	1
3337	1
3338	1
3339	1
3340	1
3341	1
3342	1
3343	1
3344	1
3345	1
3346	1
3347	1
3348	1
3349	1
3350	1
3351	1
3352	1
3353	1
3354	1
3355	1
3356	1
3357	1
3358	1
3359	1
3360	1
3361	1
3362	1
3363	1
3364	1
3365	1
3366	1
3367	1
3368	1
3369	1
3370	1
3371	1
3372	1
3373	1
3374	1
3375	1
3376	1
3377	1
3378	1
3379	1
3380	1
3381	1
3382	1
3383	1
3384	1
3385	1
3386	1
3387	1
3388	1
3389	1
3390	1
3391	1
3392	1
3393	1
3394	1
3395	1
3396	1
3397	1
3398	1
3399	1
3400	1
3401	1
3402	1
3403	1
3404	1
3405	1
3406	1
3407	1
3408	1
3409	1
3410	1
3411	1
3412	1
3413	1
3414	1
3415	1
3416	1
3417	1
3418	1
3419	1
3420	1
3421	1
3422	1
3423	1
3424	1
3425	1
3426	1
3427	1
3428	1
3429	1
3430	1
3431	1
3432	1
3433	1
3434	1
3435	1
3436	1
3437	1
3438	1
3439	1
3440	1
3441	1
3442	1
3443	1
3444	1
3445	1
3446	1
3447	1
3448	1
3449	1
3450	1
3451	1
3452	1
3453	1
3454	1
3455	1
3456	1
3457	1
3458	1
3459	1
3460	1
3461	1
3462	1
3463	1
3464	1
3465	1
3466	1
3467	1
3468	1
3469	1
3470	1
3471	1
3472	1
3473	1
3474	1
3475	1
3476	1
3477	1
3478	1
3479	1
3480	1
3481	1
3482	1
3483	1
3484	1
3485	1
3486	1
3487	1
3488	1
3489	1
3490	1
3491	1
3492	1
3493	1
3494	1
3495	1
3496	1
3497	1
3498	1
3499	1
3500	1
3501	1
3502	1
3503	1
3504	1
3505	1
3506	1
3507	1
3508	1
3509	1
3510	1
3511	1
3512	1
3513	1
3514	1
3515	1
3516	1
3517	1
3518	1
3519	1
3520	1
3521	1
3522	1
3523	1
3524	1
3525	1
3526	1
3527	1
3528	1
3529	1
3530	1
3531	1
3532	1
3533	1
3534	1
3535	1
3536	1
3537	1
3538	1
3539	1
3540	1
3541	1
3542	1
3543	1
3544	1
3545	1
3546	1
3547	1
3548	1
3549	1
3550	1
3551	1
3552	1
3553	1
3554	1
3555	1
3556	1
3557	1
3558	1
3559	1
3560	1
3561	1
3562	1
3563	1
3564	1
3565	1
3566	1
3567	1
3568	1
3569	1
3570	1
3571	1
3572	1
3573	1
3574	1
3575	1
3576	1
3577	1
3578	1
3579	1
3580	1
3581	1
3582	1
3583	1
3584	1
3585	1
3586	1
3587	1
3588	1
3589	1
3590	1
3591	1
3592	1
3593	1
3594	1
3595	1
3596	1
3597	1
3598	1
3599	1
3600	1
3601	1
3602	1
3603	1
3604	1
3605	1
3606	1
3607	1
3608	1
3609	1
3610	1
3611	1
3612	1
3613	1
3614	1
3615	1
3616	1
3617	1
3618	1
3619	1
3620	1
3621	1
3622	1
3623	1
3624	1
3625	1
3626	1
3627	1
3628	1
3629	1
3630	1
3631	1
3632	1
3633	1
3634	1
3635	1
3636	1
3637	1
3638	1
3639	1
3640	1
3641	1
3642	1
3643	1
3644	1
3645	1
3646	1
3647	1
3648	1
3649	1
3650	1
3651	1
3652	1
3653	1
3654	1
3655	1
3656	1
3657	1
3658	1
3659	1
3660	1
3661	1
3662	1
3663	1
3664	1
3665	1
3666	1
3667	1
3668	1
3669	1
3670	1
3671	1
3672	1
3673	1
3674	1
3675	1
3676	1
3677	1
3678	1
3679	1
3680	1
3681	1
3682	1
3683	1
3684	1
3685	1
3686	1
3687	1
3688	1
3689	1
3690	1
3691	1
3692	1
3693	1
3694	1
3695	1
3696	1
3697	1
3698	1
3699	1
3700	1
3701	1
3702	1
3703	1
3704	1
3705	1
3706	1
3707	1
3708	1
3709	1
3710	1
3711	1
3712	1
3713	1
3714	1
3715	1
3716	1
3717	1
3718	1
3719	1
3720	1
3721	1
3722	1
3723	1
3724	1
3725	1
3726	1
3727	1
3728	1
3729	1
3730	1
3731	1
3732	1
3733	1
3734	1
3735	1
3736	1
3737	1
3738	1
3739	1
3740	1
3741	1
3742	1
3743	1
3744	1
3745	1
3746	1
3747	1
3748	1
3749	1
3750	1
3751	1
3752	1
3753	1
3754	1
3755	1
3756	1
3757	1
3758	1
3759	1
3760	1
3761	1
3762	1
3763	1
3764	1
3765	1
3766	1
3767	1
3768	1
3769	1
3770	1
3771	1
3772	1
3773	1
3774	1
3775	1
3776	1
3777	1
3778	1
3779	1
3780	1
3781	1
3782	1
3783	1
3784	1
3785	1
3786	1
3787	1
3788	1
3789	1
3790	1
3791	1
3792	1
3793	1
3794	1
3795	1
3796	1
3797	1
3798	1
3799	1
3800	1
3801	1
3802	1
3803	1
3804	1
3805	1
3806	1
3807	1
3808	1
3809	1
3810	1
3811	1
3812	1
3813	1
3814	1
3815	1
3816	1
3817	1
3818	1
3819	1
3820	1
3821	1
3822	1
3823	1
3824	1
3825	1
3826	1
3827	1
3828	1
3829	1
3830	1
3831	1
3832	1
3833	1
3834	1
3835	1
3836	1
3837	1
3838	1
3839	1
3840	1
3841	1
3842	1
3843	1
3844	1
3845	1
3846	1
3847	1
3848	1
3849	1
3850	1
3851	1
3852	1
3853	1
3854	1
3855	1
3856	1
3857	1
3858	1
3859	1
3860	1
3861	1
3862	1
3863	1
3864	1
3865	1
3866	1
3867	1
3868	1
3869	1
3870	1
3871	1
3872	1
3873	1
3874	1
3875	1
3876	1
3877	1
3878	1
3879	1
3880	1
3881	1
3882	1
3883	1
3884	1
3885	1
3886	1
3887	1
3888	1
3889	1
3890	1
3891	1
3892	1
3893	1
3894	1
3895	1
3896	1
3897	1
3898	1
3899	1
3900	1
3901	1
3902	1
3903	1
3904	1
3905	1
3906	1
3907	1
3908	1
3909	1
3910	1
3911	1
3912	1
3913	1
3914	1
3915	1
3916	1
3917	1
3918	1
3919	1
3920	1
3921	1
3922	1
3923	1
3924	1
3925	1
3926	1
3927	1
3928	1
3929	1
3930	1
3931	1
3932	1
3933	1
3934	1
3935	1
3936	1
3937	1
3938	1
3939	1
3940	1
3941	1
3942	1
3943	1
3944	1
3945	1
3946	1
3947	1
3948	1
3949	1
3950	1
3951	1
3952	1
3953	1
3954	1
3955	1
3956	1
3957	1
3958	1
3959	1
3960	1
3961	1
3962	1
3963	1
3964	1
3965	1
3966	1
3967	1
3968	1
3969	1
3970	1
3971	1
3972	1
3973	1
3974	1
3975	1
3976	1
3977	1
3978	1
3979	1
3980	1
3981	1
3982	1
3983	1
3984	1
3985	1
3986	1
3987	1
3988	1
3989	1
3990	1
3991	1
3992	1
3993	1
3994	1
3995	1
3996	1
3997	1
3998	1
3999	1
4000	1
4001	1
4002	1
4003	1
4004	1
4005	1
4006	1
4007	1
4008	1
4009	1
4010	1
4011	1
4012	1
4013	1
4014	1
4015	1
4016	1
4017	1
4018	1
4019	1
4020	1
4021	1
4022	1
4023	1
4024	1
4025	1
4026	1
4027	1
4028	1
4029	1
4030	1
4031	1
4032	1
4033	1
4034	1
4035	1
4036	1
4037	1
4038	1
4039	1
4040	1
4041	1
4042	1
4043	1
4044	1
4045	1
4046	1
4047	1
4048	1
4049	1
4050	1
4051	1
4052	1
4053	1
4054	1
4055	1
4056	1
4057	1
4058	1
4059	1
4060	1
4061	1
4062	1
4063	1
4064	1
4065	1
4066	1
4067	1
4068	1
4069	1
4070	1
4071	1
4072	1
4073	1
4074	1
4075	1
4076	1
4077	1
4078	1
4079	1
4080	1
4081	1
4082	1
4083	1
4084	1
4085	1
4086	1
4087	1
4088	1
4089	1
4090	1
4091	1
4092	1
4093	1
4094	1
4095	1
4096	1
4097	1
4098	1
4099	1
4100	1
4101	1
4102	1
4103	1
4104	1
4105	1
4106	1
4107	1
4108	1
4109	1
4110	1
4111	1
4112	1
4113	1
4114	1
4115	1
4116	1
4117	1
4118	1
4119	1
4120	1
4121	1
4122	1
4123	1
4124	1
4125	1
4126	1
4127	1
4128	1
4129	1
4130	1
4131	1
4132	1
4133	1
4134	1
4135	1
4136	1
4137	1
4138	1
4139	1
4140	1
4141	1
4142	1
4143	1
4144	1
4145	1
4146	1
4147	1
4148	1
4149	1
4150	1
4151	1
4152	1
4153	1
4154	1
4155	1
4156	1
4157	1
4158	1
4159	1
4160	1
4161	1
4162	1
4163	1
4164	1
4165	1
4166	1
4167	1
4168	1
4169	1
4170	1
4171	1
4172	1
4173	1
4174	1
4175	1
4176	1
4177	1
4178	1
4179	1
4180	1
4181	1
4182	1
4183	1
4184	1
4185	1
4186	1
4187	1
4188	1
4189	1
4190	1
4191	1
4192	1
4193	1
4194	1
4195	1
4196	1
4197	1
4198	1
4199	1
4200	1
4201	1
4202	1
4203	1
4204	1
4205	1
4206	1
4207	1
4208	1
4209	1
4210	1
4211	1
4212	1
4213	1
4214	1
4215	1
4216	1
4217	1
4218	1
4219	1
4220	1
4221	1
4222	1
4223	1
4224	1
4225	1
4226	1
4227	1
4228	1
4229	1
4230	1
4231	1
4232	1
4233	1
4234	1
4235	1
4236	1
4237	2
4238	2
4239	2
4240	2
4241	2
4242	2
4243	2
4244	2
4245	2
4246	2
4247	2
4248	2
4249	2
4250	2
4251	2
4252	2
4253	2
4254	2
4255	2
4256	2
4257	2
4258	2
4259	2
4260	2
4261	2
4262	2
4263	2
4264	2
4265	2
4266	2
4267	2
4268	2
4269	2
4270	2
4271	2
4272	2
4273	2
4274	2
4275	2
4276	2
4277	2
4278	2
4279	2
4280	2
4281	2
4282	2
4283	2
4284	2
4285	2
4286	2
4287	2
4288	2
4289	2
4290	2
4291	2
4292	2
4293	2
4294	2
4295	2
4296	2
4297	2
4298	2
4299	2
4300	2
4301	2
4302	2
4303	2
4304	2
4305	2
4306	2
4307	2
4308	2
4309	2
4310	2
4311	2
4312	2
4313	2
4314	2
4315	2
4316	2
4317	2
4318	2
4319	2
4320	2
4321	2
4322	2
4323	2
4324	2
4325	2
4326	2
4327	2
4328	2
4329	2
4330	2
4331	2
4332	2
4333	2
4334	2
4335	2
4336	2
4337	2
4338	2
4339	2
4340	2
4341	2
4342	2
4343	2
4344	2
4345	2
4346	2
4347	2
4348	2
4349	2
4350	2
4351	2
4352	2
4353	2
4354	2
4355	2
4356	2
4357	2
4358	2
4359	2
4360	2
4361	2
4362	2
4363	2
4364	2
4365	2
4366	2
4367	2
4368	2
4369	2
4370	2
4371	2
4372	2
4373	2
4374	2
4375	2
4376	2
4377	2
4378	2
4379	2
4380	2
4381	2
4382	2
4383	2
4384	2
4385	2
4386	2
4387	2
4388	2
4389	2
4390	2
4391	2
4392	2
4393	2
4394	2
4395	2
4396	2
4397	2
4398	2
4399	2
4400	2
4401	2
4402	2
4403	2
4404	2
4405	2
4406	2
4407	2
4408	2
4409	2
4410	2
4411	2
4412	2
4413	2
4414	2
4415	2
4416	2
4417	2
4418	2
4419	2
4420	2
4421	2
4422	2
4423	2
4424	2
4425	2
4426	2
4427	2
4428	2
4429	2
4430	2
4431	2
4432	2
4433	2
4434	2
4435	2
4436	2
4437	2
4438	2
4439	2
4440	2
4441	2
4442	2
4443	2
4444	2
4445	2
4446	2
4447	2
4448	2
4449	2
4450	2
4451	2
4452	2
4453	2
4454	2
4455	2
4456	2
4457	2
4458	2
4459	2
4460	2
4461	2
4462	2
4463	2
4464	2
4465	2
4466	2
4467	2
4468	2
4469	2
4470	2
4471	2
4472	2
4473	2
4474	2
4475	2
4476	2
4477	2
4478	2
4479	2
4480	2
4481	2
4482	2
4483	2
4484	2
4485	2
4486	2
4487	2
4488	2
4489	2
4490	2
4491	2
4492	2
4493	2
4494	2
4495	2
4496	2
4497	2
4498	2
4499	2
4500	2
4501	2
4502	2
4503	2
4504	2
4505	2
4506	2
4507	2
4508	2
4509	2
4510	2
4511	2
4512	2
4513	2
4514	2
4515	2
4516	2
4517	2
4518	2
4519	2
4520	2
4521	2
4522	2
4523	2
4524	2
4525	2
4526	2
4527	2
4528	2
4529	2
4530	2
4531	2
4532	2
4533	2
4534	2
4535	2
4536	2
4537	2
4538	2
4539	2
4540	2
4541	2
4542	2
4543	2
4544	2
4545	2
4546	2
4547	2
4548	2
4549	2
4550	2
4551	2
4552	2
4553	2
4554	2
4555	2
4556	2
4557	2
4558	2
4559	2
4560	2
4561	2
4562	2
4563	2
4564	2
4565	2
4566	2
4567	2
4568	2
4569	2
4570	2
4571	2
4572	2
4573	2
4574	2
4575	2
4576	2
4577	2
4578	2
4579	2
4580	2
4581	2
4582	2
4583	2
4584	2
4585	2
4586	2
4587	2
4588	2
4589	2
4590	2
4591	2
4592	2
4593	2
4594	2
4595	2
4596	2
4597	2
4598	2
4599	2
4600	2
4601	2
4602	2
4603	2
4604	2
4605	2
4606	2
4607	2
4608	2
4609	2
4610	2
4611	2
4612	2
4613	2
4614	2
4615	2
4616	2
4617	2
4618	2
4619	2
4620	2
4621	2
4622	2
4623	2
4624	2
4625	2
4626	2
4627	2
4628	2
4629	2
4630	2
4631	2
4632	2
4633	2
4634	2
4635	2
4636	2
4637	2
4638	2
4639	2
4640	2
4641	2
4642	2
4643	2
4644	2
4645	2
4646	2
4647	2
4648	2
4649	2
4650	2
4651	2
4652	2
4653	2
4654	2
4655	2
4656	2
4657	2
4658	2
4659	2
4660	2
4661	2
4662	2
4663	2
4664	2
4665	2
4666	2
4667	2
4668	2
4669	2
4670	2
4671	2
4672	2
4673	2
4674	2
4675	2
4676	2
4677	2
4678	2
4679	2
4680	2
4681	2
4682	2
4683	2
4684	2
4685	2
4686	2
4687	2
4688	2
4689	2
4690	2
4691	2
4692	2
4693	2
4694	2
4695	2
4696	2
4697	2
4698	2
4699	2
4700	2
4701	2
4702	2
4703	2
4704	2
4705	2
4706	2
4707	2
4708	2
4709	2
4710	2
4711	2
4712	2
4713	2
4714	2
4715	2
4716	2
4717	2
4718	2
4719	2
4720	2
4721	2
4722	2
4723	2
4724	2
4725	2
4726	2
4727	2
4728	2
4729	2
4730	2
4731	2
4732	2
4733	2
4734	2
4735	2
4736	2
4737	2
4738	2
4739	2
4740	2
4741	2
4742	2
4743	2
4744	2
4745	2
4746	2
4747	2
4748	2
4749	2
4750	2
4751	2
4752	2
4753	2
4754	2
4755	2
4756	2
4757	2
4758	2
4759	2
4760	2
4761	2
4762	2
4763	2
4764	2
4765	2
4766	2
4767	2
4768	2
4769	2
4770	2
4771	2
4772	2
4773	2
4774	2
4775	2
4776	2
4777	2
4778	2
4779	2
4780	2
4781	2
4782	2
4783	2
4784	2
4785	2
4786	2
4787	2
4788	2
4789	2
4790	2
4791	2
4792	2
4793	2
4794	2
4795	2
4796	2
4797	2
4798	2
4799	2
4800	2
4801	2
4802	2
4803	2
4804	2
4805	2
4806	2
4807	2
4808	2
4809	2
4810	2
4811	2
4812	2
4813	2
4814	2
4815	2
4816	2
4817	2
4818	2
4819	2
4820	2
4821	2
4822	2
4823	2
4824	2
4825	2
4826	2
4827	2
4828	2
4829	2
4830	2
4831	2
4832	2
4833	2
4834	2
4835	2
4836	2
4837	2
4838	2
4839	2
4840	2
4841	2
4842	2
4843	2
4844	2
4845	2
4846	2
4847	2
4848	2
4849	2
4850	2
4851	2
4852	2
4853	2
4854	2
4855	2
4856	2
4857	2
4858	2
4859	2
4860	2
4861	2
4862	2
4863	2
4864	2
4865	2
4866	2
4867	2
4868	2
4869	2
4870	2
4871	2
4872	2
4873	2
4874	2
4875	2
4876	2
4877	2
4878	2
4879	2
4880	2
4881	2
4882	2
4883	2
4884	2
4885	2
4886	2
4887	2
4888	2
4889	2
4890	2
4891	2
4892	2
4893	2
4894	2
4895	2
4896	2
4897	2
4898	2
4899	2
4900	2
4901	2
4902	2
4903	2
4904	2
4905	2
4906	2
4907	2
4908	2
4909	2
4910	2
4911	2
4912	2
4913	2
4914	2
4915	2
4916	2
4917	2
4918	2
4919	2
4920	2
4921	2
4922	2
4923	2
4924	2
4925	2
4926	2
4927	2
4928	2
4929	2
4930	2
4931	2
4932	2
4933	2
4934	2
4935	2
4936	2
4937	2
4938	2
4939	2
4940	2
4941	2
4942	2
4943	2
4944	2
4945	2
4946	2
4947	2
4948	2
4949	2
4950	2
4951	2
4952	2
4953	2
4954	2
4955	2
4956	2
4957	2
4958	2
4959	2
4960	2
4961	2
4962	2
4963	2
4964	2
4965	2
4966	2
4967	2
4968	2
4969	2
4970	2
4971	2
4972	2
4973	2
4974	2
4975	2
4976	2
4977	2
4978	2
4979	2
4980	2
4981	2
4982	2
4983	2
4984	2
4985	2
4986	2
4987	2
4988	2
4989	2
4990	2
4991	2
4992	2
4993	2
4994	2
4995	2
4996	2
4997	2
4998	2
4999	2
5000	2
5001	2
5002	2
5003	2
5004	2
5005	2
5006	2
5007	2
5008	2
5009	2
5010	2
5011	2
5012	2
5013	2
5014	2
5015	2
5016	2
5017	2
5018	2
5019	2
5020	2
5021	2
5022	2
5023	2
5024	2
5025	2
5026	2
5027	2
5028	2
5029	2
5030	2
5031	2
5032	2
5033	2
5034	2
5035	2
5036	2
5037	2
5038	2
5039	2
5040	2
5041	2
5042	2
5043	2
5044	2
5045	2
5046	2
5047	2
5048	2
5049	2
5050	2
5051	2
5052	2
5053	2
5054	2
5055	2
5056	2
5057	2
5058	2
5059	2
5060	2
5061	2
5062	2
5063	2
5064	2
5065	2
5066	2
5067	2
5068	2
5069	2
5070	2
5071	2
5072	2
5073	2
5074	2
5075	2
5076	2
5077	2
5078	2
5079	2
5080	2
5081	2
5082	2
5083	2
5084	2
5085	2
5086	2
5087	2
5088	2
5089	2
5090	2
5091	2
5092	2
5093	2
5094	2
5095	2
5096	2
5097	2
5098	2
5099	2
5100	2
5101	2
5102	2
5103	2
5104	2
5105	2
5106	2
5107	2
5108	2
5109	2
5110	2
5111	2
5112	2
5113	2
5114	2
5115	2
5116	2
5117	2
5118	2
5119	2
5120	2
5121	2
5122	2
5123	2
5124	2
5125	2
5126	2
5127	2
5128	2
5129	2
5130	2
5131	2
5132	2
5133	2
5134	2
5135	2
5136	2
5137	2
5138	2
5139	2
5140	2
5141	2
5142	2
5143	2
5144	2
5145	2
5146	2
5147	2
5148	2
5149	2
5150	2
5151	2
5152	2
5153	2
5154	2
5155	2
5156	2
5157	2
5158	2
5159	2
5160	2
5161	2
5162	2
5163	2
5164	2
5165	2
5166	2
5167	2
5168	2
5169	2
5170	2
5171	2
5172	2
5173	2
5174	2
5175	2
5176	2
5177	2
5178	2
5179	2
5180	3
5181	3
5182	3
5183	3
5184	3
5185	3
5186	3
5187	3
5188	3
5189	3
5190	3
5191	3
5192	3
5193	3
5194	3
5195	3
5196	3
5197	3
5198	3
5199	3
5200	3
5201	3
5202	3
5203	3
5204	3
5205	3
5206	3
5207	3
5208	3
5209	3
5210	3
5211	3
5212	3
5213	3
5214	3
5215	3
5216	3
5217	3
5218	3
5219	3
5220	3
5221	3
5222	3
5223	3
5224	3
5225	3
5226	3
5227	3
5228	3
5229	3
5230	3
5231	3
5232	3
5233	3
5234	3
5235	3
5236	3
5237	3
5238	3
5239	3
5240	3
5241	3
5242	3
5243	3
5244	3
5245	3
5246	3
5247	3
5248	3
5249	3
5250	3
5251	3
5252	3
5253	3
5254	3
5255	3
5256	3
5257	3
5258	3
5259	3
5260	3
5261	3
5262	3
5263	3
5264	3
5265	3
5266	3
5267	3
5268	3
5269	3
5270	3
5271	3
5272	3
5273	3
5274	3
5275	3
5276	3
5277	3
5278	3
5279	3
5280	3
5281	3
5282	3
5283	3
5284	3
5285	3
5286	3
5287	3
5288	3
5289	3
5290	3
5291	3
5292	3
5293	3
5294	3
5295	3
5296	3
5297	3
5298	3
5299	3
5300	3
5301	3
5302	3
5303	3
5304	3
5305	3
5306	3
5307	3
5308	3
5309	3
5310	3
5311	3
5312	3
5313	3
5314	3
5315	3
5316	3
5317	3
5318	3
5319	3
5320	3
5321	3
5322	3
5323	3
5324	3
5325	3
5326	3
5327	3
5328	3
5329	3
5330	3
5331	3
5332	3
5333	3
5334	3
5335	3
5336	3
5337	3
5338	3
5339	3
5340	3
5341	3
5342	3
5343	3
5344	3
5345	3
5346	3
5347	3
5348	3
5349	3
5350	3
5351	3
5352	3
5353	3
5354	3
5355	3
5356	3
5357	3
5358	3
5359	3
5360	3
5361	3
5362	3
5363	3
5364	3
5365	3
5366	3
5367	3
5368	3
5369	3
5370	3
5371	3
5372	3
5373	3
5374	3
5375	3
5376	3
5377	3
5378	3
5379	3
5380	3
5381	3
5382	3
5383	3
5384	3
5385	3
5386	3
5387	3
5388	3
5389	3
5390	3
5391	3
5392	3
5393	3
5394	3
5395	3
5396	3
5397	3
5398	3
5399	3
5400	3
5401	3
5402	3
5403	3
5404	3
5405	3
5406	3
5407	3
5408	3
5409	3
5410	3
5411	3
5412	3
5413	3
5414	3
5415	3
5416	3
5417	3
5418	3
5419	3
5420	3
5421	4
5422	4
5423	4
5424	4
5425	4
5426	4
5427	4
5428	4
5429	4
5430	4
5431	4
5432	4
5433	4
5434	4
5435	4
5436	4
5437	4
5438	4
5439	4
5440	4
5441	4
5442	4
5443	4
5444	4
5445	4
5446	4
5447	4
5448	4
5449	4
5450	4
5451	4
5452	4
5453	4
5454	4
5455	4
5456	4
5457	4
5458	4
5459	4
5460	4
5461	4
5462	4
5463	4
5464	4
5465	4
5466	4
5467	4
5468	4
5469	4
5470	4
5471	4
5472	4
5473	4
5474	4
5475	4
5476	4
5477	4
5478	4
5479	4
5480	4
5481	4
5482	4
5483	4
5484	4
5485	4
5486	4
5487	4
5488	4
5489	4
5490	4
5491	4
5492	4
5493	4
5494	4
5495	4
5496	4
5497	4
5498	4
5499	4
5500	4
5501	4
5502	4
5503	4
5504	4
5505	4
5506	4
5507	4
5508	4
5509	4
5510	4
5511	4
5512	4
5513	5
5514	5
5515	5
5516	5
5517	5
5518	5
5519	5
5520	5
5521	5
5522	5
5523	5
5524	5
5525	5
5526	5
5527	5
5528	5
5529	5
5530	5
5531	5
5532	5
5533	5
5534	5
5535	5
5536	5
5537	5
5538	5
5539	5
5540	5
5541	5
5542	5
5543	5
5544	5
5545	5
5546	5
5547	5
5548	5
5549	5
5550	5
5551	5
5552	5
5553	5
5554	6
5555	6
5556	6
5557	6
5558	6
5559	6
5560	6
5561	6
5562	6
5563	6
5564	6
5565	6
5566	6
5567	6
5568	6
5569	6
5570	6
5571	6
5572	6
5573	6
5574	6
5575	6
5576	6
5577	6
5578	6
5579	6
5580	6
5581	6
5582	6
5583	6
5584	6
5585	6
5586	6
5587	6
5588	6
5589	6
5590	6
5591	6
5592	6
5593	6
5594	6
5595	6
5596	6
5597	6
5598	6
5599	6
5600	6
5601	6
5602	6
5603	6
5604	6
5605	6
5606	6
5607	6
5608	6
5609	6
5610	6
5611	6
5612	6
5613	6
5614	6
5615	6
5616	6
5617	6
5618	6
5619	6
5620	6
5621	6
5622	6
5623	6
5624	6
5625	6
5626	6
5627	6
5628	6
5629	6
5630	6
5631	6
5632	6
5633	6
5634	6
5635	6
5636	6
5637	6
5638	6
5639	6
5640	6
5641	6
5642	6
5643	6
5644	6
5645	6
5646	6
5647	6
5648	6
5649	6
5650	6
5651	6
5652	6
5653	6
5654	6
5655	6
5656	6
5657	6
5658	6
5659	6
5660	6
5661	6
5662	6
5663	6
5664	6
5665	6
5666	6
5667	6
5668	6
5669	6
5670	6
5671	6
5672	6
5673	6
5674	6
5675	6
5676	6
5677	6
5678	6
5679	6
5680	6
5681	6
5682	6
5683	6
5684	6
5685	6
5686	6
5687	6
5688	6
5689	6
5690	6
5691	6
5692	6
5693	6
5694	6
5695	6
5696	6
5697	6
5698	6
5699	6
5700	6
5701	6
5702	6
5703	6
5704	6
5705	6
5706	6
5707	6
5708	6
5709	6
5710	6
5711	6
5712	6
5713	6
5714	6
5715	6
5716	6
5717	6
5718	6
5719	6
5720	6
5721	6
5722	6
5723	6
5724	6
5725	6
5726	6
5727	6
5728	6
5729	6
5730	6
5731	6
5732	6
5733	6
5734	6
5735	6
5736	6
5737	6
5738	6
5739	6
5740	6
5741	6
5742	6
5743	6
5744	6
5745	6
5746	6
5747	6
5748	6
5749	6
5750	6
5751	6
5752	6
5753	6
5754	6
5755	6
5756	6
5757	6
5758	6
5759	6
5760	6
5761	6
5762	6
5763	6
5764	6
5765	6
5766	6
5767	6
5768	6
5769	6
5770	6
5771	6
5772	6
5773	6
5774	6
5775	6
5776	6
5777	6
5778	6
5779	6
5780	6
5781	6
5782	6
5783	6
5784	6
5785	6
5786	6
5787	6
5788	6
5789	7
5790	7
5791	7
5792	7
5793	7
5794	7
5795	7
5796	8
5797	8
5798	8
5799	8
5800	8
5801	8
5802	8
5803	8
5804	8
5805	8
5806	8
5807	8
5808	8
5809	8
5810	8
5811	8
5812	8
5813	8
5814	8
5815	8
5816	8
5817	8
5818	8
5819	8
5820	8
5821	8
5822	8
5823	8
5824	8
5825	8
5826	8
5827	8
5828	8
5829	8
5830	8
5831	8
5832	8
5833	8
5834	8
5835	8
5836	8
5837	8
5838	8
5839	8
5840	8
5841	8
5842	8
5843	8
5844	8
5845	8
5846	8
5847	8
5848	8
5849	8
5850	8
5851	8
5852	8
5853	8
5854	8
5855	8
5856	8
5857	8
5858	8
5859	8
5860	8
5861	8
5862	8
5863	8
5864	8
5865	8
5866	8
5867	8
5868	8
5869	8
5870	8
5871	8
5872	8
5873	8
5874	8
5875	8
5876	8
5877	8
5878	8
5879	8
5880	8
5881	8
5882	8
5883	8
5884	8
5885	8
5886	8
5887	8
5888	8
5889	8
5890	8
5891	8
5892	8
5893	8
5894	8
5895	8
5896	8
5897	8
5898	8
5899	8
5900	8
5901	8
5902	8
5903	8
5904	8
5905	8
5906	8
5907	8
5908	8
5909	8
5910	8
5911	8
5912	8
5913	8
5914	8
5915	8
5916	8
5917	8
5918	8
5919	8
5920	8
5921	8
5922	8
5923	8
5924	8
5925	8
5926	8
5927	8
5928	8
5929	8
5930	8
5931	8
5932	8
5933	8
5934	8
5935	8
5936	8
5937	8
5938	9
5939	9
5940	9
5941	9
5942	9
5943	9
5944	9
5945	9
5946	9
5947	9
5948	9
5949	10
5950	10
5951	10
5952	10
5953	10
5954	10
5955	10
5956	10
5957	10
5958	10
5959	10
5960	10
5961	10
5962	10
5963	10
5964	10
5965	10
5966	10
5967	10
5968	10
5969	10
5970	10
5971	10
5972	10
5973	10
5974	10
5975	10
5976	10
5977	10
5978	10
5979	10
5980	10
5981	10
5982	10
5983	10
5984	10
5985	10
5986	10
5987	10
5988	10
5989	10
5990	10
5991	10
5992	11
5993	11
5994	11
5995	11
5996	11
5997	11
5998	11
5999	11
6000	11
6001	11
6002	11
6003	11
6004	11
6005	11
6006	11
6007	11
6008	11
6009	11
6010	11
6011	11
6012	11
6013	11
6014	11
6015	11
6016	11
6017	11
6018	11
6019	11
6020	11
6021	11
6022	11
6023	11
6024	11
6025	11
6026	11
6027	11
6028	11
6029	11
6030	11
6031	11
6032	11
6033	11
6034	11
6035	11
6036	11
6037	11
6038	11
6039	11
6040	11
6041	11
6042	11
6043	11
6044	11
6045	11
6046	11
6047	11
6048	11
6049	11
6050	11
6051	11
6052	11
6053	11
6054	11
6055	11
6056	11
6057	11
6058	11
6059	11
6060	11
6061	11
6062	11
6063	11
6064	11
6065	11
6066	11
6067	11
6068	11
6069	12
6070	12
6071	12
6072	12
6073	12
6074	12
6075	12
6076	12
6077	12
6078	12
6079	12
6080	12
6081	12
6082	12
6083	12
6084	12
6085	12
6086	12
6087	12
6088	12
6089	12
6090	12
6091	12
6092	12
6093	12
6094	12
6095	12
6096	12
6097	12
6098	12
6099	13
6100	13
6101	13
6102	13
6103	13
6104	13
6105	13
6106	13
6107	13
6108	13
6109	13
6110	13
6111	13
6112	13
6113	13
6114	13
6115	13
6116	13
6117	13
6118	13
6119	13
6120	13
6121	13
6122	13
6123	13
6124	13
6125	13
6126	13
6127	13
6128	13
6129	13
6130	13
6131	14
6132	14
6133	14
6134	14
6135	14
6136	14
6137	14
6138	14
6139	14
6140	14
6141	14
6142	14
6143	14
6144	14
6145	14
6146	14
6147	14
6148	14
6149	14
6150	14
6151	14
6152	14
6153	14
6154	14
6155	14
6156	14
6157	14
6158	14
6159	14
6160	14
6161	14
6162	14
6163	14
6164	14
6165	14
6166	14
6167	14
6168	14
6169	14
6170	14
6171	14
6172	14
6173	14
6174	14
6175	14
6176	14
6177	14
6178	14
6179	14
6180	14
6181	14
6182	14
6183	14
6184	14
6185	14
6186	14
6187	14
6188	14
6189	14
6190	14
6191	14
6192	14
6193	14
6194	14
6195	14
6196	14
6197	14
6198	14
6199	14
6200	14
6201	14
6202	14
6203	14
6204	14
6205	14
6206	14
6207	14
6208	14
6209	14
6210	14
6211	14
6212	14
6213	14
6214	14
6215	14
6216	14
6217	14
6218	14
6219	14
6220	14
6221	14
6222	14
6223	14
6224	14
6225	14
6226	14
6227	14
6228	14
6229	14
6230	14
6231	14
6232	14
6233	14
6234	14
6235	14
6236	14
6237	14
6238	14
6239	14
6240	14
6241	14
6242	14
6243	14
6244	14
6245	14
6246	14
6247	14
6248	14
6249	14
6250	14
6251	14
6252	14
6253	14
6254	14
6255	14
6256	14
6257	14
6258	14
6259	14
6260	14
6261	14
6262	14
6263	15
6264	15
6265	15
6266	15
6267	15
6268	15
6269	15
6270	15
6271	15
6272	15
6273	15
6274	15
6275	15
6276	15
6277	15
6278	15
6279	15
6280	15
6281	15
6282	15
6283	15
6284	15
6285	15
6286	15
6287	15
6288	15
6289	15
6290	15
6291	15
6292	15
6293	15
6294	15
6295	15
6296	15
6297	15
6298	15
6299	15
6300	15
6301	15
6302	15
6303	15
6304	15
6305	15
6306	15
6307	15
6308	15
6309	15
6310	15
6311	15
6312	15
6313	15
6314	15
6315	15
6316	15
6317	15
6318	15
6319	15
6320	15
6321	15
6322	15
6323	15
6324	15
6325	15
6326	15
6327	15
6328	15
6329	15
6330	15
6331	15
6332	15
6333	15
6334	15
6335	15
6336	15
6337	15
6338	15
6339	15
6340	15
6341	15
6342	15
6343	15
6344	15
6345	15
6346	15
6347	15
6348	15
6349	15
6350	15
6351	15
6352	15
6353	15
6354	15
6355	15
6356	15
6357	15
6358	15
6359	15
6360	15
6361	15
6362	15
6363	15
6364	15
6365	15
6366	15
6367	15
6368	15
6369	15
6370	15
6371	15
6372	15
6373	15
6374	15
6375	15
6376	15
6377	15
6378	15
6379	15
6380	15
6381	15
6382	15
6383	15
6384	15
6385	15
6386	15
6387	15
6388	15
6389	15
6390	15
6391	15
6392	15
6393	15
6394	15
6395	15
6396	15
6397	15
6398	15
6399	15
6400	15
6401	15
6402	15
6403	15
6404	15
6405	15
6406	15
6407	15
6408	15
6409	15
6410	15
6411	15
6412	15
6413	15
6414	15
6415	15
6416	15
6417	15
6418	15
6419	15
6420	15
6421	15
6422	15
6423	15
6424	15
6425	15
6426	15
6427	15
6428	15
6429	15
6430	15
6431	15
6432	15
6433	15
6434	15
6435	15
6436	15
6437	15
6438	15
6439	15
6440	15
6441	15
6442	15
6443	15
6444	15
6445	15
6446	15
6447	15
6448	15
6449	15
6450	15
6451	15
6452	15
6453	15
6454	15
6455	15
6456	15
6457	15
6458	15
6459	15
6460	15
6461	15
6462	15
6463	15
6464	15
6465	15
6466	15
6467	15
6468	15
6469	15
6470	15
6471	15
6472	15
6473	15
6474	15
6475	15
6476	15
6477	15
6478	15
6479	15
6480	15
6481	15
6482	15
6483	15
6484	15
6485	15
6486	15
6487	15
6488	15
6489	15
6490	15
6491	15
6492	15
6493	15
6494	15
6495	15
6496	15
6497	15
6498	15
6499	15
6500	15
6501	15
6502	15
6503	15
6504	15
6505	15
6506	15
6507	15
6508	15
6509	15
6510	15
6511	15
6512	15
6513	15
6514	15
6515	15
6516	15
6517	15
6518	15
6519	15
6520	15
6521	15
6522	15
6523	15
6524	15
6525	15
6526	15
6527	15
6528	15
6529	15
6530	15
6531	15
6532	15
6533	15
6534	15
6535	15
6536	15
6537	15
6538	15
6539	15
6540	15
6541	15
6542	15
6543	15
6544	15
6545	15
6546	15
6547	15
6548	15
6549	15
6550	15
6551	15
6552	15
6553	15
6554	15
6555	15
6556	15
6557	15
6558	15
6559	15
6560	15
6561	15
6562	15
6563	15
6564	15
6565	15
6566	15
6567	15
6568	15
6569	15
6570	15
6571	15
6572	15
6573	15
6574	15
6575	15
6576	15
6577	15
6578	15
6579	15
6580	15
6581	15
6582	15
6583	15
6584	15
6585	15
6586	15
6587	15
6588	15
6589	15
6590	15
6591	15
6592	15
6593	15
6594	15
6595	15
6596	15
6597	15
6598	15
6599	15
6600	15
6601	15
6602	15
6603	15
6604	15
6605	15
6606	15
6607	15
6608	15
6609	15
6610	15
6611	15
6612	15
6613	15
6614	15
6615	15
6616	15
6617	15
6618	15
6619	15
6620	15
6621	15
6622	15
6623	15
6624	15
6625	15
6626	15
6627	15
6628	15
6629	15
6630	15
6631	15
6632	15
6633	15
6634	15
6635	15
6636	15
6637	15
6638	15
6639	15
6640	15
6641	15
6642	15
6643	15
6644	15
6645	15
6646	15
6647	15
6648	15
6649	15
6650	15
6651	15
6652	15
6653	15
6654	15
6655	15
6656	15
6657	15
6658	15
6659	15
6660	15
6661	15
6662	15
6663	15
6664	15
6665	15
6666	15
6667	15
6668	15
6669	15
6670	15
6671	15
6672	15
6673	15
6674	15
6675	15
6676	15
6677	15
6678	15
6679	15
6680	15
6681	15
6682	15
6683	15
6684	15
6685	15
6686	15
6687	15
6688	15
6689	15
6690	15
6691	15
6692	15
6693	15
6694	15
6695	15
6696	16
6697	16
6698	16
6699	16
6700	16
6701	16
6702	16
6703	16
6704	16
6705	16
6706	16
6707	16
6708	16
6709	16
6710	16
6711	16
6712	16
6713	16
6714	16
6715	16
6716	16
6717	16
6718	16
6719	16
6720	16
6721	16
6722	16
6723	16
6724	16
6725	16
6726	16
6727	16
6728	16
6729	16
6730	16
6731	16
6732	16
6733	16
6734	16
6735	16
6736	16
6737	16
6738	16
6739	16
6740	16
6741	16
6742	16
6743	16
6744	16
6745	16
6746	16
6747	16
6748	16
6749	16
6750	16
6751	16
6752	16
6753	16
6754	16
6755	16
6756	16
6757	16
6758	16
6759	16
6760	16
6761	16
6762	16
6763	16
6764	16
6765	16
6766	16
6767	16
6768	16
6769	16
6770	16
6771	16
6772	16
6773	16
6774	16
6775	16
6776	16
6777	16
6778	16
6779	16
6780	16
6781	16
6782	16
6783	16
6784	16
6785	16
6786	16
6787	16
6788	16
6789	16
6790	16
6791	16
6792	16
6793	16
6794	16
6795	16
6796	16
6797	16
6798	16
6799	16
6800	16
6801	16
6802	16
6803	16
6804	17
6805	17
6806	17
6807	17
6808	17
6809	17
6810	17
6811	17
6812	17
6813	17
6814	17
6815	17
6816	17
6817	17
6818	17
6819	17
6820	17
6821	17
6822	17
6823	17
6824	17
6825	17
6826	17
6827	17
6828	17
6829	17
6830	17
6831	17
6832	17
6833	17
6834	17
6835	17
6836	17
6837	17
6838	17
6839	17
6840	17
6841	17
6842	17
6843	17
6844	17
6845	17
6846	17
6847	17
6848	17
6849	17
6850	17
6851	17
6852	17
6853	17
6854	17
6855	17
6856	17
6857	17
6858	17
6859	17
6860	17
6861	17
6862	17
6863	17
6864	17
6865	17
6866	17
6867	17
6868	17
6869	17
6870	17
6871	17
6872	17
6873	17
6874	17
6875	17
6876	17
6877	17
6878	17
6879	17
6880	17
6881	17
6882	17
6883	17
6884	17
6885	17
6886	17
6887	17
6888	17
6889	17
6890	17
6891	17
6892	17
6893	17
6894	17
6895	17
6896	17
6897	17
6898	17
6899	17
6900	17
6901	17
6902	17
6903	17
6904	17
6905	17
6906	17
6907	17
6908	17
6909	17
6910	17
6911	17
6912	17
6913	17
6914	17
6915	17
6916	17
6917	17
6918	17
6919	17
6920	17
6921	17
6922	17
6923	17
6924	17
6925	17
6926	17
6927	18
6928	18
6929	18
6930	18
6931	18
6932	18
6933	18
6934	18
6935	18
6936	18
6937	18
6938	18
6939	18
6940	18
6941	18
6942	18
6943	18
6944	18
6945	18
6946	18
6947	18
6948	18
6949	18
6950	18
6951	18
6952	18
6953	18
6954	18
6955	18
6956	18
6957	18
6958	18
6959	18
6960	18
6961	18
6962	18
6963	18
6964	18
6965	18
6966	18
6967	18
6968	18
6969	18
6970	18
6971	18
6972	18
6973	18
6974	18
6975	18
6976	18
6977	18
6978	18
6979	18
6980	18
6981	18
6982	18
6983	18
6984	18
6985	18
6986	18
6987	18
6988	18
6989	18
6990	18
6991	18
6992	18
6993	18
6994	18
6995	18
6996	18
6997	18
6998	18
6999	18
7000	18
7001	18
7002	18
7003	18
7004	18
7005	18
7006	18
7007	18
7008	18
7009	18
7010	18
7011	18
7012	18
7013	18
7014	18
7015	18
7016	18
7017	18
7018	18
7019	18
7020	18
7021	18
7022	18
7023	18
7024	18
7025	18
7026	18
7027	18
7028	18
7029	18
7030	18
7031	18
7032	18
7033	18
7034	18
7035	18
7036	18
7037	18
7038	19
7039	19
7040	19
7041	19
7042	19
7043	19
7044	19
7045	19
7046	19
7047	19
7048	19
7049	19
7050	19
7051	19
7052	19
7053	19
7054	19
7055	19
7056	19
7057	19
7058	19
7059	19
7060	19
7061	19
7062	19
7063	19
7064	19
7065	19
7066	19
7067	19
7068	19
7069	19
7070	19
7071	19
7072	19
7073	19
7074	19
7075	19
7076	19
7077	19
7078	19
7079	19
7080	19
7081	19
7082	19
7083	19
7084	19
7085	19
7086	19
7087	19
7088	19
7089	19
7090	19
7091	19
7092	19
7093	19
7094	19
7095	19
7096	19
7097	19
7098	19
7099	19
7100	19
7101	19
7102	19
7103	20
7104	20
7105	20
7106	20
7107	20
7108	20
7109	20
7110	20
7111	20
7112	20
7113	20
7114	20
7115	20
7116	20
7117	20
7118	20
7119	20
7120	20
7121	20
7122	20
7123	20
7124	20
7125	20
7126	20
7127	20
7128	20
7129	20
7130	20
7131	20
7132	20
7133	20
7134	20
7135	20
7136	20
7137	20
7138	20
7139	20
7140	20
7141	20
7142	20
7143	21
7144	21
7145	21
7146	21
7147	21
7148	21
7149	21
7150	21
7151	21
7152	21
7153	21
7154	21
7155	21
7156	21
7157	21
7158	21
7159	21
7160	21
7161	21
7162	21
7163	21
7164	21
7165	21
7166	21
7167	21
7168	21
7169	21
7170	21
7171	21
7172	21
7173	21
7174	21
7175	21
7176	21
7177	21
7178	21
7179	21
7180	21
7181	21
7182	21
7183	21
7184	21
7185	21
7186	21
7187	21
7188	21
7189	21
7190	21
7191	21
7192	21
7193	21
7194	21
7195	21
7196	21
7197	21
7198	21
7199	21
7200	21
7201	21
7202	21
7203	21
7204	21
7205	21
7206	21
7207	21
7208	21
7209	21
7210	21
7211	21
7212	21
7213	21
7214	21
7215	21
7216	21
7217	21
7218	21
7219	21
7220	21
7221	21
7222	21
7223	21
7224	21
7225	21
7226	21
7227	21
7228	21
7229	21
7230	21
7231	21
7232	21
7233	21
7234	21
7235	21
7236	21
7237	21
7238	21
7239	21
7240	21
7241	21
7242	21
7243	21
7244	21
7245	21
7246	21
7247	21
7248	21
7249	21
7250	21
7251	21
7252	21
7253	21
7254	21
7255	21
7256	21
7257	21
7258	21
7259	21
7260	21
7261	21
7262	21
7263	21
7264	21
7265	21
7266	21
7267	21
7268	21
7269	21
7270	21
7271	21
7272	21
7273	21
7274	21
7275	21
7276	21
7277	21
7278	21
7279	21
7280	21
7281	21
7282	21
7283	21
7284	21
7285	21
7286	21
7287	21
7288	21
7289	21
7290	21
7291	21
7292	21
7293	21
7294	21
7295	21
7296	21
7297	21
7298	21
7299	21
7300	21
7301	21
7302	21
7303	21
7304	21
7305	21
7306	21
7307	21
7308	21
7309	21
7310	21
7311	21
7312	21
7313	21
7314	21
7315	21
7316	21
7317	21
7318	21
7319	21
7320	21
7321	21
7322	21
7323	21
7324	21
7325	21
7326	21
7327	21
7328	21
7329	21
7330	21
7331	21
7332	21
7333	21
7334	21
7335	21
7336	21
7337	21
7338	21
7339	21
7340	21
7341	21
7342	21
7343	21
7344	21
7345	21
7346	21
7347	21
7348	21
7349	21
7350	21
7351	21
7352	21
7353	21
7354	21
7355	21
7356	21
7357	21
7358	21
7359	21
7360	21
7361	21
7362	21
7363	21
7364	21
7365	21
7366	21
7367	21
7368	21
7369	21
7370	21
7371	21
7372	21
7373	21
7374	21
7375	21
7376	21
7377	21
7378	21
7379	21
7380	21
7381	21
7382	21
7383	21
7384	21
7385	21
7386	21
7387	21
7388	21
7389	21
7390	21
7391	21
7392	21
7393	21
7394	21
7395	21
7396	21
7397	21
7398	21
7399	21
7400	21
7401	21
7402	21
7403	21
7404	21
7405	21
7406	21
7407	21
7408	21
7409	21
7410	21
7411	21
7412	21
7413	21
7414	21
7415	21
7416	21
7417	21
7418	21
7419	21
7420	21
7421	21
7422	21
7423	21
7424	21
7425	21
7426	21
7427	21
7428	21
7429	21
7430	21
7431	21
7432	21
7433	21
7434	21
7435	21
7436	21
7437	21
7438	21
7439	21
7440	21
7441	21
7442	21
7443	21
7444	21
7445	21
7446	21
7447	21
7448	21
7449	21
7450	21
7451	21
7452	21
7453	21
7454	21
7455	21
7456	21
7457	21
7458	21
7459	21
7460	21
7461	21
7462	21
7463	21
7464	21
7465	21
7466	21
7467	21
7468	21
7469	21
7470	21
7471	21
7472	21
7473	21
7474	21
7475	21
7476	21
7477	21
7478	21
7479	21
7480	21
7481	21
7482	21
7483	21
7484	21
7485	21
7486	21
7487	21
7488	21
7489	21
7490	21
7491	21
7492	21
7493	21
7494	21
7495	21
7496	21
7497	21
7498	21
7499	21
7500	21
7501	21
7502	21
7503	21
7504	21
7505	21
7506	21
7507	21
7508	21
7509	21
7510	21
7511	21
7512	21
7513	21
7514	21
7515	21
7516	21
7517	21
7518	21
7519	21
7520	21
7521	21
7522	21
7523	21
7524	21
7525	21
7526	21
7527	21
7528	21
7529	21
7530	21
7531	21
7532	21
7533	21
7534	21
7535	21
7536	21
7537	21
7538	21
7539	21
7540	21
7541	21
7542	21
7543	21
7544	21
7545	21
7546	21
7547	21
7548	21
7549	21
7550	21
7551	21
7552	21
7553	21
7554	21
7555	21
7556	21
7557	21
7558	21
7559	21
7560	21
7561	21
7562	21
7563	21
7564	21
7565	21
7566	21
7567	21
7568	21
7569	21
7570	21
7571	21
7572	21
7573	21
7574	21
7575	21
7576	21
7577	21
7578	21
7579	21
7580	21
7581	21
7582	21
7583	21
7584	21
7585	21
7586	21
7587	21
7588	21
7589	21
7590	21
7591	21
7592	21
7593	21
7594	21
7595	21
7596	21
7597	21
7598	21
7599	21
7600	21
7601	21
7602	21
7603	21
7604	21
7605	21
7606	21
7607	21
7608	21
7609	21
7610	21
7611	21
7612	21
7613	21
7614	21
7615	21
7616	21
7617	21
7618	21
7619	21
7620	21
7621	21
7622	21
7623	21
7624	21
7625	21
7626	21
7627	21
7628	21
7629	21
7630	21
7631	21
7632	21
7633	21
7634	21
7635	21
7636	21
7637	21
7638	21
7639	21
7640	21
7641	21
7642	21
7643	21
7644	21
7645	21
7646	21
7647	21
7648	21
7649	21
7650	21
7651	21
7652	21
7653	21
7654	21
7655	21
7656	21
7657	21
7658	21
7659	21
7660	21
7661	21
7662	21
7663	21
7664	21
7665	21
7666	21
7667	21
7668	21
7669	21
7670	21
7671	21
7672	21
7673	21
7674	21
7675	21
7676	21
7677	21
7678	21
7679	21
7680	21
7681	21
7682	21
7683	21
7684	21
7685	21
7686	21
7687	21
7688	21
7689	21
7690	21
7691	21
7692	21
7693	21
7694	21
7695	21
7696	21
7697	21
7698	21
7699	21
7700	21
7701	21
7702	21
7703	21
7704	21
7705	21
7706	21
7707	21
7708	21
7709	21
7710	21
7711	21
7712	21
7713	21
7714	21
7715	21
7716	21
7717	21
7718	21
7719	21
7720	21
7721	21
7722	21
7723	21
7724	21
7725	21
7726	21
7727	21
7728	21
7729	21
7730	21
7731	21
7732	21
7733	21
7734	21
7735	21
7736	21
7737	21
7738	21
7739	21
7740	21
7741	21
7742	21
7743	21
7744	21
7745	22
7746	22
7747	22
7748	22
7749	22
7750	22
7751	22
7752	22
7753	22
7754	22
7755	22
7756	22
7757	22
7758	22
7759	22
7760	22
7761	22
7762	22
7763	22
7764	22
7765	22
7766	22
7767	22
7768	22
7769	22
7770	22
7771	22
7772	22
7773	22
7774	22
7775	22
7776	22
7777	22
7778	22
7779	22
7780	22
7781	22
7782	22
7783	22
7784	22
7785	22
7786	22
7787	22
7788	22
7789	22
7790	22
7791	22
7792	22
7793	22
7794	22
7795	22
7796	22
7797	22
7798	22
7799	22
7800	22
7801	22
7802	22
7803	22
7804	22
7805	22
7806	22
7807	22
7808	22
7809	22
7810	22
7811	22
7812	22
7813	22
7814	22
7815	22
7816	22
7817	22
7818	22
7819	22
7820	22
7821	22
7822	22
7823	22
7824	22
7825	22
7826	22
7827	22
7828	22
7829	22
7830	22
7831	22
7832	22
7833	22
7834	22
7835	22
7836	22
7837	22
7838	22
7839	23
7840	23
7841	23
7842	23
7843	23
7844	23
7845	23
7846	23
7847	23
7848	23
7849	23
7850	23
7851	23
7852	23
7853	23
7854	23
7855	23
7856	23
7857	23
7858	23
7859	23
7860	23
7861	23
7862	23
7863	23
7864	23
7865	23
7866	23
7867	23
7868	23
7869	23
7870	23
7871	23
7872	23
7873	23
7874	23
7875	23
7876	23
7877	23
7878	23
7879	23
7880	23
7881	23
7882	23
7883	23
7884	23
7885	23
7886	23
7887	23
7888	23
7889	23
7890	23
7891	23
7892	23
7893	23
7894	23
7895	23
7896	23
7897	23
7898	23
7899	23
7900	23
7901	23
7902	23
7903	23
7904	23
7905	23
7906	23
7907	23
7908	23
7909	23
7910	23
7911	23
7912	23
7913	23
7914	23
7915	23
7916	23
7917	23
7918	23
7919	23
7920	23
7921	23
7922	23
7923	23
7924	23
7925	23
7926	23
7927	23
7928	23
7929	23
7930	23
7931	23
7932	23
7933	23
7934	23
7935	23
7936	23
7937	23
7938	23
7939	23
7940	23
7941	23
7942	23
7943	23
7944	23
7945	23
7946	23
7947	23
7948	23
7949	23
7950	23
7951	23
7952	23
7953	23
7954	23
7955	23
7956	23
7957	23
7958	23
7959	23
7960	23
7961	23
7962	23
7963	23
7964	23
7965	23
7966	23
7967	23
7968	23
7969	23
7970	23
7971	23
7972	23
7973	23
7974	23
7975	23
7976	23
7977	23
7978	23
7979	23
7980	23
7981	23
7982	23
7983	23
7984	23
7985	23
7986	23
7987	23
7988	23
7989	23
7990	23
7991	23
7992	23
7993	23
7994	23
7995	23
7996	23
7997	23
7998	23
7999	23
8000	23
8001	23
8002	23
8003	23
8004	23
8005	23
8006	23
8007	23
8008	23
8009	23
8010	23
8011	23
8012	23
8013	23
8014	23
8015	23
8016	23
8017	23
8018	23
8019	23
8020	23
8021	23
8022	23
8023	23
8024	23
8025	23
8026	23
8027	23
8028	23
8029	23
8030	23
8031	23
8032	23
8033	23
8034	23
8035	23
8036	23
8037	23
8038	23
8039	23
8040	23
8041	23
8042	23
8043	23
8044	23
8045	23
8046	23
8047	23
8048	23
8049	23
8050	23
8051	23
8052	23
8053	23
8054	23
8055	23
8056	23
8057	23
8058	23
8059	23
8060	23
8061	23
8062	23
8063	23
8064	23
8065	23
8066	23
8067	23
8068	23
8069	23
8070	23
8071	23
8072	23
8073	23
8074	23
8075	23
8076	23
8077	23
8078	23
8079	23
8080	23
8081	23
8082	23
8083	23
8084	23
8085	23
8086	23
8087	23
8088	23
8089	23
8090	23
8091	23
8092	23
8093	23
8094	23
8095	23
8096	23
8097	23
8098	23
8099	23
8100	23
8101	23
8102	23
8103	23
8104	23
8105	23
8106	23
8107	23
8108	23
8109	23
8110	23
8111	23
8112	23
8113	23
8114	23
8115	23
8116	23
8117	23
8118	23
8119	23
8120	23
8121	23
8122	23
8123	23
8124	23
8125	23
8126	23
8127	23
8128	23
8129	23
8130	23
8131	23
8132	23
8133	23
8134	23
8135	23
8136	23
8137	23
8138	23
8139	23
8140	23
8141	23
8142	23
8143	23
8144	23
8145	23
8146	23
8147	23
8148	23
8149	23
8150	23
8151	23
8152	23
8153	23
8154	23
8155	23
8156	23
8157	23
8158	23
8159	23
8160	23
8161	23
8162	23
8163	23
8164	23
8165	23
8166	23
8167	23
8168	23
8169	23
8170	23
8171	23
8172	23
8173	23
8174	23
8175	23
8176	23
8177	23
8178	23
8179	23
8180	23
8181	23
8182	23
8183	23
8184	23
8185	23
8186	23
8187	23
8188	23
8189	23
8190	23
8191	23
8192	23
8193	23
8194	23
8195	23
8196	23
8197	23
8198	23
8199	23
8200	23
8201	23
8202	23
8203	23
8204	23
8205	23
8206	23
8207	23
8208	23
8209	23
8210	23
8211	23
8212	23
8213	23
8214	23
8215	23
8216	23
8217	24
8218	24
8219	24
8220	24
8221	24
8222	24
8223	24
8224	24
8225	24
8226	24
8227	24
8228	24
8229	24
8230	24
8231	24
8232	24
8233	24
8234	24
8235	24
8236	24
8237	24
8238	24
8239	24
8240	24
8241	24
8242	24
8243	24
8244	24
8245	24
8246	24
8247	24
8248	24
8249	24
8250	24
8251	24
8252	24
8253	24
8254	24
8255	24
8256	24
8257	24
8258	24
8259	24
8260	24
8261	24
8262	24
8263	24
8264	24
8265	24
8266	24
8267	24
8268	24
8269	24
8270	24
8271	24
8272	24
8273	24
8274	24
8275	24
8276	24
8277	24
8278	24
8279	24
8280	24
8281	24
8282	24
8283	24
8284	24
8285	24
8286	24
8287	24
8288	24
8289	24
8290	24
8291	24
8292	24
8293	24
8294	24
8295	24
8296	24
8297	24
8298	24
8299	24
8300	24
8301	24
8302	24
8303	24
8304	24
8305	24
8306	24
8307	24
8308	24
8309	24
8310	24
8311	24
8312	24
8313	24
8314	24
8315	24
8316	24
8317	24
8318	24
8319	24
8320	24
8321	24
8322	24
8323	24
8324	24
8325	24
8326	24
8327	24
8328	24
8329	24
8330	24
8331	24
8332	24
8333	24
8334	24
8335	24
8336	24
8337	24
8338	24
8339	24
8340	24
8341	24
8342	24
8343	24
8344	24
8345	24
8346	24
8347	24
8348	25
8349	25
8350	25
8351	25
8352	25
8353	25
8354	25
8355	25
8356	25
8357	25
8358	25
8359	25
8360	25
8361	25
8362	25
8363	25
8364	25
8365	25
8366	25
8367	25
8368	25
8369	25
8370	25
8371	25
8372	25
8373	25
8374	25
8375	25
8376	25
8377	25
8378	25
8379	25
8380	25
8381	25
8382	25
8383	25
8384	25
8385	25
8386	25
8387	25
8388	25
8389	25
8390	25
8391	25
8392	25
8393	25
8394	25
8395	25
8396	25
8397	25
8398	25
8399	25
8400	25
8401	25
8402	25
8403	25
8404	25
8405	25
8406	25
8407	25
8408	25
8409	25
8410	25
8411	25
8412	25
8413	25
8414	25
8415	25
8416	25
8417	25
8418	25
8419	25
8420	25
8421	25
8422	25
8423	25
8424	25
8425	25
8426	25
8427	25
8428	25
8429	25
8430	25
8431	25
8432	25
8433	25
8434	25
8435	25
8436	25
8437	25
8438	25
8439	25
8440	25
8441	25
8442	25
8443	25
8444	25
8445	25
8446	25
8447	25
8448	25
8449	25
8450	25
8451	25
8452	25
8453	25
8454	25
8455	25
8456	25
8457	25
8458	25
8459	25
8460	25
8461	26
8462	26
8463	26
8464	26
8465	26
8466	26
8467	26
8468	26
8469	26
8470	26
8471	26
8472	26
8473	26
8474	26
8475	26
8476	26
8477	26
8478	26
8479	26
8480	26
8481	26
8482	26
8483	26
8484	26
8485	26
8486	26
8487	26
8488	26
8489	26
8490	26
8491	26
8492	26
8493	26
8494	26
8495	26
8496	26
8497	26
8498	26
8499	26
8500	26
8501	26
8502	26
8503	26
8504	26
8505	26
8506	26
8507	26
8508	26
8509	26
8510	26
8511	26
8512	26
8513	26
8514	26
8515	26
8516	26
8517	26
8518	26
8519	26
8520	26
8521	26
8522	26
8523	26
8524	26
8525	26
8526	26
8527	26
8528	26
8529	26
8530	26
8531	26
8532	26
8533	26
8534	26
8535	26
8536	26
8537	26
8538	26
8539	26
8540	26
8541	26
8542	26
8543	26
8544	26
8545	26
8546	26
8547	26
8548	26
8549	26
8550	26
8551	26
8552	26
8553	26
8554	26
8555	26
8556	26
8557	26
8558	26
8559	26
8560	26
8561	26
8562	26
8563	26
8564	26
8565	26
8566	26
8567	26
8568	26
8569	26
8570	26
8571	26
8572	26
8573	26
8574	26
8575	26
8576	26
8577	26
8578	26
8579	26
8580	26
8581	26
8582	26
8583	26
8584	26
8585	26
8586	26
8587	26
8588	26
8589	26
8590	26
8591	26
8592	26
8593	26
8594	26
8595	26
8596	26
8597	26
8598	26
8599	26
8600	26
8601	26
8602	26
8603	27
8604	27
8605	27
8606	27
8607	27
8608	27
8609	27
8610	27
8611	27
8612	27
8613	27
8614	27
8615	27
8616	27
8617	27
8618	27
8619	27
8620	27
8621	27
8622	27
8623	27
8624	27
8625	27
8626	27
8627	27
8628	27
8629	27
8630	27
8631	27
8632	27
8633	27
8634	27
8635	27
8636	27
8637	27
8638	27
8639	27
8640	27
8641	27
8642	27
8643	27
8644	27
8645	27
8646	27
8647	27
8648	27
8649	27
8650	27
8651	27
8652	27
8653	27
8654	27
8655	27
8656	27
8657	27
8658	27
8659	27
8660	27
8661	27
8662	27
8663	27
8664	27
8665	27
8666	27
8667	27
8668	27
8669	27
8670	27
8671	27
8672	27
8673	27
8674	27
8675	27
8676	27
8677	27
8678	27
8679	27
8680	27
8681	27
8682	27
8683	27
8684	27
8685	27
8686	27
8687	27
8688	27
8689	27
8690	27
8691	27
8692	27
8693	27
8694	27
8695	27
8696	27
8697	27
8698	27
8699	27
8700	27
8701	27
8702	27
8703	27
8704	27
8705	27
8706	27
8707	27
8708	27
8709	27
8710	27
8711	27
8712	27
8713	27
8714	27
8715	27
8716	27
8717	27
8718	27
8719	27
8720	27
8721	27
8722	27
8723	27
8724	27
8725	27
8726	27
8727	27
8728	27
8729	27
8730	27
8731	27
8732	27
8733	27
8734	27
8735	27
8736	27
8737	27
8738	27
8739	27
8740	27
8741	27
8742	27
8743	27
8744	27
8745	27
8746	27
8747	27
8748	27
8749	27
8750	27
8751	27
8752	27
8753	27
8754	27
8755	27
8756	27
8757	27
8758	28
8759	28
8760	28
8761	28
8762	28
8763	28
8764	28
8765	28
8766	28
8767	28
8768	28
8769	28
8770	28
8771	28
8772	28
8773	28
8774	28
8775	28
8776	28
8777	28
8778	28
8779	28
8780	28
8781	28
8782	28
8783	28
8784	28
8785	28
8786	28
8787	28
8788	28
8789	28
8790	28
8791	28
8792	28
8793	28
8794	28
8795	28
8796	28
8797	28
8798	28
8799	28
8800	28
8801	28
8802	28
8803	28
8804	28
8805	28
8806	28
8807	28
8808	28
8809	28
8810	28
8811	28
8812	28
8813	28
8814	28
8815	28
8816	28
8817	28
8818	28
8819	28
8820	28
8821	28
8822	28
8823	28
8824	28
8825	28
8826	28
8827	28
8828	28
8829	28
8830	28
8831	28
8832	28
8833	28
8834	28
8835	28
8836	28
8837	28
8838	28
8839	28
8840	28
8841	28
8842	28
8843	28
8844	28
8845	28
8846	28
8847	28
8848	28
8849	28
8850	28
8851	28
8852	28
8853	28
8854	28
8855	28
8856	28
8857	28
8858	28
8859	28
8860	28
8861	28
8862	28
8863	28
8864	28
8865	28
8866	28
8867	28
8868	28
8869	28
8870	28
8871	28
8872	28
8873	28
8874	28
8875	28
8876	28
8877	28
8878	28
8879	28
8880	28
8881	28
8882	28
8883	28
8884	28
8885	28
8886	28
8887	28
8888	28
8889	28
8890	28
8891	28
8892	28
8893	28
8894	28
8895	28
8896	28
8897	28
8898	28
8899	28
8900	28
8901	28
8902	28
8903	28
8904	28
8905	28
8906	28
8907	28
8908	28
8909	28
8910	28
8911	28
8912	28
8913	28
8914	28
8915	28
8916	28
8917	28
8918	28
8919	28
8920	28
8921	28
8922	28
8923	28
8924	28
8925	28
8926	28
8927	28
8928	28
8929	28
8930	28
8931	28
8932	28
8933	28
8934	28
8935	28
8936	28
8937	28
8938	28
8939	28
8940	28
8941	28
8942	28
8943	28
8944	28
8945	28
8946	28
8947	28
8948	28
8949	28
8950	28
8951	28
8952	28
8953	28
8954	28
8955	28
8956	28
8957	28
8958	28
8959	28
8960	28
8961	28
8962	29
8963	29
8964	29
8965	29
8966	29
8967	29
8968	29
8969	29
8970	29
8971	29
8972	29
8973	29
8974	29
8975	29
8976	29
8977	29
8978	29
8979	29
8980	29
8981	29
8982	29
8983	29
8984	29
8985	29
8986	29
8987	29
8988	29
8989	29
8990	29
8991	29
8992	29
8993	29
8994	29
8995	29
8996	29
8997	29
8998	29
8999	29
9000	29
9001	29
9002	29
9003	29
9004	29
9005	29
9006	29
9007	29
9008	29
9009	29
9010	29
9011	29
9012	29
9013	29
9014	29
9015	29
9016	29
9017	29
9018	29
9019	29
9020	29
9021	29
9022	29
9023	29
9024	29
9025	29
9026	29
9027	29
9028	29
9029	29
9030	29
9031	29
9032	29
9033	29
9034	29
9035	29
9036	29
9037	29
9038	29
9039	29
9040	29
9041	29
9042	29
9043	29
9044	29
9045	29
9046	29
9047	29
9048	29
9049	29
9050	29
9051	29
9052	29
9053	29
9054	29
9055	29
9056	29
9057	29
9058	29
9059	29
9060	29
9061	29
9062	29
9063	29
9064	29
9065	29
9066	29
9067	29
9068	29
9069	29
9070	29
9071	29
9072	29
9073	29
9074	29
9075	29
9076	29
9077	29
9078	29
9079	29
9080	29
9081	29
9082	29
9083	29
9084	29
9085	29
9086	29
9087	29
9088	29
9089	29
9090	29
9091	29
9092	29
9093	29
9094	29
9095	29
9096	29
9097	29
9098	29
9099	29
9100	29
9101	29
9102	29
9103	29
9104	29
9105	29
9106	29
9107	29
9108	29
9109	29
9110	29
9111	29
9112	29
9113	29
9114	29
9115	29
9116	29
9117	29
9118	29
9119	29
9120	29
9121	29
9122	29
9123	29
9124	29
9125	29
9126	29
9127	29
9128	29
9129	29
9130	29
9131	29
9132	29
9133	29
9134	29
9135	30
9136	30
9137	30
9138	30
9139	30
9140	30
9141	30
9142	30
9143	30
9144	30
9145	30
9146	30
9147	30
9148	30
9149	30
9150	30
9151	30
9152	30
9153	30
9154	30
9155	30
9156	30
9157	30
9158	30
9159	30
9160	30
9161	30
9162	30
9163	30
9164	30
9165	30
9166	30
9167	30
9168	30
9169	30
9170	30
9171	30
9172	30
9173	30
9174	30
9175	30
9176	30
9177	30
9178	30
9179	30
9180	30
9181	30
9182	30
9183	30
9184	30
9185	30
9186	30
9187	30
9188	30
9189	30
9190	30
9191	30
9192	30
9193	30
9194	30
9195	30
9196	30
9197	30
9198	30
9199	30
9200	30
9201	30
9202	30
9203	30
9204	30
9205	30
9206	30
9207	30
9208	30
9209	30
9210	30
9211	30
9212	30
9213	30
9214	30
9215	30
9216	30
9217	30
9218	30
9219	30
9220	30
9221	30
9222	30
9223	30
9224	30
9225	30
9226	30
9227	30
9228	30
9229	30
9230	30
9231	30
9232	30
9233	30
9234	30
9235	30
9236	30
9237	30
9238	30
9239	30
9240	30
9241	30
9242	30
9243	30
9244	30
9245	30
9246	30
9247	30
9248	30
9249	30
9250	30
9251	30
9252	30
9253	30
9254	30
9255	30
9256	30
9257	30
9258	30
9259	30
9260	30
9261	30
9262	30
9263	30
9264	30
9265	30
9266	30
9267	30
9268	30
9269	30
9270	30
9271	30
9272	30
9273	30
9274	30
9275	30
9276	30
9277	30
9278	30
9279	30
9280	30
9281	30
9282	30
9283	30
9284	30
9285	30
9286	30
9287	30
9288	30
9289	30
9290	30
9291	30
9292	30
9293	30
9294	30
9295	30
9296	30
9297	30
9298	30
9299	30
9300	30
9301	30
9302	30
9303	30
9304	30
9305	30
9306	30
9307	30
9308	30
9309	30
9310	30
9311	30
9312	30
9313	30
9314	30
9315	30
9316	30
9317	30
9318	30
9319	30
9320	30
9321	30
9322	30
9323	30
9324	30
9325	30
9326	30
9327	30
9328	30
9329	30
9330	30
9331	30
9332	30
9333	30
9334	30
9335	30
9336	30
9337	30
9338	30
9339	30
9340	30
9341	30
9342	30
9343	30
9344	30
9345	30
9346	30
9347	30
9348	30
9349	30
9350	30
9351	30
9352	30
9353	30
9354	30
9355	30
9356	30
9357	30
9358	30
9359	30
9360	30
9361	30
9362	30
9363	30
9364	30
9365	30
9366	30
9367	30
9368	30
9369	30
9370	30
9371	30
9372	30
9373	30
9374	30
9375	30
9376	30
9377	30
9378	30
9379	30
9380	30
9381	30
9382	30
9383	30
9384	30
9385	30
9386	30
9387	30
9388	30
9389	30
9390	30
9391	30
9392	30
9393	30
9394	30
9395	30
9396	30
9397	30
9398	30
9399	30
9400	30
9401	30
9402	30
9403	30
9404	30
9405	30
9406	30
9407	30
9408	30
9409	30
9410	30
9411	30
9412	30
9413	30
9414	30
9415	30
9416	30
9417	30
9418	30
9419	30
9420	30
9421	30
9422	30
9423	30
9424	30
9425	30
9426	30
9427	30
9428	30
9429	30
9430	30
9431	30
9432	30
9433	30
9434	30
9435	30
9436	30
9437	30
9438	30
9439	30
9440	30
9441	30
9442	30
9443	30
9444	30
9445	30
9446	30
9447	30
9448	30
9449	30
9450	30
9451	30
9452	30
9453	30
9454	30
9455	30
9456	30
9457	30
9458	30
9459	30
9460	30
9461	30
9462	30
9463	30
9464	30
9465	30
9466	30
9467	30
9468	30
9469	30
9470	30
9471	30
9472	30
9473	30
9474	30
9475	30
9476	30
9477	30
9478	30
9479	30
9480	30
9481	30
9482	30
9483	30
9484	30
9485	30
9486	30
9487	30
9488	30
9489	30
9490	30
9491	30
9492	30
9493	30
9494	30
9495	30
9496	30
9497	30
9498	30
9499	30
9500	30
9501	30
9502	30
9503	30
9504	30
9505	30
9506	30
9507	30
9508	30
9509	30
9510	30
9511	30
9512	30
9513	30
9514	30
9515	30
9516	30
9517	30
9518	30
9519	30
9520	30
9521	30
9522	30
9523	30
9524	30
9525	30
9526	30
9527	30
9528	30
9529	30
9530	30
9531	30
9532	30
9533	30
9534	30
9535	30
9536	30
9537	30
9538	30
9539	30
9540	30
9541	30
9542	30
9543	30
9544	30
9545	30
9546	30
9547	30
9548	30
9549	30
9550	30
9551	30
9552	30
9553	30
9554	30
9555	30
9556	30
9557	30
9558	30
9559	30
9560	30
9561	30
9562	30
9563	30
9564	30
9565	30
9566	30
9567	30
9568	30
9569	30
9570	30
9571	30
9572	30
9573	30
9574	30
9575	30
9576	30
9577	30
9578	30
9579	30
9580	30
9581	30
9582	30
9583	30
9584	30
9585	30
9586	30
9587	30
9588	30
9589	30
9590	30
9591	30
9592	30
9593	30
9594	30
9595	30
9596	30
9597	30
9598	30
9599	30
9600	30
9601	30
9602	30
9603	30
9604	30
9605	30
9606	30
9607	30
9608	30
9609	30
9610	30
9611	30
9612	30
9613	30
9614	30
9615	30
9616	30
9617	30
9618	30
9619	30
9620	30
9621	30
9622	30
9623	30
9624	30
9625	30
9626	30
9627	30
9628	30
9629	30
9630	30
9631	30
9632	30
9633	30
9634	30
9635	30
9636	30
9637	30
9638	30
9639	30
9640	30
9641	30
9642	30
9643	30
9644	30
9645	30
9646	31
9647	31
9648	31
9649	31
9650	31
9651	31
9652	31
9653	31
9654	31
9655	31
9656	31
9657	31
9658	31
9659	31
9660	31
9661	31
9662	31
9663	31
9664	31
9665	31
9666	31
9667	31
9668	31
9669	31
9670	31
9671	31
9672	31
9673	31
9674	31
9675	31
9676	31
9677	31
9678	31
9679	31
9680	31
9681	31
9682	31
9683	31
9684	31
9685	31
9686	31
9687	31
9688	31
9689	31
9690	31
9691	31
9692	31
9693	31
9694	31
9695	31
9696	31
9697	31
9698	31
9699	31
9700	31
9701	31
9702	31
9703	31
9704	31
9705	31
9706	31
9707	31
9708	31
9709	31
9710	31
9711	31
9712	31
9713	31
9714	31
9715	31
9716	31
9717	31
9718	31
9719	31
9720	31
9721	31
9722	31
9723	31
9724	31
9725	31
9726	31
9727	31
9728	31
9729	31
9730	31
9731	31
9732	31
9733	31
9734	31
9735	31
9736	31
9737	31
9738	31
9739	31
9740	31
9741	31
9742	31
9743	31
9744	31
9745	31
9746	31
9747	31
9748	31
9749	31
9750	31
9751	31
9752	31
9753	31
9754	31
9755	31
9756	31
9757	31
9758	31
9759	31
9760	31
9761	31
9762	31
9763	31
9764	31
9765	31
9766	31
9767	31
9768	31
9769	31
9770	31
9771	31
9772	31
9773	31
9774	31
9775	31
9776	31
9777	31
9778	31
9779	31
9780	31
9781	31
9782	31
9783	31
9784	31
9785	31
9786	31
9787	31
9788	31
9789	31
9790	31
9791	31
9792	31
9793	31
9794	31
9795	31
9796	31
9797	31
9798	31
9799	31
9800	31
9801	31
9802	31
9803	31
9804	31
9805	31
9806	31
9807	31
9808	31
9809	31
9810	31
9811	31
9812	31
9813	31
9814	31
9815	31
9816	31
9817	31
9818	31
9819	31
9820	31
9821	31
9822	31
9823	31
9824	31
9825	31
9826	31
9827	31
9828	31
9829	31
9830	31
9831	31
9832	31
9833	31
9834	31
9835	31
9836	31
9837	31
9838	31
9839	31
9840	31
9841	31
9842	31
9843	31
9844	31
9845	31
9846	31
9847	31
9848	31
9849	31
9850	31
9851	31
9852	31
9853	31
9854	31
9855	31
9856	31
9857	31
9858	31
9859	31
9860	31
9861	31
9862	31
9863	31
9864	31
9865	31
9866	31
9867	31
9868	31
9869	31
9870	31
9871	31
9872	31
9873	31
9874	31
9875	31
9876	31
9877	31
9878	31
9879	31
9880	31
9881	31
9882	31
9883	31
9884	31
9885	31
9886	31
9887	31
9888	31
9889	31
9890	31
9891	31
9892	31
9893	31
9894	31
9895	31
9896	31
9897	31
9898	31
9899	31
9900	31
9901	31
9902	31
9903	31
9904	31
9905	31
9906	31
9907	31
9908	31
9909	31
9910	31
9911	31
9912	31
9913	31
9914	31
9915	31
9916	31
9917	31
9918	31
9919	31
9920	31
9921	31
9922	31
9923	31
9924	31
9925	31
9926	31
9927	31
9928	31
9929	31
9930	31
9931	31
9932	31
9933	31
9934	31
9935	31
9936	31
9937	31
9938	31
9939	31
9940	31
9941	31
9942	31
9943	31
9944	31
9945	31
9946	31
9947	31
9948	31
9949	31
9950	31
9951	31
9952	31
9953	31
9954	31
9955	31
9956	31
9957	31
9958	31
9959	31
9960	31
9961	31
9962	31
9963	31
9964	31
9965	31
9966	31
9967	31
9968	31
9969	32
9970	32
9971	32
9972	32
9973	32
9974	32
9975	32
9976	32
9977	32
9978	32
9979	32
9980	32
9981	32
9982	32
9983	32
9984	32
9985	32
9986	32
9987	32
9988	32
9989	32
9990	32
9991	32
9992	32
9993	32
9994	32
9995	32
9996	32
9997	32
9998	32
9999	32
10000	32
