#Clock	ItemsCollected
1	0
2	0
3	0
4	0
5	0
6	0
7	0
8	0
9	0
10	0
11	0
12	0
13	0
14	0
15	0
16	0
17	0
18	0
19	0
20	0
21	0
22	0
23	0
24	0
25	0
26	0
27	0
28	0
29	0
30	0
31	0
32	0
33	0
34	0
35	0
36	0
37	0
38	0
39	0
40	0
41	0
42	0
43	0
44	0
45	0
46	0
47	0
48	0
49	0
50	0
51	0
52	0
53	0
54	0
55	0
56	0
57	0
58	0
59	0
60	0
61	0
62	0
63	0
64	0
65	0
66	0
67	0
68	0
69	0
70	0
71	0
72	0
73	0
74	0
75	0
76	0
77	0
78	0
79	0
80	0
81	0
82	0
83	0
84	0
85	0
86	0
87	0
88	0
89	0
90	0
91	0
92	0
93	0
94	0
95	0
96	0
97	0
98	0
99	0
100	0
101	0
102	0
103	0
104	0
105	0
106	0
107	0
108	0
109	0
110	0
111	0
112	0
113	0
114	0
115	0
116	0
117	0
118	0
119	0
120	0
121	0
122	0
123	0
124	0
125	0
126	0
127	0
128	0
129	0
130	0
131	0
132	0
133	0
134	0
135	0
136	0
137	0
138	0
139	0
140	0
141	0
142	0
143	0
144	0
145	0
146	0
147	0
148	0
149	0
150	0
151	0
152	0
153	0
154	0
155	0
156	0
157	0
158	0
159	0
160	0
161	0
162	0
163	0
164	0
165	0
166	0
167	0
168	0
169	0
170	0
171	0
172	0
173	0
174	0
175	0
176	0
177	0
178	0
179	0
180	0
181	0
182	0
183	0
184	0
185	0
186	0
187	0
188	0
189	0
190	0
191	0
192	0
193	0
194	0
195	0
196	0
197	0
198	0
199	0
200	0
201	0
202	0
203	0
204	0
205	0
206	0
207	0
208	0
209	0
210	0
211	0
212	0
213	0
214	0
215	0
216	0
217	0
218	0
219	0
220	0
221	0
222	0
223	0
224	0
225	0
226	0
227	0
228	0
229	0
230	0
231	0
232	0
233	0
234	0
235	0
236	0
237	0
238	0
239	0
240	0
241	0
242	0
243	0
244	0
245	0
246	0
247	0
248	0
249	0
250	0
251	0
252	0
253	0
254	0
255	0
256	0
257	0
258	0
259	0
260	0
261	0
262	0
263	0
264	0
265	0
266	0
267	0
268	0
269	0
270	0
271	0
272	0
273	0
274	0
275	0
276	0
277	0
278	0
279	0
280	0
281	0
282	0
283	0
284	0
285	0
286	0
287	0
288	0
289	0
290	0
291	0
292	0
293	0
294	0
295	0
296	0
297	0
298	0
299	0
300	0
301	0
302	0
303	0
304	0
305	0
306	0
307	0
308	0
309	0
310	0
311	0
312	0
313	0
314	0
315	0
316	0
317	0
318	0
319	0
320	0
321	0
322	0
323	0
324	0
325	0
326	0
327	0
328	0
329	0
330	0
331	0
332	0
333	0
334	0
335	0
336	0
337	0
338	0
339	0
340	0
341	0
342	0
343	0
344	0
345	0
346	0
347	0
348	0
349	0
350	0
351	0
352	0
353	0
354	0
355	0
356	0
357	0
358	0
359	0
360	0
361	0
362	0
363	0
364	0
365	0
366	0
367	0
368	0
369	0
370	0
371	0
372	0
373	0
374	0
375	0
376	0
377	0
378	0
379	0
380	0
381	0
382	0
383	0
384	0
385	0
386	0
387	0
388	0
389	0
390	0
391	0
392	0
393	0
394	0
395	0
396	0
397	0
398	0
399	0
400	0
401	0
402	0
403	0
404	0
405	0
406	0
407	0
408	0
409	0
410	0
411	0
412	0
413	0
414	0
415	0
416	0
417	0
418	0
419	0
420	0
421	0
422	0
423	0
424	0
425	0
426	0
427	0
428	0
429	0
430	0
431	0
432	0
433	0
434	0
435	0
436	0
437	0
438	0
439	0
440	0
441	0
442	0
443	0
444	0
445	0
446	0
447	0
448	0
449	0
450	0
451	0
452	0
453	0
454	0
455	0
456	0
457	0
458	0
459	0
460	0
461	0
462	0
463	0
464	0
465	0
466	0
467	0
468	0
469	0
470	0
471	0
472	0
473	0
474	0
475	0
476	0
477	0
478	0
479	0
480	0
481	0
482	0
483	0
484	0
485	0
486	0
487	0
488	0
489	0
490	0
491	0
492	0
493	0
494	0
495	0
496	0
497	0
498	0
499	0
500	0
501	0
502	0
503	0
504	0
505	0
506	0
507	0
508	0
509	0
510	0
511	0
512	0
513	0
514	0
515	0
516	0
517	0
518	0
519	0
520	0
521	0
522	0
523	0
524	0
525	0
526	0
527	0
528	0
529	0
530	0
531	0
532	0
533	0
534	0
535	0
536	0
537	0
538	0
539	0
540	0
541	0
542	0
543	0
544	0
545	0
546	0
547	0
548	0
549	0
550	0
551	0
552	0
553	0
554	0
555	0
556	0
557	0
558	0
559	0
560	0
561	0
562	0
563	0
564	0
565	0
566	0
567	0
568	0
569	0
570	0
571	0
572	0
573	0
574	0
575	0
576	0
577	0
578	0
579	0
580	0
581	0
582	0
583	0
584	0
585	0
586	0
587	0
588	0
589	0
590	0
591	0
592	0
593	0
594	0
595	0
596	0
597	0
598	0
599	0
600	0
601	0
602	0
603	0
604	0
605	0
606	0
607	0
608	0
609	0
610	0
611	0
612	0
613	0
614	0
615	0
616	0
617	0
618	0
619	0
620	0
621	0
622	0
623	0
624	0
625	0
626	0
627	0
628	0
629	0
630	0
631	0
632	0
633	0
634	0
635	0
636	0
637	0
638	0
639	0
640	0
641	0
642	0
643	0
644	0
645	0
646	0
647	0
648	0
649	0
650	0
651	0
652	0
653	0
654	0
655	0
656	0
657	0
658	0
659	0
660	0
661	0
662	0
663	0
664	0
665	0
666	0
667	0
668	0
669	0
670	0
671	0
672	0
673	0
674	0
675	0
676	0
677	0
678	0
679	0
680	0
681	0
682	0
683	0
684	0
685	0
686	0
687	0
688	0
689	0
690	0
691	0
692	0
693	0
694	0
695	0
696	0
697	0
698	0
699	0
700	0
701	0
702	0
703	0
704	0
705	0
706	0
707	0
708	0
709	0
710	0
711	0
712	0
713	0
714	0
715	0
716	0
717	0
718	0
719	0
720	0
721	0
722	0
723	0
724	0
725	0
726	0
727	0
728	0
729	0
730	0
731	0
732	0
733	0
734	0
735	0
736	0
737	0
738	0
739	0
740	0
741	0
742	0
743	0
744	0
745	0
746	0
747	0
748	0
749	0
750	0
751	0
752	0
753	0
754	0
755	0
756	0
757	0
758	0
759	0
760	0
761	0
762	0
763	0
764	0
765	0
766	0
767	0
768	0
769	0
770	0
771	0
772	0
773	0
774	0
775	0
776	0
777	0
778	0
779	0
780	0
781	0
782	0
783	0
784	0
785	0
786	0
787	0
788	0
789	0
790	0
791	0
792	0
793	0
794	0
795	0
796	0
797	0
798	0
799	0
800	0
801	0
802	0
803	0
804	0
805	0
806	0
807	0
808	0
809	0
810	0
811	0
812	0
813	0
814	0
815	0
816	0
817	0
818	0
819	0
820	0
821	0
822	0
823	0
824	0
825	0
826	0
827	0
828	0
829	0
830	0
831	0
832	0
833	0
834	0
835	0
836	0
837	0
838	0
839	0
840	0
841	0
842	0
843	0
844	0
845	0
846	0
847	0
848	0
849	0
850	0
851	0
852	0
853	0
854	0
855	0
856	0
857	0
858	0
859	0
860	0
861	0
862	0
863	0
864	0
865	0
866	0
867	0
868	0
869	0
870	0
871	0
872	0
873	0
874	0
875	0
876	0
877	0
878	0
879	0
880	0
881	0
882	0
883	0
884	0
885	0
886	0
887	0
888	0
889	0
890	0
891	0
892	0
893	0
894	0
895	0
896	0
897	0
898	0
899	0
900	0
901	0
902	0
903	0
904	0
905	0
906	0
907	0
908	0
909	0
910	0
911	0
912	0
913	0
914	0
915	0
916	0
917	0
918	0
919	0
920	0
921	0
922	0
923	0
924	0
925	0
926	0
927	0
928	0
929	0
930	0
931	0
932	0
933	0
934	0
935	0
936	0
937	0
938	0
939	0
940	0
941	0
942	0
943	0
944	0
945	0
946	0
947	0
948	0
949	0
950	0
951	0
952	0
953	0
954	0
955	0
956	0
957	0
958	0
959	0
960	0
961	0
962	0
963	0
964	0
965	0
966	0
967	0
968	0
969	0
970	0
971	0
972	0
973	0
974	0
975	0
976	0
977	0
978	0
979	0
980	0
981	0
982	0
983	0
984	0
985	0
986	0
987	0
988	0
989	0
990	0
991	0
992	0
993	0
994	0
995	0
996	0
997	0
998	0
999	0
1000	0
1001	0
1002	0
1003	0
1004	0
1005	0
1006	0
1007	0
1008	0
1009	0
1010	0
1011	0
1012	0
1013	0
1014	0
1015	0
1016	0
1017	0
1018	0
1019	0
1020	0
1021	0
1022	0
1023	0
1024	0
1025	0
1026	0
1027	0
1028	0
1029	0
1030	0
1031	0
1032	0
1033	0
1034	0
1035	0
1036	0
1037	0
1038	0
1039	0
1040	0
1041	0
1042	0
1043	0
1044	0
1045	0
1046	0
1047	0
1048	0
1049	0
1050	0
1051	0
1052	0
1053	0
1054	0
1055	0
1056	0
1057	0
1058	0
1059	0
1060	0
1061	0
1062	0
1063	0
1064	0
1065	0
1066	0
1067	0
1068	0
1069	0
1070	0
1071	0
1072	0
1073	0
1074	0
1075	0
1076	0
1077	0
1078	0
1079	0
1080	0
1081	0
1082	0
1083	0
1084	0
1085	0
1086	0
1087	0
1088	0
1089	0
1090	0
1091	0
1092	0
1093	0
1094	0
1095	0
1096	0
1097	0
1098	0
1099	0
1100	0
1101	0
1102	0
1103	0
1104	0
1105	0
1106	0
1107	0
1108	0
1109	0
1110	0
1111	0
1112	0
1113	0
1114	0
1115	0
1116	0
1117	0
1118	0
1119	0
1120	0
1121	0
1122	0
1123	0
1124	0
1125	0
1126	0
1127	0
1128	0
1129	0
1130	0
1131	0
1132	0
1133	0
1134	0
1135	0
1136	0
1137	0
1138	0
1139	0
1140	0
1141	0
1142	0
1143	0
1144	0
1145	0
1146	0
1147	0
1148	0
1149	0
1150	0
1151	0
1152	0
1153	0
1154	0
1155	0
1156	0
1157	0
1158	0
1159	0
1160	0
1161	0
1162	0
1163	0
1164	0
1165	0
1166	0
1167	0
1168	0
1169	0
1170	0
1171	0
1172	0
1173	0
1174	0
1175	0
1176	0
1177	0
1178	0
1179	0
1180	0
1181	0
1182	0
1183	0
1184	0
1185	0
1186	0
1187	0
1188	0
1189	0
1190	0
1191	0
1192	0
1193	0
1194	0
1195	0
1196	0
1197	0
1198	0
1199	0
1200	0
1201	0
1202	0
1203	0
1204	0
1205	0
1206	0
1207	0
1208	0
1209	0
1210	0
1211	0
1212	0
1213	0
1214	0
1215	0
1216	0
1217	0
1218	0
1219	0
1220	0
1221	0
1222	0
1223	0
1224	0
1225	0
1226	0
1227	0
1228	0
1229	0
1230	0
1231	0
1232	0
1233	0
1234	0
1235	0
1236	0
1237	0
1238	0
1239	0
1240	0
1241	0
1242	0
1243	0
1244	0
1245	0
1246	0
1247	0
1248	0
1249	0
1250	0
1251	0
1252	0
1253	0
1254	0
1255	0
1256	0
1257	0
1258	0
1259	0
1260	0
1261	0
1262	0
1263	0
1264	0
1265	0
1266	0
1267	0
1268	0
1269	0
1270	0
1271	0
1272	0
1273	0
1274	0
1275	0
1276	0
1277	0
1278	0
1279	0
1280	0
1281	0
1282	0
1283	0
1284	0
1285	0
1286	0
1287	0
1288	0
1289	0
1290	0
1291	0
1292	0
1293	0
1294	0
1295	0
1296	0
1297	0
1298	0
1299	0
1300	0
1301	0
1302	0
1303	0
1304	0
1305	0
1306	0
1307	0
1308	0
1309	0
1310	0
1311	0
1312	0
1313	0
1314	0
1315	0
1316	0
1317	0
1318	0
1319	0
1320	0
1321	0
1322	0
1323	0
1324	0
1325	0
1326	0
1327	0
1328	0
1329	0
1330	0
1331	0
1332	0
1333	0
1334	0
1335	0
1336	0
1337	0
1338	0
1339	0
1340	0
1341	0
1342	0
1343	0
1344	0
1345	0
1346	0
1347	0
1348	0
1349	0
1350	0
1351	0
1352	0
1353	0
1354	0
1355	0
1356	0
1357	0
1358	0
1359	0
1360	0
1361	0
1362	0
1363	0
1364	0
1365	0
1366	0
1367	0
1368	0
1369	0
1370	0
1371	0
1372	0
1373	0
1374	0
1375	0
1376	0
1377	0
1378	0
1379	0
1380	0
1381	0
1382	0
1383	0
1384	0
1385	0
1386	0
1387	0
1388	0
1389	0
1390	0
1391	0
1392	0
1393	0
1394	0
1395	0
1396	0
1397	0
1398	0
1399	0
1400	0
1401	0
1402	0
1403	0
1404	0
1405	0
1406	0
1407	0
1408	0
1409	0
1410	0
1411	0
1412	0
1413	0
1414	0
1415	0
1416	0
1417	0
1418	0
1419	0
1420	0
1421	0
1422	0
1423	0
1424	0
1425	0
1426	0
1427	0
1428	0
1429	0
1430	0
1431	0
1432	0
1433	0
1434	0
1435	0
1436	0
1437	0
1438	0
1439	0
1440	0
1441	0
1442	0
1443	0
1444	0
1445	0
1446	0
1447	0
1448	0
1449	0
1450	0
1451	0
1452	0
1453	0
1454	0
1455	0
1456	0
1457	0
1458	0
1459	0
1460	0
1461	0
1462	0
1463	0
1464	0
1465	0
1466	0
1467	0
1468	0
1469	0
1470	0
1471	0
1472	0
1473	0
1474	0
1475	0
1476	0
1477	0
1478	0
1479	0
1480	0
1481	0
1482	0
1483	0
1484	0
1485	0
1486	0
1487	0
1488	0
1489	0
1490	0
1491	0
1492	0
1493	0
1494	0
1495	0
1496	0
1497	0
1498	0
1499	0
1500	0
1501	0
1502	0
1503	0
1504	0
1505	0
1506	0
1507	0
1508	0
1509	0
1510	0
1511	0
1512	0
1513	0
1514	0
1515	0
1516	0
1517	0
1518	0
1519	0
1520	0
1521	0
1522	0
1523	0
1524	0
1525	0
1526	0
1527	0
1528	0
1529	0
1530	0
1531	0
1532	0
1533	0
1534	0
1535	0
1536	0
1537	0
1538	0
1539	0
1540	0
1541	0
1542	0
1543	0
1544	0
1545	0
1546	0
1547	0
1548	0
1549	0
1550	0
1551	0
1552	0
1553	0
1554	0
1555	0
1556	0
1557	0
1558	0
1559	0
1560	0
1561	0
1562	0
1563	0
1564	0
1565	0
1566	0
1567	0
1568	0
1569	0
1570	0
1571	0
1572	0
1573	0
1574	0
1575	0
1576	0
1577	0
1578	0
1579	0
1580	0
1581	0
1582	0
1583	0
1584	0
1585	0
1586	0
1587	0
1588	0
1589	0
1590	0
1591	0
1592	0
1593	0
1594	0
1595	0
1596	0
1597	0
1598	0
1599	0
1600	0
1601	0
1602	0
1603	0
1604	0
1605	0
1606	0
1607	0
1608	0
1609	0
1610	0
1611	0
1612	0
1613	0
1614	0
1615	0
1616	0
1617	0
1618	0
1619	0
1620	0
1621	0
1622	0
1623	0
1624	0
1625	0
1626	0
1627	0
1628	0
1629	0
1630	0
1631	0
1632	0
1633	0
1634	0
1635	0
1636	0
1637	0
1638	0
1639	0
1640	0
1641	0
1642	0
1643	0
1644	0
1645	0
1646	0
1647	0
1648	0
1649	0
1650	0
1651	0
1652	0
1653	0
1654	0
1655	0
1656	0
1657	0
1658	0
1659	0
1660	0
1661	0
1662	0
1663	0
1664	0
1665	0
1666	0
1667	0
1668	0
1669	0
1670	0
1671	0
1672	0
1673	0
1674	0
1675	0
1676	0
1677	0
1678	0
1679	0
1680	0
1681	0
1682	0
1683	0
1684	0
1685	0
1686	0
1687	0
1688	0
1689	0
1690	0
1691	0
1692	0
1693	0
1694	0
1695	0
1696	0
1697	0
1698	0
1699	0
1700	0
1701	0
1702	0
1703	0
1704	0
1705	0
1706	0
1707	0
1708	0
1709	0
1710	0
1711	0
1712	0
1713	0
1714	0
1715	0
1716	0
1717	0
1718	0
1719	0
1720	0
1721	0
1722	0
1723	0
1724	0
1725	0
1726	0
1727	0
1728	0
1729	0
1730	0
1731	0
1732	0
1733	0
1734	0
1735	0
1736	0
1737	0
1738	0
1739	0
1740	0
1741	0
1742	0
1743	0
1744	0
1745	0
1746	0
1747	0
1748	0
1749	0
1750	0
1751	0
1752	0
1753	0
1754	0
1755	0
1756	0
1757	0
1758	0
1759	0
1760	0
1761	0
1762	0
1763	0
1764	0
1765	0
1766	0
1767	0
1768	0
1769	0
1770	0
1771	0
1772	0
1773	0
1774	0
1775	0
1776	0
1777	0
1778	0
1779	0
1780	0
1781	0
1782	0
1783	0
1784	0
1785	0
1786	0
1787	0
1788	0
1789	0
1790	0
1791	0
1792	0
1793	0
1794	0
1795	0
1796	0
1797	0
1798	0
1799	0
1800	0
1801	0
1802	0
1803	0
1804	0
1805	0
1806	0
1807	0
1808	0
1809	0
1810	0
1811	0
1812	0
1813	0
1814	0
1815	0
1816	0
1817	0
1818	0
1819	0
1820	0
1821	0
1822	0
1823	0
1824	0
1825	0
1826	0
1827	0
1828	0
1829	0
1830	0
1831	0
1832	0
1833	0
1834	0
1835	0
1836	0
1837	0
1838	0
1839	0
1840	0
1841	0
1842	0
1843	0
1844	0
1845	0
1846	0
1847	0
1848	0
1849	0
1850	0
1851	0
1852	0
1853	0
1854	0
1855	0
1856	0
1857	0
1858	0
1859	0
1860	0
1861	0
1862	0
1863	0
1864	0
1865	0
1866	0
1867	0
1868	0
1869	0
1870	0
1871	0
1872	0
1873	0
1874	0
1875	0
1876	0
1877	0
1878	0
1879	0
1880	0
1881	0
1882	0
1883	0
1884	0
1885	0
1886	0
1887	0
1888	0
1889	0
1890	0
1891	0
1892	0
1893	0
1894	0
1895	0
1896	0
1897	0
1898	0
1899	0
1900	0
1901	0
1902	0
1903	0
1904	0
1905	0
1906	0
1907	0
1908	0
1909	0
1910	0
1911	0
1912	0
1913	0
1914	0
1915	0
1916	0
1917	0
1918	0
1919	0
1920	0
1921	0
1922	0
1923	0
1924	0
1925	0
1926	0
1927	0
1928	0
1929	0
1930	0
1931	0
1932	0
1933	0
1934	0
1935	0
1936	0
1937	0
1938	0
1939	0
1940	0
1941	0
1942	0
1943	0
1944	0
1945	0
1946	0
1947	0
1948	0
1949	0
1950	0
1951	0
1952	0
1953	0
1954	0
1955	0
1956	0
1957	0
1958	0
1959	0
1960	0
1961	0
1962	0
1963	0
1964	0
1965	0
1966	0
1967	0
1968	0
1969	0
1970	0
1971	0
1972	0
1973	0
1974	0
1975	0
1976	0
1977	0
1978	0
1979	0
1980	0
1981	0
1982	0
1983	0
1984	0
1985	0
1986	0
1987	0
1988	0
1989	0
1990	0
1991	0
1992	0
1993	0
1994	0
1995	0
1996	0
1997	0
1998	0
1999	0
2000	0
2001	0
2002	0
2003	0
2004	0
2005	0
2006	0
2007	0
2008	0
2009	0
2010	0
2011	0
2012	0
2013	0
2014	0
2015	0
2016	0
2017	0
2018	0
2019	0
2020	0
2021	0
2022	0
2023	0
2024	0
2025	0
2026	0
2027	0
2028	0
2029	0
2030	0
2031	0
2032	0
2033	0
2034	0
2035	0
2036	0
2037	0
2038	0
2039	0
2040	0
2041	0
2042	0
2043	0
2044	0
2045	0
2046	0
2047	0
2048	0
2049	0
2050	0
2051	0
2052	0
2053	0
2054	0
2055	0
2056	0
2057	0
2058	0
2059	0
2060	0
2061	0
2062	0
2063	0
2064	0
2065	0
2066	0
2067	0
2068	0
2069	0
2070	0
2071	0
2072	0
2073	0
2074	0
2075	0
2076	0
2077	0
2078	0
2079	0
2080	0
2081	0
2082	0
2083	0
2084	0
2085	0
2086	0
2087	0
2088	0
2089	0
2090	0
2091	0
2092	0
2093	0
2094	0
2095	0
2096	0
2097	0
2098	0
2099	0
2100	0
2101	0
2102	0
2103	0
2104	0
2105	0
2106	0
2107	0
2108	0
2109	0
2110	0
2111	0
2112	0
2113	0
2114	0
2115	0
2116	0
2117	0
2118	0
2119	0
2120	0
2121	0
2122	0
2123	0
2124	0
2125	0
2126	0
2127	0
2128	0
2129	0
2130	0
2131	0
2132	0
2133	0
2134	0
2135	0
2136	0
2137	0
2138	0
2139	0
2140	0
2141	0
2142	0
2143	0
2144	0
2145	0
2146	0
2147	0
2148	0
2149	0
2150	0
2151	0
2152	0
2153	0
2154	0
2155	0
2156	0
2157	0
2158	0
2159	0
2160	0
2161	0
2162	0
2163	0
2164	0
2165	0
2166	0
2167	0
2168	0
2169	0
2170	0
2171	0
2172	0
2173	0
2174	0
2175	0
2176	0
2177	0
2178	0
2179	0
2180	0
2181	0
2182	0
2183	0
2184	0
2185	0
2186	0
2187	0
2188	0
2189	0
2190	0
2191	0
2192	0
2193	0
2194	0
2195	0
2196	0
2197	0
2198	0
2199	0
2200	0
2201	0
2202	0
2203	0
2204	0
2205	0
2206	0
2207	0
2208	0
2209	0
2210	0
2211	0
2212	0
2213	0
2214	0
2215	0
2216	0
2217	0
2218	0
2219	0
2220	0
2221	0
2222	0
2223	0
2224	0
2225	0
2226	0
2227	0
2228	0
2229	0
2230	0
2231	0
2232	0
2233	0
2234	0
2235	0
2236	0
2237	0
2238	0
2239	0
2240	0
2241	0
2242	0
2243	0
2244	0
2245	0
2246	0
2247	0
2248	0
2249	0
2250	0
2251	0
2252	0
2253	0
2254	0
2255	0
2256	0
2257	0
2258	0
2259	0
2260	0
2261	0
2262	0
2263	0
2264	0
2265	0
2266	0
2267	0
2268	0
2269	0
2270	0
2271	0
2272	0
2273	0
2274	0
2275	0
2276	0
2277	0
2278	0
2279	0
2280	0
2281	0
2282	0
2283	0
2284	0
2285	0
2286	0
2287	0
2288	0
2289	0
2290	0
2291	0
2292	0
2293	0
2294	0
2295	0
2296	0
2297	0
2298	0
2299	0
2300	0
2301	0
2302	0
2303	0
2304	0
2305	0
2306	0
2307	0
2308	0
2309	0
2310	0
2311	0
2312	0
2313	0
2314	0
2315	0
2316	0
2317	0
2318	0
2319	0
2320	0
2321	0
2322	0
2323	0
2324	0
2325	0
2326	0
2327	0
2328	0
2329	0
2330	0
2331	0
2332	0
2333	0
2334	0
2335	0
2336	0
2337	0
2338	0
2339	0
2340	0
2341	0
2342	0
2343	0
2344	0
2345	0
2346	0
2347	0
2348	0
2349	0
2350	0
2351	0
2352	0
2353	0
2354	0
2355	0
2356	0
2357	0
2358	0
2359	0
2360	0
2361	0
2362	0
2363	0
2364	0
2365	0
2366	0
2367	0
2368	0
2369	0
2370	0
2371	0
2372	0
2373	0
2374	0
2375	0
2376	0
2377	0
2378	0
2379	0
2380	0
2381	0
2382	0
2383	0
2384	0
2385	0
2386	0
2387	0
2388	0
2389	0
2390	0
2391	0
2392	0
2393	0
2394	0
2395	0
2396	0
2397	0
2398	0
2399	0
2400	0
2401	0
2402	0
2403	0
2404	0
2405	0
2406	0
2407	0
2408	0
2409	0
2410	0
2411	0
2412	0
2413	0
2414	0
2415	0
2416	0
2417	0
2418	0
2419	0
2420	0
2421	0
2422	0
2423	0
2424	0
2425	0
2426	0
2427	0
2428	0
2429	0
2430	0
2431	0
2432	0
2433	0
2434	0
2435	0
2436	0
2437	0
2438	0
2439	0
2440	0
2441	0
2442	0
2443	0
2444	0
2445	0
2446	0
2447	0
2448	0
2449	0
2450	0
2451	0
2452	0
2453	0
2454	0
2455	0
2456	0
2457	0
2458	0
2459	0
2460	0
2461	0
2462	0
2463	0
2464	0
2465	0
2466	0
2467	0
2468	0
2469	0
2470	0
2471	0
2472	0
2473	0
2474	0
2475	0
2476	0
2477	0
2478	0
2479	0
2480	0
2481	0
2482	0
2483	0
2484	0
2485	0
2486	0
2487	0
2488	0
2489	0
2490	0
2491	0
2492	0
2493	0
2494	0
2495	0
2496	0
2497	0
2498	0
2499	0
2500	0
2501	0
2502	0
2503	0
2504	0
2505	0
2506	0
2507	0
2508	0
2509	0
2510	0
2511	0
2512	0
2513	0
2514	0
2515	0
2516	0
2517	0
2518	0
2519	0
2520	0
2521	0
2522	0
2523	0
2524	0
2525	0
2526	0
2527	0
2528	0
2529	0
2530	0
2531	0
2532	0
2533	0
2534	0
2535	0
2536	0
2537	0
2538	0
2539	0
2540	0
2541	0
2542	0
2543	0
2544	0
2545	0
2546	0
2547	0
2548	0
2549	0
2550	0
2551	0
2552	0
2553	0
2554	0
2555	0
2556	0
2557	0
2558	0
2559	0
2560	0
2561	0
2562	0
2563	0
2564	0
2565	0
2566	0
2567	0
2568	0
2569	0
2570	0
2571	0
2572	0
2573	0
2574	0
2575	0
2576	0
2577	0
2578	0
2579	0
2580	0
2581	0
2582	0
2583	0
2584	0
2585	0
2586	0
2587	0
2588	0
2589	0
2590	0
2591	0
2592	0
2593	0
2594	0
2595	0
2596	0
2597	0
2598	0
2599	0
2600	0
2601	0
2602	0
2603	0
2604	0
2605	0
2606	0
2607	0
2608	0
2609	0
2610	0
2611	0
2612	0
2613	0
2614	0
2615	0
2616	0
2617	0
2618	0
2619	0
2620	0
2621	0
2622	0
2623	0
2624	0
2625	0
2626	0
2627	0
2628	0
2629	0
2630	0
2631	0
2632	0
2633	0
2634	0
2635	0
2636	0
2637	0
2638	0
2639	0
2640	0
2641	0
2642	0
2643	0
2644	0
2645	0
2646	0
2647	0
2648	0
2649	0
2650	0
2651	0
2652	0
2653	0
2654	0
2655	0
2656	0
2657	0
2658	0
2659	0
2660	0
2661	0
2662	0
2663	0
2664	0
2665	0
2666	0
2667	0
2668	0
2669	0
2670	0
2671	0
2672	0
2673	0
2674	0
2675	0
2676	0
2677	0
2678	0
2679	0
2680	0
2681	0
2682	0
2683	0
2684	0
2685	0
2686	0
2687	0
2688	0
2689	0
2690	0
2691	0
2692	0
2693	0
2694	0
2695	0
2696	0
2697	0
2698	0
2699	0
2700	0
2701	0
2702	0
2703	0
2704	0
2705	0
2706	0
2707	0
2708	0
2709	0
2710	0
2711	0
2712	0
2713	0
2714	0
2715	0
2716	0
2717	0
2718	0
2719	0
2720	0
2721	0
2722	0
2723	0
2724	0
2725	0
2726	0
2727	0
2728	0
2729	0
2730	0
2731	0
2732	0
2733	0
2734	0
2735	0
2736	0
2737	0
2738	0
2739	0
2740	0
2741	0
2742	0
2743	0
2744	0
2745	0
2746	0
2747	0
2748	0
2749	0
2750	0
2751	0
2752	0
2753	0
2754	0
2755	0
2756	0
2757	0
2758	0
2759	0
2760	0
2761	0
2762	0
2763	0
2764	0
2765	0
2766	0
2767	0
2768	0
2769	0
2770	0
2771	0
2772	0
2773	0
2774	0
2775	0
2776	0
2777	0
2778	0
2779	0
2780	0
2781	0
2782	0
2783	0
2784	0
2785	0
2786	0
2787	0
2788	0
2789	0
2790	0
2791	0
2792	0
2793	0
2794	0
2795	0
2796	0
2797	0
2798	0
2799	0
2800	0
2801	0
2802	0
2803	0
2804	0
2805	0
2806	0
2807	0
2808	0
2809	0
2810	0
2811	0
2812	0
2813	0
2814	0
2815	0
2816	0
2817	0
2818	0
2819	0
2820	0
2821	0
2822	0
2823	0
2824	0
2825	0
2826	0
2827	0
2828	0
2829	0
2830	0
2831	0
2832	0
2833	0
2834	0
2835	0
2836	0
2837	0
2838	0
2839	0
2840	0
2841	0
2842	0
2843	0
2844	0
2845	0
2846	0
2847	0
2848	0
2849	0
2850	0
2851	0
2852	0
2853	0
2854	0
2855	0
2856	0
2857	0
2858	0
2859	0
2860	0
2861	0
2862	0
2863	0
2864	0
2865	0
2866	0
2867	0
2868	0
2869	0
2870	0
2871	0
2872	0
2873	0
2874	0
2875	0
2876	0
2877	0
2878	0
2879	0
2880	0
2881	0
2882	0
2883	0
2884	0
2885	0
2886	0
2887	0
2888	0
2889	0
2890	0
2891	0
2892	0
2893	0
2894	0
2895	0
2896	0
2897	0
2898	0
2899	0
2900	0
2901	0
2902	0
2903	0
2904	0
2905	0
2906	0
2907	0
2908	0
2909	0
2910	0
2911	0
2912	0
2913	0
2914	0
2915	0
2916	0
2917	0
2918	0
2919	0
2920	0
2921	0
2922	0
2923	0
2924	0
2925	0
2926	0
2927	0
2928	0
2929	0
2930	0
2931	0
2932	0
2933	0
2934	0
2935	0
2936	0
2937	0
2938	0
2939	0
2940	0
2941	0
2942	0
2943	0
2944	0
2945	0
2946	0
2947	0
2948	0
2949	0
2950	0
2951	0
2952	0
2953	0
2954	0
2955	0
2956	0
2957	0
2958	0
2959	0
2960	0
2961	0
2962	0
2963	1
2964	1
2965	1
2966	1
2967	1
2968	1
2969	1
2970	1
2971	1
2972	1
2973	1
2974	1
2975	1
2976	1
2977	1
2978	1
2979	1
2980	1
2981	1
2982	1
2983	1
2984	1
2985	1
2986	1
2987	1
2988	1
2989	1
2990	1
2991	1
2992	1
2993	1
2994	1
2995	1
2996	1
2997	1
2998	1
2999	1
3000	1
3001	1
3002	1
3003	1
3004	1
3005	1
3006	1
3007	1
3008	1
3009	1
3010	1
3011	1
3012	1
3013	1
3014	1
3015	1
3016	1
3017	1
3018	1
3019	1
3020	1
3021	1
3022	1
3023	1
3024	1
3025	1
3026	1
3027	1
3028	1
3029	1
3030	1
3031	1
3032	1
3033	1
3034	1
3035	1
3036	1
3037	1
3038	1
3039	1
3040	1
3041	1
3042	1
3043	1
3044	1
3045	1
3046	1
3047	1
3048	1
3049	1
3050	1
3051	1
3052	1
3053	1
3054	1
3055	1
3056	1
3057	1
3058	1
3059	1
3060	1
3061	1
3062	1
3063	1
3064	1
3065	1
3066	1
3067	1
3068	1
3069	1
3070	1
3071	1
3072	1
3073	1
3074	1
3075	1
3076	1
3077	1
3078	1
3079	1
3080	1
3081	1
3082	1
3083	1
3084	1
3085	1
3086	1
3087	1
3088	1
3089	1
3090	1
3091	1
3092	1
3093	1
3094	1
3095	1
3096	1
3097	1
3098	1
3099	1
3100	1
3101	1
3102	1
3103	1
3104	1
3105	1
3106	1
3107	1
3108	1
3109	1
3110	1
3111	1
3112	1
3113	1
3114	1
3115	1
3116	1
3117	1
3118	1
3119	1
3120	1
3121	1
3122	1
3123	1
3124	1
3125	1
3126	1
3127	1
3128	1
3129	1
3130	1
3131	1
3132	1
3133	1
3134	1
3135	1
3136	1
3137	1
3138	1
3139	1
3140	1
3141	1
3142	1
3143	1
3144	1
3145	1
3146	1
3147	1
3148	1
3149	1
3150	1
3151	1
3152	1
3153	1
3154	1
3155	1
3156	1
3157	1
3158	1
3159	1
3160	1
3161	1
3162	1
3163	1
3164	1
3165	1
3166	1
3167	1
3168	1
3169	1
3170	1
3171	1
3172	1
3173	1
3174	1
3175	1
3176	1
3177	1
3178	1
3179	1
3180	1
3181	1
3182	1
3183	1
3184	1
3185	1
3186	1
3187	1
3188	1
3189	1
3190	1
3191	1
3192	1
3193	1
3194	1
3195	1
3196	1
3197	1
3198	1
3199	1
3200	1
3201	1
3202	1
3203	1
3204	1
3205	1
3206	1
3207	1
3208	1
3209	1
3210	1
3211	1
3212	1
3213	1
3214	1
3215	1
3216	1
3217	1
3218	1
3219	1
3220	1
3221	1
3222	1
3223	1
3224	1
3225	1
3226	1
3227	1
3228	1
3229	1
3230	1
3231	1
3232	1
3233	1
3234	1
3235	1
3236	1
3237	1
3238	1
3239	1
3240	1
3241	1
3242	1
3243	1
3244	1
3245	1
3246	1
3247	1
3248	1
3249	1
3250	1
3251	1
3252	1
3253	1
3254	1
3255	1
3256	1
3257	1
3258	1
3259	1
3260	1
3261	1
3262	1
3263	1
3264	1
3265	1
3266	1
3267	1
3268	1
3269	1
3270	1
3271	1
3272	1
3273	1
3274	1
3275	1
3276	1
3277	1
3278	1
3279	1
3280	1
3281	1
3282	1
3283	1
3284	1
3285	1
3286	1
3287	1
3288	1
3289	1
3290	1
3291	1
3292	1
3293	1
3294	1
3295	1
3296	1
3297	1
3298	1
3299	1
3300	1
3301	1
3302	1
3303	1
3304	1
3305	1
3306	1
3307	1
3308	1
3309	1
3310	1
3311	1
3312	1
3313	1
3314	1
3315	1
3316	1
3317	1
3318	1
3319	1
3320	1
3321	1
3322	1
3323	1
3324	1
3325	1
3326	1
3327	1
3328	1
3329	1
3330	1
3331	1
3332	1
3333	1
3334	1
3335	1
3336	1
3337	1
3338	1
3339	1
3340	1
3341	1
3342	1
3343	1
3344	1
3345	1
3346	1
3347	1
3348	1
3349	1
3350	1
3351	1
3352	1
3353	1
3354	1
3355	1
3356	1
3357	1
3358	1
3359	1
3360	1
3361	1
3362	1
3363	1
3364	1
3365	1
3366	1
3367	1
3368	1
3369	1
3370	1
3371	1
3372	1
3373	1
3374	1
3375	1
3376	1
3377	1
3378	1
3379	1
3380	1
3381	1
3382	1
3383	1
3384	1
3385	1
3386	1
3387	1
3388	1
3389	1
3390	1
3391	1
3392	1
3393	1
3394	1
3395	1
3396	1
3397	1
3398	1
3399	1
3400	1
3401	1
3402	1
3403	1
3404	1
3405	1
3406	1
3407	1
3408	1
3409	1
3410	1
3411	1
3412	1
3413	1
3414	1
3415	1
3416	1
3417	1
3418	1
3419	1
3420	1
3421	1
3422	1
3423	1
3424	1
3425	1
3426	1
3427	1
3428	1
3429	1
3430	1
3431	1
3432	1
3433	1
3434	1
3435	1
3436	1
3437	1
3438	1
3439	1
3440	1
3441	1
3442	1
3443	1
3444	1
3445	1
3446	1
3447	1
3448	1
3449	1
3450	1
3451	1
3452	1
3453	1
3454	1
3455	1
3456	1
3457	1
3458	1
3459	1
3460	1
3461	1
3462	1
3463	1
3464	1
3465	1
3466	1
3467	1
3468	1
3469	1
3470	1
3471	1
3472	1
3473	1
3474	1
3475	1
3476	1
3477	1
3478	1
3479	1
3480	1
3481	1
3482	1
3483	1
3484	1
3485	1
3486	1
3487	1
3488	1
3489	1
3490	1
3491	1
3492	1
3493	1
3494	1
3495	1
3496	1
3497	1
3498	1
3499	1
3500	1
3501	1
3502	1
3503	1
3504	1
3505	1
3506	1
3507	1
3508	1
3509	1
3510	1
3511	1
3512	1
3513	1
3514	1
3515	1
3516	1
3517	1
3518	1
3519	1
3520	1
3521	1
3522	1
3523	1
3524	1
3525	1
3526	1
3527	1
3528	1
3529	1
3530	1
3531	1
3532	1
3533	1
3534	2
3535	2
3536	2
3537	2
3538	2
3539	2
3540	2
3541	2
3542	2
3543	2
3544	2
3545	2
3546	2
3547	2
3548	2
3549	2
3550	2
3551	2
3552	2
3553	2
3554	2
3555	2
3556	2
3557	2
3558	2
3559	2
3560	2
3561	2
3562	2
3563	2
3564	2
3565	2
3566	2
3567	2
3568	2
3569	2
3570	2
3571	2
3572	2
3573	2
3574	2
3575	2
3576	2
3577	2
3578	2
3579	2
3580	2
3581	2
3582	2
3583	2
3584	2
3585	2
3586	2
3587	2
3588	2
3589	2
3590	2
3591	2
3592	2
3593	2
3594	2
3595	2
3596	2
3597	2
3598	2
3599	2
3600	2
3601	2
3602	2
3603	2
3604	2
3605	2
3606	2
3607	2
3608	2
3609	2
3610	2
3611	2
3612	2
3613	2
3614	2
3615	2
3616	2
3617	2
3618	2
3619	2
3620	2
3621	2
3622	2
3623	2
3624	2
3625	2
3626	2
3627	2
3628	2
3629	2
3630	2
3631	2
3632	2
3633	2
3634	2
3635	2
3636	2
3637	2
3638	2
3639	2
3640	2
3641	2
3642	2
3643	2
3644	2
3645	2
3646	2
3647	2
3648	2
3649	2
3650	2
3651	2
3652	2
3653	2
3654	2
3655	2
3656	2
3657	2
3658	2
3659	2
3660	2
3661	2
3662	2
3663	2
3664	2
3665	2
3666	2
3667	2
3668	2
3669	2
3670	2
3671	2
3672	2
3673	2
3674	2
3675	2
3676	2
3677	2
3678	2
3679	2
3680	2
3681	2
3682	2
3683	2
3684	2
3685	2
3686	2
3687	2
3688	2
3689	2
3690	2
3691	2
3692	2
3693	2
3694	2
3695	2
3696	2
3697	2
3698	2
3699	2
3700	2
3701	2
3702	2
3703	2
3704	2
3705	2
3706	2
3707	2
3708	2
3709	2
3710	2
3711	2
3712	2
3713	2
3714	2
3715	2
3716	2
3717	2
3718	2
3719	2
3720	2
3721	2
3722	2
3723	2
3724	2
3725	2
3726	2
3727	2
3728	2
3729	2
3730	2
3731	2
3732	2
3733	2
3734	2
3735	2
3736	2
3737	2
3738	2
3739	2
3740	2
3741	2
3742	2
3743	2
3744	2
3745	2
3746	2
3747	2
3748	2
3749	2
3750	2
3751	2
3752	2
3753	2
3754	2
3755	2
3756	2
3757	2
3758	2
3759	2
3760	2
3761	2
3762	2
3763	2
3764	2
3765	2
3766	2
3767	2
3768	2
3769	2
3770	2
3771	2
3772	2
3773	2
3774	2
3775	2
3776	2
3777	2
3778	2
3779	2
3780	2
3781	2
3782	2
3783	2
3784	2
3785	2
3786	2
3787	2
3788	2
3789	2
3790	2
3791	2
3792	2
3793	2
3794	2
3795	2
3796	2
3797	2
3798	2
3799	2
3800	2
3801	2
3802	2
3803	2
3804	2
3805	2
3806	2
3807	2
3808	2
3809	2
3810	2
3811	2
3812	2
3813	2
3814	2
3815	2
3816	2
3817	2
3818	2
3819	2
3820	2
3821	2
3822	2
3823	2
3824	2
3825	2
3826	2
3827	2
3828	2
3829	2
3830	2
3831	2
3832	2
3833	2
3834	2
3835	2
3836	2
3837	2
3838	2
3839	2
3840	2
3841	2
3842	2
3843	2
3844	2
3845	2
3846	2
3847	2
3848	2
3849	2
3850	2
3851	2
3852	2
3853	2
3854	2
3855	2
3856	2
3857	2
3858	2
3859	2
3860	2
3861	2
3862	2
3863	2
3864	2
3865	2
3866	2
3867	2
3868	2
3869	2
3870	2
3871	2
3872	2
3873	2
3874	2
3875	2
3876	2
3877	2
3878	2
3879	2
3880	2
3881	2
3882	2
3883	2
3884	2
3885	2
3886	2
3887	2
3888	2
3889	2
3890	2
3891	2
3892	2
3893	2
3894	2
3895	2
3896	2
3897	2
3898	2
3899	2
3900	2
3901	2
3902	2
3903	2
3904	2
3905	2
3906	2
3907	2
3908	2
3909	2
3910	2
3911	2
3912	2
3913	2
3914	2
3915	2
3916	2
3917	2
3918	2
3919	2
3920	2
3921	2
3922	2
3923	2
3924	2
3925	2
3926	2
3927	2
3928	2
3929	2
3930	2
3931	2
3932	2
3933	2
3934	2
3935	2
3936	2
3937	2
3938	2
3939	2
3940	2
3941	2
3942	2
3943	2
3944	2
3945	2
3946	2
3947	2
3948	2
3949	2
3950	2
3951	2
3952	2
3953	2
3954	2
3955	2
3956	2
3957	2
3958	2
3959	2
3960	2
3961	2
3962	2
3963	2
3964	2
3965	2
3966	2
3967	2
3968	2
3969	2
3970	2
3971	2
3972	2
3973	2
3974	2
3975	2
3976	2
3977	2
3978	2
3979	2
3980	2
3981	2
3982	2
3983	2
3984	2
3985	2
3986	2
3987	2
3988	2
3989	2
3990	2
3991	2
3992	2
3993	2
3994	2
3995	2
3996	2
3997	2
3998	2
3999	2
4000	2
4001	2
4002	2
4003	2
4004	2
4005	2
4006	2
4007	2
4008	2
4009	2
4010	2
4011	2
4012	2
4013	2
4014	2
4015	2
4016	2
4017	2
4018	2
4019	2
4020	2
4021	2
4022	2
4023	2
4024	2
4025	2
4026	2
4027	2
4028	2
4029	2
4030	2
4031	2
4032	2
4033	2
4034	2
4035	2
4036	2
4037	2
4038	2
4039	2
4040	2
4041	2
4042	2
4043	2
4044	2
4045	2
4046	2
4047	2
4048	2
4049	2
4050	2
4051	2
4052	2
4053	2
4054	2
4055	2
4056	2
4057	2
4058	2
4059	2
4060	2
4061	2
4062	2
4063	2
4064	2
4065	2
4066	2
4067	2
4068	2
4069	2
4070	2
4071	2
4072	2
4073	2
4074	2
4075	2
4076	2
4077	2
4078	2
4079	2
4080	2
4081	2
4082	2
4083	2
4084	2
4085	2
4086	2
4087	2
4088	2
4089	2
4090	2
4091	2
4092	2
4093	2
4094	2
4095	2
4096	2
4097	2
4098	2
4099	2
4100	2
4101	2
4102	2
4103	2
4104	2
4105	2
4106	2
4107	2
4108	2
4109	2
4110	2
4111	2
4112	2
4113	2
4114	2
4115	2
4116	2
4117	2
4118	2
4119	2
4120	2
4121	2
4122	2
4123	2
4124	2
4125	2
4126	2
4127	2
4128	2
4129	2
4130	2
4131	2
4132	2
4133	2
4134	2
4135	2
4136	2
4137	2
4138	2
4139	2
4140	2
4141	2
4142	2
4143	2
4144	2
4145	2
4146	2
4147	2
4148	2
4149	2
4150	2
4151	2
4152	2
4153	2
4154	2
4155	2
4156	2
4157	2
4158	2
4159	2
4160	2
4161	2
4162	2
4163	2
4164	2
4165	2
4166	2
4167	2
4168	2
4169	2
4170	2
4171	2
4172	2
4173	2
4174	2
4175	2
4176	2
4177	2
4178	2
4179	2
4180	2
4181	2
4182	2
4183	2
4184	2
4185	2
4186	2
4187	2
4188	2
4189	2
4190	2
4191	2
4192	2
4193	2
4194	2
4195	2
4196	2
4197	2
4198	2
4199	2
4200	2
4201	2
4202	2
4203	2
4204	2
4205	2
4206	2
4207	2
4208	2
4209	2
4210	2
4211	2
4212	2
4213	2
4214	2
4215	2
4216	2
4217	2
4218	2
4219	2
4220	2
4221	2
4222	2
4223	2
4224	2
4225	2
4226	2
4227	2
4228	2
4229	2
4230	2
4231	2
4232	2
4233	2
4234	2
4235	2
4236	2
4237	2
4238	2
4239	2
4240	2
4241	2
4242	2
4243	2
4244	2
4245	2
4246	2
4247	2
4248	2
4249	2
4250	2
4251	2
4252	2
4253	2
4254	2
4255	2
4256	2
4257	2
4258	2
4259	2
4260	2
4261	2
4262	2
4263	2
4264	2
4265	2
4266	2
4267	2
4268	2
4269	2
4270	2
4271	2
4272	2
4273	2
4274	2
4275	2
4276	2
4277	2
4278	2
4279	2
4280	2
4281	2
4282	2
4283	2
4284	2
4285	2
4286	2
4287	2
4288	2
4289	2
4290	2
4291	2
4292	2
4293	2
4294	2
4295	2
4296	2
4297	2
4298	2
4299	2
4300	2
4301	2
4302	2
4303	2
4304	2
4305	2
4306	2
4307	2
4308	2
4309	2
4310	2
4311	2
4312	2
4313	2
4314	2
4315	2
4316	2
4317	2
4318	2
4319	2
4320	2
4321	2
4322	2
4323	2
4324	2
4325	2
4326	2
4327	2
4328	2
4329	2
4330	2
4331	2
4332	2
4333	2
4334	2
4335	2
4336	2
4337	2
4338	2
4339	2
4340	2
4341	2
4342	2
4343	2
4344	2
4345	2
4346	2
4347	2
4348	2
4349	2
4350	2
4351	2
4352	2
4353	2
4354	2
4355	2
4356	2
4357	2
4358	2
4359	2
4360	2
4361	2
4362	2
4363	2
4364	2
4365	2
4366	2
4367	2
4368	2
4369	2
4370	2
4371	2
4372	2
4373	2
4374	2
4375	2
4376	2
4377	2
4378	2
4379	2
4380	2
4381	2
4382	2
4383	2
4384	2
4385	2
4386	2
4387	2
4388	2
4389	2
4390	2
4391	2
4392	2
4393	2
4394	2
4395	2
4396	2
4397	2
4398	2
4399	2
4400	2
4401	2
4402	2
4403	2
4404	2
4405	2
4406	2
4407	2
4408	2
4409	2
4410	2
4411	2
4412	2
4413	2
4414	2
4415	2
4416	2
4417	2
4418	2
4419	2
4420	2
4421	2
4422	2
4423	2
4424	2
4425	2
4426	2
4427	2
4428	2
4429	2
4430	2
4431	2
4432	2
4433	2
4434	2
4435	2
4436	2
4437	2
4438	2
4439	2
4440	2
4441	2
4442	2
4443	2
4444	2
4445	2
4446	2
4447	2
4448	2
4449	2
4450	2
4451	2
4452	2
4453	2
4454	2
4455	2
4456	2
4457	2
4458	2
4459	2
4460	2
4461	2
4462	2
4463	2
4464	2
4465	2
4466	2
4467	2
4468	2
4469	2
4470	2
4471	2
4472	2
4473	2
4474	2
4475	2
4476	2
4477	2
4478	2
4479	2
4480	2
4481	2
4482	2
4483	2
4484	2
4485	2
4486	2
4487	2
4488	2
4489	2
4490	2
4491	2
4492	2
4493	3
4494	3
4495	3
4496	3
4497	3
4498	3
4499	3
4500	3
4501	3
4502	3
4503	3
4504	3
4505	3
4506	3
4507	3
4508	3
4509	3
4510	3
4511	3
4512	3
4513	3
4514	3
4515	3
4516	3
4517	3
4518	3
4519	3
4520	3
4521	3
4522	3
4523	3
4524	3
4525	3
4526	3
4527	3
4528	3
4529	3
4530	3
4531	3
4532	3
4533	3
4534	3
4535	3
4536	3
4537	3
4538	3
4539	3
4540	3
4541	3
4542	3
4543	3
4544	3
4545	3
4546	3
4547	3
4548	3
4549	3
4550	3
4551	3
4552	3
4553	3
4554	3
4555	3
4556	3
4557	3
4558	3
4559	3
4560	3
4561	3
4562	3
4563	3
4564	3
4565	3
4566	3
4567	3
4568	3
4569	3
4570	3
4571	3
4572	3
4573	3
4574	3
4575	3
4576	3
4577	3
4578	3
4579	3
4580	3
4581	3
4582	3
4583	3
4584	3
4585	3
4586	3
4587	3
4588	3
4589	3
4590	3
4591	3
4592	3
4593	3
4594	3
4595	3
4596	3
4597	3
4598	3
4599	3
4600	3
4601	3
4602	3
4603	3
4604	3
4605	3
4606	3
4607	3
4608	3
4609	3
4610	3
4611	3
4612	3
4613	3
4614	4
4615	4
4616	4
4617	4
4618	4
4619	4
4620	4
4621	4
4622	4
4623	4
4624	4
4625	4
4626	4
4627	4
4628	4
4629	4
4630	4
4631	4
4632	4
4633	4
4634	4
4635	4
4636	4
4637	4
4638	4
4639	4
4640	4
4641	4
4642	4
4643	4
4644	4
4645	4
4646	4
4647	4
4648	4
4649	4
4650	4
4651	4
4652	4
4653	4
4654	4
4655	4
4656	4
4657	4
4658	4
4659	4
4660	4
4661	4
4662	4
4663	4
4664	4
4665	4
4666	4
4667	4
4668	4
4669	4
4670	4
4671	4
4672	4
4673	4
4674	4
4675	4
4676	4
4677	4
4678	4
4679	4
4680	4
4681	4
4682	4
4683	4
4684	4
4685	4
4686	4
4687	4
4688	4
4689	4
4690	4
4691	4
4692	4
4693	4
4694	4
4695	4
4696	4
4697	4
4698	4
4699	4
4700	4
4701	4
4702	4
4703	4
4704	4
4705	4
4706	4
4707	4
4708	4
4709	4
4710	4
4711	4
4712	4
4713	4
4714	4
4715	4
4716	4
4717	4
4718	4
4719	4
4720	4
4721	4
4722	4
4723	4
4724	4
4725	4
4726	4
4727	4
4728	4
4729	4
4730	4
4731	4
4732	4
4733	4
4734	4
4735	4
4736	4
4737	4
4738	4
4739	4
4740	4
4741	4
4742	4
4743	4
4744	4
4745	4
4746	4
4747	4
4748	4
4749	4
4750	4
4751	4
4752	4
4753	4
4754	4
4755	4
4756	4
4757	4
4758	4
4759	4
4760	4
4761	4
4762	4
4763	4
4764	4
4765	4
4766	4
4767	4
4768	4
4769	4
4770	4
4771	4
4772	4
4773	4
4774	4
4775	4
4776	4
4777	4
4778	4
4779	4
4780	4
4781	4
4782	4
4783	4
4784	4
4785	4
4786	4
4787	4
4788	4
4789	4
4790	4
4791	4
4792	4
4793	4
4794	4
4795	4
4796	4
4797	4
4798	4
4799	4
4800	4
4801	4
4802	4
4803	4
4804	4
4805	4
4806	4
4807	4
4808	4
4809	4
4810	4
4811	4
4812	4
4813	4
4814	4
4815	4
4816	4
4817	4
4818	4
4819	4
4820	4
4821	4
4822	4
4823	4
4824	4
4825	4
4826	4
4827	4
4828	4
4829	4
4830	4
4831	4
4832	4
4833	4
4834	4
4835	4
4836	4
4837	4
4838	4
4839	4
4840	4
4841	4
4842	4
4843	4
4844	4
4845	4
4846	4
4847	4
4848	4
4849	4
4850	4
4851	4
4852	4
4853	4
4854	4
4855	4
4856	4
4857	4
4858	4
4859	4
4860	4
4861	4
4862	4
4863	4
4864	4
4865	4
4866	4
4867	4
4868	4
4869	4
4870	4
4871	4
4872	4
4873	4
4874	4
4875	4
4876	4
4877	4
4878	4
4879	4
4880	4
4881	4
4882	4
4883	4
4884	4
4885	4
4886	4
4887	4
4888	4
4889	4
4890	4
4891	4
4892	4
4893	4
4894	4
4895	4
4896	4
4897	4
4898	4
4899	4
4900	4
4901	4
4902	4
4903	4
4904	4
4905	4
4906	4
4907	4
4908	4
4909	4
4910	4
4911	4
4912	4
4913	4
4914	4
4915	4
4916	4
4917	4
4918	4
4919	4
4920	4
4921	4
4922	4
4923	4
4924	4
4925	4
4926	4
4927	4
4928	4
4929	4
4930	4
4931	4
4932	4
4933	4
4934	4
4935	4
4936	4
4937	4
4938	4
4939	4
4940	4
4941	4
4942	4
4943	4
4944	4
4945	4
4946	4
4947	4
4948	4
4949	4
4950	4
4951	4
4952	4
4953	4
4954	4
4955	4
4956	4
4957	4
4958	4
4959	4
4960	4
4961	4
4962	4
4963	4
4964	4
4965	4
4966	4
4967	4
4968	4
4969	4
4970	4
4971	4
4972	4
4973	4
4974	4
4975	4
4976	4
4977	4
4978	4
4979	4
4980	4
4981	4
4982	4
4983	4
4984	4
4985	4
4986	4
4987	4
4988	4
4989	4
4990	4
4991	4
4992	4
4993	4
4994	4
4995	4
4996	4
4997	4
4998	4
4999	4
5000	4
5001	4
5002	4
5003	4
5004	4
5005	4
5006	4
5007	4
5008	4
5009	4
5010	4
5011	4
5012	4
5013	4
5014	4
5015	4
5016	4
5017	4
5018	4
5019	4
5020	4
5021	4
5022	4
5023	4
5024	4
5025	4
5026	4
5027	4
5028	4
5029	4
5030	4
5031	4
5032	4
5033	4
5034	4
5035	4
5036	4
5037	4
5038	4
5039	4
5040	4
5041	4
5042	4
5043	4
5044	4
5045	4
5046	4
5047	4
5048	4
5049	4
5050	4
5051	4
5052	4
5053	4
5054	4
5055	4
5056	4
5057	4
5058	4
5059	4
5060	4
5061	4
5062	4
5063	4
5064	4
5065	4
5066	4
5067	4
5068	4
5069	4
5070	4
5071	4
5072	4
5073	4
5074	4
5075	4
5076	4
5077	4
5078	4
5079	4
5080	4
5081	4
5082	4
5083	4
5084	4
5085	4
5086	4
5087	4
5088	4
5089	4
5090	4
5091	4
5092	4
5093	4
5094	4
5095	4
5096	4
5097	4
5098	4
5099	4
5100	4
5101	4
5102	4
5103	4
5104	4
5105	4
5106	4
5107	4
5108	4
5109	4
5110	4
5111	4
5112	4
5113	4
5114	4
5115	4
5116	4
5117	4
5118	4
5119	4
5120	4
5121	4
5122	4
5123	4
5124	4
5125	4
5126	4
5127	4
5128	4
5129	4
5130	4
5131	4
5132	4
5133	4
5134	4
5135	4
5136	4
5137	4
5138	4
5139	4
5140	4
5141	4
5142	4
5143	4
5144	4
5145	4
5146	4
5147	4
5148	4
5149	4
5150	4
5151	4
5152	4
5153	4
5154	4
5155	4
5156	4
5157	4
5158	4
5159	4
5160	4
5161	4
5162	4
5163	4
5164	4
5165	4
5166	4
5167	4
5168	4
5169	4
5170	4
5171	4
5172	4
5173	4
5174	4
5175	4
5176	4
5177	4
5178	4
5179	4
5180	4
5181	4
5182	4
5183	4
5184	4
5185	4
5186	4
5187	4
5188	4
5189	4
5190	4
5191	4
5192	4
5193	4
5194	4
5195	4
5196	4
5197	4
5198	4
5199	4
5200	4
5201	4
5202	4
5203	4
5204	4
5205	4
5206	4
5207	4
5208	4
5209	4
5210	4
5211	4
5212	4
5213	4
5214	4
5215	4
5216	4
5217	4
5218	4
5219	4
5220	4
5221	4
5222	4
5223	4
5224	4
5225	4
5226	4
5227	4
5228	4
5229	4
5230	4
5231	4
5232	4
5233	4
5234	4
5235	4
5236	4
5237	4
5238	4
5239	4
5240	4
5241	4
5242	4
5243	4
5244	4
5245	4
5246	4
5247	4
5248	4
5249	4
5250	4
5251	4
5252	4
5253	4
5254	4
5255	4
5256	4
5257	4
5258	4
5259	4
5260	4
5261	4
5262	4
5263	4
5264	4
5265	4
5266	4
5267	4
5268	4
5269	4
5270	4
5271	4
5272	4
5273	4
5274	4
5275	4
5276	4
5277	4
5278	4
5279	4
5280	4
5281	4
5282	4
5283	4
5284	4
5285	4
5286	4
5287	4
5288	4
5289	4
5290	4
5291	4
5292	4
5293	4
5294	4
5295	4
5296	4
5297	4
5298	4
5299	4
5300	4
5301	4
5302	4
5303	4
5304	4
5305	4
5306	4
5307	4
5308	4
5309	4
5310	4
5311	4
5312	4
5313	4
5314	4
5315	4
5316	4
5317	4
5318	4
5319	4
5320	4
5321	4
5322	4
5323	4
5324	4
5325	4
5326	4
5327	4
5328	4
5329	4
5330	4
5331	4
5332	4
5333	4
5334	4
5335	4
5336	4
5337	4
5338	4
5339	4
5340	4
5341	4
5342	4
5343	4
5344	4
5345	4
5346	4
5347	4
5348	4
5349	4
5350	4
5351	4
5352	4
5353	4
5354	4
5355	4
5356	4
5357	4
5358	4
5359	4
5360	4
5361	4
5362	4
5363	4
5364	4
5365	4
5366	5
5367	5
5368	5
5369	5
5370	5
5371	5
5372	5
5373	5
5374	5
5375	5
5376	5
5377	5
5378	5
5379	5
5380	5
5381	5
5382	5
5383	5
5384	5
5385	5
5386	5
5387	5
5388	5
5389	5
5390	5
5391	5
5392	5
5393	5
5394	5
5395	5
5396	5
5397	5
5398	5
5399	5
5400	5
5401	5
5402	5
5403	5
5404	5
5405	5
5406	5
5407	5
5408	5
5409	5
5410	5
5411	5
5412	5
5413	5
5414	5
5415	5
5416	5
5417	5
5418	5
5419	5
5420	5
5421	5
5422	5
5423	5
5424	5
5425	5
5426	5
5427	5
5428	5
5429	5
5430	5
5431	5
5432	5
5433	5
5434	5
5435	5
5436	5
5437	5
5438	5
5439	5
5440	5
5441	5
5442	5
5443	5
5444	5
5445	5
5446	5
5447	5
5448	5
5449	5
5450	5
5451	5
5452	5
5453	5
5454	5
5455	5
5456	5
5457	5
5458	5
5459	5
5460	5
5461	5
5462	5
5463	5
5464	5
5465	5
5466	5
5467	5
5468	5
5469	5
5470	5
5471	5
5472	5
5473	5
5474	5
5475	5
5476	5
5477	5
5478	5
5479	5
5480	5
5481	5
5482	5
5483	5
5484	5
5485	5
5486	5
5487	5
5488	5
5489	5
5490	5
5491	5
5492	5
5493	5
5494	5
5495	5
5496	5
5497	5
5498	5
5499	5
5500	5
5501	5
5502	5
5503	5
5504	5
5505	5
5506	5
5507	5
5508	5
5509	5
5510	5
5511	5
5512	5
5513	5
5514	5
5515	5
5516	5
5517	5
5518	5
5519	5
5520	5
5521	5
5522	5
5523	5
5524	5
5525	5
5526	5
5527	5
5528	5
5529	5
5530	5
5531	5
5532	5
5533	5
5534	5
5535	5
5536	5
5537	5
5538	5
5539	5
5540	5
5541	5
5542	5
5543	5
5544	5
5545	5
5546	5
5547	5
5548	5
5549	5
5550	5
5551	5
5552	5
5553	5
5554	5
5555	5
5556	5
5557	5
5558	5
5559	5
5560	5
5561	5
5562	5
5563	5
5564	5
5565	5
5566	5
5567	5
5568	5
5569	5
5570	5
5571	5
5572	5
5573	5
5574	5
5575	5
5576	5
5577	5
5578	5
5579	5
5580	5
5581	5
5582	5
5583	5
5584	5
5585	5
5586	5
5587	5
5588	5
5589	5
5590	5
5591	5
5592	5
5593	5
5594	5
5595	5
5596	5
5597	5
5598	5
5599	5
5600	5
5601	5
5602	5
5603	5
5604	5
5605	5
5606	5
5607	5
5608	5
5609	5
5610	5
5611	5
5612	5
5613	5
5614	5
5615	5
5616	5
5617	5
5618	5
5619	5
5620	5
5621	5
5622	5
5623	5
5624	5
5625	5
5626	5
5627	5
5628	5
5629	5
5630	5
5631	5
5632	5
5633	5
5634	5
5635	5
5636	5
5637	5
5638	5
5639	5
5640	5
5641	5
5642	5
5643	5
5644	5
5645	5
5646	5
5647	5
5648	5
5649	5
5650	5
5651	5
5652	5
5653	5
5654	5
5655	5
5656	5
5657	5
5658	5
5659	5
5660	5
5661	5
5662	5
5663	5
5664	5
5665	5
5666	5
5667	5
5668	5
5669	5
5670	5
5671	5
5672	5
5673	5
5674	5
5675	5
5676	5
5677	5
5678	5
5679	5
5680	5
5681	5
5682	5
5683	5
5684	5
5685	5
5686	5
5687	5
5688	5
5689	5
5690	5
5691	5
5692	5
5693	5
5694	5
5695	5
5696	5
5697	5
5698	5
5699	5
5700	5
5701	5
5702	5
5703	5
5704	5
5705	5
5706	5
5707	5
5708	5
5709	5
5710	5
5711	5
5712	5
5713	5
5714	5
5715	5
5716	5
5717	5
5718	5
5719	5
5720	5
5721	5
5722	5
5723	5
5724	5
5725	5
5726	5
5727	5
5728	5
5729	5
5730	5
5731	5
5732	5
5733	5
5734	5
5735	5
5736	5
5737	5
5738	5
5739	5
5740	5
5741	5
5742	5
5743	5
5744	5
5745	5
5746	5
5747	5
5748	5
5749	5
5750	5
5751	5
5752	5
5753	5
5754	5
5755	5
5756	5
5757	5
5758	5
5759	5
5760	5
5761	5
5762	5
5763	5
5764	5
5765	5
5766	5
5767	5
5768	5
5769	5
5770	5
5771	5
5772	5
5773	5
5774	5
5775	5
5776	5
5777	5
5778	5
5779	5
5780	5
5781	5
5782	5
5783	5
5784	5
5785	5
5786	5
5787	5
5788	5
5789	5
5790	5
5791	5
5792	5
5793	5
5794	5
5795	5
5796	5
5797	5
5798	5
5799	5
5800	5
5801	5
5802	5
5803	5
5804	5
5805	5
5806	5
5807	5
5808	5
5809	5
5810	5
5811	5
5812	5
5813	5
5814	5
5815	5
5816	5
5817	5
5818	5
5819	5
5820	5
5821	5
5822	5
5823	5
5824	5
5825	5
5826	5
5827	5
5828	5
5829	5
5830	5
5831	5
5832	5
5833	5
5834	5
5835	5
5836	5
5837	5
5838	5
5839	5
5840	5
5841	5
5842	5
5843	5
5844	5
5845	5
5846	5
5847	5
5848	5
5849	5
5850	5
5851	6
5852	6
5853	6
5854	6
5855	6
5856	6
5857	6
5858	6
5859	6
5860	6
5861	6
5862	6
5863	6
5864	6
5865	6
5866	6
5867	6
5868	6
5869	6
5870	6
5871	6
5872	6
5873	6
5874	6
5875	6
5876	6
5877	6
5878	6
5879	6
5880	6
5881	6
5882	6
5883	6
5884	6
5885	6
5886	6
5887	6
5888	6
5889	6
5890	6
5891	6
5892	6
5893	6
5894	6
5895	6
5896	6
5897	6
5898	6
5899	6
5900	6
5901	6
5902	6
5903	6
5904	6
5905	6
5906	6
5907	6
5908	6
5909	6
5910	6
5911	6
5912	6
5913	6
5914	6
5915	6
5916	6
5917	6
5918	6
5919	6
5920	6
5921	6
5922	6
5923	6
5924	6
5925	6
5926	6
5927	6
5928	6
5929	6
5930	6
5931	6
5932	6
5933	6
5934	6
5935	6
5936	6
5937	6
5938	6
5939	6
5940	6
5941	6
5942	6
5943	6
5944	6
5945	6
5946	6
5947	6
5948	6
5949	6
5950	6
5951	6
5952	6
5953	6
5954	6
5955	6
5956	6
5957	6
5958	6
5959	6
5960	6
5961	6
5962	6
5963	6
5964	6
5965	6
5966	6
5967	6
5968	6
5969	6
5970	6
5971	6
5972	6
5973	6
5974	6
5975	6
5976	6
5977	6
5978	6
5979	6
5980	6
5981	6
5982	6
5983	6
5984	6
5985	6
5986	6
5987	6
5988	6
5989	6
5990	6
5991	6
5992	6
5993	6
5994	6
5995	6
5996	6
5997	6
5998	6
5999	6
6000	6
6001	6
6002	6
6003	6
6004	6
6005	6
6006	6
6007	6
6008	6
6009	6
6010	6
6011	6
6012	6
6013	6
6014	6
6015	6
6016	6
6017	6
6018	6
6019	6
6020	6
6021	6
6022	6
6023	6
6024	6
6025	6
6026	6
6027	6
6028	6
6029	6
6030	6
6031	6
6032	6
6033	6
6034	6
6035	6
6036	6
6037	6
6038	6
6039	6
6040	6
6041	6
6042	6
6043	6
6044	6
6045	6
6046	6
6047	6
6048	6
6049	6
6050	6
6051	6
6052	6
6053	6
6054	6
6055	6
6056	6
6057	6
6058	6
6059	6
6060	6
6061	6
6062	6
6063	6
6064	6
6065	6
6066	6
6067	6
6068	6
6069	6
6070	6
6071	6
6072	6
6073	6
6074	6
6075	6
6076	6
6077	6
6078	6
6079	6
6080	6
6081	6
6082	6
6083	6
6084	6
6085	6
6086	6
6087	6
6088	6
6089	6
6090	6
6091	6
6092	6
6093	6
6094	6
6095	6
6096	6
6097	6
6098	6
6099	6
6100	6
6101	6
6102	6
6103	6
6104	6
6105	6
6106	6
6107	6
6108	6
6109	6
6110	6
6111	6
6112	6
6113	6
6114	6
6115	6
6116	6
6117	6
6118	6
6119	6
6120	6
6121	6
6122	6
6123	6
6124	6
6125	6
6126	6
6127	6
6128	6
6129	6
6130	6
6131	6
6132	6
6133	6
6134	6
6135	6
6136	6
6137	6
6138	6
6139	6
6140	6
6141	6
6142	6
6143	6
6144	6
6145	6
6146	6
6147	6
6148	6
6149	6
6150	6
6151	6
6152	6
6153	6
6154	6
6155	6
6156	6
6157	6
6158	6
6159	6
6160	6
6161	6
6162	6
6163	6
6164	6
6165	6
6166	6
6167	6
6168	6
6169	6
6170	6
6171	6
6172	6
6173	6
6174	6
6175	6
6176	6
6177	6
6178	6
6179	6
6180	6
6181	6
6182	6
6183	6
6184	6
6185	6
6186	6
6187	6
6188	6
6189	6
6190	6
6191	6
6192	6
6193	6
6194	6
6195	6
6196	6
6197	6
6198	6
6199	6
6200	6
6201	6
6202	6
6203	6
6204	6
6205	6
6206	6
6207	6
6208	6
6209	6
6210	6
6211	6
6212	6
6213	6
6214	6
6215	6
6216	6
6217	6
6218	6
6219	6
6220	6
6221	6
6222	6
6223	6
6224	6
6225	6
6226	6
6227	6
6228	6
6229	6
6230	6
6231	6
6232	6
6233	6
6234	6
6235	6
6236	6
6237	6
6238	6
6239	6
6240	6
6241	6
6242	6
6243	6
6244	6
6245	6
6246	6
6247	6
6248	6
6249	6
6250	6
6251	6
6252	6
6253	6
6254	6
6255	6
6256	6
6257	6
6258	6
6259	6
6260	6
6261	6
6262	6
6263	6
6264	6
6265	6
6266	6
6267	6
6268	6
6269	6
6270	6
6271	6
6272	6
6273	6
6274	6
6275	6
6276	6
6277	6
6278	6
6279	6
6280	6
6281	6
6282	6
6283	6
6284	6
6285	6
6286	6
6287	6
6288	6
6289	6
6290	6
6291	6
6292	6
6293	6
6294	6
6295	6
6296	6
6297	6
6298	6
6299	6
6300	7
6301	7
6302	7
6303	7
6304	7
6305	7
6306	7
6307	7
6308	7
6309	7
6310	7
6311	7
6312	7
6313	7
6314	7
6315	7
6316	7
6317	7
6318	7
6319	7
6320	7
6321	7
6322	7
6323	7
6324	7
6325	7
6326	7
6327	7
6328	7
6329	7
6330	7
6331	7
6332	7
6333	7
6334	7
6335	7
6336	7
6337	7
6338	7
6339	7
6340	7
6341	7
6342	7
6343	7
6344	7
6345	7
6346	7
6347	7
6348	7
6349	7
6350	7
6351	7
6352	7
6353	7
6354	7
6355	7
6356	7
6357	7
6358	7
6359	7
6360	7
6361	7
6362	7
6363	7
6364	7
6365	7
6366	7
6367	7
6368	7
6369	7
6370	7
6371	7
6372	7
6373	7
6374	7
6375	7
6376	7
6377	7
6378	7
6379	7
6380	7
6381	7
6382	7
6383	7
6384	7
6385	7
6386	7
6387	7
6388	7
6389	7
6390	7
6391	7
6392	7
6393	7
6394	7
6395	7
6396	7
6397	7
6398	7
6399	7
6400	7
6401	7
6402	7
6403	7
6404	7
6405	7
6406	7
6407	7
6408	7
6409	7
6410	7
6411	7
6412	7
6413	7
6414	7
6415	7
6416	7
6417	7
6418	7
6419	7
6420	7
6421	7
6422	7
6423	7
6424	7
6425	7
6426	7
6427	7
6428	7
6429	7
6430	7
6431	7
6432	7
6433	7
6434	7
6435	7
6436	7
6437	7
6438	7
6439	7
6440	7
6441	7
6442	7
6443	7
6444	7
6445	7
6446	7
6447	7
6448	7
6449	7
6450	7
6451	7
6452	7
6453	7
6454	7
6455	7
6456	7
6457	7
6458	7
6459	7
6460	7
6461	7
6462	7
6463	7
6464	7
6465	7
6466	7
6467	7
6468	7
6469	7
6470	7
6471	7
6472	7
6473	7
6474	7
6475	7
6476	7
6477	7
6478	7
6479	7
6480	7
6481	7
6482	7
6483	7
6484	7
6485	7
6486	7
6487	7
6488	7
6489	7
6490	7
6491	7
6492	7
6493	7
6494	7
6495	7
6496	7
6497	7
6498	7
6499	7
6500	7
6501	7
6502	7
6503	7
6504	7
6505	7
6506	7
6507	7
6508	7
6509	7
6510	7
6511	7
6512	7
6513	7
6514	7
6515	7
6516	7
6517	7
6518	7
6519	7
6520	7
6521	7
6522	7
6523	7
6524	7
6525	7
6526	7
6527	7
6528	7
6529	7
6530	7
6531	7
6532	7
6533	7
6534	7
6535	7
6536	7
6537	7
6538	7
6539	7
6540	7
6541	7
6542	7
6543	7
6544	7
6545	7
6546	7
6547	7
6548	7
6549	7
6550	7
6551	7
6552	7
6553	7
6554	7
6555	7
6556	7
6557	7
6558	7
6559	7
6560	7
6561	7
6562	7
6563	7
6564	7
6565	7
6566	7
6567	7
6568	7
6569	7
6570	7
6571	7
6572	7
6573	7
6574	7
6575	7
6576	7
6577	7
6578	7
6579	7
6580	7
6581	7
6582	7
6583	7
6584	7
6585	7
6586	7
6587	7
6588	7
6589	7
6590	7
6591	7
6592	7
6593	7
6594	7
6595	7
6596	7
6597	7
6598	7
6599	7
6600	7
6601	7
6602	7
6603	7
6604	7
6605	7
6606	7
6607	8
6608	8
6609	8
6610	8
6611	8
6612	8
6613	8
6614	8
6615	8
6616	8
6617	8
6618	8
6619	8
6620	8
6621	8
6622	8
6623	8
6624	8
6625	8
6626	8
6627	8
6628	8
6629	8
6630	8
6631	8
6632	8
6633	8
6634	8
6635	8
6636	8
6637	8
6638	8
6639	8
6640	8
6641	8
6642	8
6643	8
6644	8
6645	8
6646	8
6647	8
6648	8
6649	8
6650	8
6651	8
6652	8
6653	8
6654	8
6655	8
6656	8
6657	8
6658	8
6659	8
6660	8
6661	8
6662	8
6663	8
6664	8
6665	8
6666	8
6667	8
6668	8
6669	8
6670	8
6671	8
6672	8
6673	8
6674	8
6675	8
6676	8
6677	8
6678	8
6679	8
6680	8
6681	8
6682	8
6683	8
6684	8
6685	8
6686	8
6687	8
6688	8
6689	8
6690	8
6691	8
6692	8
6693	8
6694	8
6695	8
6696	8
6697	8
6698	8
6699	8
6700	8
6701	8
6702	8
6703	8
6704	8
6705	8
6706	8
6707	8
6708	8
6709	8
6710	8
6711	8
6712	8
6713	8
6714	8
6715	8
6716	8
6717	8
6718	8
6719	8
6720	8
6721	8
6722	8
6723	8
6724	8
6725	8
6726	8
6727	8
6728	8
6729	8
6730	8
6731	8
6732	8
6733	8
6734	8
6735	8
6736	8
6737	8
6738	8
6739	8
6740	8
6741	8
6742	8
6743	8
6744	8
6745	8
6746	8
6747	8
6748	8
6749	8
6750	8
6751	8
6752	8
6753	8
6754	8
6755	8
6756	8
6757	8
6758	8
6759	8
6760	8
6761	8
6762	8
6763	8
6764	8
6765	8
6766	8
6767	8
6768	8
6769	8
6770	8
6771	8
6772	8
6773	8
6774	8
6775	8
6776	8
6777	8
6778	8
6779	8
6780	8
6781	8
6782	8
6783	8
6784	8
6785	8
6786	8
6787	8
6788	8
6789	8
6790	8
6791	8
6792	8
6793	8
6794	8
6795	8
6796	8
6797	8
6798	8
6799	8
6800	8
6801	8
6802	8
6803	8
6804	8
6805	9
6806	9
6807	9
6808	9
6809	9
6810	9
6811	9
6812	9
6813	9
6814	9
6815	9
6816	9
6817	9
6818	9
6819	9
6820	9
6821	9
6822	9
6823	9
6824	9
6825	9
6826	9
6827	9
6828	9
6829	9
6830	9
6831	9
6832	9
6833	9
6834	9
6835	9
6836	9
6837	9
6838	9
6839	9
6840	9
6841	9
6842	9
6843	9
6844	9
6845	9
6846	9
6847	9
6848	9
6849	9
6850	9
6851	9
6852	9
6853	9
6854	9
6855	9
6856	9
6857	9
6858	9
6859	9
6860	9
6861	9
6862	9
6863	9
6864	9
6865	9
6866	9
6867	9
6868	10
6869	10
6870	10
6871	10
6872	10
6873	10
6874	10
6875	10
6876	10
6877	10
6878	10
6879	10
6880	10
6881	10
6882	10
6883	10
6884	10
6885	10
6886	10
6887	10
6888	10
6889	10
6890	10
6891	10
6892	10
6893	10
6894	10
6895	10
6896	10
6897	10
6898	10
6899	10
6900	10
6901	10
6902	10
6903	10
6904	10
6905	10
6906	10
6907	10
6908	10
6909	10
6910	10
6911	10
6912	10
6913	10
6914	10
6915	10
6916	10
6917	10
6918	10
6919	10
6920	10
6921	10
6922	10
6923	10
6924	10
6925	10
6926	10
6927	10
6928	10
6929	10
6930	10
6931	10
6932	10
6933	10
6934	10
6935	10
6936	10
6937	10
6938	10
6939	10
6940	10
6941	10
6942	10
6943	10
6944	10
6945	10
6946	10
6947	10
6948	10
6949	10
6950	10
6951	10
6952	10
6953	11
6954	11
6955	11
6956	11
6957	11
6958	11
6959	11
6960	11
6961	11
6962	11
6963	11
6964	11
6965	11
6966	11
6967	11
6968	11
6969	11
6970	11
6971	11
6972	11
6973	11
6974	11
6975	11
6976	11
6977	11
6978	11
6979	11
6980	11
6981	11
6982	11
6983	11
6984	11
6985	11
6986	11
6987	11
6988	11
6989	11
6990	11
6991	11
6992	11
6993	11
6994	11
6995	11
6996	11
6997	11
6998	11
6999	11
7000	11
7001	11
7002	11
7003	11
7004	11
7005	11
7006	11
7007	11
7008	11
7009	11
7010	11
7011	11
7012	11
7013	11
7014	11
7015	11
7016	11
7017	11
7018	11
7019	11
7020	11
7021	11
7022	11
7023	11
7024	11
7025	11
7026	11
7027	11
7028	11
7029	11
7030	11
7031	11
7032	11
7033	11
7034	11
7035	11
7036	11
7037	11
7038	11
7039	11
7040	11
7041	11
7042	11
7043	11
7044	11
7045	11
7046	11
7047	11
7048	11
7049	11
7050	11
7051	11
7052	11
7053	11
7054	11
7055	11
7056	11
7057	11
7058	11
7059	11
7060	11
7061	11
7062	11
7063	11
7064	11
7065	11
7066	11
7067	11
7068	11
7069	11
7070	11
7071	11
7072	11
7073	11
7074	11
7075	11
7076	11
7077	11
7078	11
7079	11
7080	11
7081	11
7082	11
7083	11
7084	11
7085	11
7086	11
7087	11
7088	11
7089	11
7090	11
7091	11
7092	11
7093	11
7094	11
7095	11
7096	11
7097	11
7098	11
7099	11
7100	11
7101	11
7102	11
7103	11
7104	11
7105	11
7106	11
7107	11
7108	11
7109	11
7110	11
7111	11
7112	11
7113	11
7114	11
7115	11
7116	11
7117	11
7118	11
7119	11
7120	11
7121	11
7122	11
7123	11
7124	11
7125	11
7126	11
7127	11
7128	11
7129	11
7130	11
7131	11
7132	11
7133	11
7134	11
7135	11
7136	11
7137	11
7138	11
7139	11
7140	11
7141	11
7142	11
7143	11
7144	11
7145	11
7146	11
7147	11
7148	11
7149	11
7150	11
7151	11
7152	11
7153	11
7154	11
7155	11
7156	11
7157	11
7158	11
7159	11
7160	11
7161	11
7162	11
7163	11
7164	11
7165	11
7166	11
7167	11
7168	11
7169	11
7170	11
7171	11
7172	11
7173	11
7174	11
7175	11
7176	11
7177	11
7178	11
7179	11
7180	11
7181	11
7182	11
7183	11
7184	11
7185	11
7186	11
7187	11
7188	11
7189	11
7190	11
7191	11
7192	11
7193	11
7194	11
7195	11
7196	11
7197	11
7198	11
7199	11
7200	11
7201	11
7202	11
7203	11
7204	11
7205	11
7206	11
7207	11
7208	11
7209	11
7210	11
7211	11
7212	11
7213	11
7214	11
7215	11
7216	11
7217	11
7218	11
7219	11
7220	11
7221	11
7222	11
7223	11
7224	11
7225	11
7226	11
7227	11
7228	11
7229	11
7230	11
7231	11
7232	11
7233	11
7234	11
7235	11
7236	11
7237	11
7238	11
7239	11
7240	11
7241	11
7242	11
7243	11
7244	11
7245	11
7246	11
7247	11
7248	11
7249	11
7250	11
7251	11
7252	11
7253	11
7254	11
7255	11
7256	11
7257	11
7258	11
7259	11
7260	11
7261	11
7262	11
7263	11
7264	11
7265	11
7266	11
7267	11
7268	11
7269	11
7270	11
7271	11
7272	11
7273	11
7274	11
7275	11
7276	11
7277	11
7278	11
7279	11
7280	11
7281	11
7282	11
7283	11
7284	11
7285	11
7286	11
7287	11
7288	11
7289	11
7290	11
7291	11
7292	11
7293	11
7294	11
7295	11
7296	11
7297	11
7298	11
7299	11
7300	11
7301	11
7302	11
7303	11
7304	11
7305	11
7306	11
7307	11
7308	11
7309	11
7310	11
7311	11
7312	11
7313	11
7314	11
7315	11
7316	11
7317	11
7318	11
7319	11
7320	11
7321	11
7322	11
7323	11
7324	11
7325	11
7326	11
7327	11
7328	11
7329	11
7330	11
7331	11
7332	11
7333	11
7334	11
7335	11
7336	11
7337	11
7338	11
7339	11
7340	11
7341	11
7342	11
7343	11
7344	11
7345	11
7346	11
7347	11
7348	11
7349	11
7350	11
7351	11
7352	11
7353	11
7354	11
7355	11
7356	11
7357	11
7358	11
7359	11
7360	11
7361	11
7362	11
7363	11
7364	11
7365	11
7366	11
7367	11
7368	11
7369	11
7370	11
7371	11
7372	11
7373	11
7374	11
7375	11
7376	11
7377	11
7378	11
7379	11
7380	11
7381	11
7382	11
7383	11
7384	11
7385	11
7386	11
7387	11
7388	11
7389	11
7390	11
7391	11
7392	11
7393	11
7394	11
7395	11
7396	11
7397	11
7398	11
7399	11
7400	11
7401	11
7402	11
7403	11
7404	11
7405	11
7406	11
7407	11
7408	11
7409	11
7410	11
7411	11
7412	11
7413	11
7414	11
7415	11
7416	11
7417	11
7418	11
7419	11
7420	11
7421	11
7422	11
7423	11
7424	11
7425	11
7426	11
7427	11
7428	11
7429	11
7430	11
7431	11
7432	11
7433	11
7434	11
7435	11
7436	11
7437	11
7438	11
7439	11
7440	11
7441	11
7442	11
7443	11
7444	11
7445	11
7446	11
7447	11
7448	11
7449	11
7450	11
7451	11
7452	11
7453	11
7454	11
7455	11
7456	11
7457	11
7458	11
7459	11
7460	11
7461	11
7462	11
7463	11
7464	11
7465	11
7466	11
7467	11
7468	11
7469	11
7470	11
7471	11
7472	11
7473	11
7474	11
7475	11
7476	11
7477	11
7478	11
7479	11
7480	11
7481	11
7482	11
7483	11
7484	11
7485	11
7486	11
7487	11
7488	11
7489	11
7490	11
7491	11
7492	11
7493	11
7494	11
7495	11
7496	11
7497	11
7498	11
7499	11
7500	11
7501	11
7502	11
7503	11
7504	11
7505	11
7506	11
7507	11
7508	11
7509	11
7510	11
7511	11
7512	11
7513	11
7514	11
7515	11
7516	11
7517	11
7518	11
7519	11
7520	11
7521	11
7522	11
7523	11
7524	11
7525	11
7526	11
7527	11
7528	11
7529	11
7530	11
7531	11
7532	11
7533	11
7534	11
7535	11
7536	11
7537	11
7538	11
7539	11
7540	11
7541	11
7542	11
7543	11
7544	11
7545	11
7546	11
7547	11
7548	11
7549	11
7550	11
7551	11
7552	11
7553	11
7554	11
7555	11
7556	11
7557	11
7558	11
7559	11
7560	11
7561	11
7562	11
7563	11
7564	11
7565	11
7566	11
7567	11
7568	11
7569	11
7570	11
7571	11
7572	11
7573	11
7574	11
7575	11
7576	11
7577	11
7578	11
7579	11
7580	11
7581	11
7582	11
7583	11
7584	11
7585	11
7586	11
7587	11
7588	11
7589	11
7590	11
7591	11
7592	11
7593	11
7594	11
7595	11
7596	11
7597	11
7598	11
7599	11
7600	11
7601	11
7602	11
7603	11
7604	11
7605	11
7606	11
7607	11
7608	11
7609	11
7610	11
7611	11
7612	11
7613	11
7614	11
7615	11
7616	11
7617	11
7618	11
7619	11
7620	11
7621	11
7622	11
7623	11
7624	11
7625	11
7626	11
7627	11
7628	11
7629	11
7630	11
7631	11
7632	11
7633	11
7634	11
7635	11
7636	11
7637	11
7638	11
7639	11
7640	11
7641	11
7642	11
7643	11
7644	11
7645	11
7646	11
7647	11
7648	11
7649	11
7650	11
7651	11
7652	11
7653	11
7654	11
7655	11
7656	11
7657	11
7658	11
7659	11
7660	11
7661	11
7662	11
7663	11
7664	11
7665	11
7666	11
7667	11
7668	11
7669	11
7670	11
7671	11
7672	11
7673	11
7674	11
7675	11
7676	11
7677	11
7678	11
7679	11
7680	11
7681	11
7682	11
7683	11
7684	11
7685	11
7686	11
7687	11
7688	11
7689	11
7690	11
7691	11
7692	11
7693	11
7694	11
7695	11
7696	11
7697	11
7698	11
7699	11
7700	11
7701	11
7702	11
7703	11
7704	11
7705	11
7706	11
7707	11
7708	11
7709	11
7710	11
7711	11
7712	11
7713	11
7714	11
7715	11
7716	11
7717	11
7718	11
7719	11
7720	11
7721	11
7722	11
7723	11
7724	11
7725	11
7726	11
7727	11
7728	11
7729	11
7730	11
7731	11
7732	11
7733	11
7734	11
7735	11
7736	11
7737	11
7738	11
7739	11
7740	11
7741	11
7742	11
7743	11
7744	11
7745	11
7746	11
7747	11
7748	11
7749	11
7750	11
7751	11
7752	11
7753	11
7754	11
7755	11
7756	11
7757	11
7758	11
7759	11
7760	11
7761	11
7762	11
7763	11
7764	11
7765	11
7766	11
7767	11
7768	11
7769	11
7770	11
7771	11
7772	11
7773	11
7774	11
7775	11
7776	11
7777	11
7778	11
7779	11
7780	11
7781	11
7782	11
7783	11
7784	11
7785	11
7786	11
7787	11
7788	11
7789	11
7790	11
7791	11
7792	11
7793	11
7794	11
7795	11
7796	11
7797	11
7798	11
7799	11
7800	11
7801	11
7802	11
7803	11
7804	11
7805	11
7806	11
7807	11
7808	11
7809	11
7810	11
7811	11
7812	11
7813	11
7814	11
7815	11
7816	11
7817	11
7818	11
7819	11
7820	11
7821	11
7822	11
7823	11
7824	11
7825	11
7826	11
7827	11
7828	11
7829	11
7830	11
7831	11
7832	11
7833	11
7834	11
7835	11
7836	11
7837	11
7838	11
7839	11
7840	11
7841	11
7842	11
7843	11
7844	11
7845	11
7846	11
7847	11
7848	11
7849	11
7850	11
7851	11
7852	11
7853	11
7854	11
7855	11
7856	11
7857	11
7858	11
7859	11
7860	11
7861	11
7862	11
7863	11
7864	11
7865	11
7866	11
7867	11
7868	11
7869	11
7870	11
7871	11
7872	11
7873	11
7874	11
7875	11
7876	11
7877	11
7878	11
7879	11
7880	11
7881	11
7882	11
7883	11
7884	11
7885	11
7886	11
7887	11
7888	11
7889	11
7890	11
7891	11
7892	11
7893	11
7894	11
7895	11
7896	11
7897	11
7898	11
7899	11
7900	11
7901	11
7902	11
7903	11
7904	11
7905	11
7906	11
7907	11
7908	11
7909	11
7910	11
7911	11
7912	11
7913	11
7914	11
7915	11
7916	11
7917	11
7918	11
7919	11
7920	11
7921	11
7922	11
7923	11
7924	11
7925	11
7926	11
7927	11
7928	11
7929	11
7930	11
7931	11
7932	11
7933	11
7934	11
7935	11
7936	11
7937	11
7938	11
7939	11
7940	11
7941	11
7942	11
7943	11
7944	11
7945	11
7946	11
7947	11
7948	11
7949	11
7950	11
7951	11
7952	11
7953	11
7954	11
7955	11
7956	11
7957	11
7958	11
7959	11
7960	11
7961	11
7962	11
7963	11
7964	11
7965	11
7966	11
7967	11
7968	11
7969	11
7970	11
7971	11
7972	11
7973	11
7974	11
7975	11
7976	11
7977	11
7978	11
7979	11
7980	11
7981	11
7982	11
7983	11
7984	11
7985	11
7986	11
7987	11
7988	11
7989	11
7990	11
7991	11
7992	11
7993	11
7994	11
7995	11
7996	11
7997	11
7998	11
7999	11
8000	11
8001	11
8002	11
8003	11
8004	11
8005	11
8006	11
8007	11
8008	11
8009	11
8010	11
8011	11
8012	11
8013	11
8014	11
8015	11
8016	11
8017	11
8018	11
8019	11
8020	11
8021	11
8022	11
8023	11
8024	11
8025	11
8026	11
8027	11
8028	11
8029	11
8030	11
8031	11
8032	11
8033	12
8034	12
8035	12
8036	12
8037	12
8038	12
8039	12
8040	12
8041	12
8042	12
8043	12
8044	12
8045	12
8046	12
8047	12
8048	12
8049	12
8050	12
8051	12
8052	12
8053	12
8054	12
8055	12
8056	12
8057	12
8058	12
8059	12
8060	12
8061	12
8062	12
8063	12
8064	12
8065	12
8066	12
8067	12
8068	12
8069	12
8070	12
8071	12
8072	12
8073	12
8074	12
8075	12
8076	12
8077	12
8078	12
8079	12
8080	12
8081	12
8082	12
8083	12
8084	12
8085	12
8086	12
8087	12
8088	12
8089	12
8090	12
8091	12
8092	12
8093	12
8094	12
8095	12
8096	12
8097	12
8098	12
8099	12
8100	12
8101	12
8102	12
8103	12
8104	12
8105	12
8106	12
8107	12
8108	12
8109	12
8110	12
8111	12
8112	12
8113	12
8114	12
8115	12
8116	12
8117	12
8118	12
8119	12
8120	12
8121	12
8122	12
8123	12
8124	12
8125	12
8126	12
8127	12
8128	12
8129	12
8130	12
8131	12
8132	12
8133	12
8134	12
8135	12
8136	12
8137	12
8138	12
8139	12
8140	12
8141	12
8142	12
8143	12
8144	12
8145	12
8146	12
8147	12
8148	12
8149	12
8150	12
8151	12
8152	12
8153	12
8154	12
8155	12
8156	12
8157	12
8158	12
8159	12
8160	12
8161	12
8162	12
8163	13
8164	13
8165	13
8166	13
8167	13
8168	13
8169	13
8170	13
8171	13
8172	13
8173	13
8174	13
8175	13
8176	13
8177	13
8178	13
8179	13
8180	13
8181	13
8182	13
8183	13
8184	13
8185	13
8186	13
8187	13
8188	13
8189	13
8190	13
8191	13
8192	13
8193	13
8194	13
8195	13
8196	13
8197	13
8198	13
8199	13
8200	13
8201	13
8202	13
8203	13
8204	13
8205	13
8206	13
8207	13
8208	13
8209	13
8210	13
8211	13
8212	13
8213	13
8214	13
8215	13
8216	13
8217	13
8218	13
8219	13
8220	13
8221	13
8222	13
8223	13
8224	13
8225	13
8226	13
8227	13
8228	13
8229	13
8230	13
8231	13
8232	13
8233	13
8234	13
8235	13
8236	13
8237	13
8238	13
8239	13
8240	13
8241	13
8242	13
8243	13
8244	13
8245	13
8246	13
8247	13
8248	13
8249	13
8250	13
8251	13
8252	13
8253	13
8254	13
8255	13
8256	13
8257	13
8258	13
8259	13
8260	13
8261	13
8262	13
8263	13
8264	13
8265	13
8266	13
8267	13
8268	13
8269	13
8270	13
8271	13
8272	13
8273	13
8274	13
8275	13
8276	13
8277	13
8278	13
8279	13
8280	13
8281	13
8282	13
8283	13
8284	13
8285	13
8286	13
8287	13
8288	13
8289	13
8290	13
8291	13
8292	13
8293	13
8294	13
8295	13
8296	13
8297	13
8298	13
8299	13
8300	13
8301	13
8302	13
8303	13
8304	13
8305	13
8306	13
8307	13
8308	13
8309	13
8310	13
8311	13
8312	13
8313	13
8314	13
8315	13
8316	13
8317	13
8318	13
8319	13
8320	13
8321	13
8322	13
8323	13
8324	13
8325	13
8326	13
8327	13
8328	13
8329	13
8330	13
8331	13
8332	13
8333	13
8334	13
8335	13
8336	13
8337	13
8338	13
8339	13
8340	13
8341	13
8342	13
8343	13
8344	13
8345	13
8346	13
8347	13
8348	13
8349	13
8350	13
8351	13
8352	13
8353	13
8354	13
8355	13
8356	13
8357	13
8358	13
8359	13
8360	13
8361	13
8362	13
8363	13
8364	13
8365	13
8366	13
8367	13
8368	13
8369	13
8370	13
8371	13
8372	13
8373	13
8374	13
8375	13
8376	13
8377	13
8378	13
8379	13
8380	13
8381	13
8382	13
8383	13
8384	13
8385	13
8386	13
8387	13
8388	13
8389	13
8390	13
8391	13
8392	13
8393	13
8394	13
8395	13
8396	13
8397	13
8398	13
8399	13
8400	13
8401	13
8402	13
8403	13
8404	13
8405	13
8406	13
8407	13
8408	13
8409	13
8410	13
8411	13
8412	13
8413	13
8414	13
8415	13
8416	13
8417	13
8418	13
8419	13
8420	13
8421	13
8422	13
8423	13
8424	13
8425	13
8426	13
8427	13
8428	13
8429	13
8430	13
8431	13
8432	13
8433	13
8434	13
8435	13
8436	13
8437	13
8438	13
8439	13
8440	13
8441	13
8442	13
8443	13
8444	13
8445	13
8446	13
8447	13
8448	13
8449	13
8450	13
8451	13
8452	13
8453	13
8454	13
8455	13
8456	13
8457	13
8458	13
8459	13
8460	13
8461	13
8462	13
8463	13
8464	13
8465	13
8466	13
8467	13
8468	13
8469	13
8470	13
8471	13
8472	13
8473	13
8474	13
8475	13
8476	13
8477	13
8478	13
8479	13
8480	13
8481	13
8482	13
8483	13
8484	13
8485	13
8486	13
8487	13
8488	13
8489	13
8490	13
8491	13
8492	13
8493	13
8494	13
8495	13
8496	13
8497	13
8498	13
8499	13
8500	13
8501	13
8502	13
8503	13
8504	13
8505	13
8506	13
8507	13
8508	13
8509	13
8510	13
8511	13
8512	13
8513	13
8514	13
8515	13
8516	13
8517	13
8518	13
8519	13
8520	13
8521	13
8522	13
8523	13
8524	13
8525	13
8526	13
8527	13
8528	13
8529	13
8530	13
8531	13
8532	13
8533	13
8534	13
8535	13
8536	13
8537	13
8538	13
8539	13
8540	13
8541	13
8542	13
8543	13
8544	13
8545	13
8546	13
8547	13
8548	13
8549	13
8550	13
8551	13
8552	13
8553	13
8554	13
8555	13
8556	13
8557	13
8558	13
8559	13
8560	13
8561	13
8562	13
8563	13
8564	13
8565	13
8566	13
8567	13
8568	13
8569	13
8570	13
8571	13
8572	13
8573	13
8574	13
8575	13
8576	14
8577	14
8578	14
8579	14
8580	14
8581	14
8582	14
8583	14
8584	14
8585	14
8586	14
8587	14
8588	14
8589	14
8590	14
8591	14
8592	14
8593	14
8594	14
8595	14
8596	14
8597	14
8598	14
8599	14
8600	14
8601	14
8602	14
8603	14
8604	14
8605	14
8606	14
8607	14
8608	14
8609	14
8610	14
8611	14
8612	14
8613	14
8614	14
8615	14
8616	14
8617	14
8618	14
8619	14
8620	14
8621	14
8622	14
8623	14
8624	14
8625	14
8626	14
8627	14
8628	14
8629	14
8630	14
8631	14
8632	14
8633	14
8634	14
8635	14
8636	14
8637	14
8638	14
8639	14
8640	14
8641	14
8642	14
8643	14
8644	14
8645	14
8646	14
8647	14
8648	14
8649	14
8650	14
8651	14
8652	14
8653	14
8654	14
8655	14
8656	14
8657	14
8658	14
8659	14
8660	14
8661	14
8662	14
8663	14
8664	14
8665	14
8666	14
8667	14
8668	14
8669	14
8670	14
8671	14
8672	14
8673	14
8674	14
8675	14
8676	14
8677	14
8678	14
8679	14
8680	14
8681	14
8682	15
8683	15
8684	15
8685	15
8686	15
8687	15
8688	15
8689	15
8690	15
8691	15
8692	15
8693	15
8694	15
8695	15
8696	15
8697	15
8698	15
8699	15
8700	15
8701	15
8702	15
8703	15
8704	15
8705	15
8706	15
8707	15
8708	15
8709	15
8710	15
8711	15
8712	15
8713	15
8714	15
8715	15
8716	15
8717	15
8718	15
8719	15
8720	15
8721	15
8722	15
8723	15
8724	15
8725	15
8726	15
8727	15
8728	15
8729	15
8730	15
8731	15
8732	15
8733	15
8734	15
8735	15
8736	15
8737	15
8738	15
8739	15
8740	15
8741	15
8742	15
8743	15
8744	15
8745	15
8746	15
8747	15
8748	15
8749	15
8750	15
8751	15
8752	15
8753	15
8754	15
8755	15
8756	15
8757	15
8758	15
8759	15
8760	15
8761	15
8762	15
8763	15
8764	15
8765	15
8766	15
8767	15
8768	15
8769	15
8770	15
8771	15
8772	15
8773	15
8774	15
8775	15
8776	15
8777	15
8778	15
8779	15
8780	15
8781	15
8782	15
8783	15
8784	15
8785	15
8786	15
8787	15
8788	15
8789	15
8790	15
8791	15
8792	15
8793	15
8794	15
8795	15
8796	15
8797	15
8798	15
8799	15
8800	15
8801	15
8802	15
8803	15
8804	15
8805	15
8806	15
8807	15
8808	15
8809	15
8810	15
8811	15
8812	15
8813	15
8814	15
8815	15
8816	15
8817	15
8818	15
8819	15
8820	15
8821	15
8822	15
8823	15
8824	15
8825	15
8826	15
8827	15
8828	15
8829	15
8830	15
8831	15
8832	15
8833	15
8834	15
8835	15
8836	15
8837	16
8838	16
8839	16
8840	16
8841	16
8842	16
8843	16
8844	16
8845	16
8846	16
8847	16
8848	16
8849	16
8850	16
8851	16
8852	16
8853	16
8854	16
8855	16
8856	16
8857	16
8858	16
8859	16
8860	16
8861	16
8862	16
8863	16
8864	16
8865	16
8866	16
8867	16
8868	16
8869	16
8870	16
8871	16
8872	16
8873	16
8874	16
8875	16
8876	16
8877	16
8878	16
8879	16
8880	16
8881	16
8882	16
8883	16
8884	16
8885	16
8886	16
8887	16
8888	16
8889	16
8890	16
8891	16
8892	16
8893	16
8894	16
8895	16
8896	16
8897	16
8898	16
8899	16
8900	16
8901	16
8902	16
8903	16
8904	16
8905	16
8906	16
8907	16
8908	16
8909	16
8910	16
8911	16
8912	16
8913	17
8914	17
8915	17
8916	17
8917	17
8918	17
8919	17
8920	17
8921	17
8922	17
8923	17
8924	17
8925	17
8926	17
8927	17
8928	17
8929	17
8930	17
8931	17
8932	17
8933	17
8934	17
8935	17
8936	17
8937	17
8938	17
8939	17
8940	17
8941	17
8942	17
8943	17
8944	17
8945	17
8946	17
8947	17
8948	17
8949	17
8950	18
8951	18
8952	18
8953	18
8954	18
8955	18
8956	18
8957	18
8958	18
8959	18
8960	18
8961	18
8962	18
8963	18
8964	18
8965	18
8966	18
8967	18
8968	18
8969	18
8970	18
8971	18
8972	18
8973	18
8974	18
8975	18
8976	18
8977	18
8978	18
8979	18
8980	18
8981	18
8982	18
8983	18
8984	18
8985	18
8986	18
8987	18
8988	18
8989	18
8990	18
8991	18
8992	18
8993	18
8994	18
8995	18
8996	18
8997	18
8998	18
8999	18
9000	18
9001	18
9002	18
9003	18
9004	18
9005	18
9006	18
9007	18
9008	18
9009	18
9010	18
9011	18
9012	18
9013	18
9014	18
9015	18
9016	18
9017	18
9018	18
9019	18
9020	18
9021	18
9022	18
9023	18
9024	18
9025	18
9026	18
9027	18
9028	18
9029	18
9030	18
9031	18
9032	18
9033	18
9034	18
9035	18
9036	18
9037	18
9038	18
9039	18
9040	18
9041	18
9042	18
9043	18
9044	18
9045	18
9046	18
9047	18
9048	18
9049	18
9050	18
9051	18
9052	18
9053	18
9054	18
9055	18
9056	18
9057	18
9058	18
9059	18
9060	18
9061	18
9062	18
9063	18
9064	18
9065	18
9066	18
9067	18
9068	18
9069	18
9070	18
9071	18
9072	18
9073	18
9074	18
9075	18
9076	18
9077	18
9078	18
9079	18
9080	18
9081	18
9082	18
9083	18
9084	18
9085	18
9086	18
9087	18
9088	18
9089	18
9090	18
9091	18
9092	18
9093	18
9094	18
9095	18
9096	18
9097	18
9098	18
9099	18
9100	18
9101	18
9102	18
9103	18
9104	18
9105	18
9106	18
9107	18
9108	18
9109	18
9110	18
9111	18
9112	18
9113	18
9114	18
9115	18
9116	18
9117	18
9118	18
9119	18
9120	18
9121	18
9122	18
9123	18
9124	18
9125	18
9126	18
9127	18
9128	18
9129	18
9130	18
9131	19
9132	19
9133	19
9134	19
9135	19
9136	19
9137	19
9138	19
9139	19
9140	19
9141	19
9142	19
9143	19
9144	19
9145	19
9146	19
9147	19
9148	19
9149	19
9150	19
9151	19
9152	19
9153	19
9154	19
9155	19
9156	19
9157	19
9158	19
9159	19
9160	19
9161	19
9162	19
9163	19
9164	19
9165	19
9166	19
9167	19
9168	19
9169	19
9170	19
9171	19
9172	19
9173	19
9174	19
9175	19
9176	19
9177	19
9178	19
9179	19
9180	19
9181	19
9182	19
9183	19
9184	19
9185	19
9186	19
9187	19
9188	19
9189	19
9190	19
9191	19
9192	19
9193	19
9194	19
9195	19
9196	19
9197	19
9198	19
9199	19
9200	19
9201	19
9202	19
9203	19
9204	19
9205	19
9206	19
9207	19
9208	19
9209	19
9210	19
9211	19
9212	19
9213	19
9214	19
9215	19
9216	20
9217	20
9218	20
9219	20
9220	20
9221	20
9222	20
9223	20
9224	20
9225	20
9226	20
9227	20
9228	20
9229	20
9230	20
9231	20
9232	20
9233	20
9234	20
9235	20
9236	20
9237	20
9238	20
9239	20
9240	20
9241	20
9242	20
9243	20
9244	20
9245	20
9246	20
9247	20
9248	20
9249	20
9250	20
9251	20
9252	20
9253	20
9254	20
9255	20
9256	20
9257	20
9258	20
9259	20
9260	20
9261	20
9262	20
9263	20
9264	20
9265	20
9266	20
9267	20
9268	20
9269	20
9270	20
9271	20
9272	20
9273	20
9274	20
9275	20
9276	20
9277	20
9278	20
9279	20
9280	20
9281	20
9282	20
9283	20
9284	20
9285	20
9286	20
9287	20
9288	20
9289	20
9290	20
9291	20
9292	20
9293	20
9294	20
9295	20
9296	20
9297	20
9298	20
9299	20
9300	20
9301	20
9302	20
9303	20
9304	20
9305	20
9306	20
9307	20
9308	20
9309	20
9310	20
9311	20
9312	20
9313	20
9314	20
9315	20
9316	20
9317	20
9318	20
9319	20
9320	20
9321	20
9322	20
9323	20
9324	20
9325	20
9326	20
9327	20
9328	20
9329	20
9330	20
9331	20
9332	20
9333	20
9334	20
9335	20
9336	20
9337	20
9338	20
9339	20
9340	20
9341	20
9342	20
9343	20
9344	20
9345	20
9346	20
9347	20
9348	20
9349	20
9350	20
9351	20
9352	20
9353	20
9354	20
9355	20
9356	20
9357	20
9358	20
9359	20
9360	20
9361	20
9362	20
9363	20
9364	20
9365	20
9366	20
9367	20
9368	20
9369	20
9370	20
9371	20
9372	20
9373	20
9374	20
9375	20
9376	20
9377	20
9378	20
9379	20
9380	20
9381	20
9382	20
9383	20
9384	20
9385	20
9386	20
9387	20
9388	20
9389	20
9390	20
9391	20
9392	20
9393	20
9394	20
9395	20
9396	20
9397	20
9398	20
9399	20
9400	20
9401	20
9402	20
9403	20
9404	20
9405	20
9406	20
9407	20
9408	20
9409	20
9410	20
9411	20
9412	20
9413	20
9414	20
9415	20
9416	20
9417	20
9418	20
9419	20
9420	20
9421	20
9422	20
9423	20
9424	20
9425	20
9426	20
9427	20
9428	20
9429	20
9430	20
9431	20
9432	20
9433	20
9434	20
9435	20
9436	20
9437	20
9438	20
9439	20
9440	20
9441	20
9442	20
9443	20
9444	20
9445	20
9446	20
9447	20
9448	20
9449	20
9450	20
9451	20
9452	20
9453	20
9454	20
9455	20
9456	20
9457	20
9458	20
9459	20
9460	20
9461	20
9462	20
9463	20
9464	20
9465	20
9466	20
9467	20
9468	20
9469	20
9470	20
9471	20
9472	20
9473	20
9474	20
9475	20
9476	20
9477	20
9478	20
9479	20
9480	20
9481	20
9482	20
9483	20
9484	20
9485	20
9486	20
9487	20
9488	20
9489	20
9490	20
9491	20
9492	20
9493	20
9494	20
9495	20
9496	20
9497	20
9498	20
9499	20
9500	20
9501	20
9502	20
9503	20
9504	20
9505	20
9506	20
9507	20
9508	20
9509	20
9510	20
9511	20
9512	20
9513	20
9514	20
9515	20
9516	20
9517	20
9518	20
9519	20
9520	20
9521	20
9522	20
9523	20
9524	20
9525	20
9526	20
9527	20
9528	20
9529	20
9530	20
9531	20
9532	20
9533	20
9534	20
9535	20
9536	20
9537	20
9538	20
9539	20
9540	20
9541	20
9542	20
9543	20
9544	20
9545	20
9546	20
9547	20
9548	20
9549	20
9550	20
9551	20
9552	20
9553	20
9554	20
9555	20
9556	20
9557	20
9558	20
9559	20
9560	20
9561	20
9562	20
9563	20
9564	20
9565	20
9566	20
9567	20
9568	20
9569	20
9570	20
9571	20
9572	20
9573	20
9574	20
9575	20
9576	20
9577	20
9578	20
9579	20
9580	20
9581	20
9582	20
9583	21
9584	21
9585	21
9586	21
9587	21
9588	21
9589	21
9590	21
9591	21
9592	21
9593	21
9594	21
9595	21
9596	21
9597	21
9598	21
9599	21
9600	21
9601	21
9602	21
9603	21
9604	21
9605	21
9606	21
9607	21
9608	21
9609	21
9610	21
9611	21
9612	21
9613	21
9614	21
9615	21
9616	21
9617	21
9618	21
9619	21
9620	21
9621	21
9622	21
9623	21
9624	21
9625	21
9626	21
9627	21
9628	21
9629	21
9630	21
9631	21
9632	21
9633	21
9634	21
9635	21
9636	21
9637	21
9638	21
9639	21
9640	21
9641	21
9642	21
9643	21
9644	21
9645	21
9646	21
9647	21
9648	21
9649	21
9650	21
9651	21
9652	21
9653	21
9654	21
9655	21
9656	21
9657	21
9658	21
9659	21
9660	21
9661	21
9662	21
9663	21
9664	21
9665	21
9666	21
9667	21
9668	21
9669	21
9670	21
9671	21
9672	21
9673	21
9674	21
9675	21
9676	21
9677	21
9678	21
9679	21
9680	21
9681	21
9682	21
9683	21
9684	21
9685	21
9686	21
9687	21
9688	21
9689	21
9690	22
9691	22
9692	22
9693	22
9694	22
9695	22
9696	22
9697	22
9698	22
9699	22
9700	22
9701	22
9702	22
9703	22
9704	22
9705	22
9706	22
9707	22
9708	22
9709	22
9710	22
9711	22
9712	22
9713	22
9714	22
9715	22
9716	22
9717	22
9718	22
9719	22
9720	22
9721	22
9722	22
9723	22
9724	22
9725	22
9726	22
9727	22
9728	22
9729	22
9730	22
9731	22
9732	22
9733	22
9734	22
9735	22
9736	22
9737	22
9738	22
9739	22
9740	22
9741	22
9742	22
9743	22
9744	22
9745	22
9746	22
9747	22
9748	22
9749	22
9750	22
9751	22
9752	22
9753	22
9754	22
9755	22
9756	22
9757	22
9758	22
9759	22
9760	23
9761	23
9762	23
9763	23
9764	23
9765	23
9766	23
9767	23
9768	23
9769	23
9770	23
9771	23
9772	23
9773	23
9774	23
9775	23
9776	23
9777	23
9778	23
9779	23
9780	23
9781	23
9782	23
9783	23
9784	23
9785	23
9786	23
9787	23
9788	23
9789	23
9790	23
9791	23
9792	23
9793	23
9794	23
9795	23
9796	23
9797	23
9798	23
9799	23
9800	23
9801	23
9802	23
9803	23
9804	23
9805	23
9806	23
9807	23
9808	23
9809	23
9810	23
9811	23
9812	23
9813	23
9814	23
9815	23
9816	23
9817	23
9818	23
9819	23
9820	23
9821	23
9822	23
9823	23
9824	23
9825	23
9826	23
9827	23
9828	23
9829	23
9830	23
9831	23
9832	23
9833	23
9834	23
9835	23
9836	23
9837	23
9838	23
9839	24
9840	24
9841	24
9842	24
9843	24
9844	24
9845	24
9846	24
9847	24
9848	24
9849	24
9850	24
9851	24
9852	24
9853	24
9854	24
9855	24
9856	24
9857	24
9858	24
9859	24
9860	24
9861	24
9862	24
9863	24
9864	24
9865	24
9866	24
9867	24
9868	24
9869	24
9870	24
9871	24
9872	24
9873	24
9874	24
9875	24
9876	24
9877	24
9878	24
9879	24
9880	24
9881	24
9882	24
9883	24
9884	24
9885	24
9886	24
9887	24
9888	24
9889	24
9890	24
9891	24
9892	24
9893	24
9894	24
9895	24
9896	24
9897	24
9898	24
9899	24
9900	24
9901	24
9902	24
9903	24
9904	24
9905	24
9906	24
9907	24
9908	24
9909	24
9910	24
9911	24
9912	24
9913	24
9914	24
9915	24
9916	24
9917	24
9918	24
9919	24
9920	24
9921	24
9922	24
9923	24
9924	24
9925	24
9926	24
9927	24
9928	24
9929	24
9930	24
9931	24
9932	24
9933	24
9934	24
9935	24
9936	24
9937	24
9938	24
9939	24
9940	24
9941	24
9942	24
9943	24
9944	24
9945	24
9946	24
9947	24
9948	24
9949	24
9950	24
9951	24
9952	24
9953	24
9954	24
9955	24
9956	24
9957	24
9958	24
9959	24
9960	24
9961	24
9962	24
9963	24
9964	24
9965	24
9966	24
9967	24
9968	24
9969	24
9970	24
9971	24
9972	24
9973	24
9974	24
9975	24
9976	24
9977	24
9978	24
9979	24
9980	24
9981	24
9982	24
9983	24
9984	24
9985	24
9986	24
9987	24
9988	24
9989	24
9990	24
9991	24
9992	24
9993	24
9994	24
9995	24
9996	24
9997	25
9998	25
9999	25
10000	25
